 0.00000e+00  5.18225e-01 -5.01851e-16 -8.72553e-02 -9.68404e-16 -1.76767e-02  1.07965e-02  2.33234e-01
 5.00000e-01  5.17882e-01  4.96351e-04 -8.70218e-02  9.58425e-04 -1.76686e-02  1.08028e-02  2.33232e-01
 1.00000e+00  5.16852e-01  9.85136e-04 -8.63229e-02  1.90603e-03 -1.76434e-02  1.08215e-02  2.33223e-01
 1.50000e+00  5.15135e-01  1.45889e-03 -8.51643e-02  2.83206e-03 -1.75979e-02  1.08523e-02  2.33207e-01
 2.00000e+00  5.12732e-01  1.91038e-03 -8.35547e-02  3.72588e-03 -1.75268e-02  1.08946e-02  2.33182e-01
 2.50000e+00  5.09644e-01  2.33266e-03 -8.15067e-02  4.57704e-03 -1.74229e-02  1.09477e-02  2.33143e-01
 3.00000e+00  5.05872e-01  2.71923e-03 -7.90362e-02  5.37534e-03 -1.72773e-02  1.10104e-02  2.33089e-01
 3.50000e+00  5.01417e-01  3.06412e-03 -7.61625e-02  6.11092e-03 -1.70792e-02  1.10816e-02  2.33015e-01
 4.00000e+00  4.96285e-01  3.36200e-03 -7.29083e-02  6.77433e-03 -1.68168e-02  1.11598e-02  2.32918e-01
 4.50000e+00  4.90478e-01  3.60826e-03 -6.92992e-02  7.35663e-03 -1.64770e-02  1.12434e-02  2.32793e-01
 5.00000e+00  4.84004e-01  3.79918e-03 -6.53641e-02  7.84948e-03 -1.60467e-02  1.13307e-02  2.32637e-01
 5.50000e+00  4.76871e-01  3.93195e-03 -6.11347e-02  8.24530e-03 -1.55125e-02  1.14198e-02  2.32448e-01
 6.00000e+00  4.69092e-01  4.00480e-03 -5.66457e-02  8.53735e-03 -1.48622e-02  1.15088e-02  2.32224e-01
 6.50000e+00  4.60681e-01  4.01712e-03 -5.19342e-02  8.71996e-03 -1.40850e-02  1.15958e-02  2.31965e-01
 7.00000e+00  4.51656e-01  3.96945e-03 -4.70401e-02  8.78865e-03 -1.31725e-02  1.16790e-02  2.31670e-01
 7.50000e+00  4.42041e-01  3.86360e-03 -4.20053e-02  8.74038e-03 -1.21194e-02  1.17567e-02  2.31343e-01
 8.00000e+00  4.31862e-01  3.70267e-03 -3.68736e-02  8.57374e-03 -1.09240e-02  1.18272e-02  2.30986e-01
 8.50000e+00  4.21152e-01  3.49103e-03 -3.16905e-02  8.28924e-03 -9.58926e-03  1.18893e-02  2.30603e-01
 9.00000e+00  4.09948e-01  3.23430e-03 -2.65024e-02  7.88954e-03 -8.12255e-03  1.19421e-02  2.30199e-01
 9.50000e+00  3.98292e-01  2.93928e-03 -2.13564e-02  7.37971e-03 -6.53618e-03  1.19850e-02  2.29781e-01
 1.00000e+01  3.86232e-01  2.61384e-03 -1.62992e-02  6.76755e-03 -4.84714e-03  1.20176e-02  2.29354e-01
 1.05000e+01  3.73820e-01  2.26678e-03 -1.13765e-02  6.06381e-03 -3.07674e-03  1.20401e-02  2.28925e-01
 1.10000e+01  3.61115e-01  1.90757e-03 -6.63207e-03  5.28245e-03 -1.24991e-03  1.20531e-02  2.28500e-01
 1.15000e+01  3.48177e-01  1.54619e-03 -2.10702e-03  4.44081e-03  6.05650e-04  1.20574e-02  2.28084e-01
 1.20000e+01  3.35072e-01  1.19277e-03  2.16138e-03  3.55976e-03  2.46055e-03  1.20544e-02  2.27681e-01
 1.25000e+01  3.21867e-01  8.57365e-04  6.14047e-03  2.66373e-03  4.28490e-03  1.20454e-02  2.27296e-01
 1.30000e+01  3.08632e-01  5.49554e-04  9.80299e-03  1.78061e-03  6.04953e-03  1.20321e-02  2.26930e-01
 1.35000e+01  2.95438e-01  2.78169e-04  1.31278e-02  9.41548e-04  7.72711e-03  1.20163e-02  2.26582e-01
 1.40000e+01  2.82355e-01  5.09616e-05  1.61002e-02  1.80488e-04  9.29327e-03  1.19997e-02  2.26251e-01
 1.45000e+01  2.69451e-01 -1.25689e-04  1.87126e-02 -4.66465e-04  1.07274e-02  1.19838e-02  2.25932e-01
 1.50000e+01  2.56791e-01 -2.47021e-04  2.09638e-02 -9.61953e-04  1.20135e-02  1.19701e-02  2.25619e-01
 1.55000e+01  2.44439e-01 -3.10085e-04  2.28597e-02 -1.26856e-03  1.31403e-02  1.19599e-02  2.25305e-01
 1.60000e+01  2.32449e-01 -3.13872e-04  2.44123e-02 -1.35028e-03  1.41018e-02  1.19540e-02  2.24981e-01
 1.65000e+01  2.20874e-01 -2.59365e-04  2.56393e-02 -1.17426e-03  1.48968e-02  1.19528e-02  2.24637e-01
 1.70000e+01  2.09757e-01 -1.49511e-04  2.65633e-02 -7.12781e-04  1.55291e-02  1.19566e-02  2.24264e-01
 1.75000e+01  1.99135e-01  1.08886e-05  2.72112e-02  5.46796e-05  1.60067e-02  1.19653e-02  2.23855e-01
 1.80000e+01  1.89035e-01  2.15368e-04  2.76127e-02  1.13930e-03  1.63411e-02  1.19782e-02  2.23405e-01
 1.85000e+01  1.79480e-01  4.56055e-04  2.77996e-02  2.54098e-03  1.65468e-02  1.19948e-02  2.22913e-01
 1.90000e+01  1.70481e-01  7.23989e-04  2.78044e-02  4.24673e-03  1.66400e-02  1.20142e-02  2.22383e-01
 1.95000e+01  1.62045e-01  1.00949e-03  2.76593e-02  6.22967e-03  1.66379e-02  1.20354e-02  2.21823e-01
 2.00000e+01  1.54170e-01  1.30254e-03  2.73954e-02  8.44872e-03  1.65579e-02  1.20574e-02  2.21244e-01
 2.05000e+01  1.46847e-01  1.59319e-03  2.70413e-02  1.08493e-02  1.64169e-02  1.20796e-02  2.20662e-01
 2.10000e+01  1.40065e-01  1.87198e-03  2.66232e-02  1.33651e-02  1.62306e-02  1.21011e-02  2.20095e-01
 2.15000e+01  1.33805e-01  2.13027e-03  2.61639e-02  1.59207e-02  1.60129e-02  1.21215e-02  2.19562e-01
 2.20000e+01  1.28047e-01  2.36055e-03  2.56829e-02  1.84350e-02  1.57761e-02  1.21405e-02  2.19081e-01
 2.25000e+01  1.22767e-01  2.55676e-03  2.51961e-02  2.08261e-02  1.55304e-02  1.21581e-02  2.18668e-01
 2.30000e+01  1.17940e-01  2.71442e-03  2.47163e-02  2.30153e-02  1.52840e-02  1.21742e-02  2.18338e-01
 2.35000e+01  1.13539e-01  2.83077e-03  2.42529e-02  2.49322e-02  1.50432e-02  1.21890e-02  2.18099e-01
 2.40000e+01  1.09538e-01  2.90476e-03  2.38129e-02  2.65183e-02  1.48126e-02  1.22030e-02  2.17955e-01
 2.45000e+01  1.05910e-01  2.93701e-03  2.34009e-02  2.77313e-02  1.45954e-02  1.22162e-02  2.17907e-01
 2.50000e+01  1.02628e-01  2.92965e-03  2.30191e-02  2.85463e-02  1.43933e-02  1.22290e-02  2.17950e-01
 2.55000e+01  9.96682e-02  2.88614e-03  2.26687e-02  2.89575e-02  1.42073e-02  1.22415e-02  2.18073e-01
 2.60000e+01  9.70049e-02  2.81095e-03  2.23490e-02  2.89774e-02  1.40371e-02  1.22538e-02  2.18263e-01
 2.65000e+01  9.46147e-02  2.70932e-03  2.20585e-02  2.86353e-02  1.38821e-02  1.22660e-02  2.18503e-01
 2.70000e+01  9.24754e-02  2.58692e-03  2.17949e-02  2.79742e-02  1.37409e-02  1.22779e-02  2.18772e-01
 2.75000e+01  9.05658e-02  2.44961e-03  2.15555e-02  2.70478e-02  1.36119e-02  1.22893e-02  2.19050e-01
 2.80000e+01  8.88659e-02  2.30310e-03  2.13370e-02  2.59166e-02  1.34932e-02  1.22999e-02  2.19313e-01
 2.85000e+01  8.73567e-02  2.15280e-03  2.11364e-02  2.46438e-02  1.33830e-02  1.23094e-02  2.19542e-01
 2.90000e+01  8.60203e-02  2.00364e-03  2.09505e-02  2.32927e-02  1.32793e-02  1.23172e-02  2.19715e-01
 2.95000e+01  8.48396e-02  1.85992e-03  2.07761e-02  2.19228e-02  1.31804e-02  1.23228e-02  2.19818e-01
 3.00000e+01  8.37987e-02  1.72531e-03  2.06109e-02  2.05887e-02  1.30848e-02  1.23256e-02  2.19837e-01
 3.05000e+01  8.28820e-02  1.60277e-03  2.04525e-02  1.93380e-02  1.29913e-02  1.23247e-02  2.19766e-01
 3.10000e+01  8.20749e-02  1.49464e-03  2.02994e-02  1.82106e-02  1.28991e-02  1.23196e-02  2.19602e-01
 3.15000e+01  8.13638e-02  1.40258e-03  2.01506e-02  1.72384e-02  1.28078e-02  1.23093e-02  2.19350e-01
 3.20000e+01  8.07357e-02  1.32768e-03  2.00058e-02  1.64447e-02  1.27174e-02  1.22932e-02  2.19019e-01
 3.25000e+01  8.01789e-02  1.27039e-03  1.98650e-02  1.58444e-02  1.26284e-02  1.22706e-02  2.18625e-01
 3.30000e+01  7.96827e-02  1.23060e-03  1.97290e-02  1.54437e-02  1.25415e-02  1.22412e-02  2.18185e-01
 3.35000e+01  7.92381e-02  1.20756e-03  1.95988e-02  1.52397e-02  1.24576e-02  1.22048e-02  2.17719e-01
 3.40000e+01  7.88373e-02  1.19994e-03  1.94754e-02  1.52204e-02  1.23777e-02  1.21617e-02  2.17247e-01
 3.45000e+01  7.84745e-02  1.20573e-03  1.93601e-02  1.53646e-02  1.23027e-02  1.21125e-02  2.16786e-01
 3.50000e+01  7.81458e-02  1.22233e-03  1.92536e-02  1.56416e-02  1.22334e-02  1.20583e-02  2.16351e-01
 3.55000e+01  7.78488e-02  1.24657e-03  1.91566e-02  1.60127e-02  1.21701e-02  1.20005e-02  2.15949e-01
 3.60000e+01  7.75827e-02  1.27483e-03  1.90691e-02  1.64318e-02  1.21131e-02  1.19409e-02  2.15583e-01
 3.65000e+01  7.73481e-02  1.30320e-03  1.89911e-02  1.68485e-02  1.20622e-02  1.18817e-02  2.15250e-01
 3.70000e+01  7.71466e-02  1.32772e-03  1.89222e-02  1.72103e-02  1.20171e-02  1.18251e-02  2.14948e-01
 3.75000e+01  7.69801e-02  1.34457e-03  1.88621e-02  1.74665e-02  1.19776e-02  1.17732e-02  2.14670e-01
 3.80000e+01  7.68508e-02  1.35039e-03  1.88107e-02  1.75715e-02  1.19435e-02  1.17282e-02  2.14413e-01
 3.85000e+01  7.67605e-02  1.34246e-03  1.87681e-02  1.74890e-02  1.19149e-02  1.16918e-02  2.14175e-01
 3.90000e+01  7.67103e-02  1.31894e-03  1.87343e-02  1.71937e-02  1.18916e-02  1.16653e-02  2.13954e-01
 3.95000e+01  7.67007e-02  1.27894e-03  1.87093e-02  1.66744e-02  1.18738e-02  1.16495e-02  2.13751e-01
 4.00000e+01  7.67311e-02  1.22263e-03  1.86928e-02  1.59340e-02  1.18612e-02  1.16449e-02  2.13563e-01
 4.05000e+01  7.68000e-02  1.15122e-03  1.86841e-02  1.49899e-02  1.18533e-02  1.16512e-02  2.13389e-01
 4.10000e+01  7.69046e-02  1.06687e-03  1.86826e-02  1.38726e-02  1.18497e-02  1.16677e-02  2.13224e-01
 4.15000e+01  7.70413e-02  9.72519e-04  1.86873e-02  1.26233e-02  1.18500e-02  1.16934e-02  2.13069e-01
 4.20000e+01  7.72055e-02  8.71699e-04  1.86980e-02  1.12906e-02  1.18538e-02  1.17267e-02  2.12927e-01
 4.25000e+01  7.73922e-02  7.68235e-04  1.87148e-02  9.92653e-03  1.18616e-02  1.17661e-02  2.12807e-01
 4.30000e+01  7.75957e-02  6.65938e-04  1.87381e-02  8.58215e-03  1.18736e-02  1.18098e-02  2.12720e-01
 4.35000e+01  7.78107e-02  5.68294e-04  1.87679e-02  7.30355e-03  1.18901e-02  1.18562e-02  2.12674e-01
 4.40000e+01  7.80321e-02  4.78182e-04  1.88037e-02  6.12802e-03  1.19107e-02  1.19037e-02  2.12671e-01
 4.45000e+01  7.82554e-02  3.97651e-04  1.88437e-02  5.08145e-03  1.19343e-02  1.19511e-02  2.12702e-01
 4.50000e+01  7.84767e-02  3.27789e-04  1.88852e-02  4.17690e-03  1.19591e-02  1.19973e-02  2.12749e-01
 4.55000e+01  7.86924e-02  2.68706e-04  1.89249e-02  3.41464e-03  1.19827e-02  1.20416e-02  2.12790e-01
 4.60000e+01  7.88991e-02  2.19637e-04  1.89598e-02  2.78377e-03  1.20031e-02  1.20832e-02  2.12803e-01
 4.65000e+01  7.90936e-02  1.79159e-04  1.89881e-02  2.26515e-03  1.20189e-02  1.21216e-02  2.12776e-01
 4.70000e+01  7.92721e-02  1.45471e-04  1.90093e-02  1.83509e-03  1.20299e-02  1.21563e-02  2.12713e-01
 4.75000e+01  7.94308e-02  1.16698e-04  1.90245e-02  1.46918e-03  1.20372e-02  1.21867e-02  2.12628e-01
 4.80000e+01  7.95663e-02  9.11411e-05  1.90357e-02  1.14547e-03  1.20421e-02  1.22123e-02  2.12540e-01
 4.85000e+01  7.96750e-02  6.74488e-05  1.90444e-02  8.46549e-04  1.20457e-02  1.22326e-02  2.12467e-01
 4.90000e+01  7.97546e-02  4.46819e-05  1.90512e-02  5.60242e-04  1.20488e-02  1.22474e-02  2.12418e-01
 4.95000e+01  7.98030e-02  2.22866e-05  1.90558e-02  2.79271e-04  1.20509e-02  1.22564e-02  2.12392e-01
 5.00000e+01  7.98193e-02 -3.95561e-16  1.90574e-02 -4.95570e-15  1.20517e-02  1.22594e-02  2.12384e-01
 5.05000e+01  7.98030e-02 -2.22866e-05  1.90558e-02 -2.79271e-04  1.20509e-02  1.22564e-02  2.12392e-01
 5.10000e+01  7.97546e-02 -4.46819e-05  1.90512e-02 -5.60242e-04  1.20488e-02  1.22474e-02  2.12418e-01
 5.15000e+01  7.96750e-02 -6.74488e-05  1.90444e-02 -8.46549e-04  1.20457e-02  1.22326e-02  2.12467e-01
 5.20000e+01  7.95663e-02 -9.11411e-05  1.90357e-02 -1.14547e-03  1.20421e-02  1.22123e-02  2.12540e-01
 5.25000e+01  7.94308e-02 -1.16698e-04  1.90245e-02 -1.46918e-03  1.20372e-02  1.21867e-02  2.12628e-01
 5.30000e+01  7.92721e-02 -1.45471e-04  1.90093e-02 -1.83509e-03  1.20299e-02  1.21563e-02  2.12713e-01
 5.35000e+01  7.90936e-02 -1.79159e-04  1.89881e-02 -2.26515e-03  1.20189e-02  1.21216e-02  2.12776e-01
 5.40000e+01  7.88991e-02 -2.19637e-04  1.89598e-02 -2.78377e-03  1.20031e-02  1.20832e-02  2.12803e-01
 5.45000e+01  7.86924e-02 -2.68706e-04  1.89249e-02 -3.41464e-03  1.19827e-02  1.20416e-02  2.12790e-01
 5.50000e+01  7.84767e-02 -3.27789e-04  1.88852e-02 -4.17690e-03  1.19591e-02  1.19973e-02  2.12749e-01
 5.55000e+01  7.82554e-02 -3.97651e-04  1.88437e-02 -5.08145e-03  1.19343e-02  1.19511e-02  2.12702e-01
 5.60000e+01  7.80321e-02 -4.78182e-04  1.88037e-02 -6.12802e-03  1.19107e-02  1.19037e-02  2.12671e-01
 5.65000e+01  7.78107e-02 -5.68294e-04  1.87679e-02 -7.30355e-03  1.18901e-02  1.18562e-02  2.12674e-01
 5.70000e+01  7.75957e-02 -6.65938e-04  1.87381e-02 -8.58215e-03  1.18736e-02  1.18098e-02  2.12720e-01
 5.75000e+01  7.73922e-02 -7.68235e-04  1.87148e-02 -9.92653e-03  1.18616e-02  1.17661e-02  2.12807e-01
 5.80000e+01  7.72055e-02 -8.71699e-04  1.86980e-02 -1.12906e-02  1.18538e-02  1.17267e-02  2.12927e-01
 5.85000e+01  7.70413e-02 -9.72519e-04  1.86873e-02 -1.26233e-02  1.18500e-02  1.16934e-02  2.13069e-01
 5.90000e+01  7.69046e-02 -1.06687e-03  1.86826e-02 -1.38726e-02  1.18497e-02  1.16677e-02  2.13224e-01
 5.95000e+01  7.68000e-02 -1.15122e-03  1.86841e-02 -1.49899e-02  1.18533e-02  1.16512e-02  2.13389e-01
 6.00000e+01  7.67311e-02 -1.22263e-03  1.86928e-02 -1.59340e-02  1.18612e-02  1.16449e-02  2.13563e-01
 6.05000e+01  7.67007e-02 -1.27894e-03  1.87093e-02 -1.66744e-02  1.18738e-02  1.16495e-02  2.13751e-01
 6.10000e+01  7.67103e-02 -1.31894e-03  1.87343e-02 -1.71937e-02  1.18916e-02  1.16653e-02  2.13954e-01
 6.15000e+01  7.67605e-02 -1.34246e-03  1.87681e-02 -1.74890e-02  1.19149e-02  1.16918e-02  2.14175e-01
 6.20000e+01  7.68508e-02 -1.35039e-03  1.88107e-02 -1.75715e-02  1.19435e-02  1.17282e-02  2.14413e-01
 6.25000e+01  7.69801e-02 -1.34457e-03  1.88621e-02 -1.74665e-02  1.19776e-02  1.17732e-02  2.14670e-01
 6.30000e+01  7.71466e-02 -1.32772e-03  1.89222e-02 -1.72103e-02  1.20171e-02  1.18251e-02  2.14948e-01
 6.35000e+01  7.73481e-02 -1.30320e-03  1.89911e-02 -1.68485e-02  1.20622e-02  1.18817e-02  2.15250e-01
 6.40000e+01  7.75827e-02 -1.27483e-03  1.90691e-02 -1.64318e-02  1.21131e-02  1.19409e-02  2.15583e-01
 6.45000e+01  7.78488e-02 -1.24657e-03  1.91566e-02 -1.60127e-02  1.21701e-02  1.20005e-02  2.15949e-01
 6.50000e+01  7.81458e-02 -1.22233e-03  1.92536e-02 -1.56416e-02  1.22334e-02  1.20583e-02  2.16351e-01
 6.55000e+01  7.84745e-02 -1.20573e-03  1.93601e-02 -1.53646e-02  1.23027e-02  1.21125e-02  2.16786e-01
 6.60000e+01  7.88373e-02 -1.19994e-03  1.94754e-02 -1.52204e-02  1.23777e-02  1.21617e-02  2.17247e-01
 6.65000e+01  7.92381e-02 -1.20756e-03  1.95988e-02 -1.52397e-02  1.24576e-02  1.22048e-02  2.17719e-01
 6.70000e+01  7.96827e-02 -1.23060e-03  1.97290e-02 -1.54437e-02  1.25415e-02  1.22412e-02  2.18185e-01
 6.75000e+01  8.01789e-02 -1.27039e-03  1.98650e-02 -1.58444e-02  1.26284e-02  1.22706e-02  2.18625e-01
 6.80000e+01  8.07357e-02 -1.32768e-03  2.00058e-02 -1.64447e-02  1.27174e-02  1.22932e-02  2.19019e-01
 6.85000e+01  8.13638e-02 -1.40258e-03  2.01506e-02 -1.72384e-02  1.28078e-02  1.23093e-02  2.19350e-01
 6.90000e+01  8.20749e-02 -1.49464e-03  2.02994e-02 -1.82106e-02  1.28991e-02  1.23196e-02  2.19602e-01
 6.95000e+01  8.28820e-02 -1.60277e-03  2.04525e-02 -1.93380e-02  1.29913e-02  1.23247e-02  2.19766e-01
 7.00000e+01  8.37987e-02 -1.72531e-03  2.06109e-02 -2.05887e-02  1.30848e-02  1.23256e-02  2.19837e-01
 7.05000e+01  8.48396e-02 -1.85992e-03  2.07761e-02 -2.19228e-02  1.31804e-02  1.23228e-02  2.19818e-01
 7.10000e+01  8.60203e-02 -2.00364e-03  2.09505e-02 -2.32927e-02  1.32793e-02  1.23172e-02  2.19715e-01
 7.15000e+01  8.73567e-02 -2.15280e-03  2.11364e-02 -2.46438e-02  1.33830e-02  1.23094e-02  2.19542e-01
 7.20000e+01  8.88659e-02 -2.30310e-03  2.13370e-02 -2.59166e-02  1.34932e-02  1.22999e-02  2.19313e-01
 7.25000e+01  9.05658e-02 -2.44961e-03  2.15555e-02 -2.70478e-02  1.36119e-02  1.22893e-02  2.19050e-01
 7.30000e+01  9.24754e-02 -2.58692e-03  2.17949e-02 -2.79742e-02  1.37409e-02  1.22779e-02  2.18772e-01
 7.35000e+01  9.46147e-02 -2.70932e-03  2.20585e-02 -2.86353e-02  1.38821e-02  1.22660e-02  2.18503e-01
 7.40000e+01  9.70049e-02 -2.81095e-03  2.23490e-02 -2.89774e-02  1.40371e-02  1.22538e-02  2.18263e-01
 7.45000e+01  9.96682e-02 -2.88614e-03  2.26687e-02 -2.89575e-02  1.42073e-02  1.22415e-02  2.18073e-01
 7.50000e+01  1.02628e-01 -2.92965e-03  2.30191e-02 -2.85463e-02  1.43933e-02  1.22290e-02  2.17950e-01
 7.55000e+01  1.05910e-01 -2.93701e-03  2.34009e-02 -2.77313e-02  1.45954e-02  1.22162e-02  2.17907e-01
 7.60000e+01  1.09538e-01 -2.90476e-03  2.38129e-02 -2.65183e-02  1.48126e-02  1.22030e-02  2.17955e-01
 7.65000e+01  1.13539e-01 -2.83077e-03  2.42529e-02 -2.49322e-02  1.50432e-02  1.21890e-02  2.18099e-01
 7.70000e+01  1.17940e-01 -2.71442e-03  2.47163e-02 -2.30153e-02  1.52840e-02  1.21742e-02  2.18338e-01
 7.75000e+01  1.22767e-01 -2.55676e-03  2.51961e-02 -2.08261e-02  1.55304e-02  1.21581e-02  2.18668e-01
 7.80000e+01  1.28047e-01 -2.36055e-03  2.56829e-02 -1.84350e-02  1.57761e-02  1.21405e-02  2.19081e-01
 7.85000e+01  1.33805e-01 -2.13027e-03  2.61639e-02 -1.59207e-02  1.60129e-02  1.21215e-02  2.19562e-01
 7.90000e+01  1.40065e-01 -1.87198e-03  2.66232e-02 -1.33651e-02  1.62306e-02  1.21011e-02  2.20095e-01
 7.95000e+01  1.46847e-01 -1.59319e-03  2.70413e-02 -1.08493e-02  1.64169e-02  1.20796e-02  2.20662e-01
 8.00000e+01  1.54170e-01 -1.30254e-03  2.73954e-02 -8.44872e-03  1.65579e-02  1.20574e-02  2.21244e-01
 8.05000e+01  1.62045e-01 -1.00949e-03  2.76593e-02 -6.22967e-03  1.66379e-02  1.20354e-02  2.21823e-01
 8.10000e+01  1.70481e-01 -7.23989e-04  2.78044e-02 -4.24673e-03  1.66400e-02  1.20142e-02  2.22383e-01
 8.15000e+01  1.79480e-01 -4.56055e-04  2.77996e-02 -2.54098e-03  1.65468e-02  1.19948e-02  2.22913e-01
 8.20000e+01  1.89035e-01 -2.15368e-04  2.76127e-02 -1.13930e-03  1.63411e-02  1.19782e-02  2.23405e-01
 8.25000e+01  1.99135e-01 -1.08886e-05  2.72112e-02 -5.46796e-05  1.60067e-02  1.19653e-02  2.23855e-01
 8.30000e+01  2.09757e-01  1.49511e-04  2.65633e-02  7.12781e-04  1.55291e-02  1.19566e-02  2.24264e-01
 8.35000e+01  2.20874e-01  2.59365e-04  2.56393e-02  1.17426e-03  1.48968e-02  1.19528e-02  2.24637e-01
 8.40000e+01  2.32449e-01  3.13872e-04  2.44123e-02  1.35028e-03  1.41018e-02  1.19540e-02  2.24981e-01
 8.45000e+01  2.44439e-01  3.10085e-04  2.28597e-02  1.26856e-03  1.31403e-02  1.19599e-02  2.25305e-01
 8.50000e+01  2.56791e-01  2.47021e-04  2.09638e-02  9.61953e-04  1.20135e-02  1.19701e-02  2.25619e-01
 8.55000e+01  2.69451e-01  1.25689e-04  1.87126e-02  4.66465e-04  1.07274e-02  1.19838e-02  2.25932e-01
 8.60000e+01  2.82355e-01 -5.09616e-05  1.61002e-02 -1.80488e-04  9.29327e-03  1.19997e-02  2.26251e-01
 8.65000e+01  2.95438e-01 -2.78169e-04  1.31278e-02 -9.41548e-04  7.72711e-03  1.20163e-02  2.26582e-01
 8.70000e+01  3.08632e-01 -5.49554e-04  9.80299e-03 -1.78061e-03  6.04953e-03  1.20321e-02  2.26930e-01
 8.75000e+01  3.21867e-01 -8.57365e-04  6.14047e-03 -2.66373e-03  4.28490e-03  1.20454e-02  2.27296e-01
 8.80000e+01  3.35072e-01 -1.19277e-03  2.16138e-03 -3.55976e-03  2.46055e-03  1.20544e-02  2.27681e-01
 8.85000e+01  3.48177e-01 -1.54619e-03 -2.10702e-03 -4.44081e-03  6.05650e-04  1.20574e-02  2.28084e-01
 8.90000e+01  3.61115e-01 -1.90757e-03 -6.63207e-03 -5.28245e-03 -1.24991e-03  1.20531e-02  2.28500e-01
 8.95000e+01  3.73820e-01 -2.26678e-03 -1.13765e-02 -6.06381e-03 -3.07674e-03  1.20401e-02  2.28925e-01
 9.00000e+01  3.86232e-01 -2.61384e-03 -1.62992e-02 -6.76755e-03 -4.84714e-03  1.20176e-02  2.29354e-01
 9.05000e+01  3.98292e-01 -2.93928e-03 -2.13564e-02 -7.37971e-03 -6.53618e-03  1.19850e-02  2.29781e-01
 9.10000e+01  4.09948e-01 -3.23430e-03 -2.65024e-02 -7.88954e-03 -8.12255e-03  1.19421e-02  2.30199e-01
 9.15000e+01  4.21152e-01 -3.49103e-03 -3.16905e-02 -8.28924e-03 -9.58926e-03  1.18893e-02  2.30603e-01
 9.20000e+01  4.31862e-01 -3.70267e-03 -3.68736e-02 -8.57374e-03 -1.09240e-02  1.18272e-02  2.30986e-01
 9.25000e+01  4.42041e-01 -3.86360e-03 -4.20053e-02 -8.74038e-03 -1.21194e-02  1.17567e-02  2.31343e-01
 9.30000e+01  4.51656e-01 -3.96945e-03 -4.70401e-02 -8.78865e-03 -1.31725e-02  1.16790e-02  2.31670e-01
 9.35000e+01  4.60681e-01 -4.01712e-03 -5.19342e-02 -8.71996e-03 -1.40850e-02  1.15958e-02  2.31965e-01
 9.40000e+01  4.69092e-01 -4.00480e-03 -5.66457e-02 -8.53735e-03 -1.48622e-02  1.15088e-02  2.32224e-01
 9.45000e+01  4.76871e-01 -3.93195e-03 -6.11347e-02 -8.24530e-03 -1.55125e-02  1.14198e-02  2.32448e-01
 9.50000e+01  4.84004e-01 -3.79918e-03 -6.53641e-02 -7.84948e-03 -1.60467e-02  1.13307e-02  2.32637e-01
 9.55000e+01  4.90478e-01 -3.60826e-03 -6.92992e-02 -7.35663e-03 -1.64770e-02  1.12434e-02  2.32793e-01
 9.60000e+01  4.96285e-01 -3.36200e-03 -7.29083e-02 -6.77433e-03 -1.68168e-02  1.11598e-02  2.32918e-01
 9.65000e+01  5.01417e-01 -3.06412e-03 -7.61625e-02 -6.11092e-03 -1.70792e-02  1.10816e-02  2.33015e-01
 9.70000e+01  5.05872e-01 -2.71923e-03 -7.90362e-02 -5.37534e-03 -1.72773e-02  1.10104e-02  2.33089e-01
 9.75000e+01  5.09644e-01 -2.33266e-03 -8.15067e-02 -4.57704e-03 -1.74229e-02  1.09477e-02  2.33143e-01
 9.80000e+01  5.12732e-01 -1.91038e-03 -8.35547e-02 -3.72588e-03 -1.75268e-02  1.08946e-02  2.33182e-01
 9.85000e+01  5.15135e-01 -1.45889e-03 -8.51643e-02 -2.83206e-03 -1.75979e-02  1.08523e-02  2.33207e-01
 9.90000e+01  5.16852e-01 -9.85136e-04 -8.63229e-02 -1.90603e-03 -1.76434e-02  1.08215e-02  2.33223e-01
 9.95000e+01  5.17882e-01 -4.96351e-04 -8.70218e-02 -9.58425e-04 -1.76686e-02  1.08028e-02  2.33232e-01
