 0.00000e+00  1.39341e-02  2.22668e-15  7.38161e-04  1.59801e-13  4.36171e-04  1.97865e-04  4.46062e-02
 5.00000e-01  1.40410e-02 -2.37419e-04  7.41384e-04 -1.69090e-02  4.37450e-04  1.98860e-04  4.45616e-02
 1.00000e+00  1.43655e-02 -4.72261e-04  7.51457e-04 -3.28747e-02  4.41489e-04  2.01910e-04  4.44502e-02
 1.50000e+00  1.49187e-02 -7.01738e-04  7.69504e-04 -4.70374e-02  4.48830e-04  2.07216e-04  4.43323e-02
 2.00000e+00  1.57173e-02 -9.22713e-04  7.97123e-04 -5.87068e-02  4.60186e-04  2.15094e-04  4.42890e-02
 2.50000e+00  1.67815e-02 -1.13172e-03  8.36035e-04 -6.74383e-02  4.76201e-04  2.25948e-04  4.44002e-02
 3.00000e+00  1.81325e-02 -1.32510e-03  8.87719e-04 -7.30788e-02  4.97194e-04  2.40227e-04  4.47266e-02
 3.50000e+00  1.97897e-02 -1.49927e-03  9.53145e-04 -7.57603e-02  5.22986e-04  2.58366e-04  4.53023e-02
 4.00000e+00  2.17693e-02 -1.65099e-03  1.03267e-03 -7.58402e-02  5.52830e-04  2.80724e-04  4.61375e-02
 4.50000e+00  2.40829e-02 -1.77756e-03  1.12608e-03 -7.38100e-02  5.85461e-04  3.07537e-04  4.72277e-02
 5.00000e+00  2.67370e-02 -1.87698e-03  1.23275e-03 -7.02016e-02  6.19211e-04  3.38885e-04  4.85623e-02
 5.50000e+00  2.97329e-02 -1.94794e-03  1.35171e-03 -6.55145e-02  6.52135e-04  3.74687e-04  5.01298e-02
 6.00000e+00  3.30677e-02 -1.98980e-03  1.48186e-03 -6.01735e-02  6.82128e-04  4.14712e-04  5.19203e-02
 6.50000e+00  3.67340e-02 -2.00247e-03  1.62191e-03 -5.45128e-02  7.07016e-04  4.58600e-04  5.39245e-02
 7.00000e+00  4.07214e-02 -1.98635e-03  1.77051e-03 -4.87789e-02  7.24628e-04  5.05897e-04  5.61333e-02
 7.50000e+00  4.50163e-02 -1.94214e-03  1.92622e-03 -4.31432e-02  7.32874e-04  5.56084e-04  5.85371e-02
 8.00000e+00  4.96025e-02 -1.87085e-03  2.08756e-03 -3.77169e-02  7.29815e-04  6.08613e-04  6.11255e-02
 8.50000e+00  5.44618e-02 -1.77364e-03  2.25305e-03 -3.25666e-02  7.13748e-04  6.62927e-04  6.38875e-02
 9.00000e+00  5.95744e-02 -1.65179e-03  2.42126e-03 -2.77265e-02  6.83284e-04  7.18490e-04  6.68114e-02
 9.50000e+00  6.49185e-02 -1.50668e-03  2.59088e-03 -2.32088e-02  6.37421e-04  7.74798e-04  6.98855e-02
 1.00000e+01  7.04716e-02 -1.33972e-03  2.76072e-03 -1.90108e-02  5.75606e-04  8.31396e-04  7.30977e-02
 1.05000e+01  7.62100e-02 -1.15235e-03  2.92980e-03 -1.51207e-02  4.97773e-04  8.87886e-04  7.64359e-02
 1.10000e+01  8.21094e-02 -9.45999e-04  3.09736e-03 -1.15212e-02  4.04365e-04  9.43929e-04  7.98878e-02
 1.15000e+01  8.81452e-02 -7.22112e-04  3.26282e-03 -8.19229e-03  2.96324e-04  9.99249e-04  8.34411e-02
 1.20000e+01  9.42927e-02 -4.82111e-04  3.42585e-03 -5.11292e-03  1.75073e-04  1.05363e-03  8.70832e-02
 1.25000e+01  1.00527e-01 -2.27407e-04  3.58630e-03 -2.26214e-03  4.24617e-05  1.10691e-03  9.08014e-02
 1.30000e+01  1.06825e-01  4.06086e-05  3.74418e-03  3.80142e-04 -9.92942e-05  1.15898e-03  9.45830e-02
 1.35000e+01  1.13162e-01  3.20558e-04  3.89965e-03  2.83274e-03 -2.47692e-04  1.20977e-03  9.84151e-02
 1.40000e+01  1.19516e-01  6.11084e-04  4.05294e-03  5.11299e-03 -4.00030e-04  1.25926e-03  1.02285e-01
 1.45000e+01  1.25866e-01  9.10842e-04  4.20435e-03  7.23662e-03 -5.53502e-04  1.30744e-03  1.06179e-01
 1.50000e+01  1.32191e-01  1.21851e-03  4.35418e-03  9.21778e-03 -7.05288e-04  1.35434e-03  1.10086e-01
 1.55000e+01  1.38472e-01  1.53276e-03  4.50270e-03  1.10691e-02 -8.52652e-04  1.39998e-03  1.13993e-01
 1.60000e+01  1.44693e-01  1.85232e-03  4.65009e-03  1.28017e-02 -9.93026e-04  1.44441e-03  1.17887e-01
 1.65000e+01  1.50838e-01  2.17590e-03  4.79643e-03  1.44254e-02 -1.12408e-03  1.48768e-03  1.21758e-01
 1.70000e+01  1.56892e-01  2.50223e-03  4.94167e-03  1.59487e-02 -1.24382e-03  1.52983e-03  1.25593e-01
 1.75000e+01  1.62843e-01  2.83008e-03  5.08560e-03  1.73792e-02 -1.35056e-03  1.57090e-03  1.29382e-01
 1.80000e+01  1.68680e-01  3.15822e-03  5.22783e-03  1.87231e-02 -1.44307e-03  1.61092e-03  1.33115e-01
 1.85000e+01  1.74394e-01  3.48546e-03  5.36782e-03  1.99861e-02 -1.52049e-03  1.64991e-03  1.36783e-01
 1.90000e+01  1.79978e-01  3.81063e-03  5.50485e-03  2.11728e-02 -1.58239e-03  1.68789e-03  1.40376e-01
 1.95000e+01  1.85424e-01  4.13258e-03  5.63808e-03  2.22872e-02 -1.62871e-03  1.72487e-03  1.43887e-01
 2.00000e+01  1.90729e-01  4.45021e-03  5.76659e-03  2.33327e-02 -1.65976e-03  1.76085e-03  1.47309e-01
 2.05000e+01  1.95887e-01  4.76244e-03  5.88937e-03  2.43121e-02 -1.67615e-03  1.79582e-03  1.50635e-01
 2.10000e+01  2.00898e-01  5.06824e-03  6.00547e-03  2.52279e-02 -1.67869e-03  1.82977e-03  1.53861e-01
 2.15000e+01  2.05759e-01  5.36661e-03  6.11396e-03  2.60820e-02 -1.66840e-03  1.86269e-03  1.56982e-01
 2.20000e+01  2.10469e-01  5.65659e-03  6.21406e-03  2.68760e-02 -1.64635e-03  1.89458e-03  1.59996e-01
 2.25000e+01  2.15030e-01  5.93726e-03  6.30515e-03  2.76114e-02 -1.61364e-03  1.92543e-03  1.62901e-01
 2.30000e+01  2.19441e-01  6.20777e-03  6.38685e-03  2.82890e-02 -1.57132e-03  1.95524e-03  1.65697e-01
 2.35000e+01  2.23704e-01  6.46727e-03  6.45898e-03  2.89100e-02 -1.52035e-03  1.98402e-03  1.68384e-01
 2.40000e+01  2.27820e-01  6.71500e-03  6.52164e-03  2.94750e-02 -1.46156e-03  2.01179e-03  1.70964e-01
 2.45000e+01  2.31793e-01  6.95022e-03  6.57515e-03  2.99846e-02 -1.39561e-03  2.03857e-03  1.73440e-01
 2.50000e+01  2.35625e-01  7.17226e-03  6.62005e-03  3.04393e-02 -1.32306e-03  2.06440e-03  1.75814e-01
 2.55000e+01  2.39319e-01  7.38047e-03  6.65703e-03  3.08395e-02 -1.24430e-03  2.08933e-03  1.78090e-01
 2.60000e+01  2.42878e-01  7.57428e-03  6.68690e-03  3.11855e-02 -1.15966e-03  2.11341e-03  1.80273e-01
 2.65000e+01  2.46306e-01  7.75316e-03  6.71054e-03  3.14778e-02 -1.06936e-03  2.13672e-03  1.82367e-01
 2.70000e+01  2.49606e-01  7.91663e-03  6.72880e-03  3.17165e-02 -9.73632e-04  2.15932e-03  1.84376e-01
 2.75000e+01  2.52783e-01  8.06428e-03  6.74249e-03  3.19019e-02 -8.72708e-04  2.18131e-03  1.86304e-01
 2.80000e+01  2.55842e-01  8.19574e-03  6.75232e-03  3.20344e-02 -7.66866e-04  2.20276e-03  1.88156e-01
 2.85000e+01  2.58785e-01  8.31070e-03  6.75886e-03  3.21143e-02 -6.56453e-04  2.22378e-03  1.89935e-01
 2.90000e+01  2.61618e-01  8.40891e-03  6.76250e-03  3.21419e-02 -5.41910e-04  2.24447e-03  1.91645e-01
 2.95000e+01  2.64346e-01  8.49017e-03  6.76349e-03  3.21176e-02 -4.23774e-04  2.26492e-03  1.93288e-01
 3.00000e+01  2.66973e-01  8.55434e-03  6.76187e-03  3.20419e-02 -3.02680e-04  2.28522e-03  1.94868e-01
 3.05000e+01  2.69505e-01  8.60133e-03  6.75755e-03  3.19153e-02 -1.79354e-04  2.30549e-03  1.96386e-01
 3.10000e+01  2.71945e-01  8.63111e-03  6.75024e-03  3.17384e-02 -5.46015e-05  2.32580e-03  1.97845e-01
 3.15000e+01  2.74299e-01  8.64368e-03  6.73958e-03  3.15119e-02  7.07114e-05  2.34624e-03  1.99246e-01
 3.20000e+01  2.76572e-01  8.63911e-03  6.72505e-03  3.12364e-02  1.95675e-04  2.36689e-03  2.00592e-01
 3.25000e+01  2.78767e-01  8.61751e-03  6.70610e-03  3.09129e-02  3.19358e-04  2.38783e-03  2.01882e-01
 3.30000e+01  2.80890e-01  8.57902e-03  6.68208e-03  3.05423e-02  4.40822e-04  2.40910e-03  2.03119e-01
 3.35000e+01  2.82945e-01  8.52385e-03  6.65236e-03  3.01255e-02  5.59144e-04  2.43076e-03  2.04304e-01
 3.40000e+01  2.84936e-01  8.45223e-03  6.61627e-03  2.96636e-02  6.73428e-04  2.45284e-03  2.05438e-01
 3.45000e+01  2.86867e-01  8.36441e-03  6.57316e-03  2.91578e-02  7.82816e-04  2.47537e-03  2.06520e-01
 3.50000e+01  2.88740e-01  8.26070e-03  6.52243e-03  2.86094e-02  8.86500e-04  2.49836e-03  2.07553e-01
 3.55000e+01  2.90561e-01  8.14143e-03  6.46351e-03  2.80197e-02  9.83727e-04  2.52180e-03  2.08537e-01
 3.60000e+01  2.92330e-01  8.00695e-03  6.39589e-03  2.73901e-02  1.07380e-03  2.54568e-03  2.09473e-01
 3.65000e+01  2.94051e-01  7.85765e-03  6.31912e-03  2.67221e-02  1.15609e-03  2.56998e-03  2.10360e-01
 3.70000e+01  2.95725e-01  7.69393e-03  6.23284e-03  2.60171e-02  1.23003e-03  2.59465e-03  2.11201e-01
 3.75000e+01  2.97355e-01  7.51621e-03  6.13675e-03  2.52769e-02  1.29509e-03  2.61964e-03  2.11995e-01
 3.80000e+01  2.98942e-01  7.32495e-03  6.03066e-03  2.45029e-02  1.35085e-03  2.64488e-03  2.12744e-01
 3.85000e+01  3.00486e-01  7.12060e-03  5.91447e-03  2.36969e-02  1.39691e-03  2.67029e-03  2.13446e-01
 3.90000e+01  3.01988e-01  6.90363e-03  5.78818e-03  2.28606e-02  1.43296e-03  2.69581e-03  2.14104e-01
 3.95000e+01  3.03448e-01  6.67453e-03  5.65192e-03  2.19956e-02  1.45878e-03  2.72132e-03  2.14716e-01
 4.00000e+01  3.04866e-01  6.43380e-03  5.50596e-03  2.11037e-02  1.47422e-03  2.74673e-03  2.15284e-01
 4.05000e+01  3.06240e-01  6.18194e-03  5.35071e-03  2.01866e-02  1.47924e-03  2.77194e-03  2.15808e-01
 4.10000e+01  3.07569e-01  5.91948e-03  5.18677e-03  1.92460e-02  1.47393e-03  2.79682e-03  2.16289e-01
 4.15000e+01  3.08852e-01  5.64693e-03  5.01492e-03  1.82836e-02  1.45849e-03  2.82127e-03  2.16726e-01
 4.20000e+01  3.10087e-01  5.36483e-03  4.83616e-03  1.73011e-02  1.43331e-03  2.84515e-03  2.17122e-01
 4.25000e+01  3.11271e-01  5.07371e-03  4.65171e-03  1.63000e-02  1.39894e-03  2.86836e-03  2.17477e-01
 4.30000e+01  3.12401e-01  4.77411e-03  4.46305e-03  1.52820e-02  1.35612e-03  2.89076e-03  2.17791e-01
 4.35000e+01  3.13474e-01  4.46657e-03  4.27189e-03  1.42486e-02  1.30580e-03  2.91225e-03  2.18068e-01
 4.40000e+01  3.14488e-01  4.15164e-03  4.08018e-03  1.32013e-02  1.24914e-03  2.93269e-03  2.18308e-01
 4.45000e+01  3.15439e-01  3.82988e-03  3.89012e-03  1.21414e-02  1.18748e-03  2.95197e-03  2.18514e-01
 4.50000e+01  3.16323e-01  3.50183e-03  3.70409e-03  1.10704e-02  1.12237e-03  2.96999e-03  2.18689e-01
 4.55000e+01  3.17137e-01  3.16806e-03  3.52464e-03  9.98956e-03  1.05551e-03  2.98664e-03  2.18834e-01
 4.60000e+01  3.17876e-01  2.82912e-03  3.35443e-03  8.90006e-03  9.88710e-04  3.00182e-03  2.18953e-01
 4.65000e+01  3.18539e-01  2.48558e-03  3.19613e-03  7.80308e-03  9.23866e-04  3.01544e-03  2.19048e-01
 4.70000e+01  3.19120e-01  2.13801e-03  3.05243e-03  6.69971e-03  8.62874e-04  3.02742e-03  2.19124e-01
 4.75000e+01  3.19618e-01  1.78698e-03  2.92584e-03  5.59099e-03  8.07574e-04  3.03768e-03  2.19181e-01
 4.80000e+01  3.20029e-01  1.43306e-03  2.81872e-03  4.47790e-03  7.59680e-04  3.04616e-03  2.19225e-01
 4.85000e+01  3.20352e-01  1.07682e-03  2.73310e-03  3.36138e-03  7.20710e-04  3.05282e-03  2.19256e-01
 4.90000e+01  3.20583e-01  7.18849e-04  2.67068e-03  2.24231e-03  6.91924e-04  3.05760e-03  2.19276e-01
 4.95000e+01  3.20723e-01  3.59714e-04  2.63272e-03  1.12157e-03  6.74263e-04  3.06048e-03  2.19288e-01
 5.00000e+01  3.20770e-01  8.46215e-15  2.61997e-03  2.63808e-14  6.68310e-04  3.06144e-03  2.19292e-01
 5.05000e+01  3.20723e-01 -3.59714e-04  2.63272e-03 -1.12157e-03  6.74263e-04  3.06048e-03  2.19288e-01
 5.10000e+01  3.20583e-01 -7.18849e-04  2.67068e-03 -2.24231e-03  6.91924e-04  3.05760e-03  2.19276e-01
 5.15000e+01  3.20352e-01 -1.07682e-03  2.73310e-03 -3.36138e-03  7.20710e-04  3.05282e-03  2.19256e-01
 5.20000e+01  3.20029e-01 -1.43306e-03  2.81872e-03 -4.47790e-03  7.59680e-04  3.04616e-03  2.19225e-01
 5.25000e+01  3.19618e-01 -1.78698e-03  2.92584e-03 -5.59099e-03  8.07574e-04  3.03768e-03  2.19181e-01
 5.30000e+01  3.19120e-01 -2.13801e-03  3.05243e-03 -6.69971e-03  8.62874e-04  3.02742e-03  2.19124e-01
 5.35000e+01  3.18539e-01 -2.48558e-03  3.19613e-03 -7.80308e-03  9.23866e-04  3.01544e-03  2.19048e-01
 5.40000e+01  3.17876e-01 -2.82912e-03  3.35443e-03 -8.90006e-03  9.88710e-04  3.00182e-03  2.18953e-01
 5.45000e+01  3.17137e-01 -3.16806e-03  3.52464e-03 -9.98956e-03  1.05551e-03  2.98664e-03  2.18834e-01
 5.50000e+01  3.16323e-01 -3.50183e-03  3.70409e-03 -1.10704e-02  1.12237e-03  2.96999e-03  2.18689e-01
 5.55000e+01  3.15439e-01 -3.82988e-03  3.89012e-03 -1.21414e-02  1.18748e-03  2.95197e-03  2.18514e-01
 5.60000e+01  3.14488e-01 -4.15164e-03  4.08018e-03 -1.32013e-02  1.24914e-03  2.93269e-03  2.18308e-01
 5.65000e+01  3.13474e-01 -4.46657e-03  4.27189e-03 -1.42486e-02  1.30580e-03  2.91225e-03  2.18068e-01
 5.70000e+01  3.12401e-01 -4.77411e-03  4.46305e-03 -1.52820e-02  1.35612e-03  2.89076e-03  2.17791e-01
 5.75000e+01  3.11271e-01 -5.07371e-03  4.65171e-03 -1.63000e-02  1.39894e-03  2.86836e-03  2.17477e-01
 5.80000e+01  3.10087e-01 -5.36483e-03  4.83616e-03 -1.73011e-02  1.43331e-03  2.84515e-03  2.17122e-01
 5.85000e+01  3.08852e-01 -5.64693e-03  5.01492e-03 -1.82836e-02  1.45849e-03  2.82127e-03  2.16726e-01
 5.90000e+01  3.07569e-01 -5.91948e-03  5.18677e-03 -1.92460e-02  1.47393e-03  2.79682e-03  2.16289e-01
 5.95000e+01  3.06240e-01 -6.18194e-03  5.35071e-03 -2.01866e-02  1.47924e-03  2.77194e-03  2.15808e-01
 6.00000e+01  3.04866e-01 -6.43380e-03  5.50596e-03 -2.11037e-02  1.47422e-03  2.74673e-03  2.15284e-01
 6.05000e+01  3.03448e-01 -6.67453e-03  5.65192e-03 -2.19956e-02  1.45878e-03  2.72132e-03  2.14716e-01
 6.10000e+01  3.01988e-01 -6.90363e-03  5.78818e-03 -2.28606e-02  1.43296e-03  2.69581e-03  2.14104e-01
 6.15000e+01  3.00486e-01 -7.12060e-03  5.91447e-03 -2.36969e-02  1.39691e-03  2.67029e-03  2.13446e-01
 6.20000e+01  2.98942e-01 -7.32495e-03  6.03066e-03 -2.45029e-02  1.35085e-03  2.64488e-03  2.12744e-01
 6.25000e+01  2.97355e-01 -7.51621e-03  6.13675e-03 -2.52769e-02  1.29509e-03  2.61964e-03  2.11995e-01
 6.30000e+01  2.95725e-01 -7.69393e-03  6.23284e-03 -2.60171e-02  1.23003e-03  2.59465e-03  2.11201e-01
 6.35000e+01  2.94051e-01 -7.85765e-03  6.31912e-03 -2.67221e-02  1.15609e-03  2.56998e-03  2.10360e-01
 6.40000e+01  2.92330e-01 -8.00695e-03  6.39589e-03 -2.73901e-02  1.07380e-03  2.54568e-03  2.09473e-01
 6.45000e+01  2.90561e-01 -8.14143e-03  6.46351e-03 -2.80197e-02  9.83727e-04  2.52180e-03  2.08537e-01
 6.50000e+01  2.88740e-01 -8.26070e-03  6.52243e-03 -2.86094e-02  8.86500e-04  2.49836e-03  2.07553e-01
 6.55000e+01  2.86867e-01 -8.36441e-03  6.57316e-03 -2.91578e-02  7.82816e-04  2.47537e-03  2.06520e-01
 6.60000e+01  2.84936e-01 -8.45223e-03  6.61627e-03 -2.96636e-02  6.73428e-04  2.45284e-03  2.05438e-01
 6.65000e+01  2.82945e-01 -8.52385e-03  6.65236e-03 -3.01255e-02  5.59144e-04  2.43076e-03  2.04304e-01
 6.70000e+01  2.80890e-01 -8.57902e-03  6.68208e-03 -3.05423e-02  4.40822e-04  2.40910e-03  2.03119e-01
 6.75000e+01  2.78767e-01 -8.61751e-03  6.70610e-03 -3.09129e-02  3.19358e-04  2.38783e-03  2.01882e-01
 6.80000e+01  2.76572e-01 -8.63911e-03  6.72505e-03 -3.12364e-02  1.95675e-04  2.36689e-03  2.00592e-01
 6.85000e+01  2.74299e-01 -8.64368e-03  6.73958e-03 -3.15119e-02  7.07114e-05  2.34624e-03  1.99246e-01
 6.90000e+01  2.71945e-01 -8.63111e-03  6.75024e-03 -3.17384e-02 -5.46015e-05  2.32580e-03  1.97845e-01
 6.95000e+01  2.69505e-01 -8.60133e-03  6.75755e-03 -3.19153e-02 -1.79354e-04  2.30549e-03  1.96386e-01
 7.00000e+01  2.66973e-01 -8.55434e-03  6.76187e-03 -3.20419e-02 -3.02680e-04  2.28522e-03  1.94868e-01
 7.05000e+01  2.64346e-01 -8.49017e-03  6.76349e-03 -3.21176e-02 -4.23774e-04  2.26492e-03  1.93288e-01
 7.10000e+01  2.61618e-01 -8.40891e-03  6.76250e-03 -3.21419e-02 -5.41910e-04  2.24447e-03  1.91645e-01
 7.15000e+01  2.58785e-01 -8.31070e-03  6.75886e-03 -3.21143e-02 -6.56453e-04  2.22378e-03  1.89935e-01
 7.20000e+01  2.55842e-01 -8.19574e-03  6.75232e-03 -3.20344e-02 -7.66866e-04  2.20276e-03  1.88156e-01
 7.25000e+01  2.52783e-01 -8.06428e-03  6.74249e-03 -3.19019e-02 -8.72708e-04  2.18131e-03  1.86304e-01
 7.30000e+01  2.49606e-01 -7.91663e-03  6.72880e-03 -3.17165e-02 -9.73632e-04  2.15932e-03  1.84376e-01
 7.35000e+01  2.46306e-01 -7.75316e-03  6.71054e-03 -3.14778e-02 -1.06936e-03  2.13672e-03  1.82367e-01
 7.40000e+01  2.42878e-01 -7.57428e-03  6.68690e-03 -3.11855e-02 -1.15966e-03  2.11341e-03  1.80273e-01
 7.45000e+01  2.39319e-01 -7.38047e-03  6.65703e-03 -3.08395e-02 -1.24430e-03  2.08933e-03  1.78090e-01
 7.50000e+01  2.35625e-01 -7.17226e-03  6.62005e-03 -3.04393e-02 -1.32306e-03  2.06440e-03  1.75814e-01
 7.55000e+01  2.31793e-01 -6.95022e-03  6.57515e-03 -2.99846e-02 -1.39561e-03  2.03857e-03  1.73440e-01
 7.60000e+01  2.27820e-01 -6.71500e-03  6.52164e-03 -2.94750e-02 -1.46156e-03  2.01179e-03  1.70964e-01
 7.65000e+01  2.23704e-01 -6.46727e-03  6.45898e-03 -2.89100e-02 -1.52035e-03  1.98402e-03  1.68384e-01
 7.70000e+01  2.19441e-01 -6.20777e-03  6.38685e-03 -2.82890e-02 -1.57132e-03  1.95524e-03  1.65697e-01
 7.75000e+01  2.15030e-01 -5.93726e-03  6.30515e-03 -2.76114e-02 -1.61364e-03  1.92543e-03  1.62901e-01
 7.80000e+01  2.10469e-01 -5.65659e-03  6.21406e-03 -2.68760e-02 -1.64635e-03  1.89458e-03  1.59996e-01
 7.85000e+01  2.05759e-01 -5.36661e-03  6.11396e-03 -2.60820e-02 -1.66840e-03  1.86269e-03  1.56982e-01
 7.90000e+01  2.00898e-01 -5.06824e-03  6.00547e-03 -2.52279e-02 -1.67869e-03  1.82977e-03  1.53861e-01
 7.95000e+01  1.95887e-01 -4.76244e-03  5.88937e-03 -2.43121e-02 -1.67615e-03  1.79582e-03  1.50635e-01
 8.00000e+01  1.90729e-01 -4.45021e-03  5.76659e-03 -2.33327e-02 -1.65976e-03  1.76085e-03  1.47309e-01
 8.05000e+01  1.85424e-01 -4.13258e-03  5.63808e-03 -2.22872e-02 -1.62871e-03  1.72487e-03  1.43887e-01
 8.10000e+01  1.79978e-01 -3.81063e-03  5.50485e-03 -2.11728e-02 -1.58239e-03  1.68789e-03  1.40376e-01
 8.15000e+01  1.74394e-01 -3.48546e-03  5.36782e-03 -1.99861e-02 -1.52049e-03  1.64991e-03  1.36783e-01
 8.20000e+01  1.68680e-01 -3.15822e-03  5.22783e-03 -1.87231e-02 -1.44307e-03  1.61092e-03  1.33115e-01
 8.25000e+01  1.62843e-01 -2.83008e-03  5.08560e-03 -1.73792e-02 -1.35056e-03  1.57090e-03  1.29382e-01
 8.30000e+01  1.56892e-01 -2.50223e-03  4.94167e-03 -1.59487e-02 -1.24382e-03  1.52983e-03  1.25593e-01
 8.35000e+01  1.50838e-01 -2.17590e-03  4.79643e-03 -1.44254e-02 -1.12408e-03  1.48768e-03  1.21758e-01
 8.40000e+01  1.44693e-01 -1.85232e-03  4.65009e-03 -1.28017e-02 -9.93026e-04  1.44441e-03  1.17887e-01
 8.45000e+01  1.38472e-01 -1.53276e-03  4.50270e-03 -1.10691e-02 -8.52652e-04  1.39998e-03  1.13993e-01
 8.50000e+01  1.32191e-01 -1.21851e-03  4.35418e-03 -9.21778e-03 -7.05288e-04  1.35434e-03  1.10086e-01
 8.55000e+01  1.25866e-01 -9.10842e-04  4.20435e-03 -7.23662e-03 -5.53502e-04  1.30744e-03  1.06179e-01
 8.60000e+01  1.19516e-01 -6.11084e-04  4.05294e-03 -5.11299e-03 -4.00030e-04  1.25926e-03  1.02285e-01
 8.65000e+01  1.13162e-01 -3.20558e-04  3.89965e-03 -2.83274e-03 -2.47692e-04  1.20977e-03  9.84151e-02
 8.70000e+01  1.06825e-01 -4.06086e-05  3.74418e-03 -3.80142e-04 -9.92942e-05  1.15898e-03  9.45830e-02
 8.75000e+01  1.00527e-01  2.27407e-04  3.58630e-03  2.26214e-03  4.24617e-05  1.10691e-03  9.08014e-02
 8.80000e+01  9.42927e-02  4.82111e-04  3.42585e-03  5.11292e-03  1.75073e-04  1.05363e-03  8.70832e-02
 8.85000e+01  8.81452e-02  7.22112e-04  3.26282e-03  8.19229e-03  2.96324e-04  9.99249e-04  8.34411e-02
 8.90000e+01  8.21094e-02  9.45999e-04  3.09736e-03  1.15212e-02  4.04365e-04  9.43929e-04  7.98878e-02
 8.95000e+01  7.62100e-02  1.15235e-03  2.92980e-03  1.51207e-02  4.97773e-04  8.87886e-04  7.64359e-02
 9.00000e+01  7.04716e-02  1.33972e-03  2.76072e-03  1.90108e-02  5.75606e-04  8.31396e-04  7.30977e-02
 9.05000e+01  6.49185e-02  1.50668e-03  2.59088e-03  2.32088e-02  6.37421e-04  7.74798e-04  6.98855e-02
 9.10000e+01  5.95744e-02  1.65179e-03  2.42126e-03  2.77265e-02  6.83284e-04  7.18490e-04  6.68114e-02
 9.15000e+01  5.44618e-02  1.77364e-03  2.25305e-03  3.25666e-02  7.13748e-04  6.62927e-04  6.38875e-02
 9.20000e+01  4.96025e-02  1.87085e-03  2.08756e-03  3.77169e-02  7.29815e-04  6.08613e-04  6.11255e-02
 9.25000e+01  4.50163e-02  1.94214e-03  1.92622e-03  4.31432e-02  7.32874e-04  5.56084e-04  5.85371e-02
 9.30000e+01  4.07214e-02  1.98635e-03  1.77051e-03  4.87789e-02  7.24628e-04  5.05897e-04  5.61333e-02
 9.35000e+01  3.67340e-02  2.00247e-03  1.62191e-03  5.45128e-02  7.07016e-04  4.58600e-04  5.39245e-02
 9.40000e+01  3.30677e-02  1.98980e-03  1.48186e-03  6.01735e-02  6.82128e-04  4.14712e-04  5.19203e-02
 9.45000e+01  2.97329e-02  1.94794e-03  1.35171e-03  6.55145e-02  6.52135e-04  3.74687e-04  5.01298e-02
 9.50000e+01  2.67370e-02  1.87698e-03  1.23275e-03  7.02016e-02  6.19211e-04  3.38885e-04  4.85623e-02
 9.55000e+01  2.40829e-02  1.77756e-03  1.12608e-03  7.38100e-02  5.85461e-04  3.07537e-04  4.72277e-02
 9.60000e+01  2.17693e-02  1.65099e-03  1.03267e-03  7.58402e-02  5.52830e-04  2.80724e-04  4.61375e-02
 9.65000e+01  1.97897e-02  1.49927e-03  9.53145e-04  7.57603e-02  5.22986e-04  2.58366e-04  4.53023e-02
 9.70000e+01  1.81325e-02  1.32510e-03  8.87719e-04  7.30788e-02  4.97194e-04  2.40227e-04  4.47266e-02
 9.75000e+01  1.67815e-02  1.13172e-03  8.36035e-04  6.74383e-02  4.76201e-04  2.25948e-04  4.44002e-02
 9.80000e+01  1.57173e-02  9.22713e-04  7.97123e-04  5.87068e-02  4.60186e-04  2.15094e-04  4.42890e-02
 9.85000e+01  1.49187e-02  7.01738e-04  7.69504e-04  4.70374e-02  4.48830e-04  2.07216e-04  4.43323e-02
 9.90000e+01  1.43655e-02  4.72261e-04  7.51457e-04  3.28747e-02  4.41489e-04  2.01910e-04  4.44502e-02
 9.95000e+01  1.40410e-02  2.37419e-04  7.41384e-04  1.69090e-02  4.37450e-04  1.98860e-04  4.45616e-02
