 0.00000e+00  2.43910e-01  9.60403e-17  6.74310e-03  3.93753e-16 -1.09058e-03 -4.75290e-04  1.81037e-01
 5.00000e-01  2.43894e-01  1.78439e-04  6.74217e-03  7.31625e-04 -1.09171e-03 -4.76131e-04  1.81025e-01
 1.00000e+00  2.43847e-01  3.56450e-04  6.73940e-03  1.46178e-03 -1.09507e-03 -4.78654e-04  1.80990e-01
 1.50000e+00  2.43768e-01  5.33606e-04  6.73478e-03  2.18899e-03 -1.10068e-03 -4.82860e-04  1.80931e-01
 2.00000e+00  2.43658e-01  7.09481e-04  6.72832e-03  2.91180e-03 -1.10851e-03 -4.88750e-04  1.80848e-01
 2.50000e+00  2.43516e-01  8.83653e-04  6.72002e-03  3.62873e-03 -1.11855e-03 -4.96324e-04  1.80741e-01
 3.00000e+00  2.43342e-01  1.05570e-03  6.70988e-03  4.33835e-03 -1.13078e-03 -5.05585e-04  1.80610e-01
 3.50000e+00  2.43136e-01  1.22521e-03  6.69792e-03  5.03921e-03 -1.14518e-03 -5.16533e-04  1.80456e-01
 4.00000e+00  2.42898e-01  1.39178e-03  6.68415e-03  5.72987e-03 -1.16171e-03 -5.29170e-04  1.80278e-01
 4.50000e+00  2.42629e-01  1.55499e-03  6.66856e-03  6.40892e-03 -1.18034e-03 -5.43498e-04  1.80076e-01
 5.00000e+00  2.42327e-01  1.71446e-03  6.65118e-03  7.07497e-03 -1.20102e-03 -5.59516e-04  1.79850e-01
 5.50000e+00  2.41993e-01  1.86979e-03  6.63202e-03  7.72662e-03 -1.22373e-03 -5.77224e-04  1.79599e-01
 6.00000e+00  2.41627e-01  2.02061e-03  6.61110e-03  8.36253e-03 -1.24839e-03 -5.96623e-04  1.79325e-01
 6.50000e+00  2.41228e-01  2.16655e-03  6.58843e-03  8.98134e-03 -1.27497e-03 -6.17708e-04  1.79027e-01
 7.00000e+00  2.40796e-01  2.30725e-03  6.56404e-03  9.58175e-03 -1.30339e-03 -6.40478e-04  1.78704e-01
 7.50000e+00  2.40332e-01  2.44237e-03  6.53794e-03  1.01625e-02 -1.33359e-03 -6.64926e-04  1.78357e-01
 8.00000e+00  2.39835e-01  2.57157e-03  6.51016e-03  1.07223e-02 -1.36549e-03 -6.91045e-04  1.77986e-01
 8.50000e+00  2.39304e-01  2.69454e-03  6.48073e-03  1.12599e-02 -1.39903e-03 -7.18825e-04  1.77590e-01
 9.00000e+00  2.38740e-01  2.81098e-03  6.44969e-03  1.17742e-02 -1.43410e-03 -7.48253e-04  1.77170e-01
 9.50000e+00  2.38143e-01  2.92060e-03  6.41706e-03  1.22641e-02 -1.47063e-03 -7.79315e-04  1.76726e-01
 1.00000e+01  2.37512e-01  3.02313e-03  6.38288e-03  1.27283e-02 -1.50851e-03 -8.11991e-04  1.76257e-01
 1.05000e+01  2.36847e-01  3.11833e-03  6.34719e-03  1.31660e-02 -1.54764e-03 -8.46259e-04  1.75764e-01
 1.10000e+01  2.36148e-01  3.20596e-03  6.31004e-03  1.35761e-02 -1.58791e-03 -8.82091e-04  1.75246e-01
 1.15000e+01  2.35416e-01  3.28583e-03  6.27147e-03  1.39576e-02 -1.62921e-03 -9.19456e-04  1.74704e-01
 1.20000e+01  2.34649e-01  3.35774e-03  6.23154e-03  1.43096e-02 -1.67141e-03 -9.58320e-04  1.74137e-01
 1.25000e+01  2.33848e-01  3.42154e-03  6.19029e-03  1.46314e-02 -1.71439e-03 -9.98640e-04  1.73546e-01
 1.30000e+01  2.33013e-01  3.47708e-03  6.14778e-03  1.49222e-02 -1.75801e-03 -1.04037e-03  1.72931e-01
 1.35000e+01  2.32144e-01  3.52426e-03  6.10408e-03  1.51813e-02 -1.80214e-03 -1.08346e-03  1.72292e-01
 1.40000e+01  2.31241e-01  3.56299e-03  6.05925e-03  1.54081e-02 -1.84664e-03 -1.12785e-03  1.71630e-01
 1.45000e+01  2.30304e-01  3.59322e-03  6.01336e-03  1.56021e-02 -1.89135e-03 -1.17348e-03  1.70943e-01
 1.50000e+01  2.29333e-01  3.61491e-03  5.96647e-03  1.57627e-02 -1.93613e-03 -1.22028e-03  1.70233e-01
 1.55000e+01  2.28328e-01  3.62806e-03  5.91866e-03  1.58897e-02 -1.98082e-03 -1.26817e-03  1.69500e-01
 1.60000e+01  2.27289e-01  3.63271e-03  5.87001e-03  1.59828e-02 -2.02526e-03 -1.31708e-03  1.68743e-01
 1.65000e+01  2.26217e-01  3.62892e-03  5.82059e-03  1.60418e-02 -2.06931e-03 -1.36690e-03  1.67965e-01
 1.70000e+01  2.25112e-01  3.61678e-03  5.77048e-03  1.60665e-02 -2.11279e-03 -1.41756e-03  1.67164e-01
 1.75000e+01  2.23975e-01  3.59640e-03  5.71976e-03  1.60572e-02 -2.15556e-03 -1.46894e-03  1.66342e-01
 1.80000e+01  2.22805e-01  3.56795e-03  5.66852e-03  1.60137e-02 -2.19744e-03 -1.52095e-03  1.65498e-01
 1.85000e+01  2.21604e-01  3.53160e-03  5.61684e-03  1.59365e-02 -2.23830e-03 -1.57347e-03  1.64634e-01
 1.90000e+01  2.20372e-01  3.48758e-03  5.56480e-03  1.58259e-02 -2.27797e-03 -1.62638e-03  1.63749e-01
 1.95000e+01  2.19110e-01  3.43612e-03  5.51249e-03  1.56822e-02 -2.31630e-03 -1.67956e-03  1.62845e-01
 2.00000e+01  2.17818e-01  3.37752e-03  5.45998e-03  1.55062e-02 -2.35316e-03 -1.73290e-03  1.61923e-01
 2.05000e+01  2.16497e-01  3.31206e-03  5.40737e-03  1.52984e-02 -2.38840e-03 -1.78625e-03  1.60982e-01
 2.10000e+01  2.15149e-01  3.24009e-03  5.35471e-03  1.50598e-02 -2.42190e-03 -1.83948e-03  1.60025e-01
 2.15000e+01  2.13774e-01  3.16196e-03  5.30211e-03  1.47912e-02 -2.45354e-03 -1.89247e-03  1.59051e-01
 2.20000e+01  2.12373e-01  3.07806e-03  5.24961e-03  1.44937e-02 -2.48321e-03 -1.94507e-03  1.58061e-01
 2.25000e+01  2.10948e-01  2.98881e-03  5.19730e-03  1.41684e-02 -2.51081e-03 -1.99715e-03  1.57057e-01
 2.30000e+01  2.09500e-01  2.89462e-03  5.14525e-03  1.38168e-02 -2.53626e-03 -2.04856e-03  1.56040e-01
 2.35000e+01  2.08030e-01  2.79595e-03  5.09350e-03  1.34401e-02 -2.55947e-03 -2.09918e-03  1.55010e-01
 2.40000e+01  2.06541e-01  2.69328e-03  5.04213e-03  1.30399e-02 -2.58039e-03 -2.14887e-03  1.53969e-01
 2.45000e+01  2.05032e-01  2.58707e-03  4.99118e-03  1.26179e-02 -2.59897e-03 -2.19749e-03  1.52917e-01
 2.50000e+01  2.03507e-01  2.47782e-03  4.94070e-03  1.21756e-02 -2.61518e-03 -2.24493e-03  1.51857e-01
 2.55000e+01  2.01967e-01  2.36605e-03  4.89073e-03  1.17150e-02 -2.62900e-03 -2.29106e-03  1.50788e-01
 2.60000e+01  2.00413e-01  2.25224e-03  4.84131e-03  1.12380e-02 -2.64043e-03 -2.33576e-03  1.49713e-01
 2.65000e+01  1.98848e-01  2.13692e-03  4.79247e-03  1.07465e-02 -2.64948e-03 -2.37893e-03  1.48633e-01
 2.70000e+01  1.97274e-01  2.02059e-03  4.74425e-03  1.02426e-02 -2.65619e-03 -2.42046e-03  1.47549e-01
 2.75000e+01  1.95692e-01  1.90376e-03  4.69665e-03  9.72833e-03 -2.66058e-03 -2.46026e-03  1.46462e-01
 2.80000e+01  1.94105e-01  1.78692e-03  4.64971e-03  9.20595e-03 -2.66271e-03 -2.49825e-03  1.45373e-01
 2.85000e+01  1.92515e-01  1.67058e-03  4.60344e-03  8.67762e-03 -2.66267e-03 -2.53436e-03  1.44285e-01
 2.90000e+01  1.90925e-01  1.55519e-03  4.55784e-03  8.14556e-03 -2.66051e-03 -2.56852e-03  1.43198e-01
 2.95000e+01  1.89335e-01  1.44122e-03  4.51294e-03  7.61198e-03 -2.65634e-03 -2.60068e-03  1.42114e-01
 3.00000e+01  1.87750e-01  1.32910e-03  4.46873e-03  7.07912e-03 -2.65025e-03 -2.63081e-03  1.41034e-01
 3.05000e+01  1.86170e-01  1.21926e-03  4.42522e-03  6.54918e-03 -2.64236e-03 -2.65889e-03  1.39960e-01
 3.10000e+01  1.84599e-01  1.11208e-03  4.38242e-03  6.02433e-03 -2.63279e-03 -2.68488e-03  1.38893e-01
 3.15000e+01  1.83038e-01  1.00794e-03  4.34032e-03  5.50669e-03 -2.62166e-03 -2.70881e-03  1.37834e-01
 3.20000e+01  1.81491e-01  9.07153e-04  4.29894e-03  4.99834e-03 -2.60909e-03 -2.73066e-03  1.36785e-01
 3.25000e+01  1.79958e-01  8.10040e-04  4.25828e-03  4.50127e-03 -2.59522e-03 -2.75048e-03  1.35747e-01
 3.30000e+01  1.78443e-01  7.16872e-04  4.21835e-03  4.01737e-03 -2.58019e-03 -2.76828e-03  1.34722e-01
 3.35000e+01  1.76948e-01  6.27890e-04  4.17915e-03  3.54844e-03 -2.56414e-03 -2.78412e-03  1.33711e-01
 3.40000e+01  1.75475e-01  5.43302e-04  4.14069e-03  3.09618e-03 -2.54719e-03 -2.79806e-03  1.32714e-01
 3.45000e+01  1.74025e-01  4.63282e-04  4.10298e-03  2.66215e-03 -2.52949e-03 -2.81014e-03  1.31735e-01
 3.50000e+01  1.72602e-01  3.87972e-04  4.06604e-03  2.24778e-03 -2.51116e-03 -2.82046e-03  1.30773e-01
 3.55000e+01  1.71207e-01  3.17479e-04  4.02989e-03  1.85435e-03 -2.49234e-03 -2.82909e-03  1.29830e-01
 3.60000e+01  1.69843e-01  2.51879e-04  3.99454e-03  1.48301e-03 -2.47316e-03 -2.83612e-03  1.28908e-01
 3.65000e+01  1.68510e-01  1.91215e-04  3.96002e-03  1.13474e-03 -2.45373e-03 -2.84165e-03  1.28007e-01
 3.70000e+01  1.67211e-01  1.35501e-04  3.92636e-03  8.10359e-04 -2.43416e-03 -2.84577e-03  1.27129e-01
 3.75000e+01  1.65948e-01  8.47219e-05  3.89357e-03  5.10531e-04 -2.41458e-03 -2.84859e-03  1.26274e-01
 3.80000e+01  1.64723e-01  3.88342e-05  3.86169e-03  2.35755e-04 -2.39508e-03 -2.85022e-03  1.25444e-01
 3.85000e+01  1.63536e-01 -2.22984e-06  3.83075e-03 -1.36351e-05 -2.37576e-03 -2.85077e-03  1.24640e-01
 3.90000e+01  1.62390e-01 -3.85619e-05  3.80078e-03 -2.37465e-04 -2.35671e-03 -2.85035e-03  1.23863e-01
 3.95000e+01  1.61286e-01 -7.02751e-05  3.77183e-03 -4.35719e-04 -2.33802e-03 -2.84906e-03  1.23114e-01
 4.00000e+01  1.60225e-01 -9.75023e-05  3.74392e-03 -6.08535e-04 -2.31977e-03 -2.84702e-03  1.22394e-01
 4.05000e+01  1.59208e-01 -1.20393e-04  3.71708e-03 -7.56202e-04 -2.30203e-03 -2.84433e-03  1.21704e-01
 4.10000e+01  1.58237e-01 -1.39114e-04  3.69137e-03 -8.79150e-04 -2.28487e-03 -2.84111e-03  1.21043e-01
 4.15000e+01  1.57313e-01 -1.53843e-04  3.66680e-03 -9.77943e-04 -2.26835e-03 -2.83745e-03  1.20415e-01
 4.20000e+01  1.56437e-01 -1.64771e-04  3.64343e-03 -1.05328e-03 -2.25252e-03 -2.83345e-03  1.19818e-01
 4.25000e+01  1.55609e-01 -1.72098e-04  3.62128e-03 -1.10596e-03 -2.23743e-03 -2.82921e-03  1.19254e-01
 4.30000e+01  1.54831e-01 -1.76031e-04  3.60038e-03 -1.13692e-03 -2.22314e-03 -2.82481e-03  1.18723e-01
 4.35000e+01  1.54104e-01 -1.76787e-04  3.58078e-03 -1.14719e-03 -2.20967e-03 -2.82034e-03  1.18227e-01
 4.40000e+01  1.53428e-01 -1.74583e-04  3.56250e-03 -1.13788e-03 -2.19708e-03 -2.81589e-03  1.17765e-01
 4.45000e+01  1.52803e-01 -1.69643e-04  3.54557e-03 -1.11021e-03 -2.18538e-03 -2.81152e-03  1.17338e-01
 4.50000e+01  1.52231e-01 -1.62194e-04  3.53001e-03 -1.06545e-03 -2.17461e-03 -2.80730e-03  1.16946e-01
 4.55000e+01  1.51712e-01 -1.52463e-04  3.51586e-03 -1.00495e-03 -2.16480e-03 -2.80330e-03  1.16591e-01
 4.60000e+01  1.51246e-01 -1.40680e-04  3.50314e-03 -9.30139e-04 -2.15597e-03 -2.79957e-03  1.16272e-01
 4.65000e+01  1.50834e-01 -1.27073e-04  3.49186e-03 -8.42470e-04 -2.14813e-03 -2.79616e-03  1.15990e-01
 4.70000e+01  1.50476e-01 -1.11873e-04  3.48205e-03 -7.43458e-04 -2.14130e-03 -2.79311e-03  1.15744e-01
 4.75000e+01  1.50173e-01 -9.53080e-05  3.47372e-03 -6.34654e-04 -2.13550e-03 -2.79047e-03  1.15536e-01
 4.80000e+01  1.49925e-01 -7.76073e-05  3.46689e-03 -5.17642e-04 -2.13074e-03 -2.78827e-03  1.15366e-01
 4.85000e+01  1.49731e-01 -5.89988e-05  3.46157e-03 -3.94031e-04 -2.12703e-03 -2.78653e-03  1.15233e-01
 4.90000e+01  1.49593e-01 -3.97101e-05  3.45776e-03 -2.65454e-04 -2.12437e-03 -2.78527e-03  1.15138e-01
 4.95000e+01  1.49510e-01 -1.99683e-05  3.45547e-03 -1.33558e-04 -2.12278e-03 -2.78451e-03  1.15081e-01
 5.00000e+01  1.49482e-01 -8.84904e-16  3.45470e-03 -5.91979e-15 -2.12225e-03 -2.78425e-03  1.15062e-01
 5.05000e+01  1.49510e-01  1.99683e-05  3.45547e-03  1.33558e-04 -2.12278e-03 -2.78451e-03  1.15081e-01
 5.10000e+01  1.49593e-01  3.97101e-05  3.45776e-03  2.65454e-04 -2.12437e-03 -2.78527e-03  1.15138e-01
 5.15000e+01  1.49731e-01  5.89988e-05  3.46157e-03  3.94031e-04 -2.12703e-03 -2.78653e-03  1.15233e-01
 5.20000e+01  1.49925e-01  7.76073e-05  3.46689e-03  5.17642e-04 -2.13074e-03 -2.78827e-03  1.15366e-01
 5.25000e+01  1.50173e-01  9.53080e-05  3.47372e-03  6.34654e-04 -2.13550e-03 -2.79047e-03  1.15536e-01
 5.30000e+01  1.50476e-01  1.11873e-04  3.48205e-03  7.43458e-04 -2.14130e-03 -2.79311e-03  1.15744e-01
 5.35000e+01  1.50834e-01  1.27073e-04  3.49186e-03  8.42470e-04 -2.14813e-03 -2.79616e-03  1.15990e-01
 5.40000e+01  1.51246e-01  1.40680e-04  3.50314e-03  9.30139e-04 -2.15597e-03 -2.79957e-03  1.16272e-01
 5.45000e+01  1.51712e-01  1.52463e-04  3.51586e-03  1.00495e-03 -2.16480e-03 -2.80330e-03  1.16591e-01
 5.50000e+01  1.52231e-01  1.62194e-04  3.53001e-03  1.06545e-03 -2.17461e-03 -2.80730e-03  1.16946e-01
 5.55000e+01  1.52803e-01  1.69643e-04  3.54557e-03  1.11021e-03 -2.18538e-03 -2.81152e-03  1.17338e-01
 5.60000e+01  1.53428e-01  1.74583e-04  3.56250e-03  1.13788e-03 -2.19708e-03 -2.81589e-03  1.17765e-01
 5.65000e+01  1.54104e-01  1.76787e-04  3.58078e-03  1.14719e-03 -2.20967e-03 -2.82034e-03  1.18227e-01
 5.70000e+01  1.54831e-01  1.76031e-04  3.60038e-03  1.13692e-03 -2.22314e-03 -2.82481e-03  1.18723e-01
 5.75000e+01  1.55609e-01  1.72098e-04  3.62128e-03  1.10596e-03 -2.23743e-03 -2.82921e-03  1.19254e-01
 5.80000e+01  1.56437e-01  1.64771e-04  3.64343e-03  1.05328e-03 -2.25252e-03 -2.83345e-03  1.19818e-01
 5.85000e+01  1.57313e-01  1.53843e-04  3.66680e-03  9.77943e-04 -2.26835e-03 -2.83745e-03  1.20415e-01
 5.90000e+01  1.58237e-01  1.39114e-04  3.69137e-03  8.79150e-04 -2.28487e-03 -2.84111e-03  1.21043e-01
 5.95000e+01  1.59208e-01  1.20393e-04  3.71708e-03  7.56202e-04 -2.30203e-03 -2.84433e-03  1.21704e-01
 6.00000e+01  1.60225e-01  9.75023e-05  3.74392e-03  6.08535e-04 -2.31977e-03 -2.84702e-03  1.22394e-01
 6.05000e+01  1.61286e-01  7.02751e-05  3.77183e-03  4.35719e-04 -2.33802e-03 -2.84906e-03  1.23114e-01
 6.10000e+01  1.62390e-01  3.85619e-05  3.80078e-03  2.37465e-04 -2.35671e-03 -2.85035e-03  1.23863e-01
 6.15000e+01  1.63536e-01  2.22984e-06  3.83075e-03  1.36351e-05 -2.37576e-03 -2.85077e-03  1.24640e-01
 6.20000e+01  1.64723e-01 -3.88342e-05  3.86169e-03 -2.35755e-04 -2.39508e-03 -2.85022e-03  1.25444e-01
 6.25000e+01  1.65948e-01 -8.47219e-05  3.89357e-03 -5.10531e-04 -2.41458e-03 -2.84859e-03  1.26274e-01
 6.30000e+01  1.67211e-01 -1.35501e-04  3.92636e-03 -8.10359e-04 -2.43416e-03 -2.84577e-03  1.27129e-01
 6.35000e+01  1.68510e-01 -1.91215e-04  3.96002e-03 -1.13474e-03 -2.45373e-03 -2.84165e-03  1.28007e-01
 6.40000e+01  1.69843e-01 -2.51879e-04  3.99454e-03 -1.48301e-03 -2.47316e-03 -2.83612e-03  1.28908e-01
 6.45000e+01  1.71207e-01 -3.17479e-04  4.02989e-03 -1.85435e-03 -2.49234e-03 -2.82909e-03  1.29830e-01
 6.50000e+01  1.72602e-01 -3.87972e-04  4.06604e-03 -2.24778e-03 -2.51116e-03 -2.82046e-03  1.30773e-01
 6.55000e+01  1.74025e-01 -4.63282e-04  4.10298e-03 -2.66215e-03 -2.52949e-03 -2.81014e-03  1.31735e-01
 6.60000e+01  1.75475e-01 -5.43302e-04  4.14069e-03 -3.09618e-03 -2.54719e-03 -2.79806e-03  1.32714e-01
 6.65000e+01  1.76948e-01 -6.27890e-04  4.17915e-03 -3.54844e-03 -2.56414e-03 -2.78412e-03  1.33711e-01
 6.70000e+01  1.78443e-01 -7.16872e-04  4.21835e-03 -4.01737e-03 -2.58019e-03 -2.76828e-03  1.34722e-01
 6.75000e+01  1.79958e-01 -8.10040e-04  4.25828e-03 -4.50127e-03 -2.59522e-03 -2.75048e-03  1.35747e-01
 6.80000e+01  1.81491e-01 -9.07153e-04  4.29894e-03 -4.99834e-03 -2.60909e-03 -2.73066e-03  1.36785e-01
 6.85000e+01  1.83038e-01 -1.00794e-03  4.34032e-03 -5.50669e-03 -2.62166e-03 -2.70881e-03  1.37834e-01
 6.90000e+01  1.84599e-01 -1.11208e-03  4.38242e-03 -6.02433e-03 -2.63279e-03 -2.68488e-03  1.38893e-01
 6.95000e+01  1.86170e-01 -1.21926e-03  4.42522e-03 -6.54918e-03 -2.64236e-03 -2.65889e-03  1.39960e-01
 7.00000e+01  1.87750e-01 -1.32910e-03  4.46873e-03 -7.07912e-03 -2.65025e-03 -2.63081e-03  1.41034e-01
 7.05000e+01  1.89335e-01 -1.44122e-03  4.51294e-03 -7.61198e-03 -2.65634e-03 -2.60068e-03  1.42114e-01
 7.10000e+01  1.90925e-01 -1.55519e-03  4.55784e-03 -8.14556e-03 -2.66051e-03 -2.56852e-03  1.43198e-01
 7.15000e+01  1.92515e-01 -1.67058e-03  4.60344e-03 -8.67762e-03 -2.66267e-03 -2.53436e-03  1.44285e-01
 7.20000e+01  1.94105e-01 -1.78692e-03  4.64971e-03 -9.20595e-03 -2.66271e-03 -2.49825e-03  1.45373e-01
 7.25000e+01  1.95692e-01 -1.90376e-03  4.69665e-03 -9.72833e-03 -2.66058e-03 -2.46026e-03  1.46462e-01
 7.30000e+01  1.97274e-01 -2.02059e-03  4.74425e-03 -1.02426e-02 -2.65619e-03 -2.42046e-03  1.47549e-01
 7.35000e+01  1.98848e-01 -2.13692e-03  4.79247e-03 -1.07465e-02 -2.64948e-03 -2.37893e-03  1.48633e-01
 7.40000e+01  2.00413e-01 -2.25224e-03  4.84131e-03 -1.12380e-02 -2.64043e-03 -2.33576e-03  1.49713e-01
 7.45000e+01  2.01967e-01 -2.36605e-03  4.89073e-03 -1.17150e-02 -2.62900e-03 -2.29106e-03  1.50788e-01
 7.50000e+01  2.03507e-01 -2.47782e-03  4.94070e-03 -1.21756e-02 -2.61518e-03 -2.24493e-03  1.51857e-01
 7.55000e+01  2.05032e-01 -2.58707e-03  4.99118e-03 -1.26179e-02 -2.59897e-03 -2.19749e-03  1.52917e-01
 7.60000e+01  2.06541e-01 -2.69328e-03  5.04213e-03 -1.30399e-02 -2.58039e-03 -2.14887e-03  1.53969e-01
 7.65000e+01  2.08030e-01 -2.79595e-03  5.09350e-03 -1.34401e-02 -2.55947e-03 -2.09918e-03  1.55010e-01
 7.70000e+01  2.09500e-01 -2.89462e-03  5.14525e-03 -1.38168e-02 -2.53626e-03 -2.04856e-03  1.56040e-01
 7.75000e+01  2.10948e-01 -2.98881e-03  5.19730e-03 -1.41684e-02 -2.51081e-03 -1.99715e-03  1.57057e-01
 7.80000e+01  2.12373e-01 -3.07806e-03  5.24961e-03 -1.44937e-02 -2.48321e-03 -1.94507e-03  1.58061e-01
 7.85000e+01  2.13774e-01 -3.16196e-03  5.30211e-03 -1.47912e-02 -2.45354e-03 -1.89247e-03  1.59051e-01
 7.90000e+01  2.15149e-01 -3.24009e-03  5.35471e-03 -1.50598e-02 -2.42190e-03 -1.83948e-03  1.60025e-01
 7.95000e+01  2.16497e-01 -3.31206e-03  5.40737e-03 -1.52984e-02 -2.38840e-03 -1.78625e-03  1.60982e-01
 8.00000e+01  2.17818e-01 -3.37752e-03  5.45998e-03 -1.55062e-02 -2.35316e-03 -1.73290e-03  1.61923e-01
 8.05000e+01  2.19110e-01 -3.43612e-03  5.51249e-03 -1.56822e-02 -2.31630e-03 -1.67956e-03  1.62845e-01
 8.10000e+01  2.20372e-01 -3.48758e-03  5.56480e-03 -1.58259e-02 -2.27797e-03 -1.62638e-03  1.63749e-01
 8.15000e+01  2.21604e-01 -3.53160e-03  5.61684e-03 -1.59365e-02 -2.23830e-03 -1.57347e-03  1.64634e-01
 8.20000e+01  2.22805e-01 -3.56795e-03  5.66852e-03 -1.60137e-02 -2.19744e-03 -1.52095e-03  1.65498e-01
 8.25000e+01  2.23975e-01 -3.59640e-03  5.71976e-03 -1.60572e-02 -2.15556e-03 -1.46894e-03  1.66342e-01
 8.30000e+01  2.25112e-01 -3.61678e-03  5.77048e-03 -1.60665e-02 -2.11279e-03 -1.41756e-03  1.67164e-01
 8.35000e+01  2.26217e-01 -3.62892e-03  5.82059e-03 -1.60418e-02 -2.06931e-03 -1.36690e-03  1.67965e-01
 8.40000e+01  2.27289e-01 -3.63271e-03  5.87001e-03 -1.59828e-02 -2.02526e-03 -1.31708e-03  1.68743e-01
 8.45000e+01  2.28328e-01 -3.62806e-03  5.91866e-03 -1.58897e-02 -1.98082e-03 -1.26817e-03  1.69500e-01
 8.50000e+01  2.29333e-01 -3.61491e-03  5.96647e-03 -1.57627e-02 -1.93613e-03 -1.22028e-03  1.70233e-01
 8.55000e+01  2.30304e-01 -3.59322e-03  6.01336e-03 -1.56021e-02 -1.89135e-03 -1.17348e-03  1.70943e-01
 8.60000e+01  2.31241e-01 -3.56299e-03  6.05925e-03 -1.54081e-02 -1.84664e-03 -1.12785e-03  1.71630e-01
 8.65000e+01  2.32144e-01 -3.52426e-03  6.10408e-03 -1.51813e-02 -1.80214e-03 -1.08346e-03  1.72292e-01
 8.70000e+01  2.33013e-01 -3.47708e-03  6.14778e-03 -1.49222e-02 -1.75801e-03 -1.04037e-03  1.72931e-01
 8.75000e+01  2.33848e-01 -3.42154e-03  6.19029e-03 -1.46314e-02 -1.71439e-03 -9.98640e-04  1.73546e-01
 8.80000e+01  2.34649e-01 -3.35774e-03  6.23154e-03 -1.43096e-02 -1.67141e-03 -9.58320e-04  1.74137e-01
 8.85000e+01  2.35416e-01 -3.28583e-03  6.27147e-03 -1.39576e-02 -1.62921e-03 -9.19456e-04  1.74704e-01
 8.90000e+01  2.36148e-01 -3.20596e-03  6.31004e-03 -1.35761e-02 -1.58791e-03 -8.82091e-04  1.75246e-01
 8.95000e+01  2.36847e-01 -3.11833e-03  6.34719e-03 -1.31660e-02 -1.54764e-03 -8.46259e-04  1.75764e-01
 9.00000e+01  2.37512e-01 -3.02313e-03  6.38288e-03 -1.27283e-02 -1.50851e-03 -8.11991e-04  1.76257e-01
 9.05000e+01  2.38143e-01 -2.92060e-03  6.41706e-03 -1.22641e-02 -1.47063e-03 -7.79315e-04  1.76726e-01
 9.10000e+01  2.38740e-01 -2.81098e-03  6.44969e-03 -1.17742e-02 -1.43410e-03 -7.48253e-04  1.77170e-01
 9.15000e+01  2.39304e-01 -2.69454e-03  6.48073e-03 -1.12599e-02 -1.39903e-03 -7.18825e-04  1.77590e-01
 9.20000e+01  2.39835e-01 -2.57157e-03  6.51016e-03 -1.07223e-02 -1.36549e-03 -6.91045e-04  1.77986e-01
 9.25000e+01  2.40332e-01 -2.44237e-03  6.53794e-03 -1.01625e-02 -1.33359e-03 -6.64926e-04  1.78357e-01
 9.30000e+01  2.40796e-01 -2.30725e-03  6.56404e-03 -9.58175e-03 -1.30339e-03 -6.40478e-04  1.78704e-01
 9.35000e+01  2.41228e-01 -2.16655e-03  6.58843e-03 -8.98134e-03 -1.27497e-03 -6.17708e-04  1.79027e-01
 9.40000e+01  2.41627e-01 -2.02061e-03  6.61110e-03 -8.36253e-03 -1.24839e-03 -5.96623e-04  1.79325e-01
 9.45000e+01  2.41993e-01 -1.86979e-03  6.63202e-03 -7.72662e-03 -1.22373e-03 -5.77224e-04  1.79599e-01
 9.50000e+01  2.42327e-01 -1.71446e-03  6.65118e-03 -7.07497e-03 -1.20102e-03 -5.59516e-04  1.79850e-01
 9.55000e+01  2.42629e-01 -1.55499e-03  6.66856e-03 -6.40892e-03 -1.18034e-03 -5.43498e-04  1.80076e-01
 9.60000e+01  2.42898e-01 -1.39178e-03  6.68415e-03 -5.72987e-03 -1.16171e-03 -5.29170e-04  1.80278e-01
 9.65000e+01  2.43136e-01 -1.22521e-03  6.69792e-03 -5.03921e-03 -1.14518e-03 -5.16533e-04  1.80456e-01
 9.70000e+01  2.43342e-01 -1.05570e-03  6.70988e-03 -4.33835e-03 -1.13078e-03 -5.05585e-04  1.80610e-01
 9.75000e+01  2.43516e-01 -8.83653e-04  6.72002e-03 -3.62873e-03 -1.11855e-03 -4.96324e-04  1.80741e-01
 9.80000e+01  2.43658e-01 -7.09481e-04  6.72832e-03 -2.91180e-03 -1.10851e-03 -4.88750e-04  1.80848e-01
 9.85000e+01  2.43768e-01 -5.33606e-04  6.73478e-03 -2.18899e-03 -1.10068e-03 -4.82860e-04  1.80931e-01
 9.90000e+01  2.43847e-01 -3.56450e-04  6.73940e-03 -1.46178e-03 -1.09507e-03 -4.78654e-04  1.80990e-01
 9.95000e+01  2.43894e-01 -1.78439e-04  6.74217e-03 -7.31625e-04 -1.09171e-03 -4.76131e-04  1.81025e-01
