 0.00000e+00  2.10654e-01 -2.39996e-15  9.73116e-02 -1.13929e-14  7.52908e-02  4.48403e-01
 5.00000e-01  2.10648e-01  4.06978e-05  9.73128e-02  1.93203e-04  7.52913e-02  4.48411e-01
 1.00000e+00  2.10632e-01  8.13601e-05  9.73163e-02  3.86267e-04  7.52929e-02  4.48435e-01
 1.50000e+00  2.10605e-01  1.21951e-04  9.73222e-02  5.79054e-04  7.52955e-02  4.48475e-01
 2.00000e+00  2.10567e-01  1.62436e-04  9.73303e-02  7.71424e-04  7.52991e-02  4.48532e-01
 2.50000e+00  2.10518e-01  2.02779e-04  9.73409e-02  9.63238e-04  7.53038e-02  4.48604e-01
 3.00000e+00  2.10458e-01  2.42944e-04  9.73537e-02  1.15436e-03  7.53095e-02  4.48692e-01
 3.50000e+00  2.10388e-01  2.82896e-04  9.73688e-02  1.34464e-03  7.53162e-02  4.48796e-01
 4.00000e+00  2.10307e-01  3.22601e-04  9.73863e-02  1.53395e-03  7.53240e-02  4.48916e-01
 4.50000e+00  2.10216e-01  3.62022e-04  9.74060e-02  1.72214e-03  7.53328e-02  4.49052e-01
 5.00000e+00  2.10114e-01  4.01124e-04  9.74280e-02  1.90908e-03  7.53427e-02  4.49203e-01
 5.50000e+00  2.10002e-01  4.39873e-04  9.74523e-02  2.09461e-03  7.53536e-02  4.49370e-01
 6.00000e+00  2.09880e-01  4.78234e-04  9.74788e-02  2.27861e-03  7.53655e-02  4.49553e-01
 6.50000e+00  2.09748e-01  5.16171e-04  9.75075e-02  2.46091e-03  7.53784e-02  4.49752e-01
 7.00000e+00  2.09605e-01  5.53650e-04  9.75385e-02  2.64139e-03  7.53924e-02  4.49966e-01
 7.50000e+00  2.09453e-01  5.90636e-04  9.75716e-02  2.81989e-03  7.54074e-02  4.50195e-01
 8.00000e+00  2.09292e-01  6.27096e-04  9.76069e-02  2.99627e-03  7.54234e-02  4.50439e-01
 8.50000e+00  2.09121e-01  6.62994e-04  9.76443e-02  3.17039e-03  7.54404e-02  4.50699e-01
 9.00000e+00  2.08941e-01  6.98297e-04  9.76839e-02  3.34209e-03  7.54584e-02  4.50974e-01
 9.50000e+00  2.08751e-01  7.32972e-04  9.77256e-02  3.51122e-03  7.54775e-02  4.51263e-01
 1.00000e+01  2.08553e-01  7.66983e-04  9.77693e-02  3.67764e-03  7.54975e-02  4.51568e-01
 1.05000e+01  2.08346e-01  8.00299e-04  9.78151e-02  3.84120e-03  7.55186e-02  4.51886e-01
 1.10000e+01  2.08131e-01  8.32885e-04  9.78628e-02  4.00174e-03  7.55407e-02  4.52220e-01
 1.15000e+01  2.07907e-01  8.64710e-04  9.79126e-02  4.15911e-03  7.55637e-02  4.52567e-01
 1.20000e+01  2.07676e-01  8.95740e-04  9.79643e-02  4.31316e-03  7.55878e-02  4.52929e-01
 1.25000e+01  2.07437e-01  9.25943e-04  9.80179e-02  4.46374e-03  7.56128e-02  4.53304e-01
 1.30000e+01  2.07190e-01  9.55287e-04  9.80734e-02  4.61068e-03  7.56388e-02  4.53693e-01
 1.35000e+01  2.06936e-01  9.83741e-04  9.81308e-02  4.75384e-03  7.56659e-02  4.54096e-01
 1.40000e+01  2.06675e-01  1.01127e-03  9.81899e-02  4.89305e-03  7.56939e-02  4.54512e-01
 1.45000e+01  2.06408e-01  1.03785e-03  9.82509e-02  5.02816e-03  7.57228e-02  4.54941e-01
 1.50000e+01  2.06134e-01  1.06345e-03  9.83136e-02  5.15900e-03  7.57527e-02  4.55382e-01
 1.55000e+01  2.05854e-01  1.08803e-03  9.83779e-02  5.28543e-03  7.57836e-02  4.55837e-01
 1.60000e+01  2.05569e-01  1.11156e-03  9.84440e-02  5.40726e-03  7.58155e-02  4.56303e-01
 1.65000e+01  2.05278e-01  1.13403e-03  9.85117e-02  5.52435e-03  7.58483e-02  4.56782e-01
 1.70000e+01  2.04982e-01  1.15539e-03  9.85809e-02  5.63653e-03  7.58820e-02  4.57272e-01
 1.75000e+01  2.04681e-01  1.17561e-03  9.86518e-02  5.74364e-03  7.59167e-02  4.57773e-01
 1.80000e+01  2.04375e-01  1.19467e-03  9.87241e-02  5.84550e-03  7.59523e-02  4.58286e-01
 1.85000e+01  2.04065e-01  1.21255e-03  9.87979e-02  5.94196e-03  7.59889e-02  4.58809e-01
 1.90000e+01  2.03752e-01  1.22920e-03  9.88731e-02  6.03284e-03  7.60264e-02  4.59343e-01
 1.95000e+01  2.03435e-01  1.24461e-03  9.89497e-02  6.11799e-03  7.60647e-02  4.59887e-01
 2.00000e+01  2.03115e-01  1.25875e-03  9.90276e-02  6.19723e-03  7.61040e-02  4.60440e-01
 2.05000e+01  2.02792e-01  1.27158e-03  9.91068e-02  6.27040e-03  7.61442e-02  4.61003e-01
 2.10000e+01  2.02466e-01  1.28310e-03  9.91873e-02  6.33734e-03  7.61852e-02  4.61575e-01
 2.15000e+01  2.02139e-01  1.29326e-03  9.92690e-02  6.39788e-03  7.62272e-02  4.62155e-01
 2.20000e+01  2.01809e-01  1.30205e-03  9.93518e-02  6.45188e-03  7.62700e-02  4.62743e-01
 2.25000e+01  2.01479e-01  1.30944e-03  9.94358e-02  6.49916e-03  7.63136e-02  4.63339e-01
 2.30000e+01  2.01147e-01  1.31542e-03  9.95207e-02  6.53960e-03  7.63581e-02  4.63942e-01
 2.35000e+01  2.00815e-01  1.31996e-03  9.96067e-02  6.57304e-03  7.64034e-02  4.64552e-01
 2.40000e+01  2.00482e-01  1.32305e-03  9.96937e-02  6.59935e-03  7.64495e-02  4.65168e-01
 2.45000e+01  2.00149e-01  1.32467e-03  9.97815e-02  6.61841e-03  7.64964e-02  4.65790e-01
 2.50000e+01  1.99817e-01  1.32481e-03  9.98702e-02  6.63011e-03  7.65440e-02  4.66417e-01
 2.55000e+01  1.99486e-01  1.32345e-03  9.99596e-02  6.63433e-03  7.65924e-02  4.67048e-01
 2.60000e+01  1.99155e-01  1.32060e-03  1.00050e-01  6.63100e-03  7.66415e-02  4.67684e-01
 2.65000e+01  1.98826e-01  1.31624e-03  1.00141e-01  6.62004e-03  7.66913e-02  4.68324e-01
 2.70000e+01  1.98499e-01  1.31037e-03  1.00232e-01  6.60140e-03  7.67417e-02  4.68966e-01
 2.75000e+01  1.98174e-01  1.30300e-03  1.00324e-01  6.57504e-03  7.67928e-02  4.69610e-01
 2.80000e+01  1.97851e-01  1.29413e-03  1.00416e-01  6.54094e-03  7.68444e-02  4.70257e-01
 2.85000e+01  1.97531e-01  1.28378e-03  1.00509e-01  6.49911e-03  7.68965e-02  4.70904e-01
 2.90000e+01  1.97214e-01  1.27195e-03  1.00602e-01  6.44956e-03  7.69491e-02  4.71552e-01
 2.95000e+01  1.96901e-01  1.25866e-03  1.00695e-01  6.39236e-03  7.70021e-02  4.72200e-01
 3.00000e+01  1.96591e-01  1.24394e-03  1.00788e-01  6.32756e-03  7.70555e-02  4.72846e-01
 3.05000e+01  1.96285e-01  1.22781e-03  1.00881e-01  6.25526e-03  7.71092e-02  4.73491e-01
 3.10000e+01  1.95984e-01  1.21031e-03  1.00974e-01  6.17557e-03  7.71632e-02  4.74133e-01
 3.15000e+01  1.95687e-01  1.19147e-03  1.01067e-01  6.08865e-03  7.72173e-02  4.74773e-01
 3.20000e+01  1.95395e-01  1.17132e-03  1.01159e-01  5.99464e-03  7.72715e-02  4.75408e-01
 3.25000e+01  1.95107e-01  1.14991e-03  1.01251e-01  5.89373e-03  7.73257e-02  4.76038e-01
 3.30000e+01  1.94826e-01  1.12729e-03  1.01342e-01  5.78613e-03  7.73798e-02  4.76663e-01
 3.35000e+01  1.94550e-01  1.10350e-03  1.01433e-01  5.67206e-03  7.74338e-02  4.77282e-01
 3.40000e+01  1.94279e-01  1.07859e-03  1.01523e-01  5.55175e-03  7.74876e-02  4.77894e-01
 3.45000e+01  1.94015e-01  1.05262e-03  1.01612e-01  5.42548e-03  7.75410e-02  4.78497e-01
 3.50000e+01  1.93757e-01  1.02565e-03  1.01699e-01  5.29350e-03  7.75940e-02  4.79092e-01
 3.55000e+01  1.93505e-01  9.97731e-04  1.01786e-01  5.15610e-03  7.76465e-02  4.79677e-01
 3.60000e+01  1.93260e-01  9.68922e-04  1.01871e-01  5.01356e-03  7.76983e-02  4.80252e-01
 3.65000e+01  1.93022e-01  9.39283e-04  1.01955e-01  4.86619e-03  7.77495e-02  4.80816e-01
 3.70000e+01  1.92791e-01  9.08874e-04  1.02037e-01  4.71429e-03  7.77998e-02  4.81368e-01
 3.75000e+01  1.92567e-01  8.77754e-04  1.02117e-01  4.55816e-03  7.78493e-02  4.81906e-01
 3.80000e+01  1.92351e-01  8.45981e-04  1.02195e-01  4.39811e-03  7.78977e-02  4.82431e-01
 3.85000e+01  1.92142e-01  8.13613e-04  1.02272e-01  4.23443e-03  7.79450e-02  4.82942e-01
 3.90000e+01  1.91941e-01  7.80707e-04  1.02346e-01  4.06743e-03  7.79911e-02  4.83437e-01
 3.95000e+01  1.91748e-01  7.47316e-04  1.02418e-01  3.89739e-03  7.80359e-02  4.83916e-01
 4.00000e+01  1.91562e-01  7.13492e-04  1.02487e-01  3.72459e-03  7.80793e-02  4.84379e-01
 4.05000e+01  1.91385e-01  6.79285e-04  1.02554e-01  3.54930e-03  7.81212e-02  4.84824e-01
 4.10000e+01  1.91217e-01  6.44742e-04  1.02618e-01  3.37179e-03  7.81616e-02  4.85251e-01
 4.15000e+01  1.91056e-01  6.09906e-04  1.02680e-01  3.19229e-03  7.82003e-02  4.85659e-01
 4.20000e+01  1.90904e-01  5.74818e-04  1.02738e-01  3.01103e-03  7.82372e-02  4.86047e-01
 4.25000e+01  1.90761e-01  5.39516e-04  1.02794e-01  2.82823e-03  7.82723e-02  4.86415e-01
 4.30000e+01  1.90626e-01  5.04034e-04  1.02846e-01  2.64409e-03  7.83055e-02  4.86762e-01
 4.35000e+01  1.90501e-01  4.68402e-04  1.02895e-01  2.45879e-03  7.83367e-02  4.87088e-01
 4.40000e+01  1.90384e-01  4.32647e-04  1.02941e-01  2.27250e-03  7.83659e-02  4.87392e-01
 4.45000e+01  1.90276e-01  3.96795e-04  1.02984e-01  2.08536e-03  7.83930e-02  4.87674e-01
 4.50000e+01  1.90178e-01  3.60866e-04  1.03023e-01  1.89752e-03  7.84180e-02  4.87933e-01
 4.55000e+01  1.90088e-01  3.24878e-04  1.03059e-01  1.70909e-03  7.84407e-02  4.88168e-01
 4.60000e+01  1.90008e-01  2.88845e-04  1.03091e-01  1.52017e-03  7.84611e-02  4.88380e-01
 4.65000e+01  1.89937e-01  2.52780e-04  1.03120e-01  1.33086e-03  7.84793e-02  4.88568e-01
 4.70000e+01  1.89875e-01  2.16693e-04  1.03144e-01  1.14124e-03  7.84951e-02  4.88731e-01
 4.75000e+01  1.89823e-01  1.80590e-04  1.03165e-01  9.51361e-04  7.85085e-02  4.88870e-01
 4.80000e+01  1.89780e-01  1.44479e-04  1.03183e-01  7.61296e-04  7.85196e-02  4.88983e-01
 4.85000e+01  1.89747e-01  1.08362e-04  1.03196e-01  5.71087e-04  7.85282e-02  4.89072e-01
 4.90000e+01  1.89723e-01  7.22425e-05  1.03206e-01  3.80778e-04  7.85343e-02  4.89135e-01
 4.95000e+01  1.89709e-01  3.61215e-05  1.03211e-01  1.90405e-04  7.85380e-02  4.89174e-01
 5.00000e+01  1.89704e-01  1.58540e-15  1.03213e-01  8.35721e-15  7.85393e-02  4.89186e-01
 5.05000e+01  1.89709e-01 -3.61215e-05  1.03211e-01 -1.90405e-04  7.85380e-02  4.89174e-01
 5.10000e+01  1.89723e-01 -7.22425e-05  1.03206e-01 -3.80778e-04  7.85343e-02  4.89135e-01
 5.15000e+01  1.89747e-01 -1.08362e-04  1.03196e-01 -5.71087e-04  7.85282e-02  4.89072e-01
 5.20000e+01  1.89780e-01 -1.44479e-04  1.03183e-01 -7.61296e-04  7.85196e-02  4.88983e-01
 5.25000e+01  1.89823e-01 -1.80590e-04  1.03165e-01 -9.51361e-04  7.85085e-02  4.88870e-01
 5.30000e+01  1.89875e-01 -2.16693e-04  1.03144e-01 -1.14124e-03  7.84951e-02  4.88731e-01
 5.35000e+01  1.89937e-01 -2.52780e-04  1.03120e-01 -1.33086e-03  7.84793e-02  4.88568e-01
 5.40000e+01  1.90008e-01 -2.88845e-04  1.03091e-01 -1.52017e-03  7.84611e-02  4.88380e-01
 5.45000e+01  1.90088e-01 -3.24878e-04  1.03059e-01 -1.70909e-03  7.84407e-02  4.88168e-01
 5.50000e+01  1.90178e-01 -3.60866e-04  1.03023e-01 -1.89752e-03  7.84180e-02  4.87933e-01
 5.55000e+01  1.90276e-01 -3.96795e-04  1.02984e-01 -2.08536e-03  7.83930e-02  4.87674e-01
 5.60000e+01  1.90384e-01 -4.32647e-04  1.02941e-01 -2.27250e-03  7.83659e-02  4.87392e-01
 5.65000e+01  1.90501e-01 -4.68402e-04  1.02895e-01 -2.45879e-03  7.83367e-02  4.87088e-01
 5.70000e+01  1.90626e-01 -5.04034e-04  1.02846e-01 -2.64409e-03  7.83055e-02  4.86762e-01
 5.75000e+01  1.90761e-01 -5.39516e-04  1.02794e-01 -2.82823e-03  7.82723e-02  4.86415e-01
 5.80000e+01  1.90904e-01 -5.74818e-04  1.02738e-01 -3.01103e-03  7.82372e-02  4.86047e-01
 5.85000e+01  1.91056e-01 -6.09906e-04  1.02680e-01 -3.19229e-03  7.82003e-02  4.85659e-01
 5.90000e+01  1.91217e-01 -6.44742e-04  1.02618e-01 -3.37179e-03  7.81616e-02  4.85251e-01
 5.95000e+01  1.91385e-01 -6.79285e-04  1.02554e-01 -3.54930e-03  7.81212e-02  4.84824e-01
 6.00000e+01  1.91562e-01 -7.13492e-04  1.02487e-01 -3.72459e-03  7.80793e-02  4.84379e-01
 6.05000e+01  1.91748e-01 -7.47316e-04  1.02418e-01 -3.89739e-03  7.80359e-02  4.83916e-01
 6.10000e+01  1.91941e-01 -7.80707e-04  1.02346e-01 -4.06743e-03  7.79911e-02  4.83437e-01
 6.15000e+01  1.92142e-01 -8.13613e-04  1.02272e-01 -4.23443e-03  7.79450e-02  4.82942e-01
 6.20000e+01  1.92351e-01 -8.45981e-04  1.02195e-01 -4.39811e-03  7.78977e-02  4.82431e-01
 6.25000e+01  1.92567e-01 -8.77754e-04  1.02117e-01 -4.55816e-03  7.78493e-02  4.81906e-01
 6.30000e+01  1.92791e-01 -9.08874e-04  1.02037e-01 -4.71429e-03  7.77998e-02  4.81368e-01
 6.35000e+01  1.93022e-01 -9.39283e-04  1.01955e-01 -4.86619e-03  7.77495e-02  4.80816e-01
 6.40000e+01  1.93260e-01 -9.68922e-04  1.01871e-01 -5.01356e-03  7.76983e-02  4.80252e-01
 6.45000e+01  1.93505e-01 -9.97731e-04  1.01786e-01 -5.15610e-03  7.76465e-02  4.79677e-01
 6.50000e+01  1.93757e-01 -1.02565e-03  1.01699e-01 -5.29350e-03  7.75940e-02  4.79092e-01
 6.55000e+01  1.94015e-01 -1.05262e-03  1.01612e-01 -5.42548e-03  7.75410e-02  4.78497e-01
 6.60000e+01  1.94279e-01 -1.07859e-03  1.01523e-01 -5.55175e-03  7.74876e-02  4.77894e-01
 6.65000e+01  1.94550e-01 -1.10350e-03  1.01433e-01 -5.67206e-03  7.74338e-02  4.77282e-01
 6.70000e+01  1.94826e-01 -1.12729e-03  1.01342e-01 -5.78613e-03  7.73798e-02  4.76663e-01
 6.75000e+01  1.95107e-01 -1.14991e-03  1.01251e-01 -5.89373e-03  7.73257e-02  4.76038e-01
 6.80000e+01  1.95395e-01 -1.17132e-03  1.01159e-01 -5.99464e-03  7.72715e-02  4.75408e-01
 6.85000e+01  1.95687e-01 -1.19147e-03  1.01067e-01 -6.08865e-03  7.72173e-02  4.74773e-01
 6.90000e+01  1.95984e-01 -1.21031e-03  1.00974e-01 -6.17557e-03  7.71632e-02  4.74133e-01
 6.95000e+01  1.96285e-01 -1.22781e-03  1.00881e-01 -6.25526e-03  7.71092e-02  4.73491e-01
 7.00000e+01  1.96591e-01 -1.24394e-03  1.00788e-01 -6.32756e-03  7.70555e-02  4.72846e-01
 7.05000e+01  1.96901e-01 -1.25866e-03  1.00695e-01 -6.39236e-03  7.70021e-02  4.72200e-01
 7.10000e+01  1.97214e-01 -1.27195e-03  1.00602e-01 -6.44956e-03  7.69491e-02  4.71552e-01
 7.15000e+01  1.97531e-01 -1.28378e-03  1.00509e-01 -6.49911e-03  7.68965e-02  4.70904e-01
 7.20000e+01  1.97851e-01 -1.29413e-03  1.00416e-01 -6.54094e-03  7.68444e-02  4.70257e-01
 7.25000e+01  1.98174e-01 -1.30300e-03  1.00324e-01 -6.57504e-03  7.67928e-02  4.69610e-01
 7.30000e+01  1.98499e-01 -1.31037e-03  1.00232e-01 -6.60140e-03  7.67417e-02  4.68966e-01
 7.35000e+01  1.98826e-01 -1.31624e-03  1.00141e-01 -6.62004e-03  7.66913e-02  4.68324e-01
 7.40000e+01  1.99155e-01 -1.32060e-03  1.00050e-01 -6.63100e-03  7.66415e-02  4.67684e-01
 7.45000e+01  1.99486e-01 -1.32345e-03  9.99596e-02 -6.63433e-03  7.65924e-02  4.67048e-01
 7.50000e+01  1.99817e-01 -1.32481e-03  9.98702e-02 -6.63011e-03  7.65440e-02  4.66417e-01
 7.55000e+01  2.00149e-01 -1.32467e-03  9.97815e-02 -6.61841e-03  7.64964e-02  4.65790e-01
 7.60000e+01  2.00482e-01 -1.32305e-03  9.96937e-02 -6.59935e-03  7.64495e-02  4.65168e-01
 7.65000e+01  2.00815e-01 -1.31996e-03  9.96067e-02 -6.57304e-03  7.64034e-02  4.64552e-01
 7.70000e+01  2.01147e-01 -1.31542e-03  9.95207e-02 -6.53960e-03  7.63581e-02  4.63942e-01
 7.75000e+01  2.01479e-01 -1.30944e-03  9.94358e-02 -6.49916e-03  7.63136e-02  4.63339e-01
 7.80000e+01  2.01809e-01 -1.30205e-03  9.93518e-02 -6.45188e-03  7.62700e-02  4.62743e-01
 7.85000e+01  2.02139e-01 -1.29326e-03  9.92690e-02 -6.39788e-03  7.62272e-02  4.62155e-01
 7.90000e+01  2.02466e-01 -1.28310e-03  9.91873e-02 -6.33734e-03  7.61852e-02  4.61575e-01
 7.95000e+01  2.02792e-01 -1.27158e-03  9.91068e-02 -6.27040e-03  7.61442e-02  4.61003e-01
 8.00000e+01  2.03115e-01 -1.25875e-03  9.90276e-02 -6.19723e-03  7.61040e-02  4.60440e-01
 8.05000e+01  2.03435e-01 -1.24461e-03  9.89497e-02 -6.11799e-03  7.60647e-02  4.59887e-01
 8.10000e+01  2.03752e-01 -1.22920e-03  9.88731e-02 -6.03284e-03  7.60264e-02  4.59343e-01
 8.15000e+01  2.04065e-01 -1.21255e-03  9.87979e-02 -5.94196e-03  7.59889e-02  4.58809e-01
 8.20000e+01  2.04375e-01 -1.19467e-03  9.87241e-02 -5.84550e-03  7.59523e-02  4.58286e-01
 8.25000e+01  2.04681e-01 -1.17561e-03  9.86518e-02 -5.74364e-03  7.59167e-02  4.57773e-01
 8.30000e+01  2.04982e-01 -1.15539e-03  9.85809e-02 -5.63653e-03  7.58820e-02  4.57272e-01
 8.35000e+01  2.05278e-01 -1.13403e-03  9.85117e-02 -5.52435e-03  7.58483e-02  4.56782e-01
 8.40000e+01  2.05569e-01 -1.11156e-03  9.84440e-02 -5.40726e-03  7.58155e-02  4.56303e-01
 8.45000e+01  2.05854e-01 -1.08803e-03  9.83779e-02 -5.28543e-03  7.57836e-02  4.55837e-01
 8.50000e+01  2.06134e-01 -1.06345e-03  9.83136e-02 -5.15900e-03  7.57527e-02  4.55382e-01
 8.55000e+01  2.06408e-01 -1.03785e-03  9.82509e-02 -5.02816e-03  7.57228e-02  4.54941e-01
 8.60000e+01  2.06675e-01 -1.01127e-03  9.81899e-02 -4.89305e-03  7.56939e-02  4.54512e-01
 8.65000e+01  2.06936e-01 -9.83741e-04  9.81308e-02 -4.75384e-03  7.56659e-02  4.54096e-01
 8.70000e+01  2.07190e-01 -9.55287e-04  9.80734e-02 -4.61068e-03  7.56388e-02  4.53693e-01
 8.75000e+01  2.07437e-01 -9.25943e-04  9.80179e-02 -4.46374e-03  7.56128e-02  4.53304e-01
 8.80000e+01  2.07676e-01 -8.95740e-04  9.79643e-02 -4.31316e-03  7.55878e-02  4.52929e-01
 8.85000e+01  2.07907e-01 -8.64710e-04  9.79126e-02 -4.15911e-03  7.55637e-02  4.52567e-01
 8.90000e+01  2.08131e-01 -8.32885e-04  9.78628e-02 -4.00174e-03  7.55407e-02  4.52220e-01
 8.95000e+01  2.08346e-01 -8.00299e-04  9.78151e-02 -3.84120e-03  7.55186e-02  4.51886e-01
 9.00000e+01  2.08553e-01 -7.66983e-04  9.77693e-02 -3.67764e-03  7.54975e-02  4.51568e-01
 9.05000e+01  2.08751e-01 -7.32972e-04  9.77256e-02 -3.51122e-03  7.54775e-02  4.51263e-01
 9.10000e+01  2.08941e-01 -6.98297e-04  9.76839e-02 -3.34209e-03  7.54584e-02  4.50974e-01
 9.15000e+01  2.09121e-01 -6.62994e-04  9.76443e-02 -3.17039e-03  7.54404e-02  4.50699e-01
 9.20000e+01  2.09292e-01 -6.27096e-04  9.76069e-02 -2.99627e-03  7.54234e-02  4.50439e-01
 9.25000e+01  2.09453e-01 -5.90636e-04  9.75716e-02 -2.81989e-03  7.54074e-02  4.50195e-01
 9.30000e+01  2.09605e-01 -5.53650e-04  9.75385e-02 -2.64139e-03  7.53924e-02  4.49966e-01
 9.35000e+01  2.09748e-01 -5.16171e-04  9.75075e-02 -2.46091e-03  7.53784e-02  4.49752e-01
 9.40000e+01  2.09880e-01 -4.78234e-04  9.74788e-02 -2.27861e-03  7.53655e-02  4.49553e-01
 9.45000e+01  2.10002e-01 -4.39873e-04  9.74523e-02 -2.09461e-03  7.53536e-02  4.49370e-01
 9.50000e+01  2.10114e-01 -4.01124e-04  9.74280e-02 -1.90908e-03  7.53427e-02  4.49203e-01
 9.55000e+01  2.10216e-01 -3.62022e-04  9.74060e-02 -1.72214e-03  7.53328e-02  4.49052e-01
 9.60000e+01  2.10307e-01 -3.22601e-04  9.73863e-02 -1.53395e-03  7.53240e-02  4.48916e-01
 9.65000e+01  2.10388e-01 -2.82896e-04  9.73688e-02 -1.34464e-03  7.53162e-02  4.48796e-01
 9.70000e+01  2.10458e-01 -2.42944e-04  9.73537e-02 -1.15436e-03  7.53095e-02  4.48692e-01
 9.75000e+01  2.10518e-01 -2.02779e-04  9.73409e-02 -9.63238e-04  7.53038e-02  4.48604e-01
 9.80000e+01  2.10567e-01 -1.62436e-04  9.73303e-02 -7.71424e-04  7.52991e-02  4.48532e-01
 9.85000e+01  2.10605e-01 -1.21951e-04  9.73222e-02 -5.79054e-04  7.52955e-02  4.48475e-01
 9.90000e+01  2.10632e-01 -8.13601e-05  9.73163e-02 -3.86267e-04  7.52929e-02  4.48435e-01
 9.95000e+01  2.10648e-01 -4.06978e-05  9.73128e-02 -1.93203e-04  7.52913e-02  4.48411e-01
