 0.00000e+00  1.00099e+00  0.00000e+00  1.50248e+00  0.00000e+00  1.00164e+00  1.00065e+00
 1.00000e-01  1.00099e+00  1.02313e-06  1.50248e+00  1.02212e-06  1.00164e+00  1.00065e+00
 2.00000e-01  1.00099e+00  2.04621e-06  1.50247e+00  2.04419e-06  1.00164e+00  1.00065e+00
 3.00000e-01  1.00099e+00  3.06918e-06  1.50247e+00  3.06615e-06  1.00164e+00  1.00065e+00
 4.00000e-01  1.00099e+00  4.09200e-06  1.50247e+00  4.08795e-06  1.00164e+00  1.00065e+00
 5.00000e-01  1.00099e+00  5.11459e-06  1.50247e+00  5.10954e-06  1.00164e+00  1.00065e+00
 6.00000e-01  1.00099e+00  6.13693e-06  1.50247e+00  6.13086e-06  1.00164e+00  1.00065e+00
 7.00000e-01  1.00099e+00  7.15894e-06  1.50247e+00  7.15187e-06  1.00164e+00  1.00065e+00
 8.00000e-01  1.00099e+00  8.18058e-06  1.50247e+00  8.17250e-06  1.00164e+00  1.00065e+00
 9.00000e-01  1.00099e+00  9.20179e-06  1.50247e+00  9.19270e-06  1.00164e+00  1.00065e+00
 1.00000e+00  1.00099e+00  1.02225e-05  1.50247e+00  1.02124e-05  1.00164e+00  1.00065e+00
 1.10000e+00  1.00099e+00  1.12427e-05  1.50247e+00  1.12316e-05  1.00164e+00  1.00065e+00
 1.20000e+00  1.00099e+00  1.22623e-05  1.50247e+00  1.22502e-05  1.00164e+00  1.00065e+00
 1.30000e+00  1.00099e+00  1.32813e-05  1.50247e+00  1.32682e-05  1.00164e+00  1.00065e+00
 1.40000e+00  1.00099e+00  1.42996e-05  1.50247e+00  1.42855e-05  1.00164e+00  1.00065e+00
 1.50000e+00  1.00099e+00  1.53171e-05  1.50246e+00  1.53020e-05  1.00164e+00  1.00065e+00
 1.60000e+00  1.00098e+00  1.63338e-05  1.50246e+00  1.63178e-05  1.00164e+00  1.00065e+00
 1.70000e+00  1.00098e+00  1.73497e-05  1.50246e+00  1.73327e-05  1.00163e+00  1.00065e+00
 1.80000e+00  1.00098e+00  1.83647e-05  1.50246e+00  1.83467e-05  1.00163e+00  1.00065e+00
 1.90000e+00  1.00098e+00  1.93787e-05  1.50246e+00  1.93597e-05  1.00163e+00  1.00065e+00
 2.00000e+00  1.00098e+00  2.03917e-05  1.50246e+00  2.03717e-05  1.00163e+00  1.00065e+00
 2.10000e+00  1.00098e+00  2.14037e-05  1.50245e+00  2.13827e-05  1.00163e+00  1.00065e+00
 2.20000e+00  1.00098e+00  2.24145e-05  1.50245e+00  2.23926e-05  1.00163e+00  1.00065e+00
 2.30000e+00  1.00098e+00  2.34242e-05  1.50245e+00  2.34013e-05  1.00163e+00  1.00065e+00
 2.40000e+00  1.00098e+00  2.44326e-05  1.50245e+00  2.44088e-05  1.00163e+00  1.00065e+00
 2.50000e+00  1.00098e+00  2.54398e-05  1.50244e+00  2.54150e-05  1.00162e+00  1.00065e+00
 2.60000e+00  1.00098e+00  2.64457e-05  1.50244e+00  2.64199e-05  1.00162e+00  1.00064e+00
 2.70000e+00  1.00098e+00  2.74502e-05  1.50244e+00  2.74234e-05  1.00162e+00  1.00064e+00
 2.80000e+00  1.00097e+00  2.84532e-05  1.50244e+00  2.84255e-05  1.00162e+00  1.00064e+00
 2.90000e+00  1.00097e+00  2.94548e-05  1.50243e+00  2.94261e-05  1.00162e+00  1.00064e+00
 3.00000e+00  1.00097e+00  3.04548e-05  1.50243e+00  3.04252e-05  1.00161e+00  1.00064e+00
 3.10000e+00  1.00097e+00  3.14532e-05  1.50243e+00  3.14227e-05  1.00161e+00  1.00064e+00
 3.20000e+00  1.00097e+00  3.24501e-05  1.50243e+00  3.24186e-05  1.00161e+00  1.00064e+00
 3.30000e+00  1.00097e+00  3.34452e-05  1.50242e+00  3.34128e-05  1.00161e+00  1.00064e+00
 3.40000e+00  1.00097e+00  3.44386e-05  1.50242e+00  3.44053e-05  1.00161e+00  1.00064e+00
 3.50000e+00  1.00097e+00  3.54302e-05  1.50242e+00  3.53960e-05  1.00160e+00  1.00064e+00
 3.60000e+00  1.00096e+00  3.64200e-05  1.50241e+00  3.63848e-05  1.00160e+00  1.00064e+00
 3.70000e+00  1.00096e+00  3.74078e-05  1.50241e+00  3.73718e-05  1.00160e+00  1.00064e+00
 3.80000e+00  1.00096e+00  3.83938e-05  1.50241e+00  3.83569e-05  1.00160e+00  1.00063e+00
 3.90000e+00  1.00096e+00  3.93777e-05  1.50240e+00  3.93399e-05  1.00160e+00  1.00063e+00
 4.00000e+00  1.00096e+00  4.03596e-05  1.50240e+00  4.03209e-05  1.00159e+00  1.00063e+00
 4.10000e+00  1.00096e+00  4.13394e-05  1.50239e+00  4.12999e-05  1.00159e+00  1.00063e+00
 4.20000e+00  1.00096e+00  4.23171e-05  1.50239e+00  4.22766e-05  1.00159e+00  1.00063e+00
 4.30000e+00  1.00095e+00  4.32925e-05  1.50239e+00  4.32512e-05  1.00158e+00  1.00063e+00
 4.40000e+00  1.00095e+00  4.42657e-05  1.50238e+00  4.42236e-05  1.00158e+00  1.00063e+00
 4.50000e+00  1.00095e+00  4.52367e-05  1.50238e+00  4.51937e-05  1.00158e+00  1.00063e+00
 4.60000e+00  1.00095e+00  4.62053e-05  1.50237e+00  4.61615e-05  1.00158e+00  1.00063e+00
 4.70000e+00  1.00095e+00  4.71715e-05  1.50237e+00  4.71268e-05  1.00157e+00  1.00063e+00
 4.80000e+00  1.00095e+00  4.81352e-05  1.50236e+00  4.80897e-05  1.00157e+00  1.00062e+00
 4.90000e+00  1.00094e+00  4.90965e-05  1.50236e+00  4.90502e-05  1.00157e+00  1.00062e+00
 5.00000e+00  1.00094e+00  5.00552e-05  1.50236e+00  5.00081e-05  1.00156e+00  1.00062e+00
 5.10000e+00  1.00094e+00  5.10114e-05  1.50235e+00  5.09635e-05  1.00156e+00  1.00062e+00
 5.20000e+00  1.00094e+00  5.19649e-05  1.50235e+00  5.19162e-05  1.00156e+00  1.00062e+00
 5.30000e+00  1.00094e+00  5.29157e-05  1.50234e+00  5.28662e-05  1.00155e+00  1.00062e+00
 5.40000e+00  1.00093e+00  5.38638e-05  1.50234e+00  5.38135e-05  1.00155e+00  1.00062e+00
 5.50000e+00  1.00093e+00  5.48091e-05  1.50233e+00  5.47581e-05  1.00155e+00  1.00062e+00
 5.60000e+00  1.00093e+00  5.57516e-05  1.50233e+00  5.56998e-05  1.00154e+00  1.00061e+00
 5.70000e+00  1.00093e+00  5.66912e-05  1.50232e+00  5.66387e-05  1.00154e+00  1.00061e+00
 5.80000e+00  1.00093e+00  5.76279e-05  1.50231e+00  5.75746e-05  1.00154e+00  1.00061e+00
 5.90000e+00  1.00092e+00  5.85617e-05  1.50231e+00  5.85076e-05  1.00153e+00  1.00061e+00
 6.00000e+00  1.00092e+00  5.94924e-05  1.50230e+00  5.94376e-05  1.00153e+00  1.00061e+00
 6.10000e+00  1.00092e+00  6.04200e-05  1.50230e+00  6.03646e-05  1.00153e+00  1.00061e+00
 6.20000e+00  1.00092e+00  6.13446e-05  1.50229e+00  6.12884e-05  1.00152e+00  1.00060e+00
 6.30000e+00  1.00091e+00  6.22660e-05  1.50229e+00  6.22091e-05  1.00152e+00  1.00060e+00
 6.40000e+00  1.00091e+00  6.31842e-05  1.50228e+00  6.31266e-05  1.00151e+00  1.00060e+00
 6.50000e+00  1.00091e+00  6.40991e-05  1.50227e+00  6.40409e-05  1.00151e+00  1.00060e+00
 6.60000e+00  1.00091e+00  6.50108e-05  1.50227e+00  6.49519e-05  1.00151e+00  1.00060e+00
 6.70000e+00  1.00090e+00  6.59191e-05  1.50226e+00  6.58595e-05  1.00150e+00  1.00060e+00
 6.80000e+00  1.00090e+00  6.68240e-05  1.50226e+00  6.67638e-05  1.00150e+00  1.00060e+00
 6.90000e+00  1.00090e+00  6.77256e-05  1.50225e+00  6.76647e-05  1.00149e+00  1.00059e+00
 7.00000e+00  1.00090e+00  6.86236e-05  1.50224e+00  6.85622e-05  1.00149e+00  1.00059e+00
 7.10000e+00  1.00089e+00  6.95182e-05  1.50224e+00  6.94561e-05  1.00148e+00  1.00059e+00
 7.20000e+00  1.00089e+00  7.04092e-05  1.50223e+00  7.03465e-05  1.00148e+00  1.00059e+00
 7.30000e+00  1.00089e+00  7.12965e-05  1.50222e+00  7.12332e-05  1.00148e+00  1.00059e+00
 7.40000e+00  1.00089e+00  7.21803e-05  1.50222e+00  7.21164e-05  1.00147e+00  1.00058e+00
 7.50000e+00  1.00088e+00  7.30603e-05  1.50221e+00  7.29959e-05  1.00147e+00  1.00058e+00
 7.60000e+00  1.00088e+00  7.39367e-05  1.50220e+00  7.38717e-05  1.00146e+00  1.00058e+00
 7.70000e+00  1.00088e+00  7.48092e-05  1.50219e+00  7.47437e-05  1.00146e+00  1.00058e+00
 7.80000e+00  1.00087e+00  7.56780e-05  1.50219e+00  7.56119e-05  1.00145e+00  1.00058e+00
 7.90000e+00  1.00087e+00  7.65429e-05  1.50218e+00  7.64762e-05  1.00145e+00  1.00058e+00
 8.00000e+00  1.00087e+00  7.74039e-05  1.50217e+00  7.73367e-05  1.00144e+00  1.00057e+00
 8.10000e+00  1.00087e+00  7.82609e-05  1.50216e+00  7.81932e-05  1.00144e+00  1.00057e+00
 8.20000e+00  1.00086e+00  7.91140e-05  1.50216e+00  7.90458e-05  1.00143e+00  1.00057e+00
 8.30000e+00  1.00086e+00  7.99631e-05  1.50215e+00  7.98944e-05  1.00143e+00  1.00057e+00
 8.40000e+00  1.00086e+00  8.08081e-05  1.50214e+00  8.07389e-05  1.00142e+00  1.00057e+00
 8.50000e+00  1.00085e+00  8.16490e-05  1.50213e+00  8.15793e-05  1.00142e+00  1.00056e+00
 8.60000e+00  1.00085e+00  8.24857e-05  1.50213e+00  8.24156e-05  1.00141e+00  1.00056e+00
 8.70000e+00  1.00085e+00  8.33183e-05  1.50212e+00  8.32478e-05  1.00141e+00  1.00056e+00
 8.80000e+00  1.00084e+00  8.41466e-05  1.50211e+00  8.40757e-05  1.00140e+00  1.00056e+00
 8.90000e+00  1.00084e+00  8.49707e-05  1.50210e+00  8.48994e-05  1.00140e+00  1.00055e+00
 9.00000e+00  1.00084e+00  8.57906e-05  1.50209e+00  8.57188e-05  1.00139e+00  1.00055e+00
 9.10000e+00  1.00083e+00  8.66060e-05  1.50209e+00  8.65338e-05  1.00138e+00  1.00055e+00
 9.20000e+00  1.00083e+00  8.74171e-05  1.50208e+00  8.73446e-05  1.00138e+00  1.00055e+00
 9.30000e+00  1.00083e+00  8.82238e-05  1.50207e+00  8.81509e-05  1.00137e+00  1.00055e+00
 9.40000e+00  1.00082e+00  8.90260e-05  1.50206e+00  8.89528e-05  1.00137e+00  1.00054e+00
 9.50000e+00  1.00082e+00  8.98238e-05  1.50205e+00  8.97502e-05  1.00136e+00  1.00054e+00
 9.60000e+00  1.00082e+00  9.06170e-05  1.50204e+00  9.05431e-05  1.00136e+00  1.00054e+00
 9.70000e+00  1.00081e+00  9.14057e-05  1.50203e+00  9.13314e-05  1.00135e+00  1.00054e+00
 9.80000e+00  1.00081e+00  9.21898e-05  1.50203e+00  9.21152e-05  1.00134e+00  1.00053e+00
 9.90000e+00  1.00081e+00  9.29692e-05  1.50202e+00  9.28943e-05  1.00134e+00  1.00053e+00
 1.00000e+01  1.00080e+00  9.37440e-05  1.50201e+00  9.36688e-05  1.00133e+00  1.00053e+00
 1.01000e+01  1.00080e+00  9.45141e-05  1.50200e+00  9.44386e-05  1.00133e+00  1.00053e+00
 1.02000e+01  1.00080e+00  9.52794e-05  1.50199e+00  9.52037e-05  1.00132e+00  1.00052e+00
 1.03000e+01  1.00079e+00  9.60400e-05  1.50198e+00  9.59640e-05  1.00131e+00  1.00052e+00
 1.04000e+01  1.00079e+00  9.67958e-05  1.50197e+00  9.67196e-05  1.00131e+00  1.00052e+00
 1.05000e+01  1.00078e+00  9.75467e-05  1.50196e+00  9.74703e-05  1.00130e+00  1.00052e+00
 1.06000e+01  1.00078e+00  9.82928e-05  1.50195e+00  9.82161e-05  1.00130e+00  1.00052e+00
 1.07000e+01  1.00078e+00  9.90340e-05  1.50194e+00  9.89571e-05  1.00129e+00  1.00051e+00
 1.08000e+01  1.00077e+00  9.97702e-05  1.50193e+00  9.96931e-05  1.00128e+00  1.00051e+00
 1.09000e+01  1.00077e+00  1.00501e-04  1.50192e+00  1.00424e-04  1.00128e+00  1.00051e+00
 1.10000e+01  1.00076e+00  1.01228e-04  1.50191e+00  1.01150e-04  1.00127e+00  1.00050e+00
 1.11000e+01  1.00076e+00  1.01949e-04  1.50190e+00  1.01871e-04  1.00126e+00  1.00050e+00
 1.12000e+01  1.00076e+00  1.02665e-04  1.50189e+00  1.02587e-04  1.00126e+00  1.00050e+00
 1.13000e+01  1.00075e+00  1.03376e-04  1.50188e+00  1.03298e-04  1.00125e+00  1.00050e+00
 1.14000e+01  1.00075e+00  1.04082e-04  1.50187e+00  1.04004e-04  1.00124e+00  1.00049e+00
 1.15000e+01  1.00074e+00  1.04783e-04  1.50186e+00  1.04705e-04  1.00124e+00  1.00049e+00
 1.16000e+01  1.00074e+00  1.05478e-04  1.50185e+00  1.05400e-04  1.00123e+00  1.00049e+00
 1.17000e+01  1.00074e+00  1.06169e-04  1.50184e+00  1.06091e-04  1.00122e+00  1.00049e+00
 1.18000e+01  1.00073e+00  1.06854e-04  1.50183e+00  1.06776e-04  1.00122e+00  1.00048e+00
 1.19000e+01  1.00073e+00  1.07534e-04  1.50182e+00  1.07456e-04  1.00121e+00  1.00048e+00
 1.20000e+01  1.00072e+00  1.08208e-04  1.50181e+00  1.08130e-04  1.00120e+00  1.00048e+00
 1.21000e+01  1.00072e+00  1.08878e-04  1.50180e+00  1.08799e-04  1.00120e+00  1.00048e+00
 1.22000e+01  1.00072e+00  1.09542e-04  1.50179e+00  1.09463e-04  1.00119e+00  1.00047e+00
 1.23000e+01  1.00071e+00  1.10200e-04  1.50178e+00  1.10122e-04  1.00118e+00  1.00047e+00
 1.24000e+01  1.00071e+00  1.10853e-04  1.50177e+00  1.10775e-04  1.00117e+00  1.00047e+00
 1.25000e+01  1.00070e+00  1.11501e-04  1.50176e+00  1.11423e-04  1.00117e+00  1.00046e+00
 1.26000e+01  1.00070e+00  1.12143e-04  1.50175e+00  1.12065e-04  1.00116e+00  1.00046e+00
 1.27000e+01  1.00069e+00  1.12780e-04  1.50174e+00  1.12702e-04  1.00115e+00  1.00046e+00
 1.28000e+01  1.00069e+00  1.13411e-04  1.50172e+00  1.13333e-04  1.00114e+00  1.00046e+00
 1.29000e+01  1.00068e+00  1.14037e-04  1.50171e+00  1.13959e-04  1.00114e+00  1.00045e+00
 1.30000e+01  1.00068e+00  1.14657e-04  1.50170e+00  1.14579e-04  1.00113e+00  1.00045e+00
 1.31000e+01  1.00068e+00  1.15271e-04  1.50169e+00  1.15193e-04  1.00112e+00  1.00045e+00
 1.32000e+01  1.00067e+00  1.15880e-04  1.50168e+00  1.15802e-04  1.00111e+00  1.00044e+00
 1.33000e+01  1.00067e+00  1.16483e-04  1.50167e+00  1.16406e-04  1.00111e+00  1.00044e+00
 1.34000e+01  1.00066e+00  1.17081e-04  1.50166e+00  1.17003e-04  1.00110e+00  1.00044e+00
 1.35000e+01  1.00066e+00  1.17673e-04  1.50164e+00  1.17596e-04  1.00109e+00  1.00043e+00
 1.36000e+01  1.00065e+00  1.18259e-04  1.50163e+00  1.18182e-04  1.00108e+00  1.00043e+00
 1.37000e+01  1.00065e+00  1.18840e-04  1.50162e+00  1.18763e-04  1.00108e+00  1.00043e+00
 1.38000e+01  1.00064e+00  1.19414e-04  1.50161e+00  1.19338e-04  1.00107e+00  1.00042e+00
 1.39000e+01  1.00064e+00  1.19983e-04  1.50160e+00  1.19907e-04  1.00106e+00  1.00042e+00
 1.40000e+01  1.00063e+00  1.20547e-04  1.50159e+00  1.20470e-04  1.00105e+00  1.00042e+00
 1.41000e+01  1.00063e+00  1.21104e-04  1.50157e+00  1.21028e-04  1.00105e+00  1.00042e+00
 1.42000e+01  1.00062e+00  1.21655e-04  1.50156e+00  1.21580e-04  1.00104e+00  1.00041e+00
 1.43000e+01  1.00062e+00  1.22201e-04  1.50155e+00  1.22125e-04  1.00103e+00  1.00041e+00
 1.44000e+01  1.00061e+00  1.22741e-04  1.50154e+00  1.22666e-04  1.00102e+00  1.00041e+00
 1.45000e+01  1.00061e+00  1.23275e-04  1.50153e+00  1.23200e-04  1.00101e+00  1.00040e+00
 1.46000e+01  1.00061e+00  1.23803e-04  1.50151e+00  1.23728e-04  1.00100e+00  1.00040e+00
 1.47000e+01  1.00060e+00  1.24325e-04  1.50150e+00  1.24251e-04  1.00100e+00  1.00040e+00
 1.48000e+01  1.00060e+00  1.24841e-04  1.50149e+00  1.24767e-04  1.00099e+00  1.00039e+00
 1.49000e+01  1.00059e+00  1.25352e-04  1.50148e+00  1.25278e-04  1.00098e+00  1.00039e+00
 1.50000e+01  1.00059e+00  1.25856e-04  1.50146e+00  1.25782e-04  1.00097e+00  1.00039e+00
 1.51000e+01  1.00058e+00  1.26354e-04  1.50145e+00  1.26281e-04  1.00096e+00  1.00038e+00
 1.52000e+01  1.00058e+00  1.26846e-04  1.50144e+00  1.26773e-04  1.00096e+00  1.00038e+00
 1.53000e+01  1.00057e+00  1.27333e-04  1.50143e+00  1.27260e-04  1.00095e+00  1.00038e+00
 1.54000e+01  1.00057e+00  1.27813e-04  1.50141e+00  1.27741e-04  1.00094e+00  1.00037e+00
 1.55000e+01  1.00056e+00  1.28287e-04  1.50140e+00  1.28215e-04  1.00093e+00  1.00037e+00
 1.56000e+01  1.00055e+00  1.28755e-04  1.50139e+00  1.28684e-04  1.00092e+00  1.00037e+00
 1.57000e+01  1.00055e+00  1.29217e-04  1.50137e+00  1.29146e-04  1.00091e+00  1.00036e+00
 1.58000e+01  1.00054e+00  1.29673e-04  1.50136e+00  1.29602e-04  1.00090e+00  1.00036e+00
 1.59000e+01  1.00054e+00  1.30123e-04  1.50135e+00  1.30053e-04  1.00090e+00  1.00036e+00
 1.60000e+01  1.00053e+00  1.30567e-04  1.50134e+00  1.30497e-04  1.00089e+00  1.00035e+00
 1.61000e+01  1.00053e+00  1.31004e-04  1.50132e+00  1.30935e-04  1.00088e+00  1.00035e+00
 1.62000e+01  1.00052e+00  1.31435e-04  1.50131e+00  1.31367e-04  1.00087e+00  1.00035e+00
 1.63000e+01  1.00052e+00  1.31861e-04  1.50130e+00  1.31792e-04  1.00086e+00  1.00034e+00
 1.64000e+01  1.00051e+00  1.32280e-04  1.50128e+00  1.32212e-04  1.00085e+00  1.00034e+00
 1.65000e+01  1.00051e+00  1.32693e-04  1.50127e+00  1.32625e-04  1.00084e+00  1.00034e+00
 1.66000e+01  1.00050e+00  1.33099e-04  1.50126e+00  1.33033e-04  1.00083e+00  1.00033e+00
 1.67000e+01  1.00050e+00  1.33500e-04  1.50124e+00  1.33434e-04  1.00083e+00  1.00033e+00
 1.68000e+01  1.00049e+00  1.33894e-04  1.50123e+00  1.33829e-04  1.00082e+00  1.00032e+00
 1.69000e+01  1.00049e+00  1.34282e-04  1.50122e+00  1.34217e-04  1.00081e+00  1.00032e+00
 1.70000e+01  1.00048e+00  1.34664e-04  1.50120e+00  1.34600e-04  1.00080e+00  1.00032e+00
 1.71000e+01  1.00048e+00  1.35040e-04  1.50119e+00  1.34976e-04  1.00079e+00  1.00031e+00
 1.72000e+01  1.00047e+00  1.35409e-04  1.50118e+00  1.35346e-04  1.00078e+00  1.00031e+00
 1.73000e+01  1.00046e+00  1.35773e-04  1.50116e+00  1.35709e-04  1.00077e+00  1.00031e+00
 1.74000e+01  1.00046e+00  1.36129e-04  1.50115e+00  1.36067e-04  1.00076e+00  1.00030e+00
 1.75000e+01  1.00045e+00  1.36480e-04  1.50113e+00  1.36418e-04  1.00075e+00  1.00030e+00
 1.76000e+01  1.00045e+00  1.36824e-04  1.50112e+00  1.36763e-04  1.00074e+00  1.00030e+00
 1.77000e+01  1.00044e+00  1.37162e-04  1.50111e+00  1.37102e-04  1.00073e+00  1.00029e+00
 1.78000e+01  1.00044e+00  1.37494e-04  1.50109e+00  1.37434e-04  1.00073e+00  1.00029e+00
 1.79000e+01  1.00043e+00  1.37820e-04  1.50108e+00  1.37760e-04  1.00072e+00  1.00028e+00
 1.80000e+01  1.00043e+00  1.38139e-04  1.50106e+00  1.38080e-04  1.00071e+00  1.00028e+00
 1.81000e+01  1.00042e+00  1.38452e-04  1.50105e+00  1.38394e-04  1.00070e+00  1.00028e+00
 1.82000e+01  1.00041e+00  1.38759e-04  1.50104e+00  1.38701e-04  1.00069e+00  1.00027e+00
 1.83000e+01  1.00041e+00  1.39059e-04  1.50102e+00  1.39002e-04  1.00068e+00  1.00027e+00
 1.84000e+01  1.00040e+00  1.39353e-04  1.50101e+00  1.39297e-04  1.00067e+00  1.00027e+00
 1.85000e+01  1.00040e+00  1.39641e-04  1.50099e+00  1.39585e-04  1.00066e+00  1.00026e+00
 1.86000e+01  1.00039e+00  1.39922e-04  1.50098e+00  1.39867e-04  1.00065e+00  1.00026e+00
 1.87000e+01  1.00039e+00  1.40197e-04  1.50097e+00  1.40143e-04  1.00064e+00  1.00025e+00
 1.88000e+01  1.00038e+00  1.40466e-04  1.50095e+00  1.40412e-04  1.00063e+00  1.00025e+00
 1.89000e+01  1.00037e+00  1.40728e-04  1.50094e+00  1.40675e-04  1.00062e+00  1.00025e+00
 1.90000e+01  1.00037e+00  1.40984e-04  1.50092e+00  1.40932e-04  1.00061e+00  1.00024e+00
 1.91000e+01  1.00036e+00  1.41234e-04  1.50091e+00  1.41183e-04  1.00060e+00  1.00024e+00
 1.92000e+01  1.00036e+00  1.41478e-04  1.50089e+00  1.41427e-04  1.00059e+00  1.00024e+00
 1.93000e+01  1.00035e+00  1.41715e-04  1.50088e+00  1.41665e-04  1.00058e+00  1.00023e+00
 1.94000e+01  1.00035e+00  1.41945e-04  1.50086e+00  1.41896e-04  1.00057e+00  1.00023e+00
 1.95000e+01  1.00034e+00  1.42170e-04  1.50085e+00  1.42122e-04  1.00056e+00  1.00022e+00
 1.96000e+01  1.00033e+00  1.42388e-04  1.50083e+00  1.42341e-04  1.00055e+00  1.00022e+00
 1.97000e+01  1.00033e+00  1.42600e-04  1.50082e+00  1.42553e-04  1.00054e+00  1.00022e+00
 1.98000e+01  1.00032e+00  1.42805e-04  1.50081e+00  1.42759e-04  1.00053e+00  1.00021e+00
 1.99000e+01  1.00032e+00  1.43005e-04  1.50079e+00  1.42959e-04  1.00052e+00  1.00021e+00
 2.00000e+01  1.00031e+00  1.43198e-04  1.50078e+00  1.43153e-04  1.00052e+00  1.00020e+00
 2.01000e+01  1.00030e+00  1.43384e-04  1.50076e+00  1.43340e-04  1.00051e+00  1.00020e+00
 2.02000e+01  1.00030e+00  1.43564e-04  1.50075e+00  1.43522e-04  1.00050e+00  1.00020e+00
 2.03000e+01  1.00029e+00  1.43738e-04  1.50073e+00  1.43696e-04  1.00049e+00  1.00019e+00
 2.04000e+01  1.00029e+00  1.43906e-04  1.50072e+00  1.43865e-04  1.00048e+00  1.00019e+00
 2.05000e+01  1.00028e+00  1.44067e-04  1.50070e+00  1.44027e-04  1.00047e+00  1.00019e+00
 2.06000e+01  1.00027e+00  1.44222e-04  1.50069e+00  1.44183e-04  1.00046e+00  1.00018e+00
 2.07000e+01  1.00027e+00  1.44371e-04  1.50067e+00  1.44332e-04  1.00045e+00  1.00018e+00
 2.08000e+01  1.00026e+00  1.44514e-04  1.50066e+00  1.44476e-04  1.00044e+00  1.00017e+00
 2.09000e+01  1.00026e+00  1.44650e-04  1.50064e+00  1.44613e-04  1.00043e+00  1.00017e+00
 2.10000e+01  1.00025e+00  1.44780e-04  1.50063e+00  1.44744e-04  1.00042e+00  1.00017e+00
 2.11000e+01  1.00024e+00  1.44904e-04  1.50061e+00  1.44868e-04  1.00041e+00  1.00016e+00
 2.12000e+01  1.00024e+00  1.45021e-04  1.50060e+00  1.44987e-04  1.00040e+00  1.00016e+00
 2.13000e+01  1.00023e+00  1.45132e-04  1.50058e+00  1.45099e-04  1.00039e+00  1.00015e+00
 2.14000e+01  1.00023e+00  1.45237e-04  1.50057e+00  1.45204e-04  1.00038e+00  1.00015e+00
 2.15000e+01  1.00022e+00  1.45336e-04  1.50055e+00  1.45304e-04  1.00037e+00  1.00015e+00
 2.16000e+01  1.00021e+00  1.45429e-04  1.50054e+00  1.45397e-04  1.00036e+00  1.00014e+00
 2.17000e+01  1.00021e+00  1.45515e-04  1.50052e+00  1.45484e-04  1.00035e+00  1.00014e+00
 2.18000e+01  1.00020e+00  1.45595e-04  1.50051e+00  1.45565e-04  1.00034e+00  1.00013e+00
 2.19000e+01  1.00020e+00  1.45669e-04  1.50049e+00  1.45640e-04  1.00033e+00  1.00013e+00
 2.20000e+01  1.00019e+00  1.45736e-04  1.50047e+00  1.45709e-04  1.00032e+00  1.00013e+00
 2.21000e+01  1.00018e+00  1.45798e-04  1.50046e+00  1.45771e-04  1.00031e+00  1.00012e+00
 2.22000e+01  1.00018e+00  1.45853e-04  1.50044e+00  1.45827e-04  1.00029e+00  1.00012e+00
 2.23000e+01  1.00017e+00  1.45902e-04  1.50043e+00  1.45877e-04  1.00028e+00  1.00011e+00
 2.24000e+01  1.00017e+00  1.45945e-04  1.50041e+00  1.45921e-04  1.00027e+00  1.00011e+00
 2.25000e+01  1.00016e+00  1.45982e-04  1.50040e+00  1.45959e-04  1.00026e+00  1.00011e+00
 2.26000e+01  1.00015e+00  1.46013e-04  1.50038e+00  1.45991e-04  1.00025e+00  1.00010e+00
 2.27000e+01  1.00015e+00  1.46038e-04  1.50037e+00  1.46016e-04  1.00024e+00  1.00010e+00
 2.28000e+01  1.00014e+00  1.46056e-04  1.50035e+00  1.46036e-04  1.00023e+00  1.00009e+00
 2.29000e+01  1.00013e+00  1.46069e-04  1.50034e+00  1.46049e-04  1.00022e+00  1.00009e+00
 2.30000e+01  1.00013e+00  1.46075e-04  1.50032e+00  1.46056e-04  1.00021e+00  1.00008e+00
 2.31000e+01  1.00012e+00  1.46075e-04  1.50031e+00  1.46057e-04  1.00020e+00  1.00008e+00
 2.32000e+01  1.00012e+00  1.46069e-04  1.50029e+00  1.46052e-04  1.00019e+00  1.00008e+00
 2.33000e+01  1.00011e+00  1.46058e-04  1.50027e+00  1.46042e-04  1.00018e+00  1.00007e+00
 2.34000e+01  1.00010e+00  1.46040e-04  1.50026e+00  1.46025e-04  1.00017e+00  1.00007e+00
 2.35000e+01  1.00010e+00  1.46016e-04  1.50024e+00  1.46002e-04  1.00016e+00  1.00006e+00
 2.36000e+01  1.00009e+00  1.45986e-04  1.50023e+00  1.45973e-04  1.00015e+00  1.00006e+00
 2.37000e+01  1.00009e+00  1.45950e-04  1.50021e+00  1.45938e-04  1.00014e+00  1.00006e+00
 2.38000e+01  1.00008e+00  1.45908e-04  1.50020e+00  1.45897e-04  1.00013e+00  1.00005e+00
 2.39000e+01  1.00007e+00  1.45860e-04  1.50018e+00  1.45850e-04  1.00012e+00  1.00005e+00
 2.40000e+01  1.00007e+00  1.45807e-04  1.50017e+00  1.45797e-04  1.00011e+00  1.00004e+00
 2.41000e+01  1.00006e+00  1.45747e-04  1.50015e+00  1.45738e-04  1.00010e+00  1.00004e+00
 2.42000e+01  1.00005e+00  1.45682e-04  1.50013e+00  1.45674e-04  1.00009e+00  1.00004e+00
 2.43000e+01  1.00005e+00  1.45610e-04  1.50012e+00  1.45603e-04  1.00008e+00  1.00003e+00
 2.44000e+01  1.00004e+00  1.45533e-04  1.50010e+00  1.45527e-04  1.00007e+00  1.00003e+00
 2.45000e+01  1.00004e+00  1.45450e-04  1.50009e+00  1.45444e-04  1.00006e+00  1.00002e+00
 2.46000e+01  1.00003e+00  1.45361e-04  1.50007e+00  1.45356e-04  1.00005e+00  1.00002e+00
 2.47000e+01  1.00002e+00  1.45266e-04  1.50006e+00  1.45262e-04  1.00004e+00  1.00001e+00
 2.48000e+01  1.00002e+00  1.45165e-04  1.50004e+00  1.45163e-04  1.00003e+00  1.00001e+00
 2.49000e+01  1.00001e+00  1.45058e-04  1.50003e+00  1.45057e-04  1.00002e+00  1.00001e+00
 2.50000e+01  1.00000e+00  1.44946e-04  1.50001e+00  1.44946e-04  1.00001e+00  1.00000e+00
 2.51000e+01  9.99998e-01  1.44828e-04  1.49999e+00  1.44829e-04  9.99996e-01  9.99998e-01
 2.52000e+01  9.99991e-01  1.44704e-04  1.49998e+00  1.44706e-04  9.99986e-01  9.99994e-01
 2.53000e+01  9.99985e-01  1.44575e-04  1.49996e+00  1.44577e-04  9.99975e-01  9.99990e-01
 2.54000e+01  9.99979e-01  1.44440e-04  1.49995e+00  1.44443e-04  9.99965e-01  9.99986e-01
 2.55000e+01  9.99973e-01  1.44299e-04  1.49993e+00  1.44303e-04  9.99955e-01  9.99982e-01
 2.56000e+01  9.99967e-01  1.44153e-04  1.49992e+00  1.44157e-04  9.99944e-01  9.99978e-01
 2.57000e+01  9.99960e-01  1.44000e-04  1.49990e+00  1.44006e-04  9.99934e-01  9.99974e-01
 2.58000e+01  9.99954e-01  1.43843e-04  1.49989e+00  1.43849e-04  9.99924e-01  9.99970e-01
 2.59000e+01  9.99948e-01  1.43679e-04  1.49987e+00  1.43687e-04  9.99913e-01  9.99965e-01
 2.60000e+01  9.99942e-01  1.43510e-04  1.49985e+00  1.43519e-04  9.99903e-01  9.99961e-01
 2.61000e+01  9.99935e-01  1.43336e-04  1.49984e+00  1.43345e-04  9.99893e-01  9.99957e-01
 2.62000e+01  9.99929e-01  1.43156e-04  1.49982e+00  1.43166e-04  9.99882e-01  9.99953e-01
 2.63000e+01  9.99923e-01  1.42970e-04  1.49981e+00  1.42981e-04  9.99872e-01  9.99949e-01
 2.64000e+01  9.99917e-01  1.42779e-04  1.49979e+00  1.42791e-04  9.99862e-01  9.99945e-01
 2.65000e+01  9.99910e-01  1.42582e-04  1.49978e+00  1.42595e-04  9.99851e-01  9.99941e-01
 2.66000e+01  9.99904e-01  1.42380e-04  1.49976e+00  1.42394e-04  9.99841e-01  9.99937e-01
 2.67000e+01  9.99898e-01  1.42173e-04  1.49974e+00  1.42187e-04  9.99831e-01  9.99933e-01
 2.68000e+01  9.99892e-01  1.41960e-04  1.49973e+00  1.41975e-04  9.99820e-01  9.99928e-01
 2.69000e+01  9.99886e-01  1.41742e-04  1.49971e+00  1.41758e-04  9.99810e-01  9.99924e-01
 2.70000e+01  9.99879e-01  1.41518e-04  1.49970e+00  1.41535e-04  9.99800e-01  9.99920e-01
 2.71000e+01  9.99873e-01  1.41289e-04  1.49968e+00  1.41307e-04  9.99789e-01  9.99916e-01
 2.72000e+01  9.99867e-01  1.41055e-04  1.49967e+00  1.41074e-04  9.99779e-01  9.99912e-01
 2.73000e+01  9.99861e-01  1.40815e-04  1.49965e+00  1.40835e-04  9.99769e-01  9.99908e-01
 2.74000e+01  9.99855e-01  1.40570e-04  1.49964e+00  1.40591e-04  9.99758e-01  9.99904e-01
 2.75000e+01  9.99848e-01  1.40320e-04  1.49962e+00  1.40341e-04  9.99748e-01  9.99900e-01
 2.76000e+01  9.99842e-01  1.40065e-04  1.49961e+00  1.40087e-04  9.99738e-01  9.99896e-01
 2.77000e+01  9.99836e-01  1.39804e-04  1.49959e+00  1.39827e-04  9.99728e-01  9.99892e-01
 2.78000e+01  9.99830e-01  1.39538e-04  1.49957e+00  1.39562e-04  9.99717e-01  9.99888e-01
 2.79000e+01  9.99824e-01  1.39267e-04  1.49956e+00  1.39292e-04  9.99707e-01  9.99884e-01
 2.80000e+01  9.99817e-01  1.38991e-04  1.49954e+00  1.39016e-04  9.99697e-01  9.99879e-01
 2.81000e+01  9.99811e-01  1.38710e-04  1.49953e+00  1.38736e-04  9.99687e-01  9.99875e-01
 2.82000e+01  9.99805e-01  1.38424e-04  1.49951e+00  1.38450e-04  9.99677e-01  9.99871e-01
 2.83000e+01  9.99799e-01  1.38132e-04  1.49950e+00  1.38160e-04  9.99666e-01  9.99867e-01
 2.84000e+01  9.99793e-01  1.37836e-04  1.49948e+00  1.37864e-04  9.99656e-01  9.99863e-01
 2.85000e+01  9.99787e-01  1.37534e-04  1.49947e+00  1.37564e-04  9.99646e-01  9.99859e-01
 2.86000e+01  9.99781e-01  1.37228e-04  1.49945e+00  1.37258e-04  9.99636e-01  9.99855e-01
 2.87000e+01  9.99775e-01  1.36916e-04  1.49944e+00  1.36947e-04  9.99626e-01  9.99851e-01
 2.88000e+01  9.99769e-01  1.36600e-04  1.49942e+00  1.36632e-04  9.99616e-01  9.99847e-01
 2.89000e+01  9.99762e-01  1.36279e-04  1.49941e+00  1.36311e-04  9.99606e-01  9.99843e-01
 2.90000e+01  9.99756e-01  1.35953e-04  1.49939e+00  1.35986e-04  9.99595e-01  9.99839e-01
 2.91000e+01  9.99750e-01  1.35621e-04  1.49938e+00  1.35655e-04  9.99585e-01  9.99835e-01
 2.92000e+01  9.99744e-01  1.35286e-04  1.49936e+00  1.35320e-04  9.99575e-01  9.99831e-01
 2.93000e+01  9.99738e-01  1.34945e-04  1.49935e+00  1.34980e-04  9.99565e-01  9.99827e-01
 2.94000e+01  9.99732e-01  1.34599e-04  1.49933e+00  1.34635e-04  9.99555e-01  9.99823e-01
 2.95000e+01  9.99726e-01  1.34249e-04  1.49932e+00  1.34286e-04  9.99545e-01  9.99819e-01
 2.96000e+01  9.99720e-01  1.33894e-04  1.49930e+00  1.33932e-04  9.99535e-01  9.99815e-01
 2.97000e+01  9.99714e-01  1.33534e-04  1.49929e+00  1.33572e-04  9.99525e-01  9.99811e-01
 2.98000e+01  9.99708e-01  1.33170e-04  1.49927e+00  1.33209e-04  9.99515e-01  9.99807e-01
 2.99000e+01  9.99702e-01  1.32801e-04  1.49926e+00  1.32840e-04  9.99505e-01  9.99803e-01
 3.00000e+01  9.99696e-01  1.32427e-04  1.49924e+00  1.32467e-04  9.99496e-01  9.99799e-01
 3.01000e+01  9.99690e-01  1.32049e-04  1.49923e+00  1.32090e-04  9.99486e-01  9.99795e-01
 3.02000e+01  9.99684e-01  1.31666e-04  1.49921e+00  1.31707e-04  9.99476e-01  9.99791e-01
 3.03000e+01  9.99678e-01  1.31278e-04  1.49920e+00  1.31321e-04  9.99466e-01  9.99788e-01
 3.04000e+01  9.99672e-01  1.30886e-04  1.49918e+00  1.30929e-04  9.99456e-01  9.99784e-01
 3.05000e+01  9.99666e-01  1.30490e-04  1.49917e+00  1.30533e-04  9.99446e-01  9.99780e-01
 3.06000e+01  9.99661e-01  1.30089e-04  1.49915e+00  1.30133e-04  9.99436e-01  9.99776e-01
 3.07000e+01  9.99655e-01  1.29683e-04  1.49914e+00  1.29728e-04  9.99427e-01  9.99772e-01
 3.08000e+01  9.99649e-01  1.29273e-04  1.49912e+00  1.29319e-04  9.99417e-01  9.99768e-01
 3.09000e+01  9.99643e-01  1.28859e-04  1.49911e+00  1.28905e-04  9.99407e-01  9.99764e-01
 3.10000e+01  9.99637e-01  1.28441e-04  1.49909e+00  1.28487e-04  9.99398e-01  9.99760e-01
 3.11000e+01  9.99631e-01  1.28018e-04  1.49908e+00  1.28065e-04  9.99388e-01  9.99757e-01
 3.12000e+01  9.99625e-01  1.27590e-04  1.49906e+00  1.27638e-04  9.99378e-01  9.99753e-01
 3.13000e+01  9.99620e-01  1.27159e-04  1.49905e+00  1.27207e-04  9.99369e-01  9.99749e-01
 3.14000e+01  9.99614e-01  1.26723e-04  1.49903e+00  1.26772e-04  9.99359e-01  9.99745e-01
 3.15000e+01  9.99608e-01  1.26283e-04  1.49902e+00  1.26332e-04  9.99349e-01  9.99741e-01
 3.16000e+01  9.99602e-01  1.25838e-04  1.49901e+00  1.25889e-04  9.99340e-01  9.99737e-01
 3.17000e+01  9.99597e-01  1.25390e-04  1.49899e+00  1.25441e-04  9.99330e-01  9.99734e-01
 3.18000e+01  9.99591e-01  1.24937e-04  1.49898e+00  1.24989e-04  9.99321e-01  9.99730e-01
 3.19000e+01  9.99585e-01  1.24481e-04  1.49896e+00  1.24532e-04  9.99311e-01  9.99726e-01
 3.20000e+01  9.99579e-01  1.24020e-04  1.49895e+00  1.24072e-04  9.99302e-01  9.99722e-01
 3.21000e+01  9.99574e-01  1.23555e-04  1.49893e+00  1.23608e-04  9.99292e-01  9.99719e-01
 3.22000e+01  9.99568e-01  1.23086e-04  1.49892e+00  1.23139e-04  9.99283e-01  9.99715e-01
 3.23000e+01  9.99562e-01  1.22613e-04  1.49891e+00  1.22667e-04  9.99274e-01  9.99711e-01
 3.24000e+01  9.99557e-01  1.22136e-04  1.49889e+00  1.22190e-04  9.99264e-01  9.99707e-01
 3.25000e+01  9.99551e-01  1.21655e-04  1.49888e+00  1.21710e-04  9.99255e-01  9.99704e-01
 3.26000e+01  9.99546e-01  1.21170e-04  1.49886e+00  1.21225e-04  9.99246e-01  9.99700e-01
 3.27000e+01  9.99540e-01  1.20682e-04  1.49885e+00  1.20737e-04  9.99236e-01  9.99696e-01
 3.28000e+01  9.99534e-01  1.20189e-04  1.49884e+00  1.20245e-04  9.99227e-01  9.99693e-01
 3.29000e+01  9.99529e-01  1.19693e-04  1.49882e+00  1.19749e-04  9.99218e-01  9.99689e-01
 3.30000e+01  9.99523e-01  1.19192e-04  1.49881e+00  1.19249e-04  9.99209e-01  9.99685e-01
 3.31000e+01  9.99518e-01  1.18688e-04  1.49879e+00  1.18745e-04  9.99200e-01  9.99682e-01
 3.32000e+01  9.99512e-01  1.18180e-04  1.49878e+00  1.18238e-04  9.99191e-01  9.99678e-01
 3.33000e+01  9.99507e-01  1.17669e-04  1.49877e+00  1.17727e-04  9.99182e-01  9.99674e-01
 3.34000e+01  9.99501e-01  1.17153e-04  1.49875e+00  1.17212e-04  9.99173e-01  9.99671e-01
 3.35000e+01  9.99496e-01  1.16635e-04  1.49874e+00  1.16693e-04  9.99164e-01  9.99667e-01
 3.36000e+01  9.99491e-01  1.16112e-04  1.49873e+00  1.16171e-04  9.99155e-01  9.99664e-01
 3.37000e+01  9.99485e-01  1.15586e-04  1.49871e+00  1.15645e-04  9.99146e-01  9.99660e-01
 3.38000e+01  9.99480e-01  1.15056e-04  1.49870e+00  1.15116e-04  9.99137e-01  9.99657e-01
 3.39000e+01  9.99475e-01  1.14522e-04  1.49869e+00  1.14583e-04  9.99128e-01  9.99653e-01
 3.40000e+01  9.99469e-01  1.13985e-04  1.49867e+00  1.14046e-04  9.99119e-01  9.99650e-01
 3.41000e+01  9.99464e-01  1.13445e-04  1.49866e+00  1.13506e-04  9.99110e-01  9.99646e-01
 3.42000e+01  9.99459e-01  1.12901e-04  1.49865e+00  1.12962e-04  9.99101e-01  9.99643e-01
 3.43000e+01  9.99453e-01  1.12354e-04  1.49863e+00  1.12415e-04  9.99093e-01  9.99639e-01
 3.44000e+01  9.99448e-01  1.11803e-04  1.49862e+00  1.11865e-04  9.99084e-01  9.99636e-01
 3.45000e+01  9.99443e-01  1.11249e-04  1.49861e+00  1.11311e-04  9.99075e-01  9.99632e-01
 3.46000e+01  9.99438e-01  1.10691e-04  1.49859e+00  1.10753e-04  9.99067e-01  9.99629e-01
 3.47000e+01  9.99433e-01  1.10130e-04  1.49858e+00  1.10193e-04  9.99058e-01  9.99625e-01
 3.48000e+01  9.99427e-01  1.09566e-04  1.49857e+00  1.09628e-04  9.99050e-01  9.99622e-01
 3.49000e+01  9.99422e-01  1.08998e-04  1.49856e+00  1.09061e-04  9.99041e-01  9.99619e-01
 3.50000e+01  9.99417e-01  1.08427e-04  1.49854e+00  1.08491e-04  9.99033e-01  9.99615e-01
 3.51000e+01  9.99412e-01  1.07853e-04  1.49853e+00  1.07917e-04  9.99024e-01  9.99612e-01
 3.52000e+01  9.99407e-01  1.07276e-04  1.49852e+00  1.07340e-04  9.99016e-01  9.99608e-01
 3.53000e+01  9.99402e-01  1.06695e-04  1.49851e+00  1.06759e-04  9.99007e-01  9.99605e-01
 3.54000e+01  9.99397e-01  1.06112e-04  1.49849e+00  1.06176e-04  9.98999e-01  9.99602e-01
 3.55000e+01  9.99392e-01  1.05525e-04  1.49848e+00  1.05589e-04  9.98991e-01  9.99599e-01
 3.56000e+01  9.99387e-01  1.04935e-04  1.49847e+00  1.05000e-04  9.98982e-01  9.99595e-01
 3.57000e+01  9.99382e-01  1.04342e-04  1.49846e+00  1.04407e-04  9.98974e-01  9.99592e-01
 3.58000e+01  9.99377e-01  1.03746e-04  1.49844e+00  1.03811e-04  9.98966e-01  9.99589e-01
 3.59000e+01  9.99372e-01  1.03147e-04  1.49843e+00  1.03212e-04  9.98958e-01  9.99586e-01
 3.60000e+01  9.99367e-01  1.02545e-04  1.49842e+00  1.02610e-04  9.98950e-01  9.99582e-01
 3.61000e+01  9.99362e-01  1.01940e-04  1.49841e+00  1.02005e-04  9.98942e-01  9.99579e-01
 3.62000e+01  9.99358e-01  1.01332e-04  1.49839e+00  1.01398e-04  9.98934e-01  9.99576e-01
 3.63000e+01  9.99353e-01  1.00722e-04  1.49838e+00  1.00787e-04  9.98926e-01  9.99573e-01
 3.64000e+01  9.99348e-01  1.00108e-04  1.49837e+00  1.00173e-04  9.98918e-01  9.99570e-01
 3.65000e+01  9.99343e-01  9.94913e-05  1.49836e+00  9.95567e-05  9.98910e-01  9.99566e-01
 3.66000e+01  9.99339e-01  9.88719e-05  1.49835e+00  9.89374e-05  9.98902e-01  9.99563e-01
 3.67000e+01  9.99334e-01  9.82497e-05  1.49834e+00  9.83152e-05  9.98894e-01  9.99560e-01
 3.68000e+01  9.99329e-01  9.76248e-05  1.49832e+00  9.76903e-05  9.98887e-01  9.99557e-01
 3.69000e+01  9.99325e-01  9.69970e-05  1.49831e+00  9.70626e-05  9.98879e-01  9.99554e-01
 3.70000e+01  9.99320e-01  9.63666e-05  1.49830e+00  9.64322e-05  9.98871e-01  9.99551e-01
 3.71000e+01  9.99315e-01  9.57334e-05  1.49829e+00  9.57990e-05  9.98864e-01  9.99548e-01
 3.72000e+01  9.99311e-01  9.50976e-05  1.49828e+00  9.51632e-05  9.98856e-01  9.99545e-01
 3.73000e+01  9.99306e-01  9.44591e-05  1.49827e+00  9.45247e-05  9.98849e-01  9.99542e-01
 3.74000e+01  9.99302e-01  9.38181e-05  1.49825e+00  9.38836e-05  9.98841e-01  9.99539e-01
 3.75000e+01  9.99297e-01  9.31744e-05  1.49824e+00  9.32399e-05  9.98834e-01  9.99536e-01
 3.76000e+01  9.99293e-01  9.25281e-05  1.49823e+00  9.25936e-05  9.98826e-01  9.99533e-01
 3.77000e+01  9.99288e-01  9.18793e-05  1.49822e+00  9.19447e-05  9.98819e-01  9.99530e-01
 3.78000e+01  9.99284e-01  9.12280e-05  1.49821e+00  9.12934e-05  9.98812e-01  9.99527e-01
 3.79000e+01  9.99280e-01  9.05742e-05  1.49820e+00  9.06395e-05  9.98805e-01  9.99524e-01
 3.80000e+01  9.99275e-01  8.99179e-05  1.49819e+00  8.99831e-05  9.98797e-01  9.99522e-01
 3.81000e+01  9.99271e-01  8.92592e-05  1.49818e+00  8.93243e-05  9.98790e-01  9.99519e-01
 3.82000e+01  9.99267e-01  8.85981e-05  1.49817e+00  8.86631e-05  9.98783e-01  9.99516e-01
 3.83000e+01  9.99263e-01  8.79346e-05  1.49816e+00  8.79995e-05  9.98776e-01  9.99513e-01
 3.84000e+01  9.99258e-01  8.72687e-05  1.49815e+00  8.73335e-05  9.98769e-01  9.99510e-01
 3.85000e+01  9.99254e-01  8.66005e-05  1.49814e+00  8.66651e-05  9.98762e-01  9.99508e-01
 3.86000e+01  9.99250e-01  8.59300e-05  1.49813e+00  8.59945e-05  9.98755e-01  9.99505e-01
 3.87000e+01  9.99246e-01  8.52572e-05  1.49811e+00  8.53215e-05  9.98748e-01  9.99502e-01
 3.88000e+01  9.99242e-01  8.45821e-05  1.49810e+00  8.46463e-05  9.98741e-01  9.99499e-01
 3.89000e+01  9.99238e-01  8.39048e-05  1.49809e+00  8.39688e-05  9.98735e-01  9.99497e-01
 3.90000e+01  9.99234e-01  8.32252e-05  1.49808e+00  8.32891e-05  9.98728e-01  9.99494e-01
 3.91000e+01  9.99230e-01  8.25435e-05  1.49807e+00  8.26071e-05  9.98721e-01  9.99491e-01
 3.92000e+01  9.99226e-01  8.18596e-05  1.49806e+00  8.19231e-05  9.98715e-01  9.99489e-01
 3.93000e+01  9.99222e-01  8.11736e-05  1.49805e+00  8.12368e-05  9.98708e-01  9.99486e-01
 3.94000e+01  9.99218e-01  8.04854e-05  1.49804e+00  8.05485e-05  9.98702e-01  9.99484e-01
 3.95000e+01  9.99214e-01  7.97952e-05  1.49804e+00  7.98580e-05  9.98695e-01  9.99481e-01
 3.96000e+01  9.99210e-01  7.91029e-05  1.49803e+00  7.91654e-05  9.98689e-01  9.99478e-01
 3.97000e+01  9.99206e-01  7.84086e-05  1.49802e+00  7.84709e-05  9.98682e-01  9.99476e-01
 3.98000e+01  9.99202e-01  7.77122e-05  1.49801e+00  7.77742e-05  9.98676e-01  9.99473e-01
 3.99000e+01  9.99199e-01  7.70138e-05  1.49800e+00  7.70756e-05  9.98670e-01  9.99471e-01
 4.00000e+01  9.99195e-01  7.63135e-05  1.49799e+00  7.63750e-05  9.98664e-01  9.99468e-01
 4.01000e+01  9.99191e-01  7.56112e-05  1.49798e+00  7.56724e-05  9.98658e-01  9.99466e-01
 4.02000e+01  9.99187e-01  7.49070e-05  1.49797e+00  7.49680e-05  9.98652e-01  9.99464e-01
 4.03000e+01  9.99184e-01  7.42009e-05  1.49796e+00  7.42615e-05  9.98645e-01  9.99461e-01
 4.04000e+01  9.99180e-01  7.34930e-05  1.49795e+00  7.35533e-05  9.98640e-01  9.99459e-01
 4.05000e+01  9.99177e-01  7.27831e-05  1.49794e+00  7.28431e-05  9.98634e-01  9.99456e-01
 4.06000e+01  9.99173e-01  7.20715e-05  1.49793e+00  7.21311e-05  9.98628e-01  9.99454e-01
 4.07000e+01  9.99170e-01  7.13580e-05  1.49792e+00  7.14173e-05  9.98622e-01  9.99452e-01
 4.08000e+01  9.99166e-01  7.06427e-05  1.49792e+00  7.07017e-05  9.98616e-01  9.99450e-01
 4.09000e+01  9.99163e-01  6.99257e-05  1.49791e+00  6.99843e-05  9.98610e-01  9.99447e-01
 4.10000e+01  9.99159e-01  6.92070e-05  1.49790e+00  6.92652e-05  9.98605e-01  9.99445e-01
 4.11000e+01  9.99156e-01  6.84865e-05  1.49789e+00  6.85444e-05  9.98599e-01  9.99443e-01
 4.12000e+01  9.99153e-01  6.77644e-05  1.49788e+00  6.78218e-05  9.98594e-01  9.99441e-01
 4.13000e+01  9.99149e-01  6.70405e-05  1.49787e+00  6.70976e-05  9.98588e-01  9.99438e-01
 4.14000e+01  9.99146e-01  6.63151e-05  1.49787e+00  6.63717e-05  9.98583e-01  9.99436e-01
 4.15000e+01  9.99143e-01  6.55879e-05  1.49786e+00  6.56442e-05  9.98577e-01  9.99434e-01
 4.16000e+01  9.99140e-01  6.48592e-05  1.49785e+00  6.49151e-05  9.98572e-01  9.99432e-01
 4.17000e+01  9.99136e-01  6.41290e-05  1.49784e+00  6.41844e-05  9.98567e-01  9.99430e-01
 4.18000e+01  9.99133e-01  6.33971e-05  1.49783e+00  6.34521e-05  9.98562e-01  9.99428e-01
 4.19000e+01  9.99130e-01  6.26637e-05  1.49783e+00  6.27183e-05  9.98556e-01  9.99426e-01
 4.20000e+01  9.99127e-01  6.19288e-05  1.49782e+00  6.19829e-05  9.98551e-01  9.99424e-01
 4.21000e+01  9.99124e-01  6.11924e-05  1.49781e+00  6.12461e-05  9.98546e-01  9.99422e-01
 4.22000e+01  9.99121e-01  6.04546e-05  1.49780e+00  6.05077e-05  9.98541e-01  9.99420e-01
 4.23000e+01  9.99118e-01  5.97152e-05  1.49780e+00  5.97680e-05  9.98536e-01  9.99418e-01
 4.24000e+01  9.99115e-01  5.89745e-05  1.49779e+00  5.90267e-05  9.98532e-01  9.99416e-01
 4.25000e+01  9.99112e-01  5.82323e-05  1.49778e+00  5.82841e-05  9.98527e-01  9.99414e-01
 4.26000e+01  9.99109e-01  5.74888e-05  1.49777e+00  5.75401e-05  9.98522e-01  9.99412e-01
 4.27000e+01  9.99107e-01  5.67439e-05  1.49777e+00  5.67946e-05  9.98517e-01  9.99410e-01
 4.28000e+01  9.99104e-01  5.59977e-05  1.49776e+00  5.60479e-05  9.98513e-01  9.99408e-01
 4.29000e+01  9.99101e-01  5.52501e-05  1.49775e+00  5.52998e-05  9.98508e-01  9.99407e-01
 4.30000e+01  9.99098e-01  5.45012e-05  1.49775e+00  5.45504e-05  9.98504e-01  9.99405e-01
 4.31000e+01  9.99096e-01  5.37511e-05  1.49774e+00  5.37997e-05  9.98499e-01  9.99403e-01
 4.32000e+01  9.99093e-01  5.29996e-05  1.49773e+00  5.30478e-05  9.98495e-01  9.99401e-01
 4.33000e+01  9.99090e-01  5.22470e-05  1.49773e+00  5.22946e-05  9.98491e-01  9.99400e-01
 4.34000e+01  9.99088e-01  5.14931e-05  1.49772e+00  5.15401e-05  9.98486e-01  9.99398e-01
 4.35000e+01  9.99085e-01  5.07380e-05  1.49771e+00  5.07845e-05  9.98482e-01  9.99396e-01
 4.36000e+01  9.99083e-01  4.99818e-05  1.49771e+00  5.00277e-05  9.98478e-01  9.99395e-01
 4.37000e+01  9.99080e-01  4.92244e-05  1.49770e+00  4.92697e-05  9.98474e-01  9.99393e-01
 4.38000e+01  9.99078e-01  4.84658e-05  1.49770e+00  4.85106e-05  9.98470e-01  9.99391e-01
 4.39000e+01  9.99076e-01  4.77062e-05  1.49769e+00  4.77503e-05  9.98466e-01  9.99390e-01
 4.40000e+01  9.99073e-01  4.69454e-05  1.49768e+00  4.69889e-05  9.98462e-01  9.99388e-01
 4.41000e+01  9.99071e-01  4.61835e-05  1.49768e+00  4.62265e-05  9.98458e-01  9.99387e-01
 4.42000e+01  9.99069e-01  4.54206e-05  1.49767e+00  4.54630e-05  9.98454e-01  9.99385e-01
 4.43000e+01  9.99066e-01  4.46567e-05  1.49767e+00  4.46984e-05  9.98451e-01  9.99384e-01
 4.44000e+01  9.99064e-01  4.38917e-05  1.49766e+00  4.39328e-05  9.98447e-01  9.99382e-01
 4.45000e+01  9.99062e-01  4.31258e-05  1.49766e+00  4.31663e-05  9.98443e-01  9.99381e-01
 4.46000e+01  9.99060e-01  4.23588e-05  1.49765e+00  4.23987e-05  9.98440e-01  9.99379e-01
 4.47000e+01  9.99058e-01  4.15909e-05  1.49765e+00  4.16301e-05  9.98436e-01  9.99378e-01
 4.48000e+01  9.99056e-01  4.08221e-05  1.49764e+00  4.08607e-05  9.98433e-01  9.99377e-01
 4.49000e+01  9.99054e-01  4.00523e-05  1.49763e+00  4.00902e-05  9.98430e-01  9.99375e-01
 4.50000e+01  9.99052e-01  3.92816e-05  1.49763e+00  3.93189e-05  9.98426e-01  9.99374e-01
 4.51000e+01  9.99050e-01  3.85101e-05  1.49763e+00  3.85467e-05  9.98423e-01  9.99373e-01
 4.52000e+01  9.99048e-01  3.77376e-05  1.49762e+00  3.77736e-05  9.98420e-01  9.99371e-01
 4.53000e+01  9.99046e-01  3.69644e-05  1.49762e+00  3.69997e-05  9.98417e-01  9.99370e-01
 4.54000e+01  9.99044e-01  3.61903e-05  1.49761e+00  3.62249e-05  9.98414e-01  9.99369e-01
 4.55000e+01  9.99042e-01  3.54154e-05  1.49761e+00  3.54493e-05  9.98411e-01  9.99368e-01
 4.56000e+01  9.99041e-01  3.46397e-05  1.49760e+00  3.46729e-05  9.98408e-01  9.99367e-01
 4.57000e+01  9.99039e-01  3.38632e-05  1.49760e+00  3.38958e-05  9.98405e-01  9.99366e-01
 4.58000e+01  9.99037e-01  3.30860e-05  1.49759e+00  3.31179e-05  9.98402e-01  9.99364e-01
 4.59000e+01  9.99036e-01  3.23080e-05  1.49759e+00  3.23392e-05  9.98400e-01  9.99363e-01
 4.60000e+01  9.99034e-01  3.15294e-05  1.49759e+00  3.15598e-05  9.98397e-01  9.99362e-01
 4.61000e+01  9.99032e-01  3.07500e-05  1.49758e+00  3.07798e-05  9.98394e-01  9.99361e-01
 4.62000e+01  9.99031e-01  2.99699e-05  1.49758e+00  2.99990e-05  9.98392e-01  9.99360e-01
 4.63000e+01  9.99029e-01  2.91892e-05  1.49757e+00  2.92176e-05  9.98389e-01  9.99359e-01
 4.64000e+01  9.99028e-01  2.84079e-05  1.49757e+00  2.84355e-05  9.98387e-01  9.99358e-01
 4.65000e+01  9.99027e-01  2.76259e-05  1.49757e+00  2.76528e-05  9.98385e-01  9.99357e-01
 4.66000e+01  9.99025e-01  2.68433e-05  1.49756e+00  2.68695e-05  9.98382e-01  9.99357e-01
 4.67000e+01  9.99024e-01  2.60601e-05  1.49756e+00  2.60856e-05  9.98380e-01  9.99356e-01
 4.68000e+01  9.99023e-01  2.52764e-05  1.49756e+00  2.53011e-05  9.98378e-01  9.99355e-01
 4.69000e+01  9.99021e-01  2.44921e-05  1.49755e+00  2.45161e-05  9.98376e-01  9.99354e-01
 4.70000e+01  9.99020e-01  2.37072e-05  1.49755e+00  2.37305e-05  9.98374e-01  9.99353e-01
 4.71000e+01  9.99019e-01  2.29219e-05  1.49755e+00  2.29444e-05  9.98372e-01  9.99352e-01
 4.72000e+01  9.99018e-01  2.21360e-05  1.49755e+00  2.21578e-05  9.98370e-01  9.99352e-01
 4.73000e+01  9.99017e-01  2.13497e-05  1.49754e+00  2.13707e-05  9.98368e-01  9.99351e-01
 4.74000e+01  9.99016e-01  2.05629e-05  1.49754e+00  2.05832e-05  9.98367e-01  9.99350e-01
 4.75000e+01  9.99015e-01  1.97757e-05  1.49754e+00  1.97952e-05  9.98365e-01  9.99350e-01
 4.76000e+01  9.99014e-01  1.89880e-05  1.49754e+00  1.90067e-05  9.98363e-01  9.99349e-01
 4.77000e+01  9.99013e-01  1.81999e-05  1.49753e+00  1.82179e-05  9.98362e-01  9.99348e-01
 4.78000e+01  9.99012e-01  1.74114e-05  1.49753e+00  1.74286e-05  9.98360e-01  9.99348e-01
 4.79000e+01  9.99011e-01  1.66226e-05  1.49753e+00  1.66390e-05  9.98359e-01  9.99347e-01
 4.80000e+01  9.99010e-01  1.58333e-05  1.49753e+00  1.58490e-05  9.98358e-01  9.99347e-01
 4.81000e+01  9.99010e-01  1.50438e-05  1.49752e+00  1.50587e-05  9.98356e-01  9.99346e-01
 4.82000e+01  9.99009e-01  1.42539e-05  1.49752e+00  1.42680e-05  9.98355e-01  9.99346e-01
 4.83000e+01  9.99008e-01  1.34637e-05  1.49752e+00  1.34771e-05  9.98354e-01  9.99345e-01
 4.84000e+01  9.99007e-01  1.26732e-05  1.49752e+00  1.26858e-05  9.98353e-01  9.99345e-01
 4.85000e+01  9.99007e-01  1.18825e-05  1.49752e+00  1.18943e-05  9.98352e-01  9.99344e-01
 4.86000e+01  9.99006e-01  1.10915e-05  1.49752e+00  1.11025e-05  9.98351e-01  9.99344e-01
 4.87000e+01  9.99006e-01  1.03002e-05  1.49752e+00  1.03105e-05  9.98350e-01  9.99344e-01
 4.88000e+01  9.99005e-01  9.50873e-06  1.49751e+00  9.51820e-06  9.98349e-01  9.99343e-01
 4.89000e+01  9.99005e-01  8.71706e-06  1.49751e+00  8.72574e-06  9.98348e-01  9.99343e-01
 4.90000e+01  9.99004e-01  7.92519e-06  1.49751e+00  7.93309e-06  9.98348e-01  9.99343e-01
 4.91000e+01  9.99004e-01  7.13316e-06  1.49751e+00  7.14027e-06  9.98347e-01  9.99342e-01
 4.92000e+01  9.99004e-01  6.34097e-06  1.49751e+00  6.34729e-06  9.98347e-01  9.99342e-01
 4.93000e+01  9.99003e-01  5.54865e-06  1.49751e+00  5.55418e-06  9.98346e-01  9.99342e-01
 4.94000e+01  9.99003e-01  4.75620e-06  1.49751e+00  4.76095e-06  9.98346e-01  9.99342e-01
 4.95000e+01  9.99003e-01  3.96366e-06  1.49751e+00  3.96762e-06  9.98345e-01  9.99342e-01
 4.96000e+01  9.99003e-01  3.17103e-06  1.49751e+00  3.17419e-06  9.98345e-01  9.99342e-01
 4.97000e+01  9.99003e-01  2.37833e-06  1.49751e+00  2.38071e-06  9.98345e-01  9.99342e-01
 4.98000e+01  9.99002e-01  1.58558e-06  1.49751e+00  1.58717e-06  9.98345e-01  9.99341e-01
 4.99000e+01  9.99002e-01  7.92800e-07  1.49751e+00  7.93591e-07  9.98344e-01  9.99341e-01
 5.00000e+01  9.99002e-01 -0.00000e+00  1.49751e+00 -0.00000e+00  9.98344e-01  9.99341e-01
 5.01000e+01  9.99002e-01 -7.92800e-07  1.49751e+00 -7.93591e-07  9.98344e-01  9.99341e-01
 5.02000e+01  9.99002e-01 -1.58558e-06  1.49751e+00 -1.58717e-06  9.98345e-01  9.99341e-01
 5.03000e+01  9.99003e-01 -2.37833e-06  1.49751e+00 -2.38071e-06  9.98345e-01  9.99342e-01
 5.04000e+01  9.99003e-01 -3.17103e-06  1.49751e+00 -3.17419e-06  9.98345e-01  9.99342e-01
 5.05000e+01  9.99003e-01 -3.96366e-06  1.49751e+00 -3.96762e-06  9.98345e-01  9.99342e-01
 5.06000e+01  9.99003e-01 -4.75620e-06  1.49751e+00 -4.76095e-06  9.98346e-01  9.99342e-01
 5.07000e+01  9.99003e-01 -5.54865e-06  1.49751e+00 -5.55418e-06  9.98346e-01  9.99342e-01
 5.08000e+01  9.99004e-01 -6.34097e-06  1.49751e+00 -6.34729e-06  9.98347e-01  9.99342e-01
 5.09000e+01  9.99004e-01 -7.13316e-06  1.49751e+00 -7.14027e-06  9.98347e-01  9.99342e-01
 5.10000e+01  9.99004e-01 -7.92519e-06  1.49751e+00 -7.93309e-06  9.98348e-01  9.99343e-01
 5.11000e+01  9.99005e-01 -8.71706e-06  1.49751e+00 -8.72574e-06  9.98348e-01  9.99343e-01
 5.12000e+01  9.99005e-01 -9.50873e-06  1.49751e+00 -9.51820e-06  9.98349e-01  9.99343e-01
 5.13000e+01  9.99006e-01 -1.03002e-05  1.49752e+00 -1.03105e-05  9.98350e-01  9.99344e-01
 5.14000e+01  9.99006e-01 -1.10915e-05  1.49752e+00 -1.11025e-05  9.98351e-01  9.99344e-01
 5.15000e+01  9.99007e-01 -1.18825e-05  1.49752e+00 -1.18943e-05  9.98352e-01  9.99344e-01
 5.16000e+01  9.99007e-01 -1.26732e-05  1.49752e+00 -1.26858e-05  9.98353e-01  9.99345e-01
 5.17000e+01  9.99008e-01 -1.34637e-05  1.49752e+00 -1.34771e-05  9.98354e-01  9.99345e-01
 5.18000e+01  9.99009e-01 -1.42539e-05  1.49752e+00 -1.42680e-05  9.98355e-01  9.99346e-01
 5.19000e+01  9.99010e-01 -1.50438e-05  1.49752e+00 -1.50587e-05  9.98356e-01  9.99346e-01
 5.20000e+01  9.99010e-01 -1.58333e-05  1.49753e+00 -1.58490e-05  9.98358e-01  9.99347e-01
 5.21000e+01  9.99011e-01 -1.66226e-05  1.49753e+00 -1.66390e-05  9.98359e-01  9.99347e-01
 5.22000e+01  9.99012e-01 -1.74114e-05  1.49753e+00 -1.74286e-05  9.98360e-01  9.99348e-01
 5.23000e+01  9.99013e-01 -1.81999e-05  1.49753e+00 -1.82179e-05  9.98362e-01  9.99348e-01
 5.24000e+01  9.99014e-01 -1.89880e-05  1.49754e+00 -1.90067e-05  9.98363e-01  9.99349e-01
 5.25000e+01  9.99015e-01 -1.97757e-05  1.49754e+00 -1.97952e-05  9.98365e-01  9.99350e-01
 5.26000e+01  9.99016e-01 -2.05629e-05  1.49754e+00 -2.05832e-05  9.98367e-01  9.99350e-01
 5.27000e+01  9.99017e-01 -2.13497e-05  1.49754e+00 -2.13707e-05  9.98368e-01  9.99351e-01
 5.28000e+01  9.99018e-01 -2.21360e-05  1.49755e+00 -2.21578e-05  9.98370e-01  9.99352e-01
 5.29000e+01  9.99019e-01 -2.29219e-05  1.49755e+00 -2.29444e-05  9.98372e-01  9.99352e-01
 5.30000e+01  9.99020e-01 -2.37072e-05  1.49755e+00 -2.37305e-05  9.98374e-01  9.99353e-01
 5.31000e+01  9.99021e-01 -2.44921e-05  1.49755e+00 -2.45161e-05  9.98376e-01  9.99354e-01
 5.32000e+01  9.99023e-01 -2.52764e-05  1.49756e+00 -2.53011e-05  9.98378e-01  9.99355e-01
 5.33000e+01  9.99024e-01 -2.60601e-05  1.49756e+00 -2.60856e-05  9.98380e-01  9.99356e-01
 5.34000e+01  9.99025e-01 -2.68433e-05  1.49756e+00 -2.68695e-05  9.98382e-01  9.99357e-01
 5.35000e+01  9.99027e-01 -2.76259e-05  1.49757e+00 -2.76528e-05  9.98385e-01  9.99357e-01
 5.36000e+01  9.99028e-01 -2.84079e-05  1.49757e+00 -2.84355e-05  9.98387e-01  9.99358e-01
 5.37000e+01  9.99029e-01 -2.91892e-05  1.49757e+00 -2.92176e-05  9.98389e-01  9.99359e-01
 5.38000e+01  9.99031e-01 -2.99699e-05  1.49758e+00 -2.99990e-05  9.98392e-01  9.99360e-01
 5.39000e+01  9.99032e-01 -3.07500e-05  1.49758e+00 -3.07798e-05  9.98394e-01  9.99361e-01
 5.40000e+01  9.99034e-01 -3.15294e-05  1.49759e+00 -3.15598e-05  9.98397e-01  9.99362e-01
 5.41000e+01  9.99036e-01 -3.23080e-05  1.49759e+00 -3.23392e-05  9.98400e-01  9.99363e-01
 5.42000e+01  9.99037e-01 -3.30860e-05  1.49759e+00 -3.31179e-05  9.98402e-01  9.99364e-01
 5.43000e+01  9.99039e-01 -3.38632e-05  1.49760e+00 -3.38958e-05  9.98405e-01  9.99366e-01
 5.44000e+01  9.99041e-01 -3.46397e-05  1.49760e+00 -3.46729e-05  9.98408e-01  9.99367e-01
 5.45000e+01  9.99042e-01 -3.54154e-05  1.49761e+00 -3.54493e-05  9.98411e-01  9.99368e-01
 5.46000e+01  9.99044e-01 -3.61903e-05  1.49761e+00 -3.62249e-05  9.98414e-01  9.99369e-01
 5.47000e+01  9.99046e-01 -3.69644e-05  1.49762e+00 -3.69997e-05  9.98417e-01  9.99370e-01
 5.48000e+01  9.99048e-01 -3.77376e-05  1.49762e+00 -3.77736e-05  9.98420e-01  9.99371e-01
 5.49000e+01  9.99050e-01 -3.85101e-05  1.49763e+00 -3.85467e-05  9.98423e-01  9.99373e-01
 5.50000e+01  9.99052e-01 -3.92816e-05  1.49763e+00 -3.93189e-05  9.98426e-01  9.99374e-01
 5.51000e+01  9.99054e-01 -4.00523e-05  1.49763e+00 -4.00902e-05  9.98430e-01  9.99375e-01
 5.52000e+01  9.99056e-01 -4.08221e-05  1.49764e+00 -4.08607e-05  9.98433e-01  9.99377e-01
 5.53000e+01  9.99058e-01 -4.15909e-05  1.49765e+00 -4.16301e-05  9.98436e-01  9.99378e-01
 5.54000e+01  9.99060e-01 -4.23588e-05  1.49765e+00 -4.23987e-05  9.98440e-01  9.99379e-01
 5.55000e+01  9.99062e-01 -4.31258e-05  1.49766e+00 -4.31663e-05  9.98443e-01  9.99381e-01
 5.56000e+01  9.99064e-01 -4.38917e-05  1.49766e+00 -4.39328e-05  9.98447e-01  9.99382e-01
 5.57000e+01  9.99066e-01 -4.46567e-05  1.49767e+00 -4.46984e-05  9.98451e-01  9.99384e-01
 5.58000e+01  9.99069e-01 -4.54206e-05  1.49767e+00 -4.54630e-05  9.98454e-01  9.99385e-01
 5.59000e+01  9.99071e-01 -4.61835e-05  1.49768e+00 -4.62265e-05  9.98458e-01  9.99387e-01
 5.60000e+01  9.99073e-01 -4.69454e-05  1.49768e+00 -4.69889e-05  9.98462e-01  9.99388e-01
 5.61000e+01  9.99076e-01 -4.77062e-05  1.49769e+00 -4.77503e-05  9.98466e-01  9.99390e-01
 5.62000e+01  9.99078e-01 -4.84658e-05  1.49770e+00 -4.85106e-05  9.98470e-01  9.99391e-01
 5.63000e+01  9.99080e-01 -4.92244e-05  1.49770e+00 -4.92697e-05  9.98474e-01  9.99393e-01
 5.64000e+01  9.99083e-01 -4.99818e-05  1.49771e+00 -5.00277e-05  9.98478e-01  9.99395e-01
 5.65000e+01  9.99085e-01 -5.07380e-05  1.49771e+00 -5.07845e-05  9.98482e-01  9.99396e-01
 5.66000e+01  9.99088e-01 -5.14931e-05  1.49772e+00 -5.15401e-05  9.98486e-01  9.99398e-01
 5.67000e+01  9.99090e-01 -5.22470e-05  1.49773e+00 -5.22946e-05  9.98491e-01  9.99400e-01
 5.68000e+01  9.99093e-01 -5.29996e-05  1.49773e+00 -5.30478e-05  9.98495e-01  9.99401e-01
 5.69000e+01  9.99096e-01 -5.37511e-05  1.49774e+00 -5.37997e-05  9.98499e-01  9.99403e-01
 5.70000e+01  9.99098e-01 -5.45012e-05  1.49775e+00 -5.45504e-05  9.98504e-01  9.99405e-01
 5.71000e+01  9.99101e-01 -5.52501e-05  1.49775e+00 -5.52998e-05  9.98508e-01  9.99407e-01
 5.72000e+01  9.99104e-01 -5.59977e-05  1.49776e+00 -5.60479e-05  9.98513e-01  9.99408e-01
 5.73000e+01  9.99107e-01 -5.67439e-05  1.49777e+00 -5.67946e-05  9.98517e-01  9.99410e-01
 5.74000e+01  9.99109e-01 -5.74888e-05  1.49777e+00 -5.75401e-05  9.98522e-01  9.99412e-01
 5.75000e+01  9.99112e-01 -5.82323e-05  1.49778e+00 -5.82841e-05  9.98527e-01  9.99414e-01
 5.76000e+01  9.99115e-01 -5.89745e-05  1.49779e+00 -5.90267e-05  9.98532e-01  9.99416e-01
 5.77000e+01  9.99118e-01 -5.97152e-05  1.49780e+00 -5.97680e-05  9.98536e-01  9.99418e-01
 5.78000e+01  9.99121e-01 -6.04546e-05  1.49780e+00 -6.05077e-05  9.98541e-01  9.99420e-01
 5.79000e+01  9.99124e-01 -6.11924e-05  1.49781e+00 -6.12461e-05  9.98546e-01  9.99422e-01
 5.80000e+01  9.99127e-01 -6.19288e-05  1.49782e+00 -6.19829e-05  9.98551e-01  9.99424e-01
 5.81000e+01  9.99130e-01 -6.26637e-05  1.49783e+00 -6.27183e-05  9.98556e-01  9.99426e-01
 5.82000e+01  9.99133e-01 -6.33971e-05  1.49783e+00 -6.34521e-05  9.98562e-01  9.99428e-01
 5.83000e+01  9.99136e-01 -6.41290e-05  1.49784e+00 -6.41844e-05  9.98567e-01  9.99430e-01
 5.84000e+01  9.99140e-01 -6.48592e-05  1.49785e+00 -6.49151e-05  9.98572e-01  9.99432e-01
 5.85000e+01  9.99143e-01 -6.55879e-05  1.49786e+00 -6.56442e-05  9.98577e-01  9.99434e-01
 5.86000e+01  9.99146e-01 -6.63151e-05  1.49787e+00 -6.63717e-05  9.98583e-01  9.99436e-01
 5.87000e+01  9.99149e-01 -6.70405e-05  1.49787e+00 -6.70976e-05  9.98588e-01  9.99438e-01
 5.88000e+01  9.99153e-01 -6.77644e-05  1.49788e+00 -6.78218e-05  9.98594e-01  9.99441e-01
 5.89000e+01  9.99156e-01 -6.84865e-05  1.49789e+00 -6.85444e-05  9.98599e-01  9.99443e-01
 5.90000e+01  9.99159e-01 -6.92070e-05  1.49790e+00 -6.92652e-05  9.98605e-01  9.99445e-01
 5.91000e+01  9.99163e-01 -6.99257e-05  1.49791e+00 -6.99843e-05  9.98610e-01  9.99447e-01
 5.92000e+01  9.99166e-01 -7.06427e-05  1.49792e+00 -7.07017e-05  9.98616e-01  9.99450e-01
 5.93000e+01  9.99170e-01 -7.13580e-05  1.49792e+00 -7.14173e-05  9.98622e-01  9.99452e-01
 5.94000e+01  9.99173e-01 -7.20715e-05  1.49793e+00 -7.21311e-05  9.98628e-01  9.99454e-01
 5.95000e+01  9.99177e-01 -7.27831e-05  1.49794e+00 -7.28431e-05  9.98634e-01  9.99456e-01
 5.96000e+01  9.99180e-01 -7.34930e-05  1.49795e+00 -7.35533e-05  9.98640e-01  9.99459e-01
 5.97000e+01  9.99184e-01 -7.42009e-05  1.49796e+00 -7.42615e-05  9.98645e-01  9.99461e-01
 5.98000e+01  9.99187e-01 -7.49070e-05  1.49797e+00 -7.49680e-05  9.98652e-01  9.99464e-01
 5.99000e+01  9.99191e-01 -7.56112e-05  1.49798e+00 -7.56724e-05  9.98658e-01  9.99466e-01
 6.00000e+01  9.99195e-01 -7.63135e-05  1.49799e+00 -7.63750e-05  9.98664e-01  9.99468e-01
 6.01000e+01  9.99199e-01 -7.70138e-05  1.49800e+00 -7.70756e-05  9.98670e-01  9.99471e-01
 6.02000e+01  9.99202e-01 -7.77122e-05  1.49801e+00 -7.77742e-05  9.98676e-01  9.99473e-01
 6.03000e+01  9.99206e-01 -7.84086e-05  1.49802e+00 -7.84709e-05  9.98682e-01  9.99476e-01
 6.04000e+01  9.99210e-01 -7.91029e-05  1.49803e+00 -7.91654e-05  9.98689e-01  9.99478e-01
 6.05000e+01  9.99214e-01 -7.97952e-05  1.49804e+00 -7.98580e-05  9.98695e-01  9.99481e-01
 6.06000e+01  9.99218e-01 -8.04854e-05  1.49804e+00 -8.05485e-05  9.98702e-01  9.99484e-01
 6.07000e+01  9.99222e-01 -8.11736e-05  1.49805e+00 -8.12368e-05  9.98708e-01  9.99486e-01
 6.08000e+01  9.99226e-01 -8.18596e-05  1.49806e+00 -8.19231e-05  9.98715e-01  9.99489e-01
 6.09000e+01  9.99230e-01 -8.25435e-05  1.49807e+00 -8.26071e-05  9.98721e-01  9.99491e-01
 6.10000e+01  9.99234e-01 -8.32252e-05  1.49808e+00 -8.32891e-05  9.98728e-01  9.99494e-01
 6.11000e+01  9.99238e-01 -8.39048e-05  1.49809e+00 -8.39688e-05  9.98735e-01  9.99497e-01
 6.12000e+01  9.99242e-01 -8.45821e-05  1.49810e+00 -8.46463e-05  9.98741e-01  9.99499e-01
 6.13000e+01  9.99246e-01 -8.52572e-05  1.49811e+00 -8.53215e-05  9.98748e-01  9.99502e-01
 6.14000e+01  9.99250e-01 -8.59300e-05  1.49813e+00 -8.59945e-05  9.98755e-01  9.99505e-01
 6.15000e+01  9.99254e-01 -8.66005e-05  1.49814e+00 -8.66651e-05  9.98762e-01  9.99508e-01
 6.16000e+01  9.99258e-01 -8.72687e-05  1.49815e+00 -8.73335e-05  9.98769e-01  9.99510e-01
 6.17000e+01  9.99263e-01 -8.79346e-05  1.49816e+00 -8.79995e-05  9.98776e-01  9.99513e-01
 6.18000e+01  9.99267e-01 -8.85981e-05  1.49817e+00 -8.86631e-05  9.98783e-01  9.99516e-01
 6.19000e+01  9.99271e-01 -8.92592e-05  1.49818e+00 -8.93243e-05  9.98790e-01  9.99519e-01
 6.20000e+01  9.99275e-01 -8.99179e-05  1.49819e+00 -8.99831e-05  9.98797e-01  9.99522e-01
 6.21000e+01  9.99280e-01 -9.05742e-05  1.49820e+00 -9.06395e-05  9.98805e-01  9.99524e-01
 6.22000e+01  9.99284e-01 -9.12280e-05  1.49821e+00 -9.12934e-05  9.98812e-01  9.99527e-01
 6.23000e+01  9.99288e-01 -9.18793e-05  1.49822e+00 -9.19447e-05  9.98819e-01  9.99530e-01
 6.24000e+01  9.99293e-01 -9.25281e-05  1.49823e+00 -9.25936e-05  9.98826e-01  9.99533e-01
 6.25000e+01  9.99297e-01 -9.31744e-05  1.49824e+00 -9.32399e-05  9.98834e-01  9.99536e-01
 6.26000e+01  9.99302e-01 -9.38181e-05  1.49825e+00 -9.38836e-05  9.98841e-01  9.99539e-01
 6.27000e+01  9.99306e-01 -9.44591e-05  1.49827e+00 -9.45247e-05  9.98849e-01  9.99542e-01
 6.28000e+01  9.99311e-01 -9.50976e-05  1.49828e+00 -9.51632e-05  9.98856e-01  9.99545e-01
 6.29000e+01  9.99315e-01 -9.57334e-05  1.49829e+00 -9.57990e-05  9.98864e-01  9.99548e-01
 6.30000e+01  9.99320e-01 -9.63666e-05  1.49830e+00 -9.64322e-05  9.98871e-01  9.99551e-01
 6.31000e+01  9.99325e-01 -9.69970e-05  1.49831e+00 -9.70626e-05  9.98879e-01  9.99554e-01
 6.32000e+01  9.99329e-01 -9.76248e-05  1.49832e+00 -9.76903e-05  9.98887e-01  9.99557e-01
 6.33000e+01  9.99334e-01 -9.82497e-05  1.49834e+00 -9.83152e-05  9.98894e-01  9.99560e-01
 6.34000e+01  9.99339e-01 -9.88719e-05  1.49835e+00 -9.89374e-05  9.98902e-01  9.99563e-01
 6.35000e+01  9.99343e-01 -9.94913e-05  1.49836e+00 -9.95567e-05  9.98910e-01  9.99566e-01
 6.36000e+01  9.99348e-01 -1.00108e-04  1.49837e+00 -1.00173e-04  9.98918e-01  9.99570e-01
 6.37000e+01  9.99353e-01 -1.00722e-04  1.49838e+00 -1.00787e-04  9.98926e-01  9.99573e-01
 6.38000e+01  9.99358e-01 -1.01332e-04  1.49839e+00 -1.01398e-04  9.98934e-01  9.99576e-01
 6.39000e+01  9.99362e-01 -1.01940e-04  1.49841e+00 -1.02005e-04  9.98942e-01  9.99579e-01
 6.40000e+01  9.99367e-01 -1.02545e-04  1.49842e+00 -1.02610e-04  9.98950e-01  9.99582e-01
 6.41000e+01  9.99372e-01 -1.03147e-04  1.49843e+00 -1.03212e-04  9.98958e-01  9.99586e-01
 6.42000e+01  9.99377e-01 -1.03746e-04  1.49844e+00 -1.03811e-04  9.98966e-01  9.99589e-01
 6.43000e+01  9.99382e-01 -1.04342e-04  1.49846e+00 -1.04407e-04  9.98974e-01  9.99592e-01
 6.44000e+01  9.99387e-01 -1.04935e-04  1.49847e+00 -1.05000e-04  9.98982e-01  9.99595e-01
 6.45000e+01  9.99392e-01 -1.05525e-04  1.49848e+00 -1.05589e-04  9.98991e-01  9.99599e-01
 6.46000e+01  9.99397e-01 -1.06112e-04  1.49849e+00 -1.06176e-04  9.98999e-01  9.99602e-01
 6.47000e+01  9.99402e-01 -1.06695e-04  1.49851e+00 -1.06759e-04  9.99007e-01  9.99605e-01
 6.48000e+01  9.99407e-01 -1.07276e-04  1.49852e+00 -1.07340e-04  9.99016e-01  9.99608e-01
 6.49000e+01  9.99412e-01 -1.07853e-04  1.49853e+00 -1.07917e-04  9.99024e-01  9.99612e-01
 6.50000e+01  9.99417e-01 -1.08427e-04  1.49854e+00 -1.08491e-04  9.99033e-01  9.99615e-01
 6.51000e+01  9.99422e-01 -1.08998e-04  1.49856e+00 -1.09061e-04  9.99041e-01  9.99619e-01
 6.52000e+01  9.99427e-01 -1.09566e-04  1.49857e+00 -1.09628e-04  9.99050e-01  9.99622e-01
 6.53000e+01  9.99433e-01 -1.10130e-04  1.49858e+00 -1.10193e-04  9.99058e-01  9.99625e-01
 6.54000e+01  9.99438e-01 -1.10691e-04  1.49859e+00 -1.10753e-04  9.99067e-01  9.99629e-01
 6.55000e+01  9.99443e-01 -1.11249e-04  1.49861e+00 -1.11311e-04  9.99075e-01  9.99632e-01
 6.56000e+01  9.99448e-01 -1.11803e-04  1.49862e+00 -1.11865e-04  9.99084e-01  9.99636e-01
 6.57000e+01  9.99453e-01 -1.12354e-04  1.49863e+00 -1.12415e-04  9.99093e-01  9.99639e-01
 6.58000e+01  9.99459e-01 -1.12901e-04  1.49865e+00 -1.12962e-04  9.99101e-01  9.99643e-01
 6.59000e+01  9.99464e-01 -1.13445e-04  1.49866e+00 -1.13506e-04  9.99110e-01  9.99646e-01
 6.60000e+01  9.99469e-01 -1.13985e-04  1.49867e+00 -1.14046e-04  9.99119e-01  9.99650e-01
 6.61000e+01  9.99475e-01 -1.14522e-04  1.49869e+00 -1.14583e-04  9.99128e-01  9.99653e-01
 6.62000e+01  9.99480e-01 -1.15056e-04  1.49870e+00 -1.15116e-04  9.99137e-01  9.99657e-01
 6.63000e+01  9.99485e-01 -1.15586e-04  1.49871e+00 -1.15645e-04  9.99146e-01  9.99660e-01
 6.64000e+01  9.99491e-01 -1.16112e-04  1.49873e+00 -1.16171e-04  9.99155e-01  9.99664e-01
 6.65000e+01  9.99496e-01 -1.16635e-04  1.49874e+00 -1.16693e-04  9.99164e-01  9.99667e-01
 6.66000e+01  9.99501e-01 -1.17153e-04  1.49875e+00 -1.17212e-04  9.99173e-01  9.99671e-01
 6.67000e+01  9.99507e-01 -1.17669e-04  1.49877e+00 -1.17727e-04  9.99182e-01  9.99674e-01
 6.68000e+01  9.99512e-01 -1.18180e-04  1.49878e+00 -1.18238e-04  9.99191e-01  9.99678e-01
 6.69000e+01  9.99518e-01 -1.18688e-04  1.49879e+00 -1.18745e-04  9.99200e-01  9.99682e-01
 6.70000e+01  9.99523e-01 -1.19192e-04  1.49881e+00 -1.19249e-04  9.99209e-01  9.99685e-01
 6.71000e+01  9.99529e-01 -1.19693e-04  1.49882e+00 -1.19749e-04  9.99218e-01  9.99689e-01
 6.72000e+01  9.99534e-01 -1.20189e-04  1.49884e+00 -1.20245e-04  9.99227e-01  9.99693e-01
 6.73000e+01  9.99540e-01 -1.20682e-04  1.49885e+00 -1.20737e-04  9.99236e-01  9.99696e-01
 6.74000e+01  9.99546e-01 -1.21170e-04  1.49886e+00 -1.21225e-04  9.99246e-01  9.99700e-01
 6.75000e+01  9.99551e-01 -1.21655e-04  1.49888e+00 -1.21710e-04  9.99255e-01  9.99704e-01
 6.76000e+01  9.99557e-01 -1.22136e-04  1.49889e+00 -1.22190e-04  9.99264e-01  9.99707e-01
 6.77000e+01  9.99562e-01 -1.22613e-04  1.49891e+00 -1.22667e-04  9.99274e-01  9.99711e-01
 6.78000e+01  9.99568e-01 -1.23086e-04  1.49892e+00 -1.23139e-04  9.99283e-01  9.99715e-01
 6.79000e+01  9.99574e-01 -1.23555e-04  1.49893e+00 -1.23608e-04  9.99292e-01  9.99719e-01
 6.80000e+01  9.99579e-01 -1.24020e-04  1.49895e+00 -1.24072e-04  9.99302e-01  9.99722e-01
 6.81000e+01  9.99585e-01 -1.24481e-04  1.49896e+00 -1.24532e-04  9.99311e-01  9.99726e-01
 6.82000e+01  9.99591e-01 -1.24937e-04  1.49898e+00 -1.24989e-04  9.99321e-01  9.99730e-01
 6.83000e+01  9.99597e-01 -1.25390e-04  1.49899e+00 -1.25441e-04  9.99330e-01  9.99734e-01
 6.84000e+01  9.99602e-01 -1.25838e-04  1.49901e+00 -1.25889e-04  9.99340e-01  9.99737e-01
 6.85000e+01  9.99608e-01 -1.26283e-04  1.49902e+00 -1.26332e-04  9.99349e-01  9.99741e-01
 6.86000e+01  9.99614e-01 -1.26723e-04  1.49903e+00 -1.26772e-04  9.99359e-01  9.99745e-01
 6.87000e+01  9.99620e-01 -1.27159e-04  1.49905e+00 -1.27207e-04  9.99369e-01  9.99749e-01
 6.88000e+01  9.99625e-01 -1.27590e-04  1.49906e+00 -1.27638e-04  9.99378e-01  9.99753e-01
 6.89000e+01  9.99631e-01 -1.28018e-04  1.49908e+00 -1.28065e-04  9.99388e-01  9.99757e-01
 6.90000e+01  9.99637e-01 -1.28441e-04  1.49909e+00 -1.28487e-04  9.99398e-01  9.99760e-01
 6.91000e+01  9.99643e-01 -1.28859e-04  1.49911e+00 -1.28905e-04  9.99407e-01  9.99764e-01
 6.92000e+01  9.99649e-01 -1.29273e-04  1.49912e+00 -1.29319e-04  9.99417e-01  9.99768e-01
 6.93000e+01  9.99655e-01 -1.29683e-04  1.49914e+00 -1.29728e-04  9.99427e-01  9.99772e-01
 6.94000e+01  9.99661e-01 -1.30089e-04  1.49915e+00 -1.30133e-04  9.99436e-01  9.99776e-01
 6.95000e+01  9.99666e-01 -1.30490e-04  1.49917e+00 -1.30533e-04  9.99446e-01  9.99780e-01
 6.96000e+01  9.99672e-01 -1.30886e-04  1.49918e+00 -1.30929e-04  9.99456e-01  9.99784e-01
 6.97000e+01  9.99678e-01 -1.31278e-04  1.49920e+00 -1.31321e-04  9.99466e-01  9.99788e-01
 6.98000e+01  9.99684e-01 -1.31666e-04  1.49921e+00 -1.31707e-04  9.99476e-01  9.99791e-01
 6.99000e+01  9.99690e-01 -1.32049e-04  1.49923e+00 -1.32090e-04  9.99486e-01  9.99795e-01
 7.00000e+01  9.99696e-01 -1.32427e-04  1.49924e+00 -1.32467e-04  9.99496e-01  9.99799e-01
 7.01000e+01  9.99702e-01 -1.32801e-04  1.49926e+00 -1.32840e-04  9.99505e-01  9.99803e-01
 7.02000e+01  9.99708e-01 -1.33170e-04  1.49927e+00 -1.33209e-04  9.99515e-01  9.99807e-01
 7.03000e+01  9.99714e-01 -1.33534e-04  1.49929e+00 -1.33572e-04  9.99525e-01  9.99811e-01
 7.04000e+01  9.99720e-01 -1.33894e-04  1.49930e+00 -1.33932e-04  9.99535e-01  9.99815e-01
 7.05000e+01  9.99726e-01 -1.34249e-04  1.49932e+00 -1.34286e-04  9.99545e-01  9.99819e-01
 7.06000e+01  9.99732e-01 -1.34599e-04  1.49933e+00 -1.34635e-04  9.99555e-01  9.99823e-01
 7.07000e+01  9.99738e-01 -1.34945e-04  1.49935e+00 -1.34980e-04  9.99565e-01  9.99827e-01
 7.08000e+01  9.99744e-01 -1.35286e-04  1.49936e+00 -1.35320e-04  9.99575e-01  9.99831e-01
 7.09000e+01  9.99750e-01 -1.35621e-04  1.49938e+00 -1.35655e-04  9.99585e-01  9.99835e-01
 7.10000e+01  9.99756e-01 -1.35953e-04  1.49939e+00 -1.35986e-04  9.99595e-01  9.99839e-01
 7.11000e+01  9.99762e-01 -1.36279e-04  1.49941e+00 -1.36311e-04  9.99606e-01  9.99843e-01
 7.12000e+01  9.99769e-01 -1.36600e-04  1.49942e+00 -1.36632e-04  9.99616e-01  9.99847e-01
 7.13000e+01  9.99775e-01 -1.36916e-04  1.49944e+00 -1.36947e-04  9.99626e-01  9.99851e-01
 7.14000e+01  9.99781e-01 -1.37228e-04  1.49945e+00 -1.37258e-04  9.99636e-01  9.99855e-01
 7.15000e+01  9.99787e-01 -1.37534e-04  1.49947e+00 -1.37564e-04  9.99646e-01  9.99859e-01
 7.16000e+01  9.99793e-01 -1.37836e-04  1.49948e+00 -1.37864e-04  9.99656e-01  9.99863e-01
 7.17000e+01  9.99799e-01 -1.38132e-04  1.49950e+00 -1.38160e-04  9.99666e-01  9.99867e-01
 7.18000e+01  9.99805e-01 -1.38424e-04  1.49951e+00 -1.38450e-04  9.99677e-01  9.99871e-01
 7.19000e+01  9.99811e-01 -1.38710e-04  1.49953e+00 -1.38736e-04  9.99687e-01  9.99875e-01
 7.20000e+01  9.99817e-01 -1.38991e-04  1.49954e+00 -1.39016e-04  9.99697e-01  9.99879e-01
 7.21000e+01  9.99824e-01 -1.39267e-04  1.49956e+00 -1.39292e-04  9.99707e-01  9.99884e-01
 7.22000e+01  9.99830e-01 -1.39538e-04  1.49957e+00 -1.39562e-04  9.99717e-01  9.99888e-01
 7.23000e+01  9.99836e-01 -1.39804e-04  1.49959e+00 -1.39827e-04  9.99728e-01  9.99892e-01
 7.24000e+01  9.99842e-01 -1.40065e-04  1.49961e+00 -1.40087e-04  9.99738e-01  9.99896e-01
 7.25000e+01  9.99848e-01 -1.40320e-04  1.49962e+00 -1.40341e-04  9.99748e-01  9.99900e-01
 7.26000e+01  9.99855e-01 -1.40570e-04  1.49964e+00 -1.40591e-04  9.99758e-01  9.99904e-01
 7.27000e+01  9.99861e-01 -1.40815e-04  1.49965e+00 -1.40835e-04  9.99769e-01  9.99908e-01
 7.28000e+01  9.99867e-01 -1.41055e-04  1.49967e+00 -1.41074e-04  9.99779e-01  9.99912e-01
 7.29000e+01  9.99873e-01 -1.41289e-04  1.49968e+00 -1.41307e-04  9.99789e-01  9.99916e-01
 7.30000e+01  9.99879e-01 -1.41518e-04  1.49970e+00 -1.41535e-04  9.99800e-01  9.99920e-01
 7.31000e+01  9.99886e-01 -1.41742e-04  1.49971e+00 -1.41758e-04  9.99810e-01  9.99924e-01
 7.32000e+01  9.99892e-01 -1.41960e-04  1.49973e+00 -1.41975e-04  9.99820e-01  9.99928e-01
 7.33000e+01  9.99898e-01 -1.42173e-04  1.49974e+00 -1.42187e-04  9.99831e-01  9.99933e-01
 7.34000e+01  9.99904e-01 -1.42380e-04  1.49976e+00 -1.42394e-04  9.99841e-01  9.99937e-01
 7.35000e+01  9.99910e-01 -1.42582e-04  1.49978e+00 -1.42595e-04  9.99851e-01  9.99941e-01
 7.36000e+01  9.99917e-01 -1.42779e-04  1.49979e+00 -1.42791e-04  9.99862e-01  9.99945e-01
 7.37000e+01  9.99923e-01 -1.42970e-04  1.49981e+00 -1.42981e-04  9.99872e-01  9.99949e-01
 7.38000e+01  9.99929e-01 -1.43156e-04  1.49982e+00 -1.43166e-04  9.99882e-01  9.99953e-01
 7.39000e+01  9.99935e-01 -1.43336e-04  1.49984e+00 -1.43345e-04  9.99893e-01  9.99957e-01
 7.40000e+01  9.99942e-01 -1.43510e-04  1.49985e+00 -1.43519e-04  9.99903e-01  9.99961e-01
 7.41000e+01  9.99948e-01 -1.43679e-04  1.49987e+00 -1.43687e-04  9.99913e-01  9.99965e-01
 7.42000e+01  9.99954e-01 -1.43843e-04  1.49989e+00 -1.43849e-04  9.99924e-01  9.99970e-01
 7.43000e+01  9.99960e-01 -1.44000e-04  1.49990e+00 -1.44006e-04  9.99934e-01  9.99974e-01
 7.44000e+01  9.99967e-01 -1.44153e-04  1.49992e+00 -1.44157e-04  9.99944e-01  9.99978e-01
 7.45000e+01  9.99973e-01 -1.44299e-04  1.49993e+00 -1.44303e-04  9.99955e-01  9.99982e-01
 7.46000e+01  9.99979e-01 -1.44440e-04  1.49995e+00 -1.44443e-04  9.99965e-01  9.99986e-01
 7.47000e+01  9.99985e-01 -1.44575e-04  1.49996e+00 -1.44577e-04  9.99975e-01  9.99990e-01
 7.48000e+01  9.99991e-01 -1.44704e-04  1.49998e+00 -1.44706e-04  9.99986e-01  9.99994e-01
 7.49000e+01  9.99998e-01 -1.44828e-04  1.49999e+00 -1.44829e-04  9.99996e-01  9.99998e-01
 7.50000e+01  1.00000e+00 -1.44946e-04  1.50001e+00 -1.44946e-04  1.00001e+00  1.00000e+00
 7.51000e+01  1.00001e+00 -1.45058e-04  1.50003e+00 -1.45057e-04  1.00002e+00  1.00001e+00
 7.52000e+01  1.00002e+00 -1.45165e-04  1.50004e+00 -1.45163e-04  1.00003e+00  1.00001e+00
 7.53000e+01  1.00002e+00 -1.45266e-04  1.50006e+00 -1.45262e-04  1.00004e+00  1.00001e+00
 7.54000e+01  1.00003e+00 -1.45361e-04  1.50007e+00 -1.45356e-04  1.00005e+00  1.00002e+00
 7.55000e+01  1.00004e+00 -1.45450e-04  1.50009e+00 -1.45444e-04  1.00006e+00  1.00002e+00
 7.56000e+01  1.00004e+00 -1.45533e-04  1.50010e+00 -1.45527e-04  1.00007e+00  1.00003e+00
 7.57000e+01  1.00005e+00 -1.45610e-04  1.50012e+00 -1.45603e-04  1.00008e+00  1.00003e+00
 7.58000e+01  1.00005e+00 -1.45682e-04  1.50013e+00 -1.45674e-04  1.00009e+00  1.00004e+00
 7.59000e+01  1.00006e+00 -1.45747e-04  1.50015e+00 -1.45738e-04  1.00010e+00  1.00004e+00
 7.60000e+01  1.00007e+00 -1.45807e-04  1.50017e+00 -1.45797e-04  1.00011e+00  1.00004e+00
 7.61000e+01  1.00007e+00 -1.45860e-04  1.50018e+00 -1.45850e-04  1.00012e+00  1.00005e+00
 7.62000e+01  1.00008e+00 -1.45908e-04  1.50020e+00 -1.45897e-04  1.00013e+00  1.00005e+00
 7.63000e+01  1.00009e+00 -1.45950e-04  1.50021e+00 -1.45938e-04  1.00014e+00  1.00006e+00
 7.64000e+01  1.00009e+00 -1.45986e-04  1.50023e+00 -1.45973e-04  1.00015e+00  1.00006e+00
 7.65000e+01  1.00010e+00 -1.46016e-04  1.50024e+00 -1.46002e-04  1.00016e+00  1.00006e+00
 7.66000e+01  1.00010e+00 -1.46040e-04  1.50026e+00 -1.46025e-04  1.00017e+00  1.00007e+00
 7.67000e+01  1.00011e+00 -1.46058e-04  1.50027e+00 -1.46042e-04  1.00018e+00  1.00007e+00
 7.68000e+01  1.00012e+00 -1.46069e-04  1.50029e+00 -1.46052e-04  1.00019e+00  1.00008e+00
 7.69000e+01  1.00012e+00 -1.46075e-04  1.50031e+00 -1.46057e-04  1.00020e+00  1.00008e+00
 7.70000e+01  1.00013e+00 -1.46075e-04  1.50032e+00 -1.46056e-04  1.00021e+00  1.00008e+00
 7.71000e+01  1.00013e+00 -1.46069e-04  1.50034e+00 -1.46049e-04  1.00022e+00  1.00009e+00
 7.72000e+01  1.00014e+00 -1.46056e-04  1.50035e+00 -1.46036e-04  1.00023e+00  1.00009e+00
 7.73000e+01  1.00015e+00 -1.46038e-04  1.50037e+00 -1.46016e-04  1.00024e+00  1.00010e+00
 7.74000e+01  1.00015e+00 -1.46013e-04  1.50038e+00 -1.45991e-04  1.00025e+00  1.00010e+00
 7.75000e+01  1.00016e+00 -1.45982e-04  1.50040e+00 -1.45959e-04  1.00026e+00  1.00011e+00
 7.76000e+01  1.00017e+00 -1.45945e-04  1.50041e+00 -1.45921e-04  1.00027e+00  1.00011e+00
 7.77000e+01  1.00017e+00 -1.45902e-04  1.50043e+00 -1.45877e-04  1.00028e+00  1.00011e+00
 7.78000e+01  1.00018e+00 -1.45853e-04  1.50044e+00 -1.45827e-04  1.00029e+00  1.00012e+00
 7.79000e+01  1.00018e+00 -1.45798e-04  1.50046e+00 -1.45771e-04  1.00031e+00  1.00012e+00
 7.80000e+01  1.00019e+00 -1.45736e-04  1.50047e+00 -1.45709e-04  1.00032e+00  1.00013e+00
 7.81000e+01  1.00020e+00 -1.45669e-04  1.50049e+00 -1.45640e-04  1.00033e+00  1.00013e+00
 7.82000e+01  1.00020e+00 -1.45595e-04  1.50051e+00 -1.45565e-04  1.00034e+00  1.00013e+00
 7.83000e+01  1.00021e+00 -1.45515e-04  1.50052e+00 -1.45484e-04  1.00035e+00  1.00014e+00
 7.84000e+01  1.00021e+00 -1.45429e-04  1.50054e+00 -1.45397e-04  1.00036e+00  1.00014e+00
 7.85000e+01  1.00022e+00 -1.45336e-04  1.50055e+00 -1.45304e-04  1.00037e+00  1.00015e+00
 7.86000e+01  1.00023e+00 -1.45237e-04  1.50057e+00 -1.45204e-04  1.00038e+00  1.00015e+00
 7.87000e+01  1.00023e+00 -1.45132e-04  1.50058e+00 -1.45099e-04  1.00039e+00  1.00015e+00
 7.88000e+01  1.00024e+00 -1.45021e-04  1.50060e+00 -1.44987e-04  1.00040e+00  1.00016e+00
 7.89000e+01  1.00024e+00 -1.44904e-04  1.50061e+00 -1.44868e-04  1.00041e+00  1.00016e+00
 7.90000e+01  1.00025e+00 -1.44780e-04  1.50063e+00 -1.44744e-04  1.00042e+00  1.00017e+00
 7.91000e+01  1.00026e+00 -1.44650e-04  1.50064e+00 -1.44613e-04  1.00043e+00  1.00017e+00
 7.92000e+01  1.00026e+00 -1.44514e-04  1.50066e+00 -1.44476e-04  1.00044e+00  1.00017e+00
 7.93000e+01  1.00027e+00 -1.44371e-04  1.50067e+00 -1.44332e-04  1.00045e+00  1.00018e+00
 7.94000e+01  1.00027e+00 -1.44222e-04  1.50069e+00 -1.44183e-04  1.00046e+00  1.00018e+00
 7.95000e+01  1.00028e+00 -1.44067e-04  1.50070e+00 -1.44027e-04  1.00047e+00  1.00019e+00
 7.96000e+01  1.00029e+00 -1.43906e-04  1.50072e+00 -1.43865e-04  1.00048e+00  1.00019e+00
 7.97000e+01  1.00029e+00 -1.43738e-04  1.50073e+00 -1.43696e-04  1.00049e+00  1.00019e+00
 7.98000e+01  1.00030e+00 -1.43564e-04  1.50075e+00 -1.43522e-04  1.00050e+00  1.00020e+00
 7.99000e+01  1.00030e+00 -1.43384e-04  1.50076e+00 -1.43340e-04  1.00051e+00  1.00020e+00
 8.00000e+01  1.00031e+00 -1.43198e-04  1.50078e+00 -1.43153e-04  1.00052e+00  1.00020e+00
 8.01000e+01  1.00032e+00 -1.43005e-04  1.50079e+00 -1.42959e-04  1.00052e+00  1.00021e+00
 8.02000e+01  1.00032e+00 -1.42805e-04  1.50081e+00 -1.42759e-04  1.00053e+00  1.00021e+00
 8.03000e+01  1.00033e+00 -1.42600e-04  1.50082e+00 -1.42553e-04  1.00054e+00  1.00022e+00
 8.04000e+01  1.00033e+00 -1.42388e-04  1.50083e+00 -1.42341e-04  1.00055e+00  1.00022e+00
 8.05000e+01  1.00034e+00 -1.42170e-04  1.50085e+00 -1.42122e-04  1.00056e+00  1.00022e+00
 8.06000e+01  1.00035e+00 -1.41945e-04  1.50086e+00 -1.41896e-04  1.00057e+00  1.00023e+00
 8.07000e+01  1.00035e+00 -1.41715e-04  1.50088e+00 -1.41665e-04  1.00058e+00  1.00023e+00
 8.08000e+01  1.00036e+00 -1.41478e-04  1.50089e+00 -1.41427e-04  1.00059e+00  1.00024e+00
 8.09000e+01  1.00036e+00 -1.41234e-04  1.50091e+00 -1.41183e-04  1.00060e+00  1.00024e+00
 8.10000e+01  1.00037e+00 -1.40984e-04  1.50092e+00 -1.40932e-04  1.00061e+00  1.00024e+00
 8.11000e+01  1.00037e+00 -1.40728e-04  1.50094e+00 -1.40675e-04  1.00062e+00  1.00025e+00
 8.12000e+01  1.00038e+00 -1.40466e-04  1.50095e+00 -1.40412e-04  1.00063e+00  1.00025e+00
 8.13000e+01  1.00039e+00 -1.40197e-04  1.50097e+00 -1.40143e-04  1.00064e+00  1.00025e+00
 8.14000e+01  1.00039e+00 -1.39922e-04  1.50098e+00 -1.39867e-04  1.00065e+00  1.00026e+00
 8.15000e+01  1.00040e+00 -1.39641e-04  1.50099e+00 -1.39585e-04  1.00066e+00  1.00026e+00
 8.16000e+01  1.00040e+00 -1.39353e-04  1.50101e+00 -1.39297e-04  1.00067e+00  1.00027e+00
 8.17000e+01  1.00041e+00 -1.39059e-04  1.50102e+00 -1.39002e-04  1.00068e+00  1.00027e+00
 8.18000e+01  1.00041e+00 -1.38759e-04  1.50104e+00 -1.38701e-04  1.00069e+00  1.00027e+00
 8.19000e+01  1.00042e+00 -1.38452e-04  1.50105e+00 -1.38394e-04  1.00070e+00  1.00028e+00
 8.20000e+01  1.00043e+00 -1.38139e-04  1.50106e+00 -1.38080e-04  1.00071e+00  1.00028e+00
 8.21000e+01  1.00043e+00 -1.37820e-04  1.50108e+00 -1.37760e-04  1.00072e+00  1.00028e+00
 8.22000e+01  1.00044e+00 -1.37494e-04  1.50109e+00 -1.37434e-04  1.00073e+00  1.00029e+00
 8.23000e+01  1.00044e+00 -1.37162e-04  1.50111e+00 -1.37102e-04  1.00073e+00  1.00029e+00
 8.24000e+01  1.00045e+00 -1.36824e-04  1.50112e+00 -1.36763e-04  1.00074e+00  1.00030e+00
 8.25000e+01  1.00045e+00 -1.36480e-04  1.50113e+00 -1.36418e-04  1.00075e+00  1.00030e+00
 8.26000e+01  1.00046e+00 -1.36129e-04  1.50115e+00 -1.36067e-04  1.00076e+00  1.00030e+00
 8.27000e+01  1.00046e+00 -1.35773e-04  1.50116e+00 -1.35709e-04  1.00077e+00  1.00031e+00
 8.28000e+01  1.00047e+00 -1.35409e-04  1.50118e+00 -1.35346e-04  1.00078e+00  1.00031e+00
 8.29000e+01  1.00048e+00 -1.35040e-04  1.50119e+00 -1.34976e-04  1.00079e+00  1.00031e+00
 8.30000e+01  1.00048e+00 -1.34664e-04  1.50120e+00 -1.34600e-04  1.00080e+00  1.00032e+00
 8.31000e+01  1.00049e+00 -1.34282e-04  1.50122e+00 -1.34217e-04  1.00081e+00  1.00032e+00
 8.32000e+01  1.00049e+00 -1.33894e-04  1.50123e+00 -1.33829e-04  1.00082e+00  1.00032e+00
 8.33000e+01  1.00050e+00 -1.33500e-04  1.50124e+00 -1.33434e-04  1.00083e+00  1.00033e+00
 8.34000e+01  1.00050e+00 -1.33099e-04  1.50126e+00 -1.33033e-04  1.00083e+00  1.00033e+00
 8.35000e+01  1.00051e+00 -1.32693e-04  1.50127e+00 -1.32625e-04  1.00084e+00  1.00034e+00
 8.36000e+01  1.00051e+00 -1.32280e-04  1.50128e+00 -1.32212e-04  1.00085e+00  1.00034e+00
 8.37000e+01  1.00052e+00 -1.31861e-04  1.50130e+00 -1.31792e-04  1.00086e+00  1.00034e+00
 8.38000e+01  1.00052e+00 -1.31435e-04  1.50131e+00 -1.31367e-04  1.00087e+00  1.00035e+00
 8.39000e+01  1.00053e+00 -1.31004e-04  1.50132e+00 -1.30935e-04  1.00088e+00  1.00035e+00
 8.40000e+01  1.00053e+00 -1.30567e-04  1.50134e+00 -1.30497e-04  1.00089e+00  1.00035e+00
 8.41000e+01  1.00054e+00 -1.30123e-04  1.50135e+00 -1.30053e-04  1.00090e+00  1.00036e+00
 8.42000e+01  1.00054e+00 -1.29673e-04  1.50136e+00 -1.29602e-04  1.00090e+00  1.00036e+00
 8.43000e+01  1.00055e+00 -1.29217e-04  1.50137e+00 -1.29146e-04  1.00091e+00  1.00036e+00
 8.44000e+01  1.00055e+00 -1.28755e-04  1.50139e+00 -1.28684e-04  1.00092e+00  1.00037e+00
 8.45000e+01  1.00056e+00 -1.28287e-04  1.50140e+00 -1.28215e-04  1.00093e+00  1.00037e+00
 8.46000e+01  1.00057e+00 -1.27813e-04  1.50141e+00 -1.27741e-04  1.00094e+00  1.00037e+00
 8.47000e+01  1.00057e+00 -1.27333e-04  1.50143e+00 -1.27260e-04  1.00095e+00  1.00038e+00
 8.48000e+01  1.00058e+00 -1.26846e-04  1.50144e+00 -1.26773e-04  1.00096e+00  1.00038e+00
 8.49000e+01  1.00058e+00 -1.26354e-04  1.50145e+00 -1.26281e-04  1.00096e+00  1.00038e+00
 8.50000e+01  1.00059e+00 -1.25856e-04  1.50146e+00 -1.25782e-04  1.00097e+00  1.00039e+00
 8.51000e+01  1.00059e+00 -1.25352e-04  1.50148e+00 -1.25278e-04  1.00098e+00  1.00039e+00
 8.52000e+01  1.00060e+00 -1.24841e-04  1.50149e+00 -1.24767e-04  1.00099e+00  1.00039e+00
 8.53000e+01  1.00060e+00 -1.24325e-04  1.50150e+00 -1.24251e-04  1.00100e+00  1.00040e+00
 8.54000e+01  1.00061e+00 -1.23803e-04  1.50151e+00 -1.23728e-04  1.00100e+00  1.00040e+00
 8.55000e+01  1.00061e+00 -1.23275e-04  1.50153e+00 -1.23200e-04  1.00101e+00  1.00040e+00
 8.56000e+01  1.00061e+00 -1.22741e-04  1.50154e+00 -1.22666e-04  1.00102e+00  1.00041e+00
 8.57000e+01  1.00062e+00 -1.22201e-04  1.50155e+00 -1.22125e-04  1.00103e+00  1.00041e+00
 8.58000e+01  1.00062e+00 -1.21655e-04  1.50156e+00 -1.21580e-04  1.00104e+00  1.00041e+00
 8.59000e+01  1.00063e+00 -1.21104e-04  1.50157e+00 -1.21028e-04  1.00105e+00  1.00042e+00
 8.60000e+01  1.00063e+00 -1.20547e-04  1.50159e+00 -1.20470e-04  1.00105e+00  1.00042e+00
 8.61000e+01  1.00064e+00 -1.19983e-04  1.50160e+00 -1.19907e-04  1.00106e+00  1.00042e+00
 8.62000e+01  1.00064e+00 -1.19414e-04  1.50161e+00 -1.19338e-04  1.00107e+00  1.00042e+00
 8.63000e+01  1.00065e+00 -1.18840e-04  1.50162e+00 -1.18763e-04  1.00108e+00  1.00043e+00
 8.64000e+01  1.00065e+00 -1.18259e-04  1.50163e+00 -1.18182e-04  1.00108e+00  1.00043e+00
 8.65000e+01  1.00066e+00 -1.17673e-04  1.50164e+00 -1.17596e-04  1.00109e+00  1.00043e+00
 8.66000e+01  1.00066e+00 -1.17081e-04  1.50166e+00 -1.17003e-04  1.00110e+00  1.00044e+00
 8.67000e+01  1.00067e+00 -1.16483e-04  1.50167e+00 -1.16406e-04  1.00111e+00  1.00044e+00
 8.68000e+01  1.00067e+00 -1.15880e-04  1.50168e+00 -1.15802e-04  1.00111e+00  1.00044e+00
 8.69000e+01  1.00068e+00 -1.15271e-04  1.50169e+00 -1.15193e-04  1.00112e+00  1.00045e+00
 8.70000e+01  1.00068e+00 -1.14657e-04  1.50170e+00 -1.14579e-04  1.00113e+00  1.00045e+00
 8.71000e+01  1.00068e+00 -1.14037e-04  1.50171e+00 -1.13959e-04  1.00114e+00  1.00045e+00
 8.72000e+01  1.00069e+00 -1.13411e-04  1.50172e+00 -1.13333e-04  1.00114e+00  1.00046e+00
 8.73000e+01  1.00069e+00 -1.12780e-04  1.50174e+00 -1.12702e-04  1.00115e+00  1.00046e+00
 8.74000e+01  1.00070e+00 -1.12143e-04  1.50175e+00 -1.12065e-04  1.00116e+00  1.00046e+00
 8.75000e+01  1.00070e+00 -1.11501e-04  1.50176e+00 -1.11423e-04  1.00117e+00  1.00046e+00
 8.76000e+01  1.00071e+00 -1.10853e-04  1.50177e+00 -1.10775e-04  1.00117e+00  1.00047e+00
 8.77000e+01  1.00071e+00 -1.10200e-04  1.50178e+00 -1.10122e-04  1.00118e+00  1.00047e+00
 8.78000e+01  1.00072e+00 -1.09542e-04  1.50179e+00 -1.09463e-04  1.00119e+00  1.00047e+00
 8.79000e+01  1.00072e+00 -1.08878e-04  1.50180e+00 -1.08799e-04  1.00120e+00  1.00048e+00
 8.80000e+01  1.00072e+00 -1.08208e-04  1.50181e+00 -1.08130e-04  1.00120e+00  1.00048e+00
 8.81000e+01  1.00073e+00 -1.07534e-04  1.50182e+00 -1.07456e-04  1.00121e+00  1.00048e+00
 8.82000e+01  1.00073e+00 -1.06854e-04  1.50183e+00 -1.06776e-04  1.00122e+00  1.00048e+00
 8.83000e+01  1.00074e+00 -1.06169e-04  1.50184e+00 -1.06091e-04  1.00122e+00  1.00049e+00
 8.84000e+01  1.00074e+00 -1.05478e-04  1.50185e+00 -1.05400e-04  1.00123e+00  1.00049e+00
 8.85000e+01  1.00074e+00 -1.04783e-04  1.50186e+00 -1.04705e-04  1.00124e+00  1.00049e+00
 8.86000e+01  1.00075e+00 -1.04082e-04  1.50187e+00 -1.04004e-04  1.00124e+00  1.00049e+00
 8.87000e+01  1.00075e+00 -1.03376e-04  1.50188e+00 -1.03298e-04  1.00125e+00  1.00050e+00
 8.88000e+01  1.00076e+00 -1.02665e-04  1.50189e+00 -1.02587e-04  1.00126e+00  1.00050e+00
 8.89000e+01  1.00076e+00 -1.01949e-04  1.50190e+00 -1.01871e-04  1.00126e+00  1.00050e+00
 8.90000e+01  1.00076e+00 -1.01228e-04  1.50191e+00 -1.01150e-04  1.00127e+00  1.00050e+00
 8.91000e+01  1.00077e+00 -1.00501e-04  1.50192e+00 -1.00424e-04  1.00128e+00  1.00051e+00
 8.92000e+01  1.00077e+00 -9.97702e-05  1.50193e+00 -9.96931e-05  1.00128e+00  1.00051e+00
 8.93000e+01  1.00078e+00 -9.90340e-05  1.50194e+00 -9.89571e-05  1.00129e+00  1.00051e+00
 8.94000e+01  1.00078e+00 -9.82928e-05  1.50195e+00 -9.82161e-05  1.00130e+00  1.00052e+00
 8.95000e+01  1.00078e+00 -9.75467e-05  1.50196e+00 -9.74703e-05  1.00130e+00  1.00052e+00
 8.96000e+01  1.00079e+00 -9.67958e-05  1.50197e+00 -9.67196e-05  1.00131e+00  1.00052e+00
 8.97000e+01  1.00079e+00 -9.60400e-05  1.50198e+00 -9.59640e-05  1.00131e+00  1.00052e+00
 8.98000e+01  1.00080e+00 -9.52794e-05  1.50199e+00 -9.52037e-05  1.00132e+00  1.00052e+00
 8.99000e+01  1.00080e+00 -9.45141e-05  1.50200e+00 -9.44386e-05  1.00133e+00  1.00053e+00
 9.00000e+01  1.00080e+00 -9.37440e-05  1.50201e+00 -9.36688e-05  1.00133e+00  1.00053e+00
 9.01000e+01  1.00081e+00 -9.29692e-05  1.50202e+00 -9.28943e-05  1.00134e+00  1.00053e+00
 9.02000e+01  1.00081e+00 -9.21898e-05  1.50203e+00 -9.21152e-05  1.00134e+00  1.00053e+00
 9.03000e+01  1.00081e+00 -9.14057e-05  1.50203e+00 -9.13314e-05  1.00135e+00  1.00054e+00
 9.04000e+01  1.00082e+00 -9.06170e-05  1.50204e+00 -9.05431e-05  1.00136e+00  1.00054e+00
 9.05000e+01  1.00082e+00 -8.98238e-05  1.50205e+00 -8.97502e-05  1.00136e+00  1.00054e+00
 9.06000e+01  1.00082e+00 -8.90260e-05  1.50206e+00 -8.89528e-05  1.00137e+00  1.00054e+00
 9.07000e+01  1.00083e+00 -8.82238e-05  1.50207e+00 -8.81509e-05  1.00137e+00  1.00055e+00
 9.08000e+01  1.00083e+00 -8.74171e-05  1.50208e+00 -8.73446e-05  1.00138e+00  1.00055e+00
 9.09000e+01  1.00083e+00 -8.66060e-05  1.50209e+00 -8.65338e-05  1.00138e+00  1.00055e+00
 9.10000e+01  1.00084e+00 -8.57906e-05  1.50209e+00 -8.57188e-05  1.00139e+00  1.00055e+00
 9.11000e+01  1.00084e+00 -8.49707e-05  1.50210e+00 -8.48994e-05  1.00140e+00  1.00055e+00
 9.12000e+01  1.00084e+00 -8.41466e-05  1.50211e+00 -8.40757e-05  1.00140e+00  1.00056e+00
 9.13000e+01  1.00085e+00 -8.33183e-05  1.50212e+00 -8.32478e-05  1.00141e+00  1.00056e+00
 9.14000e+01  1.00085e+00 -8.24857e-05  1.50213e+00 -8.24156e-05  1.00141e+00  1.00056e+00
 9.15000e+01  1.00085e+00 -8.16490e-05  1.50213e+00 -8.15793e-05  1.00142e+00  1.00056e+00
 9.16000e+01  1.00086e+00 -8.08081e-05  1.50214e+00 -8.07389e-05  1.00142e+00  1.00057e+00
 9.17000e+01  1.00086e+00 -7.99631e-05  1.50215e+00 -7.98944e-05  1.00143e+00  1.00057e+00
 9.18000e+01  1.00086e+00 -7.91140e-05  1.50216e+00 -7.90458e-05  1.00143e+00  1.00057e+00
 9.19000e+01  1.00087e+00 -7.82609e-05  1.50216e+00 -7.81932e-05  1.00144e+00  1.00057e+00
 9.20000e+01  1.00087e+00 -7.74039e-05  1.50217e+00 -7.73367e-05  1.00144e+00  1.00057e+00
 9.21000e+01  1.00087e+00 -7.65429e-05  1.50218e+00 -7.64762e-05  1.00145e+00  1.00058e+00
 9.22000e+01  1.00087e+00 -7.56780e-05  1.50219e+00 -7.56119e-05  1.00145e+00  1.00058e+00
 9.23000e+01  1.00088e+00 -7.48092e-05  1.50219e+00 -7.47437e-05  1.00146e+00  1.00058e+00
 9.24000e+01  1.00088e+00 -7.39367e-05  1.50220e+00 -7.38717e-05  1.00146e+00  1.00058e+00
 9.25000e+01  1.00088e+00 -7.30603e-05  1.50221e+00 -7.29959e-05  1.00147e+00  1.00058e+00
 9.26000e+01  1.00089e+00 -7.21803e-05  1.50222e+00 -7.21164e-05  1.00147e+00  1.00058e+00
 9.27000e+01  1.00089e+00 -7.12965e-05  1.50222e+00 -7.12332e-05  1.00148e+00  1.00059e+00
 9.28000e+01  1.00089e+00 -7.04092e-05  1.50223e+00 -7.03465e-05  1.00148e+00  1.00059e+00
 9.29000e+01  1.00089e+00 -6.95182e-05  1.50224e+00 -6.94561e-05  1.00148e+00  1.00059e+00
 9.30000e+01  1.00090e+00 -6.86236e-05  1.50224e+00 -6.85622e-05  1.00149e+00  1.00059e+00
 9.31000e+01  1.00090e+00 -6.77256e-05  1.50225e+00 -6.76647e-05  1.00149e+00  1.00059e+00
 9.32000e+01  1.00090e+00 -6.68240e-05  1.50226e+00 -6.67638e-05  1.00150e+00  1.00060e+00
 9.33000e+01  1.00090e+00 -6.59191e-05  1.50226e+00 -6.58595e-05  1.00150e+00  1.00060e+00
 9.34000e+01  1.00091e+00 -6.50108e-05  1.50227e+00 -6.49519e-05  1.00151e+00  1.00060e+00
 9.35000e+01  1.00091e+00 -6.40991e-05  1.50227e+00 -6.40409e-05  1.00151e+00  1.00060e+00
 9.36000e+01  1.00091e+00 -6.31842e-05  1.50228e+00 -6.31266e-05  1.00151e+00  1.00060e+00
 9.37000e+01  1.00091e+00 -6.22660e-05  1.50229e+00 -6.22091e-05  1.00152e+00  1.00060e+00
 9.38000e+01  1.00092e+00 -6.13446e-05  1.50229e+00 -6.12884e-05  1.00152e+00  1.00060e+00
 9.39000e+01  1.00092e+00 -6.04200e-05  1.50230e+00 -6.03646e-05  1.00153e+00  1.00061e+00
 9.40000e+01  1.00092e+00 -5.94924e-05  1.50230e+00 -5.94376e-05  1.00153e+00  1.00061e+00
 9.41000e+01  1.00092e+00 -5.85617e-05  1.50231e+00 -5.85076e-05  1.00153e+00  1.00061e+00
 9.42000e+01  1.00093e+00 -5.76279e-05  1.50231e+00 -5.75746e-05  1.00154e+00  1.00061e+00
 9.43000e+01  1.00093e+00 -5.66912e-05  1.50232e+00 -5.66387e-05  1.00154e+00  1.00061e+00
 9.44000e+01  1.00093e+00 -5.57516e-05  1.50233e+00 -5.56998e-05  1.00154e+00  1.00061e+00
 9.45000e+01  1.00093e+00 -5.48091e-05  1.50233e+00 -5.47581e-05  1.00155e+00  1.00062e+00
 9.46000e+01  1.00093e+00 -5.38638e-05  1.50234e+00 -5.38135e-05  1.00155e+00  1.00062e+00
 9.47000e+01  1.00094e+00 -5.29157e-05  1.50234e+00 -5.28662e-05  1.00155e+00  1.00062e+00
 9.48000e+01  1.00094e+00 -5.19649e-05  1.50235e+00 -5.19162e-05  1.00156e+00  1.00062e+00
 9.49000e+01  1.00094e+00 -5.10114e-05  1.50235e+00 -5.09635e-05  1.00156e+00  1.00062e+00
 9.50000e+01  1.00094e+00 -5.00552e-05  1.50236e+00 -5.00081e-05  1.00156e+00  1.00062e+00
 9.51000e+01  1.00094e+00 -4.90965e-05  1.50236e+00 -4.90502e-05  1.00157e+00  1.00062e+00
 9.52000e+01  1.00095e+00 -4.81352e-05  1.50236e+00 -4.80897e-05  1.00157e+00  1.00062e+00
 9.53000e+01  1.00095e+00 -4.71715e-05  1.50237e+00 -4.71268e-05  1.00157e+00  1.00063e+00
 9.54000e+01  1.00095e+00 -4.62053e-05  1.50237e+00 -4.61615e-05  1.00158e+00  1.00063e+00
 9.55000e+01  1.00095e+00 -4.52367e-05  1.50238e+00 -4.51937e-05  1.00158e+00  1.00063e+00
 9.56000e+01  1.00095e+00 -4.42657e-05  1.50238e+00 -4.42236e-05  1.00158e+00  1.00063e+00
 9.57000e+01  1.00095e+00 -4.32925e-05  1.50239e+00 -4.32512e-05  1.00158e+00  1.00063e+00
 9.58000e+01  1.00096e+00 -4.23171e-05  1.50239e+00 -4.22766e-05  1.00159e+00  1.00063e+00
 9.59000e+01  1.00096e+00 -4.13394e-05  1.50239e+00 -4.12999e-05  1.00159e+00  1.00063e+00
 9.60000e+01  1.00096e+00 -4.03596e-05  1.50240e+00 -4.03209e-05  1.00159e+00  1.00063e+00
 9.61000e+01  1.00096e+00 -3.93777e-05  1.50240e+00 -3.93399e-05  1.00160e+00  1.00063e+00
 9.62000e+01  1.00096e+00 -3.83938e-05  1.50241e+00 -3.83569e-05  1.00160e+00  1.00063e+00
 9.63000e+01  1.00096e+00 -3.74078e-05  1.50241e+00 -3.73718e-05  1.00160e+00  1.00064e+00
 9.64000e+01  1.00096e+00 -3.64200e-05  1.50241e+00 -3.63848e-05  1.00160e+00  1.00064e+00
 9.65000e+01  1.00097e+00 -3.54302e-05  1.50242e+00 -3.53960e-05  1.00160e+00  1.00064e+00
 9.66000e+01  1.00097e+00 -3.44386e-05  1.50242e+00 -3.44053e-05  1.00161e+00  1.00064e+00
 9.67000e+01  1.00097e+00 -3.34452e-05  1.50242e+00 -3.34128e-05  1.00161e+00  1.00064e+00
 9.68000e+01  1.00097e+00 -3.24501e-05  1.50243e+00 -3.24186e-05  1.00161e+00  1.00064e+00
 9.69000e+01  1.00097e+00 -3.14532e-05  1.50243e+00 -3.14227e-05  1.00161e+00  1.00064e+00
 9.70000e+01  1.00097e+00 -3.04548e-05  1.50243e+00 -3.04252e-05  1.00161e+00  1.00064e+00
 9.71000e+01  1.00097e+00 -2.94548e-05  1.50243e+00 -2.94261e-05  1.00162e+00  1.00064e+00
 9.72000e+01  1.00097e+00 -2.84532e-05  1.50244e+00 -2.84255e-05  1.00162e+00  1.00064e+00
 9.73000e+01  1.00098e+00 -2.74502e-05  1.50244e+00 -2.74234e-05  1.00162e+00  1.00064e+00
 9.74000e+01  1.00098e+00 -2.64457e-05  1.50244e+00 -2.64199e-05  1.00162e+00  1.00064e+00
 9.75000e+01  1.00098e+00 -2.54398e-05  1.50244e+00 -2.54150e-05  1.00162e+00  1.00065e+00
 9.76000e+01  1.00098e+00 -2.44326e-05  1.50245e+00 -2.44088e-05  1.00163e+00  1.00065e+00
 9.77000e+01  1.00098e+00 -2.34242e-05  1.50245e+00 -2.34013e-05  1.00163e+00  1.00065e+00
 9.78000e+01  1.00098e+00 -2.24145e-05  1.50245e+00 -2.23926e-05  1.00163e+00  1.00065e+00
 9.79000e+01  1.00098e+00 -2.14037e-05  1.50245e+00 -2.13827e-05  1.00163e+00  1.00065e+00
 9.80000e+01  1.00098e+00 -2.03917e-05  1.50246e+00 -2.03717e-05  1.00163e+00  1.00065e+00
 9.81000e+01  1.00098e+00 -1.93787e-05  1.50246e+00 -1.93597e-05  1.00163e+00  1.00065e+00
 9.82000e+01  1.00098e+00 -1.83647e-05  1.50246e+00 -1.83467e-05  1.00163e+00  1.00065e+00
 9.83000e+01  1.00098e+00 -1.73497e-05  1.50246e+00 -1.73327e-05  1.00163e+00  1.00065e+00
 9.84000e+01  1.00098e+00 -1.63338e-05  1.50246e+00 -1.63178e-05  1.00164e+00  1.00065e+00
 9.85000e+01  1.00099e+00 -1.53171e-05  1.50246e+00 -1.53020e-05  1.00164e+00  1.00065e+00
 9.86000e+01  1.00099e+00 -1.42996e-05  1.50247e+00 -1.42855e-05  1.00164e+00  1.00065e+00
 9.87000e+01  1.00099e+00 -1.32813e-05  1.50247e+00 -1.32682e-05  1.00164e+00  1.00065e+00
 9.88000e+01  1.00099e+00 -1.22623e-05  1.50247e+00 -1.22502e-05  1.00164e+00  1.00065e+00
 9.89000e+01  1.00099e+00 -1.12427e-05  1.50247e+00 -1.12316e-05  1.00164e+00  1.00065e+00
 9.90000e+01  1.00099e+00 -1.02225e-05  1.50247e+00 -1.02124e-05  1.00164e+00  1.00065e+00
 9.91000e+01  1.00099e+00 -9.20179e-06  1.50247e+00 -9.19270e-06  1.00164e+00  1.00065e+00
 9.92000e+01  1.00099e+00 -8.18058e-06  1.50247e+00 -8.17250e-06  1.00164e+00  1.00065e+00
 9.93000e+01  1.00099e+00 -7.15894e-06  1.50247e+00 -7.15187e-06  1.00164e+00  1.00065e+00
 9.94000e+01  1.00099e+00 -6.13693e-06  1.50247e+00 -6.13086e-06  1.00164e+00  1.00065e+00
 9.95000e+01  1.00099e+00 -5.11459e-06  1.50247e+00 -5.10954e-06  1.00164e+00  1.00065e+00
 9.96000e+01  1.00099e+00 -4.09200e-06  1.50247e+00 -4.08795e-06  1.00164e+00  1.00065e+00
 9.97000e+01  1.00099e+00 -3.06918e-06  1.50247e+00 -3.06615e-06  1.00164e+00  1.00065e+00
 9.98000e+01  1.00099e+00 -2.04621e-06  1.50247e+00 -2.04419e-06  1.00164e+00  1.00065e+00
 9.99000e+01  1.00099e+00 -1.02313e-06  1.50248e+00 -1.02212e-06  1.00164e+00  1.00065e+00
