 0.00000e+00  2.14328e-01 -6.32741e-15  1.00336e-01 -2.95221e-14  7.81800e-02  4.54979e-01
 5.00000e-01  2.14320e-01 -6.68700e-05  1.00335e-01 -3.12010e-04  7.81783e-02  4.54983e-01
 1.00000e+00  2.14294e-01 -1.33714e-04  1.00332e-01 -6.23974e-04  7.81735e-02  4.54994e-01
 1.50000e+00  2.14252e-01 -2.00505e-04  1.00327e-01 -9.35837e-04  7.81654e-02  4.55012e-01
 2.00000e+00  2.14194e-01 -2.67214e-04  1.00320e-01 -1.24754e-03  7.81542e-02  4.55037e-01
 2.50000e+00  2.14118e-01 -3.33807e-04  1.00311e-01 -1.55899e-03  7.81398e-02  4.55069e-01
 3.00000e+00  2.14026e-01 -4.00247e-04  1.00301e-01 -1.87008e-03  7.81223e-02  4.55109e-01
 3.50000e+00  2.13918e-01 -4.66489e-04  1.00289e-01 -2.18069e-03  7.81019e-02  4.55157e-01
 4.00000e+00  2.13794e-01 -5.32484e-04  1.00275e-01 -2.49064e-03  7.80785e-02  4.55212e-01
 4.50000e+00  2.13654e-01 -5.98172e-04  1.00259e-01 -2.79973e-03  7.80523e-02  4.55275e-01
 5.00000e+00  2.13498e-01 -6.63489e-04  1.00242e-01 -3.10770e-03  7.80234e-02  4.55346e-01
 5.50000e+00  2.13327e-01 -7.28358e-04  1.00223e-01 -3.41428e-03  7.79919e-02  4.55425e-01
 6.00000e+00  2.13141e-01 -7.92696e-04  1.00203e-01 -3.71911e-03  7.79580e-02  4.55512e-01
 6.50000e+00  2.12940e-01 -8.56408e-04  1.00182e-01 -4.02182e-03  7.79218e-02  4.55607e-01
 7.00000e+00  2.12726e-01 -9.19392e-04  1.00160e-01 -4.32196e-03  7.78835e-02  4.55712e-01
 7.50000e+00  2.12497e-01 -9.81535e-04  1.00137e-01 -4.61906e-03  7.78431e-02  4.55825e-01
 8.00000e+00  2.12255e-01 -1.04272e-03  1.00113e-01 -4.91258e-03  7.78010e-02  4.55947e-01
 8.50000e+00  2.12000e-01 -1.10281e-03  1.00089e-01 -5.20194e-03  7.77573e-02  4.56079e-01
 9.00000e+00  2.11732e-01 -1.16167e-03  1.00064e-01 -5.48653e-03  7.77122e-02  4.56220e-01
 9.50000e+00  2.11452e-01 -1.21917e-03  1.00039e-01 -5.76569e-03  7.76658e-02  4.56372e-01
 1.00000e+01  2.11161e-01 -1.27515e-03  1.00014e-01 -6.03875e-03  7.76184e-02  4.56533e-01
 1.05000e+01  2.10859e-01 -1.32946e-03  9.99889e-02 -6.30499e-03  7.75702e-02  4.56705e-01
 1.10000e+01  2.10546e-01 -1.38196e-03  9.99641e-02 -6.56370e-03  7.75215e-02  4.56888e-01
 1.15000e+01  2.10223e-01 -1.43249e-03  9.99398e-02 -6.81413e-03  7.74723e-02  4.57081e-01
 1.20000e+01  2.09891e-01 -1.48090e-03  9.99160e-02 -7.05557e-03  7.74229e-02  4.57286e-01
 1.25000e+01  2.09550e-01 -1.52705e-03  9.98930e-02 -7.28728e-03  7.73735e-02  4.57502e-01
 1.30000e+01  2.09200e-01 -1.57080e-03  9.98710e-02 -7.50859e-03  7.73242e-02  4.57729e-01
 1.35000e+01  2.08843e-01 -1.61202e-03  9.98500e-02 -7.71881e-03  7.72754e-02  4.57969e-01
 1.40000e+01  2.08479e-01 -1.65059e-03  9.98303e-02 -7.91732e-03  7.72271e-02  4.58220e-01
 1.45000e+01  2.08107e-01 -1.68641e-03  9.98119e-02 -8.10355e-03  7.71795e-02  4.58483e-01
 1.50000e+01  2.07730e-01 -1.71938e-03  9.97950e-02 -8.27698e-03  7.71328e-02  4.58758e-01
 1.55000e+01  2.07347e-01 -1.74942e-03  9.97796e-02 -8.43715e-03  7.70870e-02  4.59045e-01
 1.60000e+01  2.06958e-01 -1.77647e-03  9.97660e-02 -8.58371e-03  7.70424e-02  4.59344e-01
 1.65000e+01  2.06565e-01 -1.80049e-03  9.97541e-02 -8.71634e-03  7.69989e-02  4.59656e-01
 1.70000e+01  2.06168e-01 -1.82146e-03  9.97439e-02 -8.83483e-03  7.69568e-02  4.59978e-01
 1.75000e+01  2.05766e-01 -1.83936e-03  9.97357e-02 -8.93907e-03  7.69160e-02  4.60313e-01
 1.80000e+01  2.05362e-01 -1.85421e-03  9.97292e-02 -9.02900e-03  7.68767e-02  4.60659e-01
 1.85000e+01  2.04954e-01 -1.86604e-03  9.97246e-02 -9.10467e-03  7.68388e-02  4.61017e-01
 1.90000e+01  2.04543e-01 -1.87489e-03  9.97219e-02 -9.16622e-03  7.68023e-02  4.61385e-01
 1.95000e+01  2.04130e-01 -1.88083e-03  9.97209e-02 -9.21385e-03  7.67674e-02  4.61764e-01
 2.00000e+01  2.03716e-01 -1.88393e-03  9.97217e-02 -9.24786e-03  7.67339e-02  4.62153e-01
 2.05000e+01  2.03299e-01 -1.88430e-03  9.97242e-02 -9.26859e-03  7.67019e-02  4.62552e-01
 2.10000e+01  2.02882e-01 -1.88202e-03  9.97284e-02 -9.27646e-03  7.66712e-02  4.62961e-01
 2.15000e+01  2.02463e-01 -1.87722e-03  9.97341e-02 -9.27194e-03  7.66420e-02  4.63378e-01
 2.20000e+01  2.02044e-01 -1.87002e-03  9.97412e-02 -9.25553e-03  7.66140e-02  4.63803e-01
 2.25000e+01  2.01624e-01 -1.86054e-03  9.97497e-02 -9.22777e-03  7.65873e-02  4.64237e-01
 2.30000e+01  2.01204e-01 -1.84892e-03  9.97594e-02 -9.18924e-03  7.65618e-02  4.64677e-01
 2.35000e+01  2.00785e-01 -1.83528e-03  9.97703e-02 -9.14051e-03  7.65374e-02  4.65124e-01
 2.40000e+01  2.00366e-01 -1.81976e-03  9.97821e-02 -9.08217e-03  7.65141e-02  4.65577e-01
 2.45000e+01  1.99948e-01 -1.80249e-03  9.97950e-02 -9.01479e-03  7.64917e-02  4.66035e-01
 2.50000e+01  1.99531e-01 -1.78360e-03  9.98086e-02 -8.93895e-03  7.64702e-02  4.66498e-01
 2.55000e+01  1.99116e-01 -1.76321e-03  9.98229e-02 -8.85519e-03  7.64496e-02  4.66965e-01
 2.60000e+01  1.98702e-01 -1.74143e-03  9.98378e-02 -8.76404e-03  7.64297e-02  4.67435e-01
 2.65000e+01  1.98290e-01 -1.71838e-03  9.98532e-02 -8.66599e-03  7.64105e-02  4.67908e-01
 2.70000e+01  1.97880e-01 -1.69415e-03  9.98691e-02 -8.56150e-03  7.63920e-02  4.68383e-01
 2.75000e+01  1.97474e-01 -1.66885e-03  9.98852e-02 -8.45100e-03  7.63740e-02  4.68859e-01
 2.80000e+01  1.97070e-01 -1.64255e-03  9.99016e-02 -8.33486e-03  7.63567e-02  4.69337e-01
 2.85000e+01  1.96669e-01 -1.61533e-03  9.99182e-02 -8.21344e-03  7.63398e-02  4.69814e-01
 2.90000e+01  1.96272e-01 -1.58726e-03  9.99348e-02 -8.08704e-03  7.63234e-02  4.70291e-01
 2.95000e+01  1.95879e-01 -1.55840e-03  9.99516e-02 -7.95592e-03  7.63075e-02  4.70767e-01
 3.00000e+01  1.95490e-01 -1.52880e-03  9.99683e-02 -7.82034e-03  7.62920e-02  4.71242e-01
 3.05000e+01  1.95106e-01 -1.49851e-03  9.99850e-02 -7.68048e-03  7.62769e-02  4.71714e-01
 3.10000e+01  1.94727e-01 -1.46756e-03  1.00002e-01 -7.53651e-03  7.62623e-02  4.72183e-01
 3.15000e+01  1.94353e-01 -1.43599e-03  1.00018e-01 -7.38859e-03  7.62480e-02  4.72649e-01
 3.20000e+01  1.93984e-01 -1.40383e-03  1.00034e-01 -7.23683e-03  7.62341e-02  4.73111e-01
 3.25000e+01  1.93622e-01 -1.37110e-03  1.00051e-01 -7.08135e-03  7.62206e-02  4.73569e-01
 3.30000e+01  1.93266e-01 -1.33783e-03  1.00066e-01 -6.92222e-03  7.62076e-02  4.74021e-01
 3.35000e+01  1.92916e-01 -1.30402e-03  1.00082e-01 -6.75953e-03  7.61949e-02  4.74468e-01
 3.40000e+01  1.92574e-01 -1.26971e-03  1.00098e-01 -6.59334e-03  7.61826e-02  4.74908e-01
 3.45000e+01  1.92238e-01 -1.23489e-03  1.00113e-01 -6.42373e-03  7.61707e-02  4.75342e-01
 3.50000e+01  1.91911e-01 -1.19959e-03  1.00128e-01 -6.25076e-03  7.61592e-02  4.75769e-01
 3.55000e+01  1.91591e-01 -1.16382e-03  1.00143e-01 -6.07449e-03  7.61481e-02  4.76188e-01
 3.60000e+01  1.91279e-01 -1.12759e-03  1.00157e-01 -5.89500e-03  7.61375e-02  4.76598e-01
 3.65000e+01  1.90976e-01 -1.09092e-03  1.00171e-01 -5.71235e-03  7.61272e-02  4.77000e-01
 3.70000e+01  1.90681e-01 -1.05382e-03  1.00185e-01 -5.52663e-03  7.61174e-02  4.77392e-01
 3.75000e+01  1.90395e-01 -1.01631e-03  1.00199e-01 -5.33792e-03  7.61081e-02  4.77774e-01
 3.80000e+01  1.90119e-01 -9.78412e-04  1.00212e-01 -5.14633e-03  7.60991e-02  4.78146e-01
 3.85000e+01  1.89851e-01 -9.40134e-04  1.00224e-01 -4.95195e-03  7.60906e-02  4.78507e-01
 3.90000e+01  1.89594e-01 -9.01498e-04  1.00237e-01 -4.75489e-03  7.60824e-02  4.78857e-01
 3.95000e+01  1.89346e-01 -8.62523e-04  1.00249e-01 -4.55527e-03  7.60747e-02  4.79195e-01
 4.00000e+01  1.89109e-01 -8.23230e-04  1.00260e-01 -4.35320e-03  7.60675e-02  4.79521e-01
 4.05000e+01  1.88882e-01 -7.83640e-04  1.00271e-01 -4.14883e-03  7.60606e-02  4.79834e-01
 4.10000e+01  1.88665e-01 -7.43772e-04  1.00282e-01 -3.94228e-03  7.60541e-02  4.80133e-01
 4.15000e+01  1.88459e-01 -7.03649e-04  1.00292e-01 -3.73369e-03  7.60480e-02  4.80419e-01
 4.20000e+01  1.88264e-01 -6.63291e-04  1.00302e-01 -3.52319e-03  7.60423e-02  4.80691e-01
 4.25000e+01  1.88080e-01 -6.22718e-04  1.00311e-01 -3.31092e-03  7.60370e-02  4.80949e-01
 4.30000e+01  1.87907e-01 -5.81952e-04  1.00320e-01 -3.09701e-03  7.60321e-02  4.81192e-01
 4.35000e+01  1.87746e-01 -5.41010e-04  1.00328e-01 -2.88161e-03  7.60275e-02  4.81419e-01
 4.40000e+01  1.87596e-01 -4.99913e-04  1.00336e-01 -2.66485e-03  7.60234e-02  4.81631e-01
 4.45000e+01  1.87457e-01 -4.58677e-04  1.00343e-01 -2.44684e-03  7.60195e-02  4.81828e-01
 4.50000e+01  1.87330e-01 -4.17320e-04  1.00349e-01 -2.22773e-03  7.60160e-02  4.82008e-01
 4.55000e+01  1.87215e-01 -3.75858e-04  1.00355e-01 -2.00763e-03  7.60129e-02  4.82172e-01
 4.60000e+01  1.87112e-01 -3.34303e-04  1.00361e-01 -1.78665e-03  7.60101e-02  4.82319e-01
 4.65000e+01  1.87020e-01 -2.92671e-04  1.00365e-01 -1.56492e-03  7.60076e-02  4.82450e-01
 4.70000e+01  1.86941e-01 -2.50974e-04  1.00369e-01 -1.34253e-03  7.60055e-02  4.82563e-01
 4.75000e+01  1.86874e-01 -2.09223e-04  1.00373e-01 -1.11959e-03  7.60037e-02  4.82660e-01
 4.80000e+01  1.86819e-01 -1.67428e-04  1.00376e-01 -8.96207e-04  7.60023e-02  4.82739e-01
 4.85000e+01  1.86776e-01 -1.25600e-04  1.00378e-01 -6.72463e-04  7.60011e-02  4.82800e-01
 4.90000e+01  1.86745e-01 -8.37466e-05  1.00380e-01 -4.48454e-04  7.60003e-02  4.82845e-01
 4.95000e+01  1.86727e-01 -4.18773e-05  1.00381e-01 -2.24271e-04  7.59998e-02  4.82871e-01
 5.00000e+01  1.86721e-01 -4.04675e-17  1.00381e-01 -2.16727e-16  7.59997e-02  4.82880e-01
 5.05000e+01  1.86727e-01  4.18773e-05  1.00381e-01  2.24271e-04  7.59998e-02  4.82871e-01
 5.10000e+01  1.86745e-01  8.37466e-05  1.00380e-01  4.48454e-04  7.60003e-02  4.82845e-01
 5.15000e+01  1.86776e-01  1.25600e-04  1.00378e-01  6.72463e-04  7.60011e-02  4.82800e-01
 5.20000e+01  1.86819e-01  1.67428e-04  1.00376e-01  8.96207e-04  7.60023e-02  4.82739e-01
 5.25000e+01  1.86874e-01  2.09223e-04  1.00373e-01  1.11959e-03  7.60037e-02  4.82660e-01
 5.30000e+01  1.86941e-01  2.50974e-04  1.00369e-01  1.34253e-03  7.60055e-02  4.82563e-01
 5.35000e+01  1.87020e-01  2.92671e-04  1.00365e-01  1.56492e-03  7.60076e-02  4.82450e-01
 5.40000e+01  1.87112e-01  3.34303e-04  1.00361e-01  1.78665e-03  7.60101e-02  4.82319e-01
 5.45000e+01  1.87215e-01  3.75858e-04  1.00355e-01  2.00763e-03  7.60129e-02  4.82172e-01
 5.50000e+01  1.87330e-01  4.17320e-04  1.00349e-01  2.22773e-03  7.60160e-02  4.82008e-01
 5.55000e+01  1.87457e-01  4.58677e-04  1.00343e-01  2.44684e-03  7.60195e-02  4.81828e-01
 5.60000e+01  1.87596e-01  4.99913e-04  1.00336e-01  2.66485e-03  7.60234e-02  4.81631e-01
 5.65000e+01  1.87746e-01  5.41010e-04  1.00328e-01  2.88161e-03  7.60275e-02  4.81419e-01
 5.70000e+01  1.87907e-01  5.81952e-04  1.00320e-01  3.09701e-03  7.60321e-02  4.81192e-01
 5.75000e+01  1.88080e-01  6.22718e-04  1.00311e-01  3.31092e-03  7.60370e-02  4.80949e-01
 5.80000e+01  1.88264e-01  6.63291e-04  1.00302e-01  3.52319e-03  7.60423e-02  4.80691e-01
 5.85000e+01  1.88459e-01  7.03649e-04  1.00292e-01  3.73369e-03  7.60480e-02  4.80419e-01
 5.90000e+01  1.88665e-01  7.43772e-04  1.00282e-01  3.94228e-03  7.60541e-02  4.80133e-01
 5.95000e+01  1.88882e-01  7.83640e-04  1.00271e-01  4.14883e-03  7.60606e-02  4.79834e-01
 6.00000e+01  1.89109e-01  8.23230e-04  1.00260e-01  4.35320e-03  7.60675e-02  4.79521e-01
 6.05000e+01  1.89346e-01  8.62523e-04  1.00249e-01  4.55527e-03  7.60747e-02  4.79195e-01
 6.10000e+01  1.89594e-01  9.01498e-04  1.00237e-01  4.75489e-03  7.60824e-02  4.78857e-01
 6.15000e+01  1.89851e-01  9.40134e-04  1.00224e-01  4.95195e-03  7.60906e-02  4.78507e-01
 6.20000e+01  1.90119e-01  9.78412e-04  1.00212e-01  5.14633e-03  7.60991e-02  4.78146e-01
 6.25000e+01  1.90395e-01  1.01631e-03  1.00199e-01  5.33792e-03  7.61081e-02  4.77774e-01
 6.30000e+01  1.90681e-01  1.05382e-03  1.00185e-01  5.52663e-03  7.61174e-02  4.77392e-01
 6.35000e+01  1.90976e-01  1.09092e-03  1.00171e-01  5.71235e-03  7.61272e-02  4.77000e-01
 6.40000e+01  1.91279e-01  1.12759e-03  1.00157e-01  5.89500e-03  7.61375e-02  4.76598e-01
 6.45000e+01  1.91591e-01  1.16382e-03  1.00143e-01  6.07449e-03  7.61481e-02  4.76188e-01
 6.50000e+01  1.91911e-01  1.19959e-03  1.00128e-01  6.25076e-03  7.61592e-02  4.75769e-01
 6.55000e+01  1.92238e-01  1.23489e-03  1.00113e-01  6.42373e-03  7.61707e-02  4.75342e-01
 6.60000e+01  1.92574e-01  1.26971e-03  1.00098e-01  6.59334e-03  7.61826e-02  4.74908e-01
 6.65000e+01  1.92916e-01  1.30402e-03  1.00082e-01  6.75953e-03  7.61949e-02  4.74468e-01
 6.70000e+01  1.93266e-01  1.33783e-03  1.00066e-01  6.92222e-03  7.62076e-02  4.74021e-01
 6.75000e+01  1.93622e-01  1.37110e-03  1.00051e-01  7.08135e-03  7.62206e-02  4.73569e-01
 6.80000e+01  1.93984e-01  1.40383e-03  1.00034e-01  7.23683e-03  7.62341e-02  4.73111e-01
 6.85000e+01  1.94353e-01  1.43599e-03  1.00018e-01  7.38859e-03  7.62480e-02  4.72649e-01
 6.90000e+01  1.94727e-01  1.46756e-03  1.00002e-01  7.53651e-03  7.62623e-02  4.72183e-01
 6.95000e+01  1.95106e-01  1.49851e-03  9.99850e-02  7.68048e-03  7.62769e-02  4.71714e-01
 7.00000e+01  1.95490e-01  1.52880e-03  9.99683e-02  7.82034e-03  7.62920e-02  4.71242e-01
 7.05000e+01  1.95879e-01  1.55840e-03  9.99516e-02  7.95592e-03  7.63075e-02  4.70767e-01
 7.10000e+01  1.96272e-01  1.58726e-03  9.99348e-02  8.08704e-03  7.63234e-02  4.70291e-01
 7.15000e+01  1.96669e-01  1.61533e-03  9.99182e-02  8.21344e-03  7.63398e-02  4.69814e-01
 7.20000e+01  1.97070e-01  1.64255e-03  9.99016e-02  8.33486e-03  7.63567e-02  4.69337e-01
 7.25000e+01  1.97474e-01  1.66885e-03  9.98852e-02  8.45100e-03  7.63740e-02  4.68859e-01
 7.30000e+01  1.97880e-01  1.69415e-03  9.98691e-02  8.56150e-03  7.63920e-02  4.68383e-01
 7.35000e+01  1.98290e-01  1.71838e-03  9.98532e-02  8.66599e-03  7.64105e-02  4.67908e-01
 7.40000e+01  1.98702e-01  1.74143e-03  9.98378e-02  8.76404e-03  7.64297e-02  4.67435e-01
 7.45000e+01  1.99116e-01  1.76321e-03  9.98229e-02  8.85519e-03  7.64496e-02  4.66965e-01
 7.50000e+01  1.99531e-01  1.78360e-03  9.98086e-02  8.93895e-03  7.64702e-02  4.66498e-01
 7.55000e+01  1.99948e-01  1.80249e-03  9.97950e-02  9.01479e-03  7.64917e-02  4.66035e-01
 7.60000e+01  2.00366e-01  1.81976e-03  9.97821e-02  9.08217e-03  7.65141e-02  4.65577e-01
 7.65000e+01  2.00785e-01  1.83528e-03  9.97703e-02  9.14051e-03  7.65374e-02  4.65124e-01
 7.70000e+01  2.01204e-01  1.84892e-03  9.97594e-02  9.18924e-03  7.65618e-02  4.64677e-01
 7.75000e+01  2.01624e-01  1.86054e-03  9.97497e-02  9.22777e-03  7.65873e-02  4.64237e-01
 7.80000e+01  2.02044e-01  1.87002e-03  9.97412e-02  9.25553e-03  7.66140e-02  4.63803e-01
 7.85000e+01  2.02463e-01  1.87722e-03  9.97341e-02  9.27194e-03  7.66420e-02  4.63378e-01
 7.90000e+01  2.02882e-01  1.88202e-03  9.97284e-02  9.27646e-03  7.66712e-02  4.62961e-01
 7.95000e+01  2.03299e-01  1.88430e-03  9.97242e-02  9.26859e-03  7.67019e-02  4.62552e-01
 8.00000e+01  2.03716e-01  1.88393e-03  9.97217e-02  9.24786e-03  7.67339e-02  4.62153e-01
 8.05000e+01  2.04130e-01  1.88083e-03  9.97209e-02  9.21385e-03  7.67674e-02  4.61764e-01
 8.10000e+01  2.04543e-01  1.87489e-03  9.97219e-02  9.16622e-03  7.68023e-02  4.61385e-01
 8.15000e+01  2.04954e-01  1.86604e-03  9.97246e-02  9.10467e-03  7.68388e-02  4.61017e-01
 8.20000e+01  2.05362e-01  1.85421e-03  9.97292e-02  9.02900e-03  7.68767e-02  4.60659e-01
 8.25000e+01  2.05766e-01  1.83936e-03  9.97357e-02  8.93907e-03  7.69160e-02  4.60313e-01
 8.30000e+01  2.06168e-01  1.82146e-03  9.97439e-02  8.83483e-03  7.69568e-02  4.59978e-01
 8.35000e+01  2.06565e-01  1.80049e-03  9.97541e-02  8.71634e-03  7.69989e-02  4.59656e-01
 8.40000e+01  2.06958e-01  1.77647e-03  9.97660e-02  8.58371e-03  7.70424e-02  4.59344e-01
 8.45000e+01  2.07347e-01  1.74942e-03  9.97796e-02  8.43715e-03  7.70870e-02  4.59045e-01
 8.50000e+01  2.07730e-01  1.71938e-03  9.97950e-02  8.27698e-03  7.71328e-02  4.58758e-01
 8.55000e+01  2.08107e-01  1.68641e-03  9.98119e-02  8.10355e-03  7.71795e-02  4.58483e-01
 8.60000e+01  2.08479e-01  1.65059e-03  9.98303e-02  7.91732e-03  7.72271e-02  4.58220e-01
 8.65000e+01  2.08843e-01  1.61202e-03  9.98500e-02  7.71881e-03  7.72754e-02  4.57969e-01
 8.70000e+01  2.09200e-01  1.57080e-03  9.98710e-02  7.50859e-03  7.73242e-02  4.57729e-01
 8.75000e+01  2.09550e-01  1.52705e-03  9.98930e-02  7.28728e-03  7.73735e-02  4.57502e-01
 8.80000e+01  2.09891e-01  1.48090e-03  9.99160e-02  7.05557e-03  7.74229e-02  4.57286e-01
 8.85000e+01  2.10223e-01  1.43249e-03  9.99398e-02  6.81413e-03  7.74723e-02  4.57081e-01
 8.90000e+01  2.10546e-01  1.38196e-03  9.99641e-02  6.56370e-03  7.75215e-02  4.56888e-01
 8.95000e+01  2.10859e-01  1.32946e-03  9.99889e-02  6.30499e-03  7.75702e-02  4.56705e-01
 9.00000e+01  2.11161e-01  1.27515e-03  1.00014e-01  6.03875e-03  7.76184e-02  4.56533e-01
 9.05000e+01  2.11452e-01  1.21917e-03  1.00039e-01  5.76569e-03  7.76658e-02  4.56372e-01
 9.10000e+01  2.11732e-01  1.16167e-03  1.00064e-01  5.48653e-03  7.77122e-02  4.56220e-01
 9.15000e+01  2.12000e-01  1.10281e-03  1.00089e-01  5.20194e-03  7.77573e-02  4.56079e-01
 9.20000e+01  2.12255e-01  1.04272e-03  1.00113e-01  4.91258e-03  7.78010e-02  4.55947e-01
 9.25000e+01  2.12497e-01  9.81535e-04  1.00137e-01  4.61906e-03  7.78431e-02  4.55825e-01
 9.30000e+01  2.12726e-01  9.19392e-04  1.00160e-01  4.32196e-03  7.78835e-02  4.55712e-01
 9.35000e+01  2.12940e-01  8.56408e-04  1.00182e-01  4.02182e-03  7.79218e-02  4.55607e-01
 9.40000e+01  2.13141e-01  7.92696e-04  1.00203e-01  3.71911e-03  7.79580e-02  4.55512e-01
 9.45000e+01  2.13327e-01  7.28358e-04  1.00223e-01  3.41428e-03  7.79919e-02  4.55425e-01
 9.50000e+01  2.13498e-01  6.63489e-04  1.00242e-01  3.10770e-03  7.80234e-02  4.55346e-01
 9.55000e+01  2.13654e-01  5.98172e-04  1.00259e-01  2.79973e-03  7.80523e-02  4.55275e-01
 9.60000e+01  2.13794e-01  5.32484e-04  1.00275e-01  2.49064e-03  7.80785e-02  4.55212e-01
 9.65000e+01  2.13918e-01  4.66489e-04  1.00289e-01  2.18069e-03  7.81019e-02  4.55157e-01
 9.70000e+01  2.14026e-01  4.00247e-04  1.00301e-01  1.87008e-03  7.81223e-02  4.55109e-01
 9.75000e+01  2.14118e-01  3.33807e-04  1.00311e-01  1.55899e-03  7.81398e-02  4.55069e-01
 9.80000e+01  2.14194e-01  2.67214e-04  1.00320e-01  1.24754e-03  7.81542e-02  4.55037e-01
 9.85000e+01  2.14252e-01  2.00505e-04  1.00327e-01  9.35837e-04  7.81654e-02  4.55012e-01
 9.90000e+01  2.14294e-01  1.33714e-04  1.00332e-01  6.23974e-04  7.81735e-02  4.54994e-01
 9.95000e+01  2.14320e-01  6.68700e-05  1.00335e-01  3.12010e-04  7.81783e-02  4.54983e-01
