 0.00000e+00  4.95136e-01  3.01315e-14  1.68528e+00  6.08549e-14  2.30405e+00  2.59930e+00
 1.00000e-01  4.95136e-01 -1.62610e-03  1.68524e+00 -3.28414e-03  2.30561e+00  2.60088e+00
 2.00000e-01  4.95147e-01 -3.14804e-03  1.68530e+00 -6.35779e-03  2.30614e+00  2.60132e+00
 3.00000e-01  4.95170e-01 -4.69655e-03  1.68542e+00 -9.48471e-03  2.30577e+00  2.60072e+00
 4.00000e-01  4.95203e-01 -6.18537e-03  1.68559e+00 -1.24906e-02  2.30597e+00  2.60062e+00
 5.00000e-01  4.95242e-01 -7.65306e-03  1.68583e+00 -1.54532e-02  2.30612e+00  2.60040e+00
 6.00000e-01  4.95288e-01 -9.08912e-03  1.68603e+00 -1.83512e-02  2.30740e+00  2.60129e+00
 7.00000e-01  4.95343e-01 -1.04891e-02  1.68622e+00 -2.11755e-02  2.30759e+00  2.60096e+00
 8.00000e-01  4.95406e-01 -1.18299e-02  1.68668e+00 -2.38792e-02  2.30858e+00  2.60138e+00
 9.00000e-01  4.95477e-01 -1.30578e-02  1.68729e+00 -2.63541e-02  2.30964e+00  2.60179e+00
 1.00000e+00  4.95555e-01 -1.43710e-02  1.68741e+00 -2.89999e-02  2.31066e+00  2.60209e+00
 1.10000e+00  4.95643e-01 -1.55302e-02  1.68802e+00 -3.13334e-02  2.31158e+00  2.60220e+00
 1.20000e+00  4.95739e-01 -1.65872e-02  1.68893e+00 -3.34595e-02  2.31293e+00  2.60268e+00
 1.30000e+00  4.95840e-01 -1.76854e-02  1.68939e+00 -3.56675e-02  2.31501e+00  2.60383e+00
 1.40000e+00  4.95953e-01 -1.85980e-02  1.69026e+00 -3.74995e-02  2.31499e+00  2.60276e+00
 1.50000e+00  4.96066e-01 -1.94935e-02  1.69107e+00 -3.92961e-02  2.31842e+00  2.60518e+00
 1.60000e+00  4.96190e-01 -2.02624e-02  1.69217e+00 -4.08359e-02  2.32056e+00  2.60618e+00
 1.70000e+00  4.96325e-01 -2.09196e-02  1.69361e+00 -4.21490e-02  2.32212e+00  2.60650e+00
 1.80000e+00  4.96465e-01 -2.15816e-02  1.69449e+00 -4.34705e-02  2.32521e+00  2.60832e+00
 1.90000e+00  4.96616e-01 -2.21181e-02  1.69556e+00 -4.45377e-02  2.32685e+00  2.60856e+00
 2.00000e+00  4.96775e-01 -2.25635e-02  1.69707e+00 -4.54201e-02  2.33112e+00  2.61138e+00
 2.10000e+00  4.96950e-01 -2.29025e-02  1.69878e+00 -4.60862e-02  2.33240e+00  2.61103e+00
 2.20000e+00  4.97130e-01 -2.31914e-02  1.70024e+00 -4.66506e-02  2.33556e+00  2.61252e+00
 2.30000e+00  4.97316e-01 -2.34161e-02  1.70151e+00 -4.70849e-02  2.33981e+00  2.61506e+00
 2.40000e+00  4.97518e-01 -2.35338e-02  1.70311e+00 -4.73023e-02  2.34119e+00  2.61454e+00
 2.50000e+00  4.97724e-01 -2.35589e-02  1.70482e+00 -4.73332e-02  2.34527e+00  2.61671e+00
 2.60000e+00  4.97939e-01 -2.34996e-02  1.70652e+00 -4.71937e-02  2.34840e+00  2.61784e+00
 2.70000e+00  4.98160e-01 -2.33539e-02  1.70821e+00 -4.68804e-02  2.35169e+00  2.61906e+00
 2.80000e+00  4.98387e-01 -2.31335e-02  1.70985e+00 -4.64168e-02  2.35539e+00  2.62064e+00
 2.90000e+00  4.98621e-01 -2.28226e-02  1.71161e+00 -4.57714e-02  2.35797e+00  2.62101e+00
 3.00000e+00  4.98856e-01 -2.24220e-02  1.71345e+00 -4.49469e-02  2.36165e+00  2.62248e+00
 3.10000e+00  4.99091e-01 -2.19550e-02  1.71547e+00 -4.39899e-02  2.36622e+00  2.62484e+00
 3.20000e+00  4.99330e-01 -2.14113e-02  1.71740e+00 -4.28800e-02  2.37004e+00  2.62639e+00
 3.30000e+00  4.99573e-01 -2.08868e-02  1.71900e+00 -4.18094e-02  2.37361e+00  2.62767e+00
 3.40000e+00  4.99819e-01 -2.02548e-02  1.72113e+00 -4.05243e-02  2.37721e+00  2.62893e+00
 3.50000e+00  5.00066e-01 -1.95873e-02  1.72319e+00 -3.91694e-02  2.38102e+00  2.63039e+00
 3.60000e+00  5.00311e-01 -1.89630e-02  1.72487e+00 -3.79024e-02  2.38542e+00  2.63245e+00
 3.70000e+00  5.00560e-01 -1.82119e-02  1.72708e+00 -3.63831e-02  2.38983e+00  2.63448e+00
 3.80000e+00  5.00811e-01 -1.74913e-02  1.72918e+00 -3.49260e-02  2.39376e+00  2.63600e+00
 3.90000e+00  5.01065e-01 -1.67495e-02  1.73126e+00 -3.34279e-02  2.39767e+00  2.63748e+00
 4.00000e+00  5.01318e-01 -1.59537e-02  1.73358e+00 -3.18234e-02  2.40262e+00  2.63998e+00
 4.10000e+00  5.01574e-01 -1.52145e-02  1.73567e+00 -3.03336e-02  2.40711e+00  2.64201e+00
 4.20000e+00  5.01833e-01 -1.44349e-02  1.73788e+00 -2.87644e-02  2.41209e+00  2.64446e+00
 4.30000e+00  5.02100e-01 -1.36530e-02  1.74028e+00 -2.71917e-02  2.41618e+00  2.64596e+00
 4.40000e+00  5.02371e-01 -1.28694e-02  1.74279e+00 -2.56173e-02  2.42006e+00  2.64722e+00
 4.50000e+00  5.02638e-01 -1.20939e-02  1.74526e+00 -2.40609e-02  2.42512e+00  2.64966e+00
 4.60000e+00  5.02904e-01 -1.13989e-02  1.74752e+00 -2.26661e-02  2.42932e+00  2.65126e+00
 4.70000e+00  5.03167e-01 -1.07191e-02  1.74981e+00 -2.13032e-02  2.43371e+00  2.65307e+00
 4.80000e+00  5.03425e-01 -1.00640e-02  1.75210e+00 -1.99910e-02  2.43741e+00  2.65424e+00
 4.90000e+00  5.03673e-01 -9.47461e-03  1.75420e+00 -1.88110e-02  2.44142e+00  2.65580e+00
 5.00000e+00  5.03910e-01 -8.87543e-03  1.75633e+00 -1.76131e-02  2.44470e+00  2.65675e+00
 5.10000e+00  5.04130e-01 -8.29256e-03  1.75828e+00 -1.64492e-02  2.44933e+00  2.65918e+00
 5.20000e+00  5.04338e-01 -7.75473e-03  1.76013e+00 -1.53761e-02  2.45392e+00  2.66169e+00
 5.30000e+00  5.04539e-01 -7.13366e-03  1.76217e+00 -1.41390e-02  2.45542e+00  2.66122e+00
 5.40000e+00  5.04718e-01 -6.58624e-03  1.76393e+00 -1.30493e-02  2.46035e+00  2.66433e+00
 5.50000e+00  5.04885e-01 -6.10636e-03  1.76551e+00 -1.20946e-02  2.46377e+00  2.66607e+00
 5.60000e+00  5.05042e-01 -5.59477e-03  1.76711e+00 -1.10778e-02  2.46543e+00  2.66618e+00
 5.70000e+00  5.05179e-01 -5.19093e-03  1.76852e+00 -1.02754e-02  2.46952e+00  2.66886e+00
 5.80000e+00  5.05306e-01 -4.77327e-03  1.76983e+00 -9.44629e-03  2.47223e+00  2.67028e+00
 5.90000e+00  5.05424e-01 -4.44283e-03  1.77098e+00 -8.79030e-03  2.47447e+00  2.67133e+00
 6.00000e+00  5.05532e-01 -4.09940e-03  1.77211e+00 -8.10908e-03  2.47723e+00  2.67299e+00
 6.10000e+00  5.05634e-01 -3.69141e-03  1.77323e+00 -7.30056e-03  2.47971e+00  2.67442e+00
 6.20000e+00  5.05732e-01 -3.37868e-03  1.77423e+00 -6.68076e-03  2.48156e+00  2.67527e+00
 6.30000e+00  5.05826e-01 -3.00090e-03  1.77518e+00 -5.93267e-03  2.48333e+00  2.67609e+00
 6.40000e+00  5.05916e-01 -2.68439e-03  1.77605e+00 -5.30601e-03  2.48568e+00  2.67752e+00
 6.50000e+00  5.06004e-01 -2.35074e-03  1.77692e+00 -4.64568e-03  2.48750e+00  2.67843e+00
 6.60000e+00  5.06093e-01 -2.01448e-03  1.77776e+00 -3.98046e-03  2.48916e+00  2.67919e+00
 6.70000e+00  5.06181e-01 -1.78167e-03  1.77856e+00 -3.51982e-03  2.49078e+00  2.67991e+00
 6.80000e+00  5.06269e-01 -1.51332e-03  1.77937e+00 -2.98915e-03  2.49156e+00  2.67981e+00
 6.90000e+00  5.06353e-01 -1.30198e-03  1.78014e+00 -2.57128e-03  2.49354e+00  2.68093e+00
 7.00000e+00  5.06434e-01 -1.10691e-03  1.78090e+00 -2.18570e-03  2.49436e+00  2.68094e+00
 7.10000e+00  5.06509e-01 -9.05183e-04  1.78163e+00 -1.78710e-03  2.49538e+00  2.68120e+00
 7.20000e+00  5.06575e-01 -7.69457e-04  1.78228e+00 -1.51894e-03  2.49780e+00  2.68291e+00
 7.30000e+00  5.06640e-01 -6.58789e-04  1.78293e+00 -1.30031e-03  2.49806e+00  2.68254e+00
 7.40000e+00  5.06696e-01 -5.59843e-04  1.78352e+00 -1.10489e-03  2.49967e+00  2.68356e+00
 7.50000e+00  5.06748e-01 -5.20797e-04  1.78406e+00 -1.02773e-03  2.50102e+00  2.68437e+00
 7.60000e+00  5.06796e-01 -5.03587e-04  1.78456e+00 -9.93669e-04  2.50195e+00  2.68480e+00
 7.70000e+00  5.06840e-01 -4.74608e-04  1.78503e+00 -9.36405e-04  2.50340e+00  2.68578e+00
 7.80000e+00  5.06885e-01 -4.55736e-04  1.78547e+00 -8.99091e-04  2.50436e+00  2.68628e+00
 7.90000e+00  5.06930e-01 -4.57820e-04  1.78591e+00 -9.03122e-04  2.50637e+00  2.68779e+00
 8.00000e+00  5.06982e-01 -4.12842e-04  1.78639e+00 -8.14314e-04  2.50674e+00  2.68765e+00
 8.10000e+00  5.07038e-01 -3.76357e-04  1.78689e+00 -7.42266e-04  2.50716e+00  2.68751e+00
 8.20000e+00  5.07093e-01 -4.07716e-04  1.78738e+00 -8.04026e-04  2.50747e+00  2.68727e+00
 8.30000e+00  5.07145e-01 -2.75403e-04  1.78786e+00 -5.43046e-04  2.50791e+00  2.68719e+00
 8.40000e+00  5.07191e-01 -1.86081e-04  1.78828e+00 -3.66885e-04  2.50848e+00  2.68730e+00
 8.50000e+00  5.07227e-01 -1.99235e-04  1.78864e+00 -3.92793e-04  2.50809e+00  2.68657e+00
 8.60000e+00  5.07249e-01 -1.20048e-04  1.78890e+00 -2.36665e-04  2.51000e+00  2.68820e+00
 8.70000e+00  5.07265e-01 -1.00869e-04  1.78913e+00 -1.98849e-04  2.50977e+00  2.68783e+00
 8.80000e+00  5.07270e-01 -1.10167e-04  1.78930e+00 -2.17176e-04  2.50906e+00  2.68709e+00
 8.90000e+00  5.07260e-01 -1.27438e-04  1.78936e+00 -2.51228e-04  2.51092e+00  2.68899e+00
 9.00000e+00  5.07245e-01 -1.86599e-04  1.78939e+00 -3.67868e-04  2.51054e+00  2.68877e+00
 9.10000e+00  5.07222e-01 -2.47997e-04  1.78936e+00 -4.88931e-04  2.51043e+00  2.68888e+00
 9.20000e+00  5.07193e-01 -3.00105e-04  1.78927e+00 -5.91698e-04  2.51068e+00  2.68941e+00
 9.30000e+00  5.07161e-01 -3.16184e-04  1.78914e+00 -6.23440e-04  2.50967e+00  2.68875e+00
 9.40000e+00  5.07121e-01 -2.19165e-04  1.78894e+00 -4.32175e-04  2.50932e+00  2.68880e+00
 9.50000e+00  5.07075e-01 -8.52880e-05  1.78866e+00 -1.68196e-04  2.50912e+00  2.68906e+00
 9.60000e+00  5.07025e-01  4.80665e-05  1.78831e+00  9.48011e-05  2.50844e+00  2.68888e+00
 9.70000e+00  5.06973e-01  2.35790e-04  1.78791e+00  4.65094e-04  2.50799e+00  2.68896e+00
 9.80000e+00  5.06919e-01  4.18938e-04  1.78749e+00  8.26439e-04  2.50719e+00  2.68870e+00
 9.90000e+00  5.06866e-01  6.63484e-04  1.78705e+00  1.30899e-03  2.50546e+00  2.68754e+00
 1.00000e+01  5.06807e-01  8.99675e-04  1.78657e+00  1.77518e-03  2.50530e+00  2.68796e+00
 1.01000e+01  5.06748e-01  1.06474e-03  1.78612e+00  2.10113e-03  2.50399e+00  2.68725e+00
 1.02000e+01  5.06687e-01  1.30658e-03  1.78565e+00  2.57867e-03  2.50257e+00  2.68646e+00
 1.03000e+01  5.06622e-01  1.61227e-03  1.78512e+00  3.18239e-03  2.50247e+00  2.68700e+00
 1.04000e+01  5.06558e-01  1.85537e-03  1.78466e+00  3.66270e-03  2.50111e+00  2.68631e+00
 1.05000e+01  5.06493e-01  2.13629e-03  1.78421e+00  4.21780e-03  2.50128e+00  2.68711e+00
 1.06000e+01  5.06434e-01  2.47899e-03  1.78375e+00  4.89500e-03  2.49942e+00  2.68587e+00
 1.07000e+01  5.06376e-01  2.76963e-03  1.78334e+00  5.46951e-03  2.49757e+00  2.68464e+00
 1.08000e+01  5.06312e-01  3.04131e-03  1.78294e+00  6.00679e-03  2.49678e+00  2.68448e+00
 1.09000e+01  5.06245e-01  3.29604e-03  1.78253e+00  6.51076e-03  2.49516e+00  2.68356e+00
 1.10000e+01  5.06170e-01  3.59049e-03  1.78200e+00  7.09344e-03  2.49373e+00  2.68289e+00
 1.11000e+01  5.06086e-01  3.94236e-03  1.78133e+00  7.78991e-03  2.49106e+00  2.68111e+00
 1.12000e+01  5.05984e-01  4.30153e-03  1.78052e+00  8.50132e-03  2.49042e+00  2.68147e+00
 1.13000e+01  5.05872e-01  4.67722e-03  1.77962e+00  9.24585e-03  2.48772e+00  2.67994e+00
 1.14000e+01  5.05744e-01  5.08589e-03  1.77856e+00  1.00563e-02  2.48603e+00  2.67953e+00
 1.15000e+01  5.05603e-01  5.50476e-03  1.77738e+00  1.08875e-02  2.48428e+00  2.67919e+00
 1.16000e+01  5.05454e-01  5.95919e-03  1.77615e+00  1.17898e-02  2.47992e+00  2.67638e+00
 1.17000e+01  5.05285e-01  6.42473e-03  1.77484e+00  1.27151e-02  2.47835e+00  2.67648e+00
 1.18000e+01  5.05104e-01  6.94903e-03  1.77329e+00  1.37576e-02  2.47463e+00  2.67460e+00
 1.19000e+01  5.04906e-01  7.57207e-03  1.77153e+00  1.49970e-02  2.47213e+00  2.67406e+00
 1.20000e+01  5.04699e-01  8.09476e-03  1.77004e+00  1.60388e-02  2.46880e+00  2.67280e+00
 1.21000e+01  5.04482e-01  8.69616e-03  1.76840e+00  1.72378e-02  2.46547e+00  2.67164e+00
 1.22000e+01  5.04255e-01  9.37685e-03  1.76650e+00  1.85954e-02  2.46271e+00  2.67113e+00
 1.23000e+01  5.04025e-01  1.00118e-02  1.76479e+00  1.98638e-02  2.45748e+00  2.66821e+00
 1.24000e+01  5.03783e-01  1.07219e-02  1.76301e+00  2.12827e-02  2.45509e+00  2.66821e+00
 1.25000e+01  5.03536e-01  1.14358e-02  1.76119e+00  2.27110e-02  2.45060e+00  2.66617e+00
 1.26000e+01  5.03282e-01  1.22248e-02  1.75927e+00  2.42902e-02  2.44731e+00  2.66538e+00
 1.27000e+01  5.03025e-01  1.30625e-02  1.75720e+00  2.59680e-02  2.44267e+00  2.66328e+00
 1.28000e+01  5.02762e-01  1.39456e-02  1.75502e+00  2.77380e-02  2.43756e+00  2.66077e+00
 1.29000e+01  5.02490e-01  1.48488e-02  1.75277e+00  2.95505e-02  2.43421e+00  2.66008e+00
 1.30000e+01  5.02215e-01  1.57475e-02  1.75044e+00  3.13561e-02  2.42696e+00  2.65554e+00
 1.31000e+01  5.01924e-01  1.66603e-02  1.74798e+00  3.31929e-02  2.42433e+00  2.65575e+00
 1.32000e+01  5.01628e-01  1.75034e-02  1.74563e+00  3.48932e-02  2.41856e+00  2.65285e+00
 1.33000e+01  5.01324e-01  1.83696e-02  1.74308e+00  3.66422e-02  2.41248e+00  2.64973e+00
 1.34000e+01  5.01005e-01  1.91696e-02  1.74067e+00  3.82623e-02  2.40965e+00  2.64998e+00
 1.35000e+01  5.00684e-01  1.99372e-02  1.73834e+00  3.98199e-02  2.40286e+00  2.64630e+00
 1.36000e+01  5.00351e-01  2.07539e-02  1.73544e+00  4.14788e-02  2.39931e+00  2.64595e+00
 1.37000e+01  5.00018e-01  2.15024e-02  1.73281e+00  4.30032e-02  2.39307e+00  2.64290e+00
 1.38000e+01  4.99680e-01  2.22236e-02  1.73030e+00  4.44757e-02  2.38770e+00  2.64075e+00
 1.39000e+01  4.99338e-01  2.29355e-02  1.72746e+00  4.59318e-02  2.38400e+00  2.64033e+00
 1.40000e+01  4.99001e-01  2.35958e-02  1.72483e+00  4.72861e-02  2.37758e+00  2.63710e+00
 1.41000e+01  4.98665e-01  2.41972e-02  1.72228e+00  4.85240e-02  2.37327e+00  2.63597e+00
 1.42000e+01  4.98335e-01  2.47765e-02  1.71949e+00  4.97186e-02  2.36706e+00  2.63287e+00
 1.43000e+01  4.98007e-01  2.52744e-02  1.71685e+00  5.07511e-02  2.36200e+00  2.63090e+00
 1.44000e+01  4.97683e-01  2.56834e-02  1.71433e+00  5.16060e-02  2.35650e+00  2.62843e+00
 1.45000e+01  4.97360e-01  2.60354e-02  1.71174e+00  5.23471e-02  2.35133e+00  2.62628e+00
 1.46000e+01  4.97039e-01  2.62636e-02  1.70944e+00  5.28401e-02  2.34778e+00  2.62575e+00
 1.47000e+01  4.96727e-01  2.64353e-02  1.70719e+00  5.32190e-02  2.34202e+00  2.62287e+00
 1.48000e+01  4.96418e-01  2.65335e-02  1.70470e+00  5.34499e-02  2.33823e+00  2.62197e+00
 1.49000e+01  4.96119e-01  2.65676e-02  1.70207e+00  5.35509e-02  2.33353e+00  2.62002e+00
 1.50000e+01  4.95832e-01  2.65008e-02  1.70000e+00  5.34472e-02  2.32872e+00  2.61785e+00
 1.51000e+01  4.95556e-01  2.62916e-02  1.69846e+00  5.30548e-02  2.32551e+00  2.61720e+00
 1.52000e+01  4.95290e-01  2.60911e-02  1.69625e+00  5.26784e-02  2.32132e+00  2.61544e+00
 1.53000e+01  4.95037e-01  2.58030e-02  1.69402e+00  5.21233e-02  2.31663e+00  2.61305e+00
 1.54000e+01  4.94794e-01  2.54014e-02  1.69239e+00  5.13373e-02  2.31294e+00  2.61158e+00
 1.55000e+01  4.94560e-01  2.49190e-02  1.69087e+00  5.03861e-02  2.31065e+00  2.61145e+00
 1.56000e+01  4.94341e-01  2.43594e-02  1.68934e+00  4.92766e-02  2.30617e+00  2.60894e+00
 1.57000e+01  4.94128e-01  2.37307e-02  1.68779e+00  4.80255e-02  2.30274e+00  2.60743e+00
 1.58000e+01  4.93921e-01  2.30214e-02  1.68612e+00  4.66096e-02  2.30063e+00  2.60722e+00
 1.59000e+01  4.93727e-01  2.22220e-02  1.68490e+00  4.50087e-02  2.29701e+00  2.60534e+00
 1.60000e+01  4.93539e-01  2.12804e-02  1.68399e+00  4.31181e-02  2.29545e+00  2.60551e+00
 1.61000e+01  4.93361e-01  2.03480e-02  1.68272e+00  4.12437e-02  2.29332e+00  2.60499e+00
 1.62000e+01  4.93198e-01  1.93111e-02  1.68175e+00  3.91549e-02  2.29011e+00  2.60324e+00
 1.63000e+01  4.93041e-01  1.82263e-02  1.68079e+00  3.69671e-02  2.28841e+00  2.60296e+00
 1.64000e+01  4.92894e-01  1.71561e-02  1.67961e+00  3.48069e-02  2.28633e+00  2.60220e+00
 1.65000e+01  4.92759e-01  1.59748e-02  1.67878e+00  3.24192e-02  2.28484e+00  2.60194e+00
 1.66000e+01  4.92636e-01  1.48042e-02  1.67814e+00  3.00509e-02  2.28352e+00  2.60174e+00
 1.67000e+01  4.92527e-01  1.35876e-02  1.67745e+00  2.75875e-02  2.28165e+00  2.60083e+00
 1.68000e+01  4.92429e-01  1.24351e-02  1.67665e+00  2.52525e-02  2.28081e+00  2.60088e+00
 1.69000e+01  4.92348e-01  1.12281e-02  1.67625e+00  2.28051e-02  2.27930e+00  2.60009e+00
 1.70000e+01  4.92280e-01  1.00157e-02  1.67595e+00  2.03456e-02  2.27833e+00  2.59973e+00
 1.71000e+01  4.92223e-01  8.91509e-03  1.67550e+00  1.81119e-02  2.27871e+00  2.60066e+00
 1.72000e+01  4.92185e-01  7.75641e-03  1.67534e+00  1.57591e-02  2.27763e+00  2.59990e+00
 1.73000e+01  4.92163e-01  6.67744e-03  1.67528e+00  1.35675e-02  2.27687e+00  2.59932e+00
 1.74000e+01  4.92152e-01  5.58817e-03  1.67534e+00  1.13546e-02  2.27794e+00  2.60053e+00
 1.75000e+01  4.92159e-01  4.52014e-03  1.67558e+00  9.18432e-03  2.27883e+00  2.60138e+00
 1.76000e+01  4.92188e-01  3.51422e-03  1.67592e+00  7.14001e-03  2.27926e+00  2.60156e+00
 1.77000e+01  4.92237e-01  2.52875e-03  1.67643e+00  5.13726e-03  2.28000e+00  2.60185e+00
 1.78000e+01  4.92305e-01  1.56106e-03  1.67711e+00  3.17092e-03  2.28099e+00  2.60223e+00
 1.79000e+01  4.92391e-01  6.18697e-04  1.67791e+00  1.25652e-03  2.28301e+00  2.60352e+00
 1.80000e+01  4.92498e-01 -2.64884e-04  1.67887e+00 -5.37837e-04  2.28466e+00  2.60421e+00
 1.81000e+01  4.92624e-01 -1.16707e-03  1.67996e+00 -2.36909e-03  2.28629e+00  2.60470e+00
 1.82000e+01  4.92767e-01 -1.98885e-03  1.68120e+00 -4.03609e-03  2.28909e+00  2.60624e+00
 1.83000e+01  4.92930e-01 -2.78903e-03  1.68257e+00 -5.65806e-03  2.29056e+00  2.60621e+00
 1.84000e+01  4.93104e-01 -3.58744e-03  1.68398e+00 -7.27523e-03  2.29317e+00  2.60726e+00
 1.85000e+01  4.93290e-01 -4.27703e-03  1.68553e+00 -8.67042e-03  2.29649e+00  2.60893e+00
 1.86000e+01  4.93488e-01 -4.90103e-03  1.68719e+00 -9.93142e-03  2.29882e+00  2.60945e+00
 1.87000e+01  4.93693e-01 -5.46531e-03  1.68889e+00 -1.10703e-02  2.30241e+00  2.61120e+00
 1.88000e+01  4.93907e-01 -5.90270e-03  1.69078e+00 -1.19510e-02  2.30504e+00  2.61188e+00
 1.89000e+01  4.94123e-01 -6.28465e-03  1.69267e+00 -1.27188e-02  2.30923e+00  2.61413e+00
 1.90000e+01  4.94345e-01 -6.63208e-03  1.69452e+00 -1.34159e-02  2.31257e+00  2.61544e+00
 1.91000e+01  4.94572e-01 -6.87595e-03  1.69645e+00 -1.39028e-02  2.31536e+00  2.61616e+00
 1.92000e+01  4.94796e-01 -7.05946e-03  1.69838e+00 -1.42674e-02  2.32128e+00  2.62008e+00
 1.93000e+01  4.95032e-01 -7.14758e-03  1.70041e+00 -1.44386e-02  2.32287e+00  2.61947e+00
 1.94000e+01  4.95265e-01 -7.15578e-03  1.70248e+00 -1.44484e-02  2.32702e+00  2.62149e+00
 1.95000e+01  4.95495e-01 -7.09500e-03  1.70449e+00 -1.43190e-02  2.33291e+00  2.62531e+00
 1.96000e+01  4.95736e-01 -7.00220e-03  1.70652e+00 -1.41249e-02  2.33578e+00  2.62594e+00
 1.97000e+01  4.95979e-01 -6.81737e-03  1.70871e+00 -1.37453e-02  2.34103e+00  2.62897e+00
 1.98000e+01  4.96232e-01 -6.58132e-03  1.71096e+00 -1.32626e-02  2.34445e+00  2.63004e+00
 1.99000e+01  4.96489e-01 -6.38740e-03  1.71302e+00 -1.28651e-02  2.34873e+00  2.63194e+00
 2.00000e+01  4.96750e-01 -6.10719e-03  1.71523e+00 -1.22943e-02  2.35277e+00  2.63354e+00
 2.01000e+01  4.97014e-01 -5.73440e-03  1.71765e+00 -1.15377e-02  2.35673e+00  2.63504e+00
 2.02000e+01  4.97276e-01 -5.36566e-03  1.71990e+00 -1.07901e-02  2.36225e+00  2.63812e+00
 2.03000e+01  4.97544e-01 -5.01135e-03  1.72216e+00 -1.00722e-02  2.36629e+00  2.63965e+00
 2.04000e+01  4.97813e-01 -4.52914e-03  1.72457e+00 -9.09807e-03  2.37105e+00  2.64188e+00
 2.05000e+01  4.98086e-01 -4.08976e-03  1.72693e+00 -8.21095e-03  2.37446e+00  2.64271e+00
 2.06000e+01  4.98354e-01 -3.56019e-03  1.72935e+00 -7.14391e-03  2.37930e+00  2.64501e+00
 2.07000e+01  4.98618e-01 -2.95647e-03  1.73175e+00 -5.92932e-03  2.38449e+00  2.64771e+00
 2.08000e+01  4.98881e-01 -2.44732e-03  1.73407e+00 -4.90561e-03  2.38856e+00  2.64928e+00
 2.09000e+01  4.99141e-01 -1.78498e-03  1.73644e+00 -3.57611e-03  2.39324e+00  2.65148e+00
 2.10000e+01  4.99398e-01 -1.19408e-03  1.73875e+00 -2.39104e-03  2.39701e+00  2.65279e+00
 2.11000e+01  4.99647e-01 -5.87501e-04  1.74097e+00 -1.17583e-03  2.40215e+00  2.65554e+00
 2.12000e+01  4.99893e-01 -1.35890e-05  1.74317e+00 -2.71838e-05  2.40641e+00  2.65744e+00
 2.13000e+01  5.00136e-01  5.00822e-04  1.74533e+00  1.00137e-03  2.41026e+00  2.65894e+00
 2.14000e+01  5.00374e-01  1.04175e-03  1.74744e+00  2.08194e-03  2.41514e+00  2.66154e+00
 2.15000e+01  5.00609e-01  1.45150e-03  1.74956e+00  2.89946e-03  2.41884e+00  2.66295e+00
 2.16000e+01  5.00841e-01  1.90625e-03  1.75162e+00  3.80610e-03  2.42325e+00  2.66511e+00
 2.17000e+01  5.01071e-01  2.24145e-03  1.75368e+00  4.47332e-03  2.42739e+00  2.66701e+00
 2.18000e+01  5.01299e-01  2.52237e-03  1.75575e+00  5.03166e-03  2.43096e+00  2.66836e+00
 2.19000e+01  5.01522e-01  2.77953e-03  1.75777e+00  5.54220e-03  2.43534e+00  2.67055e+00
 2.20000e+01  5.01743e-01  2.90547e-03  1.75984e+00  5.79076e-03  2.43903e+00  2.67208e+00
 2.21000e+01  5.01960e-01  3.06586e-03  1.76181e+00  6.10778e-03  2.44284e+00  2.67376e+00
 2.22000e+01  5.02172e-01  3.17442e-03  1.76375e+00  6.32138e-03  2.44669e+00  2.67552e+00
 2.23000e+01  5.02379e-01  3.18390e-03  1.76575e+00  6.33764e-03  2.45078e+00  2.67755e+00
 2.24000e+01  5.02584e-01  3.21366e-03  1.76764e+00  6.39428e-03  2.45332e+00  2.67809e+00
 2.25000e+01  5.02778e-01  3.24422e-03  1.76943e+00  6.45260e-03  2.45646e+00  2.67931e+00
 2.26000e+01  5.02959e-01  3.13141e-03  1.77128e+00  6.22597e-03  2.46208e+00  2.68310e+00
 2.27000e+01  5.03140e-01  3.08125e-03  1.77303e+00  6.12405e-03  2.46375e+00  2.68299e+00
 2.28000e+01  5.03311e-01  3.08537e-03  1.77464e+00  6.13014e-03  2.46666e+00  2.68419e+00
 2.29000e+01  5.03471e-01  2.97563e-03  1.77628e+00  5.91024e-03  2.47075e+00  2.68667e+00
 2.30000e+01  5.03624e-01  2.96807e-03  1.77778e+00  5.89343e-03  2.47270e+00  2.68711e+00
 2.31000e+01  5.03765e-01  2.97971e-03  1.77915e+00  5.91488e-03  2.47640e+00  2.68937e+00
 2.32000e+01  5.03901e-01  2.94735e-03  1.78050e+00  5.84907e-03  2.47925e+00  2.69086e+00
 2.33000e+01  5.04032e-01  2.98831e-03  1.78175e+00  5.92881e-03  2.48095e+00  2.69125e+00
 2.34000e+01  5.04155e-01  2.95325e-03  1.78295e+00  5.85781e-03  2.48312e+00  2.69218e+00
 2.35000e+01  5.04268e-01  2.86565e-03  1.78411e+00  5.68278e-03  2.48613e+00  2.69402e+00
 2.36000e+01  5.04376e-01  2.77348e-03  1.78521e+00  5.49883e-03  2.48799e+00  2.69480e+00
 2.37000e+01  5.04478e-01  2.63785e-03  1.78627e+00  5.22888e-03  2.49129e+00  2.69704e+00
 2.38000e+01  5.04581e-01  2.52808e-03  1.78733e+00  5.01025e-03  2.49316e+00  2.69787e+00
 2.39000e+01  5.04684e-01  2.41587e-03  1.78838e+00  4.78689e-03  2.49408e+00  2.69777e+00
 2.40000e+01  5.04780e-01  2.33076e-03  1.78937e+00  4.61738e-03  2.49771e+00  2.70038e+00
 2.41000e+01  5.04880e-01  2.24243e-03  1.79039e+00  4.44152e-03  2.49821e+00  2.69989e+00
 2.42000e+01  5.04976e-01  2.15015e-03  1.79138e+00  4.25793e-03  2.50030e+00  2.70100e+00
 2.43000e+01  5.05067e-01  2.04616e-03  1.79234e+00  4.05126e-03  2.50239e+00  2.70215e+00
 2.44000e+01  5.05157e-01  1.95638e-03  1.79327e+00  3.87283e-03  2.50389e+00  2.70275e+00
 2.45000e+01  5.05242e-01  1.86450e-03  1.79417e+00  3.69031e-03  2.50589e+00  2.70386e+00
 2.46000e+01  5.05326e-01  1.74316e-03  1.79504e+00  3.44958e-03  2.50652e+00  2.70366e+00
 2.47000e+01  5.05401e-01  1.72021e-03  1.79580e+00  3.40365e-03  2.50857e+00  2.70493e+00
 2.48000e+01  5.05471e-01  1.58984e-03  1.79656e+00  3.14527e-03  2.50938e+00  2.70503e+00
 2.49000e+01  5.05532e-01  1.45657e-03  1.79726e+00  2.88126e-03  2.51107e+00  2.70608e+00
 2.50000e+01  5.05587e-01  1.33080e-03  1.79790e+00  2.63219e-03  2.51197e+00  2.70642e+00
 2.51000e+01  5.05634e-01  1.13861e-03  1.79848e+00  2.25185e-03  2.51290e+00  2.70686e+00
 2.52000e+01  5.05672e-01  1.00466e-03  1.79898e+00  1.98677e-03  2.51511e+00  2.70865e+00
 2.53000e+01  5.05709e-01  8.15362e-04  1.79948e+00  1.61231e-03  2.51555e+00  2.70872e+00
 2.54000e+01  5.05742e-01  6.40116e-04  1.79995e+00  1.26570e-03  2.51682e+00  2.70963e+00
 2.55000e+01  5.05774e-01  3.78406e-04  1.80041e+00  7.48172e-04  2.51743e+00  2.70992e+00
 2.56000e+01  5.05803e-01  1.51925e-04  1.80084e+00  3.00364e-04  2.51820e+00  2.71038e+00
 2.57000e+01  5.05830e-01 -5.36225e-05  1.80123e+00 -1.06009e-04  2.51960e+00  2.71148e+00
 2.58000e+01  5.05859e-01 -2.95708e-04  1.80163e+00 -5.84566e-04  2.52082e+00  2.71239e+00
 2.59000e+01  5.05893e-01 -4.37052e-04  1.80207e+00 -8.63922e-04  2.52140e+00  2.71262e+00
 2.60000e+01  5.05930e-01 -6.45958e-04  1.80252e+00 -1.27677e-03  2.52119e+00  2.71205e+00
 2.61000e+01  5.05965e-01 -7.91879e-04  1.80294e+00 -1.56509e-03  2.52278e+00  2.71326e+00
 2.62000e+01  5.06002e-01 -9.07906e-04  1.80339e+00 -1.79427e-03  2.52302e+00  2.71313e+00
 2.63000e+01  5.06037e-01 -1.00744e-03  1.80383e+00 -1.99085e-03  2.52328e+00  2.71304e+00
 2.64000e+01  5.06069e-01 -1.02258e-03  1.80425e+00 -2.02064e-03  2.52356e+00  2.71300e+00
 2.65000e+01  5.06093e-01 -1.06606e-03  1.80460e+00 -2.10645e-03  2.52366e+00  2.71286e+00
 2.66000e+01  5.06107e-01 -1.07293e-03  1.80486e+00 -2.11996e-03  2.52551e+00  2.71452e+00
 2.67000e+01  5.06119e-01 -1.05839e-03  1.80511e+00 -2.09119e-03  2.52396e+00  2.71290e+00
 2.68000e+01  5.06117e-01 -1.07336e-03  1.80521e+00 -2.12078e-03  2.52373e+00  2.71268e+00
 2.69000e+01  5.06100e-01 -1.06228e-03  1.80518e+00 -2.09895e-03  2.52485e+00  2.71395e+00
 2.70000e+01  5.06075e-01 -9.93109e-04  1.80509e+00 -1.96237e-03  2.52456e+00  2.71391e+00
 2.71000e+01  5.06042e-01 -9.40244e-04  1.80492e+00 -1.85804e-03  2.52485e+00  2.71452e+00
 2.72000e+01  5.06005e-01 -8.78910e-04  1.80470e+00 -1.73696e-03  2.52317e+00  2.71325e+00
 2.73000e+01  5.05957e-01 -8.37299e-04  1.80439e+00 -1.65488e-03  2.52269e+00  2.71325e+00
 2.74000e+01  5.05899e-01 -8.08609e-04  1.80399e+00 -1.59836e-03  2.52242e+00  2.71356e+00
 2.75000e+01  5.05836e-01 -7.51817e-04  1.80355e+00 -1.48629e-03  2.52199e+00  2.71377e+00
 2.76000e+01  5.05769e-01 -7.12493e-04  1.80309e+00 -1.40873e-03  2.52153e+00  2.71397e+00
 2.77000e+01  5.05704e-01 -6.09143e-04  1.80264e+00 -1.20454e-03  2.52027e+00  2.71339e+00
 2.78000e+01  5.05637e-01 -5.59209e-04  1.80218e+00 -1.10595e-03  2.51889e+00  2.71269e+00
 2.79000e+01  5.05568e-01 -4.87922e-04  1.80170e+00 -9.65097e-04  2.51717e+00  2.71170e+00
 2.80000e+01  5.05491e-01 -3.29680e-04  1.80117e+00 -6.52197e-04  2.51704e+00  2.71232e+00
 2.81000e+01  5.05414e-01 -2.43256e-04  1.80064e+00 -4.81301e-04  2.51516e+00  2.71124e+00
 2.82000e+01  5.05331e-01 -1.26367e-04  1.80006e+00 -2.50068e-04  2.51386e+00  2.71079e+00
 2.83000e+01  5.05244e-01  1.90382e-05  1.79945e+00  3.76813e-05  2.51221e+00  2.71004e+00
 2.84000e+01  5.05149e-01  2.14215e-04  1.79878e+00  4.24063e-04  2.50978e+00  2.70858e+00
 2.85000e+01  5.05042e-01  3.64924e-04  1.79801e+00  7.22562e-04  2.50937e+00  2.70924e+00
 2.86000e+01  5.04930e-01  5.15250e-04  1.79720e+00  1.02044e-03  2.50729e+00  2.70831e+00
 2.87000e+01  5.04810e-01  7.43602e-04  1.79633e+00  1.47303e-03  2.50497e+00  2.70721e+00
 2.88000e+01  5.04681e-01  8.65789e-04  1.79539e+00  1.71552e-03  2.50253e+00  2.70609e+00
 2.89000e+01  5.04539e-01  1.06278e-03  1.79435e+00  2.10644e-03  2.50049e+00  2.70547e+00
 2.90000e+01  5.04387e-01  1.24353e-03  1.79320e+00  2.46543e-03  2.49769e+00  2.70422e+00
 2.91000e+01  5.04222e-01  1.44318e-03  1.79192e+00  2.86220e-03  2.49445e+00  2.70266e+00
 2.92000e+01  5.04040e-01  1.66510e-03  1.79051e+00  3.30350e-03  2.49314e+00  2.70315e+00
 2.93000e+01  5.03852e-01  1.74451e-03  1.78911e+00  3.46235e-03  2.48977e+00  2.70169e+00
 2.94000e+01  5.03655e-01  1.93262e-03  1.78760e+00  3.83719e-03  2.48538e+00  2.69929e+00
 2.95000e+01  5.03442e-01  2.13617e-03  1.78592e+00  4.24312e-03  2.48236e+00  2.69840e+00
 2.96000e+01  5.03217e-01  2.37137e-03  1.78415e+00  4.71242e-03  2.47878e+00  2.69708e+00
 2.97000e+01  5.02979e-01  2.59146e-03  1.78232e+00  5.15222e-03  2.47418e+00  2.69487e+00
 2.98000e+01  5.02724e-01  2.81315e-03  1.78035e+00  5.59582e-03  2.46974e+00  2.69297e+00
 2.99000e+01  5.02450e-01  3.11150e-03  1.77819e+00  6.19265e-03  2.46588e+00  2.69182e+00
 3.00000e+01  5.02161e-01  3.33698e-03  1.77597e+00  6.64524e-03  2.46118e+00  2.68999e+00
 3.01000e+01  5.01858e-01  3.62574e-03  1.77362e+00  7.22464e-03  2.45668e+00  2.68849e+00
 3.02000e+01  5.01541e-01  3.91937e-03  1.77113e+00  7.81466e-03  2.45150e+00  2.68643e+00
 3.03000e+01  5.01211e-01  4.23780e-03  1.76852e+00  8.45514e-03  2.44482e+00  2.68301e+00
 3.04000e+01  5.00860e-01  4.55835e-03  1.76577e+00  9.10104e-03  2.44050e+00  2.68212e+00
 3.05000e+01  5.00497e-01  4.85054e-03  1.76298e+00  9.69145e-03  2.43455e+00  2.67972e+00
 3.06000e+01  5.00120e-01  5.23267e-03  1.75996e+00  1.04628e-02  2.42886e+00  2.67769e+00
 3.07000e+01  4.99732e-01  5.62899e-03  1.75678e+00  1.12640e-02  2.42409e+00  2.67668e+00
 3.08000e+01  4.99344e-01  6.00132e-03  1.75374e+00  1.20184e-02  2.41719e+00  2.67354e+00
 3.09000e+01  4.98952e-01  6.35033e-03  1.75070e+00  1.27273e-02  2.41193e+00  2.67206e+00
 3.10000e+01  4.98561e-01  6.77075e-03  1.74751e+00  1.35806e-02  2.40437e+00  2.66825e+00
 3.11000e+01  4.98165e-01  7.17475e-03  1.74430e+00  1.44024e-02  2.39818e+00  2.66585e+00
 3.12000e+01  4.97765e-01  7.53279e-03  1.74114e+00  1.51332e-02  2.39201e+00  2.66348e+00
 3.13000e+01  4.97364e-01  7.90624e-03  1.73791e+00  1.58963e-02  2.38526e+00  2.66054e+00
 3.14000e+01  4.96959e-01  8.19554e-03  1.73475e+00  1.64914e-02  2.38015e+00  2.65927e+00
 3.15000e+01  4.96560e-01  8.47124e-03  1.73168e+00  1.70599e-02  2.37275e+00  2.65562e+00
 3.16000e+01  4.96158e-01  8.69915e-03  1.72859e+00  1.75330e-02  2.36747e+00  2.65412e+00
 3.17000e+01  4.95761e-01  8.92630e-03  1.72538e+00  1.80053e-02  2.36041e+00  2.65076e+00
 3.18000e+01  4.95364e-01  9.11791e-03  1.72227e+00  1.84065e-02  2.35443e+00  2.64848e+00
 3.19000e+01  4.94969e-01  9.18256e-03  1.71935e+00  1.85518e-02  2.34975e+00  2.64749e+00
 3.20000e+01  4.94585e-01  9.30413e-03  1.71633e+00  1.88120e-02  2.34231e+00  2.64357e+00
 3.21000e+01  4.94203e-01  9.32114e-03  1.71355e+00  1.88609e-02  2.33708e+00  2.64187e+00
 3.22000e+01  4.93826e-01  9.33069e-03  1.71076e+00  1.88947e-02  2.33195e+00  2.64022e+00
 3.23000e+01  4.93458e-01  9.45804e-03  1.70766e+00  1.91669e-02  2.32650e+00  2.63814e+00
 3.24000e+01  4.93103e-01  9.47185e-03  1.70495e+00  1.92087e-02  2.32103e+00  2.63591e+00
 3.25000e+01  4.92760e-01  9.51804e-03  1.70236e+00  1.93158e-02  2.31565e+00  2.63365e+00
 3.26000e+01  4.92429e-01  9.59236e-03  1.69971e+00  1.94797e-02  2.31067e+00  2.63167e+00
 3.27000e+01  4.92112e-01  9.62790e-03  1.69733e+00  1.95645e-02  2.30571e+00  2.62957e+00
 3.28000e+01  4.91807e-01  9.70430e-03  1.69497e+00  1.97319e-02  2.30166e+00  2.62828e+00
 3.29000e+01  4.91519e-01  9.79801e-03  1.69272e+00  1.99341e-02  2.29710e+00  2.62630e+00
 3.30000e+01  4.91248e-01  9.87777e-03  1.69070e+00  2.01075e-02  2.29207e+00  2.62367e+00
 3.31000e+01  4.90986e-01  9.99499e-03  1.68871e+00  2.03570e-02  2.28955e+00  2.62353e+00
 3.32000e+01  4.90745e-01  1.01123e-02  1.68699e+00  2.06060e-02  2.28655e+00  2.62271e+00
 3.33000e+01  4.90526e-01  1.02369e-02  1.68538e+00  2.08692e-02  2.28280e+00  2.62088e+00
 3.34000e+01  4.90327e-01  1.04626e-02  1.68375e+00  2.13381e-02  2.28008e+00  2.61995e+00
 3.35000e+01  4.90151e-01  1.05917e-02  1.68263e+00  2.16090e-02  2.27753e+00  2.61896e+00
 3.36000e+01  4.89996e-01  1.07886e-02  1.68156e+00  2.20178e-02  2.27584e+00  2.61867e+00
 3.37000e+01  4.89866e-01  1.10448e-02  1.68059e+00  2.25465e-02  2.27323e+00  2.61718e+00
 3.38000e+01  4.89757e-01  1.12334e-02  1.68002e+00  2.29367e-02  2.27253e+00  2.61748e+00
 3.39000e+01  4.89673e-01  1.15799e-02  1.67921e+00  2.36482e-02  2.27064e+00  2.61631e+00
 3.40000e+01  4.89611e-01  1.18937e-02  1.67869e+00  2.42922e-02  2.26978e+00  2.61600e+00
 3.41000e+01  4.89572e-01  1.21700e-02  1.67873e+00  2.48585e-02  2.27045e+00  2.61707e+00
 3.42000e+01  4.89561e-01  1.25440e-02  1.67871e+00  2.56229e-02  2.26887e+00  2.61552e+00
 3.43000e+01  4.89569e-01  1.29453e-02  1.67874e+00  2.64423e-02  2.26995e+00  2.61657e+00
 3.44000e+01  4.89602e-01  1.33863e-02  1.67898e+00  2.73411e-02  2.26974e+00  2.61604e+00
 3.45000e+01  4.89656e-01  1.38634e-02  1.67938e+00  2.83125e-02  2.27001e+00  2.61581e+00
 3.46000e+01  4.89727e-01  1.43305e-02  1.68000e+00  2.92622e-02  2.27118e+00  2.61636e+00
 3.47000e+01  4.89816e-01  1.48378e-02  1.68065e+00  3.02926e-02  2.27283e+00  2.61724e+00
 3.48000e+01  4.89923e-01  1.53282e-02  1.68167e+00  3.12869e-02  2.27386e+00  2.61730e+00
 3.49000e+01  4.90045e-01  1.58023e-02  1.68298e+00  3.22467e-02  2.27528e+00  2.61762e+00
 3.50000e+01  4.90175e-01  1.63629e-02  1.68400e+00  3.33817e-02  2.27842e+00  2.61965e+00
 3.51000e+01  4.90321e-01  1.69348e-02  1.68503e+00  3.45381e-02  2.27876e+00  2.61864e+00
 3.52000e+01  4.90470e-01  1.75071e-02  1.68635e+00  3.56945e-02  2.28180e+00  2.62038e+00
 3.53000e+01  4.90627e-01  1.80695e-02  1.68776e+00  3.68294e-02  2.28370e+00  2.62087e+00
 3.54000e+01  4.90786e-01  1.86687e-02  1.68910e+00  3.80383e-02  2.28641e+00  2.62217e+00
 3.55000e+01  4.90949e-01  1.92446e-02  1.69061e+00  3.91987e-02  2.28986e+00  2.62421e+00
 3.56000e+01  4.91120e-01  1.98597e-02  1.69186e+00  4.04377e-02  2.29158e+00  2.62437e+00
 3.57000e+01  4.91292e-01  2.05010e-02  1.69312e+00  4.17288e-02  2.29488e+00  2.62616e+00
 3.58000e+01  4.91471e-01  2.10511e-02  1.69486e+00  4.28329e-02  2.29717e+00  2.62683e+00
 3.59000e+01  4.91651e-01  2.16846e-02  1.69619e+00  4.41056e-02  2.30099e+00  2.62907e+00
 3.60000e+01  4.91839e-01  2.22618e-02  1.69777e+00  4.52624e-02  2.30333e+00  2.62970e+00
 3.61000e+01  4.92030e-01  2.28248e-02  1.69953e+00  4.63890e-02  2.30686e+00  2.63154e+00
 3.62000e+01  4.92225e-01  2.34370e-02  1.70076e+00  4.76143e-02  2.30922e+00  2.63211e+00
 3.63000e+01  4.92424e-01  2.39873e-02  1.70225e+00  4.87128e-02  2.31135e+00  2.63242e+00
 3.64000e+01  4.92620e-01  2.44951e-02  1.70437e+00  4.97242e-02  2.31668e+00  2.63604e+00
 3.65000e+01  4.92822e-01  2.49775e-02  1.70629e+00  5.06826e-02  2.31897e+00  2.63647e+00
 3.66000e+01  4.93023e-01  2.55329e-02  1.70751e+00  5.17885e-02  2.32310e+00  2.63881e+00
 3.67000e+01  4.93231e-01  2.60089e-02  1.70927e+00  5.27317e-02  2.32618e+00  2.63998e+00
 3.68000e+01  4.93444e-01  2.64466e-02  1.71126e+00  5.35959e-02  2.32885e+00  2.64069e+00
 3.69000e+01  4.93656e-01  2.69012e-02  1.71293e+00  5.44939e-02  2.33290e+00  2.64282e+00
 3.70000e+01  4.93870e-01  2.72598e-02  1.71499e+00  5.51962e-02  2.33552e+00  2.64346e+00
 3.71000e+01  4.94079e-01  2.76352e-02  1.71666e+00  5.59326e-02  2.34030e+00  2.64635e+00
 3.72000e+01  4.94293e-01  2.79641e-02  1.71813e+00  5.65740e-02  2.34229e+00  2.64635e+00
 3.73000e+01  4.94503e-01  2.82123e-02  1.72013e+00  5.70518e-02  2.34556e+00  2.64768e+00
 3.74000e+01  4.94708e-01  2.84016e-02  1.72230e+00  5.74109e-02  2.35130e+00  2.65158e+00
 3.75000e+01  4.94917e-01  2.85742e-02  1.72412e+00  5.77353e-02  2.35307e+00  2.65137e+00
 3.76000e+01  4.95121e-01  2.87403e-02  1.72584e+00  5.80471e-02  2.35768e+00  2.65413e+00
 3.77000e+01  4.95325e-01  2.88483e-02  1.72756e+00  5.82410e-02  2.36117e+00  2.65572e+00
 3.78000e+01  4.95532e-01  2.89894e-02  1.72893e+00  5.85015e-02  2.36223e+00  2.65480e+00
 3.79000e+01  4.95730e-01  2.90251e-02  1.73079e+00  5.85502e-02  2.36667e+00  2.65743e+00
 3.80000e+01  4.95924e-01  2.90330e-02  1.73255e+00  5.85433e-02  2.36999e+00  2.65893e+00
 3.81000e+01  4.96113e-01  2.90373e-02  1.73405e+00  5.85296e-02  2.37260e+00  2.65976e+00
 3.82000e+01  4.96295e-01  2.89279e-02  1.73582e+00  5.82878e-02  2.37657e+00  2.66204e+00
 3.83000e+01  4.96474e-01  2.88477e-02  1.73731e+00  5.81051e-02  2.38034e+00  2.66414e+00
 3.84000e+01  4.96655e-01  2.86500e-02  1.73922e+00  5.76860e-02  2.38293e+00  2.66502e+00
 3.85000e+01  4.96832e-01  2.84359e-02  1.74090e+00  5.72345e-02  2.38697e+00  2.66740e+00
 3.86000e+01  4.97010e-01  2.82051e-02  1.74241e+00  5.67496e-02  2.39056e+00  2.66932e+00
 3.87000e+01  4.97192e-01  2.78560e-02  1.74441e+00  5.60267e-02  2.39304e+00  2.67006e+00
 3.88000e+01  4.97372e-01  2.75395e-02  1.74580e+00  5.53699e-02  2.39698e+00  2.67231e+00
 3.89000e+01  4.97556e-01  2.71311e-02  1.74740e+00  5.45287e-02  2.40060e+00  2.67417e+00
 3.90000e+01  4.97748e-01  2.66402e-02  1.74957e+00  5.35214e-02  2.40480e+00  2.67656e+00
 3.91000e+01  4.97947e-01  2.61394e-02  1.75128e+00  5.24943e-02  2.40791e+00  2.67776e+00
 3.92000e+01  4.98154e-01  2.55987e-02  1.75292e+00  5.13872e-02  2.41105e+00  2.67892e+00
 3.93000e+01  4.98366e-01  2.49784e-02  1.75496e+00  5.01206e-02  2.41470e+00  2.68053e+00
 3.94000e+01  4.98582e-01  2.43252e-02  1.75707e+00  4.87889e-02  2.41845e+00  2.68220e+00
 3.95000e+01  4.98800e-01  2.36367e-02  1.75913e+00  4.73872e-02  2.42332e+00  2.68498e+00
 3.96000e+01  4.99026e-01  2.29375e-02  1.76102e+00  4.59646e-02  2.42650e+00  2.68597e+00
 3.97000e+01  4.99257e-01  2.22237e-02  1.76322e+00  4.45136e-02  2.43014e+00  2.68738e+00
 3.98000e+01  4.99487e-01  2.14423e-02  1.76562e+00  4.29286e-02  2.43439e+00  2.68939e+00
 3.99000e+01  4.99717e-01  2.07594e-02  1.76727e+00  4.15423e-02  2.43742e+00  2.69018e+00
 4.00000e+01  4.99943e-01  2.00214e-02  1.76928e+00  4.00474e-02  2.44145e+00  2.69201e+00
 4.01000e+01  5.00165e-01  1.92110e-02  1.77173e+00  3.84093e-02  2.44539e+00  2.69378e+00
 4.02000e+01  5.00380e-01  1.84992e-02  1.77341e+00  3.69702e-02  2.44820e+00  2.69448e+00
 4.03000e+01  5.00583e-01  1.77358e-02  1.77515e+00  3.54303e-02  2.45238e+00  2.69667e+00
 4.04000e+01  5.00780e-01  1.69241e-02  1.77718e+00  3.37955e-02  2.45548e+00  2.69783e+00
 4.05000e+01  5.00966e-01  1.61426e-02  1.77884e+00  3.22230e-02  2.45905e+00  2.69957e+00
 4.06000e+01  5.01141e-01  1.53348e-02  1.78038e+00  3.05997e-02  2.46374e+00  2.70252e+00
 4.07000e+01  5.01317e-01  1.45178e-02  1.78197e+00  2.89593e-02  2.46612e+00  2.70316e+00
 4.08000e+01  5.01488e-01  1.36891e-02  1.78366e+00  2.72969e-02  2.47039e+00  2.70573e+00
 4.09000e+01  5.01660e-01  1.28525e-02  1.78538e+00  2.56200e-02  2.47404e+00  2.70766e+00
 4.10000e+01  5.01836e-01  1.21135e-02  1.78678e+00  2.41383e-02  2.47688e+00  2.70875e+00
 4.11000e+01  5.02016e-01  1.14115e-02  1.78818e+00  2.27313e-02  2.47967e+00  2.70975e+00
 4.12000e+01  5.02197e-01  1.07012e-02  1.78983e+00  2.13087e-02  2.48116e+00  2.70944e+00
 4.13000e+01  5.02371e-01  1.00532e-02  1.79137e+00  2.00115e-02  2.48585e+00  2.71238e+00
 4.14000e+01  5.02546e-01  9.43461e-03  1.79290e+00  1.87736e-02  2.48889e+00  2.71366e+00
 4.15000e+01  5.02722e-01  8.87064e-03  1.79440e+00  1.76452e-02  2.49008e+00  2.71311e+00
 4.16000e+01  5.02889e-01  8.34206e-03  1.79588e+00  1.65883e-02  2.49346e+00  2.71481e+00
 4.17000e+01  5.03048e-01  7.79430e-03  1.79730e+00  1.54942e-02  2.49552e+00  2.71527e+00
 4.18000e+01  5.03195e-01  7.31416e-03  1.79851e+00  1.45354e-02  2.49731e+00  2.71559e+00
 4.19000e+01  5.03327e-01  6.72894e-03  1.79987e+00  1.33689e-02  2.49949e+00  2.71644e+00
 4.20000e+01  5.03440e-01  6.09322e-03  1.80113e+00  1.21032e-02  2.50241e+00  2.71820e+00
 4.21000e+01  5.03538e-01  5.56772e-03  1.80201e+00  1.10572e-02  2.50456e+00  2.71936e+00
 4.22000e+01  5.03623e-01  4.97903e-03  1.80286e+00  9.88642e-03  2.50525e+00  2.71920e+00
 4.23000e+01  5.03689e-01  4.41241e-03  1.80359e+00  8.76019e-03  2.50831e+00  2.72155e+00
 4.24000e+01  5.03747e-01  3.87332e-03  1.80417e+00  7.68901e-03  2.50875e+00  2.72141e+00
 4.25000e+01  5.03793e-01  3.38438e-03  1.80458e+00  6.71779e-03  2.50874e+00  2.72095e+00
 4.26000e+01  5.03821e-01  2.89768e-03  1.80488e+00  5.75140e-03  2.51287e+00  2.72474e+00
 4.27000e+01  5.03853e-01  2.39572e-03  1.80521e+00  4.75479e-03  2.51280e+00  2.72435e+00
 4.28000e+01  5.03885e-01  1.96336e-03  1.80551e+00  3.89645e-03  2.51137e+00  2.72263e+00
 4.29000e+01  5.03903e-01  1.48824e-03  1.80573e+00  2.95341e-03  2.51377e+00  2.72481e+00
 4.30000e+01  5.03922e-01  1.08076e-03  1.80593e+00  2.14471e-03  2.51369e+00  2.72455e+00
 4.31000e+01  5.03936e-01  6.84819e-04  1.80611e+00  1.35894e-03  2.51367e+00  2.72439e+00
 4.32000e+01  5.03946e-01  2.42510e-04  1.80626e+00  4.81223e-04  2.51499e+00  2.72559e+00
 4.33000e+01  5.03956e-01 -1.87990e-04  1.80642e+00 -3.73028e-04  2.51488e+00  2.72538e+00
 4.34000e+01  5.03964e-01 -5.98584e-04  1.80656e+00 -1.18775e-03  2.51555e+00  2.72596e+00
 4.35000e+01  5.03974e-01 -1.01254e-03  1.80669e+00 -2.00912e-03  2.51515e+00  2.72547e+00
 4.36000e+01  5.03981e-01 -1.42479e-03  1.80678e+00 -2.82707e-03  2.51453e+00  2.72479e+00
 4.37000e+01  5.03981e-01 -1.78369e-03  1.80680e+00 -3.53921e-03  2.51501e+00  2.72526e+00
 4.38000e+01  5.03976e-01 -2.16965e-03  1.80676e+00 -4.30506e-03  2.51482e+00  2.72512e+00
 4.39000e+01  5.03966e-01 -2.59500e-03  1.80661e+00 -5.14915e-03  2.51414e+00  2.72455e+00
 4.40000e+01  5.03949e-01 -3.04886e-03  1.80638e+00 -6.04993e-03  2.51437e+00  2.72496e+00
 4.41000e+01  5.03927e-01 -3.50419e-03  1.80611e+00 -6.95376e-03  2.51331e+00  2.72412e+00
 4.42000e+01  5.03899e-01 -4.06471e-03  1.80566e+00 -8.06653e-03  2.51209e+00  2.72320e+00
 4.43000e+01  5.03860e-01 -4.63162e-03  1.80508e+00 -9.19227e-03  2.51142e+00  2.72293e+00
 4.44000e+01  5.03814e-01 -5.15811e-03  1.80448e+00 -1.02381e-02  2.50870e+00  2.72071e+00
 4.45000e+01  5.03749e-01 -5.67881e-03  1.80375e+00 -1.12731e-02  2.50792e+00  2.72057e+00
 4.46000e+01  5.03671e-01 -6.12781e-03  1.80294e+00 -1.21663e-02  2.50644e+00  2.71989e+00
 4.47000e+01  5.03579e-01 -6.59414e-03  1.80206e+00 -1.30946e-02  2.50531e+00  2.71968e+00
 4.48000e+01  5.03477e-01 -6.98481e-03  1.80118e+00 -1.38732e-02  2.50370e+00  2.71911e+00
 4.49000e+01  5.03366e-01 -7.45171e-03  1.80009e+00 -1.48038e-02  2.50136e+00  2.71790e+00
 4.50000e+01  5.03244e-01 -7.90944e-03  1.79896e+00 -1.57169e-02  2.50046e+00  2.71822e+00
 4.51000e+01  5.03119e-01 -8.32839e-03  1.79786e+00 -1.65535e-02  2.49657e+00  2.71560e+00
 4.52000e+01  5.02982e-01 -8.82872e-03  1.79652e+00 -1.75528e-02  2.49471e+00  2.71512e+00
 4.53000e+01  5.02837e-01 -9.21767e-03  1.79534e+00 -1.83313e-02  2.49223e+00  2.71410e+00
 4.54000e+01  5.02683e-01 -9.65611e-03  1.79410e+00 -1.92091e-02  2.49066e+00  2.71406e+00
 4.55000e+01  5.02527e-01 -1.01071e-02  1.79284e+00 -2.01125e-02  2.48891e+00  2.71387e+00
 4.56000e+01  5.02373e-01 -1.05743e-02  1.79165e+00 -2.10486e-02  2.48536e+00  2.71187e+00
 4.57000e+01  5.02216e-01 -1.11703e-02  1.79012e+00 -2.22420e-02  2.48356e+00  2.71164e+00
 4.58000e+01  5.02062e-01 -1.17833e-02  1.78860e+00 -2.34698e-02  2.47900e+00  2.70863e+00
 4.59000e+01  5.01901e-01 -1.24037e-02  1.78724e+00 -2.47134e-02  2.47749e+00  2.70871e+00
 4.60000e+01  5.01742e-01 -1.30353e-02  1.78587e+00 -2.59801e-02  2.47407e+00  2.70689e+00
 4.61000e+01  5.01579e-01 -1.36996e-02  1.78434e+00 -2.73129e-02  2.46999e+00  2.70444e+00
 4.62000e+01  5.01407e-01 -1.43476e-02  1.78274e+00 -2.86146e-02  2.46817e+00  2.70432e+00
 4.63000e+01  5.01233e-01 -1.49505e-02  1.78127e+00 -2.98275e-02  2.46428e+00  2.70215e+00
 4.64000e+01  5.01052e-01 -1.55133e-02  1.77984e+00 -3.09615e-02  2.46266e+00  2.70232e+00
 4.65000e+01  5.00872e-01 -1.60195e-02  1.77843e+00 -3.19832e-02  2.45907e+00  2.70050e+00
 4.66000e+01  5.00689e-01 -1.64992e-02  1.77684e+00 -3.29529e-02  2.45581e+00  2.69905e+00
 4.67000e+01  5.00502e-01 -1.68967e-02  1.77547e+00 -3.37594e-02  2.45394e+00  2.69901e+00
 4.68000e+01  5.00318e-01 -1.71879e-02  1.77449e+00 -3.43539e-02  2.45162e+00  2.69850e+00
 4.69000e+01  5.00137e-01 -1.74836e-02  1.77309e+00 -3.49576e-02  2.44956e+00  2.69822e+00
 4.70000e+01  4.99963e-01 -1.77473e-02  1.77162e+00 -3.54971e-02  2.44643e+00  2.69679e+00
 4.71000e+01  4.99797e-01 -1.78892e-02  1.77061e+00 -3.57929e-02  2.44375e+00  2.69574e+00
 4.72000e+01  4.99635e-01 -1.80028e-02  1.76949e+00 -3.60320e-02  2.44199e+00  2.69556e+00
 4.73000e+01  4.99481e-01 -1.80498e-02  1.76852e+00 -3.61370e-02  2.43986e+00  2.69492e+00
 4.74000e+01  4.99337e-01 -1.80037e-02  1.76787e+00 -3.60552e-02  2.43802e+00  2.69449e+00
 4.75000e+01  4.99200e-01 -1.79902e-02  1.76675e+00 -3.60380e-02  2.43617e+00  2.69398e+00
 4.76000e+01  4.99074e-01 -1.79420e-02  1.76555e+00 -3.59505e-02  2.43245e+00  2.69148e+00
 4.77000e+01  4.98949e-01 -1.78013e-02  1.76470e+00 -3.56776e-02  2.43112e+00  2.69136e+00
 4.78000e+01  4.98830e-01 -1.76309e-02  1.76364e+00 -3.53445e-02  2.42873e+00  2.69012e+00
 4.79000e+01  4.98714e-01 -1.74078e-02  1.76252e+00 -3.49053e-02  2.42601e+00  2.68852e+00
 4.80000e+01  4.98598e-01 -1.70683e-02  1.76171e+00 -3.42326e-02  2.42537e+00  2.68902e+00
 4.81000e+01  4.98488e-01 -1.66864e-02  1.76084e+00 -3.34740e-02  2.42283e+00  2.68753e+00
 4.82000e+01  4.98379e-01 -1.62580e-02  1.75988e+00 -3.26217e-02  2.42170e+00  2.68745e+00
 4.83000e+01  4.98277e-01 -1.57552e-02  1.75904e+00 -3.16194e-02  2.41974e+00  2.68647e+00
 4.84000e+01  4.98180e-01 -1.52333e-02  1.75818e+00 -3.05778e-02  2.41716e+00  2.68481e+00
 4.85000e+01  4.98083e-01 -1.46317e-02  1.75728e+00 -2.93760e-02  2.41617e+00  2.68477e+00
 4.86000e+01  4.97989e-01 -1.40071e-02  1.75636e+00 -2.81274e-02  2.41477e+00  2.68427e+00
 4.87000e+01  4.97901e-01 -1.32709e-02  1.75577e+00 -2.66537e-02  2.41271e+00  2.68305e+00
 4.88000e+01  4.97815e-01 -1.24621e-02  1.75527e+00 -2.50337e-02  2.41242e+00  2.68360e+00
 4.89000e+01  4.97735e-01 -1.16568e-02  1.75463e+00 -2.34197e-02  2.41147e+00  2.68341e+00
 4.90000e+01  4.97663e-01 -1.07678e-02  1.75404e+00 -2.16366e-02  2.40914e+00  2.68176e+00
 4.91000e+01  4.97594e-01 -9.85395e-03  1.75362e+00 -1.98032e-02  2.40922e+00  2.68251e+00
 4.92000e+01  4.97532e-01 -8.81207e-03  1.75344e+00 -1.77116e-02  2.40826e+00  2.68215e+00
 4.93000e+01  4.97476e-01 -7.81179e-03  1.75307e+00 -1.57028e-02  2.40787e+00  2.68230e+00
 4.94000e+01  4.97428e-01 -6.79101e-03  1.75271e+00 -1.36522e-02  2.40754e+00  2.68243e+00
 4.95000e+01  4.97391e-01 -5.67438e-03  1.75260e+00 -1.14083e-02  2.40639e+00  2.68163e+00
 4.96000e+01  4.97359e-01 -4.57450e-03  1.75249e+00 -9.19758e-03  2.40655e+00  2.68209e+00
 4.97000e+01  4.97337e-01 -3.42970e-03  1.75237e+00 -6.89614e-03  2.40565e+00  2.68141e+00
 4.98000e+01  4.97319e-01 -2.34043e-03  1.75226e+00 -4.70610e-03  2.40570e+00  2.68163e+00
 4.99000e+01  4.97308e-01 -1.16134e-03  1.75222e+00 -2.33525e-03  2.40586e+00  2.68190e+00
 5.00000e+01  4.97306e-01  1.41394e-13  1.75222e+00  2.84319e-13  2.40517e+00  2.68122e+00
 5.01000e+01  4.97308e-01  1.16134e-03  1.75222e+00  2.33525e-03  2.40586e+00  2.68190e+00
 5.02000e+01  4.97319e-01  2.34043e-03  1.75226e+00  4.70610e-03  2.40570e+00  2.68163e+00
 5.03000e+01  4.97337e-01  3.42970e-03  1.75237e+00  6.89614e-03  2.40565e+00  2.68141e+00
 5.04000e+01  4.97359e-01  4.57450e-03  1.75249e+00  9.19758e-03  2.40655e+00  2.68209e+00
 5.05000e+01  4.97391e-01  5.67438e-03  1.75260e+00  1.14083e-02  2.40639e+00  2.68163e+00
 5.06000e+01  4.97428e-01  6.79101e-03  1.75271e+00  1.36522e-02  2.40754e+00  2.68243e+00
 5.07000e+01  4.97476e-01  7.81179e-03  1.75307e+00  1.57028e-02  2.40787e+00  2.68230e+00
 5.08000e+01  4.97532e-01  8.81207e-03  1.75344e+00  1.77116e-02  2.40826e+00  2.68215e+00
 5.09000e+01  4.97594e-01  9.85395e-03  1.75362e+00  1.98032e-02  2.40922e+00  2.68251e+00
 5.10000e+01  4.97663e-01  1.07678e-02  1.75404e+00  2.16366e-02  2.40914e+00  2.68176e+00
 5.11000e+01  4.97735e-01  1.16568e-02  1.75463e+00  2.34197e-02  2.41147e+00  2.68341e+00
 5.12000e+01  4.97815e-01  1.24621e-02  1.75527e+00  2.50337e-02  2.41242e+00  2.68360e+00
 5.13000e+01  4.97901e-01  1.32709e-02  1.75577e+00  2.66537e-02  2.41271e+00  2.68305e+00
 5.14000e+01  4.97989e-01  1.40071e-02  1.75636e+00  2.81274e-02  2.41477e+00  2.68427e+00
 5.15000e+01  4.98083e-01  1.46317e-02  1.75728e+00  2.93760e-02  2.41617e+00  2.68477e+00
 5.16000e+01  4.98180e-01  1.52333e-02  1.75818e+00  3.05778e-02  2.41716e+00  2.68481e+00
 5.17000e+01  4.98277e-01  1.57552e-02  1.75904e+00  3.16194e-02  2.41974e+00  2.68647e+00
 5.18000e+01  4.98379e-01  1.62580e-02  1.75988e+00  3.26217e-02  2.42170e+00  2.68745e+00
 5.19000e+01  4.98488e-01  1.66864e-02  1.76084e+00  3.34740e-02  2.42283e+00  2.68753e+00
 5.20000e+01  4.98598e-01  1.70683e-02  1.76171e+00  3.42326e-02  2.42537e+00  2.68902e+00
 5.21000e+01  4.98714e-01  1.74078e-02  1.76252e+00  3.49053e-02  2.42601e+00  2.68852e+00
 5.22000e+01  4.98830e-01  1.76309e-02  1.76364e+00  3.53445e-02  2.42873e+00  2.69012e+00
 5.23000e+01  4.98949e-01  1.78013e-02  1.76470e+00  3.56776e-02  2.43112e+00  2.69136e+00
 5.24000e+01  4.99074e-01  1.79420e-02  1.76555e+00  3.59505e-02  2.43245e+00  2.69148e+00
 5.25000e+01  4.99200e-01  1.79902e-02  1.76675e+00  3.60380e-02  2.43617e+00  2.69398e+00
 5.26000e+01  4.99337e-01  1.80037e-02  1.76787e+00  3.60552e-02  2.43802e+00  2.69449e+00
 5.27000e+01  4.99481e-01  1.80498e-02  1.76852e+00  3.61370e-02  2.43986e+00  2.69492e+00
 5.28000e+01  4.99635e-01  1.80028e-02  1.76949e+00  3.60320e-02  2.44199e+00  2.69556e+00
 5.29000e+01  4.99797e-01  1.78892e-02  1.77061e+00  3.57929e-02  2.44375e+00  2.69574e+00
 5.30000e+01  4.99963e-01  1.77473e-02  1.77162e+00  3.54971e-02  2.44643e+00  2.69679e+00
 5.31000e+01  5.00137e-01  1.74836e-02  1.77309e+00  3.49576e-02  2.44956e+00  2.69822e+00
 5.32000e+01  5.00318e-01  1.71879e-02  1.77449e+00  3.43539e-02  2.45162e+00  2.69850e+00
 5.33000e+01  5.00502e-01  1.68967e-02  1.77547e+00  3.37594e-02  2.45394e+00  2.69901e+00
 5.34000e+01  5.00689e-01  1.64992e-02  1.77684e+00  3.29529e-02  2.45581e+00  2.69905e+00
 5.35000e+01  5.00872e-01  1.60195e-02  1.77843e+00  3.19832e-02  2.45907e+00  2.70050e+00
 5.36000e+01  5.01052e-01  1.55133e-02  1.77984e+00  3.09615e-02  2.46266e+00  2.70232e+00
 5.37000e+01  5.01233e-01  1.49505e-02  1.78127e+00  2.98275e-02  2.46428e+00  2.70215e+00
 5.38000e+01  5.01407e-01  1.43476e-02  1.78274e+00  2.86146e-02  2.46817e+00  2.70432e+00
 5.39000e+01  5.01579e-01  1.36996e-02  1.78434e+00  2.73129e-02  2.46999e+00  2.70444e+00
 5.40000e+01  5.01742e-01  1.30353e-02  1.78587e+00  2.59801e-02  2.47407e+00  2.70689e+00
 5.41000e+01  5.01901e-01  1.24037e-02  1.78724e+00  2.47134e-02  2.47749e+00  2.70871e+00
 5.42000e+01  5.02062e-01  1.17833e-02  1.78860e+00  2.34698e-02  2.47900e+00  2.70863e+00
 5.43000e+01  5.02216e-01  1.11703e-02  1.79012e+00  2.22420e-02  2.48356e+00  2.71164e+00
 5.44000e+01  5.02373e-01  1.05743e-02  1.79165e+00  2.10486e-02  2.48536e+00  2.71187e+00
 5.45000e+01  5.02527e-01  1.01071e-02  1.79284e+00  2.01125e-02  2.48891e+00  2.71387e+00
 5.46000e+01  5.02683e-01  9.65611e-03  1.79410e+00  1.92091e-02  2.49066e+00  2.71406e+00
 5.47000e+01  5.02837e-01  9.21767e-03  1.79534e+00  1.83313e-02  2.49223e+00  2.71410e+00
 5.48000e+01  5.02982e-01  8.82872e-03  1.79652e+00  1.75528e-02  2.49471e+00  2.71512e+00
 5.49000e+01  5.03119e-01  8.32839e-03  1.79786e+00  1.65535e-02  2.49657e+00  2.71560e+00
 5.50000e+01  5.03244e-01  7.90944e-03  1.79896e+00  1.57169e-02  2.50046e+00  2.71822e+00
 5.51000e+01  5.03366e-01  7.45171e-03  1.80009e+00  1.48038e-02  2.50136e+00  2.71790e+00
 5.52000e+01  5.03477e-01  6.98481e-03  1.80118e+00  1.38732e-02  2.50370e+00  2.71911e+00
 5.53000e+01  5.03579e-01  6.59414e-03  1.80206e+00  1.30946e-02  2.50531e+00  2.71968e+00
 5.54000e+01  5.03671e-01  6.12781e-03  1.80294e+00  1.21663e-02  2.50644e+00  2.71989e+00
 5.55000e+01  5.03749e-01  5.67881e-03  1.80375e+00  1.12731e-02  2.50792e+00  2.72057e+00
 5.56000e+01  5.03814e-01  5.15811e-03  1.80448e+00  1.02381e-02  2.50870e+00  2.72071e+00
 5.57000e+01  5.03860e-01  4.63162e-03  1.80508e+00  9.19227e-03  2.51142e+00  2.72293e+00
 5.58000e+01  5.03899e-01  4.06471e-03  1.80566e+00  8.06653e-03  2.51209e+00  2.72320e+00
 5.59000e+01  5.03927e-01  3.50419e-03  1.80611e+00  6.95376e-03  2.51331e+00  2.72412e+00
 5.60000e+01  5.03949e-01  3.04886e-03  1.80638e+00  6.04993e-03  2.51437e+00  2.72496e+00
 5.61000e+01  5.03966e-01  2.59500e-03  1.80661e+00  5.14915e-03  2.51414e+00  2.72455e+00
 5.62000e+01  5.03976e-01  2.16965e-03  1.80676e+00  4.30506e-03  2.51482e+00  2.72512e+00
 5.63000e+01  5.03981e-01  1.78369e-03  1.80680e+00  3.53921e-03  2.51501e+00  2.72526e+00
 5.64000e+01  5.03981e-01  1.42479e-03  1.80678e+00  2.82707e-03  2.51453e+00  2.72479e+00
 5.65000e+01  5.03974e-01  1.01254e-03  1.80669e+00  2.00912e-03  2.51515e+00  2.72547e+00
 5.66000e+01  5.03964e-01  5.98584e-04  1.80656e+00  1.18775e-03  2.51555e+00  2.72596e+00
 5.67000e+01  5.03956e-01  1.87990e-04  1.80642e+00  3.73028e-04  2.51488e+00  2.72538e+00
 5.68000e+01  5.03946e-01 -2.42510e-04  1.80626e+00 -4.81223e-04  2.51499e+00  2.72559e+00
 5.69000e+01  5.03936e-01 -6.84819e-04  1.80611e+00 -1.35894e-03  2.51367e+00  2.72439e+00
 5.70000e+01  5.03922e-01 -1.08076e-03  1.80593e+00 -2.14471e-03  2.51369e+00  2.72455e+00
 5.71000e+01  5.03903e-01 -1.48824e-03  1.80573e+00 -2.95341e-03  2.51377e+00  2.72481e+00
 5.72000e+01  5.03885e-01 -1.96336e-03  1.80551e+00 -3.89645e-03  2.51137e+00  2.72263e+00
 5.73000e+01  5.03853e-01 -2.39572e-03  1.80521e+00 -4.75479e-03  2.51280e+00  2.72435e+00
 5.74000e+01  5.03821e-01 -2.89768e-03  1.80488e+00 -5.75140e-03  2.51287e+00  2.72474e+00
 5.75000e+01  5.03793e-01 -3.38438e-03  1.80458e+00 -6.71779e-03  2.50874e+00  2.72095e+00
 5.76000e+01  5.03747e-01 -3.87332e-03  1.80417e+00 -7.68901e-03  2.50875e+00  2.72141e+00
 5.77000e+01  5.03689e-01 -4.41241e-03  1.80359e+00 -8.76019e-03  2.50831e+00  2.72155e+00
 5.78000e+01  5.03623e-01 -4.97903e-03  1.80286e+00 -9.88642e-03  2.50525e+00  2.71920e+00
 5.79000e+01  5.03538e-01 -5.56772e-03  1.80201e+00 -1.10572e-02  2.50456e+00  2.71936e+00
 5.80000e+01  5.03440e-01 -6.09322e-03  1.80113e+00 -1.21032e-02  2.50241e+00  2.71820e+00
 5.81000e+01  5.03327e-01 -6.72894e-03  1.79987e+00 -1.33689e-02  2.49949e+00  2.71644e+00
 5.82000e+01  5.03195e-01 -7.31416e-03  1.79851e+00 -1.45354e-02  2.49731e+00  2.71559e+00
 5.83000e+01  5.03048e-01 -7.79430e-03  1.79730e+00 -1.54942e-02  2.49552e+00  2.71527e+00
 5.84000e+01  5.02889e-01 -8.34206e-03  1.79588e+00 -1.65883e-02  2.49346e+00  2.71481e+00
 5.85000e+01  5.02722e-01 -8.87064e-03  1.79440e+00 -1.76452e-02  2.49008e+00  2.71311e+00
 5.86000e+01  5.02546e-01 -9.43461e-03  1.79290e+00 -1.87736e-02  2.48889e+00  2.71366e+00
 5.87000e+01  5.02371e-01 -1.00532e-02  1.79137e+00 -2.00115e-02  2.48585e+00  2.71238e+00
 5.88000e+01  5.02197e-01 -1.07012e-02  1.78983e+00 -2.13087e-02  2.48116e+00  2.70944e+00
 5.89000e+01  5.02016e-01 -1.14115e-02  1.78818e+00 -2.27313e-02  2.47967e+00  2.70975e+00
 5.90000e+01  5.01836e-01 -1.21135e-02  1.78678e+00 -2.41383e-02  2.47688e+00  2.70875e+00
 5.91000e+01  5.01660e-01 -1.28525e-02  1.78538e+00 -2.56200e-02  2.47404e+00  2.70766e+00
 5.92000e+01  5.01488e-01 -1.36891e-02  1.78366e+00 -2.72969e-02  2.47039e+00  2.70573e+00
 5.93000e+01  5.01317e-01 -1.45178e-02  1.78197e+00 -2.89593e-02  2.46612e+00  2.70316e+00
 5.94000e+01  5.01141e-01 -1.53348e-02  1.78038e+00 -3.05997e-02  2.46374e+00  2.70252e+00
 5.95000e+01  5.00966e-01 -1.61426e-02  1.77884e+00 -3.22230e-02  2.45905e+00  2.69957e+00
 5.96000e+01  5.00780e-01 -1.69241e-02  1.77718e+00 -3.37955e-02  2.45548e+00  2.69783e+00
 5.97000e+01  5.00583e-01 -1.77358e-02  1.77515e+00 -3.54303e-02  2.45238e+00  2.69667e+00
 5.98000e+01  5.00380e-01 -1.84992e-02  1.77341e+00 -3.69702e-02  2.44820e+00  2.69448e+00
 5.99000e+01  5.00165e-01 -1.92110e-02  1.77173e+00 -3.84093e-02  2.44539e+00  2.69378e+00
 6.00000e+01  4.99943e-01 -2.00214e-02  1.76928e+00 -4.00474e-02  2.44145e+00  2.69201e+00
 6.01000e+01  4.99717e-01 -2.07594e-02  1.76727e+00 -4.15423e-02  2.43742e+00  2.69018e+00
 6.02000e+01  4.99487e-01 -2.14423e-02  1.76562e+00 -4.29286e-02  2.43439e+00  2.68939e+00
 6.03000e+01  4.99257e-01 -2.22237e-02  1.76322e+00 -4.45136e-02  2.43014e+00  2.68738e+00
 6.04000e+01  4.99026e-01 -2.29375e-02  1.76102e+00 -4.59646e-02  2.42650e+00  2.68597e+00
 6.05000e+01  4.98800e-01 -2.36367e-02  1.75913e+00 -4.73872e-02  2.42332e+00  2.68498e+00
 6.06000e+01  4.98582e-01 -2.43252e-02  1.75707e+00 -4.87889e-02  2.41845e+00  2.68220e+00
 6.07000e+01  4.98366e-01 -2.49784e-02  1.75496e+00 -5.01206e-02  2.41470e+00  2.68053e+00
 6.08000e+01  4.98154e-01 -2.55987e-02  1.75292e+00 -5.13872e-02  2.41105e+00  2.67892e+00
 6.09000e+01  4.97947e-01 -2.61394e-02  1.75128e+00 -5.24943e-02  2.40791e+00  2.67776e+00
 6.10000e+01  4.97748e-01 -2.66402e-02  1.74957e+00 -5.35214e-02  2.40480e+00  2.67656e+00
 6.11000e+01  4.97556e-01 -2.71311e-02  1.74740e+00 -5.45287e-02  2.40060e+00  2.67417e+00
 6.12000e+01  4.97372e-01 -2.75395e-02  1.74580e+00 -5.53699e-02  2.39698e+00  2.67231e+00
 6.13000e+01  4.97192e-01 -2.78560e-02  1.74441e+00 -5.60267e-02  2.39304e+00  2.67006e+00
 6.14000e+01  4.97010e-01 -2.82051e-02  1.74241e+00 -5.67496e-02  2.39056e+00  2.66932e+00
 6.15000e+01  4.96832e-01 -2.84359e-02  1.74090e+00 -5.72345e-02  2.38697e+00  2.66740e+00
 6.16000e+01  4.96655e-01 -2.86500e-02  1.73922e+00 -5.76860e-02  2.38293e+00  2.66502e+00
 6.17000e+01  4.96474e-01 -2.88477e-02  1.73731e+00 -5.81051e-02  2.38034e+00  2.66414e+00
 6.18000e+01  4.96295e-01 -2.89279e-02  1.73582e+00 -5.82878e-02  2.37657e+00  2.66204e+00
 6.19000e+01  4.96113e-01 -2.90373e-02  1.73405e+00 -5.85296e-02  2.37260e+00  2.65976e+00
 6.20000e+01  4.95924e-01 -2.90330e-02  1.73255e+00 -5.85433e-02  2.36999e+00  2.65893e+00
 6.21000e+01  4.95730e-01 -2.90251e-02  1.73079e+00 -5.85502e-02  2.36667e+00  2.65743e+00
 6.22000e+01  4.95532e-01 -2.89894e-02  1.72893e+00 -5.85015e-02  2.36223e+00  2.65480e+00
 6.23000e+01  4.95325e-01 -2.88483e-02  1.72756e+00 -5.82410e-02  2.36117e+00  2.65572e+00
 6.24000e+01  4.95121e-01 -2.87403e-02  1.72584e+00 -5.80471e-02  2.35768e+00  2.65413e+00
 6.25000e+01  4.94917e-01 -2.85742e-02  1.72412e+00 -5.77353e-02  2.35307e+00  2.65137e+00
 6.26000e+01  4.94708e-01 -2.84016e-02  1.72230e+00 -5.74109e-02  2.35130e+00  2.65158e+00
 6.27000e+01  4.94503e-01 -2.82123e-02  1.72013e+00 -5.70518e-02  2.34556e+00  2.64768e+00
 6.28000e+01  4.94293e-01 -2.79641e-02  1.71813e+00 -5.65740e-02  2.34229e+00  2.64635e+00
 6.29000e+01  4.94079e-01 -2.76352e-02  1.71666e+00 -5.59326e-02  2.34030e+00  2.64635e+00
 6.30000e+01  4.93870e-01 -2.72598e-02  1.71499e+00 -5.51962e-02  2.33552e+00  2.64346e+00
 6.31000e+01  4.93656e-01 -2.69012e-02  1.71293e+00 -5.44939e-02  2.33290e+00  2.64282e+00
 6.32000e+01  4.93444e-01 -2.64466e-02  1.71126e+00 -5.35959e-02  2.32885e+00  2.64069e+00
 6.33000e+01  4.93231e-01 -2.60089e-02  1.70927e+00 -5.27317e-02  2.32618e+00  2.63998e+00
 6.34000e+01  4.93023e-01 -2.55329e-02  1.70751e+00 -5.17885e-02  2.32310e+00  2.63881e+00
 6.35000e+01  4.92822e-01 -2.49775e-02  1.70629e+00 -5.06826e-02  2.31897e+00  2.63647e+00
 6.36000e+01  4.92620e-01 -2.44951e-02  1.70437e+00 -4.97242e-02  2.31668e+00  2.63604e+00
 6.37000e+01  4.92424e-01 -2.39873e-02  1.70225e+00 -4.87128e-02  2.31135e+00  2.63242e+00
 6.38000e+01  4.92225e-01 -2.34370e-02  1.70076e+00 -4.76143e-02  2.30922e+00  2.63211e+00
 6.39000e+01  4.92030e-01 -2.28248e-02  1.69953e+00 -4.63890e-02  2.30686e+00  2.63154e+00
 6.40000e+01  4.91839e-01 -2.22618e-02  1.69777e+00 -4.52624e-02  2.30333e+00  2.62970e+00
 6.41000e+01  4.91651e-01 -2.16846e-02  1.69619e+00 -4.41056e-02  2.30099e+00  2.62907e+00
 6.42000e+01  4.91471e-01 -2.10511e-02  1.69486e+00 -4.28329e-02  2.29717e+00  2.62683e+00
 6.43000e+01  4.91292e-01 -2.05010e-02  1.69312e+00 -4.17288e-02  2.29488e+00  2.62616e+00
 6.44000e+01  4.91120e-01 -1.98597e-02  1.69186e+00 -4.04377e-02  2.29158e+00  2.62437e+00
 6.45000e+01  4.90949e-01 -1.92446e-02  1.69061e+00 -3.91987e-02  2.28986e+00  2.62421e+00
 6.46000e+01  4.90786e-01 -1.86687e-02  1.68910e+00 -3.80383e-02  2.28641e+00  2.62217e+00
 6.47000e+01  4.90627e-01 -1.80695e-02  1.68776e+00 -3.68294e-02  2.28370e+00  2.62087e+00
 6.48000e+01  4.90470e-01 -1.75071e-02  1.68635e+00 -3.56945e-02  2.28180e+00  2.62038e+00
 6.49000e+01  4.90321e-01 -1.69348e-02  1.68503e+00 -3.45381e-02  2.27876e+00  2.61864e+00
 6.50000e+01  4.90175e-01 -1.63629e-02  1.68400e+00 -3.33817e-02  2.27842e+00  2.61965e+00
 6.51000e+01  4.90045e-01 -1.58023e-02  1.68298e+00 -3.22467e-02  2.27528e+00  2.61762e+00
 6.52000e+01  4.89923e-01 -1.53282e-02  1.68167e+00 -3.12869e-02  2.27386e+00  2.61730e+00
 6.53000e+01  4.89816e-01 -1.48378e-02  1.68065e+00 -3.02926e-02  2.27283e+00  2.61724e+00
 6.54000e+01  4.89727e-01 -1.43305e-02  1.68000e+00 -2.92622e-02  2.27118e+00  2.61636e+00
 6.55000e+01  4.89656e-01 -1.38634e-02  1.67938e+00 -2.83125e-02  2.27001e+00  2.61581e+00
 6.56000e+01  4.89602e-01 -1.33863e-02  1.67898e+00 -2.73411e-02  2.26974e+00  2.61604e+00
 6.57000e+01  4.89569e-01 -1.29453e-02  1.67874e+00 -2.64423e-02  2.26995e+00  2.61657e+00
 6.58000e+01  4.89561e-01 -1.25440e-02  1.67871e+00 -2.56229e-02  2.26887e+00  2.61552e+00
 6.59000e+01  4.89572e-01 -1.21700e-02  1.67873e+00 -2.48585e-02  2.27045e+00  2.61707e+00
 6.60000e+01  4.89611e-01 -1.18937e-02  1.67869e+00 -2.42922e-02  2.26978e+00  2.61600e+00
 6.61000e+01  4.89673e-01 -1.15799e-02  1.67921e+00 -2.36482e-02  2.27064e+00  2.61631e+00
 6.62000e+01  4.89757e-01 -1.12334e-02  1.68002e+00 -2.29367e-02  2.27253e+00  2.61748e+00
 6.63000e+01  4.89866e-01 -1.10448e-02  1.68059e+00 -2.25465e-02  2.27323e+00  2.61718e+00
 6.64000e+01  4.89996e-01 -1.07886e-02  1.68156e+00 -2.20178e-02  2.27584e+00  2.61867e+00
 6.65000e+01  4.90151e-01 -1.05917e-02  1.68263e+00 -2.16090e-02  2.27753e+00  2.61896e+00
 6.66000e+01  4.90327e-01 -1.04626e-02  1.68375e+00 -2.13381e-02  2.28008e+00  2.61995e+00
 6.67000e+01  4.90526e-01 -1.02369e-02  1.68538e+00 -2.08692e-02  2.28280e+00  2.62088e+00
 6.68000e+01  4.90745e-01 -1.01123e-02  1.68699e+00 -2.06060e-02  2.28655e+00  2.62271e+00
 6.69000e+01  4.90986e-01 -9.99499e-03  1.68871e+00 -2.03570e-02  2.28955e+00  2.62353e+00
 6.70000e+01  4.91248e-01 -9.87777e-03  1.69070e+00 -2.01075e-02  2.29207e+00  2.62367e+00
 6.71000e+01  4.91519e-01 -9.79801e-03  1.69272e+00 -1.99341e-02  2.29710e+00  2.62630e+00
 6.72000e+01  4.91807e-01 -9.70430e-03  1.69497e+00 -1.97319e-02  2.30166e+00  2.62828e+00
 6.73000e+01  4.92112e-01 -9.62790e-03  1.69733e+00 -1.95645e-02  2.30571e+00  2.62957e+00
 6.74000e+01  4.92429e-01 -9.59236e-03  1.69971e+00 -1.94797e-02  2.31067e+00  2.63167e+00
 6.75000e+01  4.92760e-01 -9.51804e-03  1.70236e+00 -1.93158e-02  2.31565e+00  2.63365e+00
 6.76000e+01  4.93103e-01 -9.47185e-03  1.70495e+00 -1.92087e-02  2.32103e+00  2.63591e+00
 6.77000e+01  4.93458e-01 -9.45804e-03  1.70766e+00 -1.91669e-02  2.32650e+00  2.63814e+00
 6.78000e+01  4.93826e-01 -9.33069e-03  1.71076e+00 -1.88947e-02  2.33195e+00  2.64022e+00
 6.79000e+01  4.94203e-01 -9.32114e-03  1.71355e+00 -1.88609e-02  2.33708e+00  2.64187e+00
 6.80000e+01  4.94585e-01 -9.30413e-03  1.71633e+00 -1.88120e-02  2.34231e+00  2.64357e+00
 6.81000e+01  4.94969e-01 -9.18256e-03  1.71935e+00 -1.85518e-02  2.34975e+00  2.64749e+00
 6.82000e+01  4.95364e-01 -9.11791e-03  1.72227e+00 -1.84065e-02  2.35443e+00  2.64848e+00
 6.83000e+01  4.95761e-01 -8.92630e-03  1.72538e+00 -1.80053e-02  2.36041e+00  2.65076e+00
 6.84000e+01  4.96158e-01 -8.69915e-03  1.72859e+00 -1.75330e-02  2.36747e+00  2.65412e+00
 6.85000e+01  4.96560e-01 -8.47124e-03  1.73168e+00 -1.70599e-02  2.37275e+00  2.65562e+00
 6.86000e+01  4.96959e-01 -8.19554e-03  1.73475e+00 -1.64914e-02  2.38015e+00  2.65927e+00
 6.87000e+01  4.97364e-01 -7.90624e-03  1.73791e+00 -1.58963e-02  2.38526e+00  2.66054e+00
 6.88000e+01  4.97765e-01 -7.53279e-03  1.74114e+00 -1.51332e-02  2.39201e+00  2.66348e+00
 6.89000e+01  4.98165e-01 -7.17475e-03  1.74430e+00 -1.44024e-02  2.39818e+00  2.66585e+00
 6.90000e+01  4.98561e-01 -6.77075e-03  1.74751e+00 -1.35806e-02  2.40437e+00  2.66825e+00
 6.91000e+01  4.98952e-01 -6.35033e-03  1.75070e+00 -1.27273e-02  2.41193e+00  2.67206e+00
 6.92000e+01  4.99344e-01 -6.00132e-03  1.75374e+00 -1.20184e-02  2.41719e+00  2.67354e+00
 6.93000e+01  4.99732e-01 -5.62899e-03  1.75678e+00 -1.12640e-02  2.42409e+00  2.67668e+00
 6.94000e+01  5.00120e-01 -5.23267e-03  1.75996e+00 -1.04628e-02  2.42886e+00  2.67769e+00
 6.95000e+01  5.00497e-01 -4.85054e-03  1.76298e+00 -9.69145e-03  2.43455e+00  2.67972e+00
 6.96000e+01  5.00860e-01 -4.55835e-03  1.76577e+00 -9.10104e-03  2.44050e+00  2.68212e+00
 6.97000e+01  5.01211e-01 -4.23780e-03  1.76852e+00 -8.45514e-03  2.44482e+00  2.68301e+00
 6.98000e+01  5.01541e-01 -3.91937e-03  1.77113e+00 -7.81466e-03  2.45150e+00  2.68643e+00
 6.99000e+01  5.01858e-01 -3.62574e-03  1.77362e+00 -7.22464e-03  2.45668e+00  2.68849e+00
 7.00000e+01  5.02161e-01 -3.33698e-03  1.77597e+00 -6.64524e-03  2.46118e+00  2.68999e+00
 7.01000e+01  5.02450e-01 -3.11150e-03  1.77819e+00 -6.19265e-03  2.46588e+00  2.69182e+00
 7.02000e+01  5.02724e-01 -2.81315e-03  1.78035e+00 -5.59582e-03  2.46974e+00  2.69297e+00
 7.03000e+01  5.02979e-01 -2.59146e-03  1.78232e+00 -5.15222e-03  2.47418e+00  2.69487e+00
 7.04000e+01  5.03217e-01 -2.37137e-03  1.78415e+00 -4.71242e-03  2.47878e+00  2.69708e+00
 7.05000e+01  5.03442e-01 -2.13617e-03  1.78592e+00 -4.24312e-03  2.48236e+00  2.69840e+00
 7.06000e+01  5.03655e-01 -1.93262e-03  1.78760e+00 -3.83719e-03  2.48538e+00  2.69929e+00
 7.07000e+01  5.03852e-01 -1.74451e-03  1.78911e+00 -3.46235e-03  2.48977e+00  2.70169e+00
 7.08000e+01  5.04040e-01 -1.66510e-03  1.79051e+00 -3.30350e-03  2.49314e+00  2.70315e+00
 7.09000e+01  5.04222e-01 -1.44318e-03  1.79192e+00 -2.86220e-03  2.49445e+00  2.70266e+00
 7.10000e+01  5.04387e-01 -1.24353e-03  1.79320e+00 -2.46543e-03  2.49769e+00  2.70422e+00
 7.11000e+01  5.04539e-01 -1.06278e-03  1.79435e+00 -2.10644e-03  2.50049e+00  2.70547e+00
 7.12000e+01  5.04681e-01 -8.65789e-04  1.79539e+00 -1.71552e-03  2.50253e+00  2.70609e+00
 7.13000e+01  5.04810e-01 -7.43602e-04  1.79633e+00 -1.47303e-03  2.50497e+00  2.70721e+00
 7.14000e+01  5.04930e-01 -5.15250e-04  1.79720e+00 -1.02044e-03  2.50729e+00  2.70831e+00
 7.15000e+01  5.05042e-01 -3.64924e-04  1.79801e+00 -7.22562e-04  2.50937e+00  2.70924e+00
 7.16000e+01  5.05149e-01 -2.14215e-04  1.79878e+00 -4.24063e-04  2.50978e+00  2.70858e+00
 7.17000e+01  5.05244e-01 -1.90382e-05  1.79945e+00 -3.76813e-05  2.51221e+00  2.71004e+00
 7.18000e+01  5.05331e-01  1.26367e-04  1.80006e+00  2.50068e-04  2.51386e+00  2.71079e+00
 7.19000e+01  5.05414e-01  2.43256e-04  1.80064e+00  4.81301e-04  2.51516e+00  2.71124e+00
 7.20000e+01  5.05491e-01  3.29680e-04  1.80117e+00  6.52197e-04  2.51704e+00  2.71232e+00
 7.21000e+01  5.05568e-01  4.87922e-04  1.80170e+00  9.65097e-04  2.51717e+00  2.71170e+00
 7.22000e+01  5.05637e-01  5.59209e-04  1.80218e+00  1.10595e-03  2.51889e+00  2.71269e+00
 7.23000e+01  5.05704e-01  6.09143e-04  1.80264e+00  1.20454e-03  2.52027e+00  2.71339e+00
 7.24000e+01  5.05769e-01  7.12493e-04  1.80309e+00  1.40873e-03  2.52153e+00  2.71397e+00
 7.25000e+01  5.05836e-01  7.51817e-04  1.80355e+00  1.48629e-03  2.52199e+00  2.71377e+00
 7.26000e+01  5.05899e-01  8.08609e-04  1.80399e+00  1.59836e-03  2.52242e+00  2.71356e+00
 7.27000e+01  5.05957e-01  8.37299e-04  1.80439e+00  1.65488e-03  2.52269e+00  2.71325e+00
 7.28000e+01  5.06005e-01  8.78910e-04  1.80470e+00  1.73696e-03  2.52317e+00  2.71325e+00
 7.29000e+01  5.06042e-01  9.40244e-04  1.80492e+00  1.85804e-03  2.52485e+00  2.71452e+00
 7.30000e+01  5.06075e-01  9.93109e-04  1.80509e+00  1.96237e-03  2.52456e+00  2.71391e+00
 7.31000e+01  5.06100e-01  1.06228e-03  1.80518e+00  2.09895e-03  2.52485e+00  2.71395e+00
 7.32000e+01  5.06117e-01  1.07336e-03  1.80521e+00  2.12078e-03  2.52373e+00  2.71268e+00
 7.33000e+01  5.06119e-01  1.05839e-03  1.80511e+00  2.09119e-03  2.52396e+00  2.71290e+00
 7.34000e+01  5.06107e-01  1.07293e-03  1.80486e+00  2.11996e-03  2.52551e+00  2.71452e+00
 7.35000e+01  5.06093e-01  1.06606e-03  1.80460e+00  2.10645e-03  2.52366e+00  2.71286e+00
 7.36000e+01  5.06069e-01  1.02258e-03  1.80425e+00  2.02064e-03  2.52356e+00  2.71300e+00
 7.37000e+01  5.06037e-01  1.00744e-03  1.80383e+00  1.99085e-03  2.52328e+00  2.71304e+00
 7.38000e+01  5.06002e-01  9.07906e-04  1.80339e+00  1.79427e-03  2.52302e+00  2.71313e+00
 7.39000e+01  5.05965e-01  7.91879e-04  1.80294e+00  1.56509e-03  2.52278e+00  2.71326e+00
 7.40000e+01  5.05930e-01  6.45958e-04  1.80252e+00  1.27677e-03  2.52119e+00  2.71205e+00
 7.41000e+01  5.05893e-01  4.37052e-04  1.80207e+00  8.63922e-04  2.52140e+00  2.71262e+00
 7.42000e+01  5.05859e-01  2.95708e-04  1.80163e+00  5.84566e-04  2.52082e+00  2.71239e+00
 7.43000e+01  5.05830e-01  5.36225e-05  1.80123e+00  1.06009e-04  2.51960e+00  2.71148e+00
 7.44000e+01  5.05803e-01 -1.51925e-04  1.80084e+00 -3.00364e-04  2.51820e+00  2.71038e+00
 7.45000e+01  5.05774e-01 -3.78406e-04  1.80041e+00 -7.48172e-04  2.51743e+00  2.70992e+00
 7.46000e+01  5.05742e-01 -6.40116e-04  1.79995e+00 -1.26570e-03  2.51682e+00  2.70963e+00
 7.47000e+01  5.05709e-01 -8.15362e-04  1.79948e+00 -1.61231e-03  2.51555e+00  2.70872e+00
 7.48000e+01  5.05672e-01 -1.00466e-03  1.79898e+00 -1.98677e-03  2.51511e+00  2.70865e+00
 7.49000e+01  5.05634e-01 -1.13861e-03  1.79848e+00 -2.25185e-03  2.51290e+00  2.70686e+00
 7.50000e+01  5.05587e-01 -1.33080e-03  1.79790e+00 -2.63219e-03  2.51197e+00  2.70642e+00
 7.51000e+01  5.05532e-01 -1.45657e-03  1.79726e+00 -2.88126e-03  2.51107e+00  2.70608e+00
 7.52000e+01  5.05471e-01 -1.58984e-03  1.79656e+00 -3.14527e-03  2.50938e+00  2.70503e+00
 7.53000e+01  5.05401e-01 -1.72021e-03  1.79580e+00 -3.40365e-03  2.50857e+00  2.70493e+00
 7.54000e+01  5.05326e-01 -1.74316e-03  1.79504e+00 -3.44958e-03  2.50652e+00  2.70366e+00
 7.55000e+01  5.05242e-01 -1.86450e-03  1.79417e+00 -3.69031e-03  2.50589e+00  2.70386e+00
 7.56000e+01  5.05157e-01 -1.95638e-03  1.79327e+00 -3.87283e-03  2.50389e+00  2.70275e+00
 7.57000e+01  5.05067e-01 -2.04616e-03  1.79234e+00 -4.05126e-03  2.50239e+00  2.70215e+00
 7.58000e+01  5.04976e-01 -2.15015e-03  1.79138e+00 -4.25793e-03  2.50030e+00  2.70100e+00
 7.59000e+01  5.04880e-01 -2.24243e-03  1.79039e+00 -4.44152e-03  2.49821e+00  2.69989e+00
 7.60000e+01  5.04780e-01 -2.33076e-03  1.78937e+00 -4.61738e-03  2.49771e+00  2.70038e+00
 7.61000e+01  5.04684e-01 -2.41587e-03  1.78838e+00 -4.78689e-03  2.49408e+00  2.69777e+00
 7.62000e+01  5.04581e-01 -2.52808e-03  1.78733e+00 -5.01025e-03  2.49316e+00  2.69787e+00
 7.63000e+01  5.04478e-01 -2.63785e-03  1.78627e+00 -5.22888e-03  2.49129e+00  2.69704e+00
 7.64000e+01  5.04376e-01 -2.77348e-03  1.78521e+00 -5.49883e-03  2.48799e+00  2.69480e+00
 7.65000e+01  5.04268e-01 -2.86565e-03  1.78411e+00 -5.68278e-03  2.48613e+00  2.69402e+00
 7.66000e+01  5.04155e-01 -2.95325e-03  1.78295e+00 -5.85781e-03  2.48312e+00  2.69218e+00
 7.67000e+01  5.04032e-01 -2.98831e-03  1.78175e+00 -5.92881e-03  2.48095e+00  2.69125e+00
 7.68000e+01  5.03901e-01 -2.94735e-03  1.78050e+00 -5.84907e-03  2.47925e+00  2.69086e+00
 7.69000e+01  5.03765e-01 -2.97971e-03  1.77915e+00 -5.91488e-03  2.47640e+00  2.68937e+00
 7.70000e+01  5.03624e-01 -2.96807e-03  1.77778e+00 -5.89343e-03  2.47270e+00  2.68711e+00
 7.71000e+01  5.03471e-01 -2.97563e-03  1.77628e+00 -5.91024e-03  2.47075e+00  2.68667e+00
 7.72000e+01  5.03311e-01 -3.08537e-03  1.77464e+00 -6.13014e-03  2.46666e+00  2.68419e+00
 7.73000e+01  5.03140e-01 -3.08125e-03  1.77303e+00 -6.12405e-03  2.46375e+00  2.68299e+00
 7.74000e+01  5.02959e-01 -3.13141e-03  1.77128e+00 -6.22597e-03  2.46208e+00  2.68310e+00
 7.75000e+01  5.02778e-01 -3.24422e-03  1.76943e+00 -6.45260e-03  2.45646e+00  2.67931e+00
 7.76000e+01  5.02584e-01 -3.21366e-03  1.76764e+00 -6.39428e-03  2.45332e+00  2.67809e+00
 7.77000e+01  5.02379e-01 -3.18390e-03  1.76575e+00 -6.33764e-03  2.45078e+00  2.67755e+00
 7.78000e+01  5.02172e-01 -3.17442e-03  1.76375e+00 -6.32138e-03  2.44669e+00  2.67552e+00
 7.79000e+01  5.01960e-01 -3.06586e-03  1.76181e+00 -6.10778e-03  2.44284e+00  2.67376e+00
 7.80000e+01  5.01743e-01 -2.90547e-03  1.75984e+00 -5.79076e-03  2.43903e+00  2.67208e+00
 7.81000e+01  5.01522e-01 -2.77953e-03  1.75777e+00 -5.54220e-03  2.43534e+00  2.67055e+00
 7.82000e+01  5.01299e-01 -2.52237e-03  1.75575e+00 -5.03166e-03  2.43096e+00  2.66836e+00
 7.83000e+01  5.01071e-01 -2.24145e-03  1.75368e+00 -4.47332e-03  2.42739e+00  2.66701e+00
 7.84000e+01  5.00841e-01 -1.90625e-03  1.75162e+00 -3.80610e-03  2.42325e+00  2.66511e+00
 7.85000e+01  5.00609e-01 -1.45150e-03  1.74956e+00 -2.89946e-03  2.41884e+00  2.66295e+00
 7.86000e+01  5.00374e-01 -1.04175e-03  1.74744e+00 -2.08194e-03  2.41514e+00  2.66154e+00
 7.87000e+01  5.00136e-01 -5.00822e-04  1.74533e+00 -1.00137e-03  2.41026e+00  2.65894e+00
 7.88000e+01  4.99893e-01  1.35890e-05  1.74317e+00  2.71838e-05  2.40641e+00  2.65744e+00
 7.89000e+01  4.99647e-01  5.87501e-04  1.74097e+00  1.17583e-03  2.40215e+00  2.65554e+00
 7.90000e+01  4.99398e-01  1.19408e-03  1.73875e+00  2.39104e-03  2.39701e+00  2.65279e+00
 7.91000e+01  4.99141e-01  1.78498e-03  1.73644e+00  3.57611e-03  2.39324e+00  2.65148e+00
 7.92000e+01  4.98881e-01  2.44732e-03  1.73407e+00  4.90561e-03  2.38856e+00  2.64928e+00
 7.93000e+01  4.98618e-01  2.95647e-03  1.73175e+00  5.92932e-03  2.38449e+00  2.64771e+00
 7.94000e+01  4.98354e-01  3.56019e-03  1.72935e+00  7.14391e-03  2.37930e+00  2.64501e+00
 7.95000e+01  4.98086e-01  4.08976e-03  1.72693e+00  8.21095e-03  2.37446e+00  2.64271e+00
 7.96000e+01  4.97813e-01  4.52914e-03  1.72457e+00  9.09807e-03  2.37105e+00  2.64188e+00
 7.97000e+01  4.97544e-01  5.01135e-03  1.72216e+00  1.00722e-02  2.36629e+00  2.63965e+00
 7.98000e+01  4.97276e-01  5.36566e-03  1.71990e+00  1.07901e-02  2.36225e+00  2.63812e+00
 7.99000e+01  4.97014e-01  5.73440e-03  1.71765e+00  1.15377e-02  2.35673e+00  2.63504e+00
 8.00000e+01  4.96750e-01  6.10719e-03  1.71523e+00  1.22943e-02  2.35277e+00  2.63354e+00
 8.01000e+01  4.96489e-01  6.38740e-03  1.71302e+00  1.28651e-02  2.34873e+00  2.63194e+00
 8.02000e+01  4.96232e-01  6.58132e-03  1.71096e+00  1.32626e-02  2.34445e+00  2.63004e+00
 8.03000e+01  4.95979e-01  6.81737e-03  1.70871e+00  1.37453e-02  2.34103e+00  2.62897e+00
 8.04000e+01  4.95736e-01  7.00220e-03  1.70652e+00  1.41249e-02  2.33578e+00  2.62594e+00
 8.05000e+01  4.95495e-01  7.09500e-03  1.70449e+00  1.43190e-02  2.33291e+00  2.62531e+00
 8.06000e+01  4.95265e-01  7.15578e-03  1.70248e+00  1.44484e-02  2.32702e+00  2.62149e+00
 8.07000e+01  4.95032e-01  7.14758e-03  1.70041e+00  1.44386e-02  2.32287e+00  2.61947e+00
 8.08000e+01  4.94796e-01  7.05946e-03  1.69838e+00  1.42674e-02  2.32128e+00  2.62008e+00
 8.09000e+01  4.94572e-01  6.87595e-03  1.69645e+00  1.39028e-02  2.31536e+00  2.61616e+00
 8.10000e+01  4.94345e-01  6.63208e-03  1.69452e+00  1.34159e-02  2.31257e+00  2.61544e+00
 8.11000e+01  4.94123e-01  6.28465e-03  1.69267e+00  1.27188e-02  2.30923e+00  2.61413e+00
 8.12000e+01  4.93907e-01  5.90270e-03  1.69078e+00  1.19510e-02  2.30504e+00  2.61188e+00
 8.13000e+01  4.93693e-01  5.46531e-03  1.68889e+00  1.10703e-02  2.30241e+00  2.61120e+00
 8.14000e+01  4.93488e-01  4.90103e-03  1.68719e+00  9.93142e-03  2.29882e+00  2.60945e+00
 8.15000e+01  4.93290e-01  4.27703e-03  1.68553e+00  8.67042e-03  2.29649e+00  2.60893e+00
 8.16000e+01  4.93104e-01  3.58744e-03  1.68398e+00  7.27523e-03  2.29317e+00  2.60726e+00
 8.17000e+01  4.92930e-01  2.78903e-03  1.68257e+00  5.65806e-03  2.29056e+00  2.60621e+00
 8.18000e+01  4.92767e-01  1.98885e-03  1.68120e+00  4.03609e-03  2.28909e+00  2.60624e+00
 8.19000e+01  4.92624e-01  1.16707e-03  1.67996e+00  2.36909e-03  2.28629e+00  2.60470e+00
 8.20000e+01  4.92498e-01  2.64884e-04  1.67887e+00  5.37837e-04  2.28466e+00  2.60421e+00
 8.21000e+01  4.92391e-01 -6.18697e-04  1.67791e+00 -1.25652e-03  2.28301e+00  2.60352e+00
 8.22000e+01  4.92305e-01 -1.56106e-03  1.67711e+00 -3.17092e-03  2.28099e+00  2.60223e+00
 8.23000e+01  4.92237e-01 -2.52875e-03  1.67643e+00 -5.13726e-03  2.28000e+00  2.60185e+00
 8.24000e+01  4.92188e-01 -3.51422e-03  1.67592e+00 -7.14001e-03  2.27926e+00  2.60156e+00
 8.25000e+01  4.92159e-01 -4.52014e-03  1.67558e+00 -9.18432e-03  2.27883e+00  2.60138e+00
 8.26000e+01  4.92152e-01 -5.58817e-03  1.67534e+00 -1.13546e-02  2.27794e+00  2.60053e+00
 8.27000e+01  4.92163e-01 -6.67744e-03  1.67528e+00 -1.35675e-02  2.27687e+00  2.59932e+00
 8.28000e+01  4.92185e-01 -7.75641e-03  1.67534e+00 -1.57591e-02  2.27763e+00  2.59990e+00
 8.29000e+01  4.92223e-01 -8.91509e-03  1.67550e+00 -1.81119e-02  2.27871e+00  2.60066e+00
 8.30000e+01  4.92280e-01 -1.00157e-02  1.67595e+00 -2.03456e-02  2.27833e+00  2.59973e+00
 8.31000e+01  4.92348e-01 -1.12281e-02  1.67625e+00 -2.28051e-02  2.27930e+00  2.60009e+00
 8.32000e+01  4.92429e-01 -1.24351e-02  1.67665e+00 -2.52525e-02  2.28081e+00  2.60088e+00
 8.33000e+01  4.92527e-01 -1.35876e-02  1.67745e+00 -2.75875e-02  2.28165e+00  2.60083e+00
 8.34000e+01  4.92636e-01 -1.48042e-02  1.67814e+00 -3.00509e-02  2.28352e+00  2.60174e+00
 8.35000e+01  4.92759e-01 -1.59748e-02  1.67878e+00 -3.24192e-02  2.28484e+00  2.60194e+00
 8.36000e+01  4.92894e-01 -1.71561e-02  1.67961e+00 -3.48069e-02  2.28633e+00  2.60220e+00
 8.37000e+01  4.93041e-01 -1.82263e-02  1.68079e+00 -3.69671e-02  2.28841e+00  2.60296e+00
 8.38000e+01  4.93198e-01 -1.93111e-02  1.68175e+00 -3.91549e-02  2.29011e+00  2.60324e+00
 8.39000e+01  4.93361e-01 -2.03480e-02  1.68272e+00 -4.12437e-02  2.29332e+00  2.60499e+00
 8.40000e+01  4.93539e-01 -2.12804e-02  1.68399e+00 -4.31181e-02  2.29545e+00  2.60551e+00
 8.41000e+01  4.93727e-01 -2.22220e-02  1.68490e+00 -4.50087e-02  2.29701e+00  2.60534e+00
 8.42000e+01  4.93921e-01 -2.30214e-02  1.68612e+00 -4.66096e-02  2.30063e+00  2.60722e+00
 8.43000e+01  4.94128e-01 -2.37307e-02  1.68779e+00 -4.80255e-02  2.30274e+00  2.60743e+00
 8.44000e+01  4.94341e-01 -2.43594e-02  1.68934e+00 -4.92766e-02  2.30617e+00  2.60894e+00
 8.45000e+01  4.94560e-01 -2.49190e-02  1.69087e+00 -5.03861e-02  2.31065e+00  2.61145e+00
 8.46000e+01  4.94794e-01 -2.54014e-02  1.69239e+00 -5.13373e-02  2.31294e+00  2.61158e+00
 8.47000e+01  4.95037e-01 -2.58030e-02  1.69402e+00 -5.21233e-02  2.31663e+00  2.61305e+00
 8.48000e+01  4.95290e-01 -2.60911e-02  1.69625e+00 -5.26784e-02  2.32132e+00  2.61544e+00
 8.49000e+01  4.95556e-01 -2.62916e-02  1.69846e+00 -5.30548e-02  2.32551e+00  2.61720e+00
 8.50000e+01  4.95832e-01 -2.65008e-02  1.70000e+00 -5.34472e-02  2.32872e+00  2.61785e+00
 8.51000e+01  4.96119e-01 -2.65676e-02  1.70207e+00 -5.35509e-02  2.33353e+00  2.62002e+00
 8.52000e+01  4.96418e-01 -2.65335e-02  1.70470e+00 -5.34499e-02  2.33823e+00  2.62197e+00
 8.53000e+01  4.96727e-01 -2.64353e-02  1.70719e+00 -5.32190e-02  2.34202e+00  2.62287e+00
 8.54000e+01  4.97039e-01 -2.62636e-02  1.70944e+00 -5.28401e-02  2.34778e+00  2.62575e+00
 8.55000e+01  4.97360e-01 -2.60354e-02  1.71174e+00 -5.23471e-02  2.35133e+00  2.62628e+00
 8.56000e+01  4.97683e-01 -2.56834e-02  1.71433e+00 -5.16060e-02  2.35650e+00  2.62843e+00
 8.57000e+01  4.98007e-01 -2.52744e-02  1.71685e+00 -5.07511e-02  2.36200e+00  2.63090e+00
 8.58000e+01  4.98335e-01 -2.47765e-02  1.71949e+00 -4.97186e-02  2.36706e+00  2.63287e+00
 8.59000e+01  4.98665e-01 -2.41972e-02  1.72228e+00 -4.85240e-02  2.37327e+00  2.63597e+00
 8.60000e+01  4.99001e-01 -2.35958e-02  1.72483e+00 -4.72861e-02  2.37758e+00  2.63710e+00
 8.61000e+01  4.99338e-01 -2.29355e-02  1.72746e+00 -4.59318e-02  2.38400e+00  2.64033e+00
 8.62000e+01  4.99680e-01 -2.22236e-02  1.73030e+00 -4.44757e-02  2.38770e+00  2.64075e+00
 8.63000e+01  5.00018e-01 -2.15024e-02  1.73281e+00 -4.30032e-02  2.39307e+00  2.64290e+00
 8.64000e+01  5.00351e-01 -2.07539e-02  1.73544e+00 -4.14788e-02  2.39931e+00  2.64595e+00
 8.65000e+01  5.00684e-01 -1.99372e-02  1.73834e+00 -3.98199e-02  2.40286e+00  2.64630e+00
 8.66000e+01  5.01005e-01 -1.91696e-02  1.74067e+00 -3.82623e-02  2.40965e+00  2.64998e+00
 8.67000e+01  5.01324e-01 -1.83696e-02  1.74308e+00 -3.66422e-02  2.41248e+00  2.64973e+00
 8.68000e+01  5.01628e-01 -1.75034e-02  1.74563e+00 -3.48932e-02  2.41856e+00  2.65285e+00
 8.69000e+01  5.01924e-01 -1.66603e-02  1.74798e+00 -3.31929e-02  2.42433e+00  2.65575e+00
 8.70000e+01  5.02215e-01 -1.57475e-02  1.75044e+00 -3.13561e-02  2.42696e+00  2.65554e+00
 8.71000e+01  5.02490e-01 -1.48488e-02  1.75277e+00 -2.95505e-02  2.43421e+00  2.66008e+00
 8.72000e+01  5.02762e-01 -1.39456e-02  1.75502e+00 -2.77380e-02  2.43756e+00  2.66077e+00
 8.73000e+01  5.03025e-01 -1.30625e-02  1.75720e+00 -2.59680e-02  2.44267e+00  2.66328e+00
 8.74000e+01  5.03282e-01 -1.22248e-02  1.75927e+00 -2.42902e-02  2.44731e+00  2.66538e+00
 8.75000e+01  5.03536e-01 -1.14358e-02  1.76119e+00 -2.27110e-02  2.45060e+00  2.66617e+00
 8.76000e+01  5.03783e-01 -1.07219e-02  1.76301e+00 -2.12827e-02  2.45509e+00  2.66821e+00
 8.77000e+01  5.04025e-01 -1.00118e-02  1.76479e+00 -1.98638e-02  2.45748e+00  2.66821e+00
 8.78000e+01  5.04255e-01 -9.37685e-03  1.76650e+00 -1.85954e-02  2.46271e+00  2.67113e+00
 8.79000e+01  5.04482e-01 -8.69616e-03  1.76840e+00 -1.72378e-02  2.46547e+00  2.67164e+00
 8.80000e+01  5.04699e-01 -8.09476e-03  1.77004e+00 -1.60388e-02  2.46880e+00  2.67280e+00
 8.81000e+01  5.04906e-01 -7.57207e-03  1.77153e+00 -1.49970e-02  2.47213e+00  2.67406e+00
 8.82000e+01  5.05104e-01 -6.94903e-03  1.77329e+00 -1.37576e-02  2.47463e+00  2.67460e+00
 8.83000e+01  5.05285e-01 -6.42473e-03  1.77484e+00 -1.27151e-02  2.47835e+00  2.67648e+00
 8.84000e+01  5.05454e-01 -5.95919e-03  1.77615e+00 -1.17898e-02  2.47992e+00  2.67638e+00
 8.85000e+01  5.05603e-01 -5.50476e-03  1.77738e+00 -1.08875e-02  2.48428e+00  2.67919e+00
 8.86000e+01  5.05744e-01 -5.08589e-03  1.77856e+00 -1.00563e-02  2.48603e+00  2.67953e+00
 8.87000e+01  5.05872e-01 -4.67722e-03  1.77962e+00 -9.24585e-03  2.48772e+00  2.67994e+00
 8.88000e+01  5.05984e-01 -4.30153e-03  1.78052e+00 -8.50132e-03  2.49042e+00  2.68147e+00
 8.89000e+01  5.06086e-01 -3.94236e-03  1.78133e+00 -7.78991e-03  2.49106e+00  2.68111e+00
 8.90000e+01  5.06170e-01 -3.59049e-03  1.78200e+00 -7.09344e-03  2.49373e+00  2.68289e+00
 8.91000e+01  5.06245e-01 -3.29604e-03  1.78253e+00 -6.51076e-03  2.49516e+00  2.68356e+00
 8.92000e+01  5.06312e-01 -3.04131e-03  1.78294e+00 -6.00679e-03  2.49678e+00  2.68448e+00
 8.93000e+01  5.06376e-01 -2.76963e-03  1.78334e+00 -5.46951e-03  2.49757e+00  2.68464e+00
 8.94000e+01  5.06434e-01 -2.47899e-03  1.78375e+00 -4.89500e-03  2.49942e+00  2.68587e+00
 8.95000e+01  5.06493e-01 -2.13629e-03  1.78421e+00 -4.21780e-03  2.50128e+00  2.68711e+00
 8.96000e+01  5.06558e-01 -1.85537e-03  1.78466e+00 -3.66270e-03  2.50111e+00  2.68631e+00
 8.97000e+01  5.06622e-01 -1.61227e-03  1.78512e+00 -3.18239e-03  2.50247e+00  2.68700e+00
 8.98000e+01  5.06687e-01 -1.30658e-03  1.78565e+00 -2.57867e-03  2.50257e+00  2.68646e+00
 8.99000e+01  5.06748e-01 -1.06474e-03  1.78612e+00 -2.10113e-03  2.50399e+00  2.68725e+00
 9.00000e+01  5.06807e-01 -8.99675e-04  1.78657e+00 -1.77518e-03  2.50530e+00  2.68796e+00
 9.01000e+01  5.06866e-01 -6.63484e-04  1.78705e+00 -1.30899e-03  2.50546e+00  2.68754e+00
 9.02000e+01  5.06919e-01 -4.18938e-04  1.78749e+00 -8.26439e-04  2.50719e+00  2.68870e+00
 9.03000e+01  5.06973e-01 -2.35790e-04  1.78791e+00 -4.65094e-04  2.50799e+00  2.68896e+00
 9.04000e+01  5.07025e-01 -4.80665e-05  1.78831e+00 -9.48011e-05  2.50844e+00  2.68888e+00
 9.05000e+01  5.07075e-01  8.52880e-05  1.78866e+00  1.68196e-04  2.50912e+00  2.68906e+00
 9.06000e+01  5.07121e-01  2.19165e-04  1.78894e+00  4.32175e-04  2.50932e+00  2.68880e+00
 9.07000e+01  5.07161e-01  3.16184e-04  1.78914e+00  6.23440e-04  2.50967e+00  2.68875e+00
 9.08000e+01  5.07193e-01  3.00105e-04  1.78927e+00  5.91698e-04  2.51068e+00  2.68941e+00
 9.09000e+01  5.07222e-01  2.47997e-04  1.78936e+00  4.88931e-04  2.51043e+00  2.68888e+00
 9.10000e+01  5.07245e-01  1.86599e-04  1.78939e+00  3.67868e-04  2.51054e+00  2.68877e+00
 9.11000e+01  5.07260e-01  1.27438e-04  1.78936e+00  2.51228e-04  2.51092e+00  2.68899e+00
 9.12000e+01  5.07270e-01  1.10167e-04  1.78930e+00  2.17176e-04  2.50906e+00  2.68709e+00
 9.13000e+01  5.07265e-01  1.00869e-04  1.78913e+00  1.98849e-04  2.50977e+00  2.68783e+00
 9.14000e+01  5.07249e-01  1.20048e-04  1.78890e+00  2.36665e-04  2.51000e+00  2.68820e+00
 9.15000e+01  5.07227e-01  1.99235e-04  1.78864e+00  3.92793e-04  2.50809e+00  2.68657e+00
 9.16000e+01  5.07191e-01  1.86081e-04  1.78828e+00  3.66885e-04  2.50848e+00  2.68730e+00
 9.17000e+01  5.07145e-01  2.75403e-04  1.78786e+00  5.43046e-04  2.50791e+00  2.68719e+00
 9.18000e+01  5.07093e-01  4.07716e-04  1.78738e+00  8.04026e-04  2.50747e+00  2.68727e+00
 9.19000e+01  5.07038e-01  3.76357e-04  1.78689e+00  7.42266e-04  2.50716e+00  2.68751e+00
 9.20000e+01  5.06982e-01  4.12842e-04  1.78639e+00  8.14314e-04  2.50674e+00  2.68765e+00
 9.21000e+01  5.06930e-01  4.57820e-04  1.78591e+00  9.03122e-04  2.50637e+00  2.68779e+00
 9.22000e+01  5.06885e-01  4.55736e-04  1.78547e+00  8.99091e-04  2.50436e+00  2.68628e+00
 9.23000e+01  5.06840e-01  4.74608e-04  1.78503e+00  9.36405e-04  2.50340e+00  2.68578e+00
 9.24000e+01  5.06796e-01  5.03587e-04  1.78456e+00  9.93669e-04  2.50195e+00  2.68480e+00
 9.25000e+01  5.06748e-01  5.20797e-04  1.78406e+00  1.02773e-03  2.50102e+00  2.68437e+00
 9.26000e+01  5.06696e-01  5.59843e-04  1.78352e+00  1.10489e-03  2.49967e+00  2.68356e+00
 9.27000e+01  5.06640e-01  6.58789e-04  1.78293e+00  1.30031e-03  2.49806e+00  2.68254e+00
 9.28000e+01  5.06575e-01  7.69457e-04  1.78228e+00  1.51894e-03  2.49780e+00  2.68291e+00
 9.29000e+01  5.06509e-01  9.05183e-04  1.78163e+00  1.78710e-03  2.49538e+00  2.68120e+00
 9.30000e+01  5.06434e-01  1.10691e-03  1.78090e+00  2.18570e-03  2.49436e+00  2.68094e+00
 9.31000e+01  5.06353e-01  1.30198e-03  1.78014e+00  2.57128e-03  2.49354e+00  2.68093e+00
 9.32000e+01  5.06269e-01  1.51332e-03  1.77937e+00  2.98915e-03  2.49156e+00  2.67981e+00
 9.33000e+01  5.06181e-01  1.78167e-03  1.77856e+00  3.51982e-03  2.49078e+00  2.67991e+00
 9.34000e+01  5.06093e-01  2.01448e-03  1.77776e+00  3.98046e-03  2.48916e+00  2.67919e+00
 9.35000e+01  5.06004e-01  2.35074e-03  1.77692e+00  4.64568e-03  2.48750e+00  2.67843e+00
 9.36000e+01  5.05916e-01  2.68439e-03  1.77605e+00  5.30601e-03  2.48568e+00  2.67752e+00
 9.37000e+01  5.05826e-01  3.00090e-03  1.77518e+00  5.93267e-03  2.48333e+00  2.67609e+00
 9.38000e+01  5.05732e-01  3.37868e-03  1.77423e+00  6.68076e-03  2.48156e+00  2.67527e+00
 9.39000e+01  5.05634e-01  3.69141e-03  1.77323e+00  7.30056e-03  2.47971e+00  2.67442e+00
 9.40000e+01  5.05532e-01  4.09940e-03  1.77211e+00  8.10908e-03  2.47723e+00  2.67299e+00
 9.41000e+01  5.05424e-01  4.44283e-03  1.77098e+00  8.79030e-03  2.47447e+00  2.67133e+00
 9.42000e+01  5.05306e-01  4.77327e-03  1.76983e+00  9.44629e-03  2.47223e+00  2.67028e+00
 9.43000e+01  5.05179e-01  5.19093e-03  1.76852e+00  1.02754e-02  2.46952e+00  2.66886e+00
 9.44000e+01  5.05042e-01  5.59477e-03  1.76711e+00  1.10778e-02  2.46543e+00  2.66618e+00
 9.45000e+01  5.04885e-01  6.10636e-03  1.76551e+00  1.20946e-02  2.46377e+00  2.66607e+00
 9.46000e+01  5.04718e-01  6.58624e-03  1.76393e+00  1.30493e-02  2.46035e+00  2.66433e+00
 9.47000e+01  5.04539e-01  7.13366e-03  1.76217e+00  1.41390e-02  2.45542e+00  2.66122e+00
 9.48000e+01  5.04338e-01  7.75473e-03  1.76013e+00  1.53761e-02  2.45392e+00  2.66169e+00
 9.49000e+01  5.04130e-01  8.29256e-03  1.75828e+00  1.64492e-02  2.44933e+00  2.65918e+00
 9.50000e+01  5.03910e-01  8.87543e-03  1.75633e+00  1.76131e-02  2.44470e+00  2.65675e+00
 9.51000e+01  5.03673e-01  9.47461e-03  1.75420e+00  1.88110e-02  2.44142e+00  2.65580e+00
 9.52000e+01  5.03425e-01  1.00640e-02  1.75210e+00  1.99910e-02  2.43741e+00  2.65424e+00
 9.53000e+01  5.03167e-01  1.07191e-02  1.74981e+00  2.13032e-02  2.43371e+00  2.65307e+00
 9.54000e+01  5.02904e-01  1.13989e-02  1.74752e+00  2.26661e-02  2.42932e+00  2.65126e+00
 9.55000e+01  5.02638e-01  1.20939e-02  1.74526e+00  2.40609e-02  2.42512e+00  2.64966e+00
 9.56000e+01  5.02371e-01  1.28694e-02  1.74279e+00  2.56173e-02  2.42006e+00  2.64722e+00
 9.57000e+01  5.02100e-01  1.36530e-02  1.74028e+00  2.71917e-02  2.41618e+00  2.64596e+00
 9.58000e+01  5.01833e-01  1.44349e-02  1.73788e+00  2.87644e-02  2.41209e+00  2.64446e+00
 9.59000e+01  5.01574e-01  1.52145e-02  1.73567e+00  3.03336e-02  2.40711e+00  2.64201e+00
 9.60000e+01  5.01318e-01  1.59537e-02  1.73358e+00  3.18234e-02  2.40262e+00  2.63998e+00
 9.61000e+01  5.01065e-01  1.67495e-02  1.73126e+00  3.34279e-02  2.39767e+00  2.63748e+00
 9.62000e+01  5.00811e-01  1.74913e-02  1.72918e+00  3.49260e-02  2.39376e+00  2.63600e+00
 9.63000e+01  5.00560e-01  1.82119e-02  1.72708e+00  3.63831e-02  2.38983e+00  2.63448e+00
 9.64000e+01  5.00311e-01  1.89630e-02  1.72487e+00  3.79024e-02  2.38542e+00  2.63245e+00
 9.65000e+01  5.00066e-01  1.95873e-02  1.72319e+00  3.91694e-02  2.38102e+00  2.63039e+00
 9.66000e+01  4.99819e-01  2.02548e-02  1.72113e+00  4.05243e-02  2.37721e+00  2.62893e+00
 9.67000e+01  4.99573e-01  2.08868e-02  1.71900e+00  4.18094e-02  2.37361e+00  2.62767e+00
 9.68000e+01  4.99330e-01  2.14113e-02  1.71740e+00  4.28800e-02  2.37004e+00  2.62639e+00
 9.69000e+01  4.99091e-01  2.19550e-02  1.71547e+00  4.39899e-02  2.36622e+00  2.62484e+00
 9.70000e+01  4.98856e-01  2.24220e-02  1.71345e+00  4.49469e-02  2.36165e+00  2.62248e+00
 9.71000e+01  4.98621e-01  2.28226e-02  1.71161e+00  4.57714e-02  2.35797e+00  2.62101e+00
 9.72000e+01  4.98387e-01  2.31335e-02  1.70985e+00  4.64168e-02  2.35539e+00  2.62064e+00
 9.73000e+01  4.98160e-01  2.33539e-02  1.70821e+00  4.68804e-02  2.35169e+00  2.61906e+00
 9.74000e+01  4.97939e-01  2.34996e-02  1.70652e+00  4.71937e-02  2.34840e+00  2.61784e+00
 9.75000e+01  4.97724e-01  2.35589e-02  1.70482e+00  4.73332e-02  2.34527e+00  2.61671e+00
 9.76000e+01  4.97518e-01  2.35338e-02  1.70311e+00  4.73023e-02  2.34119e+00  2.61454e+00
 9.77000e+01  4.97316e-01  2.34161e-02  1.70151e+00  4.70849e-02  2.33981e+00  2.61506e+00
 9.78000e+01  4.97130e-01  2.31914e-02  1.70024e+00  4.66506e-02  2.33556e+00  2.61252e+00
 9.79000e+01  4.96950e-01  2.29025e-02  1.69878e+00  4.60862e-02  2.33240e+00  2.61103e+00
 9.80000e+01  4.96775e-01  2.25635e-02  1.69707e+00  4.54201e-02  2.33112e+00  2.61138e+00
 9.81000e+01  4.96616e-01  2.21181e-02  1.69556e+00  4.45377e-02  2.32685e+00  2.60856e+00
 9.82000e+01  4.96465e-01  2.15816e-02  1.69449e+00  4.34705e-02  2.32521e+00  2.60832e+00
 9.83000e+01  4.96325e-01  2.09196e-02  1.69361e+00  4.21490e-02  2.32212e+00  2.60650e+00
 9.84000e+01  4.96190e-01  2.02624e-02  1.69217e+00  4.08359e-02  2.32056e+00  2.60618e+00
 9.85000e+01  4.96066e-01  1.94935e-02  1.69107e+00  3.92961e-02  2.31842e+00  2.60518e+00
 9.86000e+01  4.95953e-01  1.85980e-02  1.69026e+00  3.74995e-02  2.31499e+00  2.60276e+00
 9.87000e+01  4.95840e-01  1.76854e-02  1.68939e+00  3.56675e-02  2.31501e+00  2.60383e+00
 9.88000e+01  4.95739e-01  1.65872e-02  1.68893e+00  3.34595e-02  2.31293e+00  2.60268e+00
 9.89000e+01  4.95643e-01  1.55302e-02  1.68802e+00  3.13334e-02  2.31158e+00  2.60220e+00
 9.90000e+01  4.95555e-01  1.43710e-02  1.68741e+00  2.89999e-02  2.31066e+00  2.60209e+00
 9.91000e+01  4.95477e-01  1.30578e-02  1.68729e+00  2.63541e-02  2.30964e+00  2.60179e+00
 9.92000e+01  4.95406e-01  1.18299e-02  1.68668e+00  2.38792e-02  2.30858e+00  2.60138e+00
 9.93000e+01  4.95343e-01  1.04891e-02  1.68622e+00  2.11755e-02  2.30759e+00  2.60096e+00
 9.94000e+01  4.95288e-01  9.08912e-03  1.68603e+00  1.83512e-02  2.30740e+00  2.60129e+00
 9.95000e+01  4.95242e-01  7.65306e-03  1.68583e+00  1.54532e-02  2.30612e+00  2.60040e+00
 9.96000e+01  4.95203e-01  6.18537e-03  1.68559e+00  1.24906e-02  2.30597e+00  2.60062e+00
 9.97000e+01  4.95170e-01  4.69655e-03  1.68542e+00  9.48471e-03  2.30577e+00  2.60072e+00
 9.98000e+01  4.95147e-01  3.14804e-03  1.68530e+00  6.35779e-03  2.30614e+00  2.60132e+00
 9.99000e+01  4.95136e-01  1.62610e-03  1.68524e+00  3.28414e-03  2.30561e+00  2.60088e+00
