 0.00000e+00  1.00050e+00  0.00000e+00  1.50125e+00  0.00000e+00  1.00083e+00  1.00033e+00
 1.00000e-01  1.00050e+00  6.79083e-06  1.50125e+00  6.78743e-06  1.00083e+00  1.00033e+00
 2.00000e-01  1.00050e+00  1.35814e-05  1.50125e+00  1.35746e-05  1.00083e+00  1.00033e+00
 3.00000e-01  1.00050e+00  2.03715e-05  1.50125e+00  2.03613e-05  1.00083e+00  1.00033e+00
 4.00000e-01  1.00050e+00  2.71609e-05  1.50125e+00  2.71473e-05  1.00083e+00  1.00033e+00
 5.00000e-01  1.00050e+00  3.39493e-05  1.50125e+00  3.39323e-05  1.00083e+00  1.00033e+00
 6.00000e-01  1.00050e+00  4.07365e-05  1.50125e+00  4.07161e-05  1.00083e+00  1.00033e+00
 7.00000e-01  1.00050e+00  4.75222e-05  1.50125e+00  4.74985e-05  1.00083e+00  1.00033e+00
 8.00000e-01  1.00050e+00  5.43063e-05  1.50125e+00  5.42791e-05  1.00083e+00  1.00033e+00
 9.00000e-01  1.00050e+00  6.10884e-05  1.50125e+00  6.10578e-05  1.00083e+00  1.00033e+00
 1.00000e+00  1.00050e+00  6.78683e-05  1.50125e+00  6.78344e-05  1.00083e+00  1.00033e+00
 1.10000e+00  1.00050e+00  7.46458e-05  1.50125e+00  7.46085e-05  1.00083e+00  1.00033e+00
 1.20000e+00  1.00050e+00  8.14206e-05  1.50125e+00  8.13800e-05  1.00083e+00  1.00033e+00
 1.30000e+00  1.00050e+00  8.81925e-05  1.50125e+00  8.81485e-05  1.00083e+00  1.00033e+00
 1.40000e+00  1.00050e+00  9.49613e-05  1.50125e+00  9.49139e-05  1.00083e+00  1.00033e+00
 1.50000e+00  1.00050e+00  1.01727e-04  1.50125e+00  1.01676e-04  1.00083e+00  1.00033e+00
 1.60000e+00  1.00050e+00  1.08488e-04  1.50125e+00  1.08434e-04  1.00083e+00  1.00033e+00
 1.70000e+00  1.00050e+00  1.15246e-04  1.50125e+00  1.15189e-04  1.00083e+00  1.00033e+00
 1.80000e+00  1.00050e+00  1.22000e-04  1.50124e+00  1.21939e-04  1.00083e+00  1.00033e+00
 1.90000e+00  1.00050e+00  1.28749e-04  1.50124e+00  1.28685e-04  1.00083e+00  1.00033e+00
 2.00000e+00  1.00050e+00  1.35494e-04  1.50124e+00  1.35427e-04  1.00083e+00  1.00033e+00
 2.10000e+00  1.00050e+00  1.42234e-04  1.50124e+00  1.42163e-04  1.00082e+00  1.00033e+00
 2.20000e+00  1.00050e+00  1.48969e-04  1.50124e+00  1.48895e-04  1.00082e+00  1.00033e+00
 2.30000e+00  1.00050e+00  1.55698e-04  1.50124e+00  1.55621e-04  1.00082e+00  1.00033e+00
 2.40000e+00  1.00050e+00  1.62422e-04  1.50124e+00  1.62342e-04  1.00082e+00  1.00033e+00
 2.50000e+00  1.00049e+00  1.69140e-04  1.50124e+00  1.69057e-04  1.00082e+00  1.00033e+00
 2.60000e+00  1.00049e+00  1.75852e-04  1.50124e+00  1.75766e-04  1.00082e+00  1.00033e+00
 2.70000e+00  1.00049e+00  1.82558e-04  1.50123e+00  1.82468e-04  1.00082e+00  1.00033e+00
 2.80000e+00  1.00049e+00  1.89258e-04  1.50123e+00  1.89164e-04  1.00082e+00  1.00033e+00
 2.90000e+00  1.00049e+00  1.95950e-04  1.50123e+00  1.95853e-04  1.00082e+00  1.00033e+00
 3.00000e+00  1.00049e+00  2.02635e-04  1.50123e+00  2.02536e-04  1.00082e+00  1.00033e+00
 3.10000e+00  1.00049e+00  2.09314e-04  1.50123e+00  2.09211e-04  1.00082e+00  1.00032e+00
 3.20000e+00  1.00049e+00  2.15984e-04  1.50123e+00  2.15878e-04  1.00082e+00  1.00032e+00
 3.30000e+00  1.00049e+00  2.22647e-04  1.50123e+00  2.22538e-04  1.00081e+00  1.00032e+00
 3.40000e+00  1.00049e+00  2.29302e-04  1.50122e+00  2.29190e-04  1.00081e+00  1.00032e+00
 3.50000e+00  1.00049e+00  2.35949e-04  1.50122e+00  2.35834e-04  1.00081e+00  1.00032e+00
 3.60000e+00  1.00049e+00  2.42588e-04  1.50122e+00  2.42469e-04  1.00081e+00  1.00032e+00
 3.70000e+00  1.00049e+00  2.49217e-04  1.50122e+00  2.49096e-04  1.00081e+00  1.00032e+00
 3.80000e+00  1.00049e+00  2.55838e-04  1.50122e+00  2.55713e-04  1.00081e+00  1.00032e+00
 3.90000e+00  1.00049e+00  2.62450e-04  1.50122e+00  2.62322e-04  1.00081e+00  1.00032e+00
 4.00000e+00  1.00049e+00  2.69052e-04  1.50121e+00  2.68921e-04  1.00081e+00  1.00032e+00
 4.10000e+00  1.00048e+00  2.75644e-04  1.50121e+00  2.75511e-04  1.00081e+00  1.00032e+00
 4.20000e+00  1.00048e+00  2.82227e-04  1.50121e+00  2.82090e-04  1.00080e+00  1.00032e+00
 4.30000e+00  1.00048e+00  2.88799e-04  1.50121e+00  2.88660e-04  1.00080e+00  1.00032e+00
 4.40000e+00  1.00048e+00  2.95362e-04  1.50121e+00  2.95219e-04  1.00080e+00  1.00032e+00
 4.50000e+00  1.00048e+00  3.01913e-04  1.50120e+00  3.01768e-04  1.00080e+00  1.00032e+00
 4.60000e+00  1.00048e+00  3.08454e-04  1.50120e+00  3.08306e-04  1.00080e+00  1.00032e+00
 4.70000e+00  1.00048e+00  3.14984e-04  1.50120e+00  3.14833e-04  1.00080e+00  1.00032e+00
 4.80000e+00  1.00048e+00  3.21502e-04  1.50120e+00  3.21348e-04  1.00080e+00  1.00032e+00
 4.90000e+00  1.00048e+00  3.28009e-04  1.50120e+00  3.27852e-04  1.00079e+00  1.00032e+00
 5.00000e+00  1.00048e+00  3.34504e-04  1.50119e+00  3.34344e-04  1.00079e+00  1.00032e+00
 5.10000e+00  1.00048e+00  3.40987e-04  1.50119e+00  3.40825e-04  1.00079e+00  1.00031e+00
 5.20000e+00  1.00048e+00  3.47458e-04  1.50119e+00  3.47293e-04  1.00079e+00  1.00031e+00
 5.30000e+00  1.00047e+00  3.53916e-04  1.50119e+00  3.53748e-04  1.00079e+00  1.00031e+00
 5.40000e+00  1.00047e+00  3.60362e-04  1.50118e+00  3.60191e-04  1.00079e+00  1.00031e+00
 5.50000e+00  1.00047e+00  3.66795e-04  1.50118e+00  3.66621e-04  1.00078e+00  1.00031e+00
 5.60000e+00  1.00047e+00  3.73214e-04  1.50118e+00  3.73038e-04  1.00078e+00  1.00031e+00
 5.70000e+00  1.00047e+00  3.79620e-04  1.50118e+00  3.79442e-04  1.00078e+00  1.00031e+00
 5.80000e+00  1.00047e+00  3.86013e-04  1.50117e+00  3.85832e-04  1.00078e+00  1.00031e+00
 5.90000e+00  1.00047e+00  3.92391e-04  1.50117e+00  3.92208e-04  1.00078e+00  1.00031e+00
 6.00000e+00  1.00047e+00  3.98756e-04  1.50117e+00  3.98569e-04  1.00078e+00  1.00031e+00
 6.10000e+00  1.00047e+00  4.05106e-04  1.50116e+00  4.04917e-04  1.00077e+00  1.00031e+00
 6.20000e+00  1.00046e+00  4.11441e-04  1.50116e+00  4.11250e-04  1.00077e+00  1.00031e+00
 6.30000e+00  1.00046e+00  4.17762e-04  1.50116e+00  4.17568e-04  1.00077e+00  1.00031e+00
 6.40000e+00  1.00046e+00  4.24068e-04  1.50116e+00  4.23872e-04  1.00077e+00  1.00031e+00
 6.50000e+00  1.00046e+00  4.30358e-04  1.50115e+00  4.30160e-04  1.00077e+00  1.00030e+00
 6.60000e+00  1.00046e+00  4.36633e-04  1.50115e+00  4.36432e-04  1.00076e+00  1.00030e+00
 6.70000e+00  1.00046e+00  4.42892e-04  1.50115e+00  4.42689e-04  1.00076e+00  1.00030e+00
 6.80000e+00  1.00046e+00  4.49135e-04  1.50114e+00  4.48930e-04  1.00076e+00  1.00030e+00
 6.90000e+00  1.00046e+00  4.55362e-04  1.50114e+00  4.55155e-04  1.00076e+00  1.00030e+00
 7.00000e+00  1.00045e+00  4.61573e-04  1.50114e+00  4.61363e-04  1.00076e+00  1.00030e+00
 7.10000e+00  1.00045e+00  4.67767e-04  1.50113e+00  4.67555e-04  1.00075e+00  1.00030e+00
 7.20000e+00  1.00045e+00  4.73944e-04  1.50113e+00  4.73730e-04  1.00075e+00  1.00030e+00
 7.30000e+00  1.00045e+00  4.80104e-04  1.50113e+00  4.79888e-04  1.00075e+00  1.00030e+00
 7.40000e+00  1.00045e+00  4.86247e-04  1.50112e+00  4.86028e-04  1.00075e+00  1.00030e+00
 7.50000e+00  1.00045e+00  4.92372e-04  1.50112e+00  4.92151e-04  1.00074e+00  1.00030e+00
 7.60000e+00  1.00045e+00  4.98479e-04  1.50112e+00  4.98257e-04  1.00074e+00  1.00030e+00
 7.70000e+00  1.00045e+00  5.04569e-04  1.50111e+00  5.04344e-04  1.00074e+00  1.00029e+00
 7.80000e+00  1.00044e+00  5.10640e-04  1.50111e+00  5.10413e-04  1.00074e+00  1.00029e+00
 7.90000e+00  1.00044e+00  5.16692e-04  1.50111e+00  5.16464e-04  1.00074e+00  1.00029e+00
 8.00000e+00  1.00044e+00  5.22726e-04  1.50110e+00  5.22496e-04  1.00073e+00  1.00029e+00
 8.10000e+00  1.00044e+00  5.28741e-04  1.50110e+00  5.28509e-04  1.00073e+00  1.00029e+00
 8.20000e+00  1.00044e+00  5.34737e-04  1.50110e+00  5.34503e-04  1.00073e+00  1.00029e+00
 8.30000e+00  1.00044e+00  5.40714e-04  1.50109e+00  5.40478e-04  1.00073e+00  1.00029e+00
 8.40000e+00  1.00044e+00  5.46671e-04  1.50109e+00  5.46433e-04  1.00072e+00  1.00029e+00
 8.50000e+00  1.00043e+00  5.52608e-04  1.50108e+00  5.52369e-04  1.00072e+00  1.00029e+00
 8.60000e+00  1.00043e+00  5.58526e-04  1.50108e+00  5.58284e-04  1.00072e+00  1.00029e+00
 8.70000e+00  1.00043e+00  5.64423e-04  1.50108e+00  5.64180e-04  1.00071e+00  1.00028e+00
 8.80000e+00  1.00043e+00  5.70299e-04  1.50107e+00  5.70055e-04  1.00071e+00  1.00028e+00
 8.90000e+00  1.00043e+00  5.76155e-04  1.50107e+00  5.75909e-04  1.00071e+00  1.00028e+00
 9.00000e+00  1.00043e+00  5.81990e-04  1.50106e+00  5.81742e-04  1.00071e+00  1.00028e+00
 9.10000e+00  1.00042e+00  5.87804e-04  1.50106e+00  5.87555e-04  1.00070e+00  1.00028e+00
 9.20000e+00  1.00042e+00  5.93596e-04  1.50106e+00  5.93346e-04  1.00070e+00  1.00028e+00
 9.30000e+00  1.00042e+00  5.99367e-04  1.50105e+00  5.99115e-04  1.00070e+00  1.00028e+00
 9.40000e+00  1.00042e+00  6.05117e-04  1.50105e+00  6.04863e-04  1.00070e+00  1.00028e+00
 9.50000e+00  1.00042e+00  6.10844e-04  1.50104e+00  6.10589e-04  1.00069e+00  1.00028e+00
 9.60000e+00  1.00042e+00  6.16549e-04  1.50104e+00  6.16293e-04  1.00069e+00  1.00027e+00
 9.70000e+00  1.00041e+00  6.22232e-04  1.50103e+00  6.21974e-04  1.00069e+00  1.00027e+00
 9.80000e+00  1.00041e+00  6.27892e-04  1.50103e+00  6.27633e-04  1.00068e+00  1.00027e+00
 9.90000e+00  1.00041e+00  6.33529e-04  1.50103e+00  6.33269e-04  1.00068e+00  1.00027e+00
 1.00000e+01  1.00041e+00  6.39143e-04  1.50102e+00  6.38882e-04  1.00068e+00  1.00027e+00
 1.01000e+01  1.00041e+00  6.44734e-04  1.50102e+00  6.44472e-04  1.00068e+00  1.00027e+00
 1.02000e+01  1.00040e+00  6.50301e-04  1.50101e+00  6.50038e-04  1.00067e+00  1.00027e+00
 1.03000e+01  1.00040e+00  6.55845e-04  1.50101e+00  6.55581e-04  1.00067e+00  1.00027e+00
 1.04000e+01  1.00040e+00  6.61365e-04  1.50100e+00  6.61100e-04  1.00067e+00  1.00026e+00
 1.05000e+01  1.00040e+00  6.66861e-04  1.50100e+00  6.66594e-04  1.00066e+00  1.00026e+00
 1.06000e+01  1.00040e+00  6.72332e-04  1.50099e+00  6.72065e-04  1.00066e+00  1.00026e+00
 1.07000e+01  1.00040e+00  6.77779e-04  1.50099e+00  6.77511e-04  1.00066e+00  1.00026e+00
 1.08000e+01  1.00039e+00  6.83201e-04  1.50098e+00  6.82932e-04  1.00065e+00  1.00026e+00
 1.09000e+01  1.00039e+00  6.88598e-04  1.50098e+00  6.88329e-04  1.00065e+00  1.00026e+00
 1.10000e+01  1.00039e+00  6.93970e-04  1.50097e+00  6.93700e-04  1.00065e+00  1.00026e+00
 1.11000e+01  1.00039e+00  6.99317e-04  1.50097e+00  6.99046e-04  1.00064e+00  1.00026e+00
 1.12000e+01  1.00039e+00  7.04638e-04  1.50097e+00  7.04366e-04  1.00064e+00  1.00025e+00
 1.13000e+01  1.00038e+00  7.09934e-04  1.50096e+00  7.09661e-04  1.00064e+00  1.00025e+00
 1.14000e+01  1.00038e+00  7.15203e-04  1.50096e+00  7.14930e-04  1.00063e+00  1.00025e+00
 1.15000e+01  1.00038e+00  7.20446e-04  1.50095e+00  7.20173e-04  1.00063e+00  1.00025e+00
 1.16000e+01  1.00038e+00  7.25663e-04  1.50094e+00  7.25389e-04  1.00063e+00  1.00025e+00
 1.17000e+01  1.00038e+00  7.30854e-04  1.50094e+00  7.30579e-04  1.00062e+00  1.00025e+00
 1.18000e+01  1.00037e+00  7.36017e-04  1.50093e+00  7.35742e-04  1.00062e+00  1.00025e+00
 1.19000e+01  1.00037e+00  7.41154e-04  1.50093e+00  7.40878e-04  1.00062e+00  1.00025e+00
 1.20000e+01  1.00037e+00  7.46263e-04  1.50092e+00  7.45987e-04  1.00061e+00  1.00024e+00
 1.21000e+01  1.00037e+00  7.51345e-04  1.50092e+00  7.51069e-04  1.00061e+00  1.00024e+00
 1.22000e+01  1.00037e+00  7.56400e-04  1.50091e+00  7.56123e-04  1.00061e+00  1.00024e+00
 1.23000e+01  1.00036e+00  7.61426e-04  1.50091e+00  7.61150e-04  1.00060e+00  1.00024e+00
 1.24000e+01  1.00036e+00  7.66425e-04  1.50090e+00  7.66148e-04  1.00060e+00  1.00024e+00
 1.25000e+01  1.00036e+00  7.71395e-04  1.50090e+00  7.71119e-04  1.00060e+00  1.00024e+00
 1.26000e+01  1.00036e+00  7.76338e-04  1.50089e+00  7.76061e-04  1.00059e+00  1.00024e+00
 1.27000e+01  1.00035e+00  7.81251e-04  1.50089e+00  7.80974e-04  1.00059e+00  1.00023e+00
 1.28000e+01  1.00035e+00  7.86136e-04  1.50088e+00  7.85859e-04  1.00059e+00  1.00023e+00
 1.29000e+01  1.00035e+00  7.90992e-04  1.50088e+00  7.90715e-04  1.00058e+00  1.00023e+00
 1.30000e+01  1.00035e+00  7.95819e-04  1.50087e+00  7.95542e-04  1.00058e+00  1.00023e+00
 1.31000e+01  1.00035e+00  8.00617e-04  1.50086e+00  8.00340e-04  1.00057e+00  1.00023e+00
 1.32000e+01  1.00034e+00  8.05385e-04  1.50086e+00  8.05108e-04  1.00057e+00  1.00023e+00
 1.33000e+01  1.00034e+00  8.10123e-04  1.50085e+00  8.09847e-04  1.00057e+00  1.00023e+00
 1.34000e+01  1.00034e+00  8.14831e-04  1.50085e+00  8.14555e-04  1.00056e+00  1.00022e+00
 1.35000e+01  1.00034e+00  8.19510e-04  1.50084e+00  8.19234e-04  1.00056e+00  1.00022e+00
 1.36000e+01  1.00033e+00  8.24158e-04  1.50084e+00  8.23882e-04  1.00056e+00  1.00022e+00
 1.37000e+01  1.00033e+00  8.28776e-04  1.50083e+00  8.28501e-04  1.00055e+00  1.00022e+00
 1.38000e+01  1.00033e+00  8.33363e-04  1.50082e+00  8.33088e-04  1.00055e+00  1.00022e+00
 1.39000e+01  1.00033e+00  8.37919e-04  1.50082e+00  8.37645e-04  1.00054e+00  1.00022e+00
 1.40000e+01  1.00032e+00  8.42444e-04  1.50081e+00  8.42170e-04  1.00054e+00  1.00021e+00
 1.41000e+01  1.00032e+00  8.46938e-04  1.50081e+00  8.46665e-04  1.00054e+00  1.00021e+00
 1.42000e+01  1.00032e+00  8.51401e-04  1.50080e+00  8.51128e-04  1.00053e+00  1.00021e+00
 1.43000e+01  1.00032e+00  8.55832e-04  1.50079e+00  8.55560e-04  1.00053e+00  1.00021e+00
 1.44000e+01  1.00032e+00  8.60231e-04  1.50079e+00  8.59960e-04  1.00052e+00  1.00021e+00
 1.45000e+01  1.00031e+00  8.64599e-04  1.50078e+00  8.64329e-04  1.00052e+00  1.00021e+00
 1.46000e+01  1.00031e+00  8.68935e-04  1.50078e+00  8.68665e-04  1.00052e+00  1.00020e+00
 1.47000e+01  1.00031e+00  8.73238e-04  1.50077e+00  8.72969e-04  1.00051e+00  1.00020e+00
 1.48000e+01  1.00031e+00  8.77509e-04  1.50076e+00  8.77241e-04  1.00051e+00  1.00020e+00
 1.49000e+01  1.00030e+00  8.81747e-04  1.50076e+00  8.81480e-04  1.00050e+00  1.00020e+00
 1.50000e+01  1.00030e+00  8.85952e-04  1.50075e+00  8.85686e-04  1.00050e+00  1.00020e+00
 1.51000e+01  1.00030e+00  8.90125e-04  1.50075e+00  8.89859e-04  1.00049e+00  1.00020e+00
 1.52000e+01  1.00030e+00  8.94264e-04  1.50074e+00  8.94000e-04  1.00049e+00  1.00020e+00
 1.53000e+01  1.00029e+00  8.98370e-04  1.50073e+00  8.98107e-04  1.00049e+00  1.00019e+00
 1.54000e+01  1.00029e+00  9.02443e-04  1.50073e+00  9.02181e-04  1.00048e+00  1.00019e+00
 1.55000e+01  1.00029e+00  9.06482e-04  1.50072e+00  9.06221e-04  1.00048e+00  1.00019e+00
 1.56000e+01  1.00029e+00  9.10487e-04  1.50071e+00  9.10227e-04  1.00047e+00  1.00019e+00
 1.57000e+01  1.00028e+00  9.14458e-04  1.50071e+00  9.14200e-04  1.00047e+00  1.00019e+00
 1.58000e+01  1.00028e+00  9.18395e-04  1.50070e+00  9.18138e-04  1.00047e+00  1.00018e+00
 1.59000e+01  1.00028e+00  9.22298e-04  1.50069e+00  9.22042e-04  1.00046e+00  1.00018e+00
 1.60000e+01  1.00027e+00  9.26166e-04  1.50069e+00  9.25912e-04  1.00046e+00  1.00018e+00
 1.61000e+01  1.00027e+00  9.30000e-04  1.50068e+00  9.29747e-04  1.00045e+00  1.00018e+00
 1.62000e+01  1.00027e+00  9.33799e-04  1.50067e+00  9.33547e-04  1.00045e+00  1.00018e+00
 1.63000e+01  1.00027e+00  9.37563e-04  1.50067e+00  9.37313e-04  1.00044e+00  1.00018e+00
 1.64000e+01  1.00026e+00  9.41292e-04  1.50066e+00  9.41043e-04  1.00044e+00  1.00017e+00
 1.65000e+01  1.00026e+00  9.44986e-04  1.50065e+00  9.44739e-04  1.00043e+00  1.00017e+00
 1.66000e+01  1.00026e+00  9.48644e-04  1.50065e+00  9.48398e-04  1.00043e+00  1.00017e+00
 1.67000e+01  1.00026e+00  9.52267e-04  1.50064e+00  9.52023e-04  1.00043e+00  1.00017e+00
 1.68000e+01  1.00025e+00  9.55854e-04  1.50063e+00  9.55611e-04  1.00042e+00  1.00017e+00
 1.69000e+01  1.00025e+00  9.59405e-04  1.50063e+00  9.59164e-04  1.00042e+00  1.00017e+00
 1.70000e+01  1.00025e+00  9.62920e-04  1.50062e+00  9.62681e-04  1.00041e+00  1.00016e+00
 1.71000e+01  1.00025e+00  9.66399e-04  1.50061e+00  9.66162e-04  1.00041e+00  1.00016e+00
 1.72000e+01  1.00024e+00  9.69841e-04  1.50061e+00  9.69606e-04  1.00040e+00  1.00016e+00
 1.73000e+01  1.00024e+00  9.73247e-04  1.50060e+00  9.73014e-04  1.00040e+00  1.00016e+00
 1.74000e+01  1.00024e+00  9.76617e-04  1.50059e+00  9.76385e-04  1.00039e+00  1.00016e+00
 1.75000e+01  1.00023e+00  9.79950e-04  1.50059e+00  9.79720e-04  1.00039e+00  1.00015e+00
 1.76000e+01  1.00023e+00  9.83245e-04  1.50058e+00  9.83018e-04  1.00038e+00  1.00015e+00
 1.77000e+01  1.00023e+00  9.86504e-04  1.50057e+00  9.86278e-04  1.00038e+00  1.00015e+00
 1.78000e+01  1.00023e+00  9.89725e-04  1.50057e+00  9.89502e-04  1.00038e+00  1.00015e+00
 1.79000e+01  1.00022e+00  9.92910e-04  1.50056e+00  9.92688e-04  1.00037e+00  1.00015e+00
 1.80000e+01  1.00022e+00  9.96056e-04  1.50055e+00  9.95837e-04  1.00037e+00  1.00015e+00
 1.81000e+01  1.00022e+00  9.99165e-04  1.50054e+00  9.98948e-04  1.00036e+00  1.00014e+00
 1.82000e+01  1.00021e+00  1.00224e-03  1.50054e+00  1.00202e-03  1.00036e+00  1.00014e+00
 1.83000e+01  1.00021e+00  1.00527e-03  1.50053e+00  1.00506e-03  1.00035e+00  1.00014e+00
 1.84000e+01  1.00021e+00  1.00827e-03  1.50052e+00  1.00805e-03  1.00035e+00  1.00014e+00
 1.85000e+01  1.00021e+00  1.01122e-03  1.50052e+00  1.01101e-03  1.00034e+00  1.00014e+00
 1.86000e+01  1.00020e+00  1.01414e-03  1.50051e+00  1.01393e-03  1.00034e+00  1.00013e+00
 1.87000e+01  1.00020e+00  1.01702e-03  1.50050e+00  1.01682e-03  1.00033e+00  1.00013e+00
 1.88000e+01  1.00020e+00  1.01986e-03  1.50049e+00  1.01966e-03  1.00033e+00  1.00013e+00
 1.89000e+01  1.00019e+00  1.02267e-03  1.50049e+00  1.02247e-03  1.00032e+00  1.00013e+00
 1.90000e+01  1.00019e+00  1.02543e-03  1.50048e+00  1.02523e-03  1.00032e+00  1.00013e+00
 1.91000e+01  1.00019e+00  1.02816e-03  1.50047e+00  1.02796e-03  1.00031e+00  1.00012e+00
 1.92000e+01  1.00019e+00  1.03084e-03  1.50047e+00  1.03065e-03  1.00031e+00  1.00012e+00
 1.93000e+01  1.00018e+00  1.03349e-03  1.50046e+00  1.03330e-03  1.00030e+00  1.00012e+00
 1.94000e+01  1.00018e+00  1.03610e-03  1.50045e+00  1.03591e-03  1.00030e+00  1.00012e+00
 1.95000e+01  1.00018e+00  1.03866e-03  1.50044e+00  1.03848e-03  1.00029e+00  1.00012e+00
 1.96000e+01  1.00017e+00  1.04119e-03  1.50044e+00  1.04101e-03  1.00029e+00  1.00011e+00
 1.97000e+01  1.00017e+00  1.04368e-03  1.50043e+00  1.04350e-03  1.00028e+00  1.00011e+00
 1.98000e+01  1.00017e+00  1.04613e-03  1.50042e+00  1.04596e-03  1.00028e+00  1.00011e+00
 1.99000e+01  1.00017e+00  1.04854e-03  1.50041e+00  1.04837e-03  1.00027e+00  1.00011e+00
 2.00000e+01  1.00016e+00  1.05091e-03  1.50041e+00  1.05074e-03  1.00027e+00  1.00011e+00
 2.01000e+01  1.00016e+00  1.05324e-03  1.50040e+00  1.05307e-03  1.00026e+00  1.00011e+00
 2.02000e+01  1.00016e+00  1.05553e-03  1.50039e+00  1.05536e-03  1.00026e+00  1.00010e+00
 2.03000e+01  1.00015e+00  1.05778e-03  1.50038e+00  1.05761e-03  1.00025e+00  1.00010e+00
 2.04000e+01  1.00015e+00  1.05998e-03  1.50038e+00  1.05982e-03  1.00025e+00  1.00010e+00
 2.05000e+01  1.00015e+00  1.06215e-03  1.50037e+00  1.06199e-03  1.00024e+00  1.00010e+00
 2.06000e+01  1.00014e+00  1.06428e-03  1.50036e+00  1.06412e-03  1.00024e+00  1.00010e+00
 2.07000e+01  1.00014e+00  1.06636e-03  1.50035e+00  1.06621e-03  1.00023e+00  1.00009e+00
 2.08000e+01  1.00014e+00  1.06841e-03  1.50035e+00  1.06826e-03  1.00023e+00  1.00009e+00
 2.09000e+01  1.00014e+00  1.07041e-03  1.50034e+00  1.07027e-03  1.00022e+00  1.00009e+00
 2.10000e+01  1.00013e+00  1.07237e-03  1.50033e+00  1.07223e-03  1.00022e+00  1.00009e+00
 2.11000e+01  1.00013e+00  1.07430e-03  1.50032e+00  1.07416e-03  1.00021e+00  1.00009e+00
 2.12000e+01  1.00013e+00  1.07618e-03  1.50032e+00  1.07604e-03  1.00021e+00  1.00008e+00
 2.13000e+01  1.00012e+00  1.07801e-03  1.50031e+00  1.07788e-03  1.00020e+00  1.00008e+00
 2.14000e+01  1.00012e+00  1.07981e-03  1.50030e+00  1.07968e-03  1.00020e+00  1.00008e+00
 2.15000e+01  1.00012e+00  1.08157e-03  1.50029e+00  1.08144e-03  1.00019e+00  1.00008e+00
 2.16000e+01  1.00011e+00  1.08328e-03  1.50028e+00  1.08316e-03  1.00019e+00  1.00008e+00
 2.17000e+01  1.00011e+00  1.08495e-03  1.50028e+00  1.08483e-03  1.00018e+00  1.00007e+00
 2.18000e+01  1.00011e+00  1.08658e-03  1.50027e+00  1.08647e-03  1.00018e+00  1.00007e+00
 2.19000e+01  1.00010e+00  1.08817e-03  1.50026e+00  1.08806e-03  1.00017e+00  1.00007e+00
 2.20000e+01  1.00010e+00  1.08972e-03  1.50025e+00  1.08961e-03  1.00017e+00  1.00007e+00
 2.21000e+01  1.00010e+00  1.09122e-03  1.50025e+00  1.09111e-03  1.00016e+00  1.00006e+00
 2.22000e+01  1.00010e+00  1.09268e-03  1.50024e+00  1.09258e-03  1.00016e+00  1.00006e+00
 2.23000e+01  1.00009e+00  1.09410e-03  1.50023e+00  1.09400e-03  1.00015e+00  1.00006e+00
 2.24000e+01  1.00009e+00  1.09548e-03  1.50022e+00  1.09538e-03  1.00015e+00  1.00006e+00
 2.25000e+01  1.00009e+00  1.09681e-03  1.50021e+00  1.09672e-03  1.00014e+00  1.00006e+00
 2.26000e+01  1.00008e+00  1.09811e-03  1.50021e+00  1.09801e-03  1.00014e+00  1.00005e+00
 2.27000e+01  1.00008e+00  1.09936e-03  1.50020e+00  1.09927e-03  1.00013e+00  1.00005e+00
 2.28000e+01  1.00008e+00  1.10056e-03  1.50019e+00  1.10048e-03  1.00013e+00  1.00005e+00
 2.29000e+01  1.00007e+00  1.10173e-03  1.50018e+00  1.10165e-03  1.00012e+00  1.00005e+00
 2.30000e+01  1.00007e+00  1.10285e-03  1.50018e+00  1.10277e-03  1.00012e+00  1.00005e+00
 2.31000e+01  1.00007e+00  1.10393e-03  1.50017e+00  1.10385e-03  1.00011e+00  1.00004e+00
 2.32000e+01  1.00006e+00  1.10496e-03  1.50016e+00  1.10489e-03  1.00011e+00  1.00004e+00
 2.33000e+01  1.00006e+00  1.10595e-03  1.50015e+00  1.10589e-03  1.00010e+00  1.00004e+00
 2.34000e+01  1.00006e+00  1.10690e-03  1.50014e+00  1.10684e-03  1.00010e+00  1.00004e+00
 2.35000e+01  1.00005e+00  1.10781e-03  1.50014e+00  1.10775e-03  1.00009e+00  1.00004e+00
 2.36000e+01  1.00005e+00  1.10867e-03  1.50013e+00  1.10861e-03  1.00009e+00  1.00003e+00
 2.37000e+01  1.00005e+00  1.10949e-03  1.50012e+00  1.10944e-03  1.00008e+00  1.00003e+00
 2.38000e+01  1.00004e+00  1.11027e-03  1.50011e+00  1.11022e-03  1.00007e+00  1.00003e+00
 2.39000e+01  1.00004e+00  1.11100e-03  1.50010e+00  1.11095e-03  1.00007e+00  1.00003e+00
 2.40000e+01  1.00004e+00  1.11169e-03  1.50010e+00  1.11164e-03  1.00006e+00  1.00003e+00
 2.41000e+01  1.00004e+00  1.11233e-03  1.50009e+00  1.11229e-03  1.00006e+00  1.00002e+00
 2.42000e+01  1.00003e+00  1.11293e-03  1.50008e+00  1.11290e-03  1.00005e+00  1.00002e+00
 2.43000e+01  1.00003e+00  1.11349e-03  1.50007e+00  1.11346e-03  1.00005e+00  1.00002e+00
 2.44000e+01  1.00003e+00  1.11401e-03  1.50006e+00  1.11398e-03  1.00004e+00  1.00002e+00
 2.45000e+01  1.00002e+00  1.11448e-03  1.50006e+00  1.11445e-03  1.00004e+00  1.00001e+00
 2.46000e+01  1.00002e+00  1.11491e-03  1.50005e+00  1.11488e-03  1.00003e+00  1.00001e+00
 2.47000e+01  1.00002e+00  1.11529e-03  1.50004e+00  1.11527e-03  1.00003e+00  1.00001e+00
 2.48000e+01  1.00001e+00  1.11563e-03  1.50003e+00  1.11561e-03  1.00002e+00  1.00001e+00
 2.49000e+01  1.00001e+00  1.11592e-03  1.50002e+00  1.11591e-03  1.00002e+00  1.00001e+00
 2.50000e+01  1.00001e+00  1.11618e-03  1.50002e+00  1.11617e-03  1.00001e+00  1.00000e+00
 2.51000e+01  1.00000e+00  1.11638e-03  1.50001e+00  1.11638e-03  1.00001e+00  1.00000e+00
 2.52000e+01  1.00000e+00  1.11655e-03  1.50000e+00  1.11655e-03  1.00000e+00  1.00000e+00
 2.53000e+01  9.99997e-01  1.11667e-03  1.49999e+00  1.11667e-03  9.99995e-01  9.99998e-01
 2.54000e+01  9.99994e-01  1.11674e-03  1.49999e+00  1.11675e-03  9.99990e-01  9.99996e-01
 2.55000e+01  9.99991e-01  1.11677e-03  1.49998e+00  1.11678e-03  9.99985e-01  9.99994e-01
 2.56000e+01  9.99988e-01  1.11676e-03  1.49997e+00  1.11678e-03  9.99979e-01  9.99992e-01
 2.57000e+01  9.99984e-01  1.11670e-03  1.49996e+00  1.11672e-03  9.99974e-01  9.99990e-01
 2.58000e+01  9.99981e-01  1.11660e-03  1.49995e+00  1.11662e-03  9.99969e-01  9.99987e-01
 2.59000e+01  9.99978e-01  1.11646e-03  1.49995e+00  1.11648e-03  9.99963e-01  9.99985e-01
 2.60000e+01  9.99975e-01  1.11627e-03  1.49994e+00  1.11630e-03  9.99958e-01  9.99983e-01
 2.61000e+01  9.99972e-01  1.11604e-03  1.49993e+00  1.11607e-03  9.99953e-01  9.99981e-01
 2.62000e+01  9.99968e-01  1.11576e-03  1.49992e+00  1.11579e-03  9.99947e-01  9.99979e-01
 2.63000e+01  9.99965e-01  1.11544e-03  1.49991e+00  1.11547e-03  9.99942e-01  9.99977e-01
 2.64000e+01  9.99962e-01  1.11507e-03  1.49991e+00  1.11511e-03  9.99937e-01  9.99975e-01
 2.65000e+01  9.99959e-01  1.11466e-03  1.49990e+00  1.11470e-03  9.99932e-01  9.99973e-01
 2.66000e+01  9.99956e-01  1.11420e-03  1.49989e+00  1.11425e-03  9.99926e-01  9.99971e-01
 2.67000e+01  9.99952e-01  1.11370e-03  1.49988e+00  1.11376e-03  9.99921e-01  9.99968e-01
 2.68000e+01  9.99949e-01  1.11316e-03  1.49987e+00  1.11322e-03  9.99916e-01  9.99966e-01
 2.69000e+01  9.99946e-01  1.11257e-03  1.49987e+00  1.11263e-03  9.99910e-01  9.99964e-01
 2.70000e+01  9.99943e-01  1.11194e-03  1.49986e+00  1.11200e-03  9.99905e-01  9.99962e-01
 2.71000e+01  9.99940e-01  1.11126e-03  1.49985e+00  1.11133e-03  9.99900e-01  9.99960e-01
 2.72000e+01  9.99937e-01  1.11054e-03  1.49984e+00  1.11061e-03  9.99895e-01  9.99958e-01
 2.73000e+01  9.99933e-01  1.10978e-03  1.49983e+00  1.10985e-03  9.99889e-01  9.99956e-01
 2.74000e+01  9.99930e-01  1.10897e-03  1.49983e+00  1.10904e-03  9.99884e-01  9.99954e-01
 2.75000e+01  9.99927e-01  1.10811e-03  1.49982e+00  1.10819e-03  9.99879e-01  9.99952e-01
 2.76000e+01  9.99924e-01  1.10721e-03  1.49981e+00  1.10730e-03  9.99873e-01  9.99950e-01
 2.77000e+01  9.99921e-01  1.10627e-03  1.49980e+00  1.10636e-03  9.99868e-01  9.99947e-01
 2.78000e+01  9.99917e-01  1.10528e-03  1.49979e+00  1.10537e-03  9.99863e-01  9.99945e-01
 2.79000e+01  9.99914e-01  1.10425e-03  1.49979e+00  1.10435e-03  9.99858e-01  9.99943e-01
 2.80000e+01  9.99911e-01  1.10318e-03  1.49978e+00  1.10327e-03  9.99852e-01  9.99941e-01
 2.81000e+01  9.99908e-01  1.10206e-03  1.49977e+00  1.10216e-03  9.99847e-01  9.99939e-01
 2.82000e+01  9.99905e-01  1.10089e-03  1.49976e+00  1.10100e-03  9.99842e-01  9.99937e-01
 2.83000e+01  9.99902e-01  1.09968e-03  1.49975e+00  1.09979e-03  9.99837e-01  9.99935e-01
 2.84000e+01  9.99899e-01  1.09843e-03  1.49975e+00  1.09854e-03  9.99831e-01  9.99933e-01
 2.85000e+01  9.99895e-01  1.09713e-03  1.49974e+00  1.09725e-03  9.99826e-01  9.99931e-01
 2.86000e+01  9.99892e-01  1.09579e-03  1.49973e+00  1.09591e-03  9.99821e-01  9.99929e-01
 2.87000e+01  9.99889e-01  1.09441e-03  1.49972e+00  1.09453e-03  9.99816e-01  9.99927e-01
 2.88000e+01  9.99886e-01  1.09298e-03  1.49971e+00  1.09310e-03  9.99810e-01  9.99925e-01
 2.89000e+01  9.99883e-01  1.09151e-03  1.49971e+00  1.09163e-03  9.99805e-01  9.99922e-01
 2.90000e+01  9.99880e-01  1.08999e-03  1.49970e+00  1.09012e-03  9.99800e-01  9.99920e-01
 2.91000e+01  9.99877e-01  1.08843e-03  1.49969e+00  1.08856e-03  9.99795e-01  9.99918e-01
 2.92000e+01  9.99873e-01  1.08682e-03  1.49968e+00  1.08696e-03  9.99790e-01  9.99916e-01
 2.93000e+01  9.99870e-01  1.08517e-03  1.49968e+00  1.08531e-03  9.99785e-01  9.99914e-01
 2.94000e+01  9.99867e-01  1.08348e-03  1.49967e+00  1.08362e-03  9.99779e-01  9.99912e-01
 2.95000e+01  9.99864e-01  1.08174e-03  1.49966e+00  1.08189e-03  9.99774e-01  9.99910e-01
 2.96000e+01  9.99861e-01  1.07996e-03  1.49965e+00  1.08011e-03  9.99769e-01  9.99908e-01
 2.97000e+01  9.99858e-01  1.07814e-03  1.49964e+00  1.07829e-03  9.99764e-01  9.99906e-01
 2.98000e+01  9.99855e-01  1.07627e-03  1.49964e+00  1.07642e-03  9.99759e-01  9.99904e-01
 2.99000e+01  9.99852e-01  1.07436e-03  1.49963e+00  1.07452e-03  9.99754e-01  9.99902e-01
 3.00000e+01  9.99849e-01  1.07240e-03  1.49962e+00  1.07256e-03  9.99748e-01  9.99900e-01
 3.01000e+01  9.99845e-01  1.07040e-03  1.49961e+00  1.07057e-03  9.99743e-01  9.99898e-01
 3.02000e+01  9.99842e-01  1.06836e-03  1.49961e+00  1.06853e-03  9.99738e-01  9.99896e-01
 3.03000e+01  9.99839e-01  1.06627e-03  1.49960e+00  1.06644e-03  9.99733e-01  9.99894e-01
 3.04000e+01  9.99836e-01  1.06414e-03  1.49959e+00  1.06432e-03  9.99728e-01  9.99892e-01
 3.05000e+01  9.99833e-01  1.06197e-03  1.49958e+00  1.06215e-03  9.99723e-01  9.99890e-01
 3.06000e+01  9.99830e-01  1.05976e-03  1.49958e+00  1.05994e-03  9.99718e-01  9.99888e-01
 3.07000e+01  9.99827e-01  1.05750e-03  1.49957e+00  1.05768e-03  9.99713e-01  9.99886e-01
 3.08000e+01  9.99824e-01  1.05519e-03  1.49956e+00  1.05538e-03  9.99708e-01  9.99884e-01
 3.09000e+01  9.99821e-01  1.05285e-03  1.49955e+00  1.05304e-03  9.99703e-01  9.99882e-01
 3.10000e+01  9.99818e-01  1.05046e-03  1.49955e+00  1.05065e-03  9.99698e-01  9.99880e-01
 3.11000e+01  9.99815e-01  1.04803e-03  1.49954e+00  1.04822e-03  9.99693e-01  9.99878e-01
 3.12000e+01  9.99812e-01  1.04555e-03  1.49953e+00  1.04575e-03  9.99688e-01  9.99876e-01
 3.13000e+01  9.99809e-01  1.04304e-03  1.49952e+00  1.04324e-03  9.99683e-01  9.99874e-01
 3.14000e+01  9.99806e-01  1.04048e-03  1.49951e+00  1.04068e-03  9.99678e-01  9.99872e-01
 3.15000e+01  9.99803e-01  1.03788e-03  1.49951e+00  1.03808e-03  9.99673e-01  9.99870e-01
 3.16000e+01  9.99800e-01  1.03523e-03  1.49950e+00  1.03544e-03  9.99668e-01  9.99868e-01
 3.17000e+01  9.99797e-01  1.03254e-03  1.49949e+00  1.03275e-03  9.99663e-01  9.99866e-01
 3.18000e+01  9.99794e-01  1.02982e-03  1.49949e+00  1.03003e-03  9.99658e-01  9.99864e-01
 3.19000e+01  9.99791e-01  1.02704e-03  1.49948e+00  1.02726e-03  9.99653e-01  9.99862e-01
 3.20000e+01  9.99788e-01  1.02423e-03  1.49947e+00  1.02445e-03  9.99648e-01  9.99860e-01
 3.21000e+01  9.99785e-01  1.02137e-03  1.49946e+00  1.02159e-03  9.99643e-01  9.99858e-01
 3.22000e+01  9.99782e-01  1.01848e-03  1.49946e+00  1.01870e-03  9.99638e-01  9.99856e-01
 3.23000e+01  9.99779e-01  1.01554e-03  1.49945e+00  1.01576e-03  9.99634e-01  9.99854e-01
 3.24000e+01  9.99776e-01  1.01255e-03  1.49944e+00  1.01278e-03  9.99629e-01  9.99852e-01
 3.25000e+01  9.99773e-01  1.00953e-03  1.49943e+00  1.00976e-03  9.99624e-01  9.99850e-01
 3.26000e+01  9.99771e-01  1.00647e-03  1.49943e+00  1.00670e-03  9.99619e-01  9.99848e-01
 3.27000e+01  9.99768e-01  1.00336e-03  1.49942e+00  1.00359e-03  9.99614e-01  9.99847e-01
 3.28000e+01  9.99765e-01  1.00021e-03  1.49941e+00  1.00045e-03  9.99609e-01  9.99845e-01
 3.29000e+01  9.99762e-01  9.97023e-04  1.49940e+00  9.97260e-04  9.99605e-01  9.99843e-01
 3.30000e+01  9.99759e-01  9.93793e-04  1.49940e+00  9.94032e-04  9.99600e-01  9.99841e-01
 3.31000e+01  9.99756e-01  9.90521e-04  1.49939e+00  9.90763e-04  9.99595e-01  9.99839e-01
 3.32000e+01  9.99753e-01  9.87209e-04  1.49938e+00  9.87453e-04  9.99590e-01  9.99837e-01
 3.33000e+01  9.99750e-01  9.83856e-04  1.49938e+00  9.84102e-04  9.99586e-01  9.99835e-01
 3.34000e+01  9.99748e-01  9.80462e-04  1.49937e+00  9.80710e-04  9.99581e-01  9.99833e-01
 3.35000e+01  9.99745e-01  9.77028e-04  1.49936e+00  9.77277e-04  9.99576e-01  9.99831e-01
 3.36000e+01  9.99742e-01  9.73553e-04  1.49935e+00  9.73805e-04  9.99572e-01  9.99830e-01
 3.37000e+01  9.99739e-01  9.70038e-04  1.49935e+00  9.70291e-04  9.99567e-01  9.99828e-01
 3.38000e+01  9.99736e-01  9.66483e-04  1.49934e+00  9.66738e-04  9.99562e-01  9.99826e-01
 3.39000e+01  9.99734e-01  9.62887e-04  1.49933e+00  9.63144e-04  9.99558e-01  9.99824e-01
 3.40000e+01  9.99731e-01  9.59252e-04  1.49933e+00  9.59510e-04  9.99553e-01  9.99822e-01
 3.41000e+01  9.99728e-01  9.55577e-04  1.49932e+00  9.55837e-04  9.99548e-01  9.99820e-01
 3.42000e+01  9.99725e-01  9.51862e-04  1.49931e+00  9.52123e-04  9.99544e-01  9.99819e-01
 3.43000e+01  9.99723e-01  9.48107e-04  1.49931e+00  9.48370e-04  9.99539e-01  9.99817e-01
 3.44000e+01  9.99720e-01  9.44313e-04  1.49930e+00  9.44578e-04  9.99535e-01  9.99815e-01
 3.45000e+01  9.99717e-01  9.40480e-04  1.49929e+00  9.40746e-04  9.99530e-01  9.99813e-01
 3.46000e+01  9.99714e-01  9.36607e-04  1.49929e+00  9.36875e-04  9.99526e-01  9.99811e-01
 3.47000e+01  9.99712e-01  9.32696e-04  1.49928e+00  9.32965e-04  9.99521e-01  9.99810e-01
 3.48000e+01  9.99709e-01  9.28745e-04  1.49927e+00  9.29016e-04  9.99517e-01  9.99808e-01
 3.49000e+01  9.99706e-01  9.24756e-04  1.49927e+00  9.25028e-04  9.99512e-01  9.99806e-01
 3.50000e+01  9.99704e-01  9.20729e-04  1.49926e+00  9.21002e-04  9.99508e-01  9.99804e-01
 3.51000e+01  9.99701e-01  9.16663e-04  1.49925e+00  9.16937e-04  9.99504e-01  9.99803e-01
 3.52000e+01  9.99698e-01  9.12558e-04  1.49925e+00  9.12833e-04  9.99499e-01  9.99801e-01
 3.53000e+01  9.99696e-01  9.08416e-04  1.49924e+00  9.08692e-04  9.99495e-01  9.99799e-01
 3.54000e+01  9.99693e-01  9.04235e-04  1.49923e+00  9.04513e-04  9.99491e-01  9.99797e-01
 3.55000e+01  9.99690e-01  9.00017e-04  1.49923e+00  9.00295e-04  9.99486e-01  9.99796e-01
 3.56000e+01  9.99688e-01  8.95761e-04  1.49922e+00  8.96040e-04  9.99482e-01  9.99794e-01
 3.57000e+01  9.99685e-01  8.91467e-04  1.49921e+00  8.91748e-04  9.99478e-01  9.99792e-01
 3.58000e+01  9.99683e-01  8.87136e-04  1.49921e+00  8.87418e-04  9.99473e-01  9.99791e-01
 3.59000e+01  9.99680e-01  8.82768e-04  1.49920e+00  8.83051e-04  9.99469e-01  9.99789e-01
 3.60000e+01  9.99678e-01  8.78363e-04  1.49919e+00  8.78647e-04  9.99465e-01  9.99787e-01
 3.61000e+01  9.99675e-01  8.73921e-04  1.49919e+00  8.74205e-04  9.99461e-01  9.99785e-01
 3.62000e+01  9.99673e-01  8.69443e-04  1.49918e+00  8.69728e-04  9.99456e-01  9.99784e-01
 3.63000e+01  9.99670e-01  8.64928e-04  1.49918e+00  8.65213e-04  9.99452e-01  9.99782e-01
 3.64000e+01  9.99668e-01  8.60376e-04  1.49917e+00  8.60662e-04  9.99448e-01  9.99781e-01
 3.65000e+01  9.99665e-01  8.55789e-04  1.49916e+00  8.56075e-04  9.99444e-01  9.99779e-01
 3.66000e+01  9.99663e-01  8.51165e-04  1.49916e+00  8.51452e-04  9.99440e-01  9.99777e-01
 3.67000e+01  9.99660e-01  8.46506e-04  1.49915e+00  8.46794e-04  9.99436e-01  9.99776e-01
 3.68000e+01  9.99658e-01  8.41811e-04  1.49914e+00  8.42099e-04  9.99432e-01  9.99774e-01
 3.69000e+01  9.99655e-01  8.37080e-04  1.49914e+00  8.37369e-04  9.99428e-01  9.99772e-01
 3.70000e+01  9.99653e-01  8.32315e-04  1.49913e+00  8.32604e-04  9.99424e-01  9.99771e-01
 3.71000e+01  9.99650e-01  8.27514e-04  1.49913e+00  8.27803e-04  9.99420e-01  9.99769e-01
 3.72000e+01  9.99648e-01  8.22678e-04  1.49912e+00  8.22968e-04  9.99416e-01  9.99768e-01
 3.73000e+01  9.99646e-01  8.17808e-04  1.49911e+00  8.18097e-04  9.99412e-01  9.99766e-01
 3.74000e+01  9.99643e-01  8.12903e-04  1.49911e+00  8.13193e-04  9.99408e-01  9.99765e-01
 3.75000e+01  9.99641e-01  8.07963e-04  1.49910e+00  8.08254e-04  9.99404e-01  9.99763e-01
 3.76000e+01  9.99639e-01  8.02990e-04  1.49910e+00  8.03280e-04  9.99400e-01  9.99761e-01
 3.77000e+01  9.99636e-01  7.97983e-04  1.49909e+00  7.98273e-04  9.99396e-01  9.99760e-01
 3.78000e+01  9.99634e-01  7.92942e-04  1.49909e+00  7.93232e-04  9.99393e-01  9.99758e-01
 3.79000e+01  9.99632e-01  7.87867e-04  1.49908e+00  7.88157e-04  9.99389e-01  9.99757e-01
 3.80000e+01  9.99629e-01  7.82759e-04  1.49907e+00  7.83049e-04  9.99385e-01  9.99755e-01
 3.81000e+01  9.99627e-01  7.77618e-04  1.49907e+00  7.77908e-04  9.99381e-01  9.99754e-01
 3.82000e+01  9.99625e-01  7.72444e-04  1.49906e+00  7.72734e-04  9.99377e-01  9.99752e-01
 3.83000e+01  9.99623e-01  7.67237e-04  1.49906e+00  7.67527e-04  9.99374e-01  9.99751e-01
 3.84000e+01  9.99621e-01  7.61998e-04  1.49905e+00  7.62288e-04  9.99370e-01  9.99750e-01
 3.85000e+01  9.99618e-01  7.56727e-04  1.49905e+00  7.57016e-04  9.99366e-01  9.99748e-01
 3.86000e+01  9.99616e-01  7.51423e-04  1.49904e+00  7.51712e-04  9.99363e-01  9.99747e-01
 3.87000e+01  9.99614e-01  7.46088e-04  1.49904e+00  7.46376e-04  9.99359e-01  9.99745e-01
 3.88000e+01  9.99612e-01  7.40720e-04  1.49903e+00  7.41008e-04  9.99356e-01  9.99744e-01
 3.89000e+01  9.99610e-01  7.35322e-04  1.49902e+00  7.35609e-04  9.99352e-01  9.99742e-01
 3.90000e+01  9.99608e-01  7.29892e-04  1.49902e+00  7.30178e-04  9.99349e-01  9.99741e-01
 3.91000e+01  9.99605e-01  7.24431e-04  1.49901e+00  7.24717e-04  9.99345e-01  9.99740e-01
 3.92000e+01  9.99603e-01  7.18939e-04  1.49901e+00  7.19224e-04  9.99342e-01  9.99738e-01
 3.93000e+01  9.99601e-01  7.13417e-04  1.49900e+00  7.13701e-04  9.99338e-01  9.99737e-01
 3.94000e+01  9.99599e-01  7.07864e-04  1.49900e+00  7.08148e-04  9.99335e-01  9.99735e-01
 3.95000e+01  9.99597e-01  7.02281e-04  1.49899e+00  7.02564e-04  9.99331e-01  9.99734e-01
 3.96000e+01  9.99595e-01  6.96668e-04  1.49899e+00  6.96951e-04  9.99328e-01  9.99733e-01
 3.97000e+01  9.99593e-01  6.91026e-04  1.49898e+00  6.91307e-04  9.99325e-01  9.99731e-01
 3.98000e+01  9.99591e-01  6.85354e-04  1.49898e+00  6.85634e-04  9.99321e-01  9.99730e-01
 3.99000e+01  9.99589e-01  6.79653e-04  1.49897e+00  6.79932e-04  9.99318e-01  9.99729e-01
 4.00000e+01  9.99587e-01  6.73923e-04  1.49897e+00  6.74201e-04  9.99315e-01  9.99728e-01
 4.01000e+01  9.99585e-01  6.68164e-04  1.49896e+00  6.68441e-04  9.99312e-01  9.99726e-01
 4.02000e+01  9.99583e-01  6.62377e-04  1.49896e+00  6.62653e-04  9.99308e-01  9.99725e-01
 4.03000e+01  9.99581e-01  6.56561e-04  1.49895e+00  6.56836e-04  9.99305e-01  9.99724e-01
 4.04000e+01  9.99580e-01  6.50717e-04  1.49895e+00  6.50991e-04  9.99302e-01  9.99722e-01
 4.05000e+01  9.99578e-01  6.44846e-04  1.49894e+00  6.45118e-04  9.99299e-01  9.99721e-01
 4.06000e+01  9.99576e-01  6.38947e-04  1.49894e+00  6.39218e-04  9.99296e-01  9.99720e-01
 4.07000e+01  9.99574e-01  6.33021e-04  1.49893e+00  6.33290e-04  9.99293e-01  9.99719e-01
 4.08000e+01  9.99572e-01  6.27067e-04  1.49893e+00  6.27336e-04  9.99290e-01  9.99718e-01
 4.09000e+01  9.99570e-01  6.21087e-04  1.49893e+00  6.21354e-04  9.99287e-01  9.99716e-01
 4.10000e+01  9.99568e-01  6.15080e-04  1.49892e+00  6.15345e-04  9.99284e-01  9.99715e-01
 4.11000e+01  9.99567e-01  6.09047e-04  1.49892e+00  6.09311e-04  9.99281e-01  9.99714e-01
 4.12000e+01  9.99565e-01  6.02987e-04  1.49891e+00  6.03250e-04  9.99278e-01  9.99713e-01
 4.13000e+01  9.99563e-01  5.96902e-04  1.49891e+00  5.97163e-04  9.99275e-01  9.99712e-01
 4.14000e+01  9.99561e-01  5.90792e-04  1.49890e+00  5.91051e-04  9.99272e-01  9.99711e-01
 4.15000e+01  9.99560e-01  5.84656e-04  1.49890e+00  5.84913e-04  9.99269e-01  9.99709e-01
 4.16000e+01  9.99558e-01  5.78494e-04  1.49890e+00  5.78750e-04  9.99267e-01  9.99708e-01
 4.17000e+01  9.99556e-01  5.72309e-04  1.49889e+00  5.72563e-04  9.99264e-01  9.99707e-01
 4.18000e+01  9.99555e-01  5.66098e-04  1.49889e+00  5.66350e-04  9.99261e-01  9.99706e-01
 4.19000e+01  9.99553e-01  5.59863e-04  1.49888e+00  5.60114e-04  9.99258e-01  9.99705e-01
 4.20000e+01  9.99552e-01  5.53604e-04  1.49888e+00  5.53853e-04  9.99256e-01  9.99704e-01
 4.21000e+01  9.99550e-01  5.47322e-04  1.49887e+00  5.47568e-04  9.99253e-01  9.99703e-01
 4.22000e+01  9.99548e-01  5.41016e-04  1.49887e+00  5.41260e-04  9.99250e-01  9.99702e-01
 4.23000e+01  9.99547e-01  5.34686e-04  1.49887e+00  5.34929e-04  9.99248e-01  9.99701e-01
 4.24000e+01  9.99545e-01  5.28334e-04  1.49886e+00  5.28574e-04  9.99245e-01  9.99700e-01
 4.25000e+01  9.99544e-01  5.21959e-04  1.49886e+00  5.22197e-04  9.99243e-01  9.99699e-01
 4.26000e+01  9.99542e-01  5.15561e-04  1.49886e+00  5.15797e-04  9.99240e-01  9.99698e-01
 4.27000e+01  9.99541e-01  5.09142e-04  1.49885e+00  5.09376e-04  9.99238e-01  9.99697e-01
 4.28000e+01  9.99539e-01  5.02700e-04  1.49885e+00  5.02932e-04  9.99235e-01  9.99696e-01
 4.29000e+01  9.99538e-01  4.96237e-04  1.49884e+00  4.96466e-04  9.99233e-01  9.99695e-01
 4.30000e+01  9.99536e-01  4.89752e-04  1.49884e+00  4.89979e-04  9.99231e-01  9.99694e-01
 4.31000e+01  9.99535e-01  4.83246e-04  1.49884e+00  4.83471e-04  9.99228e-01  9.99693e-01
 4.32000e+01  9.99534e-01  4.76720e-04  1.49883e+00  4.76942e-04  9.99226e-01  9.99692e-01
 4.33000e+01  9.99532e-01  4.70173e-04  1.49883e+00  4.70393e-04  9.99224e-01  9.99691e-01
 4.34000e+01  9.99531e-01  4.63605e-04  1.49883e+00  4.63823e-04  9.99221e-01  9.99690e-01
 4.35000e+01  9.99529e-01  4.57018e-04  1.49882e+00  4.57233e-04  9.99219e-01  9.99689e-01
 4.36000e+01  9.99528e-01  4.50411e-04  1.49882e+00  4.50623e-04  9.99217e-01  9.99689e-01
 4.37000e+01  9.99527e-01  4.43784e-04  1.49882e+00  4.43994e-04  9.99215e-01  9.99688e-01
 4.38000e+01  9.99526e-01  4.37139e-04  1.49881e+00  4.37346e-04  9.99213e-01  9.99687e-01
 4.39000e+01  9.99524e-01  4.30474e-04  1.49881e+00  4.30679e-04  9.99211e-01  9.99686e-01
 4.40000e+01  9.99523e-01  4.23791e-04  1.49881e+00  4.23993e-04  9.99209e-01  9.99685e-01
 4.41000e+01  9.99522e-01  4.17090e-04  1.49880e+00  4.17289e-04  9.99206e-01  9.99684e-01
 4.42000e+01  9.99521e-01  4.10370e-04  1.49880e+00  4.10567e-04  9.99204e-01  9.99684e-01
 4.43000e+01  9.99519e-01  4.03633e-04  1.49880e+00  4.03827e-04  9.99203e-01  9.99683e-01
 4.44000e+01  9.99518e-01  3.96878e-04  1.49880e+00  3.97070e-04  9.99201e-01  9.99682e-01
 4.45000e+01  9.99517e-01  3.90107e-04  1.49879e+00  3.90295e-04  9.99199e-01  9.99681e-01
 4.46000e+01  9.99516e-01  3.83318e-04  1.49879e+00  3.83504e-04  9.99197e-01  9.99681e-01
 4.47000e+01  9.99515e-01  3.76513e-04  1.49879e+00  3.76696e-04  9.99195e-01  9.99680e-01
 4.48000e+01  9.99514e-01  3.69692e-04  1.49878e+00  3.69871e-04  9.99193e-01  9.99679e-01
 4.49000e+01  9.99513e-01  3.62854e-04  1.49878e+00  3.63031e-04  9.99191e-01  9.99678e-01
 4.50000e+01  9.99512e-01  3.56001e-04  1.49878e+00  3.56175e-04  9.99190e-01  9.99678e-01
 4.51000e+01  9.99511e-01  3.49132e-04  1.49878e+00  3.49303e-04  9.99188e-01  9.99677e-01
 4.52000e+01  9.99510e-01  3.42249e-04  1.49877e+00  3.42417e-04  9.99186e-01  9.99676e-01
 4.53000e+01  9.99509e-01  3.35350e-04  1.49877e+00  3.35515e-04  9.99185e-01  9.99676e-01
 4.54000e+01  9.99508e-01  3.28437e-04  1.49877e+00  3.28599e-04  9.99183e-01  9.99675e-01
 4.55000e+01  9.99507e-01  3.21510e-04  1.49877e+00  3.21669e-04  9.99182e-01  9.99675e-01
 4.56000e+01  9.99506e-01  3.14569e-04  1.49876e+00  3.14724e-04  9.99180e-01  9.99674e-01
 4.57000e+01  9.99505e-01  3.07614e-04  1.49876e+00  3.07766e-04  9.99179e-01  9.99673e-01
 4.58000e+01  9.99504e-01  3.00646e-04  1.49876e+00  3.00795e-04  9.99177e-01  9.99673e-01
 4.59000e+01  9.99503e-01  2.93665e-04  1.49876e+00  2.93811e-04  9.99176e-01  9.99672e-01
 4.60000e+01  9.99502e-01  2.86671e-04  1.49876e+00  2.86814e-04  9.99174e-01  9.99672e-01
 4.61000e+01  9.99502e-01  2.79665e-04  1.49875e+00  2.79804e-04  9.99173e-01  9.99671e-01
 4.62000e+01  9.99501e-01  2.72646e-04  1.49875e+00  2.72783e-04  9.99172e-01  9.99671e-01
 4.63000e+01  9.99500e-01  2.65616e-04  1.49875e+00  2.65749e-04  9.99170e-01  9.99670e-01
 4.64000e+01  9.99499e-01  2.58574e-04  1.49875e+00  2.58704e-04  9.99169e-01  9.99670e-01
 4.65000e+01  9.99499e-01  2.51521e-04  1.49875e+00  2.51648e-04  9.99168e-01  9.99669e-01
 4.66000e+01  9.99498e-01  2.44458e-04  1.49874e+00  2.44580e-04  9.99167e-01  9.99669e-01
 4.67000e+01  9.99497e-01  2.37383e-04  1.49874e+00  2.37503e-04  9.99165e-01  9.99668e-01
 4.68000e+01  9.99496e-01  2.30298e-04  1.49874e+00  2.30414e-04  9.99164e-01  9.99668e-01
 4.69000e+01  9.99496e-01  2.23204e-04  1.49874e+00  2.23316e-04  9.99163e-01  9.99667e-01
 4.70000e+01  9.99495e-01  2.16099e-04  1.49874e+00  2.16208e-04  9.99162e-01  9.99667e-01
 4.71000e+01  9.99494e-01  2.08985e-04  1.49874e+00  2.09091e-04  9.99161e-01  9.99666e-01
 4.72000e+01  9.99494e-01  2.01862e-04  1.49873e+00  2.01965e-04  9.99160e-01  9.99666e-01
 4.73000e+01  9.99493e-01  1.94731e-04  1.49873e+00  1.94829e-04  9.99159e-01  9.99666e-01
 4.74000e+01  9.99493e-01  1.87591e-04  1.49873e+00  1.87686e-04  9.99158e-01  9.99665e-01
 4.75000e+01  9.99492e-01  1.80442e-04  1.49873e+00  1.80534e-04  9.99157e-01  9.99665e-01
 4.76000e+01  9.99492e-01  1.73286e-04  1.49873e+00  1.73374e-04  9.99156e-01  9.99665e-01
 4.77000e+01  9.99491e-01  1.66123e-04  1.49873e+00  1.66207e-04  9.99156e-01  9.99664e-01
 4.78000e+01  9.99491e-01  1.58952e-04  1.49873e+00  1.59033e-04  9.99155e-01  9.99664e-01
 4.79000e+01  9.99490e-01  1.51774e-04  1.49873e+00  1.51851e-04  9.99154e-01  9.99664e-01
 4.80000e+01  9.99490e-01  1.44590e-04  1.49872e+00  1.44663e-04  9.99153e-01  9.99663e-01
 4.81000e+01  9.99489e-01  1.37399e-04  1.49872e+00  1.37469e-04  9.99153e-01  9.99663e-01
 4.82000e+01  9.99489e-01  1.30202e-04  1.49872e+00  1.30269e-04  9.99152e-01  9.99663e-01
 4.83000e+01  9.99489e-01  1.23000e-04  1.49872e+00  1.23063e-04  9.99151e-01  9.99663e-01
 4.84000e+01  9.99488e-01  1.15793e-04  1.49872e+00  1.15852e-04  9.99151e-01  9.99662e-01
 4.85000e+01  9.99488e-01  1.08580e-04  1.49872e+00  1.08636e-04  9.99150e-01  9.99662e-01
 4.86000e+01  9.99488e-01  1.01363e-04  1.49872e+00  1.01414e-04  9.99150e-01  9.99662e-01
 4.87000e+01  9.99487e-01  9.41408e-05  1.49872e+00  9.41891e-05  9.99149e-01  9.99662e-01
 4.88000e+01  9.99487e-01  8.69149e-05  1.49872e+00  8.69595e-05  9.99149e-01  9.99662e-01
 4.89000e+01  9.99487e-01  7.96853e-05  1.49872e+00  7.97262e-05  9.99149e-01  9.99661e-01
 4.90000e+01  9.99487e-01  7.24522e-05  1.49872e+00  7.24894e-05  9.99148e-01  9.99661e-01
 4.91000e+01  9.99487e-01  6.52160e-05  1.49872e+00  6.52495e-05  9.99148e-01  9.99661e-01
 4.92000e+01  9.99486e-01  5.79769e-05  1.49872e+00  5.80067e-05  9.99148e-01  9.99661e-01
 4.93000e+01  9.99486e-01  5.07353e-05  1.49872e+00  5.07614e-05  9.99147e-01  9.99661e-01
 4.94000e+01  9.99486e-01  4.34915e-05  1.49872e+00  4.35139e-05  9.99147e-01  9.99661e-01
 4.95000e+01  9.99486e-01  3.62458e-05  1.49872e+00  3.62644e-05  9.99147e-01  9.99661e-01
 4.96000e+01  9.99486e-01  2.89985e-05  1.49871e+00  2.90135e-05  9.99147e-01  9.99661e-01
 4.97000e+01  9.99486e-01  2.17500e-05  1.49871e+00  2.17612e-05  9.99147e-01  9.99661e-01
 4.98000e+01  9.99486e-01  1.45005e-05  1.49871e+00  1.45080e-05  9.99146e-01  9.99661e-01
 4.99000e+01  9.99486e-01  7.25042e-06  1.49871e+00  7.25415e-06  9.99146e-01  9.99661e-01
 5.00000e+01  9.99486e-01 -0.00000e+00  1.49871e+00 -0.00000e+00  9.99146e-01  9.99661e-01
 5.01000e+01  9.99486e-01 -7.25042e-06  1.49871e+00 -7.25415e-06  9.99146e-01  9.99661e-01
 5.02000e+01  9.99486e-01 -1.45005e-05  1.49871e+00 -1.45080e-05  9.99146e-01  9.99661e-01
 5.03000e+01  9.99486e-01 -2.17500e-05  1.49871e+00 -2.17612e-05  9.99147e-01  9.99661e-01
 5.04000e+01  9.99486e-01 -2.89985e-05  1.49871e+00 -2.90135e-05  9.99147e-01  9.99661e-01
 5.05000e+01  9.99486e-01 -3.62458e-05  1.49872e+00 -3.62644e-05  9.99147e-01  9.99661e-01
 5.06000e+01  9.99486e-01 -4.34915e-05  1.49872e+00 -4.35139e-05  9.99147e-01  9.99661e-01
 5.07000e+01  9.99486e-01 -5.07353e-05  1.49872e+00 -5.07614e-05  9.99147e-01  9.99661e-01
 5.08000e+01  9.99486e-01 -5.79769e-05  1.49872e+00 -5.80067e-05  9.99148e-01  9.99661e-01
 5.09000e+01  9.99487e-01 -6.52160e-05  1.49872e+00 -6.52495e-05  9.99148e-01  9.99661e-01
 5.10000e+01  9.99487e-01 -7.24522e-05  1.49872e+00 -7.24894e-05  9.99148e-01  9.99661e-01
 5.11000e+01  9.99487e-01 -7.96853e-05  1.49872e+00 -7.97262e-05  9.99149e-01  9.99661e-01
 5.12000e+01  9.99487e-01 -8.69149e-05  1.49872e+00 -8.69595e-05  9.99149e-01  9.99662e-01
 5.13000e+01  9.99487e-01 -9.41408e-05  1.49872e+00 -9.41891e-05  9.99149e-01  9.99662e-01
 5.14000e+01  9.99488e-01 -1.01363e-04  1.49872e+00 -1.01414e-04  9.99150e-01  9.99662e-01
 5.15000e+01  9.99488e-01 -1.08580e-04  1.49872e+00 -1.08636e-04  9.99150e-01  9.99662e-01
 5.16000e+01  9.99488e-01 -1.15793e-04  1.49872e+00 -1.15852e-04  9.99151e-01  9.99662e-01
 5.17000e+01  9.99489e-01 -1.23000e-04  1.49872e+00 -1.23063e-04  9.99151e-01  9.99663e-01
 5.18000e+01  9.99489e-01 -1.30202e-04  1.49872e+00 -1.30269e-04  9.99152e-01  9.99663e-01
 5.19000e+01  9.99489e-01 -1.37399e-04  1.49872e+00 -1.37469e-04  9.99153e-01  9.99663e-01
 5.20000e+01  9.99490e-01 -1.44590e-04  1.49872e+00 -1.44663e-04  9.99153e-01  9.99663e-01
 5.21000e+01  9.99490e-01 -1.51774e-04  1.49873e+00 -1.51851e-04  9.99154e-01  9.99664e-01
 5.22000e+01  9.99491e-01 -1.58952e-04  1.49873e+00 -1.59033e-04  9.99155e-01  9.99664e-01
 5.23000e+01  9.99491e-01 -1.66123e-04  1.49873e+00 -1.66207e-04  9.99156e-01  9.99664e-01
 5.24000e+01  9.99492e-01 -1.73286e-04  1.49873e+00 -1.73374e-04  9.99156e-01  9.99665e-01
 5.25000e+01  9.99492e-01 -1.80442e-04  1.49873e+00 -1.80534e-04  9.99157e-01  9.99665e-01
 5.26000e+01  9.99493e-01 -1.87591e-04  1.49873e+00 -1.87686e-04  9.99158e-01  9.99665e-01
 5.27000e+01  9.99493e-01 -1.94731e-04  1.49873e+00 -1.94829e-04  9.99159e-01  9.99666e-01
 5.28000e+01  9.99494e-01 -2.01862e-04  1.49873e+00 -2.01965e-04  9.99160e-01  9.99666e-01
 5.29000e+01  9.99494e-01 -2.08985e-04  1.49874e+00 -2.09091e-04  9.99161e-01  9.99666e-01
 5.30000e+01  9.99495e-01 -2.16099e-04  1.49874e+00 -2.16208e-04  9.99162e-01  9.99667e-01
 5.31000e+01  9.99496e-01 -2.23204e-04  1.49874e+00 -2.23316e-04  9.99163e-01  9.99667e-01
 5.32000e+01  9.99496e-01 -2.30298e-04  1.49874e+00 -2.30414e-04  9.99164e-01  9.99668e-01
 5.33000e+01  9.99497e-01 -2.37383e-04  1.49874e+00 -2.37503e-04  9.99165e-01  9.99668e-01
 5.34000e+01  9.99498e-01 -2.44458e-04  1.49874e+00 -2.44580e-04  9.99167e-01  9.99669e-01
 5.35000e+01  9.99499e-01 -2.51521e-04  1.49875e+00 -2.51648e-04  9.99168e-01  9.99669e-01
 5.36000e+01  9.99499e-01 -2.58574e-04  1.49875e+00 -2.58704e-04  9.99169e-01  9.99670e-01
 5.37000e+01  9.99500e-01 -2.65616e-04  1.49875e+00 -2.65749e-04  9.99170e-01  9.99670e-01
 5.38000e+01  9.99501e-01 -2.72646e-04  1.49875e+00 -2.72783e-04  9.99172e-01  9.99671e-01
 5.39000e+01  9.99502e-01 -2.79665e-04  1.49875e+00 -2.79804e-04  9.99173e-01  9.99671e-01
 5.40000e+01  9.99502e-01 -2.86671e-04  1.49876e+00 -2.86814e-04  9.99174e-01  9.99672e-01
 5.41000e+01  9.99503e-01 -2.93665e-04  1.49876e+00 -2.93811e-04  9.99176e-01  9.99672e-01
 5.42000e+01  9.99504e-01 -3.00646e-04  1.49876e+00 -3.00795e-04  9.99177e-01  9.99673e-01
 5.43000e+01  9.99505e-01 -3.07614e-04  1.49876e+00 -3.07766e-04  9.99179e-01  9.99673e-01
 5.44000e+01  9.99506e-01 -3.14569e-04  1.49876e+00 -3.14724e-04  9.99180e-01  9.99674e-01
 5.45000e+01  9.99507e-01 -3.21510e-04  1.49877e+00 -3.21669e-04  9.99182e-01  9.99675e-01
 5.46000e+01  9.99508e-01 -3.28437e-04  1.49877e+00 -3.28599e-04  9.99183e-01  9.99675e-01
 5.47000e+01  9.99509e-01 -3.35350e-04  1.49877e+00 -3.35515e-04  9.99185e-01  9.99676e-01
 5.48000e+01  9.99510e-01 -3.42249e-04  1.49877e+00 -3.42417e-04  9.99186e-01  9.99676e-01
 5.49000e+01  9.99511e-01 -3.49132e-04  1.49878e+00 -3.49303e-04  9.99188e-01  9.99677e-01
 5.50000e+01  9.99512e-01 -3.56001e-04  1.49878e+00 -3.56175e-04  9.99190e-01  9.99678e-01
 5.51000e+01  9.99513e-01 -3.62854e-04  1.49878e+00 -3.63031e-04  9.99191e-01  9.99678e-01
 5.52000e+01  9.99514e-01 -3.69692e-04  1.49878e+00 -3.69871e-04  9.99193e-01  9.99679e-01
 5.53000e+01  9.99515e-01 -3.76513e-04  1.49879e+00 -3.76696e-04  9.99195e-01  9.99680e-01
 5.54000e+01  9.99516e-01 -3.83318e-04  1.49879e+00 -3.83504e-04  9.99197e-01  9.99681e-01
 5.55000e+01  9.99517e-01 -3.90107e-04  1.49879e+00 -3.90295e-04  9.99199e-01  9.99681e-01
 5.56000e+01  9.99518e-01 -3.96878e-04  1.49880e+00 -3.97070e-04  9.99201e-01  9.99682e-01
 5.57000e+01  9.99519e-01 -4.03633e-04  1.49880e+00 -4.03827e-04  9.99203e-01  9.99683e-01
 5.58000e+01  9.99521e-01 -4.10370e-04  1.49880e+00 -4.10567e-04  9.99204e-01  9.99684e-01
 5.59000e+01  9.99522e-01 -4.17090e-04  1.49880e+00 -4.17289e-04  9.99206e-01  9.99684e-01
 5.60000e+01  9.99523e-01 -4.23791e-04  1.49881e+00 -4.23993e-04  9.99209e-01  9.99685e-01
 5.61000e+01  9.99524e-01 -4.30474e-04  1.49881e+00 -4.30679e-04  9.99211e-01  9.99686e-01
 5.62000e+01  9.99526e-01 -4.37139e-04  1.49881e+00 -4.37346e-04  9.99213e-01  9.99687e-01
 5.63000e+01  9.99527e-01 -4.43784e-04  1.49882e+00 -4.43994e-04  9.99215e-01  9.99688e-01
 5.64000e+01  9.99528e-01 -4.50411e-04  1.49882e+00 -4.50623e-04  9.99217e-01  9.99689e-01
 5.65000e+01  9.99529e-01 -4.57018e-04  1.49882e+00 -4.57233e-04  9.99219e-01  9.99689e-01
 5.66000e+01  9.99531e-01 -4.63605e-04  1.49883e+00 -4.63823e-04  9.99221e-01  9.99690e-01
 5.67000e+01  9.99532e-01 -4.70173e-04  1.49883e+00 -4.70393e-04  9.99224e-01  9.99691e-01
 5.68000e+01  9.99534e-01 -4.76720e-04  1.49883e+00 -4.76942e-04  9.99226e-01  9.99692e-01
 5.69000e+01  9.99535e-01 -4.83246e-04  1.49884e+00 -4.83471e-04  9.99228e-01  9.99693e-01
 5.70000e+01  9.99536e-01 -4.89752e-04  1.49884e+00 -4.89979e-04  9.99231e-01  9.99694e-01
 5.71000e+01  9.99538e-01 -4.96237e-04  1.49884e+00 -4.96466e-04  9.99233e-01  9.99695e-01
 5.72000e+01  9.99539e-01 -5.02700e-04  1.49885e+00 -5.02932e-04  9.99235e-01  9.99696e-01
 5.73000e+01  9.99541e-01 -5.09142e-04  1.49885e+00 -5.09376e-04  9.99238e-01  9.99697e-01
 5.74000e+01  9.99542e-01 -5.15561e-04  1.49886e+00 -5.15797e-04  9.99240e-01  9.99698e-01
 5.75000e+01  9.99544e-01 -5.21959e-04  1.49886e+00 -5.22197e-04  9.99243e-01  9.99699e-01
 5.76000e+01  9.99545e-01 -5.28334e-04  1.49886e+00 -5.28574e-04  9.99245e-01  9.99700e-01
 5.77000e+01  9.99547e-01 -5.34686e-04  1.49887e+00 -5.34929e-04  9.99248e-01  9.99701e-01
 5.78000e+01  9.99548e-01 -5.41016e-04  1.49887e+00 -5.41260e-04  9.99250e-01  9.99702e-01
 5.79000e+01  9.99550e-01 -5.47322e-04  1.49887e+00 -5.47568e-04  9.99253e-01  9.99703e-01
 5.80000e+01  9.99552e-01 -5.53604e-04  1.49888e+00 -5.53853e-04  9.99256e-01  9.99704e-01
 5.81000e+01  9.99553e-01 -5.59863e-04  1.49888e+00 -5.60114e-04  9.99258e-01  9.99705e-01
 5.82000e+01  9.99555e-01 -5.66098e-04  1.49889e+00 -5.66350e-04  9.99261e-01  9.99706e-01
 5.83000e+01  9.99556e-01 -5.72309e-04  1.49889e+00 -5.72563e-04  9.99264e-01  9.99707e-01
 5.84000e+01  9.99558e-01 -5.78494e-04  1.49890e+00 -5.78750e-04  9.99267e-01  9.99708e-01
 5.85000e+01  9.99560e-01 -5.84656e-04  1.49890e+00 -5.84913e-04  9.99269e-01  9.99709e-01
 5.86000e+01  9.99561e-01 -5.90792e-04  1.49890e+00 -5.91051e-04  9.99272e-01  9.99711e-01
 5.87000e+01  9.99563e-01 -5.96902e-04  1.49891e+00 -5.97163e-04  9.99275e-01  9.99712e-01
 5.88000e+01  9.99565e-01 -6.02987e-04  1.49891e+00 -6.03250e-04  9.99278e-01  9.99713e-01
 5.89000e+01  9.99567e-01 -6.09047e-04  1.49892e+00 -6.09311e-04  9.99281e-01  9.99714e-01
 5.90000e+01  9.99568e-01 -6.15080e-04  1.49892e+00 -6.15345e-04  9.99284e-01  9.99715e-01
 5.91000e+01  9.99570e-01 -6.21087e-04  1.49893e+00 -6.21354e-04  9.99287e-01  9.99716e-01
 5.92000e+01  9.99572e-01 -6.27067e-04  1.49893e+00 -6.27336e-04  9.99290e-01  9.99718e-01
 5.93000e+01  9.99574e-01 -6.33021e-04  1.49893e+00 -6.33290e-04  9.99293e-01  9.99719e-01
 5.94000e+01  9.99576e-01 -6.38947e-04  1.49894e+00 -6.39218e-04  9.99296e-01  9.99720e-01
 5.95000e+01  9.99578e-01 -6.44846e-04  1.49894e+00 -6.45118e-04  9.99299e-01  9.99721e-01
 5.96000e+01  9.99580e-01 -6.50717e-04  1.49895e+00 -6.50991e-04  9.99302e-01  9.99722e-01
 5.97000e+01  9.99581e-01 -6.56561e-04  1.49895e+00 -6.56836e-04  9.99305e-01  9.99724e-01
 5.98000e+01  9.99583e-01 -6.62377e-04  1.49896e+00 -6.62653e-04  9.99308e-01  9.99725e-01
 5.99000e+01  9.99585e-01 -6.68164e-04  1.49896e+00 -6.68441e-04  9.99312e-01  9.99726e-01
 6.00000e+01  9.99587e-01 -6.73923e-04  1.49897e+00 -6.74201e-04  9.99315e-01  9.99728e-01
 6.01000e+01  9.99589e-01 -6.79653e-04  1.49897e+00 -6.79932e-04  9.99318e-01  9.99729e-01
 6.02000e+01  9.99591e-01 -6.85354e-04  1.49898e+00 -6.85634e-04  9.99321e-01  9.99730e-01
 6.03000e+01  9.99593e-01 -6.91026e-04  1.49898e+00 -6.91307e-04  9.99325e-01  9.99731e-01
 6.04000e+01  9.99595e-01 -6.96668e-04  1.49899e+00 -6.96951e-04  9.99328e-01  9.99733e-01
 6.05000e+01  9.99597e-01 -7.02281e-04  1.49899e+00 -7.02564e-04  9.99331e-01  9.99734e-01
 6.06000e+01  9.99599e-01 -7.07864e-04  1.49900e+00 -7.08148e-04  9.99335e-01  9.99735e-01
 6.07000e+01  9.99601e-01 -7.13417e-04  1.49900e+00 -7.13701e-04  9.99338e-01  9.99737e-01
 6.08000e+01  9.99603e-01 -7.18939e-04  1.49901e+00 -7.19224e-04  9.99342e-01  9.99738e-01
 6.09000e+01  9.99605e-01 -7.24431e-04  1.49901e+00 -7.24717e-04  9.99345e-01  9.99740e-01
 6.10000e+01  9.99608e-01 -7.29892e-04  1.49902e+00 -7.30178e-04  9.99349e-01  9.99741e-01
 6.11000e+01  9.99610e-01 -7.35322e-04  1.49902e+00 -7.35609e-04  9.99352e-01  9.99742e-01
 6.12000e+01  9.99612e-01 -7.40720e-04  1.49903e+00 -7.41008e-04  9.99356e-01  9.99744e-01
 6.13000e+01  9.99614e-01 -7.46088e-04  1.49904e+00 -7.46376e-04  9.99359e-01  9.99745e-01
 6.14000e+01  9.99616e-01 -7.51423e-04  1.49904e+00 -7.51712e-04  9.99363e-01  9.99747e-01
 6.15000e+01  9.99618e-01 -7.56727e-04  1.49905e+00 -7.57016e-04  9.99366e-01  9.99748e-01
 6.16000e+01  9.99621e-01 -7.61998e-04  1.49905e+00 -7.62288e-04  9.99370e-01  9.99750e-01
 6.17000e+01  9.99623e-01 -7.67237e-04  1.49906e+00 -7.67527e-04  9.99374e-01  9.99751e-01
 6.18000e+01  9.99625e-01 -7.72444e-04  1.49906e+00 -7.72734e-04  9.99377e-01  9.99752e-01
 6.19000e+01  9.99627e-01 -7.77618e-04  1.49907e+00 -7.77908e-04  9.99381e-01  9.99754e-01
 6.20000e+01  9.99629e-01 -7.82759e-04  1.49907e+00 -7.83049e-04  9.99385e-01  9.99755e-01
 6.21000e+01  9.99632e-01 -7.87867e-04  1.49908e+00 -7.88157e-04  9.99389e-01  9.99757e-01
 6.22000e+01  9.99634e-01 -7.92942e-04  1.49909e+00 -7.93232e-04  9.99393e-01  9.99758e-01
 6.23000e+01  9.99636e-01 -7.97983e-04  1.49909e+00 -7.98273e-04  9.99396e-01  9.99760e-01
 6.24000e+01  9.99639e-01 -8.02990e-04  1.49910e+00 -8.03280e-04  9.99400e-01  9.99761e-01
 6.25000e+01  9.99641e-01 -8.07963e-04  1.49910e+00 -8.08254e-04  9.99404e-01  9.99763e-01
 6.26000e+01  9.99643e-01 -8.12903e-04  1.49911e+00 -8.13193e-04  9.99408e-01  9.99765e-01
 6.27000e+01  9.99646e-01 -8.17808e-04  1.49911e+00 -8.18097e-04  9.99412e-01  9.99766e-01
 6.28000e+01  9.99648e-01 -8.22678e-04  1.49912e+00 -8.22968e-04  9.99416e-01  9.99768e-01
 6.29000e+01  9.99650e-01 -8.27514e-04  1.49913e+00 -8.27803e-04  9.99420e-01  9.99769e-01
 6.30000e+01  9.99653e-01 -8.32315e-04  1.49913e+00 -8.32604e-04  9.99424e-01  9.99771e-01
 6.31000e+01  9.99655e-01 -8.37080e-04  1.49914e+00 -8.37369e-04  9.99428e-01  9.99772e-01
 6.32000e+01  9.99658e-01 -8.41811e-04  1.49914e+00 -8.42099e-04  9.99432e-01  9.99774e-01
 6.33000e+01  9.99660e-01 -8.46506e-04  1.49915e+00 -8.46794e-04  9.99436e-01  9.99776e-01
 6.34000e+01  9.99663e-01 -8.51165e-04  1.49916e+00 -8.51452e-04  9.99440e-01  9.99777e-01
 6.35000e+01  9.99665e-01 -8.55789e-04  1.49916e+00 -8.56075e-04  9.99444e-01  9.99779e-01
 6.36000e+01  9.99668e-01 -8.60376e-04  1.49917e+00 -8.60662e-04  9.99448e-01  9.99781e-01
 6.37000e+01  9.99670e-01 -8.64928e-04  1.49918e+00 -8.65213e-04  9.99452e-01  9.99782e-01
 6.38000e+01  9.99673e-01 -8.69443e-04  1.49918e+00 -8.69728e-04  9.99456e-01  9.99784e-01
 6.39000e+01  9.99675e-01 -8.73921e-04  1.49919e+00 -8.74205e-04  9.99461e-01  9.99785e-01
 6.40000e+01  9.99678e-01 -8.78363e-04  1.49919e+00 -8.78647e-04  9.99465e-01  9.99787e-01
 6.41000e+01  9.99680e-01 -8.82768e-04  1.49920e+00 -8.83051e-04  9.99469e-01  9.99789e-01
 6.42000e+01  9.99683e-01 -8.87136e-04  1.49921e+00 -8.87418e-04  9.99473e-01  9.99791e-01
 6.43000e+01  9.99685e-01 -8.91467e-04  1.49921e+00 -8.91748e-04  9.99478e-01  9.99792e-01
 6.44000e+01  9.99688e-01 -8.95761e-04  1.49922e+00 -8.96040e-04  9.99482e-01  9.99794e-01
 6.45000e+01  9.99690e-01 -9.00017e-04  1.49923e+00 -9.00295e-04  9.99486e-01  9.99796e-01
 6.46000e+01  9.99693e-01 -9.04235e-04  1.49923e+00 -9.04513e-04  9.99491e-01  9.99797e-01
 6.47000e+01  9.99696e-01 -9.08416e-04  1.49924e+00 -9.08692e-04  9.99495e-01  9.99799e-01
 6.48000e+01  9.99698e-01 -9.12558e-04  1.49925e+00 -9.12833e-04  9.99499e-01  9.99801e-01
 6.49000e+01  9.99701e-01 -9.16663e-04  1.49925e+00 -9.16937e-04  9.99504e-01  9.99803e-01
 6.50000e+01  9.99704e-01 -9.20729e-04  1.49926e+00 -9.21002e-04  9.99508e-01  9.99804e-01
 6.51000e+01  9.99706e-01 -9.24756e-04  1.49927e+00 -9.25028e-04  9.99512e-01  9.99806e-01
 6.52000e+01  9.99709e-01 -9.28745e-04  1.49927e+00 -9.29016e-04  9.99517e-01  9.99808e-01
 6.53000e+01  9.99712e-01 -9.32696e-04  1.49928e+00 -9.32965e-04  9.99521e-01  9.99810e-01
 6.54000e+01  9.99714e-01 -9.36607e-04  1.49929e+00 -9.36875e-04  9.99526e-01  9.99811e-01
 6.55000e+01  9.99717e-01 -9.40480e-04  1.49929e+00 -9.40746e-04  9.99530e-01  9.99813e-01
 6.56000e+01  9.99720e-01 -9.44313e-04  1.49930e+00 -9.44578e-04  9.99535e-01  9.99815e-01
 6.57000e+01  9.99723e-01 -9.48107e-04  1.49931e+00 -9.48370e-04  9.99539e-01  9.99817e-01
 6.58000e+01  9.99725e-01 -9.51862e-04  1.49931e+00 -9.52123e-04  9.99544e-01  9.99819e-01
 6.59000e+01  9.99728e-01 -9.55577e-04  1.49932e+00 -9.55837e-04  9.99548e-01  9.99820e-01
 6.60000e+01  9.99731e-01 -9.59252e-04  1.49933e+00 -9.59510e-04  9.99553e-01  9.99822e-01
 6.61000e+01  9.99734e-01 -9.62887e-04  1.49933e+00 -9.63144e-04  9.99558e-01  9.99824e-01
 6.62000e+01  9.99736e-01 -9.66483e-04  1.49934e+00 -9.66738e-04  9.99562e-01  9.99826e-01
 6.63000e+01  9.99739e-01 -9.70038e-04  1.49935e+00 -9.70291e-04  9.99567e-01  9.99828e-01
 6.64000e+01  9.99742e-01 -9.73553e-04  1.49935e+00 -9.73805e-04  9.99572e-01  9.99830e-01
 6.65000e+01  9.99745e-01 -9.77028e-04  1.49936e+00 -9.77277e-04  9.99576e-01  9.99831e-01
 6.66000e+01  9.99748e-01 -9.80462e-04  1.49937e+00 -9.80710e-04  9.99581e-01  9.99833e-01
 6.67000e+01  9.99750e-01 -9.83856e-04  1.49938e+00 -9.84102e-04  9.99586e-01  9.99835e-01
 6.68000e+01  9.99753e-01 -9.87209e-04  1.49938e+00 -9.87453e-04  9.99590e-01  9.99837e-01
 6.69000e+01  9.99756e-01 -9.90521e-04  1.49939e+00 -9.90763e-04  9.99595e-01  9.99839e-01
 6.70000e+01  9.99759e-01 -9.93793e-04  1.49940e+00 -9.94032e-04  9.99600e-01  9.99841e-01
 6.71000e+01  9.99762e-01 -9.97023e-04  1.49940e+00 -9.97260e-04  9.99605e-01  9.99843e-01
 6.72000e+01  9.99765e-01 -1.00021e-03  1.49941e+00 -1.00045e-03  9.99609e-01  9.99845e-01
 6.73000e+01  9.99768e-01 -1.00336e-03  1.49942e+00 -1.00359e-03  9.99614e-01  9.99847e-01
 6.74000e+01  9.99771e-01 -1.00647e-03  1.49943e+00 -1.00670e-03  9.99619e-01  9.99848e-01
 6.75000e+01  9.99773e-01 -1.00953e-03  1.49943e+00 -1.00976e-03  9.99624e-01  9.99850e-01
 6.76000e+01  9.99776e-01 -1.01255e-03  1.49944e+00 -1.01278e-03  9.99629e-01  9.99852e-01
 6.77000e+01  9.99779e-01 -1.01554e-03  1.49945e+00 -1.01576e-03  9.99634e-01  9.99854e-01
 6.78000e+01  9.99782e-01 -1.01848e-03  1.49946e+00 -1.01870e-03  9.99638e-01  9.99856e-01
 6.79000e+01  9.99785e-01 -1.02137e-03  1.49946e+00 -1.02159e-03  9.99643e-01  9.99858e-01
 6.80000e+01  9.99788e-01 -1.02423e-03  1.49947e+00 -1.02445e-03  9.99648e-01  9.99860e-01
 6.81000e+01  9.99791e-01 -1.02704e-03  1.49948e+00 -1.02726e-03  9.99653e-01  9.99862e-01
 6.82000e+01  9.99794e-01 -1.02982e-03  1.49949e+00 -1.03003e-03  9.99658e-01  9.99864e-01
 6.83000e+01  9.99797e-01 -1.03254e-03  1.49949e+00 -1.03275e-03  9.99663e-01  9.99866e-01
 6.84000e+01  9.99800e-01 -1.03523e-03  1.49950e+00 -1.03544e-03  9.99668e-01  9.99868e-01
 6.85000e+01  9.99803e-01 -1.03788e-03  1.49951e+00 -1.03808e-03  9.99673e-01  9.99870e-01
 6.86000e+01  9.99806e-01 -1.04048e-03  1.49951e+00 -1.04068e-03  9.99678e-01  9.99872e-01
 6.87000e+01  9.99809e-01 -1.04304e-03  1.49952e+00 -1.04324e-03  9.99683e-01  9.99874e-01
 6.88000e+01  9.99812e-01 -1.04555e-03  1.49953e+00 -1.04575e-03  9.99688e-01  9.99876e-01
 6.89000e+01  9.99815e-01 -1.04803e-03  1.49954e+00 -1.04822e-03  9.99693e-01  9.99878e-01
 6.90000e+01  9.99818e-01 -1.05046e-03  1.49955e+00 -1.05065e-03  9.99698e-01  9.99880e-01
 6.91000e+01  9.99821e-01 -1.05285e-03  1.49955e+00 -1.05304e-03  9.99703e-01  9.99882e-01
 6.92000e+01  9.99824e-01 -1.05519e-03  1.49956e+00 -1.05538e-03  9.99708e-01  9.99884e-01
 6.93000e+01  9.99827e-01 -1.05750e-03  1.49957e+00 -1.05768e-03  9.99713e-01  9.99886e-01
 6.94000e+01  9.99830e-01 -1.05976e-03  1.49958e+00 -1.05994e-03  9.99718e-01  9.99888e-01
 6.95000e+01  9.99833e-01 -1.06197e-03  1.49958e+00 -1.06215e-03  9.99723e-01  9.99890e-01
 6.96000e+01  9.99836e-01 -1.06414e-03  1.49959e+00 -1.06432e-03  9.99728e-01  9.99892e-01
 6.97000e+01  9.99839e-01 -1.06627e-03  1.49960e+00 -1.06644e-03  9.99733e-01  9.99894e-01
 6.98000e+01  9.99842e-01 -1.06836e-03  1.49961e+00 -1.06853e-03  9.99738e-01  9.99896e-01
 6.99000e+01  9.99845e-01 -1.07040e-03  1.49961e+00 -1.07057e-03  9.99743e-01  9.99898e-01
 7.00000e+01  9.99849e-01 -1.07240e-03  1.49962e+00 -1.07256e-03  9.99748e-01  9.99900e-01
 7.01000e+01  9.99852e-01 -1.07436e-03  1.49963e+00 -1.07452e-03  9.99754e-01  9.99902e-01
 7.02000e+01  9.99855e-01 -1.07627e-03  1.49964e+00 -1.07642e-03  9.99759e-01  9.99904e-01
 7.03000e+01  9.99858e-01 -1.07814e-03  1.49964e+00 -1.07829e-03  9.99764e-01  9.99906e-01
 7.04000e+01  9.99861e-01 -1.07996e-03  1.49965e+00 -1.08011e-03  9.99769e-01  9.99908e-01
 7.05000e+01  9.99864e-01 -1.08174e-03  1.49966e+00 -1.08189e-03  9.99774e-01  9.99910e-01
 7.06000e+01  9.99867e-01 -1.08348e-03  1.49967e+00 -1.08362e-03  9.99779e-01  9.99912e-01
 7.07000e+01  9.99870e-01 -1.08517e-03  1.49968e+00 -1.08531e-03  9.99785e-01  9.99914e-01
 7.08000e+01  9.99873e-01 -1.08682e-03  1.49968e+00 -1.08696e-03  9.99790e-01  9.99916e-01
 7.09000e+01  9.99877e-01 -1.08843e-03  1.49969e+00 -1.08856e-03  9.99795e-01  9.99918e-01
 7.10000e+01  9.99880e-01 -1.08999e-03  1.49970e+00 -1.09012e-03  9.99800e-01  9.99920e-01
 7.11000e+01  9.99883e-01 -1.09151e-03  1.49971e+00 -1.09163e-03  9.99805e-01  9.99922e-01
 7.12000e+01  9.99886e-01 -1.09298e-03  1.49971e+00 -1.09310e-03  9.99810e-01  9.99925e-01
 7.13000e+01  9.99889e-01 -1.09441e-03  1.49972e+00 -1.09453e-03  9.99816e-01  9.99927e-01
 7.14000e+01  9.99892e-01 -1.09579e-03  1.49973e+00 -1.09591e-03  9.99821e-01  9.99929e-01
 7.15000e+01  9.99895e-01 -1.09713e-03  1.49974e+00 -1.09725e-03  9.99826e-01  9.99931e-01
 7.16000e+01  9.99899e-01 -1.09843e-03  1.49975e+00 -1.09854e-03  9.99831e-01  9.99933e-01
 7.17000e+01  9.99902e-01 -1.09968e-03  1.49975e+00 -1.09979e-03  9.99837e-01  9.99935e-01
 7.18000e+01  9.99905e-01 -1.10089e-03  1.49976e+00 -1.10100e-03  9.99842e-01  9.99937e-01
 7.19000e+01  9.99908e-01 -1.10206e-03  1.49977e+00 -1.10216e-03  9.99847e-01  9.99939e-01
 7.20000e+01  9.99911e-01 -1.10318e-03  1.49978e+00 -1.10327e-03  9.99852e-01  9.99941e-01
 7.21000e+01  9.99914e-01 -1.10425e-03  1.49979e+00 -1.10435e-03  9.99858e-01  9.99943e-01
 7.22000e+01  9.99917e-01 -1.10528e-03  1.49979e+00 -1.10537e-03  9.99863e-01  9.99945e-01
 7.23000e+01  9.99921e-01 -1.10627e-03  1.49980e+00 -1.10636e-03  9.99868e-01  9.99947e-01
 7.24000e+01  9.99924e-01 -1.10721e-03  1.49981e+00 -1.10730e-03  9.99873e-01  9.99950e-01
 7.25000e+01  9.99927e-01 -1.10811e-03  1.49982e+00 -1.10819e-03  9.99879e-01  9.99952e-01
 7.26000e+01  9.99930e-01 -1.10897e-03  1.49983e+00 -1.10904e-03  9.99884e-01  9.99954e-01
 7.27000e+01  9.99933e-01 -1.10978e-03  1.49983e+00 -1.10985e-03  9.99889e-01  9.99956e-01
 7.28000e+01  9.99937e-01 -1.11054e-03  1.49984e+00 -1.11061e-03  9.99895e-01  9.99958e-01
 7.29000e+01  9.99940e-01 -1.11126e-03  1.49985e+00 -1.11133e-03  9.99900e-01  9.99960e-01
 7.30000e+01  9.99943e-01 -1.11194e-03  1.49986e+00 -1.11200e-03  9.99905e-01  9.99962e-01
 7.31000e+01  9.99946e-01 -1.11257e-03  1.49987e+00 -1.11263e-03  9.99910e-01  9.99964e-01
 7.32000e+01  9.99949e-01 -1.11316e-03  1.49987e+00 -1.11322e-03  9.99916e-01  9.99966e-01
 7.33000e+01  9.99952e-01 -1.11370e-03  1.49988e+00 -1.11376e-03  9.99921e-01  9.99968e-01
 7.34000e+01  9.99956e-01 -1.11420e-03  1.49989e+00 -1.11425e-03  9.99926e-01  9.99971e-01
 7.35000e+01  9.99959e-01 -1.11466e-03  1.49990e+00 -1.11470e-03  9.99932e-01  9.99973e-01
 7.36000e+01  9.99962e-01 -1.11507e-03  1.49991e+00 -1.11511e-03  9.99937e-01  9.99975e-01
 7.37000e+01  9.99965e-01 -1.11544e-03  1.49991e+00 -1.11547e-03  9.99942e-01  9.99977e-01
 7.38000e+01  9.99968e-01 -1.11576e-03  1.49992e+00 -1.11579e-03  9.99947e-01  9.99979e-01
 7.39000e+01  9.99972e-01 -1.11604e-03  1.49993e+00 -1.11607e-03  9.99953e-01  9.99981e-01
 7.40000e+01  9.99975e-01 -1.11627e-03  1.49994e+00 -1.11630e-03  9.99958e-01  9.99983e-01
 7.41000e+01  9.99978e-01 -1.11646e-03  1.49995e+00 -1.11648e-03  9.99963e-01  9.99985e-01
 7.42000e+01  9.99981e-01 -1.11660e-03  1.49995e+00 -1.11662e-03  9.99969e-01  9.99987e-01
 7.43000e+01  9.99984e-01 -1.11670e-03  1.49996e+00 -1.11672e-03  9.99974e-01  9.99990e-01
 7.44000e+01  9.99988e-01 -1.11676e-03  1.49997e+00 -1.11678e-03  9.99979e-01  9.99992e-01
 7.45000e+01  9.99991e-01 -1.11677e-03  1.49998e+00 -1.11678e-03  9.99985e-01  9.99994e-01
 7.46000e+01  9.99994e-01 -1.11674e-03  1.49999e+00 -1.11675e-03  9.99990e-01  9.99996e-01
 7.47000e+01  9.99997e-01 -1.11667e-03  1.49999e+00 -1.11667e-03  9.99995e-01  9.99998e-01
 7.48000e+01  1.00000e+00 -1.11655e-03  1.50000e+00 -1.11655e-03  1.00000e+00  1.00000e+00
 7.49000e+01  1.00000e+00 -1.11638e-03  1.50001e+00 -1.11638e-03  1.00001e+00  1.00000e+00
 7.50000e+01  1.00001e+00 -1.11618e-03  1.50002e+00 -1.11617e-03  1.00001e+00  1.00000e+00
 7.51000e+01  1.00001e+00 -1.11592e-03  1.50002e+00 -1.11591e-03  1.00002e+00  1.00001e+00
 7.52000e+01  1.00001e+00 -1.11563e-03  1.50003e+00 -1.11561e-03  1.00002e+00  1.00001e+00
 7.53000e+01  1.00002e+00 -1.11529e-03  1.50004e+00 -1.11527e-03  1.00003e+00  1.00001e+00
 7.54000e+01  1.00002e+00 -1.11491e-03  1.50005e+00 -1.11488e-03  1.00003e+00  1.00001e+00
 7.55000e+01  1.00002e+00 -1.11448e-03  1.50006e+00 -1.11445e-03  1.00004e+00  1.00001e+00
 7.56000e+01  1.00003e+00 -1.11401e-03  1.50006e+00 -1.11398e-03  1.00004e+00  1.00002e+00
 7.57000e+01  1.00003e+00 -1.11349e-03  1.50007e+00 -1.11346e-03  1.00005e+00  1.00002e+00
 7.58000e+01  1.00003e+00 -1.11293e-03  1.50008e+00 -1.11290e-03  1.00005e+00  1.00002e+00
 7.59000e+01  1.00004e+00 -1.11233e-03  1.50009e+00 -1.11229e-03  1.00006e+00  1.00002e+00
 7.60000e+01  1.00004e+00 -1.11169e-03  1.50010e+00 -1.11164e-03  1.00006e+00  1.00003e+00
 7.61000e+01  1.00004e+00 -1.11100e-03  1.50010e+00 -1.11095e-03  1.00007e+00  1.00003e+00
 7.62000e+01  1.00004e+00 -1.11027e-03  1.50011e+00 -1.11022e-03  1.00007e+00  1.00003e+00
 7.63000e+01  1.00005e+00 -1.10949e-03  1.50012e+00 -1.10944e-03  1.00008e+00  1.00003e+00
 7.64000e+01  1.00005e+00 -1.10867e-03  1.50013e+00 -1.10861e-03  1.00009e+00  1.00003e+00
 7.65000e+01  1.00005e+00 -1.10781e-03  1.50014e+00 -1.10775e-03  1.00009e+00  1.00004e+00
 7.66000e+01  1.00006e+00 -1.10690e-03  1.50014e+00 -1.10684e-03  1.00010e+00  1.00004e+00
 7.67000e+01  1.00006e+00 -1.10595e-03  1.50015e+00 -1.10589e-03  1.00010e+00  1.00004e+00
 7.68000e+01  1.00006e+00 -1.10496e-03  1.50016e+00 -1.10489e-03  1.00011e+00  1.00004e+00
 7.69000e+01  1.00007e+00 -1.10393e-03  1.50017e+00 -1.10385e-03  1.00011e+00  1.00004e+00
 7.70000e+01  1.00007e+00 -1.10285e-03  1.50018e+00 -1.10277e-03  1.00012e+00  1.00005e+00
 7.71000e+01  1.00007e+00 -1.10173e-03  1.50018e+00 -1.10165e-03  1.00012e+00  1.00005e+00
 7.72000e+01  1.00008e+00 -1.10056e-03  1.50019e+00 -1.10048e-03  1.00013e+00  1.00005e+00
 7.73000e+01  1.00008e+00 -1.09936e-03  1.50020e+00 -1.09927e-03  1.00013e+00  1.00005e+00
 7.74000e+01  1.00008e+00 -1.09811e-03  1.50021e+00 -1.09801e-03  1.00014e+00  1.00005e+00
 7.75000e+01  1.00009e+00 -1.09681e-03  1.50021e+00 -1.09672e-03  1.00014e+00  1.00006e+00
 7.76000e+01  1.00009e+00 -1.09548e-03  1.50022e+00 -1.09538e-03  1.00015e+00  1.00006e+00
 7.77000e+01  1.00009e+00 -1.09410e-03  1.50023e+00 -1.09400e-03  1.00015e+00  1.00006e+00
 7.78000e+01  1.00010e+00 -1.09268e-03  1.50024e+00 -1.09258e-03  1.00016e+00  1.00006e+00
 7.79000e+01  1.00010e+00 -1.09122e-03  1.50025e+00 -1.09111e-03  1.00016e+00  1.00006e+00
 7.80000e+01  1.00010e+00 -1.08972e-03  1.50025e+00 -1.08961e-03  1.00017e+00  1.00007e+00
 7.81000e+01  1.00010e+00 -1.08817e-03  1.50026e+00 -1.08806e-03  1.00017e+00  1.00007e+00
 7.82000e+01  1.00011e+00 -1.08658e-03  1.50027e+00 -1.08647e-03  1.00018e+00  1.00007e+00
 7.83000e+01  1.00011e+00 -1.08495e-03  1.50028e+00 -1.08483e-03  1.00018e+00  1.00007e+00
 7.84000e+01  1.00011e+00 -1.08328e-03  1.50028e+00 -1.08316e-03  1.00019e+00  1.00008e+00
 7.85000e+01  1.00012e+00 -1.08157e-03  1.50029e+00 -1.08144e-03  1.00019e+00  1.00008e+00
 7.86000e+01  1.00012e+00 -1.07981e-03  1.50030e+00 -1.07968e-03  1.00020e+00  1.00008e+00
 7.87000e+01  1.00012e+00 -1.07801e-03  1.50031e+00 -1.07788e-03  1.00020e+00  1.00008e+00
 7.88000e+01  1.00013e+00 -1.07618e-03  1.50032e+00 -1.07604e-03  1.00021e+00  1.00008e+00
 7.89000e+01  1.00013e+00 -1.07430e-03  1.50032e+00 -1.07416e-03  1.00021e+00  1.00009e+00
 7.90000e+01  1.00013e+00 -1.07237e-03  1.50033e+00 -1.07223e-03  1.00022e+00  1.00009e+00
 7.91000e+01  1.00014e+00 -1.07041e-03  1.50034e+00 -1.07027e-03  1.00022e+00  1.00009e+00
 7.92000e+01  1.00014e+00 -1.06841e-03  1.50035e+00 -1.06826e-03  1.00023e+00  1.00009e+00
 7.93000e+01  1.00014e+00 -1.06636e-03  1.50035e+00 -1.06621e-03  1.00023e+00  1.00009e+00
 7.94000e+01  1.00014e+00 -1.06428e-03  1.50036e+00 -1.06412e-03  1.00024e+00  1.00010e+00
 7.95000e+01  1.00015e+00 -1.06215e-03  1.50037e+00 -1.06199e-03  1.00024e+00  1.00010e+00
 7.96000e+01  1.00015e+00 -1.05998e-03  1.50038e+00 -1.05982e-03  1.00025e+00  1.00010e+00
 7.97000e+01  1.00015e+00 -1.05778e-03  1.50038e+00 -1.05761e-03  1.00025e+00  1.00010e+00
 7.98000e+01  1.00016e+00 -1.05553e-03  1.50039e+00 -1.05536e-03  1.00026e+00  1.00010e+00
 7.99000e+01  1.00016e+00 -1.05324e-03  1.50040e+00 -1.05307e-03  1.00026e+00  1.00011e+00
 8.00000e+01  1.00016e+00 -1.05091e-03  1.50041e+00 -1.05074e-03  1.00027e+00  1.00011e+00
 8.01000e+01  1.00017e+00 -1.04854e-03  1.50041e+00 -1.04837e-03  1.00027e+00  1.00011e+00
 8.02000e+01  1.00017e+00 -1.04613e-03  1.50042e+00 -1.04596e-03  1.00028e+00  1.00011e+00
 8.03000e+01  1.00017e+00 -1.04368e-03  1.50043e+00 -1.04350e-03  1.00028e+00  1.00011e+00
 8.04000e+01  1.00017e+00 -1.04119e-03  1.50044e+00 -1.04101e-03  1.00029e+00  1.00011e+00
 8.05000e+01  1.00018e+00 -1.03866e-03  1.50044e+00 -1.03848e-03  1.00029e+00  1.00012e+00
 8.06000e+01  1.00018e+00 -1.03610e-03  1.50045e+00 -1.03591e-03  1.00030e+00  1.00012e+00
 8.07000e+01  1.00018e+00 -1.03349e-03  1.50046e+00 -1.03330e-03  1.00030e+00  1.00012e+00
 8.08000e+01  1.00019e+00 -1.03084e-03  1.50047e+00 -1.03065e-03  1.00031e+00  1.00012e+00
 8.09000e+01  1.00019e+00 -1.02816e-03  1.50047e+00 -1.02796e-03  1.00031e+00  1.00012e+00
 8.10000e+01  1.00019e+00 -1.02543e-03  1.50048e+00 -1.02523e-03  1.00032e+00  1.00013e+00
 8.11000e+01  1.00019e+00 -1.02267e-03  1.50049e+00 -1.02247e-03  1.00032e+00  1.00013e+00
 8.12000e+01  1.00020e+00 -1.01986e-03  1.50049e+00 -1.01966e-03  1.00033e+00  1.00013e+00
 8.13000e+01  1.00020e+00 -1.01702e-03  1.50050e+00 -1.01682e-03  1.00033e+00  1.00013e+00
 8.14000e+01  1.00020e+00 -1.01414e-03  1.50051e+00 -1.01393e-03  1.00034e+00  1.00013e+00
 8.15000e+01  1.00021e+00 -1.01122e-03  1.50052e+00 -1.01101e-03  1.00034e+00  1.00014e+00
 8.16000e+01  1.00021e+00 -1.00827e-03  1.50052e+00 -1.00805e-03  1.00035e+00  1.00014e+00
 8.17000e+01  1.00021e+00 -1.00527e-03  1.50053e+00 -1.00506e-03  1.00035e+00  1.00014e+00
 8.18000e+01  1.00021e+00 -1.00224e-03  1.50054e+00 -1.00202e-03  1.00036e+00  1.00014e+00
 8.19000e+01  1.00022e+00 -9.99165e-04  1.50054e+00 -9.98948e-04  1.00036e+00  1.00014e+00
 8.20000e+01  1.00022e+00 -9.96056e-04  1.50055e+00 -9.95837e-04  1.00037e+00  1.00015e+00
 8.21000e+01  1.00022e+00 -9.92910e-04  1.50056e+00 -9.92688e-04  1.00037e+00  1.00015e+00
 8.22000e+01  1.00023e+00 -9.89725e-04  1.50057e+00 -9.89502e-04  1.00038e+00  1.00015e+00
 8.23000e+01  1.00023e+00 -9.86504e-04  1.50057e+00 -9.86278e-04  1.00038e+00  1.00015e+00
 8.24000e+01  1.00023e+00 -9.83245e-04  1.50058e+00 -9.83018e-04  1.00038e+00  1.00015e+00
 8.25000e+01  1.00023e+00 -9.79950e-04  1.50059e+00 -9.79720e-04  1.00039e+00  1.00015e+00
 8.26000e+01  1.00024e+00 -9.76617e-04  1.50059e+00 -9.76385e-04  1.00039e+00  1.00016e+00
 8.27000e+01  1.00024e+00 -9.73247e-04  1.50060e+00 -9.73014e-04  1.00040e+00  1.00016e+00
 8.28000e+01  1.00024e+00 -9.69841e-04  1.50061e+00 -9.69606e-04  1.00040e+00  1.00016e+00
 8.29000e+01  1.00025e+00 -9.66399e-04  1.50061e+00 -9.66162e-04  1.00041e+00  1.00016e+00
 8.30000e+01  1.00025e+00 -9.62920e-04  1.50062e+00 -9.62681e-04  1.00041e+00  1.00016e+00
 8.31000e+01  1.00025e+00 -9.59405e-04  1.50063e+00 -9.59164e-04  1.00042e+00  1.00017e+00
 8.32000e+01  1.00025e+00 -9.55854e-04  1.50063e+00 -9.55611e-04  1.00042e+00  1.00017e+00
 8.33000e+01  1.00026e+00 -9.52267e-04  1.50064e+00 -9.52023e-04  1.00043e+00  1.00017e+00
 8.34000e+01  1.00026e+00 -9.48644e-04  1.50065e+00 -9.48398e-04  1.00043e+00  1.00017e+00
 8.35000e+01  1.00026e+00 -9.44986e-04  1.50065e+00 -9.44739e-04  1.00043e+00  1.00017e+00
 8.36000e+01  1.00026e+00 -9.41292e-04  1.50066e+00 -9.41043e-04  1.00044e+00  1.00017e+00
 8.37000e+01  1.00027e+00 -9.37563e-04  1.50067e+00 -9.37313e-04  1.00044e+00  1.00018e+00
 8.38000e+01  1.00027e+00 -9.33799e-04  1.50067e+00 -9.33547e-04  1.00045e+00  1.00018e+00
 8.39000e+01  1.00027e+00 -9.30000e-04  1.50068e+00 -9.29747e-04  1.00045e+00  1.00018e+00
 8.40000e+01  1.00027e+00 -9.26166e-04  1.50069e+00 -9.25912e-04  1.00046e+00  1.00018e+00
 8.41000e+01  1.00028e+00 -9.22298e-04  1.50069e+00 -9.22042e-04  1.00046e+00  1.00018e+00
 8.42000e+01  1.00028e+00 -9.18395e-04  1.50070e+00 -9.18138e-04  1.00047e+00  1.00018e+00
 8.43000e+01  1.00028e+00 -9.14458e-04  1.50071e+00 -9.14200e-04  1.00047e+00  1.00019e+00
 8.44000e+01  1.00029e+00 -9.10487e-04  1.50071e+00 -9.10227e-04  1.00047e+00  1.00019e+00
 8.45000e+01  1.00029e+00 -9.06482e-04  1.50072e+00 -9.06221e-04  1.00048e+00  1.00019e+00
 8.46000e+01  1.00029e+00 -9.02443e-04  1.50073e+00 -9.02181e-04  1.00048e+00  1.00019e+00
 8.47000e+01  1.00029e+00 -8.98370e-04  1.50073e+00 -8.98107e-04  1.00049e+00  1.00019e+00
 8.48000e+01  1.00030e+00 -8.94264e-04  1.50074e+00 -8.94000e-04  1.00049e+00  1.00020e+00
 8.49000e+01  1.00030e+00 -8.90125e-04  1.50075e+00 -8.89859e-04  1.00049e+00  1.00020e+00
 8.50000e+01  1.00030e+00 -8.85952e-04  1.50075e+00 -8.85686e-04  1.00050e+00  1.00020e+00
 8.51000e+01  1.00030e+00 -8.81747e-04  1.50076e+00 -8.81480e-04  1.00050e+00  1.00020e+00
 8.52000e+01  1.00031e+00 -8.77509e-04  1.50076e+00 -8.77241e-04  1.00051e+00  1.00020e+00
 8.53000e+01  1.00031e+00 -8.73238e-04  1.50077e+00 -8.72969e-04  1.00051e+00  1.00020e+00
 8.54000e+01  1.00031e+00 -8.68935e-04  1.50078e+00 -8.68665e-04  1.00052e+00  1.00020e+00
 8.55000e+01  1.00031e+00 -8.64599e-04  1.50078e+00 -8.64329e-04  1.00052e+00  1.00021e+00
 8.56000e+01  1.00032e+00 -8.60231e-04  1.50079e+00 -8.59960e-04  1.00052e+00  1.00021e+00
 8.57000e+01  1.00032e+00 -8.55832e-04  1.50079e+00 -8.55560e-04  1.00053e+00  1.00021e+00
 8.58000e+01  1.00032e+00 -8.51401e-04  1.50080e+00 -8.51128e-04  1.00053e+00  1.00021e+00
 8.59000e+01  1.00032e+00 -8.46938e-04  1.50081e+00 -8.46665e-04  1.00054e+00  1.00021e+00
 8.60000e+01  1.00032e+00 -8.42444e-04  1.50081e+00 -8.42170e-04  1.00054e+00  1.00021e+00
 8.61000e+01  1.00033e+00 -8.37919e-04  1.50082e+00 -8.37645e-04  1.00054e+00  1.00022e+00
 8.62000e+01  1.00033e+00 -8.33363e-04  1.50082e+00 -8.33088e-04  1.00055e+00  1.00022e+00
 8.63000e+01  1.00033e+00 -8.28776e-04  1.50083e+00 -8.28501e-04  1.00055e+00  1.00022e+00
 8.64000e+01  1.00033e+00 -8.24158e-04  1.50084e+00 -8.23882e-04  1.00056e+00  1.00022e+00
 8.65000e+01  1.00034e+00 -8.19510e-04  1.50084e+00 -8.19234e-04  1.00056e+00  1.00022e+00
 8.66000e+01  1.00034e+00 -8.14831e-04  1.50085e+00 -8.14555e-04  1.00056e+00  1.00022e+00
 8.67000e+01  1.00034e+00 -8.10123e-04  1.50085e+00 -8.09847e-04  1.00057e+00  1.00023e+00
 8.68000e+01  1.00034e+00 -8.05385e-04  1.50086e+00 -8.05108e-04  1.00057e+00  1.00023e+00
 8.69000e+01  1.00035e+00 -8.00617e-04  1.50086e+00 -8.00340e-04  1.00057e+00  1.00023e+00
 8.70000e+01  1.00035e+00 -7.95819e-04  1.50087e+00 -7.95542e-04  1.00058e+00  1.00023e+00
 8.71000e+01  1.00035e+00 -7.90992e-04  1.50088e+00 -7.90715e-04  1.00058e+00  1.00023e+00
 8.72000e+01  1.00035e+00 -7.86136e-04  1.50088e+00 -7.85859e-04  1.00059e+00  1.00023e+00
 8.73000e+01  1.00035e+00 -7.81251e-04  1.50089e+00 -7.80974e-04  1.00059e+00  1.00023e+00
 8.74000e+01  1.00036e+00 -7.76338e-04  1.50089e+00 -7.76061e-04  1.00059e+00  1.00024e+00
 8.75000e+01  1.00036e+00 -7.71395e-04  1.50090e+00 -7.71119e-04  1.00060e+00  1.00024e+00
 8.76000e+01  1.00036e+00 -7.66425e-04  1.50090e+00 -7.66148e-04  1.00060e+00  1.00024e+00
 8.77000e+01  1.00036e+00 -7.61426e-04  1.50091e+00 -7.61150e-04  1.00060e+00  1.00024e+00
 8.78000e+01  1.00037e+00 -7.56400e-04  1.50091e+00 -7.56123e-04  1.00061e+00  1.00024e+00
 8.79000e+01  1.00037e+00 -7.51345e-04  1.50092e+00 -7.51069e-04  1.00061e+00  1.00024e+00
 8.80000e+01  1.00037e+00 -7.46263e-04  1.50092e+00 -7.45987e-04  1.00061e+00  1.00024e+00
 8.81000e+01  1.00037e+00 -7.41154e-04  1.50093e+00 -7.40878e-04  1.00062e+00  1.00025e+00
 8.82000e+01  1.00037e+00 -7.36017e-04  1.50093e+00 -7.35742e-04  1.00062e+00  1.00025e+00
 8.83000e+01  1.00038e+00 -7.30854e-04  1.50094e+00 -7.30579e-04  1.00062e+00  1.00025e+00
 8.84000e+01  1.00038e+00 -7.25663e-04  1.50094e+00 -7.25389e-04  1.00063e+00  1.00025e+00
 8.85000e+01  1.00038e+00 -7.20446e-04  1.50095e+00 -7.20173e-04  1.00063e+00  1.00025e+00
 8.86000e+01  1.00038e+00 -7.15203e-04  1.50096e+00 -7.14930e-04  1.00063e+00  1.00025e+00
 8.87000e+01  1.00038e+00 -7.09934e-04  1.50096e+00 -7.09661e-04  1.00064e+00  1.00025e+00
 8.88000e+01  1.00039e+00 -7.04638e-04  1.50097e+00 -7.04366e-04  1.00064e+00  1.00025e+00
 8.89000e+01  1.00039e+00 -6.99317e-04  1.50097e+00 -6.99046e-04  1.00064e+00  1.00026e+00
 8.90000e+01  1.00039e+00 -6.93970e-04  1.50097e+00 -6.93700e-04  1.00065e+00  1.00026e+00
 8.91000e+01  1.00039e+00 -6.88598e-04  1.50098e+00 -6.88329e-04  1.00065e+00  1.00026e+00
 8.92000e+01  1.00039e+00 -6.83201e-04  1.50098e+00 -6.82932e-04  1.00065e+00  1.00026e+00
 8.93000e+01  1.00040e+00 -6.77779e-04  1.50099e+00 -6.77511e-04  1.00066e+00  1.00026e+00
 8.94000e+01  1.00040e+00 -6.72332e-04  1.50099e+00 -6.72065e-04  1.00066e+00  1.00026e+00
 8.95000e+01  1.00040e+00 -6.66861e-04  1.50100e+00 -6.66594e-04  1.00066e+00  1.00026e+00
 8.96000e+01  1.00040e+00 -6.61365e-04  1.50100e+00 -6.61100e-04  1.00067e+00  1.00026e+00
 8.97000e+01  1.00040e+00 -6.55845e-04  1.50101e+00 -6.55581e-04  1.00067e+00  1.00027e+00
 8.98000e+01  1.00040e+00 -6.50301e-04  1.50101e+00 -6.50038e-04  1.00067e+00  1.00027e+00
 8.99000e+01  1.00041e+00 -6.44734e-04  1.50102e+00 -6.44472e-04  1.00068e+00  1.00027e+00
 9.00000e+01  1.00041e+00 -6.39143e-04  1.50102e+00 -6.38882e-04  1.00068e+00  1.00027e+00
 9.01000e+01  1.00041e+00 -6.33529e-04  1.50103e+00 -6.33269e-04  1.00068e+00  1.00027e+00
 9.02000e+01  1.00041e+00 -6.27892e-04  1.50103e+00 -6.27633e-04  1.00068e+00  1.00027e+00
 9.03000e+01  1.00041e+00 -6.22232e-04  1.50103e+00 -6.21974e-04  1.00069e+00  1.00027e+00
 9.04000e+01  1.00042e+00 -6.16549e-04  1.50104e+00 -6.16293e-04  1.00069e+00  1.00027e+00
 9.05000e+01  1.00042e+00 -6.10844e-04  1.50104e+00 -6.10589e-04  1.00069e+00  1.00028e+00
 9.06000e+01  1.00042e+00 -6.05117e-04  1.50105e+00 -6.04863e-04  1.00070e+00  1.00028e+00
 9.07000e+01  1.00042e+00 -5.99367e-04  1.50105e+00 -5.99115e-04  1.00070e+00  1.00028e+00
 9.08000e+01  1.00042e+00 -5.93596e-04  1.50106e+00 -5.93346e-04  1.00070e+00  1.00028e+00
 9.09000e+01  1.00042e+00 -5.87804e-04  1.50106e+00 -5.87555e-04  1.00070e+00  1.00028e+00
 9.10000e+01  1.00043e+00 -5.81990e-04  1.50106e+00 -5.81742e-04  1.00071e+00  1.00028e+00
 9.11000e+01  1.00043e+00 -5.76155e-04  1.50107e+00 -5.75909e-04  1.00071e+00  1.00028e+00
 9.12000e+01  1.00043e+00 -5.70299e-04  1.50107e+00 -5.70055e-04  1.00071e+00  1.00028e+00
 9.13000e+01  1.00043e+00 -5.64423e-04  1.50108e+00 -5.64180e-04  1.00071e+00  1.00028e+00
 9.14000e+01  1.00043e+00 -5.58526e-04  1.50108e+00 -5.58284e-04  1.00072e+00  1.00029e+00
 9.15000e+01  1.00043e+00 -5.52608e-04  1.50108e+00 -5.52369e-04  1.00072e+00  1.00029e+00
 9.16000e+01  1.00044e+00 -5.46671e-04  1.50109e+00 -5.46433e-04  1.00072e+00  1.00029e+00
 9.17000e+01  1.00044e+00 -5.40714e-04  1.50109e+00 -5.40478e-04  1.00073e+00  1.00029e+00
 9.18000e+01  1.00044e+00 -5.34737e-04  1.50110e+00 -5.34503e-04  1.00073e+00  1.00029e+00
 9.19000e+01  1.00044e+00 -5.28741e-04  1.50110e+00 -5.28509e-04  1.00073e+00  1.00029e+00
 9.20000e+01  1.00044e+00 -5.22726e-04  1.50110e+00 -5.22496e-04  1.00073e+00  1.00029e+00
 9.21000e+01  1.00044e+00 -5.16692e-04  1.50111e+00 -5.16464e-04  1.00074e+00  1.00029e+00
 9.22000e+01  1.00044e+00 -5.10640e-04  1.50111e+00 -5.10413e-04  1.00074e+00  1.00029e+00
 9.23000e+01  1.00045e+00 -5.04569e-04  1.50111e+00 -5.04344e-04  1.00074e+00  1.00029e+00
 9.24000e+01  1.00045e+00 -4.98479e-04  1.50112e+00 -4.98257e-04  1.00074e+00  1.00030e+00
 9.25000e+01  1.00045e+00 -4.92372e-04  1.50112e+00 -4.92151e-04  1.00074e+00  1.00030e+00
 9.26000e+01  1.00045e+00 -4.86247e-04  1.50112e+00 -4.86028e-04  1.00075e+00  1.00030e+00
 9.27000e+01  1.00045e+00 -4.80104e-04  1.50113e+00 -4.79888e-04  1.00075e+00  1.00030e+00
 9.28000e+01  1.00045e+00 -4.73944e-04  1.50113e+00 -4.73730e-04  1.00075e+00  1.00030e+00
 9.29000e+01  1.00045e+00 -4.67767e-04  1.50113e+00 -4.67555e-04  1.00075e+00  1.00030e+00
 9.30000e+01  1.00045e+00 -4.61573e-04  1.50114e+00 -4.61363e-04  1.00076e+00  1.00030e+00
 9.31000e+01  1.00046e+00 -4.55362e-04  1.50114e+00 -4.55155e-04  1.00076e+00  1.00030e+00
 9.32000e+01  1.00046e+00 -4.49135e-04  1.50114e+00 -4.48930e-04  1.00076e+00  1.00030e+00
 9.33000e+01  1.00046e+00 -4.42892e-04  1.50115e+00 -4.42689e-04  1.00076e+00  1.00030e+00
 9.34000e+01  1.00046e+00 -4.36633e-04  1.50115e+00 -4.36432e-04  1.00076e+00  1.00030e+00
 9.35000e+01  1.00046e+00 -4.30358e-04  1.50115e+00 -4.30160e-04  1.00077e+00  1.00030e+00
 9.36000e+01  1.00046e+00 -4.24068e-04  1.50116e+00 -4.23872e-04  1.00077e+00  1.00031e+00
 9.37000e+01  1.00046e+00 -4.17762e-04  1.50116e+00 -4.17568e-04  1.00077e+00  1.00031e+00
 9.38000e+01  1.00046e+00 -4.11441e-04  1.50116e+00 -4.11250e-04  1.00077e+00  1.00031e+00
 9.39000e+01  1.00047e+00 -4.05106e-04  1.50116e+00 -4.04917e-04  1.00077e+00  1.00031e+00
 9.40000e+01  1.00047e+00 -3.98756e-04  1.50117e+00 -3.98569e-04  1.00078e+00  1.00031e+00
 9.41000e+01  1.00047e+00 -3.92391e-04  1.50117e+00 -3.92208e-04  1.00078e+00  1.00031e+00
 9.42000e+01  1.00047e+00 -3.86013e-04  1.50117e+00 -3.85832e-04  1.00078e+00  1.00031e+00
 9.43000e+01  1.00047e+00 -3.79620e-04  1.50118e+00 -3.79442e-04  1.00078e+00  1.00031e+00
 9.44000e+01  1.00047e+00 -3.73214e-04  1.50118e+00 -3.73038e-04  1.00078e+00  1.00031e+00
 9.45000e+01  1.00047e+00 -3.66795e-04  1.50118e+00 -3.66621e-04  1.00078e+00  1.00031e+00
 9.46000e+01  1.00047e+00 -3.60362e-04  1.50118e+00 -3.60191e-04  1.00079e+00  1.00031e+00
 9.47000e+01  1.00047e+00 -3.53916e-04  1.50119e+00 -3.53748e-04  1.00079e+00  1.00031e+00
 9.48000e+01  1.00048e+00 -3.47458e-04  1.50119e+00 -3.47293e-04  1.00079e+00  1.00031e+00
 9.49000e+01  1.00048e+00 -3.40987e-04  1.50119e+00 -3.40825e-04  1.00079e+00  1.00031e+00
 9.50000e+01  1.00048e+00 -3.34504e-04  1.50119e+00 -3.34344e-04  1.00079e+00  1.00032e+00
 9.51000e+01  1.00048e+00 -3.28009e-04  1.50120e+00 -3.27852e-04  1.00079e+00  1.00032e+00
 9.52000e+01  1.00048e+00 -3.21502e-04  1.50120e+00 -3.21348e-04  1.00080e+00  1.00032e+00
 9.53000e+01  1.00048e+00 -3.14984e-04  1.50120e+00 -3.14833e-04  1.00080e+00  1.00032e+00
 9.54000e+01  1.00048e+00 -3.08454e-04  1.50120e+00 -3.08306e-04  1.00080e+00  1.00032e+00
 9.55000e+01  1.00048e+00 -3.01913e-04  1.50120e+00 -3.01768e-04  1.00080e+00  1.00032e+00
 9.56000e+01  1.00048e+00 -2.95362e-04  1.50121e+00 -2.95219e-04  1.00080e+00  1.00032e+00
 9.57000e+01  1.00048e+00 -2.88799e-04  1.50121e+00 -2.88660e-04  1.00080e+00  1.00032e+00
 9.58000e+01  1.00048e+00 -2.82227e-04  1.50121e+00 -2.82090e-04  1.00080e+00  1.00032e+00
 9.59000e+01  1.00048e+00 -2.75644e-04  1.50121e+00 -2.75511e-04  1.00081e+00  1.00032e+00
 9.60000e+01  1.00049e+00 -2.69052e-04  1.50121e+00 -2.68921e-04  1.00081e+00  1.00032e+00
 9.61000e+01  1.00049e+00 -2.62450e-04  1.50122e+00 -2.62322e-04  1.00081e+00  1.00032e+00
 9.62000e+01  1.00049e+00 -2.55838e-04  1.50122e+00 -2.55713e-04  1.00081e+00  1.00032e+00
 9.63000e+01  1.00049e+00 -2.49217e-04  1.50122e+00 -2.49096e-04  1.00081e+00  1.00032e+00
 9.64000e+01  1.00049e+00 -2.42588e-04  1.50122e+00 -2.42469e-04  1.00081e+00  1.00032e+00
 9.65000e+01  1.00049e+00 -2.35949e-04  1.50122e+00 -2.35834e-04  1.00081e+00  1.00032e+00
 9.66000e+01  1.00049e+00 -2.29302e-04  1.50122e+00 -2.29190e-04  1.00081e+00  1.00032e+00
 9.67000e+01  1.00049e+00 -2.22647e-04  1.50123e+00 -2.22538e-04  1.00081e+00  1.00032e+00
 9.68000e+01  1.00049e+00 -2.15984e-04  1.50123e+00 -2.15878e-04  1.00082e+00  1.00032e+00
 9.69000e+01  1.00049e+00 -2.09314e-04  1.50123e+00 -2.09211e-04  1.00082e+00  1.00032e+00
 9.70000e+01  1.00049e+00 -2.02635e-04  1.50123e+00 -2.02536e-04  1.00082e+00  1.00033e+00
 9.71000e+01  1.00049e+00 -1.95950e-04  1.50123e+00 -1.95853e-04  1.00082e+00  1.00033e+00
 9.72000e+01  1.00049e+00 -1.89258e-04  1.50123e+00 -1.89164e-04  1.00082e+00  1.00033e+00
 9.73000e+01  1.00049e+00 -1.82558e-04  1.50123e+00 -1.82468e-04  1.00082e+00  1.00033e+00
 9.74000e+01  1.00049e+00 -1.75852e-04  1.50124e+00 -1.75766e-04  1.00082e+00  1.00033e+00
 9.75000e+01  1.00049e+00 -1.69140e-04  1.50124e+00 -1.69057e-04  1.00082e+00  1.00033e+00
 9.76000e+01  1.00050e+00 -1.62422e-04  1.50124e+00 -1.62342e-04  1.00082e+00  1.00033e+00
 9.77000e+01  1.00050e+00 -1.55698e-04  1.50124e+00 -1.55621e-04  1.00082e+00  1.00033e+00
 9.78000e+01  1.00050e+00 -1.48969e-04  1.50124e+00 -1.48895e-04  1.00082e+00  1.00033e+00
 9.79000e+01  1.00050e+00 -1.42234e-04  1.50124e+00 -1.42163e-04  1.00082e+00  1.00033e+00
 9.80000e+01  1.00050e+00 -1.35494e-04  1.50124e+00 -1.35427e-04  1.00083e+00  1.00033e+00
 9.81000e+01  1.00050e+00 -1.28749e-04  1.50124e+00 -1.28685e-04  1.00083e+00  1.00033e+00
 9.82000e+01  1.00050e+00 -1.22000e-04  1.50124e+00 -1.21939e-04  1.00083e+00  1.00033e+00
 9.83000e+01  1.00050e+00 -1.15246e-04  1.50125e+00 -1.15189e-04  1.00083e+00  1.00033e+00
 9.84000e+01  1.00050e+00 -1.08488e-04  1.50125e+00 -1.08434e-04  1.00083e+00  1.00033e+00
 9.85000e+01  1.00050e+00 -1.01727e-04  1.50125e+00 -1.01676e-04  1.00083e+00  1.00033e+00
 9.86000e+01  1.00050e+00 -9.49613e-05  1.50125e+00 -9.49139e-05  1.00083e+00  1.00033e+00
 9.87000e+01  1.00050e+00 -8.81925e-05  1.50125e+00 -8.81485e-05  1.00083e+00  1.00033e+00
 9.88000e+01  1.00050e+00 -8.14206e-05  1.50125e+00 -8.13800e-05  1.00083e+00  1.00033e+00
 9.89000e+01  1.00050e+00 -7.46458e-05  1.50125e+00 -7.46085e-05  1.00083e+00  1.00033e+00
 9.90000e+01  1.00050e+00 -6.78683e-05  1.50125e+00 -6.78344e-05  1.00083e+00  1.00033e+00
 9.91000e+01  1.00050e+00 -6.10884e-05  1.50125e+00 -6.10578e-05  1.00083e+00  1.00033e+00
 9.92000e+01  1.00050e+00 -5.43063e-05  1.50125e+00 -5.42791e-05  1.00083e+00  1.00033e+00
 9.93000e+01  1.00050e+00 -4.75222e-05  1.50125e+00 -4.74985e-05  1.00083e+00  1.00033e+00
 9.94000e+01  1.00050e+00 -4.07365e-05  1.50125e+00 -4.07161e-05  1.00083e+00  1.00033e+00
 9.95000e+01  1.00050e+00 -3.39493e-05  1.50125e+00 -3.39323e-05  1.00083e+00  1.00033e+00
 9.96000e+01  1.00050e+00 -2.71609e-05  1.50125e+00 -2.71473e-05  1.00083e+00  1.00033e+00
 9.97000e+01  1.00050e+00 -2.03715e-05  1.50125e+00 -2.03613e-05  1.00083e+00  1.00033e+00
 9.98000e+01  1.00050e+00 -1.35814e-05  1.50125e+00 -1.35746e-05  1.00083e+00  1.00033e+00
 9.99000e+01  1.00050e+00 -6.79083e-06  1.50125e+00 -6.78743e-06  1.00083e+00  1.00033e+00
