 0.00000e+00  2.07726e-01  1.05092e-16  4.92192e-03  5.05915e-16 -2.69943e-03 -2.60003e-03  1.54280e-01
 5.00000e-01  2.07723e-01  1.60118e-05  4.92192e-03  7.70822e-05 -2.69938e-03 -2.59998e-03  1.54278e-01
 1.00000e+00  2.07714e-01  3.19934e-05  4.92192e-03  1.54026e-04 -2.69925e-03 -2.59984e-03  1.54273e-01
 1.50000e+00  2.07699e-01  4.79147e-05  4.92192e-03  2.30693e-04 -2.69903e-03 -2.59960e-03  1.54264e-01
 2.00000e+00  2.07678e-01  6.37460e-05  4.92193e-03  3.06946e-04 -2.69871e-03 -2.59926e-03  1.54252e-01
 2.50000e+00  2.07651e-01  7.94574e-05  4.92193e-03  3.82648e-04 -2.69831e-03 -2.59883e-03  1.54236e-01
 3.00000e+00  2.07618e-01  9.50197e-05  4.92194e-03  4.57665e-04 -2.69781e-03 -2.59830e-03  1.54217e-01
 3.50000e+00  2.07579e-01  1.10404e-04  4.92196e-03  5.31863e-04 -2.69722e-03 -2.59767e-03  1.54194e-01
 4.00000e+00  2.07535e-01  1.25582e-04  4.92199e-03  6.05112e-04 -2.69653e-03 -2.59695e-03  1.54167e-01
 4.50000e+00  2.07484e-01  1.40525e-04  4.92202e-03  6.77281e-04 -2.69573e-03 -2.59613e-03  1.54137e-01
 5.00000e+00  2.07427e-01  1.55206e-04  4.92207e-03  7.48246e-04 -2.69484e-03 -2.59522e-03  1.54104e-01
 5.50000e+00  2.07364e-01  1.69599e-04  4.92214e-03  8.17882e-04 -2.69384e-03 -2.59421e-03  1.54067e-01
 6.00000e+00  2.07295e-01  1.83678e-04  4.92223e-03  8.86071e-04 -2.69273e-03 -2.59311e-03  1.54027e-01
 6.50000e+00  2.07220e-01  1.97418e-04  4.92234e-03  9.52697e-04 -2.69150e-03 -2.59191e-03  1.53983e-01
 7.00000e+00  2.07140e-01  2.10795e-04  4.92247e-03  1.01765e-03 -2.69016e-03 -2.59062e-03  1.53936e-01
 7.50000e+00  2.07053e-01  2.23785e-04  4.92264e-03  1.08081e-03 -2.68870e-03 -2.58924e-03  1.53885e-01
 8.00000e+00  2.06960e-01  2.36367e-04  4.92284e-03  1.14209e-03 -2.68711e-03 -2.58776e-03  1.53831e-01
 8.50000e+00  2.06861e-01  2.48520e-04  4.92309e-03  1.20139e-03 -2.68539e-03 -2.58618e-03  1.53774e-01
 9.00000e+00  2.06757e-01  2.60224e-04  4.92337e-03  1.25860e-03 -2.68353e-03 -2.58452e-03  1.53713e-01
 9.50000e+00  2.06646e-01  2.71460e-04  4.92370e-03  1.31365e-03 -2.68154e-03 -2.58276e-03  1.53649e-01
 1.00000e+01  2.06530e-01  2.82210e-04  4.92409e-03  1.36644e-03 -2.67939e-03 -2.58091e-03  1.53581e-01
 1.05000e+01  2.06407e-01  2.92460e-04  4.92453e-03  1.41691e-03 -2.67710e-03 -2.57897e-03  1.53510e-01
 1.10000e+01  2.06279e-01  3.02193e-04  4.92504e-03  1.46497e-03 -2.67466e-03 -2.57694e-03  1.53436e-01
 1.15000e+01  2.06145e-01  3.11396e-04  4.92561e-03  1.51057e-03 -2.67205e-03 -2.57482e-03  1.53359e-01
 1.20000e+01  2.06005e-01  3.20058e-04  4.92625e-03  1.55364e-03 -2.66928e-03 -2.57261e-03  1.53279e-01
 1.25000e+01  2.05859e-01  3.28168e-04  4.92697e-03  1.59414e-03 -2.66634e-03 -2.57032e-03  1.53195e-01
 1.30000e+01  2.05708e-01  3.35716e-04  4.92777e-03  1.63201e-03 -2.66323e-03 -2.56794e-03  1.53109e-01
 1.35000e+01  2.05550e-01  3.42695e-04  4.92865e-03  1.66720e-03 -2.65994e-03 -2.56547e-03  1.53019e-01
 1.40000e+01  2.05388e-01  3.49098e-04  4.92962e-03  1.69970e-03 -2.65646e-03 -2.56293e-03  1.52926e-01
 1.45000e+01  2.05219e-01  3.54920e-04  4.93068e-03  1.72947e-03 -2.65280e-03 -2.56029e-03  1.52830e-01
 1.50000e+01  2.05045e-01  3.60159e-04  4.93184e-03  1.75649e-03 -2.64894e-03 -2.55758e-03  1.52732e-01
 1.55000e+01  2.04866e-01  3.64812e-04  4.93310e-03  1.78074e-03 -2.64489e-03 -2.55479e-03  1.52630e-01
 1.60000e+01  2.04681e-01  3.68880e-04  4.93447e-03  1.80222e-03 -2.64065e-03 -2.55192e-03  1.52526e-01
 1.65000e+01  2.04491e-01  3.72362e-04  4.93593e-03  1.82092e-03 -2.63620e-03 -2.54898e-03  1.52419e-01
 1.70000e+01  2.04296e-01  3.75261e-04  4.93751e-03  1.83685e-03 -2.63155e-03 -2.54596e-03  1.52309e-01
 1.75000e+01  2.04095e-01  3.77582e-04  4.93920e-03  1.85003e-03 -2.62669e-03 -2.54287e-03  1.52197e-01
 1.80000e+01  2.03890e-01  3.79330e-04  4.94100e-03  1.86046e-03 -2.62162e-03 -2.53971e-03  1.52082e-01
 1.85000e+01  2.03680e-01  3.80511e-04  4.94292e-03  1.86818e-03 -2.61635e-03 -2.53648e-03  1.51965e-01
 1.90000e+01  2.03465e-01  3.81133e-04  4.94496e-03  1.87322e-03 -2.61086e-03 -2.53319e-03  1.51846e-01
 1.95000e+01  2.03245e-01  3.81206e-04  4.94711e-03  1.87560e-03 -2.60517e-03 -2.52983e-03  1.51724e-01
 2.00000e+01  2.03021e-01  3.80741e-04  4.94938e-03  1.87538e-03 -2.59927e-03 -2.52642e-03  1.51600e-01
 2.05000e+01  2.02792e-01  3.79748e-04  4.95177e-03  1.87259e-03 -2.59316e-03 -2.52294e-03  1.51474e-01
 2.10000e+01  2.02560e-01  3.78241e-04  4.95428e-03  1.86731e-03 -2.58684e-03 -2.51942e-03  1.51345e-01
 2.15000e+01  2.02323e-01  3.76235e-04  4.95690e-03  1.85957e-03 -2.58032e-03 -2.51584e-03  1.51216e-01
 2.20000e+01  2.02083e-01  3.73743e-04  4.95964e-03  1.84945e-03 -2.57360e-03 -2.51221e-03  1.51084e-01
 2.25000e+01  2.01839e-01  3.70782e-04  4.96249e-03  1.83702e-03 -2.56667e-03 -2.50854e-03  1.50950e-01
 2.30000e+01  2.01592e-01  3.67370e-04  4.96546e-03  1.82234e-03 -2.55956e-03 -2.50482e-03  1.50815e-01
 2.35000e+01  2.01341e-01  3.63523e-04  4.96853e-03  1.80551e-03 -2.55225e-03 -2.50107e-03  1.50679e-01
 2.40000e+01  2.01088e-01  3.59260e-04  4.97171e-03  1.78658e-03 -2.54476e-03 -2.49729e-03  1.50541e-01
 2.45000e+01  2.00831e-01  3.54601e-04  4.97500e-03  1.76566e-03 -2.53710e-03 -2.49347e-03  1.50402e-01
 2.50000e+01  2.00573e-01  3.49565e-04  4.97838e-03  1.74283e-03 -2.52926e-03 -2.48962e-03  1.50262e-01
 2.55000e+01  2.00312e-01  3.44173e-04  4.98186e-03  1.71819e-03 -2.52126e-03 -2.48575e-03  1.50121e-01
 2.60000e+01  2.00049e-01  3.38445e-04  4.98543e-03  1.69181e-03 -2.51310e-03 -2.48187e-03  1.49980e-01
 2.65000e+01  1.99784e-01  3.32403e-04  4.98909e-03  1.66381e-03 -2.50480e-03 -2.47796e-03  1.49837e-01
 2.70000e+01  1.99517e-01  3.26068e-04  4.99282e-03  1.63428e-03 -2.49636e-03 -2.47405e-03  1.49695e-01
 2.75000e+01  1.99250e-01  3.19462e-04  4.99663e-03  1.60332e-03 -2.48779e-03 -2.47013e-03  1.49551e-01
 2.80000e+01  1.98982e-01  3.12607e-04  5.00050e-03  1.57103e-03 -2.47911e-03 -2.46621e-03  1.49408e-01
 2.85000e+01  1.98713e-01  3.05524e-04  5.00444e-03  1.53752e-03 -2.47032e-03 -2.46228e-03  1.49265e-01
 2.90000e+01  1.98444e-01  2.98236e-04  5.00843e-03  1.50288e-03 -2.46144e-03 -2.45837e-03  1.49121e-01
 2.95000e+01  1.98174e-01  2.90764e-04  5.01247e-03  1.46721e-03 -2.45248e-03 -2.45446e-03  1.48978e-01
 3.00000e+01  1.97905e-01  2.83129e-04  5.01655e-03  1.43063e-03 -2.44345e-03 -2.45057e-03  1.48836e-01
 3.05000e+01  1.97637e-01  2.75352e-04  5.02066e-03  1.39322e-03 -2.43437e-03 -2.44670e-03  1.48694e-01
 3.10000e+01  1.97370e-01  2.67455e-04  5.02480e-03  1.35510e-03 -2.42524e-03 -2.44286e-03  1.48552e-01
 3.15000e+01  1.97104e-01  2.59458e-04  5.02895e-03  1.31635e-03 -2.41609e-03 -2.43904e-03  1.48412e-01
 3.20000e+01  1.96840e-01  2.51380e-04  5.03312e-03  1.27708e-03 -2.40693e-03 -2.43526e-03  1.48273e-01
 3.25000e+01  1.96577e-01  2.43240e-04  5.03728e-03  1.23738e-03 -2.39778e-03 -2.43152e-03  1.48135e-01
 3.30000e+01  1.96318e-01  2.35058e-04  5.04144e-03  1.19734e-03 -2.38864e-03 -2.42781e-03  1.47998e-01
 3.35000e+01  1.96060e-01  2.26851e-04  5.04558e-03  1.15705e-03 -2.37954e-03 -2.42416e-03  1.47863e-01
 3.40000e+01  1.95806e-01  2.18636e-04  5.04970e-03  1.11660e-03 -2.37049e-03 -2.42056e-03  1.47730e-01
 3.45000e+01  1.95555e-01  2.10429e-04  5.05379e-03  1.07606e-03 -2.36150e-03 -2.41701e-03  1.47599e-01
 3.50000e+01  1.95308e-01  2.02246e-04  5.05784e-03  1.03552e-03 -2.35259e-03 -2.41353e-03  1.47470e-01
 3.55000e+01  1.95065e-01  1.94100e-04  5.06184e-03  9.95053e-04 -2.34379e-03 -2.41011e-03  1.47343e-01
 3.60000e+01  1.94826e-01  1.86005e-04  5.06579e-03  9.54723e-04 -2.33510e-03 -2.40676e-03  1.47219e-01
 3.65000e+01  1.94592e-01  1.77974e-04  5.06967e-03  9.14598e-04 -2.32654e-03 -2.40349e-03  1.47097e-01
 3.70000e+01  1.94364e-01  1.70017e-04  5.07349e-03  8.74737e-04 -2.31812e-03 -2.40029e-03  1.46978e-01
 3.75000e+01  1.94140e-01  1.62145e-04  5.07722e-03  8.35195e-04 -2.30987e-03 -2.39718e-03  1.46862e-01
 3.80000e+01  1.93923e-01  1.54367e-04  5.08087e-03  7.96021e-04 -2.30180e-03 -2.39415e-03  1.46749e-01
 3.85000e+01  1.93711e-01  1.46690e-04  5.08443e-03  7.57260e-04 -2.29392e-03 -2.39122e-03  1.46639e-01
 3.90000e+01  1.93506e-01  1.39121e-04  5.08789e-03  7.18949e-04 -2.28625e-03 -2.38838e-03  1.46533e-01
 3.95000e+01  1.93308e-01  1.31666e-04  5.09124e-03  6.81123e-04 -2.27880e-03 -2.38563e-03  1.46430e-01
 4.00000e+01  1.93116e-01  1.24330e-04  5.09448e-03  6.43809e-04 -2.27160e-03 -2.38299e-03  1.46331e-01
 4.05000e+01  1.92932e-01  1.17115e-04  5.09761e-03  6.07027e-04 -2.26464e-03 -2.38046e-03  1.46236e-01
 4.10000e+01  1.92755e-01  1.10024e-04  5.10060e-03  5.70794e-04 -2.25795e-03 -2.37803e-03  1.46145e-01
 4.15000e+01  1.92587e-01  1.03057e-04  5.10347e-03  5.35121e-04 -2.25155e-03 -2.37572e-03  1.46058e-01
 4.20000e+01  1.92426e-01  9.62154e-05  5.10620e-03  5.00012e-04 -2.24543e-03 -2.37352e-03  1.45975e-01
 4.25000e+01  1.92274e-01  8.94970e-05  5.10879e-03  4.65466e-04 -2.23962e-03 -2.37144e-03  1.45896e-01
 4.30000e+01  1.92131e-01  8.29000e-05  5.11124e-03  4.31477e-04 -2.23413e-03 -2.36948e-03  1.45822e-01
 4.35000e+01  1.91996e-01  7.64211e-05  5.11354e-03  3.98035e-04 -2.22897e-03 -2.36764e-03  1.45753e-01
 4.40000e+01  1.91870e-01  7.00563e-05  5.11568e-03  3.65123e-04 -2.22414e-03 -2.36593e-03  1.45688e-01
 4.45000e+01  1.91754e-01  6.38004e-05  5.11767e-03  3.32720e-04 -2.21967e-03 -2.36435e-03  1.45629e-01
 4.50000e+01  1.91647e-01  5.76476e-05  5.11949e-03  3.00800e-04 -2.21555e-03 -2.36290e-03  1.45574e-01
 4.55000e+01  1.91550e-01  5.15911e-05  5.12115e-03  2.69335e-04 -2.21180e-03 -2.36158e-03  1.45524e-01
 4.60000e+01  1.91463e-01  4.56236e-05  5.12265e-03  2.38290e-04 -2.20842e-03 -2.36040e-03  1.45479e-01
 4.65000e+01  1.91385e-01  3.97368e-05  5.12397e-03  2.07627e-04 -2.20542e-03 -2.35935e-03  1.45439e-01
 4.70000e+01  1.91318e-01  3.39222e-05  5.12512e-03  1.77308e-04 -2.20281e-03 -2.35843e-03  1.45404e-01
 4.75000e+01  1.91261e-01  2.81703e-05  5.12610e-03  1.47288e-04 -2.20059e-03 -2.35766e-03  1.45375e-01
 4.80000e+01  1.91214e-01  2.24715e-05  5.12691e-03  1.17520e-04 -2.19877e-03 -2.35702e-03  1.45351e-01
 4.85000e+01  1.91177e-01  1.68157e-05  5.12753e-03  8.79585e-05 -2.19735e-03 -2.35653e-03  1.45332e-01
 4.90000e+01  1.91151e-01  1.11923e-05  5.12798e-03  5.85520e-05 -2.19634e-03 -2.35618e-03  1.45319e-01
 4.95000e+01  1.91135e-01  5.59067e-06  5.12825e-03  2.92498e-05 -2.19572e-03 -2.35596e-03  1.45310e-01
 5.00000e+01  1.91130e-01  3.15644e-16  5.12834e-03  1.65146e-15 -2.19552e-03 -2.35589e-03  1.45308e-01
 5.05000e+01  1.91135e-01 -5.59067e-06  5.12825e-03 -2.92498e-05 -2.19572e-03 -2.35596e-03  1.45310e-01
 5.10000e+01  1.91151e-01 -1.11923e-05  5.12798e-03 -5.85520e-05 -2.19634e-03 -2.35618e-03  1.45319e-01
 5.15000e+01  1.91177e-01 -1.68157e-05  5.12753e-03 -8.79585e-05 -2.19735e-03 -2.35653e-03  1.45332e-01
 5.20000e+01  1.91214e-01 -2.24715e-05  5.12691e-03 -1.17520e-04 -2.19877e-03 -2.35702e-03  1.45351e-01
 5.25000e+01  1.91261e-01 -2.81703e-05  5.12610e-03 -1.47288e-04 -2.20059e-03 -2.35766e-03  1.45375e-01
 5.30000e+01  1.91318e-01 -3.39222e-05  5.12512e-03 -1.77308e-04 -2.20281e-03 -2.35843e-03  1.45404e-01
 5.35000e+01  1.91385e-01 -3.97368e-05  5.12397e-03 -2.07627e-04 -2.20542e-03 -2.35935e-03  1.45439e-01
 5.40000e+01  1.91463e-01 -4.56236e-05  5.12265e-03 -2.38290e-04 -2.20842e-03 -2.36040e-03  1.45479e-01
 5.45000e+01  1.91550e-01 -5.15911e-05  5.12115e-03 -2.69335e-04 -2.21180e-03 -2.36158e-03  1.45524e-01
 5.50000e+01  1.91647e-01 -5.76476e-05  5.11949e-03 -3.00800e-04 -2.21555e-03 -2.36290e-03  1.45574e-01
 5.55000e+01  1.91754e-01 -6.38004e-05  5.11767e-03 -3.32720e-04 -2.21967e-03 -2.36435e-03  1.45629e-01
 5.60000e+01  1.91870e-01 -7.00563e-05  5.11568e-03 -3.65123e-04 -2.22414e-03 -2.36593e-03  1.45688e-01
 5.65000e+01  1.91996e-01 -7.64211e-05  5.11354e-03 -3.98035e-04 -2.22897e-03 -2.36764e-03  1.45753e-01
 5.70000e+01  1.92131e-01 -8.29000e-05  5.11124e-03 -4.31477e-04 -2.23413e-03 -2.36948e-03  1.45822e-01
 5.75000e+01  1.92274e-01 -8.94970e-05  5.10879e-03 -4.65466e-04 -2.23962e-03 -2.37144e-03  1.45896e-01
 5.80000e+01  1.92426e-01 -9.62154e-05  5.10620e-03 -5.00012e-04 -2.24543e-03 -2.37352e-03  1.45975e-01
 5.85000e+01  1.92587e-01 -1.03057e-04  5.10347e-03 -5.35121e-04 -2.25155e-03 -2.37572e-03  1.46058e-01
 5.90000e+01  1.92755e-01 -1.10024e-04  5.10060e-03 -5.70794e-04 -2.25795e-03 -2.37803e-03  1.46145e-01
 5.95000e+01  1.92932e-01 -1.17115e-04  5.09761e-03 -6.07027e-04 -2.26464e-03 -2.38046e-03  1.46236e-01
 6.00000e+01  1.93116e-01 -1.24330e-04  5.09448e-03 -6.43809e-04 -2.27160e-03 -2.38299e-03  1.46331e-01
 6.05000e+01  1.93308e-01 -1.31666e-04  5.09124e-03 -6.81123e-04 -2.27880e-03 -2.38563e-03  1.46430e-01
 6.10000e+01  1.93506e-01 -1.39121e-04  5.08789e-03 -7.18949e-04 -2.28625e-03 -2.38838e-03  1.46533e-01
 6.15000e+01  1.93711e-01 -1.46690e-04  5.08443e-03 -7.57260e-04 -2.29392e-03 -2.39122e-03  1.46639e-01
 6.20000e+01  1.93923e-01 -1.54367e-04  5.08087e-03 -7.96021e-04 -2.30180e-03 -2.39415e-03  1.46749e-01
 6.25000e+01  1.94140e-01 -1.62145e-04  5.07722e-03 -8.35195e-04 -2.30987e-03 -2.39718e-03  1.46862e-01
 6.30000e+01  1.94364e-01 -1.70017e-04  5.07349e-03 -8.74737e-04 -2.31812e-03 -2.40029e-03  1.46978e-01
 6.35000e+01  1.94592e-01 -1.77974e-04  5.06967e-03 -9.14598e-04 -2.32654e-03 -2.40349e-03  1.47097e-01
 6.40000e+01  1.94826e-01 -1.86005e-04  5.06579e-03 -9.54723e-04 -2.33510e-03 -2.40676e-03  1.47219e-01
 6.45000e+01  1.95065e-01 -1.94100e-04  5.06184e-03 -9.95053e-04 -2.34379e-03 -2.41011e-03  1.47343e-01
 6.50000e+01  1.95308e-01 -2.02246e-04  5.05784e-03 -1.03552e-03 -2.35259e-03 -2.41353e-03  1.47470e-01
 6.55000e+01  1.95555e-01 -2.10429e-04  5.05379e-03 -1.07606e-03 -2.36150e-03 -2.41701e-03  1.47599e-01
 6.60000e+01  1.95806e-01 -2.18636e-04  5.04970e-03 -1.11660e-03 -2.37049e-03 -2.42056e-03  1.47730e-01
 6.65000e+01  1.96060e-01 -2.26851e-04  5.04558e-03 -1.15705e-03 -2.37954e-03 -2.42416e-03  1.47863e-01
 6.70000e+01  1.96318e-01 -2.35058e-04  5.04144e-03 -1.19734e-03 -2.38864e-03 -2.42781e-03  1.47998e-01
 6.75000e+01  1.96577e-01 -2.43240e-04  5.03728e-03 -1.23738e-03 -2.39778e-03 -2.43152e-03  1.48135e-01
 6.80000e+01  1.96840e-01 -2.51380e-04  5.03312e-03 -1.27708e-03 -2.40693e-03 -2.43526e-03  1.48273e-01
 6.85000e+01  1.97104e-01 -2.59458e-04  5.02895e-03 -1.31635e-03 -2.41609e-03 -2.43904e-03  1.48412e-01
 6.90000e+01  1.97370e-01 -2.67455e-04  5.02480e-03 -1.35510e-03 -2.42524e-03 -2.44286e-03  1.48552e-01
 6.95000e+01  1.97637e-01 -2.75352e-04  5.02066e-03 -1.39322e-03 -2.43437e-03 -2.44670e-03  1.48694e-01
 7.00000e+01  1.97905e-01 -2.83129e-04  5.01655e-03 -1.43063e-03 -2.44345e-03 -2.45057e-03  1.48836e-01
 7.05000e+01  1.98174e-01 -2.90764e-04  5.01247e-03 -1.46721e-03 -2.45248e-03 -2.45446e-03  1.48978e-01
 7.10000e+01  1.98444e-01 -2.98236e-04  5.00843e-03 -1.50288e-03 -2.46144e-03 -2.45837e-03  1.49121e-01
 7.15000e+01  1.98713e-01 -3.05524e-04  5.00444e-03 -1.53752e-03 -2.47032e-03 -2.46228e-03  1.49265e-01
 7.20000e+01  1.98982e-01 -3.12607e-04  5.00050e-03 -1.57103e-03 -2.47911e-03 -2.46621e-03  1.49408e-01
 7.25000e+01  1.99250e-01 -3.19462e-04  4.99663e-03 -1.60332e-03 -2.48779e-03 -2.47013e-03  1.49551e-01
 7.30000e+01  1.99517e-01 -3.26068e-04  4.99282e-03 -1.63428e-03 -2.49636e-03 -2.47405e-03  1.49695e-01
 7.35000e+01  1.99784e-01 -3.32403e-04  4.98909e-03 -1.66381e-03 -2.50480e-03 -2.47796e-03  1.49837e-01
 7.40000e+01  2.00049e-01 -3.38445e-04  4.98543e-03 -1.69181e-03 -2.51310e-03 -2.48187e-03  1.49980e-01
 7.45000e+01  2.00312e-01 -3.44173e-04  4.98186e-03 -1.71819e-03 -2.52126e-03 -2.48575e-03  1.50121e-01
 7.50000e+01  2.00573e-01 -3.49565e-04  4.97838e-03 -1.74283e-03 -2.52926e-03 -2.48962e-03  1.50262e-01
 7.55000e+01  2.00831e-01 -3.54601e-04  4.97500e-03 -1.76566e-03 -2.53710e-03 -2.49347e-03  1.50402e-01
 7.60000e+01  2.01088e-01 -3.59260e-04  4.97171e-03 -1.78658e-03 -2.54476e-03 -2.49729e-03  1.50541e-01
 7.65000e+01  2.01341e-01 -3.63523e-04  4.96853e-03 -1.80551e-03 -2.55225e-03 -2.50107e-03  1.50679e-01
 7.70000e+01  2.01592e-01 -3.67370e-04  4.96546e-03 -1.82234e-03 -2.55956e-03 -2.50482e-03  1.50815e-01
 7.75000e+01  2.01839e-01 -3.70782e-04  4.96249e-03 -1.83702e-03 -2.56667e-03 -2.50854e-03  1.50950e-01
 7.80000e+01  2.02083e-01 -3.73743e-04  4.95964e-03 -1.84945e-03 -2.57360e-03 -2.51221e-03  1.51084e-01
 7.85000e+01  2.02323e-01 -3.76235e-04  4.95690e-03 -1.85957e-03 -2.58032e-03 -2.51584e-03  1.51216e-01
 7.90000e+01  2.02560e-01 -3.78241e-04  4.95428e-03 -1.86731e-03 -2.58684e-03 -2.51942e-03  1.51345e-01
 7.95000e+01  2.02792e-01 -3.79748e-04  4.95177e-03 -1.87259e-03 -2.59316e-03 -2.52294e-03  1.51474e-01
 8.00000e+01  2.03021e-01 -3.80741e-04  4.94938e-03 -1.87538e-03 -2.59927e-03 -2.52642e-03  1.51600e-01
 8.05000e+01  2.03245e-01 -3.81206e-04  4.94711e-03 -1.87560e-03 -2.60517e-03 -2.52983e-03  1.51724e-01
 8.10000e+01  2.03465e-01 -3.81133e-04  4.94496e-03 -1.87322e-03 -2.61086e-03 -2.53319e-03  1.51846e-01
 8.15000e+01  2.03680e-01 -3.80511e-04  4.94292e-03 -1.86818e-03 -2.61635e-03 -2.53648e-03  1.51965e-01
 8.20000e+01  2.03890e-01 -3.79330e-04  4.94100e-03 -1.86046e-03 -2.62162e-03 -2.53971e-03  1.52082e-01
 8.25000e+01  2.04095e-01 -3.77582e-04  4.93920e-03 -1.85003e-03 -2.62669e-03 -2.54287e-03  1.52197e-01
 8.30000e+01  2.04296e-01 -3.75261e-04  4.93751e-03 -1.83685e-03 -2.63155e-03 -2.54596e-03  1.52309e-01
 8.35000e+01  2.04491e-01 -3.72362e-04  4.93593e-03 -1.82092e-03 -2.63620e-03 -2.54898e-03  1.52419e-01
 8.40000e+01  2.04681e-01 -3.68880e-04  4.93447e-03 -1.80222e-03 -2.64065e-03 -2.55192e-03  1.52526e-01
 8.45000e+01  2.04866e-01 -3.64812e-04  4.93310e-03 -1.78074e-03 -2.64489e-03 -2.55479e-03  1.52630e-01
 8.50000e+01  2.05045e-01 -3.60159e-04  4.93184e-03 -1.75649e-03 -2.64894e-03 -2.55758e-03  1.52732e-01
 8.55000e+01  2.05219e-01 -3.54920e-04  4.93068e-03 -1.72947e-03 -2.65280e-03 -2.56029e-03  1.52830e-01
 8.60000e+01  2.05388e-01 -3.49098e-04  4.92962e-03 -1.69970e-03 -2.65646e-03 -2.56293e-03  1.52926e-01
 8.65000e+01  2.05550e-01 -3.42695e-04  4.92865e-03 -1.66720e-03 -2.65994e-03 -2.56547e-03  1.53019e-01
 8.70000e+01  2.05708e-01 -3.35716e-04  4.92777e-03 -1.63201e-03 -2.66323e-03 -2.56794e-03  1.53109e-01
 8.75000e+01  2.05859e-01 -3.28168e-04  4.92697e-03 -1.59414e-03 -2.66634e-03 -2.57032e-03  1.53195e-01
 8.80000e+01  2.06005e-01 -3.20058e-04  4.92625e-03 -1.55364e-03 -2.66928e-03 -2.57261e-03  1.53279e-01
 8.85000e+01  2.06145e-01 -3.11396e-04  4.92561e-03 -1.51057e-03 -2.67205e-03 -2.57482e-03  1.53359e-01
 8.90000e+01  2.06279e-01 -3.02193e-04  4.92504e-03 -1.46497e-03 -2.67466e-03 -2.57694e-03  1.53436e-01
 8.95000e+01  2.06407e-01 -2.92460e-04  4.92453e-03 -1.41691e-03 -2.67710e-03 -2.57897e-03  1.53510e-01
 9.00000e+01  2.06530e-01 -2.82210e-04  4.92409e-03 -1.36644e-03 -2.67939e-03 -2.58091e-03  1.53581e-01
 9.05000e+01  2.06646e-01 -2.71460e-04  4.92370e-03 -1.31365e-03 -2.68154e-03 -2.58276e-03  1.53649e-01
 9.10000e+01  2.06757e-01 -2.60224e-04  4.92337e-03 -1.25860e-03 -2.68353e-03 -2.58452e-03  1.53713e-01
 9.15000e+01  2.06861e-01 -2.48520e-04  4.92309e-03 -1.20139e-03 -2.68539e-03 -2.58618e-03  1.53774e-01
 9.20000e+01  2.06960e-01 -2.36367e-04  4.92284e-03 -1.14209e-03 -2.68711e-03 -2.58776e-03  1.53831e-01
 9.25000e+01  2.07053e-01 -2.23785e-04  4.92264e-03 -1.08081e-03 -2.68870e-03 -2.58924e-03  1.53885e-01
 9.30000e+01  2.07140e-01 -2.10795e-04  4.92247e-03 -1.01765e-03 -2.69016e-03 -2.59062e-03  1.53936e-01
 9.35000e+01  2.07220e-01 -1.97418e-04  4.92234e-03 -9.52697e-04 -2.69150e-03 -2.59191e-03  1.53983e-01
 9.40000e+01  2.07295e-01 -1.83678e-04  4.92223e-03 -8.86071e-04 -2.69273e-03 -2.59311e-03  1.54027e-01
 9.45000e+01  2.07364e-01 -1.69599e-04  4.92214e-03 -8.17882e-04 -2.69384e-03 -2.59421e-03  1.54067e-01
 9.50000e+01  2.07427e-01 -1.55206e-04  4.92207e-03 -7.48246e-04 -2.69484e-03 -2.59522e-03  1.54104e-01
 9.55000e+01  2.07484e-01 -1.40525e-04  4.92202e-03 -6.77281e-04 -2.69573e-03 -2.59613e-03  1.54137e-01
 9.60000e+01  2.07535e-01 -1.25582e-04  4.92199e-03 -6.05112e-04 -2.69653e-03 -2.59695e-03  1.54167e-01
 9.65000e+01  2.07579e-01 -1.10404e-04  4.92196e-03 -5.31863e-04 -2.69722e-03 -2.59767e-03  1.54194e-01
 9.70000e+01  2.07618e-01 -9.50197e-05  4.92194e-03 -4.57665e-04 -2.69781e-03 -2.59830e-03  1.54217e-01
 9.75000e+01  2.07651e-01 -7.94574e-05  4.92193e-03 -3.82648e-04 -2.69831e-03 -2.59883e-03  1.54236e-01
 9.80000e+01  2.07678e-01 -6.37460e-05  4.92193e-03 -3.06946e-04 -2.69871e-03 -2.59926e-03  1.54252e-01
 9.85000e+01  2.07699e-01 -4.79147e-05  4.92192e-03 -2.30693e-04 -2.69903e-03 -2.59960e-03  1.54264e-01
 9.90000e+01  2.07714e-01 -3.19934e-05  4.92192e-03 -1.54026e-04 -2.69925e-03 -2.59984e-03  1.54273e-01
 9.95000e+01  2.07723e-01 -1.60118e-05  4.92192e-03 -7.70822e-05 -2.69938e-03 -2.59998e-03  1.54278e-01
