 0.00000e+00  4.61362e-01  1.05668e-15 -4.63575e-02  2.29034e-15 -6.78290e-03  7.45813e-03  2.40588e-01
 5.00000e-01  4.61169e-01 -2.83370e-04 -4.62882e-02 -6.14460e-04 -6.81324e-03  7.44938e-03  2.40532e-01
 1.00000e+00  4.60590e-01 -5.59619e-04 -4.60800e-02 -1.21501e-03 -6.90293e-03  7.42319e-03  2.40363e-01
 1.50000e+00  4.59622e-01 -8.21671e-04 -4.57310e-02 -1.78771e-03 -7.04790e-03  7.37967e-03  2.40083e-01
 2.00000e+00  4.58264e-01 -1.06254e-03 -4.52386e-02 -2.31863e-03 -7.24154e-03  7.31908e-03  2.39698e-01
 2.50000e+00  4.56511e-01 -1.27541e-03 -4.45995e-02 -2.79382e-03 -7.47484e-03  7.24177e-03  2.39210e-01
 3.00000e+00  4.54359e-01 -1.45368e-03 -4.38096e-02 -3.19941e-03 -7.73674e-03  7.14826e-03  2.38626e-01
 3.50000e+00  4.51805e-01 -1.59112e-03 -4.28651e-02 -3.52170e-03 -8.01442e-03  7.03927e-03  2.37953e-01
 4.00000e+00  4.48842e-01 -1.68193e-03 -4.17621e-02 -3.74727e-03 -8.29374e-03  6.91575e-03  2.37199e-01
 4.50000e+00  4.45467e-01 -1.72094e-03 -4.04979e-02 -3.86323e-03 -8.55973e-03  6.77894e-03  2.36371e-01
 5.00000e+00  4.41676e-01 -1.70373e-03 -3.90705e-02 -3.85743e-03 -8.79712e-03  6.63041e-03  2.35478e-01
 5.50000e+00  4.37467e-01 -1.62682e-03 -3.74798e-02 -3.71873e-03 -8.99085e-03  6.47206e-03  2.34528e-01
 6.00000e+00  4.32839e-01 -1.48782e-03 -3.57279e-02 -3.43736e-03 -9.12667e-03  6.30620e-03  2.33530e-01
 6.50000e+00  4.27792e-01 -1.28561e-03 -3.38191e-02 -3.00521e-03 -9.19163e-03  6.13555e-03  2.32491e-01
 7.00000e+00  4.22330e-01 -1.02044e-03 -3.17602e-02 -2.41622e-03 -9.17457e-03  5.96322e-03  2.31418e-01
 7.50000e+00  4.16457e-01 -6.94106e-04 -2.95612e-02 -1.66669e-03 -9.06650e-03  5.79271e-03  2.30317e-01
 8.00000e+00  4.10183e-01 -3.09934e-04 -2.72346e-02 -7.55599e-04 -8.86097e-03  5.62787e-03  2.29191e-01
 8.50000e+00  4.03519e-01  1.27155e-04 -2.47959e-02  3.15115e-04 -8.55422e-03  5.47284e-03  2.28047e-01
 9.00000e+00  3.96478e-01  6.10709e-04 -2.22628e-02  1.54033e-03 -8.14531e-03  5.33197e-03  2.26884e-01
 9.50000e+00  3.89078e-01  1.13285e-03 -1.96557e-02  2.91163e-03 -7.63607e-03  5.20971e-03  2.25706e-01
 1.00000e+01  3.81339e-01  1.68446e-03 -1.69962e-02  4.41722e-03 -7.03103e-03  5.11049e-03  2.24513e-01
 1.05000e+01  3.73284e-01  2.25539e-03 -1.43075e-02  6.04202e-03 -6.33709e-03  5.03861e-03  2.23304e-01
 1.10000e+01  3.64939e-01  2.83478e-03 -1.16134e-02  7.76781e-03 -5.56329e-03  4.99805e-03  2.22077e-01
 1.15000e+01  3.56331e-01  3.41136e-03 -8.93759e-03  9.57356e-03 -4.72033e-03  4.99234e-03  2.20833e-01
 1.20000e+01  3.47490e-01  3.97386e-03 -6.30324e-03  1.14359e-02 -3.82016e-03  5.02442e-03  2.19567e-01
 1.25000e+01  3.38448e-01  4.51135e-03 -3.73229e-03  1.33295e-02 -2.87549e-03  5.09649e-03  2.18280e-01
 1.30000e+01  3.29237e-01  5.01368e-03 -1.24489e-03  1.52282e-02 -1.89926e-03  5.20988e-03  2.16971e-01
 1.35000e+01  3.19890e-01  5.47179e-03  1.14109e-03  1.71052e-02 -9.04224e-04  5.36494e-03  2.15638e-01
 1.40000e+01  3.10439e-01  5.87807e-03  3.41044e-03  1.89347e-02  9.74869e-05  5.56099e-03  2.14283e-01
 1.45000e+01  3.00917e-01  6.22664e-03  5.55085e-03  2.06922e-02  1.09467e-03  5.79623e-03  2.12909e-01
 1.50000e+01  2.91357e-01  6.51355e-03  7.55305e-03  2.23559e-02  2.07730e-03  6.06781e-03  2.11521e-01
 1.55000e+01  2.81789e-01  6.73695e-03  9.41072e-03  2.39077e-02  3.03665e-03  6.37179e-03  2.10124e-01
 1.60000e+01  2.72243e-01  6.89708e-03  1.11205e-02  2.53343e-02  3.96539e-03  6.70328e-03  2.08727e-01
 1.65000e+01  2.62745e-01  6.99630e-03  1.26815e-02  2.66277e-02  4.85756e-03  7.05652e-03  2.07340e-01
 1.70000e+01  2.53321e-01  7.03892e-03  1.40954e-02  2.77865e-02  5.70851e-03  7.42505e-03  2.05976e-01
 1.75000e+01  2.43996e-01  7.03105e-03  1.53657e-02  2.88162e-02  6.51481e-03  7.80190e-03  2.04648e-01
 1.80000e+01  2.34792e-01  6.98028e-03  1.64977e-02  2.97296e-02  7.27401e-03  8.17981e-03  2.03371e-01
 1.85000e+01  2.25728e-01  6.89538e-03  1.74973e-02  3.05473e-02  7.98433e-03  8.55146e-03  2.02162e-01
 1.90000e+01  2.16823e-01  6.78594e-03  1.83712e-02  3.12972e-02  8.64438e-03  8.90968e-03  2.01035e-01
 1.95000e+01  2.08094e-01  6.66195e-03  1.91259e-02  3.20141e-02  9.25278e-03  9.24772e-03  2.00003e-01
 2.00000e+01  1.99557e-01  6.53345e-03  1.97671e-02  3.27397e-02  9.80793e-03  9.55945e-03  1.99075e-01
 2.05000e+01  1.91228e-01  6.41013e-03  2.03000e-02  3.35209e-02  1.03080e-02  9.83956e-03  1.98256e-01
 2.10000e+01  1.83120e-01  6.30101e-03  2.07290e-02  3.44092e-02  1.07510e-02  1.00837e-02  1.97546e-01
 2.15000e+01  1.75246e-01  6.21413e-03  2.10578e-02  3.54594e-02  1.11348e-02  1.02885e-02  1.96938e-01
 2.20000e+01  1.67620e-01  6.15629e-03  2.12895e-02  3.67277e-02  1.14575e-02  1.04520e-02  1.96420e-01
 2.25000e+01  1.60254e-01  6.13291e-03  2.14269e-02  3.82701e-02  1.17174e-02  1.05731e-02  1.95973e-01
 2.30000e+01  1.53158e-01  6.14783e-03  2.14725e-02  4.01405e-02  1.19132e-02  1.06521e-02  1.95571e-01
 2.35000e+01  1.46343e-01  6.20324e-03  2.14295e-02  4.23884e-02  1.20443e-02  1.06904e-02  1.95184e-01
 2.40000e+01  1.39818e-01  6.29970e-03  2.13024e-02  4.50564e-02  1.21121e-02  1.06902e-02  1.94784e-01
 2.45000e+01  1.33591e-01  6.43606e-03  2.10977e-02  4.81773e-02  1.21195e-02  1.06548e-02  1.94346e-01
 2.50000e+01  1.27668e-01  6.60954e-03  2.08241e-02  5.17712e-02  1.20717e-02  1.05883e-02  1.93853e-01
 2.55000e+01  1.22055e-01  6.81571e-03  2.04918e-02  5.58414e-02  1.19753e-02  1.04954e-02  1.93297e-01
 2.60000e+01  1.16754e-01  7.04857e-03  2.01116e-02  6.03713e-02  1.18375e-02  1.03813e-02  1.92674e-01
 2.65000e+01  1.11767e-01  7.30065e-03  1.96950e-02  6.53202e-02  1.16661e-02  1.02515e-02  1.91988e-01
 2.70000e+01  1.07097e-01  7.56321e-03  1.92541e-02  7.06204e-02  1.14696e-02  1.01119e-02  1.91253e-01
 2.75000e+01  1.02742e-01  7.82645e-03  1.88014e-02  7.61757e-02  1.12567e-02  9.96845e-03  1.90492e-01
 2.80000e+01  9.87024e-02  8.07985e-03  1.83491e-02  8.18607e-02  1.10362e-02  9.82688e-03  1.89737e-01
 2.85000e+01  9.49761e-02  8.31248e-03  1.79079e-02  8.75219e-02  1.08158e-02  9.69273e-03  1.89019e-01
 2.90000e+01  9.15604e-02  8.51355e-03  1.74867e-02  9.29828e-02  1.06016e-02  9.57106e-03  1.88364e-01
 2.95000e+01  8.84516e-02  8.67286e-03  1.70928e-02  9.80520e-02  1.03992e-02  9.46624e-03  1.87798e-01
 3.00000e+01  8.56444e-02  8.78142e-03  1.67328e-02  1.02534e-01  1.02131e-02  9.38183e-03  1.87347e-01
 3.05000e+01  8.31311e-02  8.83199e-03  1.64125e-02  1.06242e-01  1.00479e-02  9.32033e-03  1.87040e-01
 3.10000e+01  8.09022e-02  8.81945e-03  1.61360e-02  1.09014e-01  9.90662e-03  9.28315e-03  1.86902e-01
 3.15000e+01  7.89452e-02  8.74117e-03  1.59055e-02  1.10725e-01  9.79121e-03  9.27052e-03  1.86947e-01
 3.20000e+01  7.72451e-02  8.59717e-03  1.57212e-02  1.11297e-01  9.70219e-03  9.28155e-03  1.87179e-01
 3.25000e+01  7.57841e-02  8.39014e-03  1.55818e-02  1.10711e-01  9.63923e-03  9.31426e-03  1.87595e-01
 3.30000e+01  7.45419e-02  8.12526e-03  1.54859e-02  1.09003e-01  9.60167e-03  9.36581e-03  1.88193e-01
 3.35000e+01  7.34966e-02  7.80982e-03  1.54306e-02  1.06261e-01  9.58820e-03  9.43269e-03  1.88964e-01
 3.40000e+01  7.26251e-02  7.45280e-03  1.54115e-02  1.02620e-01  9.59619e-03  9.51094e-03  1.89888e-01
 3.45000e+01  7.19043e-02  7.06427e-03  1.54224e-02  9.82454e-02  9.62180e-03  9.59644e-03  1.90926e-01
 3.50000e+01  7.13116e-02  6.65497e-03  1.54566e-02  9.33224e-02  9.66083e-03  9.68508e-03  1.92039e-01
 3.55000e+01  7.08255e-02  6.23581e-03  1.55078e-02  8.80446e-02  9.70943e-03  9.77293e-03  1.93189e-01
 3.60000e+01  7.04265e-02  5.81744e-03  1.55709e-02  8.26030e-02  9.76430e-03  9.85634e-03  1.94348e-01
 3.65000e+01  7.00974e-02  5.40985e-03  1.56409e-02  7.71762e-02  9.82235e-03  9.93203e-03  1.95486e-01
 3.70000e+01  6.98238e-02  5.02206e-03  1.57124e-02  7.19248e-02  9.88008e-03  9.99715e-03  1.96569e-01
 3.75000e+01  6.95944e-02  4.66188e-03  1.57796e-02  6.69865e-02  9.93368e-03  1.00493e-02  1.97554e-01
 3.80000e+01  6.94006e-02  4.33575e-03  1.58375e-02  6.24742e-02  9.97974e-03  1.00865e-02  1.98404e-01
 3.85000e+01  6.92366e-02  4.04857e-03  1.58815e-02  5.84744e-02  1.00150e-02  1.01072e-02  1.99077e-01
 3.90000e+01  6.90989e-02  3.80370e-03  1.59056e-02  5.50472e-02  1.00355e-02  1.01102e-02  1.99523e-01
 3.95000e+01  6.89857e-02  3.60301e-03  1.59028e-02  5.22283e-02  1.00362e-02  1.00948e-02  1.99673e-01
 4.00000e+01  6.88960e-02  3.44695e-03  1.58660e-02  5.00312e-02  1.00119e-02  1.00606e-02  1.99457e-01
 4.05000e+01  6.88288e-02  3.33469e-03  1.57895e-02  4.84491e-02  9.95875e-03  1.00078e-02  1.98821e-01
 4.10000e+01  6.87821e-02  3.26408e-03  1.56713e-02  4.74554e-02  9.87516e-03  9.93659e-03  1.97748e-01
 4.15000e+01  6.87523e-02  3.23170e-03  1.55138e-02  4.70049e-02  9.76310e-03  9.84782e-03  1.96266e-01
 4.20000e+01  6.87348e-02  3.23304e-03  1.53221e-02  4.70364e-02  9.62630e-03  9.74278e-03  1.94434e-01
 4.25000e+01  6.87238e-02  3.26253e-03  1.50991e-02  4.74731e-02  9.46696e-03  9.62345e-03  1.92288e-01
 4.30000e+01  6.87125e-02  3.31309e-03  1.48439e-02  4.82168e-02  9.28449e-03  9.49237e-03  1.89827e-01
 4.35000e+01  6.86924e-02  3.37518e-03  1.45573e-02  4.91347e-02  9.07985e-03  9.35228e-03  1.87075e-01
 4.40000e+01  6.86529e-02  3.43607e-03  1.42530e-02  5.00499e-02  8.86297e-03  9.20573e-03  1.84175e-01
 4.45000e+01  6.85824e-02  3.48018e-03  1.39601e-02  5.07445e-02  8.65507e-03  9.05497e-03  1.81423e-01
 4.50000e+01  6.84712e-02  3.49060e-03  1.37132e-02  5.09791e-02  8.48109e-03  8.90234e-03  1.79165e-01
 4.55000e+01  6.83157e-02  3.45115e-03  1.35357e-02  5.05177e-02  8.35792e-03  8.75070e-03  1.77633e-01
 4.60000e+01  6.81205e-02  3.34805e-03  1.34313e-02  4.91489e-02  8.28813e-03  8.60360e-03  1.76861e-01
 4.65000e+01  6.78979e-02  3.17092e-03  1.33871e-02  4.67013e-02  8.26198e-03  8.46506e-03  1.76708e-01
 4.70000e+01  6.76656e-02  2.91359e-03  1.33804e-02  4.30587e-02  8.26301e-03  8.33908e-03  1.76939e-01
 4.75000e+01  6.74428e-02  2.57497e-03  1.33866e-02  3.81801e-02  8.27296e-03  8.22918e-03  1.77288e-01
 4.80000e+01  6.72466e-02  2.15986e-03  1.33846e-02  3.21185e-02  8.27633e-03  8.13805e-03  1.77522e-01
 4.85000e+01  6.70893e-02  1.67891e-03  1.33639e-02  2.50251e-02  8.26542e-03  8.06726e-03  1.77523e-01
 4.90000e+01  6.69768e-02  1.14721e-03  1.33291e-02  1.71284e-02  8.24331e-03  8.01727e-03  1.77325e-01
 4.95000e+01  6.69103e-02  5.81856e-04  1.32962e-02  8.69606e-03  8.22146e-03  7.98771e-03  1.77085e-01
 5.00000e+01  6.68884e-02 -8.26878e-16  1.32827e-02 -1.23621e-14  8.21239e-03  7.97796e-03  1.76979e-01
 5.05000e+01  6.69103e-02 -5.81856e-04  1.32962e-02 -8.69606e-03  8.22146e-03  7.98771e-03  1.77085e-01
 5.10000e+01  6.69768e-02 -1.14721e-03  1.33291e-02 -1.71284e-02  8.24331e-03  8.01727e-03  1.77325e-01
 5.15000e+01  6.70893e-02 -1.67891e-03  1.33639e-02 -2.50251e-02  8.26542e-03  8.06726e-03  1.77523e-01
 5.20000e+01  6.72466e-02 -2.15986e-03  1.33846e-02 -3.21185e-02  8.27633e-03  8.13805e-03  1.77522e-01
 5.25000e+01  6.74428e-02 -2.57497e-03  1.33866e-02 -3.81801e-02  8.27296e-03  8.22918e-03  1.77288e-01
 5.30000e+01  6.76656e-02 -2.91359e-03  1.33804e-02 -4.30587e-02  8.26301e-03  8.33908e-03  1.76939e-01
 5.35000e+01  6.78979e-02 -3.17092e-03  1.33871e-02 -4.67013e-02  8.26198e-03  8.46506e-03  1.76708e-01
 5.40000e+01  6.81205e-02 -3.34805e-03  1.34313e-02 -4.91489e-02  8.28813e-03  8.60360e-03  1.76861e-01
 5.45000e+01  6.83157e-02 -3.45115e-03  1.35357e-02 -5.05177e-02  8.35792e-03  8.75070e-03  1.77633e-01
 5.50000e+01  6.84712e-02 -3.49060e-03  1.37132e-02 -5.09791e-02  8.48109e-03  8.90234e-03  1.79165e-01
 5.55000e+01  6.85824e-02 -3.48018e-03  1.39601e-02 -5.07445e-02  8.65507e-03  9.05497e-03  1.81423e-01
 5.60000e+01  6.86529e-02 -3.43607e-03  1.42530e-02 -5.00499e-02  8.86297e-03  9.20573e-03  1.84175e-01
 5.65000e+01  6.86924e-02 -3.37518e-03  1.45573e-02 -4.91347e-02  9.07985e-03  9.35228e-03  1.87075e-01
 5.70000e+01  6.87125e-02 -3.31309e-03  1.48439e-02 -4.82168e-02  9.28449e-03  9.49237e-03  1.89827e-01
 5.75000e+01  6.87238e-02 -3.26253e-03  1.50991e-02 -4.74731e-02  9.46696e-03  9.62345e-03  1.92288e-01
 5.80000e+01  6.87348e-02 -3.23304e-03  1.53221e-02 -4.70364e-02  9.62630e-03  9.74278e-03  1.94434e-01
 5.85000e+01  6.87523e-02 -3.23170e-03  1.55138e-02 -4.70049e-02  9.76310e-03  9.84782e-03  1.96266e-01
 5.90000e+01  6.87821e-02 -3.26408e-03  1.56713e-02 -4.74554e-02  9.87516e-03  9.93659e-03  1.97748e-01
 5.95000e+01  6.88288e-02 -3.33469e-03  1.57895e-02 -4.84491e-02  9.95875e-03  1.00078e-02  1.98821e-01
 6.00000e+01  6.88960e-02 -3.44695e-03  1.58660e-02 -5.00312e-02  1.00119e-02  1.00606e-02  1.99457e-01
 6.05000e+01  6.89857e-02 -3.60301e-03  1.59028e-02 -5.22283e-02  1.00362e-02  1.00948e-02  1.99673e-01
 6.10000e+01  6.90989e-02 -3.80370e-03  1.59056e-02 -5.50472e-02  1.00355e-02  1.01102e-02  1.99523e-01
 6.15000e+01  6.92366e-02 -4.04857e-03  1.58815e-02 -5.84744e-02  1.00150e-02  1.01072e-02  1.99077e-01
 6.20000e+01  6.94006e-02 -4.33575e-03  1.58375e-02 -6.24742e-02  9.97974e-03  1.00865e-02  1.98404e-01
 6.25000e+01  6.95944e-02 -4.66188e-03  1.57796e-02 -6.69865e-02  9.93368e-03  1.00493e-02  1.97554e-01
 6.30000e+01  6.98238e-02 -5.02206e-03  1.57124e-02 -7.19248e-02  9.88008e-03  9.99715e-03  1.96569e-01
 6.35000e+01  7.00974e-02 -5.40985e-03  1.56409e-02 -7.71762e-02  9.82235e-03  9.93203e-03  1.95486e-01
 6.40000e+01  7.04265e-02 -5.81744e-03  1.55709e-02 -8.26030e-02  9.76430e-03  9.85634e-03  1.94348e-01
 6.45000e+01  7.08255e-02 -6.23581e-03  1.55078e-02 -8.80446e-02  9.70943e-03  9.77293e-03  1.93189e-01
 6.50000e+01  7.13116e-02 -6.65497e-03  1.54566e-02 -9.33224e-02  9.66083e-03  9.68508e-03  1.92039e-01
 6.55000e+01  7.19043e-02 -7.06427e-03  1.54224e-02 -9.82454e-02  9.62180e-03  9.59644e-03  1.90926e-01
 6.60000e+01  7.26251e-02 -7.45280e-03  1.54115e-02 -1.02620e-01  9.59619e-03  9.51094e-03  1.89888e-01
 6.65000e+01  7.34966e-02 -7.80982e-03  1.54306e-02 -1.06261e-01  9.58820e-03  9.43269e-03  1.88964e-01
 6.70000e+01  7.45419e-02 -8.12526e-03  1.54859e-02 -1.09003e-01  9.60167e-03  9.36581e-03  1.88193e-01
 6.75000e+01  7.57841e-02 -8.39014e-03  1.55818e-02 -1.10711e-01  9.63923e-03  9.31426e-03  1.87595e-01
 6.80000e+01  7.72451e-02 -8.59717e-03  1.57212e-02 -1.11297e-01  9.70219e-03  9.28155e-03  1.87179e-01
 6.85000e+01  7.89452e-02 -8.74117e-03  1.59055e-02 -1.10725e-01  9.79121e-03  9.27052e-03  1.86947e-01
 6.90000e+01  8.09022e-02 -8.81945e-03  1.61360e-02 -1.09014e-01  9.90662e-03  9.28315e-03  1.86902e-01
 6.95000e+01  8.31311e-02 -8.83199e-03  1.64125e-02 -1.06242e-01  1.00479e-02  9.32033e-03  1.87040e-01
 7.00000e+01  8.56444e-02 -8.78142e-03  1.67328e-02 -1.02534e-01  1.02131e-02  9.38183e-03  1.87347e-01
 7.05000e+01  8.84516e-02 -8.67286e-03  1.70928e-02 -9.80520e-02  1.03992e-02  9.46624e-03  1.87798e-01
 7.10000e+01  9.15604e-02 -8.51355e-03  1.74867e-02 -9.29828e-02  1.06016e-02  9.57106e-03  1.88364e-01
 7.15000e+01  9.49761e-02 -8.31248e-03  1.79079e-02 -8.75219e-02  1.08158e-02  9.69273e-03  1.89019e-01
 7.20000e+01  9.87024e-02 -8.07985e-03  1.83491e-02 -8.18607e-02  1.10362e-02  9.82688e-03  1.89737e-01
 7.25000e+01  1.02742e-01 -7.82645e-03  1.88014e-02 -7.61757e-02  1.12567e-02  9.96845e-03  1.90492e-01
 7.30000e+01  1.07097e-01 -7.56321e-03  1.92541e-02 -7.06204e-02  1.14696e-02  1.01119e-02  1.91253e-01
 7.35000e+01  1.11767e-01 -7.30065e-03  1.96950e-02 -6.53202e-02  1.16661e-02  1.02515e-02  1.91988e-01
 7.40000e+01  1.16754e-01 -7.04857e-03  2.01116e-02 -6.03713e-02  1.18375e-02  1.03813e-02  1.92674e-01
 7.45000e+01  1.22055e-01 -6.81571e-03  2.04918e-02 -5.58414e-02  1.19753e-02  1.04954e-02  1.93297e-01
 7.50000e+01  1.27668e-01 -6.60954e-03  2.08241e-02 -5.17712e-02  1.20717e-02  1.05883e-02  1.93853e-01
 7.55000e+01  1.33591e-01 -6.43606e-03  2.10977e-02 -4.81773e-02  1.21195e-02  1.06548e-02  1.94346e-01
 7.60000e+01  1.39818e-01 -6.29970e-03  2.13024e-02 -4.50564e-02  1.21121e-02  1.06902e-02  1.94784e-01
 7.65000e+01  1.46343e-01 -6.20324e-03  2.14295e-02 -4.23884e-02  1.20443e-02  1.06904e-02  1.95184e-01
 7.70000e+01  1.53158e-01 -6.14783e-03  2.14725e-02 -4.01405e-02  1.19132e-02  1.06521e-02  1.95571e-01
 7.75000e+01  1.60254e-01 -6.13291e-03  2.14269e-02 -3.82701e-02  1.17174e-02  1.05731e-02  1.95973e-01
 7.80000e+01  1.67620e-01 -6.15629e-03  2.12895e-02 -3.67277e-02  1.14575e-02  1.04520e-02  1.96420e-01
 7.85000e+01  1.75246e-01 -6.21413e-03  2.10578e-02 -3.54594e-02  1.11348e-02  1.02885e-02  1.96938e-01
 7.90000e+01  1.83120e-01 -6.30101e-03  2.07290e-02 -3.44092e-02  1.07510e-02  1.00837e-02  1.97546e-01
 7.95000e+01  1.91228e-01 -6.41013e-03  2.03000e-02 -3.35209e-02  1.03080e-02  9.83956e-03  1.98256e-01
 8.00000e+01  1.99557e-01 -6.53345e-03  1.97671e-02 -3.27397e-02  9.80793e-03  9.55945e-03  1.99075e-01
 8.05000e+01  2.08094e-01 -6.66195e-03  1.91259e-02 -3.20141e-02  9.25278e-03  9.24772e-03  2.00003e-01
 8.10000e+01  2.16823e-01 -6.78594e-03  1.83712e-02 -3.12972e-02  8.64438e-03  8.90968e-03  2.01035e-01
 8.15000e+01  2.25728e-01 -6.89538e-03  1.74973e-02 -3.05473e-02  7.98433e-03  8.55146e-03  2.02162e-01
 8.20000e+01  2.34792e-01 -6.98028e-03  1.64977e-02 -2.97296e-02  7.27401e-03  8.17981e-03  2.03371e-01
 8.25000e+01  2.43996e-01 -7.03105e-03  1.53657e-02 -2.88162e-02  6.51481e-03  7.80190e-03  2.04648e-01
 8.30000e+01  2.53321e-01 -7.03892e-03  1.40954e-02 -2.77865e-02  5.70851e-03  7.42505e-03  2.05976e-01
 8.35000e+01  2.62745e-01 -6.99630e-03  1.26815e-02 -2.66277e-02  4.85756e-03  7.05652e-03  2.07340e-01
 8.40000e+01  2.72243e-01 -6.89708e-03  1.11205e-02 -2.53343e-02  3.96539e-03  6.70328e-03  2.08727e-01
 8.45000e+01  2.81789e-01 -6.73695e-03  9.41072e-03 -2.39077e-02  3.03665e-03  6.37179e-03  2.10124e-01
 8.50000e+01  2.91357e-01 -6.51355e-03  7.55305e-03 -2.23559e-02  2.07730e-03  6.06781e-03  2.11521e-01
 8.55000e+01  3.00917e-01 -6.22664e-03  5.55085e-03 -2.06922e-02  1.09467e-03  5.79623e-03  2.12909e-01
 8.60000e+01  3.10439e-01 -5.87807e-03  3.41044e-03 -1.89347e-02  9.74869e-05  5.56099e-03  2.14283e-01
 8.65000e+01  3.19890e-01 -5.47179e-03  1.14109e-03 -1.71052e-02 -9.04224e-04  5.36494e-03  2.15638e-01
 8.70000e+01  3.29237e-01 -5.01368e-03 -1.24489e-03 -1.52282e-02 -1.89926e-03  5.20988e-03  2.16971e-01
 8.75000e+01  3.38448e-01 -4.51135e-03 -3.73229e-03 -1.33295e-02 -2.87549e-03  5.09649e-03  2.18280e-01
 8.80000e+01  3.47490e-01 -3.97386e-03 -6.30324e-03 -1.14359e-02 -3.82016e-03  5.02442e-03  2.19567e-01
 8.85000e+01  3.56331e-01 -3.41136e-03 -8.93759e-03 -9.57356e-03 -4.72033e-03  4.99234e-03  2.20833e-01
 8.90000e+01  3.64939e-01 -2.83478e-03 -1.16134e-02 -7.76781e-03 -5.56329e-03  4.99805e-03  2.22077e-01
 8.95000e+01  3.73284e-01 -2.25539e-03 -1.43075e-02 -6.04202e-03 -6.33709e-03  5.03861e-03  2.23304e-01
 9.00000e+01  3.81339e-01 -1.68446e-03 -1.69962e-02 -4.41722e-03 -7.03103e-03  5.11049e-03  2.24513e-01
 9.05000e+01  3.89078e-01 -1.13285e-03 -1.96557e-02 -2.91163e-03 -7.63607e-03  5.20971e-03  2.25706e-01
 9.10000e+01  3.96478e-01 -6.10709e-04 -2.22628e-02 -1.54033e-03 -8.14531e-03  5.33197e-03  2.26884e-01
 9.15000e+01  4.03519e-01 -1.27155e-04 -2.47959e-02 -3.15115e-04 -8.55422e-03  5.47284e-03  2.28047e-01
 9.20000e+01  4.10183e-01  3.09934e-04 -2.72346e-02  7.55599e-04 -8.86097e-03  5.62787e-03  2.29191e-01
 9.25000e+01  4.16457e-01  6.94106e-04 -2.95612e-02  1.66669e-03 -9.06650e-03  5.79271e-03  2.30317e-01
 9.30000e+01  4.22330e-01  1.02044e-03 -3.17602e-02  2.41622e-03 -9.17457e-03  5.96322e-03  2.31418e-01
 9.35000e+01  4.27792e-01  1.28561e-03 -3.38191e-02  3.00521e-03 -9.19163e-03  6.13555e-03  2.32491e-01
 9.40000e+01  4.32839e-01  1.48782e-03 -3.57279e-02  3.43736e-03 -9.12667e-03  6.30620e-03  2.33530e-01
 9.45000e+01  4.37467e-01  1.62682e-03 -3.74798e-02  3.71873e-03 -8.99085e-03  6.47206e-03  2.34528e-01
 9.50000e+01  4.41676e-01  1.70373e-03 -3.90705e-02  3.85743e-03 -8.79712e-03  6.63041e-03  2.35478e-01
 9.55000e+01  4.45467e-01  1.72094e-03 -4.04979e-02  3.86323e-03 -8.55973e-03  6.77894e-03  2.36371e-01
 9.60000e+01  4.48842e-01  1.68193e-03 -4.17621e-02  3.74727e-03 -8.29374e-03  6.91575e-03  2.37199e-01
 9.65000e+01  4.51805e-01  1.59112e-03 -4.28651e-02  3.52170e-03 -8.01442e-03  7.03927e-03  2.37953e-01
 9.70000e+01  4.54359e-01  1.45368e-03 -4.38096e-02  3.19941e-03 -7.73674e-03  7.14826e-03  2.38626e-01
 9.75000e+01  4.56511e-01  1.27541e-03 -4.45995e-02  2.79382e-03 -7.47484e-03  7.24177e-03  2.39210e-01
 9.80000e+01  4.58264e-01  1.06254e-03 -4.52386e-02  2.31863e-03 -7.24154e-03  7.31908e-03  2.39698e-01
 9.85000e+01  4.59622e-01  8.21671e-04 -4.57310e-02  1.78771e-03 -7.04790e-03  7.37967e-03  2.40083e-01
 9.90000e+01  4.60590e-01  5.59619e-04 -4.60800e-02  1.21501e-03 -6.90293e-03  7.42319e-03  2.40363e-01
 9.95000e+01  4.61169e-01  2.83370e-04 -4.62882e-02  6.14460e-04 -6.81324e-03  7.44938e-03  2.40532e-01
