 0.00000e+00  5.07961e-01 -1.18056e-15 -7.92738e-02 -2.32412e-15 -1.58342e-02  1.27036e-02  2.34599e-01
 5.00000e-01  5.07610e-01 -2.52754e-04 -7.90699e-02 -4.97929e-04 -1.58571e-02  1.26660e-02  2.34560e-01
 1.00000e+00  5.06557e-01 -5.03675e-04 -7.84590e-02 -9.94311e-04 -1.59227e-02  1.25540e-02  2.34447e-01
 1.50000e+00  5.04803e-01 -7.50935e-04 -7.74436e-02 -1.48758e-03 -1.60223e-02  1.23700e-02  2.34260e-01
 2.00000e+00  5.02350e-01 -9.92707e-04 -7.60283e-02 -1.97612e-03 -1.61419e-02  1.21176e-02  2.34004e-01
 2.50000e+00  4.99203e-01 -1.22716e-03 -7.42197e-02 -2.45824e-03 -1.62632e-02  1.18022e-02  2.33684e-01
 3.00000e+00  4.95365e-01 -1.45246e-03 -7.20274e-02 -2.93210e-03 -1.63645e-02  1.14306e-02  2.33308e-01
 3.50000e+00  4.90843e-01 -1.66672e-03 -6.94643e-02 -3.39562e-03 -1.64219e-02  1.10107e-02  2.32881e-01
 4.00000e+00  4.85646e-01 -1.86802e-03 -6.65469e-02 -3.84646e-03 -1.64112e-02  1.05520e-02  2.32413e-01
 4.50000e+00  4.79788e-01 -2.05436e-03 -6.32961e-02 -4.28181e-03 -1.63090e-02  1.00648e-02  2.31908e-01
 5.00000e+00  4.73282e-01 -2.22367e-03 -5.97375e-02 -4.69840e-03 -1.60941e-02  9.56058e-03  2.31375e-01
 5.50000e+00  4.66148e-01 -2.37378e-03 -5.59014e-02 -5.09233e-03 -1.57491e-02  9.05130e-03  2.30818e-01
 6.00000e+00  4.58409e-01 -2.50248e-03 -5.18225e-02 -5.45905e-03 -1.52608e-02  8.54945e-03  2.30240e-01
 6.50000e+00  4.50091e-01 -2.60752e-03 -4.75403e-02 -5.79333e-03 -1.46215e-02  8.06757e-03  2.29645e-01
 7.00000e+00  4.41226e-01 -2.68673e-03 -4.30978e-02 -6.08923e-03 -1.38292e-02  7.61793e-03  2.29032e-01
 7.50000e+00  4.31847e-01 -2.73803e-03 -3.85410e-02 -6.34028e-03 -1.28873e-02  7.21215e-03  2.28400e-01
 8.00000e+00  4.21995e-01 -2.75964e-03 -3.39177e-02 -6.53951e-03 -1.18045e-02  6.86085e-03  2.27747e-01
 8.50000e+00  4.11710e-01 -2.75012e-03 -2.92765e-02 -6.67976e-03 -1.05942e-02  6.57320e-03  2.27067e-01
 9.00000e+00  4.01038e-01 -2.70857e-03 -2.46653e-02 -6.75391e-03 -9.27369e-03  6.35664e-03  2.26356e-01
 9.50000e+00  3.90025e-01 -2.63470e-03 -2.01303e-02 -6.75521e-03 -7.86299e-03  6.21656e-03  2.25608e-01
 1.00000e+01  3.78722e-01 -2.52900e-03 -1.57145e-02 -6.67772e-03 -6.38397e-03  6.15606e-03  2.24819e-01
 1.05000e+01  3.67178e-01 -2.39279e-03 -1.14569e-02 -6.51670e-03 -4.85929e-03  6.17579e-03  2.23983e-01
 1.10000e+01  3.55443e-01 -2.22831e-03 -7.39152e-03 -6.26910e-03 -3.31139e-03  6.27392e-03  2.23098e-01
 1.15000e+01  3.43567e-01 -2.03872e-03 -3.54667e-03 -5.93396e-03 -1.76172e-03  6.44616e-03  2.22163e-01
 1.20000e+01  3.31600e-01 -1.82808e-03  5.52012e-05 -5.51292e-03 -2.30040e-04  6.68593e-03  2.21178e-01
 1.25000e+01  3.19590e-01 -1.60131e-03  3.39776e-03 -5.01050e-03  1.26607e-03  6.98458e-03  2.20148e-01
 1.30000e+01  3.07582e-01 -1.36398e-03  6.47062e-03 -4.43452e-03  2.71146e-03  7.33173e-03  2.19079e-01
 1.35000e+01  2.95619e-01 -1.12223e-03  9.26893e-03 -3.79619e-03  4.09357e-03  7.71571e-03  2.17982e-01
 1.40000e+01  2.83744e-01 -8.82522e-04  1.17929e-02 -3.11027e-03  5.40235e-03  8.12398e-03  2.16871e-01
 1.45000e+01  2.71996e-01 -6.51417e-04  1.40469e-02 -2.39495e-03  6.63011e-03  8.54368e-03  2.15760e-01
 1.50000e+01  2.60409e-01 -4.35308e-04  1.60392e-02 -1.67163e-03  7.77128e-03  8.96207e-03  2.14667e-01
 1.55000e+01  2.49019e-01 -2.40173e-04  1.77804e-02 -9.64479e-04  8.82213e-03  9.36706e-03  2.13614e-01
 1.60000e+01  2.37857e-01 -7.13178e-05  1.92836e-02 -2.99835e-04  9.78042e-03  9.74762e-03  2.12619e-01
 1.65000e+01  2.26952e-01  6.68619e-05  2.05629e-02  2.94608e-04  1.06451e-02  1.00942e-02  2.11704e-01
 1.70000e+01  2.16333e-01  1.71079e-04  2.16331e-02  7.90814e-04  1.14161e-02  1.03989e-02  2.10888e-01
 1.75000e+01  2.06026e-01  2.39321e-04  2.25092e-02  1.16161e-03  1.20940e-02  1.06559e-02  2.10187e-01
 1.80000e+01  1.96055e-01  2.70960e-04  2.32060e-02  1.38206e-03  1.26800e-02  1.08612e-02  2.09613e-01
 1.85000e+01  1.86445e-01  2.66814e-04  2.37379e-02  1.43106e-03  1.31757e-02  1.10133e-02  2.09176e-01
 1.90000e+01  1.77218e-01  2.29139e-04  2.41184e-02  1.29298e-03  1.35831e-02  1.11123e-02  2.08875e-01
 1.95000e+01  1.68395e-01  1.61570e-04  2.43607e-02  9.59473e-04  1.39048e-02  1.11603e-02  2.08706e-01
 2.00000e+01  1.59996e-01  6.89938e-05  2.44769e-02  4.31223e-04  1.41437e-02  1.11610e-02  2.08654e-01
 2.05000e+01  1.52038e-01 -4.26301e-05  2.44787e-02 -2.80391e-04  1.43030e-02  1.11197e-02  2.08695e-01
 2.10000e+01  1.44539e-01 -1.66498e-04  2.43772e-02 -1.15192e-03  1.43867e-02  1.10426e-02  2.08796e-01
 2.15000e+01  1.37512e-01 -2.95233e-04  2.41832e-02 -2.14696e-03  1.43993e-02  1.09366e-02  2.08916e-01
 2.20000e+01  1.30967e-01 -4.21198e-04  2.39077e-02 -3.21606e-03  1.43463e-02  1.08094e-02  2.09009e-01
 2.25000e+01  1.24911e-01 -5.36826e-04  2.35617e-02 -4.29766e-03  1.42338e-02  1.06686e-02  2.09026e-01
 2.30000e+01  1.19348e-01 -6.34974e-04  2.31569e-02 -5.32038e-03  1.40691e-02  1.05219e-02  2.08918e-01
 2.35000e+01  1.14274e-01 -7.09273e-04  2.27060e-02 -6.20676e-03  1.38606e-02  1.03766e-02  2.08648e-01
 2.40000e+01  1.09685e-01 -7.54458e-04  2.22222e-02 -6.87843e-03  1.36178e-02  1.02392e-02  2.08190e-01
 2.45000e+01  1.05567e-01 -7.66660e-04  2.17196e-02 -7.26230e-03  1.33509e-02  1.01159e-02  2.07540e-01
 2.50000e+01  1.01905e-01 -7.43632e-04  2.12133e-02 -7.29731e-03  1.30709e-02  1.00117e-02  2.06715e-01
 2.55000e+01  9.86769e-02 -6.84892e-04  2.07178e-02 -6.94075e-03  1.27890e-02  9.93088e-03  2.05756e-01
 2.60000e+01  9.58578e-02 -5.91762e-04  2.02474e-02 -6.17333e-03  1.25160e-02  9.87658e-03  2.04721e-01
 2.65000e+01  9.34195e-02 -4.67300e-04  1.98146e-02 -5.00217e-03  1.22614e-02  9.85101e-03  2.03682e-01
 2.70000e+01  9.13313e-02 -3.16119e-04  1.94299e-02 -3.46123e-03  1.20337e-02  9.85536e-03  2.02715e-01
 2.75000e+01  8.95619e-02 -1.44126e-04  1.91010e-02 -1.60923e-03  1.18389e-02  9.88984e-03  2.01889e-01
 2.80000e+01  8.80792e-02  4.17974e-05  1.88327e-02  4.74544e-04  1.16813e-02  9.95372e-03  2.01263e-01
 2.85000e+01  8.68522e-02  2.34162e-04  1.86265e-02  2.69610e-03  1.15626e-02  1.00454e-02  2.00876e-01
 2.90000e+01  8.58508e-02  4.25270e-04  1.84807e-02  4.95359e-03  1.14822e-02  1.01624e-02  2.00744e-01
 2.95000e+01  8.50465e-02  6.07619e-04  1.83909e-02  7.14455e-03  1.14375e-02  1.03017e-02  2.00861e-01
 3.00000e+01  8.44129e-02  7.74318e-04  1.83507e-02  9.17298e-03  1.14244e-02  1.04595e-02  2.01203e-01
 3.05000e+01  8.39251e-02  9.19450e-04  1.83524e-02  1.09556e-02  1.14382e-02  1.06318e-02  2.01734e-01
 3.10000e+01  8.35600e-02  1.03837e-03  1.83885e-02  1.24267e-02  1.14738e-02  1.08142e-02  2.02416e-01
 3.15000e+01  8.32961e-02  1.12791e-03  1.84520e-02  1.35410e-02  1.15267e-02  1.10021e-02  2.03213e-01
 3.20000e+01  8.31135e-02  1.18643e-03  1.85367e-02  1.42749e-02  1.15928e-02  1.11912e-02  2.04095e-01
 3.25000e+01  8.29940e-02  1.21378e-03  1.86372e-02  1.46250e-02  1.16689e-02  1.13773e-02  2.05037e-01
 3.30000e+01  8.29211e-02  1.21114e-03  1.87487e-02  1.46060e-02  1.17518e-02  1.15567e-02  2.06016e-01
 3.35000e+01  8.28804e-02  1.18083e-03  1.88666e-02  1.42474e-02  1.18385e-02  1.17264e-02  2.07011e-01
 3.40000e+01  8.28591e-02  1.12604e-03  1.89869e-02  1.35899e-02  1.19265e-02  1.18837e-02  2.08004e-01
 3.45000e+01  8.28465e-02  1.05063e-03  1.91071e-02  1.26816e-02  1.20142e-02  1.20268e-02  2.08986e-01
 3.50000e+01  8.28341e-02  9.58744e-04  1.92265e-02  1.15743e-02  1.21013e-02  1.21545e-02  2.09962e-01
 3.55000e+01  8.28152e-02  8.54549e-04  1.93456e-02  1.03187e-02  1.21883e-02  1.22662e-02  2.10943e-01
 3.60000e+01  8.27860e-02  7.41844e-04  1.94647e-02  8.96098e-03  1.22756e-02  1.23618e-02  2.11938e-01
 3.65000e+01  8.27448e-02  6.23818e-04  1.95826e-02  7.53906e-03  1.23623e-02  1.24421e-02  2.12938e-01
 3.70000e+01  8.26922e-02  5.02942e-04  1.96952e-02  6.08210e-03  1.24454e-02  1.25082e-02  2.13911e-01
 3.75000e+01  8.26306e-02  3.81065e-04  1.97967e-02  4.61168e-03  1.25206e-02  1.25616e-02  2.14807e-01
 3.80000e+01  8.25631e-02  2.59655e-04  1.98816e-02  3.14493e-03  1.25840e-02  1.26041e-02  2.15579e-01
 3.85000e+01  8.24927e-02  1.40076e-04  1.99472e-02  1.69804e-03  1.26333e-02  1.26374e-02  2.16199e-01
 3.90000e+01  8.24217e-02  2.37646e-05  1.99945e-02  2.88330e-04  1.26694e-02  1.26632e-02  2.16673e-01
 3.95000e+01  8.23517e-02 -8.77627e-05  2.00273e-02 -1.06571e-03  1.26949e-02  1.26828e-02  2.17029e-01
 4.00000e+01  8.22836e-02 -1.93023e-04  2.00494e-02 -2.34583e-03  1.27126e-02  1.26976e-02  2.17297e-01
 4.05000e+01  8.22179e-02 -2.90679e-04  2.00630e-02 -3.53547e-03  1.27240e-02  1.27088e-02  2.17494e-01
 4.10000e+01  8.21546e-02 -3.79546e-04  2.00682e-02 -4.61990e-03  1.27293e-02  1.27175e-02  2.17619e-01
 4.15000e+01  8.20934e-02 -4.58510e-04  2.00651e-02 -5.58522e-03  1.27285e-02  1.27245e-02  2.17675e-01
 4.20000e+01  8.20333e-02 -5.26431e-04  2.00556e-02 -6.41728e-03  1.27230e-02  1.27305e-02  2.17677e-01
 4.25000e+01  8.19725e-02 -5.82153e-04  2.00438e-02 -7.10181e-03  1.27159e-02  1.27359e-02  2.17661e-01
 4.30000e+01  8.19094e-02 -6.24635e-04  2.00351e-02 -7.62593e-03  1.27110e-02  1.27408e-02  2.17673e-01
 4.35000e+01  8.18424e-02 -6.53134e-04  2.00335e-02 -7.98039e-03  1.27115e-02  1.27454e-02  2.17750e-01
 4.40000e+01  8.17711e-02 -6.67356e-04  2.00410e-02 -8.16127e-03  1.27186e-02  1.27498e-02  2.17905e-01
 4.45000e+01  8.16959e-02 -6.67483e-04  2.00564e-02 -8.17035e-03  1.27316e-02  1.27540e-02  2.18131e-01
 4.50000e+01  8.16181e-02 -6.54105e-04  2.00773e-02 -8.01422e-03  1.27486e-02  1.27582e-02  2.18406e-01
 4.55000e+01  8.15397e-02 -6.28073e-04  2.01010e-02 -7.70267e-03  1.27676e-02  1.27624e-02  2.18705e-01
 4.60000e+01  8.14628e-02 -5.90369e-04  2.01250e-02 -7.24710e-03  1.27869e-02  1.27667e-02  2.19006e-01
 4.65000e+01  8.13898e-02 -5.42018e-04  2.01477e-02 -6.65953e-03  1.28051e-02  1.27710e-02  2.19291e-01
 4.70000e+01  8.13226e-02 -4.84059e-04  2.01677e-02 -5.95233e-03  1.28212e-02  1.27752e-02  2.19546e-01
 4.75000e+01  8.12629e-02 -4.17558e-04  2.01846e-02 -5.13836e-03  1.28348e-02  1.27791e-02  2.19766e-01
 4.80000e+01  8.12121e-02 -3.43636e-04  2.01984e-02 -4.23134e-03  1.28460e-02  1.27826e-02  2.19949e-01
 4.85000e+01  8.11714e-02 -2.63505e-04  2.02098e-02 -3.24627e-03  1.28552e-02  1.27855e-02  2.20099e-01
 4.90000e+01  8.11415e-02 -1.78501e-04  2.02190e-02 -2.19987e-03  1.28626e-02  1.27877e-02  2.20216e-01
 4.95000e+01  8.11232e-02 -9.01187e-05  2.02252e-02 -1.11089e-03  1.28676e-02  1.27890e-02  2.20292e-01
 5.00000e+01  8.11170e-02  7.96455e-16  2.02275e-02  9.81859e-15  1.28693e-02  1.27894e-02  2.20319e-01
 5.05000e+01  8.11232e-02  9.01187e-05  2.02252e-02  1.11089e-03  1.28676e-02  1.27890e-02  2.20292e-01
 5.10000e+01  8.11415e-02  1.78501e-04  2.02190e-02  2.19987e-03  1.28626e-02  1.27877e-02  2.20216e-01
 5.15000e+01  8.11714e-02  2.63505e-04  2.02098e-02  3.24627e-03  1.28552e-02  1.27855e-02  2.20099e-01
 5.20000e+01  8.12121e-02  3.43636e-04  2.01984e-02  4.23134e-03  1.28460e-02  1.27826e-02  2.19949e-01
 5.25000e+01  8.12629e-02  4.17558e-04  2.01846e-02  5.13836e-03  1.28348e-02  1.27791e-02  2.19766e-01
 5.30000e+01  8.13226e-02  4.84059e-04  2.01677e-02  5.95233e-03  1.28212e-02  1.27752e-02  2.19546e-01
 5.35000e+01  8.13898e-02  5.42018e-04  2.01477e-02  6.65953e-03  1.28051e-02  1.27710e-02  2.19291e-01
 5.40000e+01  8.14628e-02  5.90369e-04  2.01250e-02  7.24710e-03  1.27869e-02  1.27667e-02  2.19006e-01
 5.45000e+01  8.15397e-02  6.28073e-04  2.01010e-02  7.70267e-03  1.27676e-02  1.27624e-02  2.18705e-01
 5.50000e+01  8.16181e-02  6.54105e-04  2.00773e-02  8.01422e-03  1.27486e-02  1.27582e-02  2.18406e-01
 5.55000e+01  8.16959e-02  6.67483e-04  2.00564e-02  8.17035e-03  1.27316e-02  1.27540e-02  2.18131e-01
 5.60000e+01  8.17711e-02  6.67356e-04  2.00410e-02  8.16127e-03  1.27186e-02  1.27498e-02  2.17905e-01
 5.65000e+01  8.18424e-02  6.53134e-04  2.00335e-02  7.98039e-03  1.27115e-02  1.27454e-02  2.17750e-01
 5.70000e+01  8.19094e-02  6.24635e-04  2.00351e-02  7.62593e-03  1.27110e-02  1.27408e-02  2.17673e-01
 5.75000e+01  8.19725e-02  5.82153e-04  2.00438e-02  7.10181e-03  1.27159e-02  1.27359e-02  2.17661e-01
 5.80000e+01  8.20333e-02  5.26431e-04  2.00556e-02  6.41728e-03  1.27230e-02  1.27305e-02  2.17677e-01
 5.85000e+01  8.20934e-02  4.58510e-04  2.00651e-02  5.58522e-03  1.27285e-02  1.27245e-02  2.17675e-01
 5.90000e+01  8.21546e-02  3.79546e-04  2.00682e-02  4.61990e-03  1.27293e-02  1.27175e-02  2.17619e-01
 5.95000e+01  8.22179e-02  2.90679e-04  2.00630e-02  3.53547e-03  1.27240e-02  1.27088e-02  2.17494e-01
 6.00000e+01  8.22836e-02  1.93023e-04  2.00494e-02  2.34583e-03  1.27126e-02  1.26976e-02  2.17297e-01
 6.05000e+01  8.23517e-02  8.77627e-05  2.00273e-02  1.06571e-03  1.26949e-02  1.26828e-02  2.17029e-01
 6.10000e+01  8.24217e-02 -2.37646e-05  1.99945e-02 -2.88330e-04  1.26694e-02  1.26632e-02  2.16673e-01
 6.15000e+01  8.24927e-02 -1.40076e-04  1.99472e-02 -1.69804e-03  1.26333e-02  1.26374e-02  2.16199e-01
 6.20000e+01  8.25631e-02 -2.59655e-04  1.98816e-02 -3.14493e-03  1.25840e-02  1.26041e-02  2.15579e-01
 6.25000e+01  8.26306e-02 -3.81065e-04  1.97967e-02 -4.61168e-03  1.25206e-02  1.25616e-02  2.14807e-01
 6.30000e+01  8.26922e-02 -5.02942e-04  1.96952e-02 -6.08210e-03  1.24454e-02  1.25082e-02  2.13911e-01
 6.35000e+01  8.27448e-02 -6.23818e-04  1.95826e-02 -7.53906e-03  1.23623e-02  1.24421e-02  2.12938e-01
 6.40000e+01  8.27860e-02 -7.41844e-04  1.94647e-02 -8.96098e-03  1.22756e-02  1.23618e-02  2.11938e-01
 6.45000e+01  8.28152e-02 -8.54549e-04  1.93456e-02 -1.03187e-02  1.21883e-02  1.22662e-02  2.10943e-01
 6.50000e+01  8.28341e-02 -9.58744e-04  1.92265e-02 -1.15743e-02  1.21013e-02  1.21545e-02  2.09962e-01
 6.55000e+01  8.28465e-02 -1.05063e-03  1.91071e-02 -1.26816e-02  1.20142e-02  1.20268e-02  2.08986e-01
 6.60000e+01  8.28591e-02 -1.12604e-03  1.89869e-02 -1.35899e-02  1.19265e-02  1.18837e-02  2.08004e-01
 6.65000e+01  8.28804e-02 -1.18083e-03  1.88666e-02 -1.42474e-02  1.18385e-02  1.17264e-02  2.07011e-01
 6.70000e+01  8.29211e-02 -1.21114e-03  1.87487e-02 -1.46060e-02  1.17518e-02  1.15567e-02  2.06016e-01
 6.75000e+01  8.29940e-02 -1.21378e-03  1.86372e-02 -1.46250e-02  1.16689e-02  1.13773e-02  2.05037e-01
 6.80000e+01  8.31135e-02 -1.18643e-03  1.85367e-02 -1.42749e-02  1.15928e-02  1.11912e-02  2.04095e-01
 6.85000e+01  8.32961e-02 -1.12791e-03  1.84520e-02 -1.35410e-02  1.15267e-02  1.10021e-02  2.03213e-01
 6.90000e+01  8.35600e-02 -1.03837e-03  1.83885e-02 -1.24267e-02  1.14738e-02  1.08142e-02  2.02416e-01
 6.95000e+01  8.39251e-02 -9.19450e-04  1.83524e-02 -1.09556e-02  1.14382e-02  1.06318e-02  2.01734e-01
 7.00000e+01  8.44129e-02 -7.74318e-04  1.83507e-02 -9.17298e-03  1.14244e-02  1.04595e-02  2.01203e-01
 7.05000e+01  8.50465e-02 -6.07619e-04  1.83909e-02 -7.14455e-03  1.14375e-02  1.03017e-02  2.00861e-01
 7.10000e+01  8.58508e-02 -4.25270e-04  1.84807e-02 -4.95359e-03  1.14822e-02  1.01624e-02  2.00744e-01
 7.15000e+01  8.68522e-02 -2.34162e-04  1.86265e-02 -2.69610e-03  1.15626e-02  1.00454e-02  2.00876e-01
 7.20000e+01  8.80792e-02 -4.17974e-05  1.88327e-02 -4.74544e-04  1.16813e-02  9.95372e-03  2.01263e-01
 7.25000e+01  8.95619e-02  1.44126e-04  1.91010e-02  1.60923e-03  1.18389e-02  9.88984e-03  2.01889e-01
 7.30000e+01  9.13313e-02  3.16119e-04  1.94299e-02  3.46123e-03  1.20337e-02  9.85536e-03  2.02715e-01
 7.35000e+01  9.34195e-02  4.67300e-04  1.98146e-02  5.00217e-03  1.22614e-02  9.85101e-03  2.03682e-01
 7.40000e+01  9.58578e-02  5.91762e-04  2.02474e-02  6.17333e-03  1.25160e-02  9.87658e-03  2.04721e-01
 7.45000e+01  9.86769e-02  6.84892e-04  2.07178e-02  6.94075e-03  1.27890e-02  9.93088e-03  2.05756e-01
 7.50000e+01  1.01905e-01  7.43632e-04  2.12133e-02  7.29731e-03  1.30709e-02  1.00117e-02  2.06715e-01
 7.55000e+01  1.05567e-01  7.66660e-04  2.17196e-02  7.26230e-03  1.33509e-02  1.01159e-02  2.07540e-01
 7.60000e+01  1.09685e-01  7.54458e-04  2.22222e-02  6.87843e-03  1.36178e-02  1.02392e-02  2.08190e-01
 7.65000e+01  1.14274e-01  7.09273e-04  2.27060e-02  6.20676e-03  1.38606e-02  1.03766e-02  2.08648e-01
 7.70000e+01  1.19348e-01  6.34974e-04  2.31569e-02  5.32038e-03  1.40691e-02  1.05219e-02  2.08918e-01
 7.75000e+01  1.24911e-01  5.36826e-04  2.35617e-02  4.29766e-03  1.42338e-02  1.06686e-02  2.09026e-01
 7.80000e+01  1.30967e-01  4.21198e-04  2.39077e-02  3.21606e-03  1.43463e-02  1.08094e-02  2.09009e-01
 7.85000e+01  1.37512e-01  2.95233e-04  2.41832e-02  2.14696e-03  1.43993e-02  1.09366e-02  2.08916e-01
 7.90000e+01  1.44539e-01  1.66498e-04  2.43772e-02  1.15192e-03  1.43867e-02  1.10426e-02  2.08796e-01
 7.95000e+01  1.52038e-01  4.26301e-05  2.44787e-02  2.80391e-04  1.43030e-02  1.11197e-02  2.08695e-01
 8.00000e+01  1.59996e-01 -6.89938e-05  2.44769e-02 -4.31223e-04  1.41437e-02  1.11610e-02  2.08654e-01
 8.05000e+01  1.68395e-01 -1.61570e-04  2.43607e-02 -9.59473e-04  1.39048e-02  1.11603e-02  2.08706e-01
 8.10000e+01  1.77218e-01 -2.29139e-04  2.41184e-02 -1.29298e-03  1.35831e-02  1.11123e-02  2.08875e-01
 8.15000e+01  1.86445e-01 -2.66814e-04  2.37379e-02 -1.43106e-03  1.31757e-02  1.10133e-02  2.09176e-01
 8.20000e+01  1.96055e-01 -2.70960e-04  2.32060e-02 -1.38206e-03  1.26800e-02  1.08612e-02  2.09613e-01
 8.25000e+01  2.06026e-01 -2.39321e-04  2.25092e-02 -1.16161e-03  1.20940e-02  1.06559e-02  2.10187e-01
 8.30000e+01  2.16333e-01 -1.71079e-04  2.16331e-02 -7.90814e-04  1.14161e-02  1.03989e-02  2.10888e-01
 8.35000e+01  2.26952e-01 -6.68619e-05  2.05629e-02 -2.94608e-04  1.06451e-02  1.00942e-02  2.11704e-01
 8.40000e+01  2.37857e-01  7.13178e-05  1.92836e-02  2.99835e-04  9.78042e-03  9.74762e-03  2.12619e-01
 8.45000e+01  2.49019e-01  2.40173e-04  1.77804e-02  9.64479e-04  8.82213e-03  9.36706e-03  2.13614e-01
 8.50000e+01  2.60409e-01  4.35308e-04  1.60392e-02  1.67163e-03  7.77128e-03  8.96207e-03  2.14667e-01
 8.55000e+01  2.71996e-01  6.51417e-04  1.40469e-02  2.39495e-03  6.63011e-03  8.54368e-03  2.15760e-01
 8.60000e+01  2.83744e-01  8.82522e-04  1.17929e-02  3.11027e-03  5.40235e-03  8.12398e-03  2.16871e-01
 8.65000e+01  2.95619e-01  1.12223e-03  9.26893e-03  3.79619e-03  4.09357e-03  7.71571e-03  2.17982e-01
 8.70000e+01  3.07582e-01  1.36398e-03  6.47062e-03  4.43452e-03  2.71146e-03  7.33173e-03  2.19079e-01
 8.75000e+01  3.19590e-01  1.60131e-03  3.39776e-03  5.01050e-03  1.26607e-03  6.98458e-03  2.20148e-01
 8.80000e+01  3.31600e-01  1.82808e-03  5.52012e-05  5.51292e-03 -2.30040e-04  6.68593e-03  2.21178e-01
 8.85000e+01  3.43567e-01  2.03872e-03 -3.54667e-03  5.93396e-03 -1.76172e-03  6.44616e-03  2.22163e-01
 8.90000e+01  3.55443e-01  2.22831e-03 -7.39152e-03  6.26910e-03 -3.31139e-03  6.27392e-03  2.23098e-01
 8.95000e+01  3.67178e-01  2.39279e-03 -1.14569e-02  6.51670e-03 -4.85929e-03  6.17579e-03  2.23983e-01
 9.00000e+01  3.78722e-01  2.52900e-03 -1.57145e-02  6.67772e-03 -6.38397e-03  6.15606e-03  2.24819e-01
 9.05000e+01  3.90025e-01  2.63470e-03 -2.01303e-02  6.75521e-03 -7.86299e-03  6.21656e-03  2.25608e-01
 9.10000e+01  4.01038e-01  2.70857e-03 -2.46653e-02  6.75391e-03 -9.27369e-03  6.35664e-03  2.26356e-01
 9.15000e+01  4.11710e-01  2.75012e-03 -2.92765e-02  6.67976e-03 -1.05942e-02  6.57320e-03  2.27067e-01
 9.20000e+01  4.21995e-01  2.75964e-03 -3.39177e-02  6.53951e-03 -1.18045e-02  6.86085e-03  2.27747e-01
 9.25000e+01  4.31847e-01  2.73803e-03 -3.85410e-02  6.34028e-03 -1.28873e-02  7.21215e-03  2.28400e-01
 9.30000e+01  4.41226e-01  2.68673e-03 -4.30978e-02  6.08923e-03 -1.38292e-02  7.61793e-03  2.29032e-01
 9.35000e+01  4.50091e-01  2.60752e-03 -4.75403e-02  5.79333e-03 -1.46215e-02  8.06757e-03  2.29645e-01
 9.40000e+01  4.58409e-01  2.50248e-03 -5.18225e-02  5.45905e-03 -1.52608e-02  8.54945e-03  2.30240e-01
 9.45000e+01  4.66148e-01  2.37378e-03 -5.59014e-02  5.09233e-03 -1.57491e-02  9.05130e-03  2.30818e-01
 9.50000e+01  4.73282e-01  2.22367e-03 -5.97375e-02  4.69840e-03 -1.60941e-02  9.56058e-03  2.31375e-01
 9.55000e+01  4.79788e-01  2.05436e-03 -6.32961e-02  4.28181e-03 -1.63090e-02  1.00648e-02  2.31908e-01
 9.60000e+01  4.85646e-01  1.86802e-03 -6.65469e-02  3.84646e-03 -1.64112e-02  1.05520e-02  2.32413e-01
 9.65000e+01  4.90843e-01  1.66672e-03 -6.94643e-02  3.39562e-03 -1.64219e-02  1.10107e-02  2.32881e-01
 9.70000e+01  4.95365e-01  1.45246e-03 -7.20274e-02  2.93210e-03 -1.63645e-02  1.14306e-02  2.33308e-01
 9.75000e+01  4.99203e-01  1.22716e-03 -7.42197e-02  2.45824e-03 -1.62632e-02  1.18022e-02  2.33684e-01
 9.80000e+01  5.02350e-01  9.92707e-04 -7.60283e-02  1.97612e-03 -1.61419e-02  1.21176e-02  2.34004e-01
 9.85000e+01  5.04803e-01  7.50935e-04 -7.74436e-02  1.48758e-03 -1.60223e-02  1.23700e-02  2.34260e-01
 9.90000e+01  5.06557e-01  5.03675e-04 -7.84590e-02  9.94311e-04 -1.59227e-02  1.25540e-02  2.34447e-01
 9.95000e+01  5.07610e-01  2.52754e-04 -7.90699e-02  4.97929e-04 -1.58571e-02  1.26660e-02  2.34560e-01
