 0.00000e+00  2.14844e-01 -1.26798e-14  1.00770e-01 -5.90186e-14  7.85971e-02  4.55923e-01
 5.00000e-01  2.14836e-01  2.95050e-05  1.00770e-01  1.37337e-04  7.85963e-02  4.55928e-01
 1.00000e+00  2.14814e-01  5.89434e-05  1.00770e-01  2.74392e-04  7.85940e-02  4.55945e-01
 1.50000e+00  2.14777e-01  8.82485e-05  1.00770e-01  4.10884e-04  7.85902e-02  4.55973e-01
 2.00000e+00  2.14726e-01  1.17354e-04  1.00769e-01  5.46530e-04  7.85849e-02  4.56011e-01
 2.50000e+00  2.14660e-01  1.46194e-04  1.00768e-01  6.81050e-04  7.85780e-02  4.56061e-01
 3.00000e+00  2.14579e-01  1.74703e-04  1.00767e-01  8.14164e-04  7.85696e-02  4.56122e-01
 3.50000e+00  2.14484e-01  2.02815e-04  1.00766e-01  9.45595e-04  7.85597e-02  4.56194e-01
 4.00000e+00  2.14374e-01  2.30466e-04  1.00765e-01  1.07506e-03  7.85482e-02  4.56277e-01
 4.50000e+00  2.14250e-01  2.57592e-04  1.00763e-01  1.20229e-03  7.85352e-02  4.56370e-01
 5.00000e+00  2.14112e-01  2.84130e-04  1.00761e-01  1.32701e-03  7.85207e-02  4.56474e-01
 5.50000e+00  2.13960e-01  3.10018e-04  1.00759e-01  1.44895e-03  7.85046e-02  4.56589e-01
 6.00000e+00  2.13794e-01  3.35195e-04  1.00756e-01  1.56784e-03  7.84870e-02  4.56714e-01
 6.50000e+00  2.13614e-01  3.59601e-04  1.00753e-01  1.68341e-03  7.84678e-02  4.56850e-01
 7.00000e+00  2.13421e-01  3.83178e-04  1.00750e-01  1.79541e-03  7.84471e-02  4.56995e-01
 7.50000e+00  2.13214e-01  4.05868e-04  1.00746e-01  1.90357e-03  7.84248e-02  4.57151e-01
 8.00000e+00  2.12994e-01  4.27617e-04  1.00742e-01  2.00765e-03  7.84010e-02  4.57317e-01
 8.50000e+00  2.12761e-01  4.48370e-04  1.00738e-01  2.10739e-03  7.83757e-02  4.57493e-01
 9.00000e+00  2.12515e-01  4.68077e-04  1.00732e-01  2.20256e-03  7.83487e-02  4.57678e-01
 9.50000e+00  2.12256e-01  4.86687e-04  1.00727e-01  2.29292e-03  7.83203e-02  4.57872e-01
 1.00000e+01  2.11986e-01  5.04154e-04  1.00720e-01  2.37825e-03  7.82903e-02  4.58076e-01
 1.05000e+01  2.11703e-01  5.20434e-04  1.00714e-01  2.45832e-03  7.82587e-02  4.58289e-01
 1.10000e+01  2.11408e-01  5.35484e-04  1.00706e-01  2.53294e-03  7.82256e-02  4.58511e-01
 1.15000e+01  2.11102e-01  5.49266e-04  1.00698e-01  2.60190e-03  7.81910e-02  4.58741e-01
 1.20000e+01  2.10785e-01  5.61744e-04  1.00689e-01  2.66501e-03  7.81548e-02  4.58980e-01
 1.25000e+01  2.10456e-01  5.72886e-04  1.00679e-01  2.72211e-03  7.81171e-02  4.59227e-01
 1.30000e+01  2.10118e-01  5.82663e-04  1.00668e-01  2.77303e-03  7.80779e-02  4.59482e-01
 1.35000e+01  2.09768e-01  5.91050e-04  1.00657e-01  2.81763e-03  7.80372e-02  4.59744e-01
 1.40000e+01  2.09409e-01  5.98027e-04  1.00645e-01  2.85578e-03  7.79951e-02  4.60014e-01
 1.45000e+01  2.09041e-01  6.03576e-04  1.00632e-01  2.88736e-03  7.79515e-02  4.60292e-01
 1.50000e+01  2.08663e-01  6.07687e-04  1.00618e-01  2.91229e-03  7.79064e-02  4.60576e-01
 1.55000e+01  2.08277e-01  6.10352e-04  1.00603e-01  2.93049e-03  7.78600e-02  4.60867e-01
 1.60000e+01  2.07882e-01  6.11569e-04  1.00587e-01  2.94191e-03  7.78121e-02  4.61164e-01
 1.65000e+01  2.07479e-01  6.11340e-04  1.00570e-01  2.94652e-03  7.77630e-02  4.61468e-01
 1.70000e+01  2.07068e-01  6.09675e-04  1.00552e-01  2.94432e-03  7.77125e-02  4.61778e-01
 1.75000e+01  2.06650e-01  6.06585e-04  1.00533e-01  2.93532e-03  7.76608e-02  4.62093e-01
 1.80000e+01  2.06226e-01  6.02092e-04  1.00513e-01  2.91958e-03  7.76078e-02  4.62413e-01
 1.85000e+01  2.05795e-01  5.96220e-04  1.00492e-01  2.89716e-03  7.75537e-02  4.62739e-01
 1.90000e+01  2.05358e-01  5.89000e-04  1.00471e-01  2.86816e-03  7.74984e-02  4.63069e-01
 1.95000e+01  2.04916e-01  5.80470e-04  1.00448e-01  2.83272e-03  7.74421e-02  4.63404e-01
 2.00000e+01  2.04469e-01  5.70670e-04  1.00424e-01  2.79099e-03  7.73848e-02  4.63744e-01
 2.05000e+01  2.04018e-01  5.59651e-04  1.00400e-01  2.74315e-03  7.73266e-02  4.64087e-01
 2.10000e+01  2.03562e-01  5.47467e-04  1.00374e-01  2.68943e-03  7.72675e-02  4.64434e-01
 2.15000e+01  2.03103e-01  5.34177e-04  1.00348e-01  2.63008e-03  7.72076e-02  4.64785e-01
 2.20000e+01  2.02641e-01  5.19847e-04  1.00321e-01  2.56536e-03  7.71471e-02  4.65139e-01
 2.25000e+01  2.02177e-01  5.04547e-04  1.00293e-01  2.49558e-03  7.70859e-02  4.65495e-01
 2.30000e+01  2.01710e-01  4.88353e-04  1.00264e-01  2.42106e-03  7.70242e-02  4.65855e-01
 2.35000e+01  2.01242e-01  4.71344e-04  1.00235e-01  2.34217e-03  7.69620e-02  4.66217e-01
 2.40000e+01  2.00773e-01  4.53605e-04  1.00205e-01  2.25929e-03  7.68995e-02  4.66581e-01
 2.45000e+01  2.00304e-01  4.35223e-04  1.00175e-01  2.17281e-03  7.68368e-02  4.66946e-01
 2.50000e+01  1.99835e-01  4.16288e-04  1.00144e-01  2.08316e-03  7.67739e-02  4.67314e-01
 2.55000e+01  1.99366e-01  3.96893e-04  1.00113e-01  1.99077e-03  7.67110e-02  4.67683e-01
 2.60000e+01  1.98899e-01  3.77132e-04  1.00082e-01  1.89610e-03  7.66481e-02  4.68053e-01
 2.65000e+01  1.98433e-01  3.57102e-04  1.00050e-01  1.79961e-03  7.65854e-02  4.68423e-01
 2.70000e+01  1.97969e-01  3.36898e-04  1.00018e-01  1.70177e-03  7.65230e-02  4.68794e-01
 2.75000e+01  1.97508e-01  3.16617e-04  9.99867e-02  1.60306e-03  7.64610e-02  4.69166e-01
 2.80000e+01  1.97050e-01  2.96352e-04  9.99549e-02  1.50394e-03  7.63994e-02  4.69537e-01
 2.85000e+01  1.96596e-01  2.76195e-04  9.99232e-02  1.40489e-03  7.63384e-02  4.69909e-01
 2.90000e+01  1.96146e-01  2.56239e-04  9.98917e-02  1.30637e-03  7.62780e-02  4.70279e-01
 2.95000e+01  1.95700e-01  2.36567e-04  9.98605e-02  1.20883e-03  7.62185e-02  4.70649e-01
 3.00000e+01  1.95260e-01  2.17265e-04  9.98296e-02  1.11270e-03  7.61598e-02  4.71017e-01
 3.05000e+01  1.94825e-01  1.98409e-04  9.97992e-02  1.01840e-03  7.61020e-02  4.71384e-01
 3.10000e+01  1.94396e-01  1.80072e-04  9.97693e-02  9.26316e-04  7.60453e-02  4.71749e-01
 3.15000e+01  1.93973e-01  1.62321e-04  9.97399e-02  8.36821e-04  7.59897e-02  4.72112e-01
 3.20000e+01  1.93557e-01  1.45216e-04  9.97112e-02  7.50250e-04  7.59353e-02  4.72472e-01
 3.25000e+01  1.93149e-01  1.28813e-04  9.96831e-02  6.66909e-04  7.58821e-02  4.72829e-01
 3.30000e+01  1.92748e-01  1.13157e-04  9.96558e-02  5.87071e-04  7.58303e-02  4.73183e-01
 3.35000e+01  1.92355e-01  9.82887e-05  9.96292e-02  5.10977e-04  7.57798e-02  4.73533e-01
 3.40000e+01  1.91970e-01  8.42417e-05  9.96035e-02  4.38827e-04  7.57308e-02  4.73879e-01
 3.45000e+01  1.91594e-01  7.10412e-05  9.95786e-02  3.70790e-04  7.56832e-02  4.74221e-01
 3.50000e+01  1.91227e-01  5.87061e-05  9.95546e-02  3.06996e-04  7.56371e-02  4.74558e-01
 3.55000e+01  1.90870e-01  4.72480e-05  9.95316e-02  2.47541e-04  7.55926e-02  4.74889e-01
 3.60000e+01  1.90522e-01  3.66722e-05  9.95094e-02  1.92483e-04  7.55496e-02  4.75214e-01
 3.65000e+01  1.90183e-01  2.69775e-05  9.94882e-02  1.41850e-04  7.55081e-02  4.75533e-01
 3.70000e+01  1.89856e-01  1.81569e-05  9.94679e-02  9.56352e-05  7.54683e-02  4.75846e-01
 3.75000e+01  1.89538e-01  1.01978e-05  9.94485e-02  5.38032e-05  7.54301e-02  4.76151e-01
 3.80000e+01  1.89231e-01  3.08267e-06  9.94301e-02  1.62905e-05  7.53935e-02  4.76449e-01
 3.85000e+01  1.88935e-01 -3.21035e-06  9.94126e-02 -1.69918e-05  7.53585e-02  4.76739e-01
 3.90000e+01  1.88651e-01 -8.70716e-06  9.93961e-02 -4.61550e-05  7.53250e-02  4.77020e-01
 3.95000e+01  1.88377e-01 -1.34370e-05  9.93804e-02 -7.13304e-05  7.52932e-02  4.77292e-01
 4.00000e+01  1.88115e-01 -1.74320e-05  9.93657e-02 -9.26666e-05  7.52630e-02  4.77555e-01
 4.05000e+01  1.87865e-01 -2.07265e-05  9.93518e-02 -1.10327e-04  7.52344e-02  4.77808e-01
 4.10000e+01  1.87626e-01 -2.33567e-05  9.93388e-02 -1.24485e-04  7.52073e-02  4.78051e-01
 4.15000e+01  1.87400e-01 -2.53602e-05  9.93266e-02 -1.35326e-04  7.51818e-02  4.78283e-01
 4.20000e+01  1.87186e-01 -2.67753e-05  9.93152e-02 -1.43041e-04  7.51578e-02  4.78504e-01
 4.25000e+01  1.86984e-01 -2.76410e-05  9.93047e-02 -1.47826e-04  7.51354e-02  4.78714e-01
 4.30000e+01  1.86794e-01 -2.79965e-05  9.92949e-02 -1.49879e-04  7.51145e-02  4.78912e-01
 4.35000e+01  1.86617e-01 -2.78806e-05  9.92859e-02 -1.49400e-04  7.50951e-02  4.79098e-01
 4.40000e+01  1.86453e-01 -2.73321e-05  9.92776e-02 -1.46590e-04  7.50771e-02  4.79271e-01
 4.45000e+01  1.86301e-01 -2.63887e-05  9.92700e-02 -1.41645e-04  7.50607e-02  4.79432e-01
 4.50000e+01  1.86162e-01 -2.50879e-05  9.92632e-02 -1.34764e-04  7.50457e-02  4.79580e-01
 4.55000e+01  1.86037e-01 -2.34661e-05  9.92570e-02 -1.26137e-04  7.50322e-02  4.79714e-01
 4.60000e+01  1.85924e-01 -2.15587e-05  9.92516e-02 -1.15955e-04  7.50202e-02  4.79835e-01
 4.65000e+01  1.85824e-01 -1.94005e-05  9.92468e-02 -1.04402e-04  7.50095e-02  4.79942e-01
 4.70000e+01  1.85738e-01 -1.70250e-05  9.92426e-02 -9.16615e-05  7.50003e-02  4.80036e-01
 4.75000e+01  1.85665e-01 -1.44652e-05  9.92392e-02 -7.79102e-05  7.49926e-02  4.80115e-01
 4.80000e+01  1.85604e-01 -1.17530e-05  9.92363e-02 -6.33226e-05  7.49862e-02  4.80180e-01
 4.85000e+01  1.85558e-01 -8.91980e-06  9.92341e-02 -4.80702e-05  7.49813e-02  4.80231e-01
 4.90000e+01  1.85524e-01 -5.99641e-06  9.92325e-02 -3.23214e-05  7.49778e-02  4.80267e-01
 4.95000e+01  1.85504e-01 -3.01314e-06  9.92316e-02 -1.62430e-05  7.49756e-02  4.80289e-01
 5.00000e+01  1.85498e-01 -7.77822e-16  9.92313e-02 -4.19316e-15  7.49749e-02  4.80296e-01
 5.05000e+01  1.85504e-01  3.01314e-06  9.92316e-02  1.62430e-05  7.49756e-02  4.80289e-01
 5.10000e+01  1.85524e-01  5.99641e-06  9.92325e-02  3.23214e-05  7.49778e-02  4.80267e-01
 5.15000e+01  1.85558e-01  8.91980e-06  9.92341e-02  4.80702e-05  7.49813e-02  4.80231e-01
 5.20000e+01  1.85604e-01  1.17530e-05  9.92363e-02  6.33226e-05  7.49862e-02  4.80180e-01
 5.25000e+01  1.85665e-01  1.44652e-05  9.92392e-02  7.79102e-05  7.49926e-02  4.80115e-01
 5.30000e+01  1.85738e-01  1.70250e-05  9.92426e-02  9.16615e-05  7.50003e-02  4.80036e-01
 5.35000e+01  1.85824e-01  1.94005e-05  9.92468e-02  1.04402e-04  7.50095e-02  4.79942e-01
 5.40000e+01  1.85924e-01  2.15587e-05  9.92516e-02  1.15955e-04  7.50202e-02  4.79835e-01
 5.45000e+01  1.86037e-01  2.34661e-05  9.92570e-02  1.26137e-04  7.50322e-02  4.79714e-01
 5.50000e+01  1.86162e-01  2.50879e-05  9.92632e-02  1.34764e-04  7.50457e-02  4.79580e-01
 5.55000e+01  1.86301e-01  2.63887e-05  9.92700e-02  1.41645e-04  7.50607e-02  4.79432e-01
 5.60000e+01  1.86453e-01  2.73321e-05  9.92776e-02  1.46590e-04  7.50771e-02  4.79271e-01
 5.65000e+01  1.86617e-01  2.78806e-05  9.92859e-02  1.49400e-04  7.50951e-02  4.79098e-01
 5.70000e+01  1.86794e-01  2.79965e-05  9.92949e-02  1.49879e-04  7.51145e-02  4.78912e-01
 5.75000e+01  1.86984e-01  2.76410e-05  9.93047e-02  1.47826e-04  7.51354e-02  4.78714e-01
 5.80000e+01  1.87186e-01  2.67753e-05  9.93152e-02  1.43041e-04  7.51578e-02  4.78504e-01
 5.85000e+01  1.87400e-01  2.53602e-05  9.93266e-02  1.35326e-04  7.51818e-02  4.78283e-01
 5.90000e+01  1.87626e-01  2.33567e-05  9.93388e-02  1.24485e-04  7.52073e-02  4.78051e-01
 5.95000e+01  1.87865e-01  2.07265e-05  9.93518e-02  1.10327e-04  7.52344e-02  4.77808e-01
 6.00000e+01  1.88115e-01  1.74320e-05  9.93657e-02  9.26666e-05  7.52630e-02  4.77555e-01
 6.05000e+01  1.88377e-01  1.34370e-05  9.93804e-02  7.13304e-05  7.52932e-02  4.77292e-01
 6.10000e+01  1.88651e-01  8.70716e-06  9.93961e-02  4.61550e-05  7.53250e-02  4.77020e-01
 6.15000e+01  1.88935e-01  3.21035e-06  9.94126e-02  1.69918e-05  7.53585e-02  4.76739e-01
 6.20000e+01  1.89231e-01 -3.08267e-06  9.94301e-02 -1.62905e-05  7.53935e-02  4.76449e-01
 6.25000e+01  1.89538e-01 -1.01978e-05  9.94485e-02 -5.38032e-05  7.54301e-02  4.76151e-01
 6.30000e+01  1.89856e-01 -1.81569e-05  9.94679e-02 -9.56352e-05  7.54683e-02  4.75846e-01
 6.35000e+01  1.90183e-01 -2.69775e-05  9.94882e-02 -1.41850e-04  7.55081e-02  4.75533e-01
 6.40000e+01  1.90522e-01 -3.66722e-05  9.95094e-02 -1.92483e-04  7.55496e-02  4.75214e-01
 6.45000e+01  1.90870e-01 -4.72480e-05  9.95316e-02 -2.47541e-04  7.55926e-02  4.74889e-01
 6.50000e+01  1.91227e-01 -5.87061e-05  9.95546e-02 -3.06996e-04  7.56371e-02  4.74558e-01
 6.55000e+01  1.91594e-01 -7.10412e-05  9.95786e-02 -3.70790e-04  7.56832e-02  4.74221e-01
 6.60000e+01  1.91970e-01 -8.42417e-05  9.96035e-02 -4.38827e-04  7.57308e-02  4.73879e-01
 6.65000e+01  1.92355e-01 -9.82887e-05  9.96292e-02 -5.10977e-04  7.57798e-02  4.73533e-01
 6.70000e+01  1.92748e-01 -1.13157e-04  9.96558e-02 -5.87071e-04  7.58303e-02  4.73183e-01
 6.75000e+01  1.93149e-01 -1.28813e-04  9.96831e-02 -6.66909e-04  7.58821e-02  4.72829e-01
 6.80000e+01  1.93557e-01 -1.45216e-04  9.97112e-02 -7.50250e-04  7.59353e-02  4.72472e-01
 6.85000e+01  1.93973e-01 -1.62321e-04  9.97399e-02 -8.36821e-04  7.59897e-02  4.72112e-01
 6.90000e+01  1.94396e-01 -1.80072e-04  9.97693e-02 -9.26316e-04  7.60453e-02  4.71749e-01
 6.95000e+01  1.94825e-01 -1.98409e-04  9.97992e-02 -1.01840e-03  7.61020e-02  4.71384e-01
 7.00000e+01  1.95260e-01 -2.17265e-04  9.98296e-02 -1.11270e-03  7.61598e-02  4.71017e-01
 7.05000e+01  1.95700e-01 -2.36567e-04  9.98605e-02 -1.20883e-03  7.62185e-02  4.70649e-01
 7.10000e+01  1.96146e-01 -2.56239e-04  9.98917e-02 -1.30637e-03  7.62780e-02  4.70279e-01
 7.15000e+01  1.96596e-01 -2.76195e-04  9.99232e-02 -1.40489e-03  7.63384e-02  4.69909e-01
 7.20000e+01  1.97050e-01 -2.96352e-04  9.99549e-02 -1.50394e-03  7.63994e-02  4.69537e-01
 7.25000e+01  1.97508e-01 -3.16617e-04  9.99867e-02 -1.60306e-03  7.64610e-02  4.69166e-01
 7.30000e+01  1.97969e-01 -3.36898e-04  1.00018e-01 -1.70177e-03  7.65230e-02  4.68794e-01
 7.35000e+01  1.98433e-01 -3.57102e-04  1.00050e-01 -1.79961e-03  7.65854e-02  4.68423e-01
 7.40000e+01  1.98899e-01 -3.77132e-04  1.00082e-01 -1.89610e-03  7.66481e-02  4.68053e-01
 7.45000e+01  1.99366e-01 -3.96893e-04  1.00113e-01 -1.99077e-03  7.67110e-02  4.67683e-01
 7.50000e+01  1.99835e-01 -4.16288e-04  1.00144e-01 -2.08316e-03  7.67739e-02  4.67314e-01
 7.55000e+01  2.00304e-01 -4.35223e-04  1.00175e-01 -2.17281e-03  7.68368e-02  4.66946e-01
 7.60000e+01  2.00773e-01 -4.53605e-04  1.00205e-01 -2.25929e-03  7.68995e-02  4.66581e-01
 7.65000e+01  2.01242e-01 -4.71344e-04  1.00235e-01 -2.34217e-03  7.69620e-02  4.66217e-01
 7.70000e+01  2.01710e-01 -4.88353e-04  1.00264e-01 -2.42106e-03  7.70242e-02  4.65855e-01
 7.75000e+01  2.02177e-01 -5.04547e-04  1.00293e-01 -2.49558e-03  7.70859e-02  4.65495e-01
 7.80000e+01  2.02641e-01 -5.19847e-04  1.00321e-01 -2.56536e-03  7.71471e-02  4.65139e-01
 7.85000e+01  2.03103e-01 -5.34177e-04  1.00348e-01 -2.63008e-03  7.72076e-02  4.64785e-01
 7.90000e+01  2.03562e-01 -5.47467e-04  1.00374e-01 -2.68943e-03  7.72675e-02  4.64434e-01
 7.95000e+01  2.04018e-01 -5.59651e-04  1.00400e-01 -2.74315e-03  7.73266e-02  4.64087e-01
 8.00000e+01  2.04469e-01 -5.70670e-04  1.00424e-01 -2.79099e-03  7.73848e-02  4.63744e-01
 8.05000e+01  2.04916e-01 -5.80470e-04  1.00448e-01 -2.83272e-03  7.74421e-02  4.63404e-01
 8.10000e+01  2.05358e-01 -5.89000e-04  1.00471e-01 -2.86816e-03  7.74984e-02  4.63069e-01
 8.15000e+01  2.05795e-01 -5.96220e-04  1.00492e-01 -2.89716e-03  7.75537e-02  4.62739e-01
 8.20000e+01  2.06226e-01 -6.02092e-04  1.00513e-01 -2.91958e-03  7.76078e-02  4.62413e-01
 8.25000e+01  2.06650e-01 -6.06585e-04  1.00533e-01 -2.93532e-03  7.76608e-02  4.62093e-01
 8.30000e+01  2.07068e-01 -6.09675e-04  1.00552e-01 -2.94432e-03  7.77125e-02  4.61778e-01
 8.35000e+01  2.07479e-01 -6.11340e-04  1.00570e-01 -2.94652e-03  7.77630e-02  4.61468e-01
 8.40000e+01  2.07882e-01 -6.11569e-04  1.00587e-01 -2.94191e-03  7.78121e-02  4.61164e-01
 8.45000e+01  2.08277e-01 -6.10352e-04  1.00603e-01 -2.93049e-03  7.78600e-02  4.60867e-01
 8.50000e+01  2.08663e-01 -6.07687e-04  1.00618e-01 -2.91229e-03  7.79064e-02  4.60576e-01
 8.55000e+01  2.09041e-01 -6.03576e-04  1.00632e-01 -2.88736e-03  7.79515e-02  4.60292e-01
 8.60000e+01  2.09409e-01 -5.98027e-04  1.00645e-01 -2.85578e-03  7.79951e-02  4.60014e-01
 8.65000e+01  2.09768e-01 -5.91050e-04  1.00657e-01 -2.81763e-03  7.80372e-02  4.59744e-01
 8.70000e+01  2.10118e-01 -5.82663e-04  1.00668e-01 -2.77303e-03  7.80779e-02  4.59482e-01
 8.75000e+01  2.10456e-01 -5.72886e-04  1.00679e-01 -2.72211e-03  7.81171e-02  4.59227e-01
 8.80000e+01  2.10785e-01 -5.61744e-04  1.00689e-01 -2.66501e-03  7.81548e-02  4.58980e-01
 8.85000e+01  2.11102e-01 -5.49266e-04  1.00698e-01 -2.60190e-03  7.81910e-02  4.58741e-01
 8.90000e+01  2.11408e-01 -5.35484e-04  1.00706e-01 -2.53294e-03  7.82256e-02  4.58511e-01
 8.95000e+01  2.11703e-01 -5.20434e-04  1.00714e-01 -2.45832e-03  7.82587e-02  4.58289e-01
 9.00000e+01  2.11986e-01 -5.04154e-04  1.00720e-01 -2.37825e-03  7.82903e-02  4.58076e-01
 9.05000e+01  2.12256e-01 -4.86687e-04  1.00727e-01 -2.29292e-03  7.83203e-02  4.57872e-01
 9.10000e+01  2.12515e-01 -4.68077e-04  1.00732e-01 -2.20256e-03  7.83487e-02  4.57678e-01
 9.15000e+01  2.12761e-01 -4.48370e-04  1.00738e-01 -2.10739e-03  7.83757e-02  4.57493e-01
 9.20000e+01  2.12994e-01 -4.27617e-04  1.00742e-01 -2.00765e-03  7.84010e-02  4.57317e-01
 9.25000e+01  2.13214e-01 -4.05868e-04  1.00746e-01 -1.90357e-03  7.84248e-02  4.57151e-01
 9.30000e+01  2.13421e-01 -3.83178e-04  1.00750e-01 -1.79541e-03  7.84471e-02  4.56995e-01
 9.35000e+01  2.13614e-01 -3.59601e-04  1.00753e-01 -1.68341e-03  7.84678e-02  4.56850e-01
 9.40000e+01  2.13794e-01 -3.35195e-04  1.00756e-01 -1.56784e-03  7.84870e-02  4.56714e-01
 9.45000e+01  2.13960e-01 -3.10018e-04  1.00759e-01 -1.44895e-03  7.85046e-02  4.56589e-01
 9.50000e+01  2.14112e-01 -2.84130e-04  1.00761e-01 -1.32701e-03  7.85207e-02  4.56474e-01
 9.55000e+01  2.14250e-01 -2.57592e-04  1.00763e-01 -1.20229e-03  7.85352e-02  4.56370e-01
 9.60000e+01  2.14374e-01 -2.30466e-04  1.00765e-01 -1.07506e-03  7.85482e-02  4.56277e-01
 9.65000e+01  2.14484e-01 -2.02815e-04  1.00766e-01 -9.45595e-04  7.85597e-02  4.56194e-01
 9.70000e+01  2.14579e-01 -1.74703e-04  1.00767e-01 -8.14164e-04  7.85696e-02  4.56122e-01
 9.75000e+01  2.14660e-01 -1.46194e-04  1.00768e-01 -6.81050e-04  7.85780e-02  4.56061e-01
 9.80000e+01  2.14726e-01 -1.17354e-04  1.00769e-01 -5.46530e-04  7.85849e-02  4.56011e-01
 9.85000e+01  2.14777e-01 -8.82485e-05  1.00770e-01 -4.10884e-04  7.85902e-02  4.55973e-01
 9.90000e+01  2.14814e-01 -5.89434e-05  1.00770e-01 -2.74392e-04  7.85940e-02  4.55945e-01
 9.95000e+01  2.14836e-01 -2.95050e-05  1.00770e-01 -1.37337e-04  7.85963e-02  4.55928e-01
