 0.00000e+00  2.10152e-01 -7.99819e-16  9.69039e-02 -3.80590e-15  7.49036e-02  4.47510e-01
 5.00000e-01  2.10147e-01 -2.41654e-05  9.69056e-02 -1.14993e-04  7.49046e-02  4.47519e-01
 1.00000e+00  2.10133e-01 -4.83411e-05  9.69105e-02 -2.30050e-04  7.49075e-02  4.47546e-01
 1.50000e+00  2.10109e-01 -7.25375e-05  9.69187e-02 -3.45237e-04  7.49124e-02  4.47591e-01
 2.00000e+00  2.10075e-01 -9.67643e-05  9.69301e-02 -4.60617e-04  7.49192e-02  4.47654e-01
 2.50000e+00  2.10032e-01 -1.21031e-04  9.69448e-02 -5.76251e-04  7.49279e-02  4.47736e-01
 3.00000e+00  2.09979e-01 -1.45347e-04  9.69628e-02 -6.92197e-04  7.49386e-02  4.47835e-01
 3.50000e+00  2.09917e-01 -1.69720e-04  9.69839e-02 -8.08511e-04  7.49511e-02  4.47952e-01
 4.00000e+00  2.09846e-01 -1.94158e-04  9.70083e-02 -9.25243e-04  7.49656e-02  4.48086e-01
 4.50000e+00  2.09765e-01 -2.18667e-04  9.70359e-02 -1.04244e-03  7.49820e-02  4.48239e-01
 5.00000e+00  2.09675e-01 -2.43252e-04  9.70666e-02 -1.16014e-03  7.50003e-02  4.48409e-01
 5.50000e+00  2.09575e-01 -2.67917e-04  9.71005e-02 -1.27838e-03  7.50204e-02  4.48597e-01
 6.00000e+00  2.09467e-01 -2.92665e-04  9.71374e-02 -1.39719e-03  7.50424e-02  4.48802e-01
 6.50000e+00  2.09349e-01 -3.17496e-04  9.71775e-02 -1.51659e-03  7.50662e-02  4.49025e-01
 7.00000e+00  2.09223e-01 -3.42410e-04  9.72205e-02 -1.63658e-03  7.50918e-02  4.49265e-01
 7.50000e+00  2.09088e-01 -3.67403e-04  9.72666e-02 -1.75717e-03  7.51192e-02  4.49522e-01
 8.00000e+00  2.08944e-01 -3.92471e-04  9.73156e-02 -1.87835e-03  7.51484e-02  4.49796e-01
 8.50000e+00  2.08792e-01 -4.17606e-04  9.73675e-02 -2.00010e-03  7.51792e-02  4.50086e-01
 9.00000e+00  2.08631e-01 -4.42799e-04  9.74223e-02 -2.12240e-03  7.52118e-02  4.50393e-01
 9.50000e+00  2.08463e-01 -4.68038e-04  9.74798e-02 -2.24519e-03  7.52461e-02  4.50717e-01
 1.00000e+01  2.08286e-01 -4.93308e-04  9.75401e-02 -2.36842e-03  7.52820e-02  4.51057e-01
 1.05000e+01  2.08101e-01 -5.18592e-04  9.76031e-02 -2.49202e-03  7.53194e-02  4.51413e-01
 1.10000e+01  2.07908e-01 -5.43870e-04  9.76687e-02 -2.61591e-03  7.53585e-02  4.51784e-01
 1.15000e+01  2.07708e-01 -5.69119e-04  9.77368e-02 -2.74000e-03  7.53990e-02  4.52171e-01
 1.20000e+01  2.07500e-01 -5.94313e-04  9.78073e-02 -2.86416e-03  7.54410e-02  4.52574e-01
 1.25000e+01  2.07285e-01 -6.19424e-04  9.78803e-02 -2.98827e-03  7.54844e-02  4.52991e-01
 1.30000e+01  2.07063e-01 -6.44421e-04  9.79555e-02 -3.11219e-03  7.55291e-02  4.53422e-01
 1.35000e+01  2.06834e-01 -6.69269e-04  9.80329e-02 -3.23577e-03  7.55752e-02  4.53868e-01
 1.40000e+01  2.06599e-01 -6.93932e-04  9.81125e-02 -3.35884e-03  7.56224e-02  4.54328e-01
 1.45000e+01  2.06357e-01 -7.18369e-04  9.81941e-02 -3.48120e-03  7.56709e-02  4.54802e-01
 1.50000e+01  2.06109e-01 -7.42540e-04  9.82776e-02 -3.60266e-03  7.57205e-02  4.55289e-01
 1.55000e+01  2.05854e-01 -7.66399e-04  9.83630e-02 -3.72301e-03  7.57711e-02  4.55788e-01
 1.60000e+01  2.05594e-01 -7.89900e-04  9.84501e-02 -3.84203e-03  7.58227e-02  4.56300e-01
 1.65000e+01  2.05328e-01 -8.12994e-04  9.85388e-02 -3.95949e-03  7.58752e-02  4.56825e-01
 1.70000e+01  2.05057e-01 -8.35633e-04  9.86290e-02 -4.07512e-03  7.59285e-02  4.57360e-01
 1.75000e+01  2.04781e-01 -8.57764e-04  9.87206e-02 -4.18870e-03  7.59826e-02  4.57907e-01
 1.80000e+01  2.04499e-01 -8.79334e-04  9.88135e-02 -4.29994e-03  7.60374e-02  4.58464e-01
 1.85000e+01  2.04213e-01 -9.00291e-04  9.89075e-02 -4.40858e-03  7.60928e-02  4.59032e-01
 1.90000e+01  2.03923e-01 -9.20580e-04  9.90026e-02 -4.51436e-03  7.61487e-02  4.59609e-01
 1.95000e+01  2.03628e-01 -9.40148e-04  9.90987e-02 -4.61699e-03  7.62051e-02  4.60195e-01
 2.00000e+01  2.03329e-01 -9.58939e-04  9.91955e-02 -4.71619e-03  7.62619e-02  4.60790e-01
 2.05000e+01  2.03027e-01 -9.76902e-04  9.92930e-02 -4.81169e-03  7.63189e-02  4.61393e-01
 2.10000e+01  2.02721e-01 -9.93983e-04  9.93911e-02 -4.90320e-03  7.63762e-02  4.62004e-01
 2.15000e+01  2.02412e-01 -1.01013e-03  9.94896e-02 -4.99046e-03  7.64336e-02  4.62621e-01
 2.20000e+01  2.02100e-01 -1.02530e-03  9.95884e-02 -5.07320e-03  7.64910e-02  4.63245e-01
 2.25000e+01  2.01786e-01 -1.03943e-03  9.96875e-02 -5.15114e-03  7.65484e-02  4.63874e-01
 2.30000e+01  2.01469e-01 -1.05248e-03  9.97866e-02 -5.22403e-03  7.66058e-02  4.64509e-01
 2.35000e+01  2.01151e-01 -1.06442e-03  9.98857e-02 -5.29163e-03  7.66629e-02  4.65148e-01
 2.40000e+01  2.00830e-01 -1.07518e-03  9.99846e-02 -5.35370e-03  7.67199e-02  4.65791e-01
 2.45000e+01  2.00508e-01 -1.08475e-03  1.00083e-01 -5.41000e-03  7.67765e-02  4.66437e-01
 2.50000e+01  2.00186e-01 -1.09308e-03  1.00182e-01 -5.46033e-03  7.68327e-02  4.67086e-01
 2.55000e+01  1.99862e-01 -1.10013e-03  1.00279e-01 -5.50448e-03  7.68885e-02  4.67737e-01
 2.60000e+01  1.99538e-01 -1.10589e-03  1.00377e-01 -5.54226e-03  7.69438e-02  4.68389e-01
 2.65000e+01  1.99213e-01 -1.11032e-03  1.00473e-01 -5.57352e-03  7.69985e-02  4.69041e-01
 2.70000e+01  1.98889e-01 -1.11340e-03  1.00569e-01 -5.59808e-03  7.70525e-02  4.69694e-01
 2.75000e+01  1.98565e-01 -1.11511e-03  1.00664e-01 -5.61582e-03  7.71059e-02  4.70346e-01
 2.80000e+01  1.98243e-01 -1.11543e-03  1.00757e-01 -5.62660e-03  7.71586e-02  4.70997e-01
 2.85000e+01  1.97921e-01 -1.11436e-03  1.00850e-01 -5.63032e-03  7.72104e-02  4.71645e-01
 2.90000e+01  1.97601e-01 -1.11188e-03  1.00942e-01 -5.62690e-03  7.72614e-02  4.72291e-01
 2.95000e+01  1.97282e-01 -1.10799e-03  1.01032e-01 -5.61625e-03  7.73116e-02  4.72933e-01
 3.00000e+01  1.96966e-01 -1.10268e-03  1.01121e-01 -5.59834e-03  7.73608e-02  4.73572e-01
 3.05000e+01  1.96652e-01 -1.09597e-03  1.01208e-01 -5.57311e-03  7.74090e-02  4.74205e-01
 3.10000e+01  1.96341e-01 -1.08784e-03  1.01294e-01 -5.54056e-03  7.74563e-02  4.74833e-01
 3.15000e+01  1.96034e-01 -1.07832e-03  1.01379e-01 -5.50067e-03  7.75025e-02  4.75455e-01
 3.20000e+01  1.95729e-01 -1.06740e-03  1.01461e-01 -5.45346e-03  7.75477e-02  4.76070e-01
 3.25000e+01  1.95429e-01 -1.05511e-03  1.01543e-01 -5.39896e-03  7.75918e-02  4.76678e-01
 3.30000e+01  1.95133e-01 -1.04146e-03  1.01622e-01 -5.33722e-03  7.76347e-02  4.77278e-01
 3.35000e+01  1.94841e-01 -1.02648e-03  1.01699e-01 -5.26829e-03  7.76766e-02  4.77868e-01
 3.40000e+01  1.94554e-01 -1.01017e-03  1.01775e-01 -5.19225e-03  7.77172e-02  4.78450e-01
 3.45000e+01  1.94272e-01 -9.92569e-04  1.01849e-01 -5.10918e-03  7.77567e-02  4.79021e-01
 3.50000e+01  1.93995e-01 -9.73700e-04  1.01921e-01 -5.01919e-03  7.77950e-02  4.79581e-01
 3.55000e+01  1.93725e-01 -9.53590e-04  1.01990e-01 -4.92240e-03  7.78321e-02  4.80130e-01
 3.60000e+01  1.93460e-01 -9.32270e-04  1.02058e-01 -4.81893e-03  7.78680e-02  4.80667e-01
 3.65000e+01  1.93202e-01 -9.09771e-04  1.02124e-01 -4.70892e-03  7.79027e-02  4.81192e-01
 3.70000e+01  1.92950e-01 -8.86126e-04  1.02187e-01 -4.59252e-03  7.79361e-02  4.81703e-01
 3.75000e+01  1.92705e-01 -8.61370e-04  1.02248e-01 -4.46988e-03  7.79682e-02  4.82200e-01
 3.80000e+01  1.92468e-01 -8.35540e-04  1.02308e-01 -4.34119e-03  7.79992e-02  4.82683e-01
 3.85000e+01  1.92238e-01 -8.08671e-04  1.02364e-01 -4.20662e-03  7.80288e-02  4.83151e-01
 3.90000e+01  1.92015e-01 -7.80804e-04  1.02419e-01 -4.06636e-03  7.80572e-02  4.83603e-01
 3.95000e+01  1.91801e-01 -7.51976e-04  1.02471e-01 -3.92060e-03  7.80843e-02  4.84040e-01
 4.00000e+01  1.91595e-01 -7.22228e-04  1.02521e-01 -3.76955e-03  7.81102e-02  4.84460e-01
 4.05000e+01  1.91398e-01 -6.91601e-04  1.02569e-01 -3.61343e-03  7.81347e-02  4.84862e-01
 4.10000e+01  1.91209e-01 -6.60137e-04  1.02615e-01 -3.45244e-03  7.81581e-02  4.85248e-01
 4.15000e+01  1.91029e-01 -6.27876e-04  1.02658e-01 -3.28681e-03  7.81801e-02  4.85615e-01
 4.20000e+01  1.90858e-01 -5.94863e-04  1.02698e-01 -3.11678e-03  7.82009e-02  4.85963e-01
 4.25000e+01  1.90697e-01 -5.61139e-04  1.02737e-01 -2.94257e-03  7.82204e-02  4.86293e-01
 4.30000e+01  1.90545e-01 -5.26749e-04  1.02772e-01 -2.76443e-03  7.82386e-02  4.86604e-01
 4.35000e+01  1.90403e-01 -4.91735e-04  1.02806e-01 -2.58261e-03  7.82556e-02  4.86894e-01
 4.40000e+01  1.90270e-01 -4.56142e-04  1.02837e-01 -2.39734e-03  7.82713e-02  4.87165e-01
 4.45000e+01  1.90148e-01 -4.20014e-04  1.02865e-01 -2.20888e-03  7.82857e-02  4.87415e-01
 4.50000e+01  1.90036e-01 -3.83395e-04  1.02891e-01 -2.01749e-03  7.82989e-02  4.87645e-01
 4.55000e+01  1.89934e-01 -3.46330e-04  1.02915e-01 -1.82342e-03  7.83108e-02  4.87854e-01
 4.60000e+01  1.89842e-01 -3.08862e-04  1.02936e-01 -1.62694e-03  7.83214e-02  4.88041e-01
 4.65000e+01  1.89762e-01 -2.71037e-04  1.02955e-01 -1.42830e-03  7.83308e-02  4.88207e-01
 4.70000e+01  1.89691e-01 -2.32899e-04  1.02971e-01 -1.22778e-03  7.83390e-02  4.88351e-01
 4.75000e+01  1.89632e-01 -1.94492e-04  1.02985e-01 -1.02563e-03  7.83458e-02  4.88473e-01
 4.80000e+01  1.89583e-01 -1.55862e-04  1.02996e-01 -8.22134e-04  7.83515e-02  4.88574e-01
 4.85000e+01  1.89544e-01 -1.17053e-04  1.03005e-01 -6.17550e-04  7.83559e-02  4.88652e-01
 4.90000e+01  1.89517e-01 -7.81101e-05  1.03011e-01 -4.12153e-04  7.83590e-02  4.88708e-01
 4.95000e+01  1.89501e-01 -3.90774e-05  1.03015e-01 -2.06212e-04  7.83609e-02  4.88741e-01
 5.00000e+01  1.89495e-01  1.41270e-15  1.03016e-01  7.45508e-15  7.83615e-02  4.88752e-01
 5.05000e+01  1.89501e-01  3.90774e-05  1.03015e-01  2.06212e-04  7.83609e-02  4.88741e-01
 5.10000e+01  1.89517e-01  7.81101e-05  1.03011e-01  4.12153e-04  7.83590e-02  4.88708e-01
 5.15000e+01  1.89544e-01  1.17053e-04  1.03005e-01  6.17550e-04  7.83559e-02  4.88652e-01
 5.20000e+01  1.89583e-01  1.55862e-04  1.02996e-01  8.22134e-04  7.83515e-02  4.88574e-01
 5.25000e+01  1.89632e-01  1.94492e-04  1.02985e-01  1.02563e-03  7.83458e-02  4.88473e-01
 5.30000e+01  1.89691e-01  2.32899e-04  1.02971e-01  1.22778e-03  7.83390e-02  4.88351e-01
 5.35000e+01  1.89762e-01  2.71037e-04  1.02955e-01  1.42830e-03  7.83308e-02  4.88207e-01
 5.40000e+01  1.89842e-01  3.08862e-04  1.02936e-01  1.62694e-03  7.83214e-02  4.88041e-01
 5.45000e+01  1.89934e-01  3.46330e-04  1.02915e-01  1.82342e-03  7.83108e-02  4.87854e-01
 5.50000e+01  1.90036e-01  3.83395e-04  1.02891e-01  2.01749e-03  7.82989e-02  4.87645e-01
 5.55000e+01  1.90148e-01  4.20014e-04  1.02865e-01  2.20888e-03  7.82857e-02  4.87415e-01
 5.60000e+01  1.90270e-01  4.56142e-04  1.02837e-01  2.39734e-03  7.82713e-02  4.87165e-01
 5.65000e+01  1.90403e-01  4.91735e-04  1.02806e-01  2.58261e-03  7.82556e-02  4.86894e-01
 5.70000e+01  1.90545e-01  5.26749e-04  1.02772e-01  2.76443e-03  7.82386e-02  4.86604e-01
 5.75000e+01  1.90697e-01  5.61139e-04  1.02737e-01  2.94257e-03  7.82204e-02  4.86293e-01
 5.80000e+01  1.90858e-01  5.94863e-04  1.02698e-01  3.11678e-03  7.82009e-02  4.85963e-01
 5.85000e+01  1.91029e-01  6.27876e-04  1.02658e-01  3.28681e-03  7.81801e-02  4.85615e-01
 5.90000e+01  1.91209e-01  6.60137e-04  1.02615e-01  3.45244e-03  7.81581e-02  4.85248e-01
 5.95000e+01  1.91398e-01  6.91601e-04  1.02569e-01  3.61343e-03  7.81347e-02  4.84862e-01
 6.00000e+01  1.91595e-01  7.22228e-04  1.02521e-01  3.76955e-03  7.81102e-02  4.84460e-01
 6.05000e+01  1.91801e-01  7.51976e-04  1.02471e-01  3.92060e-03  7.80843e-02  4.84040e-01
 6.10000e+01  1.92015e-01  7.80804e-04  1.02419e-01  4.06636e-03  7.80572e-02  4.83603e-01
 6.15000e+01  1.92238e-01  8.08671e-04  1.02364e-01  4.20662e-03  7.80288e-02  4.83151e-01
 6.20000e+01  1.92468e-01  8.35540e-04  1.02308e-01  4.34119e-03  7.79992e-02  4.82683e-01
 6.25000e+01  1.92705e-01  8.61370e-04  1.02248e-01  4.46988e-03  7.79682e-02  4.82200e-01
 6.30000e+01  1.92950e-01  8.86126e-04  1.02187e-01  4.59252e-03  7.79361e-02  4.81703e-01
 6.35000e+01  1.93202e-01  9.09771e-04  1.02124e-01  4.70892e-03  7.79027e-02  4.81192e-01
 6.40000e+01  1.93460e-01  9.32270e-04  1.02058e-01  4.81893e-03  7.78680e-02  4.80667e-01
 6.45000e+01  1.93725e-01  9.53590e-04  1.01990e-01  4.92240e-03  7.78321e-02  4.80130e-01
 6.50000e+01  1.93995e-01  9.73700e-04  1.01921e-01  5.01919e-03  7.77950e-02  4.79581e-01
 6.55000e+01  1.94272e-01  9.92569e-04  1.01849e-01  5.10918e-03  7.77567e-02  4.79021e-01
 6.60000e+01  1.94554e-01  1.01017e-03  1.01775e-01  5.19225e-03  7.77172e-02  4.78450e-01
 6.65000e+01  1.94841e-01  1.02648e-03  1.01699e-01  5.26829e-03  7.76766e-02  4.77868e-01
 6.70000e+01  1.95133e-01  1.04146e-03  1.01622e-01  5.33722e-03  7.76347e-02  4.77278e-01
 6.75000e+01  1.95429e-01  1.05511e-03  1.01543e-01  5.39896e-03  7.75918e-02  4.76678e-01
 6.80000e+01  1.95729e-01  1.06740e-03  1.01461e-01  5.45346e-03  7.75477e-02  4.76070e-01
 6.85000e+01  1.96034e-01  1.07832e-03  1.01379e-01  5.50067e-03  7.75025e-02  4.75455e-01
 6.90000e+01  1.96341e-01  1.08784e-03  1.01294e-01  5.54056e-03  7.74563e-02  4.74833e-01
 6.95000e+01  1.96652e-01  1.09597e-03  1.01208e-01  5.57311e-03  7.74090e-02  4.74205e-01
 7.00000e+01  1.96966e-01  1.10268e-03  1.01121e-01  5.59834e-03  7.73608e-02  4.73572e-01
 7.05000e+01  1.97282e-01  1.10799e-03  1.01032e-01  5.61625e-03  7.73116e-02  4.72933e-01
 7.10000e+01  1.97601e-01  1.11188e-03  1.00942e-01  5.62690e-03  7.72614e-02  4.72291e-01
 7.15000e+01  1.97921e-01  1.11436e-03  1.00850e-01  5.63032e-03  7.72104e-02  4.71645e-01
 7.20000e+01  1.98243e-01  1.11543e-03  1.00757e-01  5.62660e-03  7.71586e-02  4.70997e-01
 7.25000e+01  1.98565e-01  1.11511e-03  1.00664e-01  5.61582e-03  7.71059e-02  4.70346e-01
 7.30000e+01  1.98889e-01  1.11340e-03  1.00569e-01  5.59808e-03  7.70525e-02  4.69694e-01
 7.35000e+01  1.99213e-01  1.11032e-03  1.00473e-01  5.57352e-03  7.69985e-02  4.69041e-01
 7.40000e+01  1.99538e-01  1.10589e-03  1.00377e-01  5.54226e-03  7.69438e-02  4.68389e-01
 7.45000e+01  1.99862e-01  1.10013e-03  1.00279e-01  5.50448e-03  7.68885e-02  4.67737e-01
 7.50000e+01  2.00186e-01  1.09308e-03  1.00182e-01  5.46033e-03  7.68327e-02  4.67086e-01
 7.55000e+01  2.00508e-01  1.08475e-03  1.00083e-01  5.41000e-03  7.67765e-02  4.66437e-01
 7.60000e+01  2.00830e-01  1.07518e-03  9.99846e-02  5.35370e-03  7.67199e-02  4.65791e-01
 7.65000e+01  2.01151e-01  1.06442e-03  9.98857e-02  5.29163e-03  7.66629e-02  4.65148e-01
 7.70000e+01  2.01469e-01  1.05248e-03  9.97866e-02  5.22403e-03  7.66058e-02  4.64509e-01
 7.75000e+01  2.01786e-01  1.03943e-03  9.96875e-02  5.15114e-03  7.65484e-02  4.63874e-01
 7.80000e+01  2.02100e-01  1.02530e-03  9.95884e-02  5.07320e-03  7.64910e-02  4.63245e-01
 7.85000e+01  2.02412e-01  1.01013e-03  9.94896e-02  4.99046e-03  7.64336e-02  4.62621e-01
 7.90000e+01  2.02721e-01  9.93983e-04  9.93911e-02  4.90320e-03  7.63762e-02  4.62004e-01
 7.95000e+01  2.03027e-01  9.76902e-04  9.92930e-02  4.81169e-03  7.63189e-02  4.61393e-01
 8.00000e+01  2.03329e-01  9.58939e-04  9.91955e-02  4.71619e-03  7.62619e-02  4.60790e-01
 8.05000e+01  2.03628e-01  9.40148e-04  9.90987e-02  4.61699e-03  7.62051e-02  4.60195e-01
 8.10000e+01  2.03923e-01  9.20580e-04  9.90026e-02  4.51436e-03  7.61487e-02  4.59609e-01
 8.15000e+01  2.04213e-01  9.00291e-04  9.89075e-02  4.40858e-03  7.60928e-02  4.59032e-01
 8.20000e+01  2.04499e-01  8.79334e-04  9.88135e-02  4.29994e-03  7.60374e-02  4.58464e-01
 8.25000e+01  2.04781e-01  8.57764e-04  9.87206e-02  4.18870e-03  7.59826e-02  4.57907e-01
 8.30000e+01  2.05057e-01  8.35633e-04  9.86290e-02  4.07512e-03  7.59285e-02  4.57360e-01
 8.35000e+01  2.05328e-01  8.12994e-04  9.85388e-02  3.95949e-03  7.58752e-02  4.56825e-01
 8.40000e+01  2.05594e-01  7.89900e-04  9.84501e-02  3.84203e-03  7.58227e-02  4.56300e-01
 8.45000e+01  2.05854e-01  7.66399e-04  9.83630e-02  3.72301e-03  7.57711e-02  4.55788e-01
 8.50000e+01  2.06109e-01  7.42540e-04  9.82776e-02  3.60266e-03  7.57205e-02  4.55289e-01
 8.55000e+01  2.06357e-01  7.18369e-04  9.81941e-02  3.48120e-03  7.56709e-02  4.54802e-01
 8.60000e+01  2.06599e-01  6.93932e-04  9.81125e-02  3.35884e-03  7.56224e-02  4.54328e-01
 8.65000e+01  2.06834e-01  6.69269e-04  9.80329e-02  3.23577e-03  7.55752e-02  4.53868e-01
 8.70000e+01  2.07063e-01  6.44421e-04  9.79555e-02  3.11219e-03  7.55291e-02  4.53422e-01
 8.75000e+01  2.07285e-01  6.19424e-04  9.78803e-02  2.98827e-03  7.54844e-02  4.52991e-01
 8.80000e+01  2.07500e-01  5.94313e-04  9.78073e-02  2.86416e-03  7.54410e-02  4.52574e-01
 8.85000e+01  2.07708e-01  5.69119e-04  9.77368e-02  2.74000e-03  7.53990e-02  4.52171e-01
 8.90000e+01  2.07908e-01  5.43870e-04  9.76687e-02  2.61591e-03  7.53585e-02  4.51784e-01
 8.95000e+01  2.08101e-01  5.18592e-04  9.76031e-02  2.49202e-03  7.53194e-02  4.51413e-01
 9.00000e+01  2.08286e-01  4.93308e-04  9.75401e-02  2.36842e-03  7.52820e-02  4.51057e-01
 9.05000e+01  2.08463e-01  4.68038e-04  9.74798e-02  2.24519e-03  7.52461e-02  4.50717e-01
 9.10000e+01  2.08631e-01  4.42799e-04  9.74223e-02  2.12240e-03  7.52118e-02  4.50393e-01
 9.15000e+01  2.08792e-01  4.17606e-04  9.73675e-02  2.00010e-03  7.51792e-02  4.50086e-01
 9.20000e+01  2.08944e-01  3.92471e-04  9.73156e-02  1.87835e-03  7.51484e-02  4.49796e-01
 9.25000e+01  2.09088e-01  3.67403e-04  9.72666e-02  1.75717e-03  7.51192e-02  4.49522e-01
 9.30000e+01  2.09223e-01  3.42410e-04  9.72205e-02  1.63658e-03  7.50918e-02  4.49265e-01
 9.35000e+01  2.09349e-01  3.17496e-04  9.71775e-02  1.51659e-03  7.50662e-02  4.49025e-01
 9.40000e+01  2.09467e-01  2.92665e-04  9.71374e-02  1.39719e-03  7.50424e-02  4.48802e-01
 9.45000e+01  2.09575e-01  2.67917e-04  9.71005e-02  1.27838e-03  7.50204e-02  4.48597e-01
 9.50000e+01  2.09675e-01  2.43252e-04  9.70666e-02  1.16014e-03  7.50003e-02  4.48409e-01
 9.55000e+01  2.09765e-01  2.18667e-04  9.70359e-02  1.04244e-03  7.49820e-02  4.48239e-01
 9.60000e+01  2.09846e-01  1.94158e-04  9.70083e-02  9.25243e-04  7.49656e-02  4.48086e-01
 9.65000e+01  2.09917e-01  1.69720e-04  9.69839e-02  8.08511e-04  7.49511e-02  4.47952e-01
 9.70000e+01  2.09979e-01  1.45347e-04  9.69628e-02  6.92197e-04  7.49386e-02  4.47835e-01
 9.75000e+01  2.10032e-01  1.21031e-04  9.69448e-02  5.76251e-04  7.49279e-02  4.47736e-01
 9.80000e+01  2.10075e-01  9.67643e-05  9.69301e-02  4.60617e-04  7.49192e-02  4.47654e-01
 9.85000e+01  2.10109e-01  7.25375e-05  9.69187e-02  3.45237e-04  7.49124e-02  4.47591e-01
 9.90000e+01  2.10133e-01  4.83411e-05  9.69105e-02  2.30050e-04  7.49075e-02  4.47546e-01
 9.95000e+01  2.10147e-01  2.41654e-05  9.69056e-02  1.14993e-04  7.49046e-02  4.47519e-01
