 0.00000e+00  9.96885e-01  8.28781e-15  1.49222e+00  8.31371e-15  9.94815e-01  9.97923e-01
 1.00000e-01  9.96885e-01 -1.05188e-04  1.49222e+00 -1.05517e-04  9.94815e-01  9.97923e-01
 2.00000e-01  9.96886e-01 -2.10367e-04  1.49222e+00 -2.11025e-04  9.94816e-01  9.97923e-01
 3.00000e-01  9.96887e-01 -3.15528e-04  1.49223e+00 -3.16513e-04  9.94817e-01  9.97924e-01
 4.00000e-01  9.96888e-01 -4.20660e-04  1.49223e+00 -4.21973e-04  9.94819e-01  9.97925e-01
 5.00000e-01  9.96889e-01 -5.25754e-04  1.49223e+00 -5.27395e-04  9.94821e-01  9.97926e-01
 6.00000e-01  9.96891e-01 -6.30801e-04  1.49224e+00 -6.32769e-04  9.94824e-01  9.97927e-01
 7.00000e-01  9.96893e-01 -7.35792e-04  1.49224e+00 -7.38086e-04  9.94827e-01  9.97928e-01
 8.00000e-01  9.96895e-01 -8.40718e-04  1.49225e+00 -8.43336e-04  9.94831e-01  9.97930e-01
 9.00000e-01  9.96898e-01 -9.45568e-04  1.49225e+00 -9.48511e-04  9.94835e-01  9.97931e-01
 1.00000e+00  9.96900e-01 -1.05033e-03  1.49226e+00 -1.05360e-03  9.94840e-01  9.97933e-01
 1.10000e+00  9.96904e-01 -1.15501e-03  1.49227e+00 -1.15859e-03  9.94845e-01  9.97935e-01
 1.20000e+00  9.96907e-01 -1.25958e-03  1.49228e+00 -1.26348e-03  9.94851e-01  9.97938e-01
 1.30000e+00  9.96911e-01 -1.36403e-03  1.49229e+00 -1.36826e-03  9.94857e-01  9.97940e-01
 1.40000e+00  9.96915e-01 -1.46837e-03  1.49230e+00 -1.47291e-03  9.94864e-01  9.97943e-01
 1.50000e+00  9.96919e-01 -1.57257e-03  1.49231e+00 -1.57743e-03  9.94871e-01  9.97946e-01
 1.60000e+00  9.96924e-01 -1.67664e-03  1.49232e+00 -1.68181e-03  9.94879e-01  9.97949e-01
 1.70000e+00  9.96929e-01 -1.78056e-03  1.49233e+00 -1.78604e-03  9.94887e-01  9.97952e-01
 1.80000e+00  9.96934e-01 -1.88431e-03  1.49234e+00 -1.89011e-03  9.94896e-01  9.97956e-01
 1.90000e+00  9.96940e-01 -1.98790e-03  1.49236e+00 -1.99401e-03  9.94905e-01  9.97959e-01
 2.00000e+00  9.96946e-01 -2.09132e-03  1.49237e+00 -2.09773e-03  9.94915e-01  9.97963e-01
 2.10000e+00  9.96952e-01 -2.19455e-03  1.49239e+00 -2.20126e-03  9.94925e-01  9.97967e-01
 2.20000e+00  9.96958e-01 -2.29758e-03  1.49240e+00 -2.30459e-03  9.94936e-01  9.97972e-01
 2.30000e+00  9.96965e-01 -2.40042e-03  1.49242e+00 -2.40772e-03  9.94947e-01  9.97976e-01
 2.40000e+00  9.96972e-01 -2.50304e-03  1.49244e+00 -2.51064e-03  9.94958e-01  9.97981e-01
 2.50000e+00  9.96979e-01 -2.60544e-03  1.49246e+00 -2.61333e-03  9.94970e-01  9.97985e-01
 2.60000e+00  9.96986e-01 -2.70761e-03  1.49247e+00 -2.71579e-03  9.94983e-01  9.97990e-01
 2.70000e+00  9.96994e-01 -2.80954e-03  1.49249e+00 -2.81801e-03  9.94996e-01  9.97996e-01
 2.80000e+00  9.97002e-01 -2.91122e-03  1.49251e+00 -2.91998e-03  9.95009e-01  9.98001e-01
 2.90000e+00  9.97011e-01 -3.01265e-03  1.49253e+00 -3.02169e-03  9.95023e-01  9.98006e-01
 3.00000e+00  9.97019e-01 -3.11382e-03  1.49256e+00 -3.12313e-03  9.95037e-01  9.98012e-01
 3.10000e+00  9.97028e-01 -3.21471e-03  1.49258e+00 -3.22430e-03  9.95052e-01  9.98018e-01
 3.20000e+00  9.97037e-01 -3.31533e-03  1.49260e+00 -3.32518e-03  9.95067e-01  9.98024e-01
 3.30000e+00  9.97047e-01 -3.41565e-03  1.49262e+00 -3.42577e-03  9.95083e-01  9.98030e-01
 3.40000e+00  9.97056e-01 -3.51567e-03  1.49265e+00 -3.52605e-03  9.95099e-01  9.98037e-01
 3.50000e+00  9.97066e-01 -3.61539e-03  1.49267e+00 -3.62603e-03  9.95115e-01  9.98043e-01
 3.60000e+00  9.97076e-01 -3.71480e-03  1.49270e+00 -3.72569e-03  9.95132e-01  9.98050e-01
 3.70000e+00  9.97087e-01 -3.81388e-03  1.49272e+00 -3.82503e-03  9.95149e-01  9.98057e-01
 3.80000e+00  9.97097e-01 -3.91264e-03  1.49275e+00 -3.92403e-03  9.95167e-01  9.98064e-01
 3.90000e+00  9.97108e-01 -4.01105e-03  1.49278e+00 -4.02269e-03  9.95185e-01  9.98071e-01
 4.00000e+00  9.97119e-01 -4.10912e-03  1.49280e+00 -4.12100e-03  9.95203e-01  9.98079e-01
 4.10000e+00  9.97130e-01 -4.20684e-03  1.49283e+00 -4.21895e-03  9.95222e-01  9.98086e-01
 4.20000e+00  9.97142e-01 -4.30420e-03  1.49286e+00 -4.31653e-03  9.95241e-01  9.98094e-01
 4.30000e+00  9.97154e-01 -4.40118e-03  1.49289e+00 -4.41374e-03  9.95261e-01  9.98102e-01
 4.40000e+00  9.97166e-01 -4.49779e-03  1.49292e+00 -4.51058e-03  9.95281e-01  9.98110e-01
 4.50000e+00  9.97178e-01 -4.59402e-03  1.49295e+00 -4.60702e-03  9.95301e-01  9.98118e-01
 4.60000e+00  9.97190e-01 -4.68985e-03  1.49298e+00 -4.70307e-03  9.95322e-01  9.98126e-01
 4.70000e+00  9.97203e-01 -4.78529e-03  1.49301e+00 -4.79871e-03  9.95343e-01  9.98135e-01
 4.80000e+00  9.97216e-01 -4.88032e-03  1.49305e+00 -4.89394e-03  9.95364e-01  9.98143e-01
 4.90000e+00  9.97229e-01 -4.97494e-03  1.49308e+00 -4.98876e-03  9.95386e-01  9.98152e-01
 5.00000e+00  9.97242e-01 -5.06913e-03  1.49311e+00 -5.08315e-03  9.95408e-01  9.98161e-01
 5.10000e+00  9.97256e-01 -5.16291e-03  1.49315e+00 -5.17711e-03  9.95431e-01  9.98170e-01
 5.20000e+00  9.97269e-01 -5.25624e-03  1.49318e+00 -5.27063e-03  9.95453e-01  9.98179e-01
 5.30000e+00  9.97283e-01 -5.34914e-03  1.49321e+00 -5.36371e-03  9.95476e-01  9.98188e-01
 5.40000e+00  9.97297e-01 -5.44159e-03  1.49325e+00 -5.45634e-03  9.95500e-01  9.98197e-01
 5.50000e+00  9.97312e-01 -5.53359e-03  1.49329e+00 -5.54850e-03  9.95523e-01  9.98207e-01
 5.60000e+00  9.97326e-01 -5.62512e-03  1.49332e+00 -5.64020e-03  9.95547e-01  9.98217e-01
 5.70000e+00  9.97341e-01 -5.71619e-03  1.49336e+00 -5.73143e-03  9.95572e-01  9.98226e-01
 5.80000e+00  9.97356e-01 -5.80679e-03  1.49339e+00 -5.82219e-03  9.95596e-01  9.98236e-01
 5.90000e+00  9.97370e-01 -5.89691e-03  1.49343e+00 -5.91246e-03  9.95621e-01  9.98246e-01
 6.00000e+00  9.97386e-01 -5.98654e-03  1.49347e+00 -6.00224e-03  9.95646e-01  9.98256e-01
 6.10000e+00  9.97401e-01 -6.07569e-03  1.49351e+00 -6.09152e-03  9.95672e-01  9.98266e-01
 6.20000e+00  9.97416e-01 -6.16433e-03  1.49355e+00 -6.18030e-03  9.95697e-01  9.98277e-01
 6.30000e+00  9.97432e-01 -6.25248e-03  1.49359e+00 -6.26858e-03  9.95723e-01  9.98287e-01
 6.40000e+00  9.97448e-01 -6.34012e-03  1.49362e+00 -6.35634e-03  9.95750e-01  9.98298e-01
 6.50000e+00  9.97464e-01 -6.42724e-03  1.49366e+00 -6.44358e-03  9.95776e-01  9.98308e-01
 6.60000e+00  9.97480e-01 -6.51384e-03  1.49370e+00 -6.53030e-03  9.95803e-01  9.98319e-01
 6.70000e+00  9.97496e-01 -6.59992e-03  1.49374e+00 -6.61649e-03  9.95830e-01  9.98330e-01
 6.80000e+00  9.97512e-01 -6.68548e-03  1.49379e+00 -6.70215e-03  9.95857e-01  9.98341e-01
 6.90000e+00  9.97529e-01 -6.77049e-03  1.49383e+00 -6.78726e-03  9.95884e-01  9.98352e-01
 7.00000e+00  9.97545e-01 -6.85497e-03  1.49387e+00 -6.87184e-03  9.95912e-01  9.98363e-01
 7.10000e+00  9.97562e-01 -6.93890e-03  1.49391e+00 -6.95586e-03  9.95940e-01  9.98374e-01
 7.20000e+00  9.97579e-01 -7.02229e-03  1.49395e+00 -7.03933e-03  9.95968e-01  9.98385e-01
 7.30000e+00  9.97596e-01 -7.10511e-03  1.49399e+00 -7.12224e-03  9.95996e-01  9.98396e-01
 7.40000e+00  9.97613e-01 -7.18739e-03  1.49404e+00 -7.20458e-03  9.96025e-01  9.98408e-01
 7.50000e+00  9.97630e-01 -7.26909e-03  1.49408e+00 -7.28636e-03  9.96053e-01  9.98419e-01
 7.60000e+00  9.97648e-01 -7.35024e-03  1.49412e+00 -7.36757e-03  9.96082e-01  9.98431e-01
 7.70000e+00  9.97665e-01 -7.43081e-03  1.49417e+00 -7.44820e-03  9.96111e-01  9.98442e-01
 7.80000e+00  9.97683e-01 -7.51080e-03  1.49421e+00 -7.52825e-03  9.96140e-01  9.98454e-01
 7.90000e+00  9.97700e-01 -7.59021e-03  1.49425e+00 -7.60771e-03  9.96170e-01  9.98466e-01
 8.00000e+00  9.97718e-01 -7.66905e-03  1.49430e+00 -7.68659e-03  9.96199e-01  9.98478e-01
 8.10000e+00  9.97736e-01 -7.74729e-03  1.49434e+00 -7.76487e-03  9.96229e-01  9.98490e-01
 8.20000e+00  9.97754e-01 -7.82494e-03  1.49439e+00 -7.84256e-03  9.96259e-01  9.98502e-01
 8.30000e+00  9.97772e-01 -7.90200e-03  1.49443e+00 -7.91965e-03  9.96289e-01  9.98514e-01
 8.40000e+00  9.97790e-01 -7.97846e-03  1.49448e+00 -7.99613e-03  9.96319e-01  9.98526e-01
 8.50000e+00  9.97808e-01 -8.05432e-03  1.49452e+00 -8.07201e-03  9.96349e-01  9.98538e-01
 8.60000e+00  9.97827e-01 -8.12957e-03  1.49457e+00 -8.14728e-03  9.96380e-01  9.98550e-01
 8.70000e+00  9.97845e-01 -8.20422e-03  1.49462e+00 -8.22194e-03  9.96410e-01  9.98562e-01
 8.80000e+00  9.97863e-01 -8.27825e-03  1.49466e+00 -8.29598e-03  9.96441e-01  9.98574e-01
 8.90000e+00  9.97882e-01 -8.35168e-03  1.49471e+00 -8.36940e-03  9.96471e-01  9.98587e-01
 9.00000e+00  9.97900e-01 -8.42448e-03  1.49475e+00 -8.44221e-03  9.96502e-01  9.98599e-01
 9.10000e+00  9.97919e-01 -8.49666e-03  1.49480e+00 -8.51438e-03  9.96533e-01  9.98611e-01
 9.20000e+00  9.97938e-01 -8.56823e-03  1.49485e+00 -8.58593e-03  9.96564e-01  9.98624e-01
 9.30000e+00  9.97956e-01 -8.63916e-03  1.49489e+00 -8.65686e-03  9.96596e-01  9.98636e-01
 9.40000e+00  9.97975e-01 -8.70947e-03  1.49494e+00 -8.72715e-03  9.96627e-01  9.98649e-01
 9.50000e+00  9.97994e-01 -8.77915e-03  1.49499e+00 -8.79680e-03  9.96658e-01  9.98661e-01
 9.60000e+00  9.98013e-01 -8.84820e-03  1.49503e+00 -8.86582e-03  9.96690e-01  9.98674e-01
 9.70000e+00  9.98032e-01 -8.91662e-03  1.49508e+00 -8.93420e-03  9.96721e-01  9.98687e-01
 9.80000e+00  9.98051e-01 -8.98440e-03  1.49513e+00 -9.00194e-03  9.96753e-01  9.98699e-01
 9.90000e+00  9.98070e-01 -9.05154e-03  1.49518e+00 -9.06904e-03  9.96784e-01  9.98712e-01
 1.00000e+01  9.98089e-01 -9.11804e-03  1.49522e+00 -9.13550e-03  9.96816e-01  9.98725e-01
 1.01000e+01  9.98108e-01 -9.18390e-03  1.49527e+00 -9.20131e-03  9.96848e-01  9.98737e-01
 1.02000e+01  9.98127e-01 -9.24911e-03  1.49532e+00 -9.26647e-03  9.96879e-01  9.98750e-01
 1.03000e+01  9.98146e-01 -9.31368e-03  1.49537e+00 -9.33098e-03  9.96911e-01  9.98763e-01
 1.04000e+01  9.98165e-01 -9.37761e-03  1.49541e+00 -9.39485e-03  9.96943e-01  9.98776e-01
 1.05000e+01  9.98184e-01 -9.44089e-03  1.49546e+00 -9.45806e-03  9.96975e-01  9.98788e-01
 1.06000e+01  9.98204e-01 -9.50351e-03  1.49551e+00 -9.52062e-03  9.97007e-01  9.98801e-01
 1.07000e+01  9.98223e-01 -9.56549e-03  1.49556e+00 -9.58252e-03  9.97039e-01  9.98814e-01
 1.08000e+01  9.98242e-01 -9.62682e-03  1.49561e+00 -9.64377e-03  9.97071e-01  9.98827e-01
 1.09000e+01  9.98261e-01 -9.68749e-03  1.49565e+00 -9.70436e-03  9.97103e-01  9.98840e-01
 1.10000e+01  9.98281e-01 -9.74751e-03  1.49570e+00 -9.76430e-03  9.97135e-01  9.98853e-01
 1.11000e+01  9.98300e-01 -9.80688e-03  1.49575e+00 -9.82358e-03  9.97167e-01  9.98865e-01
 1.12000e+01  9.98319e-01 -9.86559e-03  1.49580e+00 -9.88220e-03  9.97199e-01  9.98878e-01
 1.13000e+01  9.98338e-01 -9.92364e-03  1.49585e+00 -9.94016e-03  9.97231e-01  9.98891e-01
 1.14000e+01  9.98358e-01 -9.98104e-03  1.49590e+00 -9.99746e-03  9.97264e-01  9.98904e-01
 1.15000e+01  9.98377e-01 -1.00378e-02  1.49594e+00 -1.00541e-02  9.97296e-01  9.98917e-01
 1.16000e+01  9.98396e-01 -1.00939e-02  1.49599e+00 -1.01101e-02  9.97328e-01  9.98930e-01
 1.17000e+01  9.98415e-01 -1.01493e-02  1.49604e+00 -1.01654e-02  9.97360e-01  9.98943e-01
 1.18000e+01  9.98435e-01 -1.02041e-02  1.49609e+00 -1.02201e-02  9.97392e-01  9.98956e-01
 1.19000e+01  9.98454e-01 -1.02582e-02  1.49614e+00 -1.02741e-02  9.97424e-01  9.98968e-01
 1.20000e+01  9.98473e-01 -1.03116e-02  1.49618e+00 -1.03274e-02  9.97456e-01  9.98981e-01
 1.21000e+01  9.98493e-01 -1.03644e-02  1.49623e+00 -1.03801e-02  9.97488e-01  9.98994e-01
 1.22000e+01  9.98512e-01 -1.04166e-02  1.49628e+00 -1.04321e-02  9.97520e-01  9.99007e-01
 1.23000e+01  9.98531e-01 -1.04680e-02  1.49633e+00 -1.04834e-02  9.97552e-01  9.99020e-01
 1.24000e+01  9.98550e-01 -1.05189e-02  1.49638e+00 -1.05341e-02  9.97584e-01  9.99033e-01
 1.25000e+01  9.98569e-01 -1.05690e-02  1.49642e+00 -1.05842e-02  9.97616e-01  9.99045e-01
 1.26000e+01  9.98589e-01 -1.06185e-02  1.49647e+00 -1.06335e-02  9.97648e-01  9.99058e-01
 1.27000e+01  9.98608e-01 -1.06674e-02  1.49652e+00 -1.06822e-02  9.97680e-01  9.99071e-01
 1.28000e+01  9.98627e-01 -1.07156e-02  1.49657e+00 -1.07303e-02  9.97712e-01  9.99084e-01
 1.29000e+01  9.98646e-01 -1.07631e-02  1.49662e+00 -1.07777e-02  9.97744e-01  9.99096e-01
 1.30000e+01  9.98665e-01 -1.08100e-02  1.49666e+00 -1.08244e-02  9.97775e-01  9.99109e-01
 1.31000e+01  9.98684e-01 -1.08562e-02  1.49671e+00 -1.08705e-02  9.97807e-01  9.99122e-01
 1.32000e+01  9.98703e-01 -1.09018e-02  1.49676e+00 -1.09159e-02  9.97839e-01  9.99135e-01
 1.33000e+01  9.98722e-01 -1.09467e-02  1.49681e+00 -1.09607e-02  9.97870e-01  9.99147e-01
 1.34000e+01  9.98741e-01 -1.09909e-02  1.49685e+00 -1.10048e-02  9.97902e-01  9.99160e-01
 1.35000e+01  9.98760e-01 -1.10345e-02  1.49690e+00 -1.10482e-02  9.97933e-01  9.99173e-01
 1.36000e+01  9.98779e-01 -1.10775e-02  1.49695e+00 -1.10910e-02  9.97965e-01  9.99185e-01
 1.37000e+01  9.98797e-01 -1.11198e-02  1.49699e+00 -1.11332e-02  9.97996e-01  9.99198e-01
 1.38000e+01  9.98816e-01 -1.11614e-02  1.49704e+00 -1.11747e-02  9.98027e-01  9.99210e-01
 1.39000e+01  9.98835e-01 -1.12024e-02  1.49709e+00 -1.12155e-02  9.98059e-01  9.99223e-01
 1.40000e+01  9.98854e-01 -1.12428e-02  1.49713e+00 -1.12557e-02  9.98090e-01  9.99235e-01
 1.41000e+01  9.98872e-01 -1.12825e-02  1.49718e+00 -1.12953e-02  9.98121e-01  9.99248e-01
 1.42000e+01  9.98891e-01 -1.13216e-02  1.49723e+00 -1.13341e-02  9.98152e-01  9.99260e-01
 1.43000e+01  9.98910e-01 -1.13600e-02  1.49727e+00 -1.13724e-02  9.98183e-01  9.99273e-01
 1.44000e+01  9.98928e-01 -1.13978e-02  1.49732e+00 -1.14100e-02  9.98214e-01  9.99285e-01
 1.45000e+01  9.98947e-01 -1.14349e-02  1.49737e+00 -1.14470e-02  9.98245e-01  9.99297e-01
 1.46000e+01  9.98965e-01 -1.14714e-02  1.49741e+00 -1.14833e-02  9.98276e-01  9.99310e-01
 1.47000e+01  9.98984e-01 -1.15073e-02  1.49746e+00 -1.15190e-02  9.98306e-01  9.99322e-01
 1.48000e+01  9.99002e-01 -1.15425e-02  1.49751e+00 -1.15540e-02  9.98337e-01  9.99334e-01
 1.49000e+01  9.99020e-01 -1.15771e-02  1.49755e+00 -1.15884e-02  9.98367e-01  9.99346e-01
 1.50000e+01  9.99038e-01 -1.16110e-02  1.49760e+00 -1.16222e-02  9.98398e-01  9.99359e-01
 1.51000e+01  9.99057e-01 -1.16444e-02  1.49764e+00 -1.16554e-02  9.98428e-01  9.99371e-01
 1.52000e+01  9.99075e-01 -1.16770e-02  1.49769e+00 -1.16879e-02  9.98458e-01  9.99383e-01
 1.53000e+01  9.99093e-01 -1.17091e-02  1.49773e+00 -1.17197e-02  9.98488e-01  9.99395e-01
 1.54000e+01  9.99111e-01 -1.17405e-02  1.49778e+00 -1.17510e-02  9.98519e-01  9.99407e-01
 1.55000e+01  9.99129e-01 -1.17713e-02  1.49782e+00 -1.17816e-02  9.98549e-01  9.99419e-01
 1.56000e+01  9.99147e-01 -1.18015e-02  1.49787e+00 -1.18116e-02  9.98578e-01  9.99431e-01
 1.57000e+01  9.99165e-01 -1.18311e-02  1.49791e+00 -1.18410e-02  9.98608e-01  9.99443e-01
 1.58000e+01  9.99183e-01 -1.18600e-02  1.49796e+00 -1.18697e-02  9.98638e-01  9.99455e-01
 1.59000e+01  9.99200e-01 -1.18883e-02  1.49800e+00 -1.18979e-02  9.98668e-01  9.99467e-01
 1.60000e+01  9.99218e-01 -1.19160e-02  1.49805e+00 -1.19254e-02  9.98697e-01  9.99479e-01
 1.61000e+01  9.99236e-01 -1.19431e-02  1.49809e+00 -1.19523e-02  9.98726e-01  9.99490e-01
 1.62000e+01  9.99253e-01 -1.19696e-02  1.49813e+00 -1.19786e-02  9.98756e-01  9.99502e-01
 1.63000e+01  9.99271e-01 -1.19955e-02  1.49818e+00 -1.20042e-02  9.98785e-01  9.99514e-01
 1.64000e+01  9.99288e-01 -1.20207e-02  1.49822e+00 -1.20293e-02  9.98814e-01  9.99526e-01
 1.65000e+01  9.99306e-01 -1.20454e-02  1.49826e+00 -1.20537e-02  9.98843e-01  9.99537e-01
 1.66000e+01  9.99323e-01 -1.20694e-02  1.49831e+00 -1.20776e-02  9.98872e-01  9.99549e-01
 1.67000e+01  9.99340e-01 -1.20929e-02  1.49835e+00 -1.21008e-02  9.98901e-01  9.99560e-01
 1.68000e+01  9.99357e-01 -1.21157e-02  1.49839e+00 -1.21235e-02  9.98930e-01  9.99572e-01
 1.69000e+01  9.99375e-01 -1.21379e-02  1.49844e+00 -1.21455e-02  9.98958e-01  9.99583e-01
 1.70000e+01  9.99392e-01 -1.21596e-02  1.49848e+00 -1.21670e-02  9.98987e-01  9.99595e-01
 1.71000e+01  9.99409e-01 -1.21806e-02  1.49852e+00 -1.21878e-02  9.99015e-01  9.99606e-01
 1.72000e+01  9.99426e-01 -1.22011e-02  1.49856e+00 -1.22081e-02  9.99043e-01  9.99617e-01
 1.73000e+01  9.99442e-01 -1.22210e-02  1.49861e+00 -1.22278e-02  9.99071e-01  9.99629e-01
 1.74000e+01  9.99459e-01 -1.22402e-02  1.49865e+00 -1.22469e-02  9.99100e-01  9.99640e-01
 1.75000e+01  9.99476e-01 -1.22589e-02  1.49869e+00 -1.22654e-02  9.99127e-01  9.99651e-01
 1.76000e+01  9.99493e-01 -1.22770e-02  1.49873e+00 -1.22833e-02  9.99155e-01  9.99662e-01
 1.77000e+01  9.99509e-01 -1.22946e-02  1.49877e+00 -1.23006e-02  9.99183e-01  9.99673e-01
 1.78000e+01  9.99526e-01 -1.23115e-02  1.49882e+00 -1.23174e-02  9.99211e-01  9.99685e-01
 1.79000e+01  9.99542e-01 -1.23279e-02  1.49886e+00 -1.23335e-02  9.99238e-01  9.99696e-01
 1.80000e+01  9.99559e-01 -1.23437e-02  1.49890e+00 -1.23492e-02  9.99266e-01  9.99707e-01
 1.81000e+01  9.99575e-01 -1.23589e-02  1.49894e+00 -1.23642e-02  9.99293e-01  9.99717e-01
 1.82000e+01  9.99592e-01 -1.23736e-02  1.49898e+00 -1.23786e-02  9.99320e-01  9.99728e-01
 1.83000e+01  9.99608e-01 -1.23877e-02  1.49902e+00 -1.23925e-02  9.99347e-01  9.99739e-01
 1.84000e+01  9.99624e-01 -1.24012e-02  1.49906e+00 -1.24059e-02  9.99374e-01  9.99750e-01
 1.85000e+01  9.99640e-01 -1.24142e-02  1.49910e+00 -1.24186e-02  9.99401e-01  9.99761e-01
 1.86000e+01  9.99656e-01 -1.24266e-02  1.49914e+00 -1.24309e-02  9.99428e-01  9.99771e-01
 1.87000e+01  9.99672e-01 -1.24384e-02  1.49918e+00 -1.24425e-02  9.99454e-01  9.99782e-01
 1.88000e+01  9.99688e-01 -1.24497e-02  1.49922e+00 -1.24536e-02  9.99481e-01  9.99793e-01
 1.89000e+01  9.99704e-01 -1.24605e-02  1.49926e+00 -1.24641e-02  9.99507e-01  9.99803e-01
 1.90000e+01  9.99719e-01 -1.24706e-02  1.49930e+00 -1.24741e-02  9.99533e-01  9.99814e-01
 1.91000e+01  9.99735e-01 -1.24803e-02  1.49934e+00 -1.24836e-02  9.99559e-01  9.99824e-01
 1.92000e+01  9.99751e-01 -1.24894e-02  1.49938e+00 -1.24925e-02  9.99585e-01  9.99835e-01
 1.93000e+01  9.99766e-01 -1.24979e-02  1.49942e+00 -1.25008e-02  9.99611e-01  9.99845e-01
 1.94000e+01  9.99782e-01 -1.25059e-02  1.49946e+00 -1.25087e-02  9.99637e-01  9.99855e-01
 1.95000e+01  9.99797e-01 -1.25134e-02  1.49949e+00 -1.25159e-02  9.99663e-01  9.99866e-01
 1.96000e+01  9.99812e-01 -1.25203e-02  1.49953e+00 -1.25227e-02  9.99688e-01  9.99876e-01
 1.97000e+01  9.99828e-01 -1.25267e-02  1.49957e+00 -1.25289e-02  9.99714e-01  9.99886e-01
 1.98000e+01  9.99843e-01 -1.25326e-02  1.49961e+00 -1.25346e-02  9.99739e-01  9.99896e-01
 1.99000e+01  9.99858e-01 -1.25380e-02  1.49965e+00 -1.25397e-02  9.99764e-01  9.99906e-01
 2.00000e+01  9.99873e-01 -1.25428e-02  1.49968e+00 -1.25444e-02  9.99789e-01  9.99916e-01
 2.01000e+01  9.99888e-01 -1.25471e-02  1.49972e+00 -1.25485e-02  9.99814e-01  9.99926e-01
 2.02000e+01  9.99903e-01 -1.25508e-02  1.49976e+00 -1.25521e-02  9.99839e-01  9.99936e-01
 2.03000e+01  9.99918e-01 -1.25541e-02  1.49980e+00 -1.25551e-02  9.99864e-01  9.99946e-01
 2.04000e+01  9.99932e-01 -1.25568e-02  1.49983e+00 -1.25577e-02  9.99888e-01  9.99956e-01
 2.05000e+01  9.99947e-01 -1.25591e-02  1.49987e+00 -1.25597e-02  9.99913e-01  9.99966e-01
 2.06000e+01  9.99962e-01 -1.25608e-02  1.49991e+00 -1.25613e-02  9.99937e-01  9.99976e-01
 2.07000e+01  9.99976e-01 -1.25620e-02  1.49994e+00 -1.25623e-02  9.99962e-01  9.99985e-01
 2.08000e+01  9.99991e-01 -1.25627e-02  1.49998e+00 -1.25628e-02  9.99986e-01  9.99995e-01
 2.09000e+01  1.00001e+00 -1.25629e-02  1.50001e+00 -1.25628e-02  1.00001e+00  1.00000e+00
 2.10000e+01  1.00002e+00 -1.25626e-02  1.50005e+00 -1.25623e-02  1.00003e+00  1.00001e+00
 2.11000e+01  1.00003e+00 -1.25618e-02  1.50009e+00 -1.25613e-02  1.00006e+00  1.00002e+00
 2.12000e+01  1.00005e+00 -1.25605e-02  1.50012e+00 -1.25599e-02  1.00008e+00  1.00003e+00
 2.13000e+01  1.00006e+00 -1.25587e-02  1.50016e+00 -1.25579e-02  1.00010e+00  1.00004e+00
 2.14000e+01  1.00008e+00 -1.25564e-02  1.50019e+00 -1.25554e-02  1.00013e+00  1.00005e+00
 2.15000e+01  1.00009e+00 -1.25536e-02  1.50023e+00 -1.25525e-02  1.00015e+00  1.00006e+00
 2.16000e+01  1.00010e+00 -1.25504e-02  1.50026e+00 -1.25491e-02  1.00017e+00  1.00007e+00
 2.17000e+01  1.00012e+00 -1.25466e-02  1.50030e+00 -1.25452e-02  1.00020e+00  1.00008e+00
 2.18000e+01  1.00013e+00 -1.25424e-02  1.50033e+00 -1.25408e-02  1.00022e+00  1.00009e+00
 2.19000e+01  1.00015e+00 -1.25377e-02  1.50037e+00 -1.25359e-02  1.00024e+00  1.00010e+00
 2.20000e+01  1.00016e+00 -1.25325e-02  1.50040e+00 -1.25305e-02  1.00027e+00  1.00011e+00
 2.21000e+01  1.00017e+00 -1.25269e-02  1.50043e+00 -1.25247e-02  1.00029e+00  1.00012e+00
 2.22000e+01  1.00019e+00 -1.25208e-02  1.50047e+00 -1.25184e-02  1.00031e+00  1.00013e+00
 2.23000e+01  1.00020e+00 -1.25142e-02  1.50050e+00 -1.25117e-02  1.00033e+00  1.00013e+00
 2.24000e+01  1.00021e+00 -1.25071e-02  1.50053e+00 -1.25045e-02  1.00036e+00  1.00014e+00
 2.25000e+01  1.00023e+00 -1.24996e-02  1.50057e+00 -1.24968e-02  1.00038e+00  1.00015e+00
 2.26000e+01  1.00024e+00 -1.24916e-02  1.50060e+00 -1.24886e-02  1.00040e+00  1.00016e+00
 2.27000e+01  1.00025e+00 -1.24832e-02  1.50063e+00 -1.24800e-02  1.00042e+00  1.00017e+00
 2.28000e+01  1.00027e+00 -1.24743e-02  1.50067e+00 -1.24710e-02  1.00044e+00  1.00018e+00
 2.29000e+01  1.00028e+00 -1.24650e-02  1.50070e+00 -1.24615e-02  1.00047e+00  1.00019e+00
 2.30000e+01  1.00029e+00 -1.24552e-02  1.50073e+00 -1.24515e-02  1.00049e+00  1.00020e+00
 2.31000e+01  1.00030e+00 -1.24449e-02  1.50076e+00 -1.24411e-02  1.00051e+00  1.00020e+00
 2.32000e+01  1.00032e+00 -1.24342e-02  1.50080e+00 -1.24303e-02  1.00053e+00  1.00021e+00
 2.33000e+01  1.00033e+00 -1.24231e-02  1.50083e+00 -1.24190e-02  1.00055e+00  1.00022e+00
 2.34000e+01  1.00034e+00 -1.24115e-02  1.50086e+00 -1.24073e-02  1.00057e+00  1.00023e+00
 2.35000e+01  1.00035e+00 -1.23995e-02  1.50089e+00 -1.23951e-02  1.00059e+00  1.00024e+00
 2.36000e+01  1.00037e+00 -1.23870e-02  1.50092e+00 -1.23825e-02  1.00061e+00  1.00025e+00
 2.37000e+01  1.00038e+00 -1.23742e-02  1.50095e+00 -1.23695e-02  1.00064e+00  1.00026e+00
 2.38000e+01  1.00039e+00 -1.23608e-02  1.50098e+00 -1.23560e-02  1.00066e+00  1.00026e+00
 2.39000e+01  1.00040e+00 -1.23471e-02  1.50101e+00 -1.23421e-02  1.00068e+00  1.00027e+00
 2.40000e+01  1.00042e+00 -1.23329e-02  1.50105e+00 -1.23278e-02  1.00070e+00  1.00028e+00
 2.41000e+01  1.00043e+00 -1.23183e-02  1.50108e+00 -1.23130e-02  1.00072e+00  1.00029e+00
 2.42000e+01  1.00044e+00 -1.23033e-02  1.50111e+00 -1.22979e-02  1.00074e+00  1.00030e+00
 2.43000e+01  1.00045e+00 -1.22879e-02  1.50114e+00 -1.22823e-02  1.00076e+00  1.00030e+00
 2.44000e+01  1.00047e+00 -1.22720e-02  1.50117e+00 -1.22663e-02  1.00078e+00  1.00031e+00
 2.45000e+01  1.00048e+00 -1.22557e-02  1.50120e+00 -1.22499e-02  1.00080e+00  1.00032e+00
 2.46000e+01  1.00049e+00 -1.22390e-02  1.50123e+00 -1.22331e-02  1.00082e+00  1.00033e+00
 2.47000e+01  1.00050e+00 -1.22220e-02  1.50126e+00 -1.22158e-02  1.00084e+00  1.00034e+00
 2.48000e+01  1.00051e+00 -1.22045e-02  1.50128e+00 -1.21982e-02  1.00086e+00  1.00034e+00
 2.49000e+01  1.00052e+00 -1.21865e-02  1.50131e+00 -1.21802e-02  1.00088e+00  1.00035e+00
 2.50000e+01  1.00054e+00 -1.21682e-02  1.50134e+00 -1.21617e-02  1.00090e+00  1.00036e+00
 2.51000e+01  1.00055e+00 -1.21495e-02  1.50137e+00 -1.21429e-02  1.00091e+00  1.00037e+00
 2.52000e+01  1.00056e+00 -1.21304e-02  1.50140e+00 -1.21236e-02  1.00093e+00  1.00037e+00
 2.53000e+01  1.00057e+00 -1.21109e-02  1.50143e+00 -1.21040e-02  1.00095e+00  1.00038e+00
 2.54000e+01  1.00058e+00 -1.20910e-02  1.50146e+00 -1.20840e-02  1.00097e+00  1.00039e+00
 2.55000e+01  1.00059e+00 -1.20707e-02  1.50149e+00 -1.20636e-02  1.00099e+00  1.00040e+00
 2.56000e+01  1.00060e+00 -1.20501e-02  1.50151e+00 -1.20428e-02  1.00101e+00  1.00040e+00
 2.57000e+01  1.00062e+00 -1.20290e-02  1.50154e+00 -1.20216e-02  1.00103e+00  1.00041e+00
 2.58000e+01  1.00063e+00 -1.20075e-02  1.50157e+00 -1.20000e-02  1.00105e+00  1.00042e+00
 2.59000e+01  1.00064e+00 -1.19857e-02  1.50160e+00 -1.19781e-02  1.00106e+00  1.00043e+00
 2.60000e+01  1.00065e+00 -1.19635e-02  1.50162e+00 -1.19558e-02  1.00108e+00  1.00043e+00
 2.61000e+01  1.00066e+00 -1.19409e-02  1.50165e+00 -1.19331e-02  1.00110e+00  1.00044e+00
 2.62000e+01  1.00067e+00 -1.19180e-02  1.50168e+00 -1.19100e-02  1.00112e+00  1.00045e+00
 2.63000e+01  1.00068e+00 -1.18946e-02  1.50171e+00 -1.18865e-02  1.00114e+00  1.00046e+00
 2.64000e+01  1.00069e+00 -1.18709e-02  1.50173e+00 -1.18627e-02  1.00115e+00  1.00046e+00
 2.65000e+01  1.00070e+00 -1.18468e-02  1.50176e+00 -1.18385e-02  1.00117e+00  1.00047e+00
 2.66000e+01  1.00071e+00 -1.18224e-02  1.50179e+00 -1.18140e-02  1.00119e+00  1.00048e+00
 2.67000e+01  1.00072e+00 -1.17976e-02  1.50181e+00 -1.17891e-02  1.00121e+00  1.00048e+00
 2.68000e+01  1.00073e+00 -1.17724e-02  1.50184e+00 -1.17638e-02  1.00123e+00  1.00049e+00
 2.69000e+01  1.00074e+00 -1.17469e-02  1.50186e+00 -1.17382e-02  1.00124e+00  1.00050e+00
 2.70000e+01  1.00075e+00 -1.17210e-02  1.50189e+00 -1.17122e-02  1.00126e+00  1.00050e+00
 2.71000e+01  1.00077e+00 -1.16948e-02  1.50192e+00 -1.16858e-02  1.00128e+00  1.00051e+00
 2.72000e+01  1.00078e+00 -1.16682e-02  1.50194e+00 -1.16592e-02  1.00129e+00  1.00052e+00
 2.73000e+01  1.00079e+00 -1.16413e-02  1.50197e+00 -1.16321e-02  1.00131e+00  1.00052e+00
 2.74000e+01  1.00080e+00 -1.16140e-02  1.50199e+00 -1.16047e-02  1.00133e+00  1.00053e+00
 2.75000e+01  1.00081e+00 -1.15863e-02  1.50202e+00 -1.15770e-02  1.00134e+00  1.00054e+00
 2.76000e+01  1.00082e+00 -1.15583e-02  1.50204e+00 -1.15489e-02  1.00136e+00  1.00054e+00
 2.77000e+01  1.00083e+00 -1.15300e-02  1.50207e+00 -1.15205e-02  1.00138e+00  1.00055e+00
 2.78000e+01  1.00084e+00 -1.15014e-02  1.50209e+00 -1.14918e-02  1.00139e+00  1.00056e+00
 2.79000e+01  1.00085e+00 -1.14724e-02  1.50212e+00 -1.14627e-02  1.00141e+00  1.00056e+00
 2.80000e+01  1.00085e+00 -1.14430e-02  1.50214e+00 -1.14333e-02  1.00143e+00  1.00057e+00
 2.81000e+01  1.00086e+00 -1.14134e-02  1.50216e+00 -1.14035e-02  1.00144e+00  1.00058e+00
 2.82000e+01  1.00087e+00 -1.13834e-02  1.50219e+00 -1.13734e-02  1.00146e+00  1.00058e+00
 2.83000e+01  1.00088e+00 -1.13530e-02  1.50221e+00 -1.13430e-02  1.00147e+00  1.00059e+00
 2.84000e+01  1.00089e+00 -1.13224e-02  1.50224e+00 -1.13123e-02  1.00149e+00  1.00060e+00
 2.85000e+01  1.00090e+00 -1.12914e-02  1.50226e+00 -1.12812e-02  1.00151e+00  1.00060e+00
 2.86000e+01  1.00091e+00 -1.12601e-02  1.50228e+00 -1.12498e-02  1.00152e+00  1.00061e+00
 2.87000e+01  1.00092e+00 -1.12285e-02  1.50231e+00 -1.12181e-02  1.00154e+00  1.00062e+00
 2.88000e+01  1.00093e+00 -1.11965e-02  1.50233e+00 -1.11861e-02  1.00155e+00  1.00062e+00
 2.89000e+01  1.00094e+00 -1.11642e-02  1.50235e+00 -1.11538e-02  1.00157e+00  1.00063e+00
 2.90000e+01  1.00095e+00 -1.11317e-02  1.50237e+00 -1.11211e-02  1.00158e+00  1.00063e+00
 2.91000e+01  1.00096e+00 -1.10988e-02  1.50240e+00 -1.10882e-02  1.00160e+00  1.00064e+00
 2.92000e+01  1.00097e+00 -1.10656e-02  1.50242e+00 -1.10549e-02  1.00161e+00  1.00065e+00
 2.93000e+01  1.00098e+00 -1.10321e-02  1.50244e+00 -1.10213e-02  1.00163e+00  1.00065e+00
 2.94000e+01  1.00099e+00 -1.09983e-02  1.50246e+00 -1.09874e-02  1.00164e+00  1.00066e+00
 2.95000e+01  1.00099e+00 -1.09641e-02  1.50249e+00 -1.09532e-02  1.00166e+00  1.00066e+00
 2.96000e+01  1.00100e+00 -1.09297e-02  1.50251e+00 -1.09188e-02  1.00167e+00  1.00067e+00
 2.97000e+01  1.00101e+00 -1.08950e-02  1.50253e+00 -1.08840e-02  1.00169e+00  1.00067e+00
 2.98000e+01  1.00102e+00 -1.08600e-02  1.50255e+00 -1.08489e-02  1.00170e+00  1.00068e+00
 2.99000e+01  1.00103e+00 -1.08246e-02  1.50257e+00 -1.08135e-02  1.00172e+00  1.00069e+00
 3.00000e+01  1.00104e+00 -1.07890e-02  1.50260e+00 -1.07779e-02  1.00173e+00  1.00069e+00
 3.01000e+01  1.00105e+00 -1.07531e-02  1.50262e+00 -1.07419e-02  1.00174e+00  1.00070e+00
 3.02000e+01  1.00105e+00 -1.07169e-02  1.50264e+00 -1.07056e-02  1.00176e+00  1.00070e+00
 3.03000e+01  1.00106e+00 -1.06804e-02  1.50266e+00 -1.06691e-02  1.00177e+00  1.00071e+00
 3.04000e+01  1.00107e+00 -1.06437e-02  1.50268e+00 -1.06323e-02  1.00179e+00  1.00071e+00
 3.05000e+01  1.00108e+00 -1.06066e-02  1.50270e+00 -1.05952e-02  1.00180e+00  1.00072e+00
 3.06000e+01  1.00109e+00 -1.05693e-02  1.50272e+00 -1.05578e-02  1.00181e+00  1.00073e+00
 3.07000e+01  1.00110e+00 -1.05317e-02  1.50274e+00 -1.05201e-02  1.00183e+00  1.00073e+00
 3.08000e+01  1.00110e+00 -1.04938e-02  1.50276e+00 -1.04822e-02  1.00184e+00  1.00074e+00
 3.09000e+01  1.00111e+00 -1.04556e-02  1.50278e+00 -1.04440e-02  1.00185e+00  1.00074e+00
 3.10000e+01  1.00112e+00 -1.04171e-02  1.50280e+00 -1.04055e-02  1.00187e+00  1.00075e+00
 3.11000e+01  1.00113e+00 -1.03784e-02  1.50282e+00 -1.03667e-02  1.00188e+00  1.00075e+00
 3.12000e+01  1.00114e+00 -1.03394e-02  1.50284e+00 -1.03277e-02  1.00189e+00  1.00076e+00
 3.13000e+01  1.00114e+00 -1.03001e-02  1.50286e+00 -1.02884e-02  1.00191e+00  1.00076e+00
 3.14000e+01  1.00115e+00 -1.02606e-02  1.50288e+00 -1.02488e-02  1.00192e+00  1.00077e+00
 3.15000e+01  1.00116e+00 -1.02208e-02  1.50290e+00 -1.02090e-02  1.00193e+00  1.00077e+00
 3.16000e+01  1.00117e+00 -1.01807e-02  1.50292e+00 -1.01689e-02  1.00195e+00  1.00078e+00
 3.17000e+01  1.00118e+00 -1.01404e-02  1.50294e+00 -1.01285e-02  1.00196e+00  1.00078e+00
 3.18000e+01  1.00118e+00 -1.00998e-02  1.50296e+00 -1.00879e-02  1.00197e+00  1.00079e+00
 3.19000e+01  1.00119e+00 -1.00590e-02  1.50298e+00 -1.00470e-02  1.00198e+00  1.00079e+00
 3.20000e+01  1.00120e+00 -1.00179e-02  1.50300e+00 -1.00059e-02  1.00200e+00  1.00080e+00
 3.21000e+01  1.00121e+00 -9.97651e-03  1.50301e+00 -9.96450e-03  1.00201e+00  1.00080e+00
 3.22000e+01  1.00121e+00 -9.93490e-03  1.50303e+00 -9.92287e-03  1.00202e+00  1.00081e+00
 3.23000e+01  1.00122e+00 -9.89304e-03  1.50305e+00 -9.88098e-03  1.00203e+00  1.00081e+00
 3.24000e+01  1.00123e+00 -9.85093e-03  1.50307e+00 -9.83885e-03  1.00205e+00  1.00082e+00
 3.25000e+01  1.00123e+00 -9.80857e-03  1.50309e+00 -9.79647e-03  1.00206e+00  1.00082e+00
 3.26000e+01  1.00124e+00 -9.76597e-03  1.50311e+00 -9.75385e-03  1.00207e+00  1.00083e+00
 3.27000e+01  1.00125e+00 -9.72312e-03  1.50312e+00 -9.71099e-03  1.00208e+00  1.00083e+00
 3.28000e+01  1.00126e+00 -9.68003e-03  1.50314e+00 -9.66788e-03  1.00209e+00  1.00084e+00
 3.29000e+01  1.00126e+00 -9.63670e-03  1.50316e+00 -9.62454e-03  1.00211e+00  1.00084e+00
 3.30000e+01  1.00127e+00 -9.59313e-03  1.50318e+00 -9.58096e-03  1.00212e+00  1.00085e+00
 3.31000e+01  1.00128e+00 -9.54932e-03  1.50319e+00 -9.53714e-03  1.00213e+00  1.00085e+00
 3.32000e+01  1.00128e+00 -9.50528e-03  1.50321e+00 -9.49309e-03  1.00214e+00  1.00086e+00
 3.33000e+01  1.00129e+00 -9.46100e-03  1.50323e+00 -9.44881e-03  1.00215e+00  1.00086e+00
 3.34000e+01  1.00130e+00 -9.41650e-03  1.50324e+00 -9.40429e-03  1.00216e+00  1.00086e+00
 3.35000e+01  1.00130e+00 -9.37176e-03  1.50326e+00 -9.35955e-03  1.00217e+00  1.00087e+00
 3.36000e+01  1.00131e+00 -9.32680e-03  1.50328e+00 -9.31458e-03  1.00219e+00  1.00087e+00
 3.37000e+01  1.00132e+00 -9.28160e-03  1.50329e+00 -9.26939e-03  1.00220e+00  1.00088e+00
 3.38000e+01  1.00132e+00 -9.23619e-03  1.50331e+00 -9.22397e-03  1.00221e+00  1.00088e+00
 3.39000e+01  1.00133e+00 -9.19055e-03  1.50333e+00 -9.17833e-03  1.00222e+00  1.00089e+00
 3.40000e+01  1.00134e+00 -9.14469e-03  1.50334e+00 -9.13247e-03  1.00223e+00  1.00089e+00
 3.41000e+01  1.00134e+00 -9.09861e-03  1.50336e+00 -9.08639e-03  1.00224e+00  1.00089e+00
 3.42000e+01  1.00135e+00 -9.05231e-03  1.50338e+00 -9.04010e-03  1.00225e+00  1.00090e+00
 3.43000e+01  1.00136e+00 -9.00579e-03  1.50339e+00 -8.99359e-03  1.00226e+00  1.00090e+00
 3.44000e+01  1.00136e+00 -8.95906e-03  1.50341e+00 -8.94687e-03  1.00227e+00  1.00091e+00
 3.45000e+01  1.00137e+00 -8.91212e-03  1.50342e+00 -8.89993e-03  1.00228e+00  1.00091e+00
 3.46000e+01  1.00138e+00 -8.86497e-03  1.50344e+00 -8.85279e-03  1.00229e+00  1.00092e+00
 3.47000e+01  1.00138e+00 -8.81760e-03  1.50345e+00 -8.80544e-03  1.00230e+00  1.00092e+00
 3.48000e+01  1.00139e+00 -8.77003e-03  1.50347e+00 -8.75788e-03  1.00231e+00  1.00092e+00
 3.49000e+01  1.00139e+00 -8.72226e-03  1.50348e+00 -8.71011e-03  1.00232e+00  1.00093e+00
 3.50000e+01  1.00140e+00 -8.67427e-03  1.50350e+00 -8.66215e-03  1.00233e+00  1.00093e+00
 3.51000e+01  1.00141e+00 -8.62609e-03  1.50351e+00 -8.61398e-03  1.00234e+00  1.00094e+00
 3.52000e+01  1.00141e+00 -8.57770e-03  1.50353e+00 -8.56561e-03  1.00235e+00  1.00094e+00
 3.53000e+01  1.00142e+00 -8.52911e-03  1.50354e+00 -8.51704e-03  1.00236e+00  1.00094e+00
 3.54000e+01  1.00142e+00 -8.48033e-03  1.50356e+00 -8.46827e-03  1.00237e+00  1.00095e+00
 3.55000e+01  1.00143e+00 -8.43135e-03  1.50357e+00 -8.41931e-03  1.00238e+00  1.00095e+00
 3.56000e+01  1.00144e+00 -8.38217e-03  1.50359e+00 -8.37016e-03  1.00239e+00  1.00096e+00
 3.57000e+01  1.00144e+00 -8.33280e-03  1.50360e+00 -8.32081e-03  1.00240e+00  1.00096e+00
 3.58000e+01  1.00145e+00 -8.28324e-03  1.50362e+00 -8.27127e-03  1.00241e+00  1.00096e+00
 3.59000e+01  1.00145e+00 -8.23348e-03  1.50363e+00 -8.22155e-03  1.00242e+00  1.00097e+00
 3.60000e+01  1.00146e+00 -8.18354e-03  1.50364e+00 -8.17163e-03  1.00243e+00  1.00097e+00
 3.61000e+01  1.00146e+00 -8.13342e-03  1.50366e+00 -8.12153e-03  1.00244e+00  1.00097e+00
 3.62000e+01  1.00147e+00 -8.08310e-03  1.50367e+00 -8.07125e-03  1.00245e+00  1.00098e+00
 3.63000e+01  1.00147e+00 -8.03261e-03  1.50368e+00 -8.02078e-03  1.00246e+00  1.00098e+00
 3.64000e+01  1.00148e+00 -7.98193e-03  1.50370e+00 -7.97013e-03  1.00247e+00  1.00098e+00
 3.65000e+01  1.00148e+00 -7.93107e-03  1.50371e+00 -7.91931e-03  1.00247e+00  1.00099e+00
 3.66000e+01  1.00149e+00 -7.88003e-03  1.50372e+00 -7.86830e-03  1.00248e+00  1.00099e+00
 3.67000e+01  1.00150e+00 -7.82881e-03  1.50374e+00 -7.81712e-03  1.00249e+00  1.00100e+00
 3.68000e+01  1.00150e+00 -7.77742e-03  1.50375e+00 -7.76576e-03  1.00250e+00  1.00100e+00
 3.69000e+01  1.00151e+00 -7.72585e-03  1.50376e+00 -7.71423e-03  1.00251e+00  1.00100e+00
 3.70000e+01  1.00151e+00 -7.67411e-03  1.50378e+00 -7.66253e-03  1.00252e+00  1.00101e+00
 3.71000e+01  1.00152e+00 -7.62219e-03  1.50379e+00 -7.61066e-03  1.00253e+00  1.00101e+00
 3.72000e+01  1.00152e+00 -7.57011e-03  1.50380e+00 -7.55861e-03  1.00253e+00  1.00101e+00
 3.73000e+01  1.00153e+00 -7.51786e-03  1.50381e+00 -7.50641e-03  1.00254e+00  1.00102e+00
 3.74000e+01  1.00153e+00 -7.46544e-03  1.50383e+00 -7.45403e-03  1.00255e+00  1.00102e+00
 3.75000e+01  1.00154e+00 -7.41286e-03  1.50384e+00 -7.40149e-03  1.00256e+00  1.00102e+00
 3.76000e+01  1.00154e+00 -7.36011e-03  1.50385e+00 -7.34879e-03  1.00257e+00  1.00103e+00
 3.77000e+01  1.00155e+00 -7.30720e-03  1.50386e+00 -7.29592e-03  1.00258e+00  1.00103e+00
 3.78000e+01  1.00155e+00 -7.25413e-03  1.50387e+00 -7.24290e-03  1.00258e+00  1.00103e+00
 3.79000e+01  1.00155e+00 -7.20090e-03  1.50389e+00 -7.18972e-03  1.00259e+00  1.00103e+00
 3.80000e+01  1.00156e+00 -7.14751e-03  1.50390e+00 -7.13638e-03  1.00260e+00  1.00104e+00
 3.81000e+01  1.00156e+00 -7.09396e-03  1.50391e+00 -7.08289e-03  1.00261e+00  1.00104e+00
 3.82000e+01  1.00157e+00 -7.04026e-03  1.50392e+00 -7.02924e-03  1.00261e+00  1.00104e+00
 3.83000e+01  1.00157e+00 -6.98641e-03  1.50393e+00 -6.97544e-03  1.00262e+00  1.00105e+00
 3.84000e+01  1.00158e+00 -6.93240e-03  1.50394e+00 -6.92148e-03  1.00263e+00  1.00105e+00
 3.85000e+01  1.00158e+00 -6.87825e-03  1.50395e+00 -6.86738e-03  1.00264e+00  1.00105e+00
 3.86000e+01  1.00159e+00 -6.82394e-03  1.50397e+00 -6.81313e-03  1.00264e+00  1.00106e+00
 3.87000e+01  1.00159e+00 -6.76949e-03  1.50398e+00 -6.75874e-03  1.00265e+00  1.00106e+00
 3.88000e+01  1.00160e+00 -6.71489e-03  1.50399e+00 -6.70419e-03  1.00266e+00  1.00106e+00
 3.89000e+01  1.00160e+00 -6.66014e-03  1.50400e+00 -6.64951e-03  1.00267e+00  1.00106e+00
 3.90000e+01  1.00160e+00 -6.60526e-03  1.50401e+00 -6.59468e-03  1.00267e+00  1.00107e+00
 3.91000e+01  1.00161e+00 -6.55023e-03  1.50402e+00 -6.53971e-03  1.00268e+00  1.00107e+00
 3.92000e+01  1.00161e+00 -6.49506e-03  1.50403e+00 -6.48460e-03  1.00269e+00  1.00107e+00
 3.93000e+01  1.00162e+00 -6.43975e-03  1.50404e+00 -6.42936e-03  1.00269e+00  1.00108e+00
 3.94000e+01  1.00162e+00 -6.38430e-03  1.50405e+00 -6.37397e-03  1.00270e+00  1.00108e+00
 3.95000e+01  1.00162e+00 -6.32872e-03  1.50406e+00 -6.31845e-03  1.00271e+00  1.00108e+00
 3.96000e+01  1.00163e+00 -6.27300e-03  1.50407e+00 -6.26280e-03  1.00271e+00  1.00108e+00
 3.97000e+01  1.00163e+00 -6.21715e-03  1.50408e+00 -6.20702e-03  1.00272e+00  1.00109e+00
 3.98000e+01  1.00164e+00 -6.16116e-03  1.50409e+00 -6.15110e-03  1.00273e+00  1.00109e+00
 3.99000e+01  1.00164e+00 -6.10505e-03  1.50410e+00 -6.09505e-03  1.00273e+00  1.00109e+00
 4.00000e+01  1.00164e+00 -6.04881e-03  1.50411e+00 -6.03888e-03  1.00274e+00  1.00109e+00
 4.01000e+01  1.00165e+00 -5.99243e-03  1.50412e+00 -5.98258e-03  1.00275e+00  1.00110e+00
 4.02000e+01  1.00165e+00 -5.93594e-03  1.50413e+00 -5.92615e-03  1.00275e+00  1.00110e+00
 4.03000e+01  1.00165e+00 -5.87931e-03  1.50414e+00 -5.86960e-03  1.00276e+00  1.00110e+00
 4.04000e+01  1.00166e+00 -5.82257e-03  1.50415e+00 -5.81293e-03  1.00276e+00  1.00110e+00
 4.05000e+01  1.00166e+00 -5.76570e-03  1.50416e+00 -5.75613e-03  1.00277e+00  1.00111e+00
 4.06000e+01  1.00167e+00 -5.70871e-03  1.50416e+00 -5.69922e-03  1.00278e+00  1.00111e+00
 4.07000e+01  1.00167e+00 -5.65160e-03  1.50417e+00 -5.64218e-03  1.00278e+00  1.00111e+00
 4.08000e+01  1.00167e+00 -5.59437e-03  1.50418e+00 -5.58503e-03  1.00279e+00  1.00111e+00
 4.09000e+01  1.00168e+00 -5.53703e-03  1.50419e+00 -5.52777e-03  1.00279e+00  1.00112e+00
 4.10000e+01  1.00168e+00 -5.47957e-03  1.50420e+00 -5.47038e-03  1.00280e+00  1.00112e+00
 4.11000e+01  1.00168e+00 -5.42200e-03  1.50421e+00 -5.41289e-03  1.00281e+00  1.00112e+00
 4.12000e+01  1.00169e+00 -5.36431e-03  1.50422e+00 -5.35528e-03  1.00281e+00  1.00112e+00
 4.13000e+01  1.00169e+00 -5.30652e-03  1.50422e+00 -5.29757e-03  1.00282e+00  1.00112e+00
 4.14000e+01  1.00169e+00 -5.24861e-03  1.50423e+00 -5.23974e-03  1.00282e+00  1.00113e+00
 4.15000e+01  1.00170e+00 -5.19060e-03  1.50424e+00 -5.18181e-03  1.00283e+00  1.00113e+00
 4.16000e+01  1.00170e+00 -5.13247e-03  1.50425e+00 -5.12377e-03  1.00283e+00  1.00113e+00
 4.17000e+01  1.00170e+00 -5.07424e-03  1.50426e+00 -5.06562e-03  1.00284e+00  1.00113e+00
 4.18000e+01  1.00171e+00 -5.01591e-03  1.50426e+00 -5.00737e-03  1.00284e+00  1.00114e+00
 4.19000e+01  1.00171e+00 -4.95748e-03  1.50427e+00 -4.94902e-03  1.00285e+00  1.00114e+00
 4.20000e+01  1.00171e+00 -4.89894e-03  1.50428e+00 -4.89057e-03  1.00285e+00  1.00114e+00
 4.21000e+01  1.00171e+00 -4.84030e-03  1.50429e+00 -4.83202e-03  1.00286e+00  1.00114e+00
 4.22000e+01  1.00172e+00 -4.78156e-03  1.50429e+00 -4.77336e-03  1.00286e+00  1.00114e+00
 4.23000e+01  1.00172e+00 -4.72273e-03  1.50430e+00 -4.71462e-03  1.00287e+00  1.00115e+00
 4.24000e+01  1.00172e+00 -4.66379e-03  1.50431e+00 -4.65577e-03  1.00287e+00  1.00115e+00
 4.25000e+01  1.00173e+00 -4.60477e-03  1.50432e+00 -4.59683e-03  1.00288e+00  1.00115e+00
 4.26000e+01  1.00173e+00 -4.54565e-03  1.50432e+00 -4.53780e-03  1.00288e+00  1.00115e+00
 4.27000e+01  1.00173e+00 -4.48643e-03  1.50433e+00 -4.47868e-03  1.00289e+00  1.00115e+00
 4.28000e+01  1.00173e+00 -4.42713e-03  1.50434e+00 -4.41946e-03  1.00289e+00  1.00115e+00
 4.29000e+01  1.00174e+00 -4.36773e-03  1.50434e+00 -4.36016e-03  1.00290e+00  1.00116e+00
 4.30000e+01  1.00174e+00 -4.30825e-03  1.50435e+00 -4.30077e-03  1.00290e+00  1.00116e+00
 4.31000e+01  1.00174e+00 -4.24868e-03  1.50436e+00 -4.24129e-03  1.00290e+00  1.00116e+00
 4.32000e+01  1.00174e+00 -4.18902e-03  1.50436e+00 -4.18173e-03  1.00291e+00  1.00116e+00
 4.33000e+01  1.00175e+00 -4.12928e-03  1.50437e+00 -4.12208e-03  1.00291e+00  1.00116e+00
 4.34000e+01  1.00175e+00 -4.06945e-03  1.50437e+00 -4.06235e-03  1.00292e+00  1.00117e+00
 4.35000e+01  1.00175e+00 -4.00955e-03  1.50438e+00 -4.00254e-03  1.00292e+00  1.00117e+00
 4.36000e+01  1.00175e+00 -3.94956e-03  1.50439e+00 -3.94264e-03  1.00292e+00  1.00117e+00
 4.37000e+01  1.00176e+00 -3.88949e-03  1.50439e+00 -3.88267e-03  1.00293e+00  1.00117e+00
 4.38000e+01  1.00176e+00 -3.82935e-03  1.50440e+00 -3.82262e-03  1.00293e+00  1.00117e+00
 4.39000e+01  1.00176e+00 -3.76912e-03  1.50440e+00 -3.76250e-03  1.00294e+00  1.00117e+00
 4.40000e+01  1.00176e+00 -3.70883e-03  1.50441e+00 -3.70230e-03  1.00294e+00  1.00117e+00
 4.41000e+01  1.00177e+00 -3.64845e-03  1.50442e+00 -3.64202e-03  1.00294e+00  1.00118e+00
 4.42000e+01  1.00177e+00 -3.58801e-03  1.50442e+00 -3.58168e-03  1.00295e+00  1.00118e+00
 4.43000e+01  1.00177e+00 -3.52749e-03  1.50443e+00 -3.52126e-03  1.00295e+00  1.00118e+00
 4.44000e+01  1.00177e+00 -3.46690e-03  1.50443e+00 -3.46077e-03  1.00295e+00  1.00118e+00
 4.45000e+01  1.00177e+00 -3.40624e-03  1.50444e+00 -3.40021e-03  1.00296e+00  1.00118e+00
 4.46000e+01  1.00178e+00 -3.34552e-03  1.50444e+00 -3.33959e-03  1.00296e+00  1.00118e+00
 4.47000e+01  1.00178e+00 -3.28472e-03  1.50445e+00 -3.27890e-03  1.00296e+00  1.00118e+00
 4.48000e+01  1.00178e+00 -3.22387e-03  1.50445e+00 -3.21814e-03  1.00297e+00  1.00119e+00
 4.49000e+01  1.00178e+00 -3.16294e-03  1.50446e+00 -3.15732e-03  1.00297e+00  1.00119e+00
 4.50000e+01  1.00178e+00 -3.10196e-03  1.50446e+00 -3.09644e-03  1.00297e+00  1.00119e+00
 4.51000e+01  1.00179e+00 -3.04091e-03  1.50447e+00 -3.03549e-03  1.00298e+00  1.00119e+00
 4.52000e+01  1.00179e+00 -2.97981e-03  1.50447e+00 -2.97449e-03  1.00298e+00  1.00119e+00
 4.53000e+01  1.00179e+00 -2.91864e-03  1.50447e+00 -2.91343e-03  1.00298e+00  1.00119e+00
 4.54000e+01  1.00179e+00 -2.85742e-03  1.50448e+00 -2.85231e-03  1.00299e+00  1.00119e+00
 4.55000e+01  1.00179e+00 -2.79613e-03  1.50448e+00 -2.79113e-03  1.00299e+00  1.00119e+00
 4.56000e+01  1.00179e+00 -2.73480e-03  1.50449e+00 -2.72990e-03  1.00299e+00  1.00120e+00
 4.57000e+01  1.00180e+00 -2.67341e-03  1.50449e+00 -2.66862e-03  1.00299e+00  1.00120e+00
 4.58000e+01  1.00180e+00 -2.61196e-03  1.50449e+00 -2.60728e-03  1.00300e+00  1.00120e+00
 4.59000e+01  1.00180e+00 -2.55047e-03  1.50450e+00 -2.54589e-03  1.00300e+00  1.00120e+00
 4.60000e+01  1.00180e+00 -2.48892e-03  1.50450e+00 -2.48445e-03  1.00300e+00  1.00120e+00
 4.61000e+01  1.00180e+00 -2.42733e-03  1.50451e+00 -2.42297e-03  1.00300e+00  1.00120e+00
 4.62000e+01  1.00180e+00 -2.36569e-03  1.50451e+00 -2.36143e-03  1.00301e+00  1.00120e+00
 4.63000e+01  1.00180e+00 -2.30400e-03  1.50451e+00 -2.29985e-03  1.00301e+00  1.00120e+00
 4.64000e+01  1.00181e+00 -2.24226e-03  1.50452e+00 -2.23822e-03  1.00301e+00  1.00120e+00
 4.65000e+01  1.00181e+00 -2.18049e-03  1.50452e+00 -2.17655e-03  1.00301e+00  1.00120e+00
 4.66000e+01  1.00181e+00 -2.11866e-03  1.50452e+00 -2.11484e-03  1.00302e+00  1.00121e+00
 4.67000e+01  1.00181e+00 -2.05680e-03  1.50453e+00 -2.05309e-03  1.00302e+00  1.00121e+00
 4.68000e+01  1.00181e+00 -1.99490e-03  1.50453e+00 -1.99129e-03  1.00302e+00  1.00121e+00
 4.69000e+01  1.00181e+00 -1.93296e-03  1.50453e+00 -1.92946e-03  1.00302e+00  1.00121e+00
 4.70000e+01  1.00181e+00 -1.87098e-03  1.50453e+00 -1.86759e-03  1.00302e+00  1.00121e+00
 4.71000e+01  1.00181e+00 -1.80896e-03  1.50454e+00 -1.80568e-03  1.00302e+00  1.00121e+00
 4.72000e+01  1.00181e+00 -1.74690e-03  1.50454e+00 -1.74374e-03  1.00303e+00  1.00121e+00
 4.73000e+01  1.00182e+00 -1.68482e-03  1.50454e+00 -1.68176e-03  1.00303e+00  1.00121e+00
 4.74000e+01  1.00182e+00 -1.62270e-03  1.50454e+00 -1.61976e-03  1.00303e+00  1.00121e+00
 4.75000e+01  1.00182e+00 -1.56055e-03  1.50455e+00 -1.55771e-03  1.00303e+00  1.00121e+00
 4.76000e+01  1.00182e+00 -1.49836e-03  1.50455e+00 -1.49564e-03  1.00303e+00  1.00121e+00
 4.77000e+01  1.00182e+00 -1.43615e-03  1.50455e+00 -1.43354e-03  1.00303e+00  1.00121e+00
 4.78000e+01  1.00182e+00 -1.37391e-03  1.50455e+00 -1.37142e-03  1.00304e+00  1.00121e+00
 4.79000e+01  1.00182e+00 -1.31164e-03  1.50456e+00 -1.30926e-03  1.00304e+00  1.00121e+00
 4.80000e+01  1.00182e+00 -1.24935e-03  1.50456e+00 -1.24708e-03  1.00304e+00  1.00121e+00
 4.81000e+01  1.00182e+00 -1.18704e-03  1.50456e+00 -1.18488e-03  1.00304e+00  1.00121e+00
 4.82000e+01  1.00182e+00 -1.12470e-03  1.50456e+00 -1.12265e-03  1.00304e+00  1.00122e+00
 4.83000e+01  1.00182e+00 -1.06233e-03  1.50456e+00 -1.06040e-03  1.00304e+00  1.00122e+00
 4.84000e+01  1.00182e+00 -9.99950e-04  1.50456e+00 -9.98130e-04  1.00304e+00  1.00122e+00
 4.85000e+01  1.00182e+00 -9.37548e-04  1.50457e+00 -9.35840e-04  1.00304e+00  1.00122e+00
 4.86000e+01  1.00183e+00 -8.75127e-04  1.50457e+00 -8.73533e-04  1.00304e+00  1.00122e+00
 4.87000e+01  1.00183e+00 -8.12690e-04  1.50457e+00 -8.11209e-04  1.00305e+00  1.00122e+00
 4.88000e+01  1.00183e+00 -7.50236e-04  1.50457e+00 -7.48868e-04  1.00305e+00  1.00122e+00
 4.89000e+01  1.00183e+00 -6.87768e-04  1.50457e+00 -6.86514e-04  1.00305e+00  1.00122e+00
 4.90000e+01  1.00183e+00 -6.25286e-04  1.50457e+00 -6.24146e-04  1.00305e+00  1.00122e+00
 4.91000e+01  1.00183e+00 -5.62792e-04  1.50457e+00 -5.61766e-04  1.00305e+00  1.00122e+00
 4.92000e+01  1.00183e+00 -5.00287e-04  1.50457e+00 -4.99375e-04  1.00305e+00  1.00122e+00
 4.93000e+01  1.00183e+00 -4.37773e-04  1.50457e+00 -4.36974e-04  1.00305e+00  1.00122e+00
 4.94000e+01  1.00183e+00 -3.75250e-04  1.50457e+00 -3.74565e-04  1.00305e+00  1.00122e+00
 4.95000e+01  1.00183e+00 -3.12719e-04  1.50457e+00 -3.12149e-04  1.00305e+00  1.00122e+00
 4.96000e+01  1.00183e+00 -2.50183e-04  1.50457e+00 -2.49726e-04  1.00305e+00  1.00122e+00
 4.97000e+01  1.00183e+00 -1.87641e-04  1.50458e+00 -1.87299e-04  1.00305e+00  1.00122e+00
 4.98000e+01  1.00183e+00 -1.25096e-04  1.50458e+00 -1.24868e-04  1.00305e+00  1.00122e+00
 4.99000e+01  1.00183e+00 -6.25487e-05  1.50458e+00 -6.24345e-05  1.00305e+00  1.00122e+00
 5.00000e+01  1.00183e+00  7.53286e-15  1.50458e+00  7.51911e-15  1.00305e+00  1.00122e+00
 5.01000e+01  1.00183e+00  6.25487e-05  1.50458e+00  6.24345e-05  1.00305e+00  1.00122e+00
 5.02000e+01  1.00183e+00  1.25096e-04  1.50458e+00  1.24868e-04  1.00305e+00  1.00122e+00
 5.03000e+01  1.00183e+00  1.87641e-04  1.50458e+00  1.87299e-04  1.00305e+00  1.00122e+00
 5.04000e+01  1.00183e+00  2.50183e-04  1.50457e+00  2.49726e-04  1.00305e+00  1.00122e+00
 5.05000e+01  1.00183e+00  3.12719e-04  1.50457e+00  3.12149e-04  1.00305e+00  1.00122e+00
 5.06000e+01  1.00183e+00  3.75250e-04  1.50457e+00  3.74565e-04  1.00305e+00  1.00122e+00
 5.07000e+01  1.00183e+00  4.37773e-04  1.50457e+00  4.36974e-04  1.00305e+00  1.00122e+00
 5.08000e+01  1.00183e+00  5.00287e-04  1.50457e+00  4.99375e-04  1.00305e+00  1.00122e+00
 5.09000e+01  1.00183e+00  5.62792e-04  1.50457e+00  5.61766e-04  1.00305e+00  1.00122e+00
 5.10000e+01  1.00183e+00  6.25286e-04  1.50457e+00  6.24146e-04  1.00305e+00  1.00122e+00
 5.11000e+01  1.00183e+00  6.87768e-04  1.50457e+00  6.86514e-04  1.00305e+00  1.00122e+00
 5.12000e+01  1.00183e+00  7.50236e-04  1.50457e+00  7.48868e-04  1.00305e+00  1.00122e+00
 5.13000e+01  1.00183e+00  8.12690e-04  1.50457e+00  8.11209e-04  1.00305e+00  1.00122e+00
 5.14000e+01  1.00183e+00  8.75127e-04  1.50457e+00  8.73533e-04  1.00304e+00  1.00122e+00
 5.15000e+01  1.00182e+00  9.37548e-04  1.50457e+00  9.35840e-04  1.00304e+00  1.00122e+00
 5.16000e+01  1.00182e+00  9.99950e-04  1.50456e+00  9.98130e-04  1.00304e+00  1.00122e+00
 5.17000e+01  1.00182e+00  1.06233e-03  1.50456e+00  1.06040e-03  1.00304e+00  1.00122e+00
 5.18000e+01  1.00182e+00  1.12470e-03  1.50456e+00  1.12265e-03  1.00304e+00  1.00122e+00
 5.19000e+01  1.00182e+00  1.18704e-03  1.50456e+00  1.18488e-03  1.00304e+00  1.00121e+00
 5.20000e+01  1.00182e+00  1.24935e-03  1.50456e+00  1.24708e-03  1.00304e+00  1.00121e+00
 5.21000e+01  1.00182e+00  1.31164e-03  1.50456e+00  1.30926e-03  1.00304e+00  1.00121e+00
 5.22000e+01  1.00182e+00  1.37391e-03  1.50455e+00  1.37142e-03  1.00304e+00  1.00121e+00
 5.23000e+01  1.00182e+00  1.43615e-03  1.50455e+00  1.43354e-03  1.00303e+00  1.00121e+00
 5.24000e+01  1.00182e+00  1.49836e-03  1.50455e+00  1.49564e-03  1.00303e+00  1.00121e+00
 5.25000e+01  1.00182e+00  1.56055e-03  1.50455e+00  1.55771e-03  1.00303e+00  1.00121e+00
 5.26000e+01  1.00182e+00  1.62270e-03  1.50454e+00  1.61976e-03  1.00303e+00  1.00121e+00
 5.27000e+01  1.00182e+00  1.68482e-03  1.50454e+00  1.68176e-03  1.00303e+00  1.00121e+00
 5.28000e+01  1.00181e+00  1.74690e-03  1.50454e+00  1.74374e-03  1.00303e+00  1.00121e+00
 5.29000e+01  1.00181e+00  1.80896e-03  1.50454e+00  1.80568e-03  1.00302e+00  1.00121e+00
 5.30000e+01  1.00181e+00  1.87098e-03  1.50453e+00  1.86759e-03  1.00302e+00  1.00121e+00
 5.31000e+01  1.00181e+00  1.93296e-03  1.50453e+00  1.92946e-03  1.00302e+00  1.00121e+00
 5.32000e+01  1.00181e+00  1.99490e-03  1.50453e+00  1.99129e-03  1.00302e+00  1.00121e+00
 5.33000e+01  1.00181e+00  2.05680e-03  1.50453e+00  2.05309e-03  1.00302e+00  1.00121e+00
 5.34000e+01  1.00181e+00  2.11866e-03  1.50452e+00  2.11484e-03  1.00302e+00  1.00121e+00
 5.35000e+01  1.00181e+00  2.18049e-03  1.50452e+00  2.17655e-03  1.00301e+00  1.00120e+00
 5.36000e+01  1.00181e+00  2.24226e-03  1.50452e+00  2.23822e-03  1.00301e+00  1.00120e+00
 5.37000e+01  1.00180e+00  2.30400e-03  1.50451e+00  2.29985e-03  1.00301e+00  1.00120e+00
 5.38000e+01  1.00180e+00  2.36569e-03  1.50451e+00  2.36143e-03  1.00301e+00  1.00120e+00
 5.39000e+01  1.00180e+00  2.42733e-03  1.50451e+00  2.42297e-03  1.00300e+00  1.00120e+00
 5.40000e+01  1.00180e+00  2.48892e-03  1.50450e+00  2.48445e-03  1.00300e+00  1.00120e+00
 5.41000e+01  1.00180e+00  2.55047e-03  1.50450e+00  2.54589e-03  1.00300e+00  1.00120e+00
 5.42000e+01  1.00180e+00  2.61196e-03  1.50449e+00  2.60728e-03  1.00300e+00  1.00120e+00
 5.43000e+01  1.00180e+00  2.67341e-03  1.50449e+00  2.66862e-03  1.00299e+00  1.00120e+00
 5.44000e+01  1.00179e+00  2.73480e-03  1.50449e+00  2.72990e-03  1.00299e+00  1.00120e+00
 5.45000e+01  1.00179e+00  2.79613e-03  1.50448e+00  2.79113e-03  1.00299e+00  1.00119e+00
 5.46000e+01  1.00179e+00  2.85742e-03  1.50448e+00  2.85231e-03  1.00299e+00  1.00119e+00
 5.47000e+01  1.00179e+00  2.91864e-03  1.50447e+00  2.91343e-03  1.00298e+00  1.00119e+00
 5.48000e+01  1.00179e+00  2.97981e-03  1.50447e+00  2.97449e-03  1.00298e+00  1.00119e+00
 5.49000e+01  1.00179e+00  3.04091e-03  1.50447e+00  3.03549e-03  1.00298e+00  1.00119e+00
 5.50000e+01  1.00178e+00  3.10196e-03  1.50446e+00  3.09644e-03  1.00297e+00  1.00119e+00
 5.51000e+01  1.00178e+00  3.16294e-03  1.50446e+00  3.15732e-03  1.00297e+00  1.00119e+00
 5.52000e+01  1.00178e+00  3.22387e-03  1.50445e+00  3.21814e-03  1.00297e+00  1.00119e+00
 5.53000e+01  1.00178e+00  3.28472e-03  1.50445e+00  3.27890e-03  1.00296e+00  1.00118e+00
 5.54000e+01  1.00178e+00  3.34552e-03  1.50444e+00  3.33959e-03  1.00296e+00  1.00118e+00
 5.55000e+01  1.00177e+00  3.40624e-03  1.50444e+00  3.40021e-03  1.00296e+00  1.00118e+00
 5.56000e+01  1.00177e+00  3.46690e-03  1.50443e+00  3.46077e-03  1.00295e+00  1.00118e+00
 5.57000e+01  1.00177e+00  3.52749e-03  1.50443e+00  3.52126e-03  1.00295e+00  1.00118e+00
 5.58000e+01  1.00177e+00  3.58801e-03  1.50442e+00  3.58168e-03  1.00295e+00  1.00118e+00
 5.59000e+01  1.00177e+00  3.64845e-03  1.50442e+00  3.64202e-03  1.00294e+00  1.00118e+00
 5.60000e+01  1.00176e+00  3.70883e-03  1.50441e+00  3.70230e-03  1.00294e+00  1.00117e+00
 5.61000e+01  1.00176e+00  3.76912e-03  1.50440e+00  3.76250e-03  1.00294e+00  1.00117e+00
 5.62000e+01  1.00176e+00  3.82935e-03  1.50440e+00  3.82262e-03  1.00293e+00  1.00117e+00
 5.63000e+01  1.00176e+00  3.88949e-03  1.50439e+00  3.88267e-03  1.00293e+00  1.00117e+00
 5.64000e+01  1.00175e+00  3.94956e-03  1.50439e+00  3.94264e-03  1.00292e+00  1.00117e+00
 5.65000e+01  1.00175e+00  4.00955e-03  1.50438e+00  4.00254e-03  1.00292e+00  1.00117e+00
 5.66000e+01  1.00175e+00  4.06945e-03  1.50437e+00  4.06235e-03  1.00292e+00  1.00117e+00
 5.67000e+01  1.00175e+00  4.12928e-03  1.50437e+00  4.12208e-03  1.00291e+00  1.00116e+00
 5.68000e+01  1.00174e+00  4.18902e-03  1.50436e+00  4.18173e-03  1.00291e+00  1.00116e+00
 5.69000e+01  1.00174e+00  4.24868e-03  1.50436e+00  4.24129e-03  1.00290e+00  1.00116e+00
 5.70000e+01  1.00174e+00  4.30825e-03  1.50435e+00  4.30077e-03  1.00290e+00  1.00116e+00
 5.71000e+01  1.00174e+00  4.36773e-03  1.50434e+00  4.36016e-03  1.00290e+00  1.00116e+00
 5.72000e+01  1.00173e+00  4.42713e-03  1.50434e+00  4.41946e-03  1.00289e+00  1.00115e+00
 5.73000e+01  1.00173e+00  4.48643e-03  1.50433e+00  4.47868e-03  1.00289e+00  1.00115e+00
 5.74000e+01  1.00173e+00  4.54565e-03  1.50432e+00  4.53780e-03  1.00288e+00  1.00115e+00
 5.75000e+01  1.00173e+00  4.60477e-03  1.50432e+00  4.59683e-03  1.00288e+00  1.00115e+00
 5.76000e+01  1.00172e+00  4.66379e-03  1.50431e+00  4.65577e-03  1.00287e+00  1.00115e+00
 5.77000e+01  1.00172e+00  4.72273e-03  1.50430e+00  4.71462e-03  1.00287e+00  1.00115e+00
 5.78000e+01  1.00172e+00  4.78156e-03  1.50429e+00  4.77336e-03  1.00286e+00  1.00114e+00
 5.79000e+01  1.00171e+00  4.84030e-03  1.50429e+00  4.83202e-03  1.00286e+00  1.00114e+00
 5.80000e+01  1.00171e+00  4.89894e-03  1.50428e+00  4.89057e-03  1.00285e+00  1.00114e+00
 5.81000e+01  1.00171e+00  4.95748e-03  1.50427e+00  4.94902e-03  1.00285e+00  1.00114e+00
 5.82000e+01  1.00171e+00  5.01591e-03  1.50426e+00  5.00737e-03  1.00284e+00  1.00114e+00
 5.83000e+01  1.00170e+00  5.07424e-03  1.50426e+00  5.06562e-03  1.00284e+00  1.00113e+00
 5.84000e+01  1.00170e+00  5.13247e-03  1.50425e+00  5.12377e-03  1.00283e+00  1.00113e+00
 5.85000e+01  1.00170e+00  5.19060e-03  1.50424e+00  5.18181e-03  1.00283e+00  1.00113e+00
 5.86000e+01  1.00169e+00  5.24861e-03  1.50423e+00  5.23974e-03  1.00282e+00  1.00113e+00
 5.87000e+01  1.00169e+00  5.30652e-03  1.50422e+00  5.29757e-03  1.00282e+00  1.00112e+00
 5.88000e+01  1.00169e+00  5.36431e-03  1.50422e+00  5.35528e-03  1.00281e+00  1.00112e+00
 5.89000e+01  1.00168e+00  5.42200e-03  1.50421e+00  5.41289e-03  1.00281e+00  1.00112e+00
 5.90000e+01  1.00168e+00  5.47957e-03  1.50420e+00  5.47038e-03  1.00280e+00  1.00112e+00
 5.91000e+01  1.00168e+00  5.53703e-03  1.50419e+00  5.52777e-03  1.00279e+00  1.00112e+00
 5.92000e+01  1.00167e+00  5.59437e-03  1.50418e+00  5.58503e-03  1.00279e+00  1.00111e+00
 5.93000e+01  1.00167e+00  5.65160e-03  1.50417e+00  5.64218e-03  1.00278e+00  1.00111e+00
 5.94000e+01  1.00167e+00  5.70871e-03  1.50416e+00  5.69922e-03  1.00278e+00  1.00111e+00
 5.95000e+01  1.00166e+00  5.76570e-03  1.50416e+00  5.75613e-03  1.00277e+00  1.00111e+00
 5.96000e+01  1.00166e+00  5.82257e-03  1.50415e+00  5.81293e-03  1.00276e+00  1.00110e+00
 5.97000e+01  1.00165e+00  5.87931e-03  1.50414e+00  5.86960e-03  1.00276e+00  1.00110e+00
 5.98000e+01  1.00165e+00  5.93594e-03  1.50413e+00  5.92615e-03  1.00275e+00  1.00110e+00
 5.99000e+01  1.00165e+00  5.99243e-03  1.50412e+00  5.98258e-03  1.00275e+00  1.00110e+00
 6.00000e+01  1.00164e+00  6.04881e-03  1.50411e+00  6.03888e-03  1.00274e+00  1.00109e+00
 6.01000e+01  1.00164e+00  6.10505e-03  1.50410e+00  6.09505e-03  1.00273e+00  1.00109e+00
 6.02000e+01  1.00164e+00  6.16116e-03  1.50409e+00  6.15110e-03  1.00273e+00  1.00109e+00
 6.03000e+01  1.00163e+00  6.21715e-03  1.50408e+00  6.20702e-03  1.00272e+00  1.00109e+00
 6.04000e+01  1.00163e+00  6.27300e-03  1.50407e+00  6.26280e-03  1.00271e+00  1.00108e+00
 6.05000e+01  1.00162e+00  6.32872e-03  1.50406e+00  6.31845e-03  1.00271e+00  1.00108e+00
 6.06000e+01  1.00162e+00  6.38430e-03  1.50405e+00  6.37397e-03  1.00270e+00  1.00108e+00
 6.07000e+01  1.00162e+00  6.43975e-03  1.50404e+00  6.42936e-03  1.00269e+00  1.00108e+00
 6.08000e+01  1.00161e+00  6.49506e-03  1.50403e+00  6.48460e-03  1.00269e+00  1.00107e+00
 6.09000e+01  1.00161e+00  6.55023e-03  1.50402e+00  6.53971e-03  1.00268e+00  1.00107e+00
 6.10000e+01  1.00160e+00  6.60526e-03  1.50401e+00  6.59468e-03  1.00267e+00  1.00107e+00
 6.11000e+01  1.00160e+00  6.66014e-03  1.50400e+00  6.64951e-03  1.00267e+00  1.00106e+00
 6.12000e+01  1.00160e+00  6.71489e-03  1.50399e+00  6.70419e-03  1.00266e+00  1.00106e+00
 6.13000e+01  1.00159e+00  6.76949e-03  1.50398e+00  6.75874e-03  1.00265e+00  1.00106e+00
 6.14000e+01  1.00159e+00  6.82394e-03  1.50397e+00  6.81313e-03  1.00264e+00  1.00106e+00
 6.15000e+01  1.00158e+00  6.87825e-03  1.50395e+00  6.86738e-03  1.00264e+00  1.00105e+00
 6.16000e+01  1.00158e+00  6.93240e-03  1.50394e+00  6.92148e-03  1.00263e+00  1.00105e+00
 6.17000e+01  1.00157e+00  6.98641e-03  1.50393e+00  6.97544e-03  1.00262e+00  1.00105e+00
 6.18000e+01  1.00157e+00  7.04026e-03  1.50392e+00  7.02924e-03  1.00261e+00  1.00104e+00
 6.19000e+01  1.00156e+00  7.09396e-03  1.50391e+00  7.08289e-03  1.00261e+00  1.00104e+00
 6.20000e+01  1.00156e+00  7.14751e-03  1.50390e+00  7.13638e-03  1.00260e+00  1.00104e+00
 6.21000e+01  1.00155e+00  7.20090e-03  1.50389e+00  7.18972e-03  1.00259e+00  1.00103e+00
 6.22000e+01  1.00155e+00  7.25413e-03  1.50387e+00  7.24290e-03  1.00258e+00  1.00103e+00
 6.23000e+01  1.00155e+00  7.30720e-03  1.50386e+00  7.29592e-03  1.00258e+00  1.00103e+00
 6.24000e+01  1.00154e+00  7.36011e-03  1.50385e+00  7.34879e-03  1.00257e+00  1.00103e+00
 6.25000e+01  1.00154e+00  7.41286e-03  1.50384e+00  7.40149e-03  1.00256e+00  1.00102e+00
 6.26000e+01  1.00153e+00  7.46544e-03  1.50383e+00  7.45403e-03  1.00255e+00  1.00102e+00
 6.27000e+01  1.00153e+00  7.51786e-03  1.50381e+00  7.50641e-03  1.00254e+00  1.00102e+00
 6.28000e+01  1.00152e+00  7.57011e-03  1.50380e+00  7.55861e-03  1.00253e+00  1.00101e+00
 6.29000e+01  1.00152e+00  7.62219e-03  1.50379e+00  7.61066e-03  1.00253e+00  1.00101e+00
 6.30000e+01  1.00151e+00  7.67411e-03  1.50378e+00  7.66253e-03  1.00252e+00  1.00101e+00
 6.31000e+01  1.00151e+00  7.72585e-03  1.50376e+00  7.71423e-03  1.00251e+00  1.00100e+00
 6.32000e+01  1.00150e+00  7.77742e-03  1.50375e+00  7.76576e-03  1.00250e+00  1.00100e+00
 6.33000e+01  1.00150e+00  7.82881e-03  1.50374e+00  7.81712e-03  1.00249e+00  1.00100e+00
 6.34000e+01  1.00149e+00  7.88003e-03  1.50372e+00  7.86830e-03  1.00248e+00  1.00099e+00
 6.35000e+01  1.00148e+00  7.93107e-03  1.50371e+00  7.91931e-03  1.00247e+00  1.00099e+00
 6.36000e+01  1.00148e+00  7.98193e-03  1.50370e+00  7.97013e-03  1.00247e+00  1.00098e+00
 6.37000e+01  1.00147e+00  8.03261e-03  1.50368e+00  8.02078e-03  1.00246e+00  1.00098e+00
 6.38000e+01  1.00147e+00  8.08310e-03  1.50367e+00  8.07125e-03  1.00245e+00  1.00098e+00
 6.39000e+01  1.00146e+00  8.13342e-03  1.50366e+00  8.12153e-03  1.00244e+00  1.00097e+00
 6.40000e+01  1.00146e+00  8.18354e-03  1.50364e+00  8.17163e-03  1.00243e+00  1.00097e+00
 6.41000e+01  1.00145e+00  8.23348e-03  1.50363e+00  8.22155e-03  1.00242e+00  1.00097e+00
 6.42000e+01  1.00145e+00  8.28324e-03  1.50362e+00  8.27127e-03  1.00241e+00  1.00096e+00
 6.43000e+01  1.00144e+00  8.33280e-03  1.50360e+00  8.32081e-03  1.00240e+00  1.00096e+00
 6.44000e+01  1.00144e+00  8.38217e-03  1.50359e+00  8.37016e-03  1.00239e+00  1.00096e+00
 6.45000e+01  1.00143e+00  8.43135e-03  1.50357e+00  8.41931e-03  1.00238e+00  1.00095e+00
 6.46000e+01  1.00142e+00  8.48033e-03  1.50356e+00  8.46827e-03  1.00237e+00  1.00095e+00
 6.47000e+01  1.00142e+00  8.52911e-03  1.50354e+00  8.51704e-03  1.00236e+00  1.00094e+00
 6.48000e+01  1.00141e+00  8.57770e-03  1.50353e+00  8.56561e-03  1.00235e+00  1.00094e+00
 6.49000e+01  1.00141e+00  8.62609e-03  1.50351e+00  8.61398e-03  1.00234e+00  1.00094e+00
 6.50000e+01  1.00140e+00  8.67427e-03  1.50350e+00  8.66215e-03  1.00233e+00  1.00093e+00
 6.51000e+01  1.00139e+00  8.72226e-03  1.50348e+00  8.71011e-03  1.00232e+00  1.00093e+00
 6.52000e+01  1.00139e+00  8.77003e-03  1.50347e+00  8.75788e-03  1.00231e+00  1.00092e+00
 6.53000e+01  1.00138e+00  8.81760e-03  1.50345e+00  8.80544e-03  1.00230e+00  1.00092e+00
 6.54000e+01  1.00138e+00  8.86497e-03  1.50344e+00  8.85279e-03  1.00229e+00  1.00092e+00
 6.55000e+01  1.00137e+00  8.91212e-03  1.50342e+00  8.89993e-03  1.00228e+00  1.00091e+00
 6.56000e+01  1.00136e+00  8.95906e-03  1.50341e+00  8.94687e-03  1.00227e+00  1.00091e+00
 6.57000e+01  1.00136e+00  9.00579e-03  1.50339e+00  8.99359e-03  1.00226e+00  1.00090e+00
 6.58000e+01  1.00135e+00  9.05231e-03  1.50338e+00  9.04010e-03  1.00225e+00  1.00090e+00
 6.59000e+01  1.00134e+00  9.09861e-03  1.50336e+00  9.08639e-03  1.00224e+00  1.00089e+00
 6.60000e+01  1.00134e+00  9.14469e-03  1.50334e+00  9.13247e-03  1.00223e+00  1.00089e+00
 6.61000e+01  1.00133e+00  9.19055e-03  1.50333e+00  9.17833e-03  1.00222e+00  1.00089e+00
 6.62000e+01  1.00132e+00  9.23619e-03  1.50331e+00  9.22397e-03  1.00221e+00  1.00088e+00
 6.63000e+01  1.00132e+00  9.28160e-03  1.50329e+00  9.26939e-03  1.00220e+00  1.00088e+00
 6.64000e+01  1.00131e+00  9.32680e-03  1.50328e+00  9.31458e-03  1.00219e+00  1.00087e+00
 6.65000e+01  1.00130e+00  9.37176e-03  1.50326e+00  9.35955e-03  1.00217e+00  1.00087e+00
 6.66000e+01  1.00130e+00  9.41650e-03  1.50324e+00  9.40429e-03  1.00216e+00  1.00086e+00
 6.67000e+01  1.00129e+00  9.46100e-03  1.50323e+00  9.44881e-03  1.00215e+00  1.00086e+00
 6.68000e+01  1.00128e+00  9.50528e-03  1.50321e+00  9.49309e-03  1.00214e+00  1.00086e+00
 6.69000e+01  1.00128e+00  9.54932e-03  1.50319e+00  9.53714e-03  1.00213e+00  1.00085e+00
 6.70000e+01  1.00127e+00  9.59313e-03  1.50318e+00  9.58096e-03  1.00212e+00  1.00085e+00
 6.71000e+01  1.00126e+00  9.63670e-03  1.50316e+00  9.62454e-03  1.00211e+00  1.00084e+00
 6.72000e+01  1.00126e+00  9.68003e-03  1.50314e+00  9.66788e-03  1.00209e+00  1.00084e+00
 6.73000e+01  1.00125e+00  9.72312e-03  1.50312e+00  9.71099e-03  1.00208e+00  1.00083e+00
 6.74000e+01  1.00124e+00  9.76597e-03  1.50311e+00  9.75385e-03  1.00207e+00  1.00083e+00
 6.75000e+01  1.00123e+00  9.80857e-03  1.50309e+00  9.79647e-03  1.00206e+00  1.00082e+00
 6.76000e+01  1.00123e+00  9.85093e-03  1.50307e+00  9.83885e-03  1.00205e+00  1.00082e+00
 6.77000e+01  1.00122e+00  9.89304e-03  1.50305e+00  9.88098e-03  1.00203e+00  1.00081e+00
 6.78000e+01  1.00121e+00  9.93490e-03  1.50303e+00  9.92287e-03  1.00202e+00  1.00081e+00
 6.79000e+01  1.00121e+00  9.97651e-03  1.50301e+00  9.96450e-03  1.00201e+00  1.00080e+00
 6.80000e+01  1.00120e+00  1.00179e-02  1.50300e+00  1.00059e-02  1.00200e+00  1.00080e+00
 6.81000e+01  1.00119e+00  1.00590e-02  1.50298e+00  1.00470e-02  1.00198e+00  1.00079e+00
 6.82000e+01  1.00118e+00  1.00998e-02  1.50296e+00  1.00879e-02  1.00197e+00  1.00079e+00
 6.83000e+01  1.00118e+00  1.01404e-02  1.50294e+00  1.01285e-02  1.00196e+00  1.00078e+00
 6.84000e+01  1.00117e+00  1.01807e-02  1.50292e+00  1.01689e-02  1.00195e+00  1.00078e+00
 6.85000e+01  1.00116e+00  1.02208e-02  1.50290e+00  1.02090e-02  1.00193e+00  1.00077e+00
 6.86000e+01  1.00115e+00  1.02606e-02  1.50288e+00  1.02488e-02  1.00192e+00  1.00077e+00
 6.87000e+01  1.00114e+00  1.03001e-02  1.50286e+00  1.02884e-02  1.00191e+00  1.00076e+00
 6.88000e+01  1.00114e+00  1.03394e-02  1.50284e+00  1.03277e-02  1.00189e+00  1.00076e+00
 6.89000e+01  1.00113e+00  1.03784e-02  1.50282e+00  1.03667e-02  1.00188e+00  1.00075e+00
 6.90000e+01  1.00112e+00  1.04171e-02  1.50280e+00  1.04055e-02  1.00187e+00  1.00075e+00
 6.91000e+01  1.00111e+00  1.04556e-02  1.50278e+00  1.04440e-02  1.00185e+00  1.00074e+00
 6.92000e+01  1.00110e+00  1.04938e-02  1.50276e+00  1.04822e-02  1.00184e+00  1.00074e+00
 6.93000e+01  1.00110e+00  1.05317e-02  1.50274e+00  1.05201e-02  1.00183e+00  1.00073e+00
 6.94000e+01  1.00109e+00  1.05693e-02  1.50272e+00  1.05578e-02  1.00181e+00  1.00073e+00
 6.95000e+01  1.00108e+00  1.06066e-02  1.50270e+00  1.05952e-02  1.00180e+00  1.00072e+00
 6.96000e+01  1.00107e+00  1.06437e-02  1.50268e+00  1.06323e-02  1.00179e+00  1.00071e+00
 6.97000e+01  1.00106e+00  1.06804e-02  1.50266e+00  1.06691e-02  1.00177e+00  1.00071e+00
 6.98000e+01  1.00105e+00  1.07169e-02  1.50264e+00  1.07056e-02  1.00176e+00  1.00070e+00
 6.99000e+01  1.00105e+00  1.07531e-02  1.50262e+00  1.07419e-02  1.00174e+00  1.00070e+00
 7.00000e+01  1.00104e+00  1.07890e-02  1.50260e+00  1.07779e-02  1.00173e+00  1.00069e+00
 7.01000e+01  1.00103e+00  1.08246e-02  1.50257e+00  1.08135e-02  1.00172e+00  1.00069e+00
 7.02000e+01  1.00102e+00  1.08600e-02  1.50255e+00  1.08489e-02  1.00170e+00  1.00068e+00
 7.03000e+01  1.00101e+00  1.08950e-02  1.50253e+00  1.08840e-02  1.00169e+00  1.00067e+00
 7.04000e+01  1.00100e+00  1.09297e-02  1.50251e+00  1.09188e-02  1.00167e+00  1.00067e+00
 7.05000e+01  1.00099e+00  1.09641e-02  1.50249e+00  1.09532e-02  1.00166e+00  1.00066e+00
 7.06000e+01  1.00099e+00  1.09983e-02  1.50246e+00  1.09874e-02  1.00164e+00  1.00066e+00
 7.07000e+01  1.00098e+00  1.10321e-02  1.50244e+00  1.10213e-02  1.00163e+00  1.00065e+00
 7.08000e+01  1.00097e+00  1.10656e-02  1.50242e+00  1.10549e-02  1.00161e+00  1.00065e+00
 7.09000e+01  1.00096e+00  1.10988e-02  1.50240e+00  1.10882e-02  1.00160e+00  1.00064e+00
 7.10000e+01  1.00095e+00  1.11317e-02  1.50237e+00  1.11211e-02  1.00158e+00  1.00063e+00
 7.11000e+01  1.00094e+00  1.11642e-02  1.50235e+00  1.11538e-02  1.00157e+00  1.00063e+00
 7.12000e+01  1.00093e+00  1.11965e-02  1.50233e+00  1.11861e-02  1.00155e+00  1.00062e+00
 7.13000e+01  1.00092e+00  1.12285e-02  1.50231e+00  1.12181e-02  1.00154e+00  1.00062e+00
 7.14000e+01  1.00091e+00  1.12601e-02  1.50228e+00  1.12498e-02  1.00152e+00  1.00061e+00
 7.15000e+01  1.00090e+00  1.12914e-02  1.50226e+00  1.12812e-02  1.00151e+00  1.00060e+00
 7.16000e+01  1.00089e+00  1.13224e-02  1.50224e+00  1.13123e-02  1.00149e+00  1.00060e+00
 7.17000e+01  1.00088e+00  1.13530e-02  1.50221e+00  1.13430e-02  1.00147e+00  1.00059e+00
 7.18000e+01  1.00087e+00  1.13834e-02  1.50219e+00  1.13734e-02  1.00146e+00  1.00058e+00
 7.19000e+01  1.00086e+00  1.14134e-02  1.50216e+00  1.14035e-02  1.00144e+00  1.00058e+00
 7.20000e+01  1.00085e+00  1.14430e-02  1.50214e+00  1.14333e-02  1.00143e+00  1.00057e+00
 7.21000e+01  1.00085e+00  1.14724e-02  1.50212e+00  1.14627e-02  1.00141e+00  1.00056e+00
 7.22000e+01  1.00084e+00  1.15014e-02  1.50209e+00  1.14918e-02  1.00139e+00  1.00056e+00
 7.23000e+01  1.00083e+00  1.15300e-02  1.50207e+00  1.15205e-02  1.00138e+00  1.00055e+00
 7.24000e+01  1.00082e+00  1.15583e-02  1.50204e+00  1.15489e-02  1.00136e+00  1.00054e+00
 7.25000e+01  1.00081e+00  1.15863e-02  1.50202e+00  1.15770e-02  1.00134e+00  1.00054e+00
 7.26000e+01  1.00080e+00  1.16140e-02  1.50199e+00  1.16047e-02  1.00133e+00  1.00053e+00
 7.27000e+01  1.00079e+00  1.16413e-02  1.50197e+00  1.16321e-02  1.00131e+00  1.00052e+00
 7.28000e+01  1.00078e+00  1.16682e-02  1.50194e+00  1.16592e-02  1.00129e+00  1.00052e+00
 7.29000e+01  1.00077e+00  1.16948e-02  1.50192e+00  1.16858e-02  1.00128e+00  1.00051e+00
 7.30000e+01  1.00075e+00  1.17210e-02  1.50189e+00  1.17122e-02  1.00126e+00  1.00050e+00
 7.31000e+01  1.00074e+00  1.17469e-02  1.50186e+00  1.17382e-02  1.00124e+00  1.00050e+00
 7.32000e+01  1.00073e+00  1.17724e-02  1.50184e+00  1.17638e-02  1.00123e+00  1.00049e+00
 7.33000e+01  1.00072e+00  1.17976e-02  1.50181e+00  1.17891e-02  1.00121e+00  1.00048e+00
 7.34000e+01  1.00071e+00  1.18224e-02  1.50179e+00  1.18140e-02  1.00119e+00  1.00048e+00
 7.35000e+01  1.00070e+00  1.18468e-02  1.50176e+00  1.18385e-02  1.00117e+00  1.00047e+00
 7.36000e+01  1.00069e+00  1.18709e-02  1.50173e+00  1.18627e-02  1.00115e+00  1.00046e+00
 7.37000e+01  1.00068e+00  1.18946e-02  1.50171e+00  1.18865e-02  1.00114e+00  1.00046e+00
 7.38000e+01  1.00067e+00  1.19180e-02  1.50168e+00  1.19100e-02  1.00112e+00  1.00045e+00
 7.39000e+01  1.00066e+00  1.19409e-02  1.50165e+00  1.19331e-02  1.00110e+00  1.00044e+00
 7.40000e+01  1.00065e+00  1.19635e-02  1.50162e+00  1.19558e-02  1.00108e+00  1.00043e+00
 7.41000e+01  1.00064e+00  1.19857e-02  1.50160e+00  1.19781e-02  1.00106e+00  1.00043e+00
 7.42000e+01  1.00063e+00  1.20075e-02  1.50157e+00  1.20000e-02  1.00105e+00  1.00042e+00
 7.43000e+01  1.00062e+00  1.20290e-02  1.50154e+00  1.20216e-02  1.00103e+00  1.00041e+00
 7.44000e+01  1.00060e+00  1.20501e-02  1.50151e+00  1.20428e-02  1.00101e+00  1.00040e+00
 7.45000e+01  1.00059e+00  1.20707e-02  1.50149e+00  1.20636e-02  1.00099e+00  1.00040e+00
 7.46000e+01  1.00058e+00  1.20910e-02  1.50146e+00  1.20840e-02  1.00097e+00  1.00039e+00
 7.47000e+01  1.00057e+00  1.21109e-02  1.50143e+00  1.21040e-02  1.00095e+00  1.00038e+00
 7.48000e+01  1.00056e+00  1.21304e-02  1.50140e+00  1.21236e-02  1.00093e+00  1.00037e+00
 7.49000e+01  1.00055e+00  1.21495e-02  1.50137e+00  1.21429e-02  1.00091e+00  1.00037e+00
 7.50000e+01  1.00054e+00  1.21682e-02  1.50134e+00  1.21617e-02  1.00090e+00  1.00036e+00
 7.51000e+01  1.00052e+00  1.21865e-02  1.50131e+00  1.21802e-02  1.00088e+00  1.00035e+00
 7.52000e+01  1.00051e+00  1.22045e-02  1.50128e+00  1.21982e-02  1.00086e+00  1.00034e+00
 7.53000e+01  1.00050e+00  1.22220e-02  1.50126e+00  1.22158e-02  1.00084e+00  1.00034e+00
 7.54000e+01  1.00049e+00  1.22390e-02  1.50123e+00  1.22331e-02  1.00082e+00  1.00033e+00
 7.55000e+01  1.00048e+00  1.22557e-02  1.50120e+00  1.22499e-02  1.00080e+00  1.00032e+00
 7.56000e+01  1.00047e+00  1.22720e-02  1.50117e+00  1.22663e-02  1.00078e+00  1.00031e+00
 7.57000e+01  1.00045e+00  1.22879e-02  1.50114e+00  1.22823e-02  1.00076e+00  1.00030e+00
 7.58000e+01  1.00044e+00  1.23033e-02  1.50111e+00  1.22979e-02  1.00074e+00  1.00030e+00
 7.59000e+01  1.00043e+00  1.23183e-02  1.50108e+00  1.23130e-02  1.00072e+00  1.00029e+00
 7.60000e+01  1.00042e+00  1.23329e-02  1.50105e+00  1.23278e-02  1.00070e+00  1.00028e+00
 7.61000e+01  1.00040e+00  1.23471e-02  1.50101e+00  1.23421e-02  1.00068e+00  1.00027e+00
 7.62000e+01  1.00039e+00  1.23608e-02  1.50098e+00  1.23560e-02  1.00066e+00  1.00026e+00
 7.63000e+01  1.00038e+00  1.23742e-02  1.50095e+00  1.23695e-02  1.00064e+00  1.00026e+00
 7.64000e+01  1.00037e+00  1.23870e-02  1.50092e+00  1.23825e-02  1.00061e+00  1.00025e+00
 7.65000e+01  1.00035e+00  1.23995e-02  1.50089e+00  1.23951e-02  1.00059e+00  1.00024e+00
 7.66000e+01  1.00034e+00  1.24115e-02  1.50086e+00  1.24073e-02  1.00057e+00  1.00023e+00
 7.67000e+01  1.00033e+00  1.24231e-02  1.50083e+00  1.24190e-02  1.00055e+00  1.00022e+00
 7.68000e+01  1.00032e+00  1.24342e-02  1.50080e+00  1.24303e-02  1.00053e+00  1.00021e+00
 7.69000e+01  1.00030e+00  1.24449e-02  1.50076e+00  1.24411e-02  1.00051e+00  1.00020e+00
 7.70000e+01  1.00029e+00  1.24552e-02  1.50073e+00  1.24515e-02  1.00049e+00  1.00020e+00
 7.71000e+01  1.00028e+00  1.24650e-02  1.50070e+00  1.24615e-02  1.00047e+00  1.00019e+00
 7.72000e+01  1.00027e+00  1.24743e-02  1.50067e+00  1.24710e-02  1.00044e+00  1.00018e+00
 7.73000e+01  1.00025e+00  1.24832e-02  1.50063e+00  1.24800e-02  1.00042e+00  1.00017e+00
 7.74000e+01  1.00024e+00  1.24916e-02  1.50060e+00  1.24886e-02  1.00040e+00  1.00016e+00
 7.75000e+01  1.00023e+00  1.24996e-02  1.50057e+00  1.24968e-02  1.00038e+00  1.00015e+00
 7.76000e+01  1.00021e+00  1.25071e-02  1.50053e+00  1.25045e-02  1.00036e+00  1.00014e+00
 7.77000e+01  1.00020e+00  1.25142e-02  1.50050e+00  1.25117e-02  1.00033e+00  1.00013e+00
 7.78000e+01  1.00019e+00  1.25208e-02  1.50047e+00  1.25184e-02  1.00031e+00  1.00013e+00
 7.79000e+01  1.00017e+00  1.25269e-02  1.50043e+00  1.25247e-02  1.00029e+00  1.00012e+00
 7.80000e+01  1.00016e+00  1.25325e-02  1.50040e+00  1.25305e-02  1.00027e+00  1.00011e+00
 7.81000e+01  1.00015e+00  1.25377e-02  1.50037e+00  1.25359e-02  1.00024e+00  1.00010e+00
 7.82000e+01  1.00013e+00  1.25424e-02  1.50033e+00  1.25408e-02  1.00022e+00  1.00009e+00
 7.83000e+01  1.00012e+00  1.25466e-02  1.50030e+00  1.25452e-02  1.00020e+00  1.00008e+00
 7.84000e+01  1.00010e+00  1.25504e-02  1.50026e+00  1.25491e-02  1.00017e+00  1.00007e+00
 7.85000e+01  1.00009e+00  1.25536e-02  1.50023e+00  1.25525e-02  1.00015e+00  1.00006e+00
 7.86000e+01  1.00008e+00  1.25564e-02  1.50019e+00  1.25554e-02  1.00013e+00  1.00005e+00
 7.87000e+01  1.00006e+00  1.25587e-02  1.50016e+00  1.25579e-02  1.00010e+00  1.00004e+00
 7.88000e+01  1.00005e+00  1.25605e-02  1.50012e+00  1.25599e-02  1.00008e+00  1.00003e+00
 7.89000e+01  1.00003e+00  1.25618e-02  1.50009e+00  1.25613e-02  1.00006e+00  1.00002e+00
 7.90000e+01  1.00002e+00  1.25626e-02  1.50005e+00  1.25623e-02  1.00003e+00  1.00001e+00
 7.91000e+01  1.00001e+00  1.25629e-02  1.50001e+00  1.25628e-02  1.00001e+00  1.00000e+00
 7.92000e+01  9.99991e-01  1.25627e-02  1.49998e+00  1.25628e-02  9.99986e-01  9.99995e-01
 7.93000e+01  9.99976e-01  1.25620e-02  1.49994e+00  1.25623e-02  9.99962e-01  9.99985e-01
 7.94000e+01  9.99962e-01  1.25608e-02  1.49991e+00  1.25613e-02  9.99937e-01  9.99976e-01
 7.95000e+01  9.99947e-01  1.25591e-02  1.49987e+00  1.25597e-02  9.99913e-01  9.99966e-01
 7.96000e+01  9.99932e-01  1.25568e-02  1.49983e+00  1.25577e-02  9.99888e-01  9.99956e-01
 7.97000e+01  9.99918e-01  1.25541e-02  1.49980e+00  1.25551e-02  9.99864e-01  9.99946e-01
 7.98000e+01  9.99903e-01  1.25508e-02  1.49976e+00  1.25521e-02  9.99839e-01  9.99936e-01
 7.99000e+01  9.99888e-01  1.25471e-02  1.49972e+00  1.25485e-02  9.99814e-01  9.99926e-01
 8.00000e+01  9.99873e-01  1.25428e-02  1.49968e+00  1.25444e-02  9.99789e-01  9.99916e-01
 8.01000e+01  9.99858e-01  1.25380e-02  1.49965e+00  1.25397e-02  9.99764e-01  9.99906e-01
 8.02000e+01  9.99843e-01  1.25326e-02  1.49961e+00  1.25346e-02  9.99739e-01  9.99896e-01
 8.03000e+01  9.99828e-01  1.25267e-02  1.49957e+00  1.25289e-02  9.99714e-01  9.99886e-01
 8.04000e+01  9.99812e-01  1.25203e-02  1.49953e+00  1.25227e-02  9.99688e-01  9.99876e-01
 8.05000e+01  9.99797e-01  1.25134e-02  1.49949e+00  1.25159e-02  9.99663e-01  9.99866e-01
 8.06000e+01  9.99782e-01  1.25059e-02  1.49946e+00  1.25087e-02  9.99637e-01  9.99855e-01
 8.07000e+01  9.99766e-01  1.24979e-02  1.49942e+00  1.25008e-02  9.99611e-01  9.99845e-01
 8.08000e+01  9.99751e-01  1.24894e-02  1.49938e+00  1.24925e-02  9.99585e-01  9.99835e-01
 8.09000e+01  9.99735e-01  1.24803e-02  1.49934e+00  1.24836e-02  9.99559e-01  9.99824e-01
 8.10000e+01  9.99719e-01  1.24706e-02  1.49930e+00  1.24741e-02  9.99533e-01  9.99814e-01
 8.11000e+01  9.99704e-01  1.24605e-02  1.49926e+00  1.24641e-02  9.99507e-01  9.99803e-01
 8.12000e+01  9.99688e-01  1.24497e-02  1.49922e+00  1.24536e-02  9.99481e-01  9.99793e-01
 8.13000e+01  9.99672e-01  1.24384e-02  1.49918e+00  1.24425e-02  9.99454e-01  9.99782e-01
 8.14000e+01  9.99656e-01  1.24266e-02  1.49914e+00  1.24309e-02  9.99428e-01  9.99771e-01
 8.15000e+01  9.99640e-01  1.24142e-02  1.49910e+00  1.24186e-02  9.99401e-01  9.99761e-01
 8.16000e+01  9.99624e-01  1.24012e-02  1.49906e+00  1.24059e-02  9.99374e-01  9.99750e-01
 8.17000e+01  9.99608e-01  1.23877e-02  1.49902e+00  1.23925e-02  9.99347e-01  9.99739e-01
 8.18000e+01  9.99592e-01  1.23736e-02  1.49898e+00  1.23786e-02  9.99320e-01  9.99728e-01
 8.19000e+01  9.99575e-01  1.23589e-02  1.49894e+00  1.23642e-02  9.99293e-01  9.99717e-01
 8.20000e+01  9.99559e-01  1.23437e-02  1.49890e+00  1.23492e-02  9.99266e-01  9.99707e-01
 8.21000e+01  9.99542e-01  1.23279e-02  1.49886e+00  1.23335e-02  9.99238e-01  9.99696e-01
 8.22000e+01  9.99526e-01  1.23115e-02  1.49882e+00  1.23174e-02  9.99211e-01  9.99685e-01
 8.23000e+01  9.99509e-01  1.22946e-02  1.49877e+00  1.23006e-02  9.99183e-01  9.99673e-01
 8.24000e+01  9.99493e-01  1.22770e-02  1.49873e+00  1.22833e-02  9.99155e-01  9.99662e-01
 8.25000e+01  9.99476e-01  1.22589e-02  1.49869e+00  1.22654e-02  9.99127e-01  9.99651e-01
 8.26000e+01  9.99459e-01  1.22402e-02  1.49865e+00  1.22469e-02  9.99100e-01  9.99640e-01
 8.27000e+01  9.99442e-01  1.22210e-02  1.49861e+00  1.22278e-02  9.99071e-01  9.99629e-01
 8.28000e+01  9.99426e-01  1.22011e-02  1.49856e+00  1.22081e-02  9.99043e-01  9.99617e-01
 8.29000e+01  9.99409e-01  1.21806e-02  1.49852e+00  1.21878e-02  9.99015e-01  9.99606e-01
 8.30000e+01  9.99392e-01  1.21596e-02  1.49848e+00  1.21670e-02  9.98987e-01  9.99595e-01
 8.31000e+01  9.99375e-01  1.21379e-02  1.49844e+00  1.21455e-02  9.98958e-01  9.99583e-01
 8.32000e+01  9.99357e-01  1.21157e-02  1.49839e+00  1.21235e-02  9.98930e-01  9.99572e-01
 8.33000e+01  9.99340e-01  1.20929e-02  1.49835e+00  1.21008e-02  9.98901e-01  9.99560e-01
 8.34000e+01  9.99323e-01  1.20694e-02  1.49831e+00  1.20776e-02  9.98872e-01  9.99549e-01
 8.35000e+01  9.99306e-01  1.20454e-02  1.49826e+00  1.20537e-02  9.98843e-01  9.99537e-01
 8.36000e+01  9.99288e-01  1.20207e-02  1.49822e+00  1.20293e-02  9.98814e-01  9.99526e-01
 8.37000e+01  9.99271e-01  1.19955e-02  1.49818e+00  1.20042e-02  9.98785e-01  9.99514e-01
 8.38000e+01  9.99253e-01  1.19696e-02  1.49813e+00  1.19786e-02  9.98756e-01  9.99502e-01
 8.39000e+01  9.99236e-01  1.19431e-02  1.49809e+00  1.19523e-02  9.98726e-01  9.99490e-01
 8.40000e+01  9.99218e-01  1.19160e-02  1.49805e+00  1.19254e-02  9.98697e-01  9.99479e-01
 8.41000e+01  9.99200e-01  1.18883e-02  1.49800e+00  1.18979e-02  9.98668e-01  9.99467e-01
 8.42000e+01  9.99183e-01  1.18600e-02  1.49796e+00  1.18697e-02  9.98638e-01  9.99455e-01
 8.43000e+01  9.99165e-01  1.18311e-02  1.49791e+00  1.18410e-02  9.98608e-01  9.99443e-01
 8.44000e+01  9.99147e-01  1.18015e-02  1.49787e+00  1.18116e-02  9.98578e-01  9.99431e-01
 8.45000e+01  9.99129e-01  1.17713e-02  1.49782e+00  1.17816e-02  9.98549e-01  9.99419e-01
 8.46000e+01  9.99111e-01  1.17405e-02  1.49778e+00  1.17510e-02  9.98519e-01  9.99407e-01
 8.47000e+01  9.99093e-01  1.17091e-02  1.49773e+00  1.17197e-02  9.98488e-01  9.99395e-01
 8.48000e+01  9.99075e-01  1.16770e-02  1.49769e+00  1.16879e-02  9.98458e-01  9.99383e-01
 8.49000e+01  9.99057e-01  1.16444e-02  1.49764e+00  1.16554e-02  9.98428e-01  9.99371e-01
 8.50000e+01  9.99038e-01  1.16110e-02  1.49760e+00  1.16222e-02  9.98398e-01  9.99359e-01
 8.51000e+01  9.99020e-01  1.15771e-02  1.49755e+00  1.15884e-02  9.98367e-01  9.99346e-01
 8.52000e+01  9.99002e-01  1.15425e-02  1.49751e+00  1.15540e-02  9.98337e-01  9.99334e-01
 8.53000e+01  9.98984e-01  1.15073e-02  1.49746e+00  1.15190e-02  9.98306e-01  9.99322e-01
 8.54000e+01  9.98965e-01  1.14714e-02  1.49741e+00  1.14833e-02  9.98276e-01  9.99310e-01
 8.55000e+01  9.98947e-01  1.14349e-02  1.49737e+00  1.14470e-02  9.98245e-01  9.99297e-01
 8.56000e+01  9.98928e-01  1.13978e-02  1.49732e+00  1.14100e-02  9.98214e-01  9.99285e-01
 8.57000e+01  9.98910e-01  1.13600e-02  1.49727e+00  1.13724e-02  9.98183e-01  9.99273e-01
 8.58000e+01  9.98891e-01  1.13216e-02  1.49723e+00  1.13341e-02  9.98152e-01  9.99260e-01
 8.59000e+01  9.98872e-01  1.12825e-02  1.49718e+00  1.12953e-02  9.98121e-01  9.99248e-01
 8.60000e+01  9.98854e-01  1.12428e-02  1.49713e+00  1.12557e-02  9.98090e-01  9.99235e-01
 8.61000e+01  9.98835e-01  1.12024e-02  1.49709e+00  1.12155e-02  9.98059e-01  9.99223e-01
 8.62000e+01  9.98816e-01  1.11614e-02  1.49704e+00  1.11747e-02  9.98027e-01  9.99210e-01
 8.63000e+01  9.98797e-01  1.11198e-02  1.49699e+00  1.11332e-02  9.97996e-01  9.99198e-01
 8.64000e+01  9.98779e-01  1.10775e-02  1.49695e+00  1.10910e-02  9.97965e-01  9.99185e-01
 8.65000e+01  9.98760e-01  1.10345e-02  1.49690e+00  1.10482e-02  9.97933e-01  9.99173e-01
 8.66000e+01  9.98741e-01  1.09909e-02  1.49685e+00  1.10048e-02  9.97902e-01  9.99160e-01
 8.67000e+01  9.98722e-01  1.09467e-02  1.49681e+00  1.09607e-02  9.97870e-01  9.99147e-01
 8.68000e+01  9.98703e-01  1.09018e-02  1.49676e+00  1.09159e-02  9.97839e-01  9.99135e-01
 8.69000e+01  9.98684e-01  1.08562e-02  1.49671e+00  1.08705e-02  9.97807e-01  9.99122e-01
 8.70000e+01  9.98665e-01  1.08100e-02  1.49666e+00  1.08244e-02  9.97775e-01  9.99109e-01
 8.71000e+01  9.98646e-01  1.07631e-02  1.49662e+00  1.07777e-02  9.97744e-01  9.99096e-01
 8.72000e+01  9.98627e-01  1.07156e-02  1.49657e+00  1.07303e-02  9.97712e-01  9.99084e-01
 8.73000e+01  9.98608e-01  1.06674e-02  1.49652e+00  1.06822e-02  9.97680e-01  9.99071e-01
 8.74000e+01  9.98589e-01  1.06185e-02  1.49647e+00  1.06335e-02  9.97648e-01  9.99058e-01
 8.75000e+01  9.98569e-01  1.05690e-02  1.49642e+00  1.05842e-02  9.97616e-01  9.99045e-01
 8.76000e+01  9.98550e-01  1.05189e-02  1.49638e+00  1.05341e-02  9.97584e-01  9.99033e-01
 8.77000e+01  9.98531e-01  1.04680e-02  1.49633e+00  1.04834e-02  9.97552e-01  9.99020e-01
 8.78000e+01  9.98512e-01  1.04166e-02  1.49628e+00  1.04321e-02  9.97520e-01  9.99007e-01
 8.79000e+01  9.98493e-01  1.03644e-02  1.49623e+00  1.03801e-02  9.97488e-01  9.98994e-01
 8.80000e+01  9.98473e-01  1.03116e-02  1.49618e+00  1.03274e-02  9.97456e-01  9.98981e-01
 8.81000e+01  9.98454e-01  1.02582e-02  1.49614e+00  1.02741e-02  9.97424e-01  9.98968e-01
 8.82000e+01  9.98435e-01  1.02041e-02  1.49609e+00  1.02201e-02  9.97392e-01  9.98956e-01
 8.83000e+01  9.98415e-01  1.01493e-02  1.49604e+00  1.01654e-02  9.97360e-01  9.98943e-01
 8.84000e+01  9.98396e-01  1.00939e-02  1.49599e+00  1.01101e-02  9.97328e-01  9.98930e-01
 8.85000e+01  9.98377e-01  1.00378e-02  1.49594e+00  1.00541e-02  9.97296e-01  9.98917e-01
 8.86000e+01  9.98358e-01  9.98104e-03  1.49590e+00  9.99746e-03  9.97264e-01  9.98904e-01
 8.87000e+01  9.98338e-01  9.92364e-03  1.49585e+00  9.94016e-03  9.97231e-01  9.98891e-01
 8.88000e+01  9.98319e-01  9.86559e-03  1.49580e+00  9.88220e-03  9.97199e-01  9.98878e-01
 8.89000e+01  9.98300e-01  9.80688e-03  1.49575e+00  9.82358e-03  9.97167e-01  9.98865e-01
 8.90000e+01  9.98281e-01  9.74751e-03  1.49570e+00  9.76430e-03  9.97135e-01  9.98853e-01
 8.91000e+01  9.98261e-01  9.68749e-03  1.49565e+00  9.70436e-03  9.97103e-01  9.98840e-01
 8.92000e+01  9.98242e-01  9.62682e-03  1.49561e+00  9.64377e-03  9.97071e-01  9.98827e-01
 8.93000e+01  9.98223e-01  9.56549e-03  1.49556e+00  9.58252e-03  9.97039e-01  9.98814e-01
 8.94000e+01  9.98204e-01  9.50351e-03  1.49551e+00  9.52062e-03  9.97007e-01  9.98801e-01
 8.95000e+01  9.98184e-01  9.44089e-03  1.49546e+00  9.45806e-03  9.96975e-01  9.98788e-01
 8.96000e+01  9.98165e-01  9.37761e-03  1.49541e+00  9.39485e-03  9.96943e-01  9.98776e-01
 8.97000e+01  9.98146e-01  9.31368e-03  1.49537e+00  9.33098e-03  9.96911e-01  9.98763e-01
 8.98000e+01  9.98127e-01  9.24911e-03  1.49532e+00  9.26647e-03  9.96879e-01  9.98750e-01
 8.99000e+01  9.98108e-01  9.18390e-03  1.49527e+00  9.20131e-03  9.96848e-01  9.98737e-01
 9.00000e+01  9.98089e-01  9.11804e-03  1.49522e+00  9.13550e-03  9.96816e-01  9.98725e-01
 9.01000e+01  9.98070e-01  9.05154e-03  1.49518e+00  9.06904e-03  9.96784e-01  9.98712e-01
 9.02000e+01  9.98051e-01  8.98440e-03  1.49513e+00  9.00194e-03  9.96753e-01  9.98699e-01
 9.03000e+01  9.98032e-01  8.91662e-03  1.49508e+00  8.93420e-03  9.96721e-01  9.98687e-01
 9.04000e+01  9.98013e-01  8.84820e-03  1.49503e+00  8.86582e-03  9.96690e-01  9.98674e-01
 9.05000e+01  9.97994e-01  8.77915e-03  1.49499e+00  8.79680e-03  9.96658e-01  9.98661e-01
 9.06000e+01  9.97975e-01  8.70947e-03  1.49494e+00  8.72715e-03  9.96627e-01  9.98649e-01
 9.07000e+01  9.97956e-01  8.63916e-03  1.49489e+00  8.65686e-03  9.96596e-01  9.98636e-01
 9.08000e+01  9.97938e-01  8.56823e-03  1.49485e+00  8.58593e-03  9.96564e-01  9.98624e-01
 9.09000e+01  9.97919e-01  8.49666e-03  1.49480e+00  8.51438e-03  9.96533e-01  9.98611e-01
 9.10000e+01  9.97900e-01  8.42448e-03  1.49475e+00  8.44221e-03  9.96502e-01  9.98599e-01
 9.11000e+01  9.97882e-01  8.35168e-03  1.49471e+00  8.36940e-03  9.96471e-01  9.98587e-01
 9.12000e+01  9.97863e-01  8.27825e-03  1.49466e+00  8.29598e-03  9.96441e-01  9.98574e-01
 9.13000e+01  9.97845e-01  8.20422e-03  1.49462e+00  8.22194e-03  9.96410e-01  9.98562e-01
 9.14000e+01  9.97827e-01  8.12957e-03  1.49457e+00  8.14728e-03  9.96380e-01  9.98550e-01
 9.15000e+01  9.97808e-01  8.05432e-03  1.49452e+00  8.07201e-03  9.96349e-01  9.98538e-01
 9.16000e+01  9.97790e-01  7.97846e-03  1.49448e+00  7.99613e-03  9.96319e-01  9.98526e-01
 9.17000e+01  9.97772e-01  7.90200e-03  1.49443e+00  7.91965e-03  9.96289e-01  9.98514e-01
 9.18000e+01  9.97754e-01  7.82494e-03  1.49439e+00  7.84256e-03  9.96259e-01  9.98502e-01
 9.19000e+01  9.97736e-01  7.74729e-03  1.49434e+00  7.76487e-03  9.96229e-01  9.98490e-01
 9.20000e+01  9.97718e-01  7.66905e-03  1.49430e+00  7.68659e-03  9.96199e-01  9.98478e-01
 9.21000e+01  9.97700e-01  7.59021e-03  1.49425e+00  7.60771e-03  9.96170e-01  9.98466e-01
 9.22000e+01  9.97683e-01  7.51080e-03  1.49421e+00  7.52825e-03  9.96140e-01  9.98454e-01
 9.23000e+01  9.97665e-01  7.43081e-03  1.49417e+00  7.44820e-03  9.96111e-01  9.98442e-01
 9.24000e+01  9.97648e-01  7.35024e-03  1.49412e+00  7.36757e-03  9.96082e-01  9.98431e-01
 9.25000e+01  9.97630e-01  7.26909e-03  1.49408e+00  7.28636e-03  9.96053e-01  9.98419e-01
 9.26000e+01  9.97613e-01  7.18739e-03  1.49404e+00  7.20458e-03  9.96025e-01  9.98408e-01
 9.27000e+01  9.97596e-01  7.10511e-03  1.49399e+00  7.12224e-03  9.95996e-01  9.98396e-01
 9.28000e+01  9.97579e-01  7.02229e-03  1.49395e+00  7.03933e-03  9.95968e-01  9.98385e-01
 9.29000e+01  9.97562e-01  6.93890e-03  1.49391e+00  6.95586e-03  9.95940e-01  9.98374e-01
 9.30000e+01  9.97545e-01  6.85497e-03  1.49387e+00  6.87184e-03  9.95912e-01  9.98363e-01
 9.31000e+01  9.97529e-01  6.77049e-03  1.49383e+00  6.78726e-03  9.95884e-01  9.98352e-01
 9.32000e+01  9.97512e-01  6.68548e-03  1.49379e+00  6.70215e-03  9.95857e-01  9.98341e-01
 9.33000e+01  9.97496e-01  6.59992e-03  1.49374e+00  6.61649e-03  9.95830e-01  9.98330e-01
 9.34000e+01  9.97480e-01  6.51384e-03  1.49370e+00  6.53030e-03  9.95803e-01  9.98319e-01
 9.35000e+01  9.97464e-01  6.42724e-03  1.49366e+00  6.44358e-03  9.95776e-01  9.98308e-01
 9.36000e+01  9.97448e-01  6.34012e-03  1.49362e+00  6.35634e-03  9.95750e-01  9.98298e-01
 9.37000e+01  9.97432e-01  6.25248e-03  1.49359e+00  6.26858e-03  9.95723e-01  9.98287e-01
 9.38000e+01  9.97416e-01  6.16433e-03  1.49355e+00  6.18030e-03  9.95697e-01  9.98277e-01
 9.39000e+01  9.97401e-01  6.07569e-03  1.49351e+00  6.09152e-03  9.95672e-01  9.98266e-01
 9.40000e+01  9.97386e-01  5.98654e-03  1.49347e+00  6.00224e-03  9.95646e-01  9.98256e-01
 9.41000e+01  9.97370e-01  5.89691e-03  1.49343e+00  5.91246e-03  9.95621e-01  9.98246e-01
 9.42000e+01  9.97356e-01  5.80679e-03  1.49339e+00  5.82219e-03  9.95596e-01  9.98236e-01
 9.43000e+01  9.97341e-01  5.71619e-03  1.49336e+00  5.73143e-03  9.95572e-01  9.98226e-01
 9.44000e+01  9.97326e-01  5.62512e-03  1.49332e+00  5.64020e-03  9.95547e-01  9.98217e-01
 9.45000e+01  9.97312e-01  5.53359e-03  1.49329e+00  5.54850e-03  9.95523e-01  9.98207e-01
 9.46000e+01  9.97297e-01  5.44159e-03  1.49325e+00  5.45634e-03  9.95500e-01  9.98197e-01
 9.47000e+01  9.97283e-01  5.34914e-03  1.49321e+00  5.36371e-03  9.95476e-01  9.98188e-01
 9.48000e+01  9.97269e-01  5.25624e-03  1.49318e+00  5.27063e-03  9.95453e-01  9.98179e-01
 9.49000e+01  9.97256e-01  5.16291e-03  1.49315e+00  5.17711e-03  9.95431e-01  9.98170e-01
 9.50000e+01  9.97242e-01  5.06913e-03  1.49311e+00  5.08315e-03  9.95408e-01  9.98161e-01
 9.51000e+01  9.97229e-01  4.97494e-03  1.49308e+00  4.98876e-03  9.95386e-01  9.98152e-01
 9.52000e+01  9.97216e-01  4.88032e-03  1.49305e+00  4.89394e-03  9.95364e-01  9.98143e-01
 9.53000e+01  9.97203e-01  4.78529e-03  1.49301e+00  4.79871e-03  9.95343e-01  9.98135e-01
 9.54000e+01  9.97190e-01  4.68985e-03  1.49298e+00  4.70307e-03  9.95322e-01  9.98126e-01
 9.55000e+01  9.97178e-01  4.59402e-03  1.49295e+00  4.60702e-03  9.95301e-01  9.98118e-01
 9.56000e+01  9.97166e-01  4.49779e-03  1.49292e+00  4.51058e-03  9.95281e-01  9.98110e-01
 9.57000e+01  9.97154e-01  4.40118e-03  1.49289e+00  4.41374e-03  9.95261e-01  9.98102e-01
 9.58000e+01  9.97142e-01  4.30420e-03  1.49286e+00  4.31653e-03  9.95241e-01  9.98094e-01
 9.59000e+01  9.97130e-01  4.20684e-03  1.49283e+00  4.21895e-03  9.95222e-01  9.98086e-01
 9.60000e+01  9.97119e-01  4.10912e-03  1.49280e+00  4.12100e-03  9.95203e-01  9.98079e-01
 9.61000e+01  9.97108e-01  4.01105e-03  1.49278e+00  4.02269e-03  9.95185e-01  9.98071e-01
 9.62000e+01  9.97097e-01  3.91264e-03  1.49275e+00  3.92403e-03  9.95167e-01  9.98064e-01
 9.63000e+01  9.97087e-01  3.81388e-03  1.49272e+00  3.82503e-03  9.95149e-01  9.98057e-01
 9.64000e+01  9.97076e-01  3.71480e-03  1.49270e+00  3.72569e-03  9.95132e-01  9.98050e-01
 9.65000e+01  9.97066e-01  3.61539e-03  1.49267e+00  3.62603e-03  9.95115e-01  9.98043e-01
 9.66000e+01  9.97056e-01  3.51567e-03  1.49265e+00  3.52605e-03  9.95099e-01  9.98037e-01
 9.67000e+01  9.97047e-01  3.41565e-03  1.49262e+00  3.42577e-03  9.95083e-01  9.98030e-01
 9.68000e+01  9.97037e-01  3.31533e-03  1.49260e+00  3.32518e-03  9.95067e-01  9.98024e-01
 9.69000e+01  9.97028e-01  3.21471e-03  1.49258e+00  3.22430e-03  9.95052e-01  9.98018e-01
 9.70000e+01  9.97019e-01  3.11382e-03  1.49256e+00  3.12313e-03  9.95037e-01  9.98012e-01
 9.71000e+01  9.97011e-01  3.01265e-03  1.49253e+00  3.02169e-03  9.95023e-01  9.98006e-01
 9.72000e+01  9.97002e-01  2.91122e-03  1.49251e+00  2.91998e-03  9.95009e-01  9.98001e-01
 9.73000e+01  9.96994e-01  2.80954e-03  1.49249e+00  2.81801e-03  9.94996e-01  9.97996e-01
 9.74000e+01  9.96986e-01  2.70761e-03  1.49247e+00  2.71579e-03  9.94983e-01  9.97990e-01
 9.75000e+01  9.96979e-01  2.60544e-03  1.49246e+00  2.61333e-03  9.94970e-01  9.97985e-01
 9.76000e+01  9.96972e-01  2.50304e-03  1.49244e+00  2.51064e-03  9.94958e-01  9.97981e-01
 9.77000e+01  9.96965e-01  2.40042e-03  1.49242e+00  2.40772e-03  9.94947e-01  9.97976e-01
 9.78000e+01  9.96958e-01  2.29758e-03  1.49240e+00  2.30459e-03  9.94936e-01  9.97972e-01
 9.79000e+01  9.96952e-01  2.19455e-03  1.49239e+00  2.20126e-03  9.94925e-01  9.97967e-01
 9.80000e+01  9.96946e-01  2.09132e-03  1.49237e+00  2.09773e-03  9.94915e-01  9.97963e-01
 9.81000e+01  9.96940e-01  1.98790e-03  1.49236e+00  1.99401e-03  9.94905e-01  9.97959e-01
 9.82000e+01  9.96934e-01  1.88431e-03  1.49234e+00  1.89011e-03  9.94896e-01  9.97956e-01
 9.83000e+01  9.96929e-01  1.78056e-03  1.49233e+00  1.78604e-03  9.94887e-01  9.97952e-01
 9.84000e+01  9.96924e-01  1.67664e-03  1.49232e+00  1.68181e-03  9.94879e-01  9.97949e-01
 9.85000e+01  9.96919e-01  1.57257e-03  1.49231e+00  1.57743e-03  9.94871e-01  9.97946e-01
 9.86000e+01  9.96915e-01  1.46837e-03  1.49230e+00  1.47291e-03  9.94864e-01  9.97943e-01
 9.87000e+01  9.96911e-01  1.36403e-03  1.49229e+00  1.36826e-03  9.94857e-01  9.97940e-01
 9.88000e+01  9.96907e-01  1.25958e-03  1.49228e+00  1.26348e-03  9.94851e-01  9.97938e-01
 9.89000e+01  9.96904e-01  1.15501e-03  1.49227e+00  1.15859e-03  9.94845e-01  9.97935e-01
 9.90000e+01  9.96900e-01  1.05033e-03  1.49226e+00  1.05360e-03  9.94840e-01  9.97933e-01
 9.91000e+01  9.96898e-01  9.45568e-04  1.49225e+00  9.48511e-04  9.94835e-01  9.97931e-01
 9.92000e+01  9.96895e-01  8.40718e-04  1.49225e+00  8.43336e-04  9.94831e-01  9.97930e-01
 9.93000e+01  9.96893e-01  7.35792e-04  1.49224e+00  7.38086e-04  9.94827e-01  9.97928e-01
 9.94000e+01  9.96891e-01  6.30801e-04  1.49224e+00  6.32769e-04  9.94824e-01  9.97927e-01
 9.95000e+01  9.96889e-01  5.25754e-04  1.49223e+00  5.27395e-04  9.94821e-01  9.97926e-01
 9.96000e+01  9.96888e-01  4.20660e-04  1.49223e+00  4.21973e-04  9.94819e-01  9.97925e-01
 9.97000e+01  9.96887e-01  3.15528e-04  1.49223e+00  3.16513e-04  9.94817e-01  9.97924e-01
 9.98000e+01  9.96886e-01  2.10367e-04  1.49222e+00  2.11025e-04  9.94816e-01  9.97923e-01
 9.99000e+01  9.96885e-01  1.05188e-04  1.49222e+00  1.05517e-04  9.94815e-01  9.97923e-01
