 0.00000e+00  2.34010e-01  9.09971e-17  1.05075e-02  3.88859e-16  2.04440e-03 -3.44499e-03  1.85941e-01
 5.00000e-01  2.34157e-01 -4.35645e-04  1.04835e-02 -1.86048e-03  2.02546e-03 -3.44033e-03  1.85952e-01
 1.00000e+00  2.34595e-01 -8.72467e-04  1.04113e-02 -3.71903e-03  1.96866e-03 -3.42637e-03  1.85983e-01
 1.50000e+00  2.35322e-01 -1.31162e-03  1.02909e-02 -5.57374e-03  1.87412e-03 -3.40316e-03  1.86036e-01
 2.00000e+00  2.36332e-01 -1.75424e-03  1.01222e-02 -7.42281e-03  1.74199e-03 -3.37079e-03  1.86108e-01
 2.50000e+00  2.37615e-01 -2.20140e-03  9.90488e-03 -9.26458e-03  1.57258e-03 -3.32936e-03  1.86200e-01
 3.00000e+00  2.39161e-01 -2.65410e-03  9.63897e-03 -1.10976e-02  1.36628e-03 -3.27905e-03  1.86310e-01
 3.50000e+00  2.40958e-01 -3.11328e-03  9.32443e-03 -1.29204e-02  1.12365e-03 -3.22001e-03  1.86437e-01
 4.00000e+00  2.42989e-01 -3.57976e-03  8.96143e-03 -1.47322e-02  8.45467e-04 -3.15247e-03  1.86579e-01
 4.50000e+00  2.45239e-01 -4.05425e-03  8.55038e-03 -1.65319e-02  5.32704e-04 -3.07667e-03  1.86736e-01
 5.00000e+00  2.47687e-01 -4.53737e-03  8.09206e-03 -1.83190e-02  1.86617e-04 -2.99287e-03  1.86905e-01
 5.50000e+00  2.50312e-01 -5.02956e-03  7.58762e-03 -2.00932e-02 -1.91244e-04 -2.90138e-03  1.87083e-01
 6.00000e+00  2.53093e-01 -5.53115e-03  7.03872e-03 -2.18543e-02 -5.99006e-04 -2.80251e-03  1.87269e-01
 6.50000e+00  2.56004e-01 -6.04231e-03  6.44757e-03 -2.36024e-02 -1.03445e-03 -2.69662e-03  1.87460e-01
 7.00000e+00  2.59021e-01 -6.56302e-03  5.81698e-03 -2.53378e-02 -1.49501e-03 -2.58406e-03  1.87652e-01
 7.50000e+00  2.62116e-01 -7.09313e-03  5.15044e-03 -2.70610e-02 -1.97774e-03 -2.46523e-03  1.87844e-01
 8.00000e+00  2.65262e-01 -7.63231e-03  4.45211e-03 -2.87727e-02 -2.47936e-03 -2.34054e-03  1.88031e-01
 8.50000e+00  2.68431e-01 -8.18006e-03  3.72687e-03 -3.04736e-02 -2.99625e-03 -2.21039e-03  1.88210e-01
 9.00000e+00  2.71594e-01 -8.73569e-03  2.98028e-03 -3.21645e-02 -3.52448e-03 -2.07525e-03  1.88378e-01
 9.50000e+00  2.74721e-01 -9.29836e-03  2.21857e-03 -3.38466e-02 -4.05985e-03 -1.93554e-03  1.88531e-01
 1.00000e+01  2.77783e-01 -9.86706e-03  1.44861e-03 -3.55208e-02 -4.59794e-03 -1.79174e-03  1.88665e-01
 1.05000e+01  2.80751e-01 -1.04406e-02  6.77807e-04 -3.71882e-02 -5.13415e-03 -1.64432e-03  1.88777e-01
 1.10000e+01  2.83596e-01 -1.10177e-02 -8.59664e-05 -3.88500e-02 -5.66375e-03 -1.49374e-03  1.88862e-01
 1.15000e+01  2.86289e-01 -1.15968e-02 -8.34466e-04 -4.05073e-02 -6.18194e-03 -1.34051e-03  1.88916e-01
 1.20000e+01  2.88804e-01 -1.21763e-02 -1.55921e-03 -4.21613e-02 -6.68392e-03 -1.18509e-03  1.88937e-01
 1.25000e+01  2.91112e-01 -1.27546e-02 -2.25159e-03 -4.38131e-02 -7.16493e-03 -1.02799e-03  1.88919e-01
 1.30000e+01  2.93190e-01 -1.33296e-02 -2.90306e-03 -4.54639e-02 -7.62031e-03 -8.69681e-04  1.88859e-01
 1.35000e+01  2.95012e-01 -1.38994e-02 -3.50522e-03 -4.71147e-02 -8.04554e-03 -7.10665e-04  1.88753e-01
 1.40000e+01  2.96556e-01 -1.44620e-02 -4.05005e-03 -4.87666e-02 -8.43629e-03 -5.51423e-04  1.88599e-01
 1.45000e+01  2.97800e-01 -1.50152e-02 -4.52998e-03 -5.04205e-02 -8.78846e-03 -3.92436e-04  1.88392e-01
 1.50000e+01  2.98726e-01 -1.55569e-02 -4.93811e-03 -5.20775e-02 -9.09823e-03 -2.34182e-04  1.88130e-01
 1.55000e+01  2.99315e-01 -1.60847e-02 -5.26831e-03 -5.37383e-02 -9.36207e-03 -7.71269e-05  1.87809e-01
 1.60000e+01  2.99554e-01 -1.65964e-02 -5.51538e-03 -5.54038e-02 -9.57682e-03  7.82669e-05  1.87428e-01
 1.65000e+01  2.99427e-01 -1.70897e-02 -5.67517e-03 -5.70746e-02 -9.73966e-03  2.31549e-04  1.86983e-01
 1.70000e+01  2.98926e-01 -1.75623e-02 -5.74467e-03 -5.87514e-02 -9.84819e-03  3.82281e-04  1.86472e-01
 1.75000e+01  2.98040e-01 -1.80120e-02 -5.72211e-03 -6.04347e-02 -9.90049e-03  5.30035e-04  1.85894e-01
 1.80000e+01  2.96765e-01 -1.84365e-02 -5.60704e-03 -6.21247e-02 -9.89508e-03  6.74398e-04  1.85248e-01
 1.85000e+01  2.95097e-01 -1.88336e-02 -5.40032e-03 -6.38218e-02 -9.83106e-03  8.14974e-04  1.84531e-01
 1.90000e+01  2.93034e-01 -1.92013e-02 -5.10421e-03 -6.55260e-02 -9.70807e-03  9.51383e-04  1.83744e-01
 1.95000e+01  2.90579e-01 -1.95377e-02 -4.72229e-03 -6.72371e-02 -9.52638e-03  1.08326e-03  1.82885e-01
 2.00000e+01  2.87736e-01 -1.98408e-02 -4.25946e-03 -6.89548e-02 -9.28692e-03  1.21028e-03  1.81955e-01
 2.05000e+01  2.84512e-01 -2.01089e-02 -3.72189e-03 -7.06786e-02 -8.99132e-03  1.33210e-03  1.80954e-01
 2.10000e+01  2.80918e-01 -2.03406e-02 -3.11685e-03 -7.24076e-02 -8.64191e-03  1.44844e-03  1.79882e-01
 2.15000e+01  2.76966e-01 -2.05344e-02 -2.45267e-03 -7.41406e-02 -8.24175e-03  1.55904e-03  1.78740e-01
 2.20000e+01  2.72671e-01 -2.06892e-02 -1.73855e-03 -7.58762e-02 -7.79462e-03  1.66364e-03  1.77530e-01
 2.25000e+01  2.68050e-01 -2.08041e-02 -9.84367e-04 -7.76125e-02 -7.30500e-03  1.76204e-03  1.76252e-01
 2.30000e+01  2.63125e-01 -2.08782e-02 -2.00540e-04 -7.93472e-02 -6.77802e-03  1.85406e-03  1.74909e-01
 2.35000e+01  2.57917e-01 -2.09112e-02  6.02225e-04 -8.10774e-02 -6.21939e-03  1.93955e-03  1.73501e-01
 2.40000e+01  2.52451e-01 -2.09029e-02  1.41313e-03 -8.27998e-02 -5.63531e-03  2.01839e-03  1.72032e-01
 2.45000e+01  2.46753e-01 -2.08532e-02  2.22151e-03 -8.45104e-02 -5.03236e-03  2.09051e-03  1.70504e-01
 2.50000e+01  2.40852e-01 -2.07625e-02  3.01703e-03 -8.62045e-02 -4.41740e-03  2.15586e-03  1.68919e-01
 2.55000e+01  2.34777e-01 -2.06314e-02  3.78994e-03 -8.78766e-02 -3.79735e-03  2.21444e-03  1.67280e-01
 2.60000e+01  2.28559e-01 -2.04608e-02  4.53121e-03 -8.95206e-02 -3.17915e-03  2.26627e-03  1.65590e-01
 2.65000e+01  2.22230e-01 -2.02516e-02  5.23272e-03 -9.11292e-02 -2.56951e-03  2.31143e-03  1.63851e-01
 2.70000e+01  2.15821e-01 -2.00054e-02  5.88744e-03 -9.26943e-02 -1.97482e-03  2.35003e-03  1.62067e-01
 2.75000e+01  2.09365e-01 -1.97236e-02  6.48947e-03 -9.42069e-02 -1.40099e-03  2.38219e-03  1.60241e-01
 2.80000e+01  2.02894e-01 -1.94082e-02  7.03417e-03 -9.56568e-02 -8.53345e-04  2.40810e-03  1.58375e-01
 2.85000e+01  1.96439e-01 -1.90610e-02  7.51819e-03 -9.70328e-02 -3.36481e-04  2.42796e-03  1.56474e-01
 2.90000e+01  1.90031e-01 -1.86843e-02  7.93944e-03 -9.83226e-02  1.45766e-04  2.44202e-03  1.54540e-01
 2.95000e+01  1.83699e-01 -1.82805e-02  8.29711e-03 -9.95130e-02  5.90395e-04  2.45055e-03  1.52577e-01
 3.00000e+01  1.77473e-01 -1.78519e-02  8.59155e-03 -1.00590e-01  9.95259e-04  2.45382e-03  1.50589e-01
 3.05000e+01  1.71376e-01 -1.74011e-02  8.82421e-03 -1.01537e-01  1.35906e-03  2.45217e-03  1.48578e-01
 3.10000e+01  1.65435e-01 -1.69308e-02  8.99751e-03 -1.02341e-01  1.68132e-03  2.44592e-03  1.46548e-01
 3.15000e+01  1.59671e-01 -1.64435e-02  9.11470e-03 -1.02984e-01  1.96231e-03  2.43542e-03  1.44503e-01
 3.20000e+01  1.54102e-01 -1.59418e-02  9.17972e-03 -1.03449e-01  2.20302e-03  2.42104e-03  1.42447e-01
 3.25000e+01  1.48746e-01 -1.54283e-02  9.19702e-03 -1.03722e-01  2.40500e-03  2.40314e-03  1.40384e-01
 3.30000e+01  1.43618e-01 -1.49056e-02  9.17144e-03 -1.03787e-01  2.57036e-03  2.38210e-03  1.38319e-01
 3.35000e+01  1.38728e-01 -1.43761e-02  9.10804e-03 -1.03628e-01  2.70155e-03  2.35828e-03  1.36255e-01
 3.40000e+01  1.34084e-01 -1.38420e-02  9.01194e-03 -1.03234e-01  2.80135e-03  2.33206e-03  1.34197e-01
 3.45000e+01  1.29694e-01 -1.33056e-02  8.88824e-03 -1.02592e-01  2.87274e-03  2.30379e-03  1.32151e-01
 3.50000e+01  1.25561e-01 -1.27689e-02  8.74189e-03 -1.01695e-01  2.91877e-03  2.27382e-03  1.30122e-01
 3.55000e+01  1.21684e-01 -1.22336e-02  8.57758e-03 -1.00536e-01  2.94254e-03  2.24250e-03  1.28116e-01
 3.60000e+01  1.18064e-01 -1.17016e-02  8.39970e-03 -9.91124e-02  2.94708e-03  2.21015e-03  1.26140e-01
 3.65000e+01  1.14696e-01 -1.11742e-02  8.21228e-03 -9.74246e-02  2.93531e-03  2.17707e-03  1.24198e-01
 3.70000e+01  1.11575e-01 -1.06528e-02  8.01896e-03 -9.54763e-02  2.90997e-03  2.14354e-03  1.22297e-01
 3.75000e+01  1.08695e-01 -1.01385e-02  7.82293e-03 -9.32744e-02  2.87363e-03  2.10983e-03  1.20444e-01
 3.80000e+01  1.06046e-01 -9.63209e-03  7.62700e-03 -9.08292e-02  2.82861e-03  2.07619e-03  1.18645e-01
 3.85000e+01  1.03620e-01 -9.13445e-03  7.43355e-03 -8.81537e-02  2.77701e-03  2.04285e-03  1.16906e-01
 3.90000e+01  1.01405e-01 -8.64609e-03  7.24455e-03 -8.52632e-02  2.72069e-03  2.00999e-03  1.15231e-01
 3.95000e+01  9.93903e-02 -8.16743e-03  7.06164e-03 -8.21753e-02  2.66128e-03  1.97781e-03  1.13627e-01
 4.00000e+01  9.75649e-02 -7.69872e-03  6.88609e-03 -7.89087e-02  2.60016e-03  1.94647e-03  1.12096e-01
 4.05000e+01  9.59164e-02 -7.24008e-03  6.71888e-03 -7.54832e-02  2.53851e-03  1.91611e-03  1.10644e-01
 4.10000e+01  9.44331e-02 -6.79150e-03  6.56072e-03 -7.19187e-02  2.47734e-03  1.88685e-03  1.09272e-01
 4.15000e+01  9.31031e-02 -6.35288e-03  6.41208e-03 -6.82349e-02  2.41743e-03  1.85881e-03  1.07983e-01
 4.20000e+01  9.19148e-02 -5.92401e-03  6.27325e-03 -6.44510e-02  2.35945e-03  1.83207e-03  1.06777e-01
 4.25000e+01  9.08570e-02 -5.50458e-03  6.14435e-03 -6.05850e-02  2.30392e-03  1.80671e-03  1.05656e-01
 4.30000e+01  8.99190e-02 -5.09423e-03  6.02537e-03 -5.66535e-02  2.25123e-03  1.78280e-03  1.04619e-01
 4.35000e+01  8.90906e-02 -4.69253e-03  5.91620e-03 -5.26714e-02  2.20170e-03  1.76040e-03  1.03665e-01
 4.40000e+01  8.83621e-02 -4.29900e-03  5.81665e-03 -4.86521e-02  2.15553e-03  1.73955e-03  1.02793e-01
 4.45000e+01  8.77248e-02 -3.91313e-03  5.72648e-03 -4.46069e-02  2.11290e-03  1.72028e-03  1.02002e-01
 4.50000e+01  8.71702e-02 -3.53434e-03  5.64543e-03 -4.05453e-02  2.07390e-03  1.70263e-03  1.01289e-01
 4.55000e+01  8.66910e-02 -3.16206e-03  5.57320e-03 -3.64751e-02  2.03860e-03  1.68661e-03  1.00653e-01
 4.60000e+01  8.62803e-02 -2.79569e-03  5.50950e-03 -3.24024e-02  2.00703e-03  1.67225e-03  1.00091e-01
 4.65000e+01  8.59321e-02 -2.43459e-03  5.45405e-03 -2.83315e-02  1.97922e-03  1.65956e-03  9.96009e-02
 4.70000e+01  8.56410e-02 -2.07812e-03  5.40658e-03 -2.42655e-02  1.95516e-03  1.64855e-03  9.91811e-02
 4.75000e+01  8.54024e-02 -1.72565e-03  5.36685e-03 -2.02061e-02  1.93483e-03  1.63922e-03  9.88295e-02
 4.80000e+01  8.52125e-02 -1.37651e-03  5.33464e-03 -1.61538e-02  1.91824e-03  1.63158e-03  9.85443e-02
 4.85000e+01  8.50680e-02 -1.03004e-03  5.30978e-03 -1.21084e-02  1.90535e-03  1.62564e-03  9.83241e-02
 4.90000e+01  8.49666e-02 -6.85575e-04  5.29213e-03 -8.06876e-03  1.89616e-03  1.62139e-03  9.81676e-02
 4.95000e+01  8.49064e-02 -3.42453e-04  5.28158e-03 -4.03329e-03  1.89065e-03  1.61884e-03  9.80741e-02
 5.00000e+01  8.48865e-02  1.56488e-16  5.27807e-03  1.84350e-15  1.88881e-03  1.61800e-03  9.80430e-02
 5.05000e+01  8.49064e-02  3.42453e-04  5.28158e-03  4.03329e-03  1.89065e-03  1.61884e-03  9.80741e-02
 5.10000e+01  8.49666e-02  6.85575e-04  5.29213e-03  8.06876e-03  1.89616e-03  1.62139e-03  9.81676e-02
 5.15000e+01  8.50680e-02  1.03004e-03  5.30978e-03  1.21084e-02  1.90535e-03  1.62564e-03  9.83241e-02
 5.20000e+01  8.52125e-02  1.37651e-03  5.33464e-03  1.61538e-02  1.91824e-03  1.63158e-03  9.85443e-02
 5.25000e+01  8.54024e-02  1.72565e-03  5.36685e-03  2.02061e-02  1.93483e-03  1.63922e-03  9.88295e-02
 5.30000e+01  8.56410e-02  2.07812e-03  5.40658e-03  2.42655e-02  1.95516e-03  1.64855e-03  9.91811e-02
 5.35000e+01  8.59321e-02  2.43459e-03  5.45405e-03  2.83315e-02  1.97922e-03  1.65956e-03  9.96009e-02
 5.40000e+01  8.62803e-02  2.79569e-03  5.50950e-03  3.24024e-02  2.00703e-03  1.67225e-03  1.00091e-01
 5.45000e+01  8.66910e-02  3.16206e-03  5.57320e-03  3.64751e-02  2.03860e-03  1.68661e-03  1.00653e-01
 5.50000e+01  8.71702e-02  3.53434e-03  5.64543e-03  4.05453e-02  2.07390e-03  1.70263e-03  1.01289e-01
 5.55000e+01  8.77248e-02  3.91313e-03  5.72648e-03  4.46069e-02  2.11290e-03  1.72028e-03  1.02002e-01
 5.60000e+01  8.83621e-02  4.29900e-03  5.81665e-03  4.86521e-02  2.15553e-03  1.73955e-03  1.02793e-01
 5.65000e+01  8.90906e-02  4.69253e-03  5.91620e-03  5.26714e-02  2.20170e-03  1.76040e-03  1.03665e-01
 5.70000e+01  8.99190e-02  5.09423e-03  6.02537e-03  5.66535e-02  2.25123e-03  1.78280e-03  1.04619e-01
 5.75000e+01  9.08570e-02  5.50458e-03  6.14435e-03  6.05850e-02  2.30392e-03  1.80671e-03  1.05656e-01
 5.80000e+01  9.19148e-02  5.92401e-03  6.27325e-03  6.44510e-02  2.35945e-03  1.83207e-03  1.06777e-01
 5.85000e+01  9.31031e-02  6.35288e-03  6.41208e-03  6.82349e-02  2.41743e-03  1.85881e-03  1.07983e-01
 5.90000e+01  9.44331e-02  6.79150e-03  6.56072e-03  7.19187e-02  2.47734e-03  1.88685e-03  1.09272e-01
 5.95000e+01  9.59164e-02  7.24008e-03  6.71888e-03  7.54832e-02  2.53851e-03  1.91611e-03  1.10644e-01
 6.00000e+01  9.75649e-02  7.69872e-03  6.88609e-03  7.89087e-02  2.60016e-03  1.94647e-03  1.12096e-01
 6.05000e+01  9.93903e-02  8.16743e-03  7.06164e-03  8.21753e-02  2.66128e-03  1.97781e-03  1.13627e-01
 6.10000e+01  1.01405e-01  8.64609e-03  7.24455e-03  8.52632e-02  2.72069e-03  2.00999e-03  1.15231e-01
 6.15000e+01  1.03620e-01  9.13445e-03  7.43355e-03  8.81537e-02  2.77701e-03  2.04285e-03  1.16906e-01
 6.20000e+01  1.06046e-01  9.63209e-03  7.62700e-03  9.08292e-02  2.82861e-03  2.07619e-03  1.18645e-01
 6.25000e+01  1.08695e-01  1.01385e-02  7.82293e-03  9.32744e-02  2.87363e-03  2.10983e-03  1.20444e-01
 6.30000e+01  1.11575e-01  1.06528e-02  8.01896e-03  9.54763e-02  2.90997e-03  2.14354e-03  1.22297e-01
 6.35000e+01  1.14696e-01  1.11742e-02  8.21228e-03  9.74246e-02  2.93531e-03  2.17707e-03  1.24198e-01
 6.40000e+01  1.18064e-01  1.17016e-02  8.39970e-03  9.91124e-02  2.94708e-03  2.21015e-03  1.26140e-01
 6.45000e+01  1.21684e-01  1.22336e-02  8.57758e-03  1.00536e-01  2.94254e-03  2.24250e-03  1.28116e-01
 6.50000e+01  1.25561e-01  1.27689e-02  8.74189e-03  1.01695e-01  2.91877e-03  2.27382e-03  1.30122e-01
 6.55000e+01  1.29694e-01  1.33056e-02  8.88824e-03  1.02592e-01  2.87274e-03  2.30379e-03  1.32151e-01
 6.60000e+01  1.34084e-01  1.38420e-02  9.01194e-03  1.03234e-01  2.80135e-03  2.33206e-03  1.34197e-01
 6.65000e+01  1.38728e-01  1.43761e-02  9.10804e-03  1.03628e-01  2.70155e-03  2.35828e-03  1.36255e-01
 6.70000e+01  1.43618e-01  1.49056e-02  9.17144e-03  1.03787e-01  2.57036e-03  2.38210e-03  1.38319e-01
 6.75000e+01  1.48746e-01  1.54283e-02  9.19702e-03  1.03722e-01  2.40500e-03  2.40314e-03  1.40384e-01
 6.80000e+01  1.54102e-01  1.59418e-02  9.17972e-03  1.03449e-01  2.20302e-03  2.42104e-03  1.42447e-01
 6.85000e+01  1.59671e-01  1.64435e-02  9.11470e-03  1.02984e-01  1.96231e-03  2.43542e-03  1.44503e-01
 6.90000e+01  1.65435e-01  1.69308e-02  8.99751e-03  1.02341e-01  1.68132e-03  2.44592e-03  1.46548e-01
 6.95000e+01  1.71376e-01  1.74011e-02  8.82421e-03  1.01537e-01  1.35906e-03  2.45217e-03  1.48578e-01
 7.00000e+01  1.77473e-01  1.78519e-02  8.59155e-03  1.00590e-01  9.95259e-04  2.45382e-03  1.50589e-01
 7.05000e+01  1.83699e-01  1.82805e-02  8.29711e-03  9.95130e-02  5.90395e-04  2.45055e-03  1.52577e-01
 7.10000e+01  1.90031e-01  1.86843e-02  7.93944e-03  9.83226e-02  1.45766e-04  2.44202e-03  1.54540e-01
 7.15000e+01  1.96439e-01  1.90610e-02  7.51819e-03  9.70328e-02 -3.36481e-04  2.42796e-03  1.56474e-01
 7.20000e+01  2.02894e-01  1.94082e-02  7.03417e-03  9.56568e-02 -8.53345e-04  2.40810e-03  1.58375e-01
 7.25000e+01  2.09365e-01  1.97236e-02  6.48947e-03  9.42069e-02 -1.40099e-03  2.38219e-03  1.60241e-01
 7.30000e+01  2.15821e-01  2.00054e-02  5.88744e-03  9.26943e-02 -1.97482e-03  2.35003e-03  1.62067e-01
 7.35000e+01  2.22230e-01  2.02516e-02  5.23272e-03  9.11292e-02 -2.56951e-03  2.31143e-03  1.63851e-01
 7.40000e+01  2.28559e-01  2.04608e-02  4.53121e-03  8.95206e-02 -3.17915e-03  2.26627e-03  1.65590e-01
 7.45000e+01  2.34777e-01  2.06314e-02  3.78994e-03  8.78766e-02 -3.79735e-03  2.21444e-03  1.67280e-01
 7.50000e+01  2.40852e-01  2.07625e-02  3.01703e-03  8.62045e-02 -4.41740e-03  2.15586e-03  1.68919e-01
 7.55000e+01  2.46753e-01  2.08532e-02  2.22151e-03  8.45104e-02 -5.03236e-03  2.09051e-03  1.70504e-01
 7.60000e+01  2.52451e-01  2.09029e-02  1.41313e-03  8.27998e-02 -5.63531e-03  2.01839e-03  1.72032e-01
 7.65000e+01  2.57917e-01  2.09112e-02  6.02225e-04  8.10774e-02 -6.21939e-03  1.93955e-03  1.73501e-01
 7.70000e+01  2.63125e-01  2.08782e-02 -2.00540e-04  7.93472e-02 -6.77802e-03  1.85406e-03  1.74909e-01
 7.75000e+01  2.68050e-01  2.08041e-02 -9.84367e-04  7.76125e-02 -7.30500e-03  1.76204e-03  1.76252e-01
 7.80000e+01  2.72671e-01  2.06892e-02 -1.73855e-03  7.58762e-02 -7.79462e-03  1.66364e-03  1.77530e-01
 7.85000e+01  2.76966e-01  2.05344e-02 -2.45267e-03  7.41406e-02 -8.24175e-03  1.55904e-03  1.78740e-01
 7.90000e+01  2.80918e-01  2.03406e-02 -3.11685e-03  7.24076e-02 -8.64191e-03  1.44844e-03  1.79882e-01
 7.95000e+01  2.84512e-01  2.01089e-02 -3.72189e-03  7.06786e-02 -8.99132e-03  1.33210e-03  1.80954e-01
 8.00000e+01  2.87736e-01  1.98408e-02 -4.25946e-03  6.89548e-02 -9.28692e-03  1.21028e-03  1.81955e-01
 8.05000e+01  2.90579e-01  1.95377e-02 -4.72229e-03  6.72371e-02 -9.52638e-03  1.08326e-03  1.82885e-01
 8.10000e+01  2.93034e-01  1.92013e-02 -5.10421e-03  6.55260e-02 -9.70807e-03  9.51383e-04  1.83744e-01
 8.15000e+01  2.95097e-01  1.88336e-02 -5.40032e-03  6.38218e-02 -9.83106e-03  8.14974e-04  1.84531e-01
 8.20000e+01  2.96765e-01  1.84365e-02 -5.60704e-03  6.21247e-02 -9.89508e-03  6.74398e-04  1.85248e-01
 8.25000e+01  2.98040e-01  1.80120e-02 -5.72211e-03  6.04347e-02 -9.90049e-03  5.30035e-04  1.85894e-01
 8.30000e+01  2.98926e-01  1.75623e-02 -5.74467e-03  5.87514e-02 -9.84819e-03  3.82281e-04  1.86472e-01
 8.35000e+01  2.99427e-01  1.70897e-02 -5.67517e-03  5.70746e-02 -9.73966e-03  2.31549e-04  1.86983e-01
 8.40000e+01  2.99554e-01  1.65964e-02 -5.51538e-03  5.54038e-02 -9.57682e-03  7.82669e-05  1.87428e-01
 8.45000e+01  2.99315e-01  1.60847e-02 -5.26831e-03  5.37383e-02 -9.36207e-03 -7.71269e-05  1.87809e-01
 8.50000e+01  2.98726e-01  1.55569e-02 -4.93811e-03  5.20775e-02 -9.09823e-03 -2.34182e-04  1.88130e-01
 8.55000e+01  2.97800e-01  1.50152e-02 -4.52998e-03  5.04205e-02 -8.78846e-03 -3.92436e-04  1.88392e-01
 8.60000e+01  2.96556e-01  1.44620e-02 -4.05005e-03  4.87666e-02 -8.43629e-03 -5.51423e-04  1.88599e-01
 8.65000e+01  2.95012e-01  1.38994e-02 -3.50522e-03  4.71147e-02 -8.04554e-03 -7.10665e-04  1.88753e-01
 8.70000e+01  2.93190e-01  1.33296e-02 -2.90306e-03  4.54639e-02 -7.62031e-03 -8.69681e-04  1.88859e-01
 8.75000e+01  2.91112e-01  1.27546e-02 -2.25159e-03  4.38131e-02 -7.16493e-03 -1.02799e-03  1.88919e-01
 8.80000e+01  2.88804e-01  1.21763e-02 -1.55921e-03  4.21613e-02 -6.68392e-03 -1.18509e-03  1.88937e-01
 8.85000e+01  2.86289e-01  1.15968e-02 -8.34466e-04  4.05073e-02 -6.18194e-03 -1.34051e-03  1.88916e-01
 8.90000e+01  2.83596e-01  1.10177e-02 -8.59664e-05  3.88500e-02 -5.66375e-03 -1.49374e-03  1.88862e-01
 8.95000e+01  2.80751e-01  1.04406e-02  6.77807e-04  3.71882e-02 -5.13415e-03 -1.64432e-03  1.88777e-01
 9.00000e+01  2.77783e-01  9.86706e-03  1.44861e-03  3.55208e-02 -4.59794e-03 -1.79174e-03  1.88665e-01
 9.05000e+01  2.74721e-01  9.29836e-03  2.21857e-03  3.38466e-02 -4.05985e-03 -1.93554e-03  1.88531e-01
 9.10000e+01  2.71594e-01  8.73569e-03  2.98028e-03  3.21645e-02 -3.52448e-03 -2.07525e-03  1.88378e-01
 9.15000e+01  2.68431e-01  8.18006e-03  3.72687e-03  3.04736e-02 -2.99625e-03 -2.21039e-03  1.88210e-01
 9.20000e+01  2.65262e-01  7.63231e-03  4.45211e-03  2.87727e-02 -2.47936e-03 -2.34054e-03  1.88031e-01
 9.25000e+01  2.62116e-01  7.09313e-03  5.15044e-03  2.70610e-02 -1.97774e-03 -2.46523e-03  1.87844e-01
 9.30000e+01  2.59021e-01  6.56302e-03  5.81698e-03  2.53378e-02 -1.49501e-03 -2.58406e-03  1.87652e-01
 9.35000e+01  2.56004e-01  6.04231e-03  6.44757e-03  2.36024e-02 -1.03445e-03 -2.69662e-03  1.87460e-01
 9.40000e+01  2.53093e-01  5.53115e-03  7.03872e-03  2.18543e-02 -5.99006e-04 -2.80251e-03  1.87269e-01
 9.45000e+01  2.50312e-01  5.02956e-03  7.58762e-03  2.00932e-02 -1.91244e-04 -2.90138e-03  1.87083e-01
 9.50000e+01  2.47687e-01  4.53737e-03  8.09206e-03  1.83190e-02  1.86617e-04 -2.99287e-03  1.86905e-01
 9.55000e+01  2.45239e-01  4.05425e-03  8.55038e-03  1.65319e-02  5.32704e-04 -3.07667e-03  1.86736e-01
 9.60000e+01  2.42989e-01  3.57976e-03  8.96143e-03  1.47322e-02  8.45467e-04 -3.15247e-03  1.86579e-01
 9.65000e+01  2.40958e-01  3.11328e-03  9.32443e-03  1.29204e-02  1.12365e-03 -3.22001e-03  1.86437e-01
 9.70000e+01  2.39161e-01  2.65410e-03  9.63897e-03  1.10976e-02  1.36628e-03 -3.27905e-03  1.86310e-01
 9.75000e+01  2.37615e-01  2.20140e-03  9.90488e-03  9.26458e-03  1.57258e-03 -3.32936e-03  1.86200e-01
 9.80000e+01  2.36332e-01  1.75424e-03  1.01222e-02  7.42281e-03  1.74199e-03 -3.37079e-03  1.86108e-01
 9.85000e+01  2.35322e-01  1.31162e-03  1.02909e-02  5.57374e-03  1.87412e-03 -3.40316e-03  1.86036e-01
 9.90000e+01  2.34595e-01  8.72467e-04  1.04113e-02  3.71903e-03  1.96866e-03 -3.42637e-03  1.85983e-01
 9.95000e+01  2.34157e-01  4.35645e-04  1.04835e-02  1.86048e-03  2.02546e-03 -3.44033e-03  1.85952e-01
