 0.00000e+00  9.90033e-01  2.94209e-16  1.47517e+00  2.97171e-16  9.83444e-01  9.93344e-01
 1.00000e-01  9.90033e-01 -6.60288e-06  1.47517e+00 -6.66935e-06  9.83444e-01  9.93344e-01
 2.00000e-01  9.90034e-01 -1.32057e-05  1.47517e+00 -1.33386e-05  9.83445e-01  9.93345e-01
 3.00000e-01  9.90035e-01 -1.98084e-05  1.47517e+00 -2.00078e-05  9.83447e-01  9.93345e-01
 4.00000e-01  9.90036e-01 -2.64110e-05  1.47517e+00 -2.66768e-05  9.83449e-01  9.93346e-01
 5.00000e-01  9.90038e-01 -3.30134e-05  1.47518e+00 -3.33455e-05  9.83452e-01  9.93348e-01
 6.00000e-01  9.90040e-01 -3.96155e-05  1.47518e+00 -4.00140e-05  9.83455e-01  9.93349e-01
 7.00000e-01  9.90043e-01 -4.62172e-05  1.47519e+00 -4.66821e-05  9.83460e-01  9.93351e-01
 8.00000e-01  9.90046e-01 -5.28187e-05  1.47520e+00 -5.33497e-05  9.83465e-01  9.93353e-01
 9.00000e-01  9.90049e-01 -5.94197e-05  1.47521e+00 -6.00169e-05  9.83470e-01  9.93355e-01
 1.00000e+00  9.90053e-01 -6.60202e-05  1.47521e+00 -6.66835e-05  9.83476e-01  9.93358e-01
 1.10000e+00  9.90057e-01 -7.26202e-05  1.47522e+00 -7.33495e-05  9.83483e-01  9.93360e-01
 1.20000e+00  9.90061e-01 -7.92196e-05  1.47524e+00 -8.00148e-05  9.83491e-01  9.93363e-01
 1.30000e+00  9.90066e-01 -8.58184e-05  1.47525e+00 -8.66794e-05  9.83499e-01  9.93367e-01
 1.40000e+00  9.90072e-01 -9.24165e-05  1.47526e+00 -9.33432e-05  9.83508e-01  9.93370e-01
 1.50000e+00  9.90077e-01 -9.90139e-05  1.47528e+00 -1.00006e-04  9.83517e-01  9.93374e-01
 1.60000e+00  9.90084e-01 -1.05610e-04  1.47529e+00 -1.06668e-04  9.83527e-01  9.93378e-01
 1.70000e+00  9.90090e-01 -1.12206e-04  1.47531e+00 -1.13329e-04  9.83538e-01  9.93383e-01
 1.80000e+00  9.90097e-01 -1.18801e-04  1.47532e+00 -1.19989e-04  9.83550e-01  9.93387e-01
 1.90000e+00  9.90104e-01 -1.25395e-04  1.47534e+00 -1.26648e-04  9.83562e-01  9.93392e-01
 2.00000e+00  9.90112e-01 -1.31988e-04  1.47536e+00 -1.33306e-04  9.83574e-01  9.93397e-01
 2.10000e+00  9.90120e-01 -1.38579e-04  1.47538e+00 -1.39962e-04  9.83588e-01  9.93403e-01
 2.20000e+00  9.90129e-01 -1.45170e-04  1.47540e+00 -1.46617e-04  9.83602e-01  9.93408e-01
 2.30000e+00  9.90137e-01 -1.51759e-04  1.47542e+00 -1.53271e-04  9.83617e-01  9.93414e-01
 2.40000e+00  9.90147e-01 -1.58347e-04  1.47545e+00 -1.59923e-04  9.83632e-01  9.93420e-01
 2.50000e+00  9.90156e-01 -1.64934e-04  1.47547e+00 -1.66574e-04  9.83648e-01  9.93427e-01
 2.60000e+00  9.90166e-01 -1.71520e-04  1.47550e+00 -1.73223e-04  9.83665e-01  9.93434e-01
 2.70000e+00  9.90177e-01 -1.78104e-04  1.47552e+00 -1.79870e-04  9.83682e-01  9.93441e-01
 2.80000e+00  9.90188e-01 -1.84686e-04  1.47555e+00 -1.86516e-04  9.83700e-01  9.93448e-01
 2.90000e+00  9.90199e-01 -1.91267e-04  1.47558e+00 -1.93160e-04  9.83718e-01  9.93455e-01
 3.00000e+00  9.90210e-01 -1.97846e-04  1.47561e+00 -1.99802e-04  9.83737e-01  9.93463e-01
 3.10000e+00  9.90222e-01 -2.04424e-04  1.47564e+00 -2.06442e-04  9.83757e-01  9.93471e-01
 3.20000e+00  9.90235e-01 -2.10999e-04  1.47567e+00 -2.13080e-04  9.83778e-01  9.93479e-01
 3.30000e+00  9.90248e-01 -2.17573e-04  1.47570e+00 -2.19716e-04  9.83799e-01  9.93488e-01
 3.40000e+00  9.90261e-01 -2.24145e-04  1.47573e+00 -2.26350e-04  9.83821e-01  9.93497e-01
 3.50000e+00  9.90274e-01 -2.30716e-04  1.47576e+00 -2.32981e-04  9.83843e-01  9.93506e-01
 3.60000e+00  9.90288e-01 -2.37284e-04  1.47580e+00 -2.39611e-04  9.83866e-01  9.93515e-01
 3.70000e+00  9.90302e-01 -2.43849e-04  1.47583e+00 -2.46237e-04  9.83890e-01  9.93525e-01
 3.80000e+00  9.90317e-01 -2.50413e-04  1.47587e+00 -2.52862e-04  9.83914e-01  9.93534e-01
 3.90000e+00  9.90332e-01 -2.56975e-04  1.47591e+00 -2.59483e-04  9.83939e-01  9.93545e-01
 4.00000e+00  9.90348e-01 -2.63534e-04  1.47595e+00 -2.66102e-04  9.83965e-01  9.93555e-01
 4.10000e+00  9.90364e-01 -2.70090e-04  1.47599e+00 -2.72718e-04  9.83991e-01  9.93566e-01
 4.20000e+00  9.90380e-01 -2.76645e-04  1.47603e+00 -2.79332e-04  9.84018e-01  9.93576e-01
 4.30000e+00  9.90396e-01 -2.83196e-04  1.47607e+00 -2.85942e-04  9.84045e-01  9.93587e-01
 4.40000e+00  9.90413e-01 -2.89745e-04  1.47611e+00 -2.92550e-04  9.84074e-01  9.93599e-01
 4.50000e+00  9.90431e-01 -2.96291e-04  1.47615e+00 -2.99154e-04  9.84102e-01  9.93610e-01
 4.60000e+00  9.90448e-01 -3.02835e-04  1.47620e+00 -3.05755e-04  9.84132e-01  9.93622e-01
 4.70000e+00  9.90467e-01 -3.09375e-04  1.47624e+00 -3.12353e-04  9.84162e-01  9.93634e-01
 4.80000e+00  9.90485e-01 -3.15913e-04  1.47629e+00 -3.18948e-04  9.84192e-01  9.93647e-01
 4.90000e+00  9.90504e-01 -3.22448e-04  1.47634e+00 -3.25539e-04  9.84224e-01  9.93659e-01
 5.00000e+00  9.90523e-01 -3.28979e-04  1.47638e+00 -3.32126e-04  9.84256e-01  9.93672e-01
 5.10000e+00  9.90543e-01 -3.35507e-04  1.47643e+00 -3.38710e-04  9.84288e-01  9.93686e-01
 5.20000e+00  9.90563e-01 -3.42032e-04  1.47648e+00 -3.45290e-04  9.84321e-01  9.93699e-01
 5.30000e+00  9.90583e-01 -3.48553e-04  1.47653e+00 -3.51866e-04  9.84355e-01  9.93713e-01
 5.40000e+00  9.90604e-01 -3.55071e-04  1.47658e+00 -3.58439e-04  9.84389e-01  9.93726e-01
 5.50000e+00  9.90625e-01 -3.61585e-04  1.47664e+00 -3.65007e-04  9.84424e-01  9.93741e-01
 5.60000e+00  9.90647e-01 -3.68096e-04  1.47669e+00 -3.71571e-04  9.84460e-01  9.93755e-01
 5.70000e+00  9.90669e-01 -3.74602e-04  1.47674e+00 -3.78131e-04  9.84496e-01  9.93770e-01
 5.80000e+00  9.90691e-01 -3.81105e-04  1.47680e+00 -3.84686e-04  9.84533e-01  9.93784e-01
 5.90000e+00  9.90713e-01 -3.87604e-04  1.47686e+00 -3.91237e-04  9.84571e-01  9.93800e-01
 6.00000e+00  9.90736e-01 -3.94098e-04  1.47691e+00 -3.97783e-04  9.84609e-01  9.93815e-01
 6.10000e+00  9.90760e-01 -4.00589e-04  1.47697e+00 -4.04325e-04  9.84647e-01  9.93831e-01
 6.20000e+00  9.90783e-01 -4.07075e-04  1.47703e+00 -4.10861e-04  9.84687e-01  9.93846e-01
 6.30000e+00  9.90807e-01 -4.13556e-04  1.47709e+00 -4.17393e-04  9.84726e-01  9.93863e-01
 6.40000e+00  9.90832e-01 -4.20033e-04  1.47715e+00 -4.23920e-04  9.84767e-01  9.93879e-01
 6.50000e+00  9.90857e-01 -4.26506e-04  1.47721e+00 -4.30441e-04  9.84808e-01  9.93896e-01
 6.60000e+00  9.90882e-01 -4.32973e-04  1.47727e+00 -4.36958e-04  9.84850e-01  9.93912e-01
 6.70000e+00  9.90907e-01 -4.39436e-04  1.47734e+00 -4.43469e-04  9.84892e-01  9.93929e-01
 6.80000e+00  9.90933e-01 -4.45894e-04  1.47740e+00 -4.49974e-04  9.84935e-01  9.93947e-01
 6.90000e+00  9.90960e-01 -4.52347e-04  1.47747e+00 -4.56473e-04  9.84978e-01  9.93964e-01
 7.00000e+00  9.90986e-01 -4.58794e-04  1.47753e+00 -4.62967e-04  9.85023e-01  9.93982e-01
 7.10000e+00  9.91013e-01 -4.65236e-04  1.47760e+00 -4.69455e-04  9.85067e-01  9.94000e-01
 7.20000e+00  9.91040e-01 -4.71673e-04  1.47767e+00 -4.75937e-04  9.85112e-01  9.94018e-01
 7.30000e+00  9.91068e-01 -4.78104e-04  1.47774e+00 -4.82412e-04  9.85158e-01  9.94037e-01
 7.40000e+00  9.91096e-01 -4.84529e-04  1.47781e+00 -4.88882e-04  9.85205e-01  9.94056e-01
 7.50000e+00  9.91125e-01 -4.90948e-04  1.47788e+00 -4.95344e-04  9.85252e-01  9.94075e-01
 7.60000e+00  9.91153e-01 -4.97361e-04  1.47795e+00 -5.01801e-04  9.85299e-01  9.94094e-01
 7.70000e+00  9.91182e-01 -5.03768e-04  1.47802e+00 -5.08250e-04  9.85348e-01  9.94113e-01
 7.80000e+00  9.91212e-01 -5.10169e-04  1.47809e+00 -5.14693e-04  9.85396e-01  9.94133e-01
 7.90000e+00  9.91242e-01 -5.16564e-04  1.47817e+00 -5.21128e-04  9.85446e-01  9.94153e-01
 8.00000e+00  9.91272e-01 -5.22952e-04  1.47824e+00 -5.27556e-04  9.85496e-01  9.94173e-01
 8.10000e+00  9.91302e-01 -5.29333e-04  1.47832e+00 -5.33977e-04  9.85546e-01  9.94194e-01
 8.20000e+00  9.91333e-01 -5.35707e-04  1.47840e+00 -5.40391e-04  9.85597e-01  9.94214e-01
 8.30000e+00  9.91364e-01 -5.42075e-04  1.47847e+00 -5.46797e-04  9.85649e-01  9.94235e-01
 8.40000e+00  9.91396e-01 -5.48435e-04  1.47855e+00 -5.53195e-04  9.85701e-01  9.94256e-01
 8.50000e+00  9.91428e-01 -5.54788e-04  1.47863e+00 -5.59585e-04  9.85754e-01  9.94277e-01
 8.60000e+00  9.91460e-01 -5.61134e-04  1.47871e+00 -5.65967e-04  9.85807e-01  9.94299e-01
 8.70000e+00  9.91492e-01 -5.67472e-04  1.47879e+00 -5.72341e-04  9.85861e-01  9.94321e-01
 8.80000e+00  9.91525e-01 -5.73802e-04  1.47887e+00 -5.78706e-04  9.85916e-01  9.94343e-01
 8.90000e+00  9.91558e-01 -5.80124e-04  1.47896e+00 -5.85063e-04  9.85971e-01  9.94365e-01
 9.00000e+00  9.91592e-01 -5.86439e-04  1.47904e+00 -5.91411e-04  9.86026e-01  9.94387e-01
 9.10000e+00  9.91626e-01 -5.92745e-04  1.47912e+00 -5.97750e-04  9.86082e-01  9.94410e-01
 9.20000e+00  9.91660e-01 -5.99042e-04  1.47921e+00 -6.04081e-04  9.86139e-01  9.94433e-01
 9.30000e+00  9.91694e-01 -6.05332e-04  1.47929e+00 -6.10401e-04  9.86196e-01  9.94456e-01
 9.40000e+00  9.91729e-01 -6.11612e-04  1.47938e+00 -6.16713e-04  9.86254e-01  9.94479e-01
 9.50000e+00  9.91765e-01 -6.17884e-04  1.47947e+00 -6.23014e-04  9.86313e-01  9.94503e-01
 9.60000e+00  9.91800e-01 -6.24146e-04  1.47956e+00 -6.29306e-04  9.86371e-01  9.94526e-01
 9.70000e+00  9.91836e-01 -6.30399e-04  1.47965e+00 -6.35588e-04  9.86431e-01  9.94550e-01
 9.80000e+00  9.91872e-01 -6.36643e-04  1.47974e+00 -6.41860e-04  9.86491e-01  9.94575e-01
 9.90000e+00  9.91909e-01 -6.42878e-04  1.47983e+00 -6.48122e-04  9.86551e-01  9.94599e-01
 1.00000e+01  9.91945e-01 -6.49102e-04  1.47992e+00 -6.54373e-04  9.86612e-01  9.94624e-01
 1.01000e+01  9.91982e-01 -6.55317e-04  1.48001e+00 -6.60613e-04  9.86674e-01  9.94648e-01
 1.02000e+01  9.92020e-01 -6.61521e-04  1.48010e+00 -6.66842e-04  9.86736e-01  9.94673e-01
 1.03000e+01  9.92058e-01 -6.67715e-04  1.48020e+00 -6.73061e-04  9.86798e-01  9.94699e-01
 1.04000e+01  9.92096e-01 -6.73899e-04  1.48029e+00 -6.79268e-04  9.86862e-01  9.94724e-01
 1.05000e+01  9.92134e-01 -6.80071e-04  1.48039e+00 -6.85463e-04  9.86925e-01  9.94750e-01
 1.06000e+01  9.92173e-01 -6.86233e-04  1.48048e+00 -6.91647e-04  9.86989e-01  9.94776e-01
 1.07000e+01  9.92212e-01 -6.92384e-04  1.48058e+00 -6.97819e-04  9.87054e-01  9.94802e-01
 1.08000e+01  9.92251e-01 -6.98524e-04  1.48068e+00 -7.03979e-04  9.87119e-01  9.94828e-01
 1.09000e+01  9.92291e-01 -7.04652e-04  1.48078e+00 -7.10126e-04  9.87185e-01  9.94855e-01
 1.10000e+01  9.92331e-01 -7.10768e-04  1.48088e+00 -7.16262e-04  9.87251e-01  9.94881e-01
 1.11000e+01  9.92371e-01 -7.16873e-04  1.48098e+00 -7.22384e-04  9.87318e-01  9.94908e-01
 1.12000e+01  9.92411e-01 -7.22965e-04  1.48108e+00 -7.28493e-04  9.87385e-01  9.94935e-01
 1.13000e+01  9.92452e-01 -7.29045e-04  1.48118e+00 -7.34590e-04  9.87453e-01  9.94963e-01
 1.14000e+01  9.92493e-01 -7.35113e-04  1.48128e+00 -7.40673e-04  9.87521e-01  9.94990e-01
 1.15000e+01  9.92535e-01 -7.41167e-04  1.48138e+00 -7.46742e-04  9.87590e-01  9.95018e-01
 1.16000e+01  9.92577e-01 -7.47209e-04  1.48149e+00 -7.52798e-04  9.87659e-01  9.95046e-01
 1.17000e+01  9.92619e-01 -7.53238e-04  1.48159e+00 -7.58839e-04  9.87729e-01  9.95074e-01
 1.18000e+01  9.92661e-01 -7.59253e-04  1.48170e+00 -7.64867e-04  9.87799e-01  9.95102e-01
 1.19000e+01  9.92703e-01 -7.65255e-04  1.48180e+00 -7.70880e-04  9.87869e-01  9.95130e-01
 1.20000e+01  9.92746e-01 -7.71243e-04  1.48191e+00 -7.76878e-04  9.87941e-01  9.95159e-01
 1.21000e+01  9.92790e-01 -7.77217e-04  1.48202e+00 -7.82861e-04  9.88012e-01  9.95188e-01
 1.22000e+01  9.92833e-01 -7.83176e-04  1.48213e+00 -7.88830e-04  9.88084e-01  9.95217e-01
 1.23000e+01  9.92877e-01 -7.89121e-04  1.48224e+00 -7.94782e-04  9.88157e-01  9.95246e-01
 1.24000e+01  9.92921e-01 -7.95051e-04  1.48234e+00 -8.00720e-04  9.88230e-01  9.95276e-01
 1.25000e+01  9.92965e-01 -8.00966e-04  1.48246e+00 -8.06641e-04  9.88303e-01  9.95305e-01
 1.26000e+01  9.93010e-01 -8.06866e-04  1.48257e+00 -8.12546e-04  9.88377e-01  9.95335e-01
 1.27000e+01  9.93054e-01 -8.12751e-04  1.48268e+00 -8.18435e-04  9.88452e-01  9.95365e-01
 1.28000e+01  9.93100e-01 -8.18620e-04  1.48279e+00 -8.24308e-04  9.88527e-01  9.95395e-01
 1.29000e+01  9.93145e-01 -8.24473e-04  1.48290e+00 -8.30164e-04  9.88602e-01  9.95426e-01
 1.30000e+01  9.93191e-01 -8.30310e-04  1.48302e+00 -8.36002e-04  9.88678e-01  9.95456e-01
 1.31000e+01  9.93237e-01 -8.36130e-04  1.48313e+00 -8.41823e-04  9.88754e-01  9.95487e-01
 1.32000e+01  9.93283e-01 -8.41933e-04  1.48325e+00 -8.47627e-04  9.88831e-01  9.95518e-01
 1.33000e+01  9.93329e-01 -8.47720e-04  1.48336e+00 -8.53413e-04  9.88908e-01  9.95549e-01
 1.34000e+01  9.93376e-01 -8.53490e-04  1.48348e+00 -8.59181e-04  9.88985e-01  9.95580e-01
 1.35000e+01  9.93423e-01 -8.59242e-04  1.48359e+00 -8.64930e-04  9.89063e-01  9.95611e-01
 1.36000e+01  9.93470e-01 -8.64976e-04  1.48371e+00 -8.70661e-04  9.89142e-01  9.95643e-01
 1.37000e+01  9.93518e-01 -8.70693e-04  1.48383e+00 -8.76373e-04  9.89221e-01  9.95675e-01
 1.38000e+01  9.93566e-01 -8.76391e-04  1.48395e+00 -8.82067e-04  9.89300e-01  9.95707e-01
 1.39000e+01  9.93614e-01 -8.82071e-04  1.48407e+00 -8.87740e-04  9.89380e-01  9.95739e-01
 1.40000e+01  9.93662e-01 -8.87732e-04  1.48419e+00 -8.93394e-04  9.89460e-01  9.95771e-01
 1.41000e+01  9.93710e-01 -8.93374e-04  1.48431e+00 -8.99028e-04  9.89540e-01  9.95803e-01
 1.42000e+01  9.93759e-01 -8.98997e-04  1.48443e+00 -9.04642e-04  9.89621e-01  9.95836e-01
 1.43000e+01  9.93808e-01 -9.04600e-04  1.48455e+00 -9.10236e-04  9.89703e-01  9.95869e-01
 1.44000e+01  9.93858e-01 -9.10184e-04  1.48468e+00 -9.15809e-04  9.89784e-01  9.95902e-01
 1.45000e+01  9.93907e-01 -9.15747e-04  1.48480e+00 -9.21361e-04  9.89867e-01  9.95935e-01
 1.46000e+01  9.93957e-01 -9.21290e-04  1.48492e+00 -9.26891e-04  9.89949e-01  9.95968e-01
 1.47000e+01  9.94007e-01 -9.26813e-04  1.48505e+00 -9.32401e-04  9.90032e-01  9.96001e-01
 1.48000e+01  9.94057e-01 -9.32314e-04  1.48517e+00 -9.37888e-04  9.90116e-01  9.96035e-01
 1.49000e+01  9.94108e-01 -9.37795e-04  1.48530e+00 -9.43353e-04  9.90199e-01  9.96069e-01
 1.50000e+01  9.94158e-01 -9.43253e-04  1.48543e+00 -9.48796e-04  9.90283e-01  9.96103e-01
 1.51000e+01  9.94209e-01 -9.48691e-04  1.48555e+00 -9.54216e-04  9.90368e-01  9.96137e-01
 1.52000e+01  9.94260e-01 -9.54106e-04  1.48568e+00 -9.59614e-04  9.90453e-01  9.96171e-01
 1.53000e+01  9.94312e-01 -9.59499e-04  1.48581e+00 -9.64988e-04  9.90538e-01  9.96205e-01
 1.54000e+01  9.94363e-01 -9.64869e-04  1.48594e+00 -9.70339e-04  9.90624e-01  9.96239e-01
 1.55000e+01  9.94415e-01 -9.70216e-04  1.48607e+00 -9.75665e-04  9.90710e-01  9.96274e-01
 1.56000e+01  9.94467e-01 -9.75541e-04  1.48619e+00 -9.80968e-04  9.90796e-01  9.96309e-01
 1.57000e+01  9.94519e-01 -9.80841e-04  1.48632e+00 -9.86247e-04  9.90883e-01  9.96344e-01
 1.58000e+01  9.94572e-01 -9.86118e-04  1.48646e+00 -9.91500e-04  9.90970e-01  9.96379e-01
 1.59000e+01  9.94625e-01 -9.91371e-04  1.48659e+00 -9.96729e-04  9.91058e-01  9.96414e-01
 1.60000e+01  9.94678e-01 -9.96600e-04  1.48672e+00 -1.00193e-03  9.91146e-01  9.96449e-01
 1.61000e+01  9.94731e-01 -1.00180e-03  1.48685e+00 -1.00711e-03  9.91234e-01  9.96485e-01
 1.62000e+01  9.94784e-01 -1.00698e-03  1.48698e+00 -1.01226e-03  9.91323e-01  9.96520e-01
 1.63000e+01  9.94837e-01 -1.01214e-03  1.48712e+00 -1.01739e-03  9.91411e-01  9.96556e-01
 1.64000e+01  9.94891e-01 -1.01726e-03  1.48725e+00 -1.02249e-03  9.91501e-01  9.96592e-01
 1.65000e+01  9.94945e-01 -1.02237e-03  1.48739e+00 -1.02756e-03  9.91590e-01  9.96628e-01
 1.66000e+01  9.94999e-01 -1.02744e-03  1.48752e+00 -1.03261e-03  9.91680e-01  9.96664e-01
 1.67000e+01  9.95054e-01 -1.03249e-03  1.48766e+00 -1.03763e-03  9.91770e-01  9.96700e-01
 1.68000e+01  9.95108e-01 -1.03752e-03  1.48779e+00 -1.04262e-03  9.91861e-01  9.96737e-01
 1.69000e+01  9.95163e-01 -1.04251e-03  1.48793e+00 -1.04758e-03  9.91952e-01  9.96773e-01
 1.70000e+01  9.95218e-01 -1.04748e-03  1.48806e+00 -1.05251e-03  9.92043e-01  9.96810e-01
 1.71000e+01  9.95273e-01 -1.05242e-03  1.48820e+00 -1.05742e-03  9.92135e-01  9.96847e-01
 1.72000e+01  9.95328e-01 -1.05733e-03  1.48834e+00 -1.06230e-03  9.92227e-01  9.96884e-01
 1.73000e+01  9.95384e-01 -1.06222e-03  1.48848e+00 -1.06715e-03  9.92319e-01  9.96921e-01
 1.74000e+01  9.95439e-01 -1.06708e-03  1.48862e+00 -1.07196e-03  9.92411e-01  9.96958e-01
 1.75000e+01  9.95495e-01 -1.07190e-03  1.48876e+00 -1.07675e-03  9.92504e-01  9.96995e-01
 1.76000e+01  9.95551e-01 -1.07670e-03  1.48890e+00 -1.08151e-03  9.92597e-01  9.97033e-01
 1.77000e+01  9.95607e-01 -1.08147e-03  1.48904e+00 -1.08624e-03  9.92690e-01  9.97070e-01
 1.78000e+01  9.95664e-01 -1.08621e-03  1.48918e+00 -1.09094e-03  9.92784e-01  9.97108e-01
 1.79000e+01  9.95720e-01 -1.09091e-03  1.48932e+00 -1.09560e-03  9.92878e-01  9.97145e-01
 1.80000e+01  9.95777e-01 -1.09559e-03  1.48946e+00 -1.10024e-03  9.92972e-01  9.97183e-01
 1.81000e+01  9.95834e-01 -1.10024e-03  1.48960e+00 -1.10484e-03  9.93067e-01  9.97221e-01
 1.82000e+01  9.95891e-01 -1.10485e-03  1.48974e+00 -1.10941e-03  9.93161e-01  9.97259e-01
 1.83000e+01  9.95948e-01 -1.10944e-03  1.48988e+00 -1.11395e-03  9.93256e-01  9.97297e-01
 1.84000e+01  9.96005e-01 -1.11399e-03  1.49003e+00 -1.11846e-03  9.93352e-01  9.97336e-01
 1.85000e+01  9.96063e-01 -1.11851e-03  1.49017e+00 -1.12293e-03  9.93447e-01  9.97374e-01
 1.86000e+01  9.96120e-01 -1.12300e-03  1.49031e+00 -1.12737e-03  9.93543e-01  9.97413e-01
 1.87000e+01  9.96178e-01 -1.12745e-03  1.49046e+00 -1.13178e-03  9.93639e-01  9.97451e-01
 1.88000e+01  9.96236e-01 -1.13188e-03  1.49060e+00 -1.13615e-03  9.93735e-01  9.97490e-01
 1.89000e+01  9.96294e-01 -1.13626e-03  1.49075e+00 -1.14049e-03  9.93832e-01  9.97529e-01
 1.90000e+01  9.96352e-01 -1.14062e-03  1.49089e+00 -1.14479e-03  9.93929e-01  9.97567e-01
 1.91000e+01  9.96411e-01 -1.14494e-03  1.49104e+00 -1.14906e-03  9.94026e-01  9.97606e-01
 1.92000e+01  9.96469e-01 -1.14923e-03  1.49118e+00 -1.15330e-03  9.94123e-01  9.97646e-01
 1.93000e+01  9.96528e-01 -1.15348e-03  1.49133e+00 -1.15750e-03  9.94221e-01  9.97685e-01
 1.94000e+01  9.96587e-01 -1.15769e-03  1.49148e+00 -1.16166e-03  9.94318e-01  9.97724e-01
 1.95000e+01  9.96646e-01 -1.16188e-03  1.49162e+00 -1.16579e-03  9.94416e-01  9.97763e-01
 1.96000e+01  9.96705e-01 -1.16602e-03  1.49177e+00 -1.16988e-03  9.94515e-01  9.97803e-01
 1.97000e+01  9.96764e-01 -1.17013e-03  1.49192e+00 -1.17393e-03  9.94613e-01  9.97842e-01
 1.98000e+01  9.96823e-01 -1.17420e-03  1.49207e+00 -1.17795e-03  9.94712e-01  9.97882e-01
 1.99000e+01  9.96883e-01 -1.17824e-03  1.49222e+00 -1.18192e-03  9.94811e-01  9.97921e-01
 2.00000e+01  9.96942e-01 -1.18224e-03  1.49236e+00 -1.18587e-03  9.94910e-01  9.97961e-01
 2.01000e+01  9.97002e-01 -1.18620e-03  1.49251e+00 -1.18977e-03  9.95009e-01  9.98001e-01
 2.02000e+01  9.97062e-01 -1.19013e-03  1.49266e+00 -1.19363e-03  9.95108e-01  9.98041e-01
 2.03000e+01  9.97122e-01 -1.19401e-03  1.49281e+00 -1.19746e-03  9.95208e-01  9.98081e-01
 2.04000e+01  9.97182e-01 -1.19786e-03  1.49296e+00 -1.20125e-03  9.95308e-01  9.98121e-01
 2.05000e+01  9.97242e-01 -1.20167e-03  1.49311e+00 -1.20499e-03  9.95408e-01  9.98161e-01
 2.06000e+01  9.97302e-01 -1.20544e-03  1.49326e+00 -1.20870e-03  9.95508e-01  9.98201e-01
 2.07000e+01  9.97362e-01 -1.20917e-03  1.49341e+00 -1.21237e-03  9.95608e-01  9.98241e-01
 2.08000e+01  9.97423e-01 -1.21286e-03  1.49356e+00 -1.21600e-03  9.95709e-01  9.98282e-01
 2.09000e+01  9.97483e-01 -1.21652e-03  1.49371e+00 -1.21959e-03  9.95810e-01  9.98322e-01
 2.10000e+01  9.97544e-01 -1.22013e-03  1.49387e+00 -1.22313e-03  9.95911e-01  9.98363e-01
 2.11000e+01  9.97605e-01 -1.22370e-03  1.49402e+00 -1.22664e-03  9.96012e-01  9.98403e-01
 2.12000e+01  9.97666e-01 -1.22723e-03  1.49417e+00 -1.23010e-03  9.96113e-01  9.98444e-01
 2.13000e+01  9.97727e-01 -1.23072e-03  1.49432e+00 -1.23352e-03  9.96214e-01  9.98484e-01
 2.14000e+01  9.97788e-01 -1.23417e-03  1.49447e+00 -1.23690e-03  9.96316e-01  9.98525e-01
 2.15000e+01  9.97849e-01 -1.23757e-03  1.49463e+00 -1.24024e-03  9.96417e-01  9.98566e-01
 2.16000e+01  9.97910e-01 -1.24093e-03  1.49478e+00 -1.24353e-03  9.96519e-01  9.98607e-01
 2.17000e+01  9.97971e-01 -1.24426e-03  1.49493e+00 -1.24678e-03  9.96621e-01  9.98647e-01
 2.18000e+01  9.98032e-01 -1.24753e-03  1.49508e+00 -1.24999e-03  9.96723e-01  9.98688e-01
 2.19000e+01  9.98094e-01 -1.25077e-03  1.49524e+00 -1.25316e-03  9.96826e-01  9.98729e-01
 2.20000e+01  9.98155e-01 -1.25396e-03  1.49539e+00 -1.25628e-03  9.96928e-01  9.98770e-01
 2.21000e+01  9.98217e-01 -1.25711e-03  1.49555e+00 -1.25935e-03  9.97030e-01  9.98811e-01
 2.22000e+01  9.98279e-01 -1.26021e-03  1.49570e+00 -1.26238e-03  9.97133e-01  9.98852e-01
 2.23000e+01  9.98340e-01 -1.26327e-03  1.49585e+00 -1.26537e-03  9.97236e-01  9.98894e-01
 2.24000e+01  9.98402e-01 -1.26628e-03  1.49601e+00 -1.26831e-03  9.97338e-01  9.98935e-01
 2.25000e+01  9.98464e-01 -1.26925e-03  1.49616e+00 -1.27121e-03  9.97441e-01  9.98976e-01
 2.26000e+01  9.98526e-01 -1.27218e-03  1.49632e+00 -1.27406e-03  9.97544e-01  9.99017e-01
 2.27000e+01  9.98588e-01 -1.27505e-03  1.49647e+00 -1.27686e-03  9.97647e-01  9.99058e-01
 2.28000e+01  9.98650e-01 -1.27789e-03  1.49663e+00 -1.27962e-03  9.97751e-01  9.99100e-01
 2.29000e+01  9.98712e-01 -1.28067e-03  1.49678e+00 -1.28233e-03  9.97854e-01  9.99141e-01
 2.30000e+01  9.98774e-01 -1.28341e-03  1.49694e+00 -1.28499e-03  9.97957e-01  9.99183e-01
 2.31000e+01  9.98836e-01 -1.28610e-03  1.49709e+00 -1.28760e-03  9.98061e-01  9.99224e-01
 2.32000e+01  9.98898e-01 -1.28875e-03  1.49725e+00 -1.29017e-03  9.98164e-01  9.99265e-01
 2.33000e+01  9.98960e-01 -1.29135e-03  1.49740e+00 -1.29269e-03  9.98268e-01  9.99307e-01
 2.34000e+01  9.99022e-01 -1.29390e-03  1.49756e+00 -1.29516e-03  9.98372e-01  9.99348e-01
 2.35000e+01  9.99085e-01 -1.29640e-03  1.49771e+00 -1.29759e-03  9.98475e-01  9.99390e-01
 2.36000e+01  9.99147e-01 -1.29885e-03  1.49787e+00 -1.29996e-03  9.98579e-01  9.99431e-01
 2.37000e+01  9.99209e-01 -1.30126e-03  1.49802e+00 -1.30229e-03  9.98683e-01  9.99473e-01
 2.38000e+01  9.99272e-01 -1.30361e-03  1.49818e+00 -1.30456e-03  9.98787e-01  9.99515e-01
 2.39000e+01  9.99334e-01 -1.30592e-03  1.49834e+00 -1.30679e-03  9.98891e-01  9.99556e-01
 2.40000e+01  9.99397e-01 -1.30817e-03  1.49849e+00 -1.30896e-03  9.98995e-01  9.99598e-01
 2.41000e+01  9.99459e-01 -1.31038e-03  1.49865e+00 -1.31109e-03  9.99099e-01  9.99639e-01
 2.42000e+01  9.99522e-01 -1.31254e-03  1.49880e+00 -1.31317e-03  9.99203e-01  9.99681e-01
 2.43000e+01  9.99584e-01 -1.31464e-03  1.49896e+00 -1.31519e-03  9.99307e-01  9.99723e-01
 2.44000e+01  9.99647e-01 -1.31670e-03  1.49912e+00 -1.31716e-03  9.99411e-01  9.99764e-01
 2.45000e+01  9.99709e-01 -1.31870e-03  1.49927e+00 -1.31909e-03  9.99515e-01  9.99806e-01
 2.46000e+01  9.99772e-01 -1.32066e-03  1.49943e+00 -1.32096e-03  9.99619e-01  9.99848e-01
 2.47000e+01  9.99834e-01 -1.32256e-03  1.49959e+00 -1.32278e-03  9.99724e-01  9.99889e-01
 2.48000e+01  9.99897e-01 -1.32441e-03  1.49974e+00 -1.32454e-03  9.99828e-01  9.99931e-01
 2.49000e+01  9.99959e-01 -1.32620e-03  1.49990e+00 -1.32626e-03  9.99932e-01  9.99973e-01
 2.50000e+01  1.00002e+00 -1.32795e-03  1.50005e+00 -1.32792e-03  1.00004e+00  1.00001e+00
 2.51000e+01  1.00008e+00 -1.32964e-03  1.50021e+00 -1.32953e-03  1.00014e+00  1.00006e+00
 2.52000e+01  1.00015e+00 -1.33128e-03  1.50037e+00 -1.33108e-03  1.00024e+00  1.00010e+00
 2.53000e+01  1.00021e+00 -1.33286e-03  1.50052e+00 -1.33258e-03  1.00035e+00  1.00014e+00
 2.54000e+01  1.00027e+00 -1.33440e-03  1.50068e+00 -1.33403e-03  1.00045e+00  1.00018e+00
 2.55000e+01  1.00033e+00 -1.33587e-03  1.50084e+00 -1.33543e-03  1.00056e+00  1.00022e+00
 2.56000e+01  1.00040e+00 -1.33730e-03  1.50099e+00 -1.33677e-03  1.00066e+00  1.00026e+00
 2.57000e+01  1.00046e+00 -1.33867e-03  1.50115e+00 -1.33805e-03  1.00077e+00  1.00031e+00
 2.58000e+01  1.00052e+00 -1.33998e-03  1.50130e+00 -1.33928e-03  1.00087e+00  1.00035e+00
 2.59000e+01  1.00058e+00 -1.34124e-03  1.50146e+00 -1.34046e-03  1.00097e+00  1.00039e+00
 2.60000e+01  1.00065e+00 -1.34245e-03  1.50162e+00 -1.34158e-03  1.00108e+00  1.00043e+00
 2.61000e+01  1.00071e+00 -1.34360e-03  1.50177e+00 -1.34265e-03  1.00118e+00  1.00047e+00
 2.62000e+01  1.00077e+00 -1.34469e-03  1.50193e+00 -1.34366e-03  1.00129e+00  1.00051e+00
 2.63000e+01  1.00083e+00 -1.34573e-03  1.50208e+00 -1.34461e-03  1.00139e+00  1.00056e+00
 2.64000e+01  1.00090e+00 -1.34671e-03  1.50224e+00 -1.34551e-03  1.00149e+00  1.00060e+00
 2.65000e+01  1.00096e+00 -1.34764e-03  1.50240e+00 -1.34635e-03  1.00160e+00  1.00064e+00
 2.66000e+01  1.00102e+00 -1.34851e-03  1.50255e+00 -1.34714e-03  1.00170e+00  1.00068e+00
 2.67000e+01  1.00108e+00 -1.34932e-03  1.50271e+00 -1.34786e-03  1.00180e+00  1.00072e+00
 2.68000e+01  1.00114e+00 -1.35008e-03  1.50286e+00 -1.34854e-03  1.00191e+00  1.00076e+00
 2.69000e+01  1.00121e+00 -1.35078e-03  1.50302e+00 -1.34915e-03  1.00201e+00  1.00080e+00
 2.70000e+01  1.00127e+00 -1.35142e-03  1.50317e+00 -1.34971e-03  1.00211e+00  1.00085e+00
 2.71000e+01  1.00133e+00 -1.35200e-03  1.50333e+00 -1.35021e-03  1.00222e+00  1.00089e+00
 2.72000e+01  1.00139e+00 -1.35253e-03  1.50348e+00 -1.35065e-03  1.00232e+00  1.00093e+00
 2.73000e+01  1.00145e+00 -1.35300e-03  1.50364e+00 -1.35103e-03  1.00242e+00  1.00097e+00
 2.74000e+01  1.00152e+00 -1.35341e-03  1.50379e+00 -1.35136e-03  1.00253e+00  1.00101e+00
 2.75000e+01  1.00158e+00 -1.35376e-03  1.50395e+00 -1.35162e-03  1.00263e+00  1.00105e+00
 2.76000e+01  1.00164e+00 -1.35405e-03  1.50410e+00 -1.35183e-03  1.00273e+00  1.00109e+00
 2.77000e+01  1.00170e+00 -1.35428e-03  1.50425e+00 -1.35198e-03  1.00284e+00  1.00113e+00
 2.78000e+01  1.00176e+00 -1.35446e-03  1.50441e+00 -1.35207e-03  1.00294e+00  1.00117e+00
 2.79000e+01  1.00182e+00 -1.35457e-03  1.50456e+00 -1.35210e-03  1.00304e+00  1.00122e+00
 2.80000e+01  1.00189e+00 -1.35463e-03  1.50472e+00 -1.35208e-03  1.00314e+00  1.00126e+00
 2.81000e+01  1.00195e+00 -1.35462e-03  1.50487e+00 -1.35199e-03  1.00325e+00  1.00130e+00
 2.82000e+01  1.00201e+00 -1.35456e-03  1.50502e+00 -1.35184e-03  1.00335e+00  1.00134e+00
 2.83000e+01  1.00207e+00 -1.35443e-03  1.50517e+00 -1.35164e-03  1.00345e+00  1.00138e+00
 2.84000e+01  1.00213e+00 -1.35425e-03  1.50533e+00 -1.35137e-03  1.00355e+00  1.00142e+00
 2.85000e+01  1.00219e+00 -1.35400e-03  1.50548e+00 -1.35104e-03  1.00365e+00  1.00146e+00
 2.86000e+01  1.00225e+00 -1.35370e-03  1.50563e+00 -1.35065e-03  1.00375e+00  1.00150e+00
 2.87000e+01  1.00231e+00 -1.35333e-03  1.50578e+00 -1.35021e-03  1.00386e+00  1.00154e+00
 2.88000e+01  1.00237e+00 -1.35290e-03  1.50594e+00 -1.34970e-03  1.00396e+00  1.00158e+00
 2.89000e+01  1.00243e+00 -1.35241e-03  1.50609e+00 -1.34913e-03  1.00406e+00  1.00162e+00
 2.90000e+01  1.00249e+00 -1.35186e-03  1.50624e+00 -1.34850e-03  1.00416e+00  1.00166e+00
 2.91000e+01  1.00255e+00 -1.35125e-03  1.50639e+00 -1.34781e-03  1.00426e+00  1.00170e+00
 2.92000e+01  1.00261e+00 -1.35058e-03  1.50654e+00 -1.34706e-03  1.00436e+00  1.00174e+00
 2.93000e+01  1.00267e+00 -1.34984e-03  1.50669e+00 -1.34624e-03  1.00446e+00  1.00178e+00
 2.94000e+01  1.00273e+00 -1.34905e-03  1.50684e+00 -1.34537e-03  1.00456e+00  1.00182e+00
 2.95000e+01  1.00279e+00 -1.34819e-03  1.50699e+00 -1.34443e-03  1.00466e+00  1.00186e+00
 2.96000e+01  1.00285e+00 -1.34727e-03  1.50714e+00 -1.34343e-03  1.00476e+00  1.00190e+00
 2.97000e+01  1.00291e+00 -1.34629e-03  1.50729e+00 -1.34237e-03  1.00486e+00  1.00194e+00
 2.98000e+01  1.00297e+00 -1.34524e-03  1.50744e+00 -1.34125e-03  1.00496e+00  1.00198e+00
 2.99000e+01  1.00303e+00 -1.34413e-03  1.50759e+00 -1.34007e-03  1.00506e+00  1.00202e+00
 3.00000e+01  1.00309e+00 -1.34296e-03  1.50774e+00 -1.33882e-03  1.00516e+00  1.00206e+00
 3.01000e+01  1.00315e+00 -1.34173e-03  1.50789e+00 -1.33752e-03  1.00526e+00  1.00210e+00
 3.02000e+01  1.00321e+00 -1.34044e-03  1.50804e+00 -1.33614e-03  1.00536e+00  1.00214e+00
 3.03000e+01  1.00327e+00 -1.33908e-03  1.50818e+00 -1.33471e-03  1.00546e+00  1.00218e+00
 3.04000e+01  1.00333e+00 -1.33765e-03  1.50833e+00 -1.33322e-03  1.00555e+00  1.00222e+00
 3.05000e+01  1.00339e+00 -1.33617e-03  1.50848e+00 -1.33166e-03  1.00565e+00  1.00226e+00
 3.06000e+01  1.00345e+00 -1.33462e-03  1.50862e+00 -1.33004e-03  1.00575e+00  1.00230e+00
 3.07000e+01  1.00350e+00 -1.33301e-03  1.50877e+00 -1.32835e-03  1.00585e+00  1.00233e+00
 3.08000e+01  1.00356e+00 -1.33134e-03  1.50892e+00 -1.32661e-03  1.00594e+00  1.00237e+00
 3.09000e+01  1.00362e+00 -1.32960e-03  1.50906e+00 -1.32480e-03  1.00604e+00  1.00241e+00
 3.10000e+01  1.00368e+00 -1.32780e-03  1.50921e+00 -1.32293e-03  1.00614e+00  1.00245e+00
 3.11000e+01  1.00374e+00 -1.32593e-03  1.50935e+00 -1.32099e-03  1.00624e+00  1.00249e+00
 3.12000e+01  1.00379e+00 -1.32400e-03  1.50950e+00 -1.31899e-03  1.00633e+00  1.00253e+00
 3.13000e+01  1.00385e+00 -1.32201e-03  1.50964e+00 -1.31693e-03  1.00643e+00  1.00257e+00
 3.14000e+01  1.00391e+00 -1.31995e-03  1.50979e+00 -1.31481e-03  1.00652e+00  1.00260e+00
 3.15000e+01  1.00397e+00 -1.31783e-03  1.50993e+00 -1.31262e-03  1.00662e+00  1.00264e+00
 3.16000e+01  1.00402e+00 -1.31564e-03  1.51007e+00 -1.31037e-03  1.00672e+00  1.00268e+00
 3.17000e+01  1.00408e+00 -1.31340e-03  1.51022e+00 -1.30806e-03  1.00681e+00  1.00272e+00
 3.18000e+01  1.00414e+00 -1.31108e-03  1.51036e+00 -1.30568e-03  1.00691e+00  1.00276e+00
 3.19000e+01  1.00419e+00 -1.30871e-03  1.51050e+00 -1.30324e-03  1.00700e+00  1.00279e+00
 3.20000e+01  1.00425e+00 -1.30626e-03  1.51064e+00 -1.30074e-03  1.00709e+00  1.00283e+00
 3.21000e+01  1.00431e+00 -1.30376e-03  1.51078e+00 -1.29817e-03  1.00719e+00  1.00287e+00
 3.22000e+01  1.00436e+00 -1.30119e-03  1.51092e+00 -1.29554e-03  1.00728e+00  1.00291e+00
 3.23000e+01  1.00442e+00 -1.29856e-03  1.51106e+00 -1.29284e-03  1.00738e+00  1.00294e+00
 3.24000e+01  1.00447e+00 -1.29586e-03  1.51120e+00 -1.29009e-03  1.00747e+00  1.00298e+00
 3.25000e+01  1.00453e+00 -1.29310e-03  1.51134e+00 -1.28727e-03  1.00756e+00  1.00302e+00
 3.26000e+01  1.00459e+00 -1.29027e-03  1.51148e+00 -1.28438e-03  1.00765e+00  1.00305e+00
 3.27000e+01  1.00464e+00 -1.28738e-03  1.51162e+00 -1.28143e-03  1.00775e+00  1.00309e+00
 3.28000e+01  1.00470e+00 -1.28443e-03  1.51176e+00 -1.27842e-03  1.00784e+00  1.00313e+00
 3.29000e+01  1.00475e+00 -1.28141e-03  1.51189e+00 -1.27535e-03  1.00793e+00  1.00316e+00
 3.30000e+01  1.00481e+00 -1.27833e-03  1.51203e+00 -1.27221e-03  1.00802e+00  1.00320e+00
 3.31000e+01  1.00486e+00 -1.27518e-03  1.51217e+00 -1.26901e-03  1.00811e+00  1.00324e+00
 3.32000e+01  1.00491e+00 -1.27197e-03  1.51230e+00 -1.26575e-03  1.00820e+00  1.00327e+00
 3.33000e+01  1.00497e+00 -1.26869e-03  1.51244e+00 -1.26242e-03  1.00829e+00  1.00331e+00
 3.34000e+01  1.00502e+00 -1.26535e-03  1.51258e+00 -1.25903e-03  1.00838e+00  1.00334e+00
 3.35000e+01  1.00508e+00 -1.26195e-03  1.51271e+00 -1.25558e-03  1.00847e+00  1.00338e+00
 3.36000e+01  1.00513e+00 -1.25848e-03  1.51284e+00 -1.25206e-03  1.00856e+00  1.00342e+00
 3.37000e+01  1.00518e+00 -1.25495e-03  1.51298e+00 -1.24848e-03  1.00865e+00  1.00345e+00
 3.38000e+01  1.00524e+00 -1.25135e-03  1.51311e+00 -1.24484e-03  1.00874e+00  1.00349e+00
 3.39000e+01  1.00529e+00 -1.24770e-03  1.51324e+00 -1.24113e-03  1.00883e+00  1.00352e+00
 3.40000e+01  1.00534e+00 -1.24397e-03  1.51337e+00 -1.23736e-03  1.00892e+00  1.00356e+00
 3.41000e+01  1.00539e+00 -1.24019e-03  1.51351e+00 -1.23353e-03  1.00900e+00  1.00359e+00
 3.42000e+01  1.00545e+00 -1.23634e-03  1.51364e+00 -1.22964e-03  1.00909e+00  1.00363e+00
 3.43000e+01  1.00550e+00 -1.23242e-03  1.51377e+00 -1.22568e-03  1.00918e+00  1.00366e+00
 3.44000e+01  1.00555e+00 -1.22844e-03  1.51390e+00 -1.22166e-03  1.00927e+00  1.00370e+00
 3.45000e+01  1.00560e+00 -1.22440e-03  1.51403e+00 -1.21758e-03  1.00935e+00  1.00373e+00
 3.46000e+01  1.00565e+00 -1.22030e-03  1.51416e+00 -1.21344e-03  1.00944e+00  1.00376e+00
 3.47000e+01  1.00570e+00 -1.21613e-03  1.51428e+00 -1.20923e-03  1.00952e+00  1.00380e+00
 3.48000e+01  1.00575e+00 -1.21190e-03  1.51441e+00 -1.20497e-03  1.00961e+00  1.00383e+00
 3.49000e+01  1.00580e+00 -1.20761e-03  1.51454e+00 -1.20064e-03  1.00969e+00  1.00387e+00
 3.50000e+01  1.00586e+00 -1.20325e-03  1.51467e+00 -1.19625e-03  1.00978e+00  1.00390e+00
 3.51000e+01  1.00591e+00 -1.19883e-03  1.51479e+00 -1.19179e-03  1.00986e+00  1.00393e+00
 3.52000e+01  1.00596e+00 -1.19435e-03  1.51492e+00 -1.18728e-03  1.00994e+00  1.00397e+00
 3.53000e+01  1.00601e+00 -1.18980e-03  1.51504e+00 -1.18270e-03  1.01003e+00  1.00400e+00
 3.54000e+01  1.00605e+00 -1.18520e-03  1.51517e+00 -1.17806e-03  1.01011e+00  1.00403e+00
 3.55000e+01  1.00610e+00 -1.18053e-03  1.51529e+00 -1.17337e-03  1.01019e+00  1.00406e+00
 3.56000e+01  1.00615e+00 -1.17580e-03  1.51541e+00 -1.16861e-03  1.01027e+00  1.00410e+00
 3.57000e+01  1.00620e+00 -1.17100e-03  1.51553e+00 -1.16379e-03  1.01036e+00  1.00413e+00
 3.58000e+01  1.00625e+00 -1.16615e-03  1.51566e+00 -1.15890e-03  1.01044e+00  1.00416e+00
 3.59000e+01  1.00630e+00 -1.16123e-03  1.51578e+00 -1.15396e-03  1.01052e+00  1.00419e+00
 3.60000e+01  1.00635e+00 -1.15625e-03  1.51590e+00 -1.14896e-03  1.01060e+00  1.00423e+00
 3.61000e+01  1.00639e+00 -1.15121e-03  1.51602e+00 -1.14390e-03  1.01068e+00  1.00426e+00
 3.62000e+01  1.00644e+00 -1.14611e-03  1.51614e+00 -1.13877e-03  1.01076e+00  1.00429e+00
 3.63000e+01  1.00649e+00 -1.14095e-03  1.51626e+00 -1.13359e-03  1.01084e+00  1.00432e+00
 3.64000e+01  1.00654e+00 -1.13572e-03  1.51637e+00 -1.12835e-03  1.01092e+00  1.00435e+00
 3.65000e+01  1.00658e+00 -1.13044e-03  1.51649e+00 -1.12305e-03  1.01099e+00  1.00438e+00
 3.66000e+01  1.00663e+00 -1.12510e-03  1.51661e+00 -1.11769e-03  1.01107e+00  1.00441e+00
 3.67000e+01  1.00668e+00 -1.11969e-03  1.51672e+00 -1.11227e-03  1.01115e+00  1.00444e+00
 3.68000e+01  1.00672e+00 -1.11423e-03  1.51684e+00 -1.10679e-03  1.01123e+00  1.00447e+00
 3.69000e+01  1.00677e+00 -1.10870e-03  1.51695e+00 -1.10125e-03  1.01130e+00  1.00451e+00
 3.70000e+01  1.00681e+00 -1.10312e-03  1.51707e+00 -1.09565e-03  1.01138e+00  1.00454e+00
 3.71000e+01  1.00686e+00 -1.09747e-03  1.51718e+00 -1.09000e-03  1.01145e+00  1.00457e+00
 3.72000e+01  1.00690e+00 -1.09177e-03  1.51729e+00 -1.08428e-03  1.01153e+00  1.00460e+00
 3.73000e+01  1.00695e+00 -1.08601e-03  1.51741e+00 -1.07851e-03  1.01160e+00  1.00462e+00
 3.74000e+01  1.00699e+00 -1.08018e-03  1.51752e+00 -1.07268e-03  1.01168e+00  1.00465e+00
 3.75000e+01  1.00703e+00 -1.07430e-03  1.51763e+00 -1.06680e-03  1.01175e+00  1.00468e+00
 3.76000e+01  1.00708e+00 -1.06837e-03  1.51774e+00 -1.06086e-03  1.01182e+00  1.00471e+00
 3.77000e+01  1.00712e+00 -1.06237e-03  1.51785e+00 -1.05486e-03  1.01190e+00  1.00474e+00
 3.78000e+01  1.00717e+00 -1.05631e-03  1.51795e+00 -1.04880e-03  1.01197e+00  1.00477e+00
 3.79000e+01  1.00721e+00 -1.05020e-03  1.51806e+00 -1.04269e-03  1.01204e+00  1.00480e+00
 3.80000e+01  1.00725e+00 -1.04403e-03  1.51817e+00 -1.03652e-03  1.01211e+00  1.00483e+00
 3.81000e+01  1.00729e+00 -1.03781e-03  1.51828e+00 -1.03029e-03  1.01218e+00  1.00486e+00
 3.82000e+01  1.00734e+00 -1.03152e-03  1.51838e+00 -1.02401e-03  1.01225e+00  1.00488e+00
 3.83000e+01  1.00738e+00 -1.02518e-03  1.51849e+00 -1.01768e-03  1.01232e+00  1.00491e+00
 3.84000e+01  1.00742e+00 -1.01879e-03  1.51859e+00 -1.01128e-03  1.01239e+00  1.00494e+00
 3.85000e+01  1.00746e+00 -1.01233e-03  1.51869e+00 -1.00484e-03  1.01246e+00  1.00497e+00
 3.86000e+01  1.00750e+00 -1.00583e-03  1.51880e+00 -9.98337e-04  1.01253e+00  1.00499e+00
 3.87000e+01  1.00754e+00 -9.99262e-04  1.51890e+00 -9.91782e-04  1.01260e+00  1.00502e+00
 3.88000e+01  1.00758e+00 -9.92643e-04  1.51900e+00 -9.85174e-04  1.01267e+00  1.00505e+00
 3.89000e+01  1.00762e+00 -9.85969e-04  1.51910e+00 -9.78511e-04  1.01273e+00  1.00507e+00
 3.90000e+01  1.00766e+00 -9.79241e-04  1.51920e+00 -9.71796e-04  1.01280e+00  1.00510e+00
 3.91000e+01  1.00770e+00 -9.72458e-04  1.51930e+00 -9.65027e-04  1.01287e+00  1.00513e+00
 3.92000e+01  1.00774e+00 -9.65621e-04  1.51940e+00 -9.58205e-04  1.01293e+00  1.00515e+00
 3.93000e+01  1.00778e+00 -9.58731e-04  1.51950e+00 -9.51331e-04  1.01300e+00  1.00518e+00
 3.94000e+01  1.00782e+00 -9.51787e-04  1.51959e+00 -9.44405e-04  1.01306e+00  1.00520e+00
 3.95000e+01  1.00786e+00 -9.44791e-04  1.51969e+00 -9.37427e-04  1.01313e+00  1.00523e+00
 3.96000e+01  1.00789e+00 -9.37741e-04  1.51978e+00 -9.30398e-04  1.01319e+00  1.00525e+00
 3.97000e+01  1.00793e+00 -9.30640e-04  1.51988e+00 -9.23317e-04  1.01325e+00  1.00528e+00
 3.98000e+01  1.00797e+00 -9.23486e-04  1.51997e+00 -9.16186e-04  1.01331e+00  1.00530e+00
 3.99000e+01  1.00800e+00 -9.16280e-04  1.52006e+00 -9.09004e-04  1.01338e+00  1.00533e+00
 4.00000e+01  1.00804e+00 -9.09024e-04  1.52016e+00 -9.01772e-04  1.01344e+00  1.00535e+00
 4.01000e+01  1.00808e+00 -9.01716e-04  1.52025e+00 -8.94491e-04  1.01350e+00  1.00538e+00
 4.02000e+01  1.00811e+00 -8.94358e-04  1.52034e+00 -8.87160e-04  1.01356e+00  1.00540e+00
 4.03000e+01  1.00815e+00 -8.86949e-04  1.52043e+00 -8.79780e-04  1.01362e+00  1.00542e+00
 4.04000e+01  1.00818e+00 -8.79491e-04  1.52052e+00 -8.72351e-04  1.01368e+00  1.00545e+00
 4.05000e+01  1.00822e+00 -8.71983e-04  1.52060e+00 -8.64874e-04  1.01374e+00  1.00547e+00
 4.06000e+01  1.00825e+00 -8.64425e-04  1.52069e+00 -8.57349e-04  1.01379e+00  1.00549e+00
 4.07000e+01  1.00829e+00 -8.56819e-04  1.52078e+00 -8.49776e-04  1.01385e+00  1.00552e+00
 4.08000e+01  1.00832e+00 -8.49165e-04  1.52086e+00 -8.42156e-04  1.01391e+00  1.00554e+00
 4.09000e+01  1.00836e+00 -8.41463e-04  1.52095e+00 -8.34489e-04  1.01397e+00  1.00556e+00
 4.10000e+01  1.00839e+00 -8.33713e-04  1.52103e+00 -8.26776e-04  1.01402e+00  1.00558e+00
 4.11000e+01  1.00842e+00 -8.25915e-04  1.52111e+00 -8.19017e-04  1.01408e+00  1.00561e+00
 4.12000e+01  1.00846e+00 -8.18071e-04  1.52120e+00 -8.11212e-04  1.01413e+00  1.00563e+00
 4.13000e+01  1.00849e+00 -8.10180e-04  1.52128e+00 -8.03362e-04  1.01419e+00  1.00565e+00
 4.14000e+01  1.00852e+00 -8.02244e-04  1.52136e+00 -7.95467e-04  1.01424e+00  1.00567e+00
 4.15000e+01  1.00855e+00 -7.94262e-04  1.52144e+00 -7.87527e-04  1.01429e+00  1.00569e+00
 4.16000e+01  1.00858e+00 -7.86234e-04  1.52152e+00 -7.79543e-04  1.01435e+00  1.00571e+00
 4.17000e+01  1.00861e+00 -7.78162e-04  1.52160e+00 -7.71516e-04  1.01440e+00  1.00573e+00
 4.18000e+01  1.00864e+00 -7.70045e-04  1.52167e+00 -7.63446e-04  1.01445e+00  1.00575e+00
 4.19000e+01  1.00867e+00 -7.61885e-04  1.52175e+00 -7.55332e-04  1.01450e+00  1.00577e+00
 4.20000e+01  1.00870e+00 -7.53680e-04  1.52182e+00 -7.47176e-04  1.01455e+00  1.00579e+00
 4.21000e+01  1.00873e+00 -7.45433e-04  1.52190e+00 -7.38978e-04  1.01460e+00  1.00581e+00
 4.22000e+01  1.00876e+00 -7.37143e-04  1.52197e+00 -7.30739e-04  1.01465e+00  1.00583e+00
 4.23000e+01  1.00879e+00 -7.28811e-04  1.52205e+00 -7.22459e-04  1.01470e+00  1.00585e+00
 4.24000e+01  1.00882e+00 -7.20437e-04  1.52212e+00 -7.14137e-04  1.01475e+00  1.00587e+00
 4.25000e+01  1.00885e+00 -7.12022e-04  1.52219e+00 -7.05776e-04  1.01479e+00  1.00589e+00
 4.26000e+01  1.00888e+00 -7.03566e-04  1.52226e+00 -6.97375e-04  1.01484e+00  1.00591e+00
 4.27000e+01  1.00891e+00 -6.95069e-04  1.52233e+00 -6.88934e-04  1.01489e+00  1.00593e+00
 4.28000e+01  1.00893e+00 -6.86533e-04  1.52240e+00 -6.80454e-04  1.01493e+00  1.00595e+00
 4.29000e+01  1.00896e+00 -6.77956e-04  1.52247e+00 -6.71936e-04  1.01498e+00  1.00596e+00
 4.30000e+01  1.00899e+00 -6.69341e-04  1.52253e+00 -6.63380e-04  1.01502e+00  1.00598e+00
 4.31000e+01  1.00901e+00 -6.60688e-04  1.52260e+00 -6.54787e-04  1.01507e+00  1.00600e+00
 4.32000e+01  1.00904e+00 -6.51996e-04  1.52266e+00 -6.46156e-04  1.01511e+00  1.00602e+00
 4.33000e+01  1.00906e+00 -6.43266e-04  1.52273e+00 -6.37488e-04  1.01515e+00  1.00603e+00
 4.34000e+01  1.00909e+00 -6.34500e-04  1.52279e+00 -6.28785e-04  1.01519e+00  1.00605e+00
 4.35000e+01  1.00911e+00 -6.25696e-04  1.52285e+00 -6.20046e-04  1.01523e+00  1.00607e+00
 4.36000e+01  1.00914e+00 -6.16857e-04  1.52291e+00 -6.11271e-04  1.01528e+00  1.00608e+00
 4.37000e+01  1.00916e+00 -6.07982e-04  1.52297e+00 -6.02462e-04  1.01532e+00  1.00610e+00
 4.38000e+01  1.00919e+00 -5.99071e-04  1.52303e+00 -5.93619e-04  1.01536e+00  1.00611e+00
 4.39000e+01  1.00921e+00 -5.90126e-04  1.52309e+00 -5.84741e-04  1.01540e+00  1.00613e+00
 4.40000e+01  1.00923e+00 -5.81147e-04  1.52315e+00 -5.75831e-04  1.01543e+00  1.00614e+00
 4.41000e+01  1.00925e+00 -5.72134e-04  1.52321e+00 -5.66887e-04  1.01547e+00  1.00616e+00
 4.42000e+01  1.00928e+00 -5.63087e-04  1.52326e+00 -5.57912e-04  1.01551e+00  1.00617e+00
 4.43000e+01  1.00930e+00 -5.54008e-04  1.52332e+00 -5.48904e-04  1.01555e+00  1.00619e+00
 4.44000e+01  1.00932e+00 -5.44897e-04  1.52337e+00 -5.39865e-04  1.01558e+00  1.00620e+00
 4.45000e+01  1.00934e+00 -5.35754e-04  1.52343e+00 -5.30796e-04  1.01562e+00  1.00622e+00
 4.46000e+01  1.00936e+00 -5.26580e-04  1.52348e+00 -5.21696e-04  1.01565e+00  1.00623e+00
 4.47000e+01  1.00938e+00 -5.17375e-04  1.52353e+00 -5.12566e-04  1.01569e+00  1.00625e+00
 4.48000e+01  1.00940e+00 -5.08140e-04  1.52358e+00 -5.03407e-04  1.01572e+00  1.00626e+00
 4.49000e+01  1.00942e+00 -4.98875e-04  1.52363e+00 -4.94219e-04  1.01575e+00  1.00627e+00
 4.50000e+01  1.00944e+00 -4.89582e-04  1.52368e+00 -4.85003e-04  1.01579e+00  1.00628e+00
 4.51000e+01  1.00946e+00 -4.80259e-04  1.52373e+00 -4.75759e-04  1.01582e+00  1.00630e+00
 4.52000e+01  1.00948e+00 -4.70909e-04  1.52377e+00 -4.66487e-04  1.01585e+00  1.00631e+00
 4.53000e+01  1.00950e+00 -4.61531e-04  1.52382e+00 -4.57189e-04  1.01588e+00  1.00632e+00
 4.54000e+01  1.00952e+00 -4.52126e-04  1.52386e+00 -4.47865e-04  1.01591e+00  1.00633e+00
 4.55000e+01  1.00953e+00 -4.42695e-04  1.52391e+00 -4.38515e-04  1.01594e+00  1.00634e+00
 4.56000e+01  1.00955e+00 -4.33238e-04  1.52395e+00 -4.29140e-04  1.01597e+00  1.00636e+00
 4.57000e+01  1.00957e+00 -4.23755e-04  1.52399e+00 -4.19740e-04  1.01599e+00  1.00637e+00
 4.58000e+01  1.00958e+00 -4.14248e-04  1.52403e+00 -4.10316e-04  1.01602e+00  1.00638e+00
 4.59000e+01  1.00960e+00 -4.04716e-04  1.52407e+00 -4.00869e-04  1.01605e+00  1.00639e+00
 4.60000e+01  1.00961e+00 -3.95161e-04  1.52411e+00 -3.91398e-04  1.01607e+00  1.00640e+00
 4.61000e+01  1.00963e+00 -3.85583e-04  1.52415e+00 -3.81905e-04  1.01610e+00  1.00641e+00
 4.62000e+01  1.00964e+00 -3.75981e-04  1.52419e+00 -3.72390e-04  1.01613e+00  1.00642e+00
 4.63000e+01  1.00966e+00 -3.66358e-04  1.52422e+00 -3.62853e-04  1.01615e+00  1.00643e+00
 4.64000e+01  1.00967e+00 -3.56713e-04  1.52426e+00 -3.53296e-04  1.01617e+00  1.00644e+00
 4.65000e+01  1.00969e+00 -3.47048e-04  1.52429e+00 -3.43718e-04  1.01620e+00  1.00645e+00
 4.66000e+01  1.00970e+00 -3.37362e-04  1.52433e+00 -3.34121e-04  1.01622e+00  1.00646e+00
 4.67000e+01  1.00971e+00 -3.27656e-04  1.52436e+00 -3.24504e-04  1.01624e+00  1.00646e+00
 4.68000e+01  1.00973e+00 -3.17930e-04  1.52439e+00 -3.14868e-04  1.01626e+00  1.00647e+00
 4.69000e+01  1.00974e+00 -3.08187e-04  1.52442e+00 -3.05215e-04  1.01628e+00  1.00648e+00
 4.70000e+01  1.00975e+00 -2.98425e-04  1.52445e+00 -2.95543e-04  1.01630e+00  1.00649e+00
 4.71000e+01  1.00976e+00 -2.88645e-04  1.52448e+00 -2.85855e-04  1.01632e+00  1.00650e+00
 4.72000e+01  1.00977e+00 -2.78848e-04  1.52451e+00 -2.76150e-04  1.01634e+00  1.00650e+00
 4.73000e+01  1.00978e+00 -2.69035e-04  1.52454e+00 -2.66429e-04  1.01636e+00  1.00651e+00
 4.74000e+01  1.00979e+00 -2.59207e-04  1.52456e+00 -2.56693e-04  1.01637e+00  1.00652e+00
 4.75000e+01  1.00980e+00 -2.49362e-04  1.52459e+00 -2.46942e-04  1.01639e+00  1.00652e+00
 4.76000e+01  1.00981e+00 -2.39504e-04  1.52461e+00 -2.37177e-04  1.01641e+00  1.00653e+00
 4.77000e+01  1.00982e+00 -2.29631e-04  1.52463e+00 -2.27397e-04  1.01642e+00  1.00654e+00
 4.78000e+01  1.00983e+00 -2.19744e-04  1.52465e+00 -2.17605e-04  1.01644e+00  1.00654e+00
 4.79000e+01  1.00984e+00 -2.09845e-04  1.52468e+00 -2.07801e-04  1.01645e+00  1.00655e+00
 4.80000e+01  1.00985e+00 -1.99933e-04  1.52470e+00 -1.97984e-04  1.01646e+00  1.00655e+00
 4.81000e+01  1.00985e+00 -1.90009e-04  1.52471e+00 -1.88155e-04  1.01648e+00  1.00656e+00
 4.82000e+01  1.00986e+00 -1.80075e-04  1.52473e+00 -1.78316e-04  1.01649e+00  1.00656e+00
 4.83000e+01  1.00987e+00 -1.70129e-04  1.52475e+00 -1.68467e-04  1.01650e+00  1.00657e+00
 4.84000e+01  1.00987e+00 -1.60174e-04  1.52477e+00 -1.58608e-04  1.01651e+00  1.00657e+00
 4.85000e+01  1.00988e+00 -1.50209e-04  1.52478e+00 -1.48739e-04  1.01652e+00  1.00658e+00
 4.86000e+01  1.00989e+00 -1.40235e-04  1.52480e+00 -1.38862e-04  1.01653e+00  1.00658e+00
 4.87000e+01  1.00989e+00 -1.30253e-04  1.52481e+00 -1.28977e-04  1.01654e+00  1.00658e+00
 4.88000e+01  1.00990e+00 -1.20263e-04  1.52482e+00 -1.19084e-04  1.01655e+00  1.00659e+00
 4.89000e+01  1.00990e+00 -1.10266e-04  1.52483e+00 -1.09185e-04  1.01655e+00  1.00659e+00
 4.90000e+01  1.00990e+00 -1.00263e-04  1.52484e+00 -9.92793e-05  1.01656e+00  1.00659e+00
 4.91000e+01  1.00991e+00 -9.02532e-05  1.52485e+00 -8.93678e-05  1.01657e+00  1.00659e+00
 4.92000e+01  1.00991e+00 -8.02385e-05  1.52486e+00 -7.94511e-05  1.01657e+00  1.00660e+00
 4.93000e+01  1.00991e+00 -7.02191e-05  1.52487e+00 -6.95298e-05  1.01658e+00  1.00660e+00
 4.94000e+01  1.00992e+00 -6.01955e-05  1.52487e+00 -5.96044e-05  1.01658e+00  1.00660e+00
 4.95000e+01  1.00992e+00 -5.01683e-05  1.52488e+00 -4.96756e-05  1.01659e+00  1.00660e+00
 4.96000e+01  1.00992e+00 -4.01382e-05  1.52488e+00 -3.97440e-05  1.01659e+00  1.00660e+00
 4.97000e+01  1.00992e+00 -3.01058e-05  1.52489e+00 -2.98100e-05  1.01659e+00  1.00660e+00
 4.98000e+01  1.00992e+00 -2.00715e-05  1.52489e+00 -1.98743e-05  1.01659e+00  1.00660e+00
 4.99000e+01  1.00992e+00 -1.00360e-05  1.52489e+00 -9.93743e-06  1.01659e+00  1.00660e+00
 5.00000e+01  1.00992e+00 -3.16414e-16  1.52489e+00 -3.13304e-16  1.01659e+00  1.00660e+00
 5.01000e+01  1.00992e+00  1.00360e-05  1.52489e+00  9.93743e-06  1.01659e+00  1.00660e+00
 5.02000e+01  1.00992e+00  2.00715e-05  1.52489e+00  1.98743e-05  1.01659e+00  1.00660e+00
 5.03000e+01  1.00992e+00  3.01058e-05  1.52489e+00  2.98100e-05  1.01659e+00  1.00660e+00
 5.04000e+01  1.00992e+00  4.01382e-05  1.52488e+00  3.97440e-05  1.01659e+00  1.00660e+00
 5.05000e+01  1.00992e+00  5.01683e-05  1.52488e+00  4.96756e-05  1.01659e+00  1.00660e+00
 5.06000e+01  1.00992e+00  6.01955e-05  1.52487e+00  5.96044e-05  1.01658e+00  1.00660e+00
 5.07000e+01  1.00991e+00  7.02191e-05  1.52487e+00  6.95298e-05  1.01658e+00  1.00660e+00
 5.08000e+01  1.00991e+00  8.02385e-05  1.52486e+00  7.94511e-05  1.01657e+00  1.00660e+00
 5.09000e+01  1.00991e+00  9.02532e-05  1.52485e+00  8.93678e-05  1.01657e+00  1.00659e+00
 5.10000e+01  1.00990e+00  1.00263e-04  1.52484e+00  9.92793e-05  1.01656e+00  1.00659e+00
 5.11000e+01  1.00990e+00  1.10266e-04  1.52483e+00  1.09185e-04  1.01655e+00  1.00659e+00
 5.12000e+01  1.00990e+00  1.20263e-04  1.52482e+00  1.19084e-04  1.01655e+00  1.00659e+00
 5.13000e+01  1.00989e+00  1.30253e-04  1.52481e+00  1.28977e-04  1.01654e+00  1.00658e+00
 5.14000e+01  1.00989e+00  1.40235e-04  1.52480e+00  1.38862e-04  1.01653e+00  1.00658e+00
 5.15000e+01  1.00988e+00  1.50209e-04  1.52478e+00  1.48739e-04  1.01652e+00  1.00658e+00
 5.16000e+01  1.00987e+00  1.60174e-04  1.52477e+00  1.58608e-04  1.01651e+00  1.00657e+00
 5.17000e+01  1.00987e+00  1.70129e-04  1.52475e+00  1.68467e-04  1.01650e+00  1.00657e+00
 5.18000e+01  1.00986e+00  1.80075e-04  1.52473e+00  1.78316e-04  1.01649e+00  1.00656e+00
 5.19000e+01  1.00985e+00  1.90009e-04  1.52471e+00  1.88155e-04  1.01648e+00  1.00656e+00
 5.20000e+01  1.00985e+00  1.99933e-04  1.52470e+00  1.97984e-04  1.01646e+00  1.00655e+00
 5.21000e+01  1.00984e+00  2.09845e-04  1.52468e+00  2.07801e-04  1.01645e+00  1.00655e+00
 5.22000e+01  1.00983e+00  2.19744e-04  1.52465e+00  2.17605e-04  1.01644e+00  1.00654e+00
 5.23000e+01  1.00982e+00  2.29631e-04  1.52463e+00  2.27397e-04  1.01642e+00  1.00654e+00
 5.24000e+01  1.00981e+00  2.39504e-04  1.52461e+00  2.37177e-04  1.01641e+00  1.00653e+00
 5.25000e+01  1.00980e+00  2.49362e-04  1.52459e+00  2.46942e-04  1.01639e+00  1.00652e+00
 5.26000e+01  1.00979e+00  2.59207e-04  1.52456e+00  2.56693e-04  1.01637e+00  1.00652e+00
 5.27000e+01  1.00978e+00  2.69035e-04  1.52454e+00  2.66429e-04  1.01636e+00  1.00651e+00
 5.28000e+01  1.00977e+00  2.78848e-04  1.52451e+00  2.76150e-04  1.01634e+00  1.00650e+00
 5.29000e+01  1.00976e+00  2.88645e-04  1.52448e+00  2.85855e-04  1.01632e+00  1.00650e+00
 5.30000e+01  1.00975e+00  2.98425e-04  1.52445e+00  2.95543e-04  1.01630e+00  1.00649e+00
 5.31000e+01  1.00974e+00  3.08187e-04  1.52442e+00  3.05215e-04  1.01628e+00  1.00648e+00
 5.32000e+01  1.00973e+00  3.17930e-04  1.52439e+00  3.14868e-04  1.01626e+00  1.00647e+00
 5.33000e+01  1.00971e+00  3.27656e-04  1.52436e+00  3.24504e-04  1.01624e+00  1.00646e+00
 5.34000e+01  1.00970e+00  3.37362e-04  1.52433e+00  3.34121e-04  1.01622e+00  1.00646e+00
 5.35000e+01  1.00969e+00  3.47048e-04  1.52429e+00  3.43718e-04  1.01620e+00  1.00645e+00
 5.36000e+01  1.00967e+00  3.56713e-04  1.52426e+00  3.53296e-04  1.01617e+00  1.00644e+00
 5.37000e+01  1.00966e+00  3.66358e-04  1.52422e+00  3.62853e-04  1.01615e+00  1.00643e+00
 5.38000e+01  1.00964e+00  3.75981e-04  1.52419e+00  3.72390e-04  1.01613e+00  1.00642e+00
 5.39000e+01  1.00963e+00  3.85583e-04  1.52415e+00  3.81905e-04  1.01610e+00  1.00641e+00
 5.40000e+01  1.00961e+00  3.95161e-04  1.52411e+00  3.91398e-04  1.01607e+00  1.00640e+00
 5.41000e+01  1.00960e+00  4.04716e-04  1.52407e+00  4.00869e-04  1.01605e+00  1.00639e+00
 5.42000e+01  1.00958e+00  4.14248e-04  1.52403e+00  4.10316e-04  1.01602e+00  1.00638e+00
 5.43000e+01  1.00957e+00  4.23755e-04  1.52399e+00  4.19740e-04  1.01599e+00  1.00637e+00
 5.44000e+01  1.00955e+00  4.33238e-04  1.52395e+00  4.29140e-04  1.01597e+00  1.00636e+00
 5.45000e+01  1.00953e+00  4.42695e-04  1.52391e+00  4.38515e-04  1.01594e+00  1.00634e+00
 5.46000e+01  1.00952e+00  4.52126e-04  1.52386e+00  4.47865e-04  1.01591e+00  1.00633e+00
 5.47000e+01  1.00950e+00  4.61531e-04  1.52382e+00  4.57189e-04  1.01588e+00  1.00632e+00
 5.48000e+01  1.00948e+00  4.70909e-04  1.52377e+00  4.66487e-04  1.01585e+00  1.00631e+00
 5.49000e+01  1.00946e+00  4.80259e-04  1.52373e+00  4.75759e-04  1.01582e+00  1.00630e+00
 5.50000e+01  1.00944e+00  4.89582e-04  1.52368e+00  4.85003e-04  1.01579e+00  1.00628e+00
 5.51000e+01  1.00942e+00  4.98875e-04  1.52363e+00  4.94219e-04  1.01575e+00  1.00627e+00
 5.52000e+01  1.00940e+00  5.08140e-04  1.52358e+00  5.03407e-04  1.01572e+00  1.00626e+00
 5.53000e+01  1.00938e+00  5.17375e-04  1.52353e+00  5.12566e-04  1.01569e+00  1.00625e+00
 5.54000e+01  1.00936e+00  5.26580e-04  1.52348e+00  5.21696e-04  1.01565e+00  1.00623e+00
 5.55000e+01  1.00934e+00  5.35754e-04  1.52343e+00  5.30796e-04  1.01562e+00  1.00622e+00
 5.56000e+01  1.00932e+00  5.44897e-04  1.52337e+00  5.39865e-04  1.01558e+00  1.00620e+00
 5.57000e+01  1.00930e+00  5.54008e-04  1.52332e+00  5.48904e-04  1.01555e+00  1.00619e+00
 5.58000e+01  1.00928e+00  5.63087e-04  1.52326e+00  5.57912e-04  1.01551e+00  1.00617e+00
 5.59000e+01  1.00925e+00  5.72134e-04  1.52321e+00  5.66887e-04  1.01547e+00  1.00616e+00
 5.60000e+01  1.00923e+00  5.81147e-04  1.52315e+00  5.75831e-04  1.01543e+00  1.00614e+00
 5.61000e+01  1.00921e+00  5.90126e-04  1.52309e+00  5.84741e-04  1.01540e+00  1.00613e+00
 5.62000e+01  1.00919e+00  5.99071e-04  1.52303e+00  5.93619e-04  1.01536e+00  1.00611e+00
 5.63000e+01  1.00916e+00  6.07982e-04  1.52297e+00  6.02462e-04  1.01532e+00  1.00610e+00
 5.64000e+01  1.00914e+00  6.16857e-04  1.52291e+00  6.11271e-04  1.01528e+00  1.00608e+00
 5.65000e+01  1.00911e+00  6.25696e-04  1.52285e+00  6.20046e-04  1.01523e+00  1.00607e+00
 5.66000e+01  1.00909e+00  6.34500e-04  1.52279e+00  6.28785e-04  1.01519e+00  1.00605e+00
 5.67000e+01  1.00906e+00  6.43266e-04  1.52273e+00  6.37488e-04  1.01515e+00  1.00603e+00
 5.68000e+01  1.00904e+00  6.51996e-04  1.52266e+00  6.46156e-04  1.01511e+00  1.00602e+00
 5.69000e+01  1.00901e+00  6.60688e-04  1.52260e+00  6.54787e-04  1.01507e+00  1.00600e+00
 5.70000e+01  1.00899e+00  6.69341e-04  1.52253e+00  6.63380e-04  1.01502e+00  1.00598e+00
 5.71000e+01  1.00896e+00  6.77956e-04  1.52247e+00  6.71936e-04  1.01498e+00  1.00596e+00
 5.72000e+01  1.00893e+00  6.86533e-04  1.52240e+00  6.80454e-04  1.01493e+00  1.00595e+00
 5.73000e+01  1.00891e+00  6.95069e-04  1.52233e+00  6.88934e-04  1.01489e+00  1.00593e+00
 5.74000e+01  1.00888e+00  7.03566e-04  1.52226e+00  6.97375e-04  1.01484e+00  1.00591e+00
 5.75000e+01  1.00885e+00  7.12022e-04  1.52219e+00  7.05776e-04  1.01479e+00  1.00589e+00
 5.76000e+01  1.00882e+00  7.20437e-04  1.52212e+00  7.14137e-04  1.01475e+00  1.00587e+00
 5.77000e+01  1.00879e+00  7.28811e-04  1.52205e+00  7.22459e-04  1.01470e+00  1.00585e+00
 5.78000e+01  1.00876e+00  7.37143e-04  1.52197e+00  7.30739e-04  1.01465e+00  1.00583e+00
 5.79000e+01  1.00873e+00  7.45433e-04  1.52190e+00  7.38978e-04  1.01460e+00  1.00581e+00
 5.80000e+01  1.00870e+00  7.53680e-04  1.52182e+00  7.47176e-04  1.01455e+00  1.00579e+00
 5.81000e+01  1.00867e+00  7.61885e-04  1.52175e+00  7.55332e-04  1.01450e+00  1.00577e+00
 5.82000e+01  1.00864e+00  7.70045e-04  1.52167e+00  7.63446e-04  1.01445e+00  1.00575e+00
 5.83000e+01  1.00861e+00  7.78162e-04  1.52160e+00  7.71516e-04  1.01440e+00  1.00573e+00
 5.84000e+01  1.00858e+00  7.86234e-04  1.52152e+00  7.79543e-04  1.01435e+00  1.00571e+00
 5.85000e+01  1.00855e+00  7.94262e-04  1.52144e+00  7.87527e-04  1.01429e+00  1.00569e+00
 5.86000e+01  1.00852e+00  8.02244e-04  1.52136e+00  7.95467e-04  1.01424e+00  1.00567e+00
 5.87000e+01  1.00849e+00  8.10180e-04  1.52128e+00  8.03362e-04  1.01419e+00  1.00565e+00
 5.88000e+01  1.00846e+00  8.18071e-04  1.52120e+00  8.11212e-04  1.01413e+00  1.00563e+00
 5.89000e+01  1.00842e+00  8.25915e-04  1.52111e+00  8.19017e-04  1.01408e+00  1.00561e+00
 5.90000e+01  1.00839e+00  8.33713e-04  1.52103e+00  8.26776e-04  1.01402e+00  1.00558e+00
 5.91000e+01  1.00836e+00  8.41463e-04  1.52095e+00  8.34489e-04  1.01397e+00  1.00556e+00
 5.92000e+01  1.00832e+00  8.49165e-04  1.52086e+00  8.42156e-04  1.01391e+00  1.00554e+00
 5.93000e+01  1.00829e+00  8.56819e-04  1.52078e+00  8.49776e-04  1.01385e+00  1.00552e+00
 5.94000e+01  1.00825e+00  8.64425e-04  1.52069e+00  8.57349e-04  1.01379e+00  1.00549e+00
 5.95000e+01  1.00822e+00  8.71983e-04  1.52060e+00  8.64874e-04  1.01374e+00  1.00547e+00
 5.96000e+01  1.00818e+00  8.79491e-04  1.52052e+00  8.72351e-04  1.01368e+00  1.00545e+00
 5.97000e+01  1.00815e+00  8.86949e-04  1.52043e+00  8.79780e-04  1.01362e+00  1.00542e+00
 5.98000e+01  1.00811e+00  8.94358e-04  1.52034e+00  8.87160e-04  1.01356e+00  1.00540e+00
 5.99000e+01  1.00808e+00  9.01716e-04  1.52025e+00  8.94491e-04  1.01350e+00  1.00538e+00
 6.00000e+01  1.00804e+00  9.09024e-04  1.52016e+00  9.01772e-04  1.01344e+00  1.00535e+00
 6.01000e+01  1.00800e+00  9.16280e-04  1.52006e+00  9.09004e-04  1.01338e+00  1.00533e+00
 6.02000e+01  1.00797e+00  9.23486e-04  1.51997e+00  9.16186e-04  1.01331e+00  1.00530e+00
 6.03000e+01  1.00793e+00  9.30640e-04  1.51988e+00  9.23317e-04  1.01325e+00  1.00528e+00
 6.04000e+01  1.00789e+00  9.37741e-04  1.51978e+00  9.30398e-04  1.01319e+00  1.00525e+00
 6.05000e+01  1.00786e+00  9.44791e-04  1.51969e+00  9.37427e-04  1.01313e+00  1.00523e+00
 6.06000e+01  1.00782e+00  9.51787e-04  1.51959e+00  9.44405e-04  1.01306e+00  1.00520e+00
 6.07000e+01  1.00778e+00  9.58731e-04  1.51950e+00  9.51331e-04  1.01300e+00  1.00518e+00
 6.08000e+01  1.00774e+00  9.65621e-04  1.51940e+00  9.58205e-04  1.01293e+00  1.00515e+00
 6.09000e+01  1.00770e+00  9.72458e-04  1.51930e+00  9.65027e-04  1.01287e+00  1.00513e+00
 6.10000e+01  1.00766e+00  9.79241e-04  1.51920e+00  9.71796e-04  1.01280e+00  1.00510e+00
 6.11000e+01  1.00762e+00  9.85969e-04  1.51910e+00  9.78511e-04  1.01273e+00  1.00507e+00
 6.12000e+01  1.00758e+00  9.92643e-04  1.51900e+00  9.85174e-04  1.01267e+00  1.00505e+00
 6.13000e+01  1.00754e+00  9.99262e-04  1.51890e+00  9.91782e-04  1.01260e+00  1.00502e+00
 6.14000e+01  1.00750e+00  1.00583e-03  1.51880e+00  9.98337e-04  1.01253e+00  1.00499e+00
 6.15000e+01  1.00746e+00  1.01233e-03  1.51869e+00  1.00484e-03  1.01246e+00  1.00497e+00
 6.16000e+01  1.00742e+00  1.01879e-03  1.51859e+00  1.01128e-03  1.01239e+00  1.00494e+00
 6.17000e+01  1.00738e+00  1.02518e-03  1.51849e+00  1.01768e-03  1.01232e+00  1.00491e+00
 6.18000e+01  1.00734e+00  1.03152e-03  1.51838e+00  1.02401e-03  1.01225e+00  1.00488e+00
 6.19000e+01  1.00729e+00  1.03781e-03  1.51828e+00  1.03029e-03  1.01218e+00  1.00486e+00
 6.20000e+01  1.00725e+00  1.04403e-03  1.51817e+00  1.03652e-03  1.01211e+00  1.00483e+00
 6.21000e+01  1.00721e+00  1.05020e-03  1.51806e+00  1.04269e-03  1.01204e+00  1.00480e+00
 6.22000e+01  1.00717e+00  1.05631e-03  1.51795e+00  1.04880e-03  1.01197e+00  1.00477e+00
 6.23000e+01  1.00712e+00  1.06237e-03  1.51785e+00  1.05486e-03  1.01190e+00  1.00474e+00
 6.24000e+01  1.00708e+00  1.06837e-03  1.51774e+00  1.06086e-03  1.01182e+00  1.00471e+00
 6.25000e+01  1.00703e+00  1.07430e-03  1.51763e+00  1.06680e-03  1.01175e+00  1.00468e+00
 6.26000e+01  1.00699e+00  1.08018e-03  1.51752e+00  1.07268e-03  1.01168e+00  1.00465e+00
 6.27000e+01  1.00695e+00  1.08601e-03  1.51741e+00  1.07851e-03  1.01160e+00  1.00462e+00
 6.28000e+01  1.00690e+00  1.09177e-03  1.51729e+00  1.08428e-03  1.01153e+00  1.00460e+00
 6.29000e+01  1.00686e+00  1.09747e-03  1.51718e+00  1.09000e-03  1.01145e+00  1.00457e+00
 6.30000e+01  1.00681e+00  1.10312e-03  1.51707e+00  1.09565e-03  1.01138e+00  1.00454e+00
 6.31000e+01  1.00677e+00  1.10870e-03  1.51695e+00  1.10125e-03  1.01130e+00  1.00451e+00
 6.32000e+01  1.00672e+00  1.11423e-03  1.51684e+00  1.10679e-03  1.01123e+00  1.00447e+00
 6.33000e+01  1.00668e+00  1.11969e-03  1.51672e+00  1.11227e-03  1.01115e+00  1.00444e+00
 6.34000e+01  1.00663e+00  1.12510e-03  1.51661e+00  1.11769e-03  1.01107e+00  1.00441e+00
 6.35000e+01  1.00658e+00  1.13044e-03  1.51649e+00  1.12305e-03  1.01099e+00  1.00438e+00
 6.36000e+01  1.00654e+00  1.13572e-03  1.51637e+00  1.12835e-03  1.01092e+00  1.00435e+00
 6.37000e+01  1.00649e+00  1.14095e-03  1.51626e+00  1.13359e-03  1.01084e+00  1.00432e+00
 6.38000e+01  1.00644e+00  1.14611e-03  1.51614e+00  1.13877e-03  1.01076e+00  1.00429e+00
 6.39000e+01  1.00639e+00  1.15121e-03  1.51602e+00  1.14390e-03  1.01068e+00  1.00426e+00
 6.40000e+01  1.00635e+00  1.15625e-03  1.51590e+00  1.14896e-03  1.01060e+00  1.00423e+00
 6.41000e+01  1.00630e+00  1.16123e-03  1.51578e+00  1.15396e-03  1.01052e+00  1.00419e+00
 6.42000e+01  1.00625e+00  1.16615e-03  1.51566e+00  1.15890e-03  1.01044e+00  1.00416e+00
 6.43000e+01  1.00620e+00  1.17100e-03  1.51553e+00  1.16379e-03  1.01036e+00  1.00413e+00
 6.44000e+01  1.00615e+00  1.17580e-03  1.51541e+00  1.16861e-03  1.01027e+00  1.00410e+00
 6.45000e+01  1.00610e+00  1.18053e-03  1.51529e+00  1.17337e-03  1.01019e+00  1.00406e+00
 6.46000e+01  1.00605e+00  1.18520e-03  1.51517e+00  1.17806e-03  1.01011e+00  1.00403e+00
 6.47000e+01  1.00601e+00  1.18980e-03  1.51504e+00  1.18270e-03  1.01003e+00  1.00400e+00
 6.48000e+01  1.00596e+00  1.19435e-03  1.51492e+00  1.18728e-03  1.00994e+00  1.00397e+00
 6.49000e+01  1.00591e+00  1.19883e-03  1.51479e+00  1.19179e-03  1.00986e+00  1.00393e+00
 6.50000e+01  1.00586e+00  1.20325e-03  1.51467e+00  1.19625e-03  1.00978e+00  1.00390e+00
 6.51000e+01  1.00580e+00  1.20761e-03  1.51454e+00  1.20064e-03  1.00969e+00  1.00387e+00
 6.52000e+01  1.00575e+00  1.21190e-03  1.51441e+00  1.20497e-03  1.00961e+00  1.00383e+00
 6.53000e+01  1.00570e+00  1.21613e-03  1.51428e+00  1.20923e-03  1.00952e+00  1.00380e+00
 6.54000e+01  1.00565e+00  1.22030e-03  1.51416e+00  1.21344e-03  1.00944e+00  1.00376e+00
 6.55000e+01  1.00560e+00  1.22440e-03  1.51403e+00  1.21758e-03  1.00935e+00  1.00373e+00
 6.56000e+01  1.00555e+00  1.22844e-03  1.51390e+00  1.22166e-03  1.00927e+00  1.00370e+00
 6.57000e+01  1.00550e+00  1.23242e-03  1.51377e+00  1.22568e-03  1.00918e+00  1.00366e+00
 6.58000e+01  1.00545e+00  1.23634e-03  1.51364e+00  1.22964e-03  1.00909e+00  1.00363e+00
 6.59000e+01  1.00539e+00  1.24019e-03  1.51351e+00  1.23353e-03  1.00900e+00  1.00359e+00
 6.60000e+01  1.00534e+00  1.24397e-03  1.51337e+00  1.23736e-03  1.00892e+00  1.00356e+00
 6.61000e+01  1.00529e+00  1.24770e-03  1.51324e+00  1.24113e-03  1.00883e+00  1.00352e+00
 6.62000e+01  1.00524e+00  1.25135e-03  1.51311e+00  1.24484e-03  1.00874e+00  1.00349e+00
 6.63000e+01  1.00518e+00  1.25495e-03  1.51298e+00  1.24848e-03  1.00865e+00  1.00345e+00
 6.64000e+01  1.00513e+00  1.25848e-03  1.51284e+00  1.25206e-03  1.00856e+00  1.00342e+00
 6.65000e+01  1.00508e+00  1.26195e-03  1.51271e+00  1.25558e-03  1.00847e+00  1.00338e+00
 6.66000e+01  1.00502e+00  1.26535e-03  1.51258e+00  1.25903e-03  1.00838e+00  1.00334e+00
 6.67000e+01  1.00497e+00  1.26869e-03  1.51244e+00  1.26242e-03  1.00829e+00  1.00331e+00
 6.68000e+01  1.00491e+00  1.27197e-03  1.51230e+00  1.26575e-03  1.00820e+00  1.00327e+00
 6.69000e+01  1.00486e+00  1.27518e-03  1.51217e+00  1.26901e-03  1.00811e+00  1.00324e+00
 6.70000e+01  1.00481e+00  1.27833e-03  1.51203e+00  1.27221e-03  1.00802e+00  1.00320e+00
 6.71000e+01  1.00475e+00  1.28141e-03  1.51189e+00  1.27535e-03  1.00793e+00  1.00316e+00
 6.72000e+01  1.00470e+00  1.28443e-03  1.51176e+00  1.27842e-03  1.00784e+00  1.00313e+00
 6.73000e+01  1.00464e+00  1.28738e-03  1.51162e+00  1.28143e-03  1.00775e+00  1.00309e+00
 6.74000e+01  1.00459e+00  1.29027e-03  1.51148e+00  1.28438e-03  1.00765e+00  1.00305e+00
 6.75000e+01  1.00453e+00  1.29310e-03  1.51134e+00  1.28727e-03  1.00756e+00  1.00302e+00
 6.76000e+01  1.00447e+00  1.29586e-03  1.51120e+00  1.29009e-03  1.00747e+00  1.00298e+00
 6.77000e+01  1.00442e+00  1.29856e-03  1.51106e+00  1.29284e-03  1.00738e+00  1.00294e+00
 6.78000e+01  1.00436e+00  1.30119e-03  1.51092e+00  1.29554e-03  1.00728e+00  1.00291e+00
 6.79000e+01  1.00431e+00  1.30376e-03  1.51078e+00  1.29817e-03  1.00719e+00  1.00287e+00
 6.80000e+01  1.00425e+00  1.30626e-03  1.51064e+00  1.30074e-03  1.00709e+00  1.00283e+00
 6.81000e+01  1.00419e+00  1.30871e-03  1.51050e+00  1.30324e-03  1.00700e+00  1.00279e+00
 6.82000e+01  1.00414e+00  1.31108e-03  1.51036e+00  1.30568e-03  1.00691e+00  1.00276e+00
 6.83000e+01  1.00408e+00  1.31340e-03  1.51022e+00  1.30806e-03  1.00681e+00  1.00272e+00
 6.84000e+01  1.00402e+00  1.31564e-03  1.51007e+00  1.31037e-03  1.00672e+00  1.00268e+00
 6.85000e+01  1.00397e+00  1.31783e-03  1.50993e+00  1.31262e-03  1.00662e+00  1.00264e+00
 6.86000e+01  1.00391e+00  1.31995e-03  1.50979e+00  1.31481e-03  1.00652e+00  1.00260e+00
 6.87000e+01  1.00385e+00  1.32201e-03  1.50964e+00  1.31693e-03  1.00643e+00  1.00257e+00
 6.88000e+01  1.00379e+00  1.32400e-03  1.50950e+00  1.31899e-03  1.00633e+00  1.00253e+00
 6.89000e+01  1.00374e+00  1.32593e-03  1.50935e+00  1.32099e-03  1.00624e+00  1.00249e+00
 6.90000e+01  1.00368e+00  1.32780e-03  1.50921e+00  1.32293e-03  1.00614e+00  1.00245e+00
 6.91000e+01  1.00362e+00  1.32960e-03  1.50906e+00  1.32480e-03  1.00604e+00  1.00241e+00
 6.92000e+01  1.00356e+00  1.33134e-03  1.50892e+00  1.32661e-03  1.00594e+00  1.00237e+00
 6.93000e+01  1.00350e+00  1.33301e-03  1.50877e+00  1.32835e-03  1.00585e+00  1.00233e+00
 6.94000e+01  1.00345e+00  1.33462e-03  1.50862e+00  1.33004e-03  1.00575e+00  1.00230e+00
 6.95000e+01  1.00339e+00  1.33617e-03  1.50848e+00  1.33166e-03  1.00565e+00  1.00226e+00
 6.96000e+01  1.00333e+00  1.33765e-03  1.50833e+00  1.33322e-03  1.00555e+00  1.00222e+00
 6.97000e+01  1.00327e+00  1.33908e-03  1.50818e+00  1.33471e-03  1.00546e+00  1.00218e+00
 6.98000e+01  1.00321e+00  1.34044e-03  1.50804e+00  1.33614e-03  1.00536e+00  1.00214e+00
 6.99000e+01  1.00315e+00  1.34173e-03  1.50789e+00  1.33752e-03  1.00526e+00  1.00210e+00
 7.00000e+01  1.00309e+00  1.34296e-03  1.50774e+00  1.33882e-03  1.00516e+00  1.00206e+00
 7.01000e+01  1.00303e+00  1.34413e-03  1.50759e+00  1.34007e-03  1.00506e+00  1.00202e+00
 7.02000e+01  1.00297e+00  1.34524e-03  1.50744e+00  1.34125e-03  1.00496e+00  1.00198e+00
 7.03000e+01  1.00291e+00  1.34629e-03  1.50729e+00  1.34237e-03  1.00486e+00  1.00194e+00
 7.04000e+01  1.00285e+00  1.34727e-03  1.50714e+00  1.34343e-03  1.00476e+00  1.00190e+00
 7.05000e+01  1.00279e+00  1.34819e-03  1.50699e+00  1.34443e-03  1.00466e+00  1.00186e+00
 7.06000e+01  1.00273e+00  1.34905e-03  1.50684e+00  1.34537e-03  1.00456e+00  1.00182e+00
 7.07000e+01  1.00267e+00  1.34984e-03  1.50669e+00  1.34624e-03  1.00446e+00  1.00178e+00
 7.08000e+01  1.00261e+00  1.35058e-03  1.50654e+00  1.34706e-03  1.00436e+00  1.00174e+00
 7.09000e+01  1.00255e+00  1.35125e-03  1.50639e+00  1.34781e-03  1.00426e+00  1.00170e+00
 7.10000e+01  1.00249e+00  1.35186e-03  1.50624e+00  1.34850e-03  1.00416e+00  1.00166e+00
 7.11000e+01  1.00243e+00  1.35241e-03  1.50609e+00  1.34913e-03  1.00406e+00  1.00162e+00
 7.12000e+01  1.00237e+00  1.35290e-03  1.50594e+00  1.34970e-03  1.00396e+00  1.00158e+00
 7.13000e+01  1.00231e+00  1.35333e-03  1.50578e+00  1.35021e-03  1.00386e+00  1.00154e+00
 7.14000e+01  1.00225e+00  1.35370e-03  1.50563e+00  1.35065e-03  1.00375e+00  1.00150e+00
 7.15000e+01  1.00219e+00  1.35400e-03  1.50548e+00  1.35104e-03  1.00365e+00  1.00146e+00
 7.16000e+01  1.00213e+00  1.35425e-03  1.50533e+00  1.35137e-03  1.00355e+00  1.00142e+00
 7.17000e+01  1.00207e+00  1.35443e-03  1.50517e+00  1.35164e-03  1.00345e+00  1.00138e+00
 7.18000e+01  1.00201e+00  1.35456e-03  1.50502e+00  1.35184e-03  1.00335e+00  1.00134e+00
 7.19000e+01  1.00195e+00  1.35462e-03  1.50487e+00  1.35199e-03  1.00325e+00  1.00130e+00
 7.20000e+01  1.00189e+00  1.35463e-03  1.50472e+00  1.35208e-03  1.00314e+00  1.00126e+00
 7.21000e+01  1.00182e+00  1.35457e-03  1.50456e+00  1.35210e-03  1.00304e+00  1.00122e+00
 7.22000e+01  1.00176e+00  1.35446e-03  1.50441e+00  1.35207e-03  1.00294e+00  1.00117e+00
 7.23000e+01  1.00170e+00  1.35428e-03  1.50425e+00  1.35198e-03  1.00284e+00  1.00113e+00
 7.24000e+01  1.00164e+00  1.35405e-03  1.50410e+00  1.35183e-03  1.00273e+00  1.00109e+00
 7.25000e+01  1.00158e+00  1.35376e-03  1.50395e+00  1.35162e-03  1.00263e+00  1.00105e+00
 7.26000e+01  1.00152e+00  1.35341e-03  1.50379e+00  1.35136e-03  1.00253e+00  1.00101e+00
 7.27000e+01  1.00145e+00  1.35300e-03  1.50364e+00  1.35103e-03  1.00242e+00  1.00097e+00
 7.28000e+01  1.00139e+00  1.35253e-03  1.50348e+00  1.35065e-03  1.00232e+00  1.00093e+00
 7.29000e+01  1.00133e+00  1.35200e-03  1.50333e+00  1.35021e-03  1.00222e+00  1.00089e+00
 7.30000e+01  1.00127e+00  1.35142e-03  1.50317e+00  1.34971e-03  1.00211e+00  1.00085e+00
 7.31000e+01  1.00121e+00  1.35078e-03  1.50302e+00  1.34915e-03  1.00201e+00  1.00080e+00
 7.32000e+01  1.00114e+00  1.35008e-03  1.50286e+00  1.34854e-03  1.00191e+00  1.00076e+00
 7.33000e+01  1.00108e+00  1.34932e-03  1.50271e+00  1.34786e-03  1.00180e+00  1.00072e+00
 7.34000e+01  1.00102e+00  1.34851e-03  1.50255e+00  1.34714e-03  1.00170e+00  1.00068e+00
 7.35000e+01  1.00096e+00  1.34764e-03  1.50240e+00  1.34635e-03  1.00160e+00  1.00064e+00
 7.36000e+01  1.00090e+00  1.34671e-03  1.50224e+00  1.34551e-03  1.00149e+00  1.00060e+00
 7.37000e+01  1.00083e+00  1.34573e-03  1.50208e+00  1.34461e-03  1.00139e+00  1.00056e+00
 7.38000e+01  1.00077e+00  1.34469e-03  1.50193e+00  1.34366e-03  1.00129e+00  1.00051e+00
 7.39000e+01  1.00071e+00  1.34360e-03  1.50177e+00  1.34265e-03  1.00118e+00  1.00047e+00
 7.40000e+01  1.00065e+00  1.34245e-03  1.50162e+00  1.34158e-03  1.00108e+00  1.00043e+00
 7.41000e+01  1.00058e+00  1.34124e-03  1.50146e+00  1.34046e-03  1.00097e+00  1.00039e+00
 7.42000e+01  1.00052e+00  1.33998e-03  1.50130e+00  1.33928e-03  1.00087e+00  1.00035e+00
 7.43000e+01  1.00046e+00  1.33867e-03  1.50115e+00  1.33805e-03  1.00077e+00  1.00031e+00
 7.44000e+01  1.00040e+00  1.33730e-03  1.50099e+00  1.33677e-03  1.00066e+00  1.00026e+00
 7.45000e+01  1.00033e+00  1.33587e-03  1.50084e+00  1.33543e-03  1.00056e+00  1.00022e+00
 7.46000e+01  1.00027e+00  1.33440e-03  1.50068e+00  1.33403e-03  1.00045e+00  1.00018e+00
 7.47000e+01  1.00021e+00  1.33286e-03  1.50052e+00  1.33258e-03  1.00035e+00  1.00014e+00
 7.48000e+01  1.00015e+00  1.33128e-03  1.50037e+00  1.33108e-03  1.00024e+00  1.00010e+00
 7.49000e+01  1.00008e+00  1.32964e-03  1.50021e+00  1.32953e-03  1.00014e+00  1.00006e+00
 7.50000e+01  1.00002e+00  1.32795e-03  1.50005e+00  1.32792e-03  1.00004e+00  1.00001e+00
 7.51000e+01  9.99959e-01  1.32620e-03  1.49990e+00  1.32626e-03  9.99932e-01  9.99973e-01
 7.52000e+01  9.99897e-01  1.32441e-03  1.49974e+00  1.32454e-03  9.99828e-01  9.99931e-01
 7.53000e+01  9.99834e-01  1.32256e-03  1.49959e+00  1.32278e-03  9.99724e-01  9.99889e-01
 7.54000e+01  9.99772e-01  1.32066e-03  1.49943e+00  1.32096e-03  9.99619e-01  9.99848e-01
 7.55000e+01  9.99709e-01  1.31870e-03  1.49927e+00  1.31909e-03  9.99515e-01  9.99806e-01
 7.56000e+01  9.99647e-01  1.31670e-03  1.49912e+00  1.31716e-03  9.99411e-01  9.99764e-01
 7.57000e+01  9.99584e-01  1.31464e-03  1.49896e+00  1.31519e-03  9.99307e-01  9.99723e-01
 7.58000e+01  9.99522e-01  1.31254e-03  1.49880e+00  1.31317e-03  9.99203e-01  9.99681e-01
 7.59000e+01  9.99459e-01  1.31038e-03  1.49865e+00  1.31109e-03  9.99099e-01  9.99639e-01
 7.60000e+01  9.99397e-01  1.30817e-03  1.49849e+00  1.30896e-03  9.98995e-01  9.99598e-01
 7.61000e+01  9.99334e-01  1.30592e-03  1.49834e+00  1.30679e-03  9.98891e-01  9.99556e-01
 7.62000e+01  9.99272e-01  1.30361e-03  1.49818e+00  1.30456e-03  9.98787e-01  9.99515e-01
 7.63000e+01  9.99209e-01  1.30126e-03  1.49802e+00  1.30229e-03  9.98683e-01  9.99473e-01
 7.64000e+01  9.99147e-01  1.29885e-03  1.49787e+00  1.29996e-03  9.98579e-01  9.99431e-01
 7.65000e+01  9.99085e-01  1.29640e-03  1.49771e+00  1.29759e-03  9.98475e-01  9.99390e-01
 7.66000e+01  9.99022e-01  1.29390e-03  1.49756e+00  1.29516e-03  9.98372e-01  9.99348e-01
 7.67000e+01  9.98960e-01  1.29135e-03  1.49740e+00  1.29269e-03  9.98268e-01  9.99307e-01
 7.68000e+01  9.98898e-01  1.28875e-03  1.49725e+00  1.29017e-03  9.98164e-01  9.99265e-01
 7.69000e+01  9.98836e-01  1.28610e-03  1.49709e+00  1.28760e-03  9.98061e-01  9.99224e-01
 7.70000e+01  9.98774e-01  1.28341e-03  1.49694e+00  1.28499e-03  9.97957e-01  9.99183e-01
 7.71000e+01  9.98712e-01  1.28067e-03  1.49678e+00  1.28233e-03  9.97854e-01  9.99141e-01
 7.72000e+01  9.98650e-01  1.27789e-03  1.49663e+00  1.27962e-03  9.97751e-01  9.99100e-01
 7.73000e+01  9.98588e-01  1.27505e-03  1.49647e+00  1.27686e-03  9.97647e-01  9.99058e-01
 7.74000e+01  9.98526e-01  1.27218e-03  1.49632e+00  1.27406e-03  9.97544e-01  9.99017e-01
 7.75000e+01  9.98464e-01  1.26925e-03  1.49616e+00  1.27121e-03  9.97441e-01  9.98976e-01
 7.76000e+01  9.98402e-01  1.26628e-03  1.49601e+00  1.26831e-03  9.97338e-01  9.98935e-01
 7.77000e+01  9.98340e-01  1.26327e-03  1.49585e+00  1.26537e-03  9.97236e-01  9.98894e-01
 7.78000e+01  9.98279e-01  1.26021e-03  1.49570e+00  1.26238e-03  9.97133e-01  9.98852e-01
 7.79000e+01  9.98217e-01  1.25711e-03  1.49555e+00  1.25935e-03  9.97030e-01  9.98811e-01
 7.80000e+01  9.98155e-01  1.25396e-03  1.49539e+00  1.25628e-03  9.96928e-01  9.98770e-01
 7.81000e+01  9.98094e-01  1.25077e-03  1.49524e+00  1.25316e-03  9.96826e-01  9.98729e-01
 7.82000e+01  9.98032e-01  1.24753e-03  1.49508e+00  1.24999e-03  9.96723e-01  9.98688e-01
 7.83000e+01  9.97971e-01  1.24426e-03  1.49493e+00  1.24678e-03  9.96621e-01  9.98647e-01
 7.84000e+01  9.97910e-01  1.24093e-03  1.49478e+00  1.24353e-03  9.96519e-01  9.98607e-01
 7.85000e+01  9.97849e-01  1.23757e-03  1.49463e+00  1.24024e-03  9.96417e-01  9.98566e-01
 7.86000e+01  9.97788e-01  1.23417e-03  1.49447e+00  1.23690e-03  9.96316e-01  9.98525e-01
 7.87000e+01  9.97727e-01  1.23072e-03  1.49432e+00  1.23352e-03  9.96214e-01  9.98484e-01
 7.88000e+01  9.97666e-01  1.22723e-03  1.49417e+00  1.23010e-03  9.96113e-01  9.98444e-01
 7.89000e+01  9.97605e-01  1.22370e-03  1.49402e+00  1.22664e-03  9.96012e-01  9.98403e-01
 7.90000e+01  9.97544e-01  1.22013e-03  1.49387e+00  1.22313e-03  9.95911e-01  9.98363e-01
 7.91000e+01  9.97483e-01  1.21652e-03  1.49371e+00  1.21959e-03  9.95810e-01  9.98322e-01
 7.92000e+01  9.97423e-01  1.21286e-03  1.49356e+00  1.21600e-03  9.95709e-01  9.98282e-01
 7.93000e+01  9.97362e-01  1.20917e-03  1.49341e+00  1.21237e-03  9.95608e-01  9.98241e-01
 7.94000e+01  9.97302e-01  1.20544e-03  1.49326e+00  1.20870e-03  9.95508e-01  9.98201e-01
 7.95000e+01  9.97242e-01  1.20167e-03  1.49311e+00  1.20499e-03  9.95408e-01  9.98161e-01
 7.96000e+01  9.97182e-01  1.19786e-03  1.49296e+00  1.20125e-03  9.95308e-01  9.98121e-01
 7.97000e+01  9.97122e-01  1.19401e-03  1.49281e+00  1.19746e-03  9.95208e-01  9.98081e-01
 7.98000e+01  9.97062e-01  1.19013e-03  1.49266e+00  1.19363e-03  9.95108e-01  9.98041e-01
 7.99000e+01  9.97002e-01  1.18620e-03  1.49251e+00  1.18977e-03  9.95009e-01  9.98001e-01
 8.00000e+01  9.96942e-01  1.18224e-03  1.49236e+00  1.18587e-03  9.94910e-01  9.97961e-01
 8.01000e+01  9.96883e-01  1.17824e-03  1.49222e+00  1.18192e-03  9.94811e-01  9.97921e-01
 8.02000e+01  9.96823e-01  1.17420e-03  1.49207e+00  1.17795e-03  9.94712e-01  9.97882e-01
 8.03000e+01  9.96764e-01  1.17013e-03  1.49192e+00  1.17393e-03  9.94613e-01  9.97842e-01
 8.04000e+01  9.96705e-01  1.16602e-03  1.49177e+00  1.16988e-03  9.94515e-01  9.97803e-01
 8.05000e+01  9.96646e-01  1.16188e-03  1.49162e+00  1.16579e-03  9.94416e-01  9.97763e-01
 8.06000e+01  9.96587e-01  1.15769e-03  1.49148e+00  1.16166e-03  9.94318e-01  9.97724e-01
 8.07000e+01  9.96528e-01  1.15348e-03  1.49133e+00  1.15750e-03  9.94221e-01  9.97685e-01
 8.08000e+01  9.96469e-01  1.14923e-03  1.49118e+00  1.15330e-03  9.94123e-01  9.97646e-01
 8.09000e+01  9.96411e-01  1.14494e-03  1.49104e+00  1.14906e-03  9.94026e-01  9.97606e-01
 8.10000e+01  9.96352e-01  1.14062e-03  1.49089e+00  1.14479e-03  9.93929e-01  9.97567e-01
 8.11000e+01  9.96294e-01  1.13626e-03  1.49075e+00  1.14049e-03  9.93832e-01  9.97529e-01
 8.12000e+01  9.96236e-01  1.13188e-03  1.49060e+00  1.13615e-03  9.93735e-01  9.97490e-01
 8.13000e+01  9.96178e-01  1.12745e-03  1.49046e+00  1.13178e-03  9.93639e-01  9.97451e-01
 8.14000e+01  9.96120e-01  1.12300e-03  1.49031e+00  1.12737e-03  9.93543e-01  9.97413e-01
 8.15000e+01  9.96063e-01  1.11851e-03  1.49017e+00  1.12293e-03  9.93447e-01  9.97374e-01
 8.16000e+01  9.96005e-01  1.11399e-03  1.49003e+00  1.11846e-03  9.93352e-01  9.97336e-01
 8.17000e+01  9.95948e-01  1.10944e-03  1.48988e+00  1.11395e-03  9.93256e-01  9.97297e-01
 8.18000e+01  9.95891e-01  1.10485e-03  1.48974e+00  1.10941e-03  9.93161e-01  9.97259e-01
 8.19000e+01  9.95834e-01  1.10024e-03  1.48960e+00  1.10484e-03  9.93067e-01  9.97221e-01
 8.20000e+01  9.95777e-01  1.09559e-03  1.48946e+00  1.10024e-03  9.92972e-01  9.97183e-01
 8.21000e+01  9.95720e-01  1.09091e-03  1.48932e+00  1.09560e-03  9.92878e-01  9.97145e-01
 8.22000e+01  9.95664e-01  1.08621e-03  1.48918e+00  1.09094e-03  9.92784e-01  9.97108e-01
 8.23000e+01  9.95607e-01  1.08147e-03  1.48904e+00  1.08624e-03  9.92690e-01  9.97070e-01
 8.24000e+01  9.95551e-01  1.07670e-03  1.48890e+00  1.08151e-03  9.92597e-01  9.97033e-01
 8.25000e+01  9.95495e-01  1.07190e-03  1.48876e+00  1.07675e-03  9.92504e-01  9.96995e-01
 8.26000e+01  9.95439e-01  1.06708e-03  1.48862e+00  1.07196e-03  9.92411e-01  9.96958e-01
 8.27000e+01  9.95384e-01  1.06222e-03  1.48848e+00  1.06715e-03  9.92319e-01  9.96921e-01
 8.28000e+01  9.95328e-01  1.05733e-03  1.48834e+00  1.06230e-03  9.92227e-01  9.96884e-01
 8.29000e+01  9.95273e-01  1.05242e-03  1.48820e+00  1.05742e-03  9.92135e-01  9.96847e-01
 8.30000e+01  9.95218e-01  1.04748e-03  1.48806e+00  1.05251e-03  9.92043e-01  9.96810e-01
 8.31000e+01  9.95163e-01  1.04251e-03  1.48793e+00  1.04758e-03  9.91952e-01  9.96773e-01
 8.32000e+01  9.95108e-01  1.03752e-03  1.48779e+00  1.04262e-03  9.91861e-01  9.96737e-01
 8.33000e+01  9.95054e-01  1.03249e-03  1.48766e+00  1.03763e-03  9.91770e-01  9.96700e-01
 8.34000e+01  9.94999e-01  1.02744e-03  1.48752e+00  1.03261e-03  9.91680e-01  9.96664e-01
 8.35000e+01  9.94945e-01  1.02237e-03  1.48739e+00  1.02756e-03  9.91590e-01  9.96628e-01
 8.36000e+01  9.94891e-01  1.01726e-03  1.48725e+00  1.02249e-03  9.91501e-01  9.96592e-01
 8.37000e+01  9.94837e-01  1.01214e-03  1.48712e+00  1.01739e-03  9.91411e-01  9.96556e-01
 8.38000e+01  9.94784e-01  1.00698e-03  1.48698e+00  1.01226e-03  9.91323e-01  9.96520e-01
 8.39000e+01  9.94731e-01  1.00180e-03  1.48685e+00  1.00711e-03  9.91234e-01  9.96485e-01
 8.40000e+01  9.94678e-01  9.96600e-04  1.48672e+00  1.00193e-03  9.91146e-01  9.96449e-01
 8.41000e+01  9.94625e-01  9.91371e-04  1.48659e+00  9.96729e-04  9.91058e-01  9.96414e-01
 8.42000e+01  9.94572e-01  9.86118e-04  1.48646e+00  9.91500e-04  9.90970e-01  9.96379e-01
 8.43000e+01  9.94519e-01  9.80841e-04  1.48632e+00  9.86247e-04  9.90883e-01  9.96344e-01
 8.44000e+01  9.94467e-01  9.75541e-04  1.48619e+00  9.80968e-04  9.90796e-01  9.96309e-01
 8.45000e+01  9.94415e-01  9.70216e-04  1.48607e+00  9.75665e-04  9.90710e-01  9.96274e-01
 8.46000e+01  9.94363e-01  9.64869e-04  1.48594e+00  9.70339e-04  9.90624e-01  9.96239e-01
 8.47000e+01  9.94312e-01  9.59499e-04  1.48581e+00  9.64988e-04  9.90538e-01  9.96205e-01
 8.48000e+01  9.94260e-01  9.54106e-04  1.48568e+00  9.59614e-04  9.90453e-01  9.96171e-01
 8.49000e+01  9.94209e-01  9.48691e-04  1.48555e+00  9.54216e-04  9.90368e-01  9.96137e-01
 8.50000e+01  9.94158e-01  9.43253e-04  1.48543e+00  9.48796e-04  9.90283e-01  9.96103e-01
 8.51000e+01  9.94108e-01  9.37795e-04  1.48530e+00  9.43353e-04  9.90199e-01  9.96069e-01
 8.52000e+01  9.94057e-01  9.32314e-04  1.48517e+00  9.37888e-04  9.90116e-01  9.96035e-01
 8.53000e+01  9.94007e-01  9.26813e-04  1.48505e+00  9.32401e-04  9.90032e-01  9.96001e-01
 8.54000e+01  9.93957e-01  9.21290e-04  1.48492e+00  9.26891e-04  9.89949e-01  9.95968e-01
 8.55000e+01  9.93907e-01  9.15747e-04  1.48480e+00  9.21361e-04  9.89867e-01  9.95935e-01
 8.56000e+01  9.93858e-01  9.10184e-04  1.48468e+00  9.15809e-04  9.89784e-01  9.95902e-01
 8.57000e+01  9.93808e-01  9.04600e-04  1.48455e+00  9.10236e-04  9.89703e-01  9.95869e-01
 8.58000e+01  9.93759e-01  8.98997e-04  1.48443e+00  9.04642e-04  9.89621e-01  9.95836e-01
 8.59000e+01  9.93710e-01  8.93374e-04  1.48431e+00  8.99028e-04  9.89540e-01  9.95803e-01
 8.60000e+01  9.93662e-01  8.87732e-04  1.48419e+00  8.93394e-04  9.89460e-01  9.95771e-01
 8.61000e+01  9.93614e-01  8.82071e-04  1.48407e+00  8.87740e-04  9.89380e-01  9.95739e-01
 8.62000e+01  9.93566e-01  8.76391e-04  1.48395e+00  8.82067e-04  9.89300e-01  9.95707e-01
 8.63000e+01  9.93518e-01  8.70693e-04  1.48383e+00  8.76373e-04  9.89221e-01  9.95675e-01
 8.64000e+01  9.93470e-01  8.64976e-04  1.48371e+00  8.70661e-04  9.89142e-01  9.95643e-01
 8.65000e+01  9.93423e-01  8.59242e-04  1.48359e+00  8.64930e-04  9.89063e-01  9.95611e-01
 8.66000e+01  9.93376e-01  8.53490e-04  1.48348e+00  8.59181e-04  9.88985e-01  9.95580e-01
 8.67000e+01  9.93329e-01  8.47720e-04  1.48336e+00  8.53413e-04  9.88908e-01  9.95549e-01
 8.68000e+01  9.93283e-01  8.41933e-04  1.48325e+00  8.47627e-04  9.88831e-01  9.95518e-01
 8.69000e+01  9.93237e-01  8.36130e-04  1.48313e+00  8.41823e-04  9.88754e-01  9.95487e-01
 8.70000e+01  9.93191e-01  8.30310e-04  1.48302e+00  8.36002e-04  9.88678e-01  9.95456e-01
 8.71000e+01  9.93145e-01  8.24473e-04  1.48290e+00  8.30164e-04  9.88602e-01  9.95426e-01
 8.72000e+01  9.93100e-01  8.18620e-04  1.48279e+00  8.24308e-04  9.88527e-01  9.95395e-01
 8.73000e+01  9.93054e-01  8.12751e-04  1.48268e+00  8.18435e-04  9.88452e-01  9.95365e-01
 8.74000e+01  9.93010e-01  8.06866e-04  1.48257e+00  8.12546e-04  9.88377e-01  9.95335e-01
 8.75000e+01  9.92965e-01  8.00966e-04  1.48246e+00  8.06641e-04  9.88303e-01  9.95305e-01
 8.76000e+01  9.92921e-01  7.95051e-04  1.48234e+00  8.00720e-04  9.88230e-01  9.95276e-01
 8.77000e+01  9.92877e-01  7.89121e-04  1.48224e+00  7.94782e-04  9.88157e-01  9.95246e-01
 8.78000e+01  9.92833e-01  7.83176e-04  1.48213e+00  7.88830e-04  9.88084e-01  9.95217e-01
 8.79000e+01  9.92790e-01  7.77217e-04  1.48202e+00  7.82861e-04  9.88012e-01  9.95188e-01
 8.80000e+01  9.92746e-01  7.71243e-04  1.48191e+00  7.76878e-04  9.87941e-01  9.95159e-01
 8.81000e+01  9.92703e-01  7.65255e-04  1.48180e+00  7.70880e-04  9.87869e-01  9.95130e-01
 8.82000e+01  9.92661e-01  7.59253e-04  1.48170e+00  7.64867e-04  9.87799e-01  9.95102e-01
 8.83000e+01  9.92619e-01  7.53238e-04  1.48159e+00  7.58839e-04  9.87729e-01  9.95074e-01
 8.84000e+01  9.92577e-01  7.47209e-04  1.48149e+00  7.52798e-04  9.87659e-01  9.95046e-01
 8.85000e+01  9.92535e-01  7.41167e-04  1.48138e+00  7.46742e-04  9.87590e-01  9.95018e-01
 8.86000e+01  9.92493e-01  7.35113e-04  1.48128e+00  7.40673e-04  9.87521e-01  9.94990e-01
 8.87000e+01  9.92452e-01  7.29045e-04  1.48118e+00  7.34590e-04  9.87453e-01  9.94963e-01
 8.88000e+01  9.92411e-01  7.22965e-04  1.48108e+00  7.28493e-04  9.87385e-01  9.94935e-01
 8.89000e+01  9.92371e-01  7.16873e-04  1.48098e+00  7.22384e-04  9.87318e-01  9.94908e-01
 8.90000e+01  9.92331e-01  7.10768e-04  1.48088e+00  7.16262e-04  9.87251e-01  9.94881e-01
 8.91000e+01  9.92291e-01  7.04652e-04  1.48078e+00  7.10126e-04  9.87185e-01  9.94855e-01
 8.92000e+01  9.92251e-01  6.98524e-04  1.48068e+00  7.03979e-04  9.87119e-01  9.94828e-01
 8.93000e+01  9.92212e-01  6.92384e-04  1.48058e+00  6.97819e-04  9.87054e-01  9.94802e-01
 8.94000e+01  9.92173e-01  6.86233e-04  1.48048e+00  6.91647e-04  9.86989e-01  9.94776e-01
 8.95000e+01  9.92134e-01  6.80071e-04  1.48039e+00  6.85463e-04  9.86925e-01  9.94750e-01
 8.96000e+01  9.92096e-01  6.73899e-04  1.48029e+00  6.79268e-04  9.86862e-01  9.94724e-01
 8.97000e+01  9.92058e-01  6.67715e-04  1.48020e+00  6.73061e-04  9.86798e-01  9.94699e-01
 8.98000e+01  9.92020e-01  6.61521e-04  1.48010e+00  6.66842e-04  9.86736e-01  9.94673e-01
 8.99000e+01  9.91982e-01  6.55317e-04  1.48001e+00  6.60613e-04  9.86674e-01  9.94648e-01
 9.00000e+01  9.91945e-01  6.49102e-04  1.47992e+00  6.54373e-04  9.86612e-01  9.94624e-01
 9.01000e+01  9.91909e-01  6.42878e-04  1.47983e+00  6.48122e-04  9.86551e-01  9.94599e-01
 9.02000e+01  9.91872e-01  6.36643e-04  1.47974e+00  6.41860e-04  9.86491e-01  9.94575e-01
 9.03000e+01  9.91836e-01  6.30399e-04  1.47965e+00  6.35588e-04  9.86431e-01  9.94550e-01
 9.04000e+01  9.91800e-01  6.24146e-04  1.47956e+00  6.29306e-04  9.86371e-01  9.94526e-01
 9.05000e+01  9.91765e-01  6.17884e-04  1.47947e+00  6.23014e-04  9.86313e-01  9.94503e-01
 9.06000e+01  9.91729e-01  6.11612e-04  1.47938e+00  6.16713e-04  9.86254e-01  9.94479e-01
 9.07000e+01  9.91694e-01  6.05332e-04  1.47929e+00  6.10401e-04  9.86196e-01  9.94456e-01
 9.08000e+01  9.91660e-01  5.99042e-04  1.47921e+00  6.04081e-04  9.86139e-01  9.94433e-01
 9.09000e+01  9.91626e-01  5.92745e-04  1.47912e+00  5.97750e-04  9.86082e-01  9.94410e-01
 9.10000e+01  9.91592e-01  5.86439e-04  1.47904e+00  5.91411e-04  9.86026e-01  9.94387e-01
 9.11000e+01  9.91558e-01  5.80124e-04  1.47896e+00  5.85063e-04  9.85971e-01  9.94365e-01
 9.12000e+01  9.91525e-01  5.73802e-04  1.47887e+00  5.78706e-04  9.85916e-01  9.94343e-01
 9.13000e+01  9.91492e-01  5.67472e-04  1.47879e+00  5.72341e-04  9.85861e-01  9.94321e-01
 9.14000e+01  9.91460e-01  5.61134e-04  1.47871e+00  5.65967e-04  9.85807e-01  9.94299e-01
 9.15000e+01  9.91428e-01  5.54788e-04  1.47863e+00  5.59585e-04  9.85754e-01  9.94277e-01
 9.16000e+01  9.91396e-01  5.48435e-04  1.47855e+00  5.53195e-04  9.85701e-01  9.94256e-01
 9.17000e+01  9.91364e-01  5.42075e-04  1.47847e+00  5.46797e-04  9.85649e-01  9.94235e-01
 9.18000e+01  9.91333e-01  5.35707e-04  1.47840e+00  5.40391e-04  9.85597e-01  9.94214e-01
 9.19000e+01  9.91302e-01  5.29333e-04  1.47832e+00  5.33977e-04  9.85546e-01  9.94194e-01
 9.20000e+01  9.91272e-01  5.22952e-04  1.47824e+00  5.27556e-04  9.85496e-01  9.94173e-01
 9.21000e+01  9.91242e-01  5.16564e-04  1.47817e+00  5.21128e-04  9.85446e-01  9.94153e-01
 9.22000e+01  9.91212e-01  5.10169e-04  1.47809e+00  5.14693e-04  9.85396e-01  9.94133e-01
 9.23000e+01  9.91182e-01  5.03768e-04  1.47802e+00  5.08250e-04  9.85348e-01  9.94113e-01
 9.24000e+01  9.91153e-01  4.97361e-04  1.47795e+00  5.01801e-04  9.85299e-01  9.94094e-01
 9.25000e+01  9.91125e-01  4.90948e-04  1.47788e+00  4.95344e-04  9.85252e-01  9.94075e-01
 9.26000e+01  9.91096e-01  4.84529e-04  1.47781e+00  4.88882e-04  9.85205e-01  9.94056e-01
 9.27000e+01  9.91068e-01  4.78104e-04  1.47774e+00  4.82412e-04  9.85158e-01  9.94037e-01
 9.28000e+01  9.91040e-01  4.71673e-04  1.47767e+00  4.75937e-04  9.85112e-01  9.94018e-01
 9.29000e+01  9.91013e-01  4.65236e-04  1.47760e+00  4.69455e-04  9.85067e-01  9.94000e-01
 9.30000e+01  9.90986e-01  4.58794e-04  1.47753e+00  4.62967e-04  9.85023e-01  9.93982e-01
 9.31000e+01  9.90960e-01  4.52347e-04  1.47747e+00  4.56473e-04  9.84978e-01  9.93964e-01
 9.32000e+01  9.90933e-01  4.45894e-04  1.47740e+00  4.49974e-04  9.84935e-01  9.93947e-01
 9.33000e+01  9.90907e-01  4.39436e-04  1.47734e+00  4.43469e-04  9.84892e-01  9.93929e-01
 9.34000e+01  9.90882e-01  4.32973e-04  1.47727e+00  4.36958e-04  9.84850e-01  9.93912e-01
 9.35000e+01  9.90857e-01  4.26506e-04  1.47721e+00  4.30441e-04  9.84808e-01  9.93896e-01
 9.36000e+01  9.90832e-01  4.20033e-04  1.47715e+00  4.23920e-04  9.84767e-01  9.93879e-01
 9.37000e+01  9.90807e-01  4.13556e-04  1.47709e+00  4.17393e-04  9.84726e-01  9.93863e-01
 9.38000e+01  9.90783e-01  4.07075e-04  1.47703e+00  4.10861e-04  9.84687e-01  9.93846e-01
 9.39000e+01  9.90760e-01  4.00589e-04  1.47697e+00  4.04325e-04  9.84647e-01  9.93831e-01
 9.40000e+01  9.90736e-01  3.94098e-04  1.47691e+00  3.97783e-04  9.84609e-01  9.93815e-01
 9.41000e+01  9.90713e-01  3.87604e-04  1.47686e+00  3.91237e-04  9.84571e-01  9.93800e-01
 9.42000e+01  9.90691e-01  3.81105e-04  1.47680e+00  3.84686e-04  9.84533e-01  9.93784e-01
 9.43000e+01  9.90669e-01  3.74602e-04  1.47674e+00  3.78131e-04  9.84496e-01  9.93770e-01
 9.44000e+01  9.90647e-01  3.68096e-04  1.47669e+00  3.71571e-04  9.84460e-01  9.93755e-01
 9.45000e+01  9.90625e-01  3.61585e-04  1.47664e+00  3.65007e-04  9.84424e-01  9.93741e-01
 9.46000e+01  9.90604e-01  3.55071e-04  1.47658e+00  3.58439e-04  9.84389e-01  9.93726e-01
 9.47000e+01  9.90583e-01  3.48553e-04  1.47653e+00  3.51866e-04  9.84355e-01  9.93713e-01
 9.48000e+01  9.90563e-01  3.42032e-04  1.47648e+00  3.45290e-04  9.84321e-01  9.93699e-01
 9.49000e+01  9.90543e-01  3.35507e-04  1.47643e+00  3.38710e-04  9.84288e-01  9.93686e-01
 9.50000e+01  9.90523e-01  3.28979e-04  1.47638e+00  3.32126e-04  9.84256e-01  9.93672e-01
 9.51000e+01  9.90504e-01  3.22448e-04  1.47634e+00  3.25539e-04  9.84224e-01  9.93659e-01
 9.52000e+01  9.90485e-01  3.15913e-04  1.47629e+00  3.18948e-04  9.84192e-01  9.93647e-01
 9.53000e+01  9.90467e-01  3.09375e-04  1.47624e+00  3.12353e-04  9.84162e-01  9.93634e-01
 9.54000e+01  9.90448e-01  3.02835e-04  1.47620e+00  3.05755e-04  9.84132e-01  9.93622e-01
 9.55000e+01  9.90431e-01  2.96291e-04  1.47615e+00  2.99154e-04  9.84102e-01  9.93610e-01
 9.56000e+01  9.90413e-01  2.89745e-04  1.47611e+00  2.92550e-04  9.84074e-01  9.93599e-01
 9.57000e+01  9.90396e-01  2.83196e-04  1.47607e+00  2.85942e-04  9.84045e-01  9.93587e-01
 9.58000e+01  9.90380e-01  2.76645e-04  1.47603e+00  2.79332e-04  9.84018e-01  9.93576e-01
 9.59000e+01  9.90364e-01  2.70090e-04  1.47599e+00  2.72718e-04  9.83991e-01  9.93566e-01
 9.60000e+01  9.90348e-01  2.63534e-04  1.47595e+00  2.66102e-04  9.83965e-01  9.93555e-01
 9.61000e+01  9.90332e-01  2.56975e-04  1.47591e+00  2.59483e-04  9.83939e-01  9.93545e-01
 9.62000e+01  9.90317e-01  2.50413e-04  1.47587e+00  2.52862e-04  9.83914e-01  9.93534e-01
 9.63000e+01  9.90302e-01  2.43849e-04  1.47583e+00  2.46237e-04  9.83890e-01  9.93525e-01
 9.64000e+01  9.90288e-01  2.37284e-04  1.47580e+00  2.39611e-04  9.83866e-01  9.93515e-01
 9.65000e+01  9.90274e-01  2.30716e-04  1.47576e+00  2.32981e-04  9.83843e-01  9.93506e-01
 9.66000e+01  9.90261e-01  2.24145e-04  1.47573e+00  2.26350e-04  9.83821e-01  9.93497e-01
 9.67000e+01  9.90248e-01  2.17573e-04  1.47570e+00  2.19716e-04  9.83799e-01  9.93488e-01
 9.68000e+01  9.90235e-01  2.10999e-04  1.47567e+00  2.13080e-04  9.83778e-01  9.93479e-01
 9.69000e+01  9.90222e-01  2.04424e-04  1.47564e+00  2.06442e-04  9.83757e-01  9.93471e-01
 9.70000e+01  9.90210e-01  1.97846e-04  1.47561e+00  1.99802e-04  9.83737e-01  9.93463e-01
 9.71000e+01  9.90199e-01  1.91267e-04  1.47558e+00  1.93160e-04  9.83718e-01  9.93455e-01
 9.72000e+01  9.90188e-01  1.84686e-04  1.47555e+00  1.86516e-04  9.83700e-01  9.93448e-01
 9.73000e+01  9.90177e-01  1.78104e-04  1.47552e+00  1.79870e-04  9.83682e-01  9.93441e-01
 9.74000e+01  9.90166e-01  1.71520e-04  1.47550e+00  1.73223e-04  9.83665e-01  9.93434e-01
 9.75000e+01  9.90156e-01  1.64934e-04  1.47547e+00  1.66574e-04  9.83648e-01  9.93427e-01
 9.76000e+01  9.90147e-01  1.58347e-04  1.47545e+00  1.59923e-04  9.83632e-01  9.93420e-01
 9.77000e+01  9.90137e-01  1.51759e-04  1.47542e+00  1.53271e-04  9.83617e-01  9.93414e-01
 9.78000e+01  9.90129e-01  1.45170e-04  1.47540e+00  1.46617e-04  9.83602e-01  9.93408e-01
 9.79000e+01  9.90120e-01  1.38579e-04  1.47538e+00  1.39962e-04  9.83588e-01  9.93403e-01
 9.80000e+01  9.90112e-01  1.31988e-04  1.47536e+00  1.33306e-04  9.83574e-01  9.93397e-01
 9.81000e+01  9.90104e-01  1.25395e-04  1.47534e+00  1.26648e-04  9.83562e-01  9.93392e-01
 9.82000e+01  9.90097e-01  1.18801e-04  1.47532e+00  1.19989e-04  9.83550e-01  9.93387e-01
 9.83000e+01  9.90090e-01  1.12206e-04  1.47531e+00  1.13329e-04  9.83538e-01  9.93383e-01
 9.84000e+01  9.90084e-01  1.05610e-04  1.47529e+00  1.06668e-04  9.83527e-01  9.93378e-01
 9.85000e+01  9.90077e-01  9.90139e-05  1.47528e+00  1.00006e-04  9.83517e-01  9.93374e-01
 9.86000e+01  9.90072e-01  9.24165e-05  1.47526e+00  9.33432e-05  9.83508e-01  9.93370e-01
 9.87000e+01  9.90066e-01  8.58184e-05  1.47525e+00  8.66794e-05  9.83499e-01  9.93367e-01
 9.88000e+01  9.90061e-01  7.92196e-05  1.47524e+00  8.00148e-05  9.83491e-01  9.93363e-01
 9.89000e+01  9.90057e-01  7.26202e-05  1.47522e+00  7.33495e-05  9.83483e-01  9.93360e-01
 9.90000e+01  9.90053e-01  6.60202e-05  1.47521e+00  6.66835e-05  9.83476e-01  9.93358e-01
 9.91000e+01  9.90049e-01  5.94197e-05  1.47521e+00  6.00169e-05  9.83470e-01  9.93355e-01
 9.92000e+01  9.90046e-01  5.28187e-05  1.47520e+00  5.33497e-05  9.83465e-01  9.93353e-01
 9.93000e+01  9.90043e-01  4.62172e-05  1.47519e+00  4.66821e-05  9.83460e-01  9.93351e-01
 9.94000e+01  9.90040e-01  3.96155e-05  1.47518e+00  4.00140e-05  9.83455e-01  9.93349e-01
 9.95000e+01  9.90038e-01  3.30134e-05  1.47518e+00  3.33455e-05  9.83452e-01  9.93348e-01
 9.96000e+01  9.90036e-01  2.64110e-05  1.47517e+00  2.66768e-05  9.83449e-01  9.93346e-01
 9.97000e+01  9.90035e-01  1.98084e-05  1.47517e+00  2.00078e-05  9.83447e-01  9.93345e-01
 9.98000e+01  9.90034e-01  1.32057e-05  1.47517e+00  1.33386e-05  9.83445e-01  9.93345e-01
 9.99000e+01  9.90033e-01  6.60288e-06  1.47517e+00  6.66935e-06  9.83444e-01  9.93344e-01
