 0.00000e+00  4.18282e-01 -1.26744e-15 -2.67018e-02 -3.03012e-15 -5.05169e-03  7.53698e-03  2.36297e-01
 5.00000e-01  4.18094e-01 -7.64628e-05 -2.66605e-02 -1.82884e-04 -5.08226e-03  7.48180e-03  2.36218e-01
 1.00000e+00  4.17530e-01 -1.57339e-04 -2.65367e-02 -3.76833e-04 -5.17277e-03  7.31722e-03  2.35983e-01
 1.50000e+00  4.16593e-01 -2.47031e-04 -2.63299e-02 -5.92980e-04 -5.31961e-03  7.04608e-03  2.35594e-01
 2.00000e+00  4.15287e-01 -3.49914e-04 -2.60397e-02 -8.42584e-04 -5.51698e-03  6.67308e-03  2.35056e-01
 2.50000e+00  4.13616e-01 -4.70298e-04 -2.56659e-02 -1.13704e-03 -5.75710e-03  6.20473e-03  2.34376e-01
 3.00000e+00  4.11588e-01 -6.12373e-04 -2.52079e-02 -1.48783e-03 -6.03061e-03  5.64928e-03  2.33562e-01
 3.50000e+00  4.09212e-01 -7.80129e-04 -2.46660e-02 -1.90642e-03 -6.32693e-03  5.01662e-03  2.32623e-01
 4.00000e+00  4.06496e-01 -9.77244e-04 -2.40408e-02 -2.40406e-03 -6.63481e-03  4.31815e-03  2.31570e-01
 4.50000e+00  4.03455e-01 -1.20695e-03 -2.33336e-02 -2.99155e-03 -6.94282e-03  3.56666e-03  2.30413e-01
 5.00000e+00  4.00100e-01 -1.47190e-03 -2.25468e-02 -3.67883e-03 -7.23990e-03  2.77609e-03  2.29165e-01
 5.50000e+00  3.96448e-01 -1.77396e-03 -2.16840e-02 -4.47464e-03 -7.51585e-03  1.96139e-03  2.27835e-01
 6.00000e+00  3.92515e-01 -2.11411e-03 -2.07499e-02 -5.38605e-03 -7.76176e-03  1.13824e-03  2.26434e-01
 6.50000e+00  3.88321e-01 -2.49223e-03 -1.97506e-02 -6.41798e-03 -7.97041e-03  3.22732e-04  2.24973e-01
 7.00000e+00  3.83884e-01 -2.90704e-03 -1.86937e-02 -7.57272e-03 -8.13647e-03 -4.68857e-04  2.23458e-01
 7.50000e+00  3.79225e-01 -3.35597e-03 -1.75879e-02 -8.84956e-03 -8.25660e-03 -1.22048e-03  2.21898e-01
 8.00000e+00  3.74365e-01 -3.83515e-03 -1.64426e-02 -1.02444e-02 -8.32948e-03 -1.91666e-03  2.20296e-01
 8.50000e+00  3.69325e-01 -4.33944e-03 -1.52684e-02 -1.17497e-02 -8.35558e-03 -2.54286e-03  2.18656e-01
 9.00000e+00  3.64125e-01 -4.86253e-03 -1.40757e-02 -1.33540e-02 -8.33691e-03 -3.08588e-03  2.16979e-01
 9.50000e+00  3.58786e-01 -5.39708e-03 -1.28753e-02 -1.50426e-02 -8.27671e-03 -3.53424e-03  2.15267e-01
 1.00000e+01  3.53324e-01 -5.93497e-03 -1.16771e-02 -1.67975e-02 -8.17893e-03 -3.87848e-03  2.13517e-01
 1.05000e+01  3.47757e-01 -6.46759e-03 -1.04903e-02 -1.85980e-02 -8.04787e-03 -4.11155e-03  2.11728e-01
 1.10000e+01  3.42098e-01 -6.98613e-03 -9.32267e-03 -2.04214e-02 -7.88768e-03 -4.22897e-03  2.09898e-01
 1.15000e+01  3.36359e-01 -7.48194e-03 -8.18039e-03 -2.22439e-02 -7.70192e-03 -4.22907e-03  2.08026e-01
 1.20000e+01  3.30546e-01 -7.94693e-03 -7.06771e-03 -2.40418e-02 -7.49325e-03 -4.11302e-03  2.06109e-01
 1.25000e+01  3.24664e-01 -8.37382e-03 -5.98683e-03 -2.57923e-02 -7.26313e-03 -3.88489e-03  2.04149e-01
 1.30000e+01  3.18714e-01 -8.75656e-03 -4.93786e-03 -2.74747e-02 -7.01162e-03 -3.55152e-03  2.02147e-01
 1.35000e+01  3.12694e-01 -9.09047e-03 -3.91883e-03 -2.90715e-02 -6.73734e-03 -3.12229e-03  2.00108e-01
 1.40000e+01  3.06599e-01 -9.37253e-03 -2.92598e-03 -3.05693e-02 -6.43749e-03 -2.60886e-03  1.98037e-01
 1.45000e+01  3.00421e-01 -9.60138e-03 -1.95393e-03 -3.19598e-02 -6.10805e-03 -2.02478e-03  1.95945e-01
 1.50000e+01  2.94150e-01 -9.77740e-03 -9.96177e-04 -3.32395e-02 -5.74403e-03 -1.38502e-03  1.93842e-01
 1.55000e+01  2.87776e-01 -9.90260e-03 -4.55211e-05 -3.44108e-02 -5.33988e-03 -7.05459e-04  1.91745e-01
 1.60000e+01  2.81287e-01 -9.98045e-03  9.05399e-04 -3.54814e-02 -4.88990e-03 -2.39140e-06  1.89670e-01
 1.65000e+01  2.74673e-01 -1.00157e-02  1.86358e-03 -3.64640e-02 -4.38873e-03  7.08054e-04  1.87638e-01
 1.70000e+01  2.67925e-01 -1.00139e-02  2.83514e-03 -3.73758e-02 -3.83182e-03  1.41044e-03  1.85671e-01
 1.75000e+01  2.61036e-01 -9.98136e-03  3.82487e-03 -3.82375e-02 -3.21586e-03  2.09051e-03  1.83793e-01
 1.80000e+01  2.54005e-01 -9.92452e-03  4.83596e-03 -3.90722e-02 -2.53913e-03  2.73562e-03  1.82029e-01
 1.85000e+01  2.46832e-01 -9.84973e-03  5.86982e-03 -3.99046e-02 -1.80168e-03  3.33512e-03  1.80408e-01
 1.90000e+01  2.39525e-01 -9.76297e-03  6.92604e-03 -4.07597e-02 -1.00546e-03  3.88066e-03  1.78961e-01
 1.95000e+01  2.32097e-01 -9.66951e-03  8.00247e-03 -4.16614e-02 -1.54340e-04  4.36632e-03  1.77718e-01
 2.00000e+01  2.24568e-01 -9.57383e-03  9.09523e-03 -4.26321e-02  7.45864e-04  4.78883e-03  1.76713e-01
 2.05000e+01  2.16965e-01 -9.47947e-03  1.01984e-02 -4.36913e-02  1.68708e-03  5.14748e-03  1.75980e-01
 2.10000e+01  2.09319e-01 -9.38907e-03  1.13032e-02 -4.48553e-02  2.65825e-03  5.44412e-03  1.75546e-01
 2.15000e+01  2.01672e-01 -9.30444e-03  1.23959e-02 -4.61365e-02  3.64396e-03  5.68295e-03  1.75425e-01
 2.20000e+01  1.94070e-01 -9.22661e-03  1.34559e-02 -4.75428e-02  4.62261e-03  5.87023e-03  1.75603e-01
 2.25000e+01  1.86562e-01 -9.15588e-03  1.44531e-02 -4.90769e-02  5.56521e-03  6.01393e-03  1.76022e-01
 2.30000e+01  1.79202e-01 -9.09167e-03  1.53491e-02 -5.07341e-02  6.43645e-03  6.12313e-03  1.76570e-01
 2.35000e+01  1.72044e-01 -9.03222e-03  1.61029e-02 -5.24995e-02  7.19998e-03  6.20736e-03  1.77095e-01
 2.40000e+01  1.65136e-01 -8.97416e-03  1.66823e-02 -5.43441e-02  7.82741e-03  6.27587e-03  1.77438e-01
 2.45000e+01  1.58521e-01 -8.91225e-03  1.70748e-02 -5.62214e-02  8.30726e-03  6.33695e-03  1.77489e-01
 2.50000e+01  1.52231e-01 -8.83953e-03  1.72923e-02 -5.80664e-02  8.64776e-03  6.39744e-03  1.77216e-01
 2.55000e+01  1.46292e-01 -8.74800e-03  1.73643e-02 -5.97982e-02  8.87106e-03  6.46257e-03  1.76659e-01
 2.60000e+01  1.40716e-01 -8.62975e-03  1.73248e-02 -6.13272e-02  9.00268e-03  6.53604e-03  1.75890e-01
 2.65000e+01  1.35510e-01 -8.47799e-03  1.72019e-02 -6.25635e-02  9.06350e-03  6.62017e-03  1.74968e-01
 2.70000e+01  1.30671e-01 -8.28785e-03  1.70162e-02 -6.34251e-02  9.06871e-03  6.71600e-03  1.73929e-01
 2.75000e+01  1.26191e-01 -8.05666e-03  1.67852e-02 -6.38450e-02  9.03121e-03  6.82333e-03  1.72803e-01
 2.80000e+01  1.22054e-01 -7.78411e-03  1.65273e-02 -6.37761e-02  8.96494e-03  6.94085e-03  1.71642e-01
 2.85000e+01  1.18239e-01 -7.47217e-03  1.62620e-02 -6.31953e-02  8.88470e-03  7.06632e-03  1.70516e-01
 2.90000e+01  1.14724e-01 -7.12509e-03  1.60061e-02 -6.21064e-02  8.80347e-03  7.19680e-03  1.69495e-01
 2.95000e+01  1.11482e-01 -6.74913e-03  1.57709e-02 -6.05403e-02  8.72994e-03  7.32903e-03  1.68632e-01
 3.00000e+01  1.08486e-01 -6.35216e-03  1.55600e-02 -5.85529e-02  8.66734e-03  7.45964e-03  1.67943e-01
 3.05000e+01  1.05710e-01 -5.94301e-03  1.53701e-02 -5.62197e-02  8.61367e-03  7.58538e-03  1.67406e-01
 3.10000e+01  1.03130e-01 -5.53066e-03  1.51927e-02 -5.36280e-02  8.56321e-03  7.70322e-03  1.66964e-01
 3.15000e+01  1.00720e-01 -5.12329e-03  1.50184e-02 -5.08666e-02  8.50961e-03  7.81038e-03  1.66554e-01
 3.20000e+01  9.84562e-02 -4.72753e-03  1.48421e-02 -4.80165e-02  8.44985e-03  7.90434e-03  1.66136e-01
 3.25000e+01  9.63151e-02 -4.34798e-03  1.46687e-02 -4.51433e-02  8.38837e-03  7.98294e-03  1.65743e-01
 3.30000e+01  9.42748e-02 -3.98732e-03  1.45120e-02 -4.22946e-02  8.33585e-03  8.04456e-03  1.65472e-01
 3.35000e+01  9.23167e-02 -3.64684e-03  1.43872e-02 -3.95036e-02  8.30401e-03  8.08844e-03  1.65442e-01
 3.40000e+01  9.04273e-02 -3.32725e-03  1.43009e-02 -3.67948e-02  8.29802e-03  8.11495e-03  1.65717e-01
 3.45000e+01  8.85993e-02 -3.02910e-03  1.42442e-02 -3.41888e-02  8.31142e-03  8.12562e-03  1.66247e-01
 3.50000e+01  8.68303e-02 -2.75263e-03  1.41961e-02 -3.17013e-02  8.32874e-03  8.12292e-03  1.66882e-01
 3.55000e+01  8.51209e-02 -2.49717e-03  1.41372e-02 -2.93368e-02  8.33592e-03  8.10974e-03  1.67470e-01
 3.60000e+01  8.34721e-02 -2.26060e-03  1.40643e-02 -2.70820e-02  8.33062e-03  8.08892e-03  1.67975e-01
 3.65000e+01  8.18843e-02 -2.03948e-03  1.39916e-02 -2.49069e-02  8.32334e-03  8.06304e-03  1.68503e-01
 3.70000e+01  8.03588e-02 -1.83016e-03  1.39374e-02 -2.27748e-02  8.32719e-03  8.03464e-03  1.69199e-01
 3.75000e+01  7.88992e-02 -1.62986e-03  1.39055e-02 -2.06575e-02  8.34487e-03  8.00636e-03  1.70095e-01
 3.80000e+01  7.75114e-02 -1.43712e-03  1.38804e-02 -1.85408e-02  8.36499e-03  7.98093e-03  1.71058e-01
 3.85000e+01  7.62015e-02 -1.25121e-03  1.38424e-02 -1.64198e-02  8.37327e-03  7.96072e-03  1.71905e-01
 3.90000e+01  7.49732e-02 -1.07133e-03  1.37901e-02 -1.42895e-02  8.36860e-03  7.94725e-03  1.72605e-01
 3.95000e+01  7.38272e-02 -8.96558e-04  1.37415e-02 -1.21440e-02  8.36408e-03  7.94111e-03  1.73305e-01
 4.00000e+01  7.27629e-02 -7.26708e-04  1.37115e-02 -9.98735e-03  8.37051e-03  7.94240e-03  1.74136e-01
 4.05000e+01  7.17806e-02 -5.63059e-04  1.36945e-02 -7.84417e-03  8.38383e-03  7.95102e-03  1.75042e-01
 4.10000e+01  7.08805e-02 -4.08009e-04  1.36735e-02 -5.75629e-03  8.39189e-03  7.96660e-03  1.75859e-01
 4.15000e+01  7.00611e-02 -2.63843e-04  1.36413e-02 -3.76590e-03  8.38973e-03  7.98820e-03  1.76512e-01
 4.20000e+01  6.93179e-02 -1.32064e-04  1.36085e-02 -1.90520e-03  8.38498e-03  8.01425e-03  1.77092e-01
 4.25000e+01  6.86452e-02 -1.39877e-05  1.35892e-02 -2.03767e-04  8.38801e-03  8.04292e-03  1.77739e-01
 4.30000e+01  6.80383e-02  8.85702e-05  1.35826e-02  1.30177e-03  8.39838e-03  8.07259e-03  1.78447e-01
 4.35000e+01  6.74938e-02  1.73762e-04  1.35725e-02  2.57449e-03  8.40462e-03  8.10196e-03  1.79058e-01
 4.40000e+01  6.70073e-02  2.40722e-04  1.35501e-02  3.59248e-03  8.40050e-03  8.12970e-03  1.79484e-01
 4.45000e+01  6.65731e-02  2.89738e-04  1.35276e-02  4.35217e-03  8.39500e-03  8.15445e-03  1.79848e-01
 4.50000e+01  6.61855e-02  3.21543e-04  1.35193e-02  4.85821e-03  8.39846e-03  8.17515e-03  1.80299e-01
 4.55000e+01  6.58415e-02  3.36873e-04  1.35176e-02  5.11643e-03  8.40554e-03  8.19141e-03  1.80764e-01
 4.60000e+01  6.55392e-02  3.36725e-04  1.35054e-02  5.13776e-03  8.40409e-03  8.20335e-03  1.81070e-01
 4.65000e+01  6.52761e-02  3.22726e-04  1.34848e-02  4.94401e-03  8.39574e-03  8.21119e-03  1.81238e-01
 4.70000e+01  6.50492e-02  2.97007e-04  1.34731e-02  4.56588e-03  8.39282e-03  8.21525e-03  1.81448e-01
 4.75000e+01  6.48570e-02  2.61680e-04  1.34727e-02  4.03472e-03  8.39710e-03  8.21625e-03  1.81725e-01
 4.80000e+01  6.47000e-02  2.18496e-04  1.34684e-02  3.37706e-03  8.39775e-03  8.21532e-03  1.81911e-01
 4.85000e+01  6.45786e-02  1.69002e-04  1.34549e-02  2.61699e-03  8.39098e-03  8.21349e-03  1.81952e-01
 4.90000e+01  6.44917e-02  1.14903e-04  1.34457e-02  1.78166e-03  8.38653e-03  8.21145e-03  1.81986e-01
 4.95000e+01  6.44389e-02  5.80406e-05  1.34489e-02  9.00709e-04  8.39004e-03  8.20981e-03  1.82098e-01
 5.00000e+01  6.44210e-02  2.02399e-16  1.34532e-02  3.14181e-15  8.39350e-03  8.20917e-03  1.82169e-01
 5.05000e+01  6.44389e-02 -5.80406e-05  1.34489e-02 -9.00709e-04  8.39004e-03  8.20981e-03  1.82098e-01
 5.10000e+01  6.44917e-02 -1.14903e-04  1.34457e-02 -1.78166e-03  8.38653e-03  8.21145e-03  1.81986e-01
 5.15000e+01  6.45786e-02 -1.69002e-04  1.34549e-02 -2.61699e-03  8.39098e-03  8.21349e-03  1.81952e-01
 5.20000e+01  6.47000e-02 -2.18496e-04  1.34684e-02 -3.37706e-03  8.39775e-03  8.21532e-03  1.81911e-01
 5.25000e+01  6.48570e-02 -2.61680e-04  1.34727e-02 -4.03472e-03  8.39710e-03  8.21625e-03  1.81725e-01
 5.30000e+01  6.50492e-02 -2.97007e-04  1.34731e-02 -4.56588e-03  8.39282e-03  8.21525e-03  1.81448e-01
 5.35000e+01  6.52761e-02 -3.22726e-04  1.34848e-02 -4.94401e-03  8.39574e-03  8.21119e-03  1.81238e-01
 5.40000e+01  6.55392e-02 -3.36725e-04  1.35054e-02 -5.13776e-03  8.40409e-03  8.20335e-03  1.81070e-01
 5.45000e+01  6.58415e-02 -3.36873e-04  1.35176e-02 -5.11643e-03  8.40554e-03  8.19141e-03  1.80764e-01
 5.50000e+01  6.61855e-02 -3.21543e-04  1.35193e-02 -4.85821e-03  8.39846e-03  8.17515e-03  1.80299e-01
 5.55000e+01  6.65731e-02 -2.89738e-04  1.35276e-02 -4.35217e-03  8.39500e-03  8.15445e-03  1.79848e-01
 5.60000e+01  6.70073e-02 -2.40722e-04  1.35501e-02 -3.59248e-03  8.40050e-03  8.12970e-03  1.79484e-01
 5.65000e+01  6.74938e-02 -1.73762e-04  1.35725e-02 -2.57449e-03  8.40462e-03  8.10196e-03  1.79058e-01
 5.70000e+01  6.80383e-02 -8.85702e-05  1.35826e-02 -1.30177e-03  8.39838e-03  8.07259e-03  1.78447e-01
 5.75000e+01  6.86452e-02  1.39877e-05  1.35892e-02  2.03767e-04  8.38801e-03  8.04292e-03  1.77739e-01
 5.80000e+01  6.93179e-02  1.32064e-04  1.36085e-02  1.90520e-03  8.38498e-03  8.01425e-03  1.77092e-01
 5.85000e+01  7.00611e-02  2.63843e-04  1.36413e-02  3.76590e-03  8.38973e-03  7.98820e-03  1.76512e-01
 5.90000e+01  7.08805e-02  4.08009e-04  1.36735e-02  5.75629e-03  8.39189e-03  7.96660e-03  1.75859e-01
 5.95000e+01  7.17806e-02  5.63059e-04  1.36945e-02  7.84417e-03  8.38383e-03  7.95102e-03  1.75042e-01
 6.00000e+01  7.27629e-02  7.26708e-04  1.37115e-02  9.98735e-03  8.37051e-03  7.94240e-03  1.74136e-01
 6.05000e+01  7.38272e-02  8.96558e-04  1.37415e-02  1.21440e-02  8.36408e-03  7.94111e-03  1.73305e-01
 6.10000e+01  7.49732e-02  1.07133e-03  1.37901e-02  1.42895e-02  8.36860e-03  7.94725e-03  1.72605e-01
 6.15000e+01  7.62015e-02  1.25121e-03  1.38424e-02  1.64198e-02  8.37327e-03  7.96072e-03  1.71905e-01
 6.20000e+01  7.75114e-02  1.43712e-03  1.38804e-02  1.85408e-02  8.36499e-03  7.98093e-03  1.71058e-01
 6.25000e+01  7.88992e-02  1.62986e-03  1.39055e-02  2.06575e-02  8.34487e-03  8.00636e-03  1.70095e-01
 6.30000e+01  8.03588e-02  1.83016e-03  1.39374e-02  2.27748e-02  8.32719e-03  8.03464e-03  1.69199e-01
 6.35000e+01  8.18843e-02  2.03948e-03  1.39916e-02  2.49069e-02  8.32334e-03  8.06304e-03  1.68503e-01
 6.40000e+01  8.34721e-02  2.26060e-03  1.40643e-02  2.70820e-02  8.33062e-03  8.08892e-03  1.67975e-01
 6.45000e+01  8.51209e-02  2.49717e-03  1.41372e-02  2.93368e-02  8.33592e-03  8.10974e-03  1.67470e-01
 6.50000e+01  8.68303e-02  2.75263e-03  1.41961e-02  3.17013e-02  8.32874e-03  8.12292e-03  1.66882e-01
 6.55000e+01  8.85993e-02  3.02910e-03  1.42442e-02  3.41888e-02  8.31142e-03  8.12562e-03  1.66247e-01
 6.60000e+01  9.04273e-02  3.32725e-03  1.43009e-02  3.67948e-02  8.29802e-03  8.11495e-03  1.65717e-01
 6.65000e+01  9.23167e-02  3.64684e-03  1.43872e-02  3.95036e-02  8.30401e-03  8.08844e-03  1.65442e-01
 6.70000e+01  9.42748e-02  3.98732e-03  1.45120e-02  4.22946e-02  8.33585e-03  8.04456e-03  1.65472e-01
 6.75000e+01  9.63151e-02  4.34798e-03  1.46687e-02  4.51433e-02  8.38837e-03  7.98294e-03  1.65743e-01
 6.80000e+01  9.84562e-02  4.72753e-03  1.48421e-02  4.80165e-02  8.44985e-03  7.90434e-03  1.66136e-01
 6.85000e+01  1.00720e-01  5.12329e-03  1.50184e-02  5.08666e-02  8.50961e-03  7.81038e-03  1.66554e-01
 6.90000e+01  1.03130e-01  5.53066e-03  1.51927e-02  5.36280e-02  8.56321e-03  7.70322e-03  1.66964e-01
 6.95000e+01  1.05710e-01  5.94301e-03  1.53701e-02  5.62197e-02  8.61367e-03  7.58538e-03  1.67406e-01
 7.00000e+01  1.08486e-01  6.35216e-03  1.55600e-02  5.85529e-02  8.66734e-03  7.45964e-03  1.67943e-01
 7.05000e+01  1.11482e-01  6.74913e-03  1.57709e-02  6.05403e-02  8.72994e-03  7.32903e-03  1.68632e-01
 7.10000e+01  1.14724e-01  7.12509e-03  1.60061e-02  6.21064e-02  8.80347e-03  7.19680e-03  1.69495e-01
 7.15000e+01  1.18239e-01  7.47217e-03  1.62620e-02  6.31953e-02  8.88470e-03  7.06632e-03  1.70516e-01
 7.20000e+01  1.22054e-01  7.78411e-03  1.65273e-02  6.37761e-02  8.96494e-03  6.94085e-03  1.71642e-01
 7.25000e+01  1.26191e-01  8.05666e-03  1.67852e-02  6.38450e-02  9.03121e-03  6.82333e-03  1.72803e-01
 7.30000e+01  1.30671e-01  8.28785e-03  1.70162e-02  6.34251e-02  9.06871e-03  6.71600e-03  1.73929e-01
 7.35000e+01  1.35510e-01  8.47799e-03  1.72019e-02  6.25635e-02  9.06350e-03  6.62017e-03  1.74968e-01
 7.40000e+01  1.40716e-01  8.62975e-03  1.73248e-02  6.13272e-02  9.00268e-03  6.53604e-03  1.75890e-01
 7.45000e+01  1.46292e-01  8.74800e-03  1.73643e-02  5.97982e-02  8.87106e-03  6.46257e-03  1.76659e-01
 7.50000e+01  1.52231e-01  8.83953e-03  1.72923e-02  5.80664e-02  8.64776e-03  6.39744e-03  1.77216e-01
 7.55000e+01  1.58521e-01  8.91225e-03  1.70748e-02  5.62214e-02  8.30726e-03  6.33695e-03  1.77489e-01
 7.60000e+01  1.65136e-01  8.97416e-03  1.66823e-02  5.43441e-02  7.82741e-03  6.27587e-03  1.77438e-01
 7.65000e+01  1.72044e-01  9.03222e-03  1.61029e-02  5.24995e-02  7.19998e-03  6.20736e-03  1.77095e-01
 7.70000e+01  1.79202e-01  9.09167e-03  1.53491e-02  5.07341e-02  6.43645e-03  6.12313e-03  1.76570e-01
 7.75000e+01  1.86562e-01  9.15588e-03  1.44531e-02  4.90769e-02  5.56521e-03  6.01393e-03  1.76022e-01
 7.80000e+01  1.94070e-01  9.22661e-03  1.34559e-02  4.75428e-02  4.62261e-03  5.87023e-03  1.75603e-01
 7.85000e+01  2.01672e-01  9.30444e-03  1.23959e-02  4.61365e-02  3.64396e-03  5.68295e-03  1.75425e-01
 7.90000e+01  2.09319e-01  9.38907e-03  1.13032e-02  4.48553e-02  2.65825e-03  5.44412e-03  1.75546e-01
 7.95000e+01  2.16965e-01  9.47947e-03  1.01984e-02  4.36913e-02  1.68708e-03  5.14748e-03  1.75980e-01
 8.00000e+01  2.24568e-01  9.57383e-03  9.09523e-03  4.26321e-02  7.45864e-04  4.78883e-03  1.76713e-01
 8.05000e+01  2.32097e-01  9.66951e-03  8.00247e-03  4.16614e-02 -1.54340e-04  4.36632e-03  1.77718e-01
 8.10000e+01  2.39525e-01  9.76297e-03  6.92604e-03  4.07597e-02 -1.00546e-03  3.88066e-03  1.78961e-01
 8.15000e+01  2.46832e-01  9.84973e-03  5.86982e-03  3.99046e-02 -1.80168e-03  3.33512e-03  1.80408e-01
 8.20000e+01  2.54005e-01  9.92452e-03  4.83596e-03  3.90722e-02 -2.53913e-03  2.73562e-03  1.82029e-01
 8.25000e+01  2.61036e-01  9.98136e-03  3.82487e-03  3.82375e-02 -3.21586e-03  2.09051e-03  1.83793e-01
 8.30000e+01  2.67925e-01  1.00139e-02  2.83514e-03  3.73758e-02 -3.83182e-03  1.41044e-03  1.85671e-01
 8.35000e+01  2.74673e-01  1.00157e-02  1.86358e-03  3.64640e-02 -4.38873e-03  7.08054e-04  1.87638e-01
 8.40000e+01  2.81287e-01  9.98045e-03  9.05399e-04  3.54814e-02 -4.88990e-03 -2.39140e-06  1.89670e-01
 8.45000e+01  2.87776e-01  9.90260e-03 -4.55211e-05  3.44108e-02 -5.33988e-03 -7.05459e-04  1.91745e-01
 8.50000e+01  2.94150e-01  9.77740e-03 -9.96177e-04  3.32395e-02 -5.74403e-03 -1.38502e-03  1.93842e-01
 8.55000e+01  3.00421e-01  9.60138e-03 -1.95393e-03  3.19598e-02 -6.10805e-03 -2.02478e-03  1.95945e-01
 8.60000e+01  3.06599e-01  9.37253e-03 -2.92598e-03  3.05693e-02 -6.43749e-03 -2.60886e-03  1.98037e-01
 8.65000e+01  3.12694e-01  9.09047e-03 -3.91883e-03  2.90715e-02 -6.73734e-03 -3.12229e-03  2.00108e-01
 8.70000e+01  3.18714e-01  8.75656e-03 -4.93786e-03  2.74747e-02 -7.01162e-03 -3.55152e-03  2.02147e-01
 8.75000e+01  3.24664e-01  8.37382e-03 -5.98683e-03  2.57923e-02 -7.26313e-03 -3.88489e-03  2.04149e-01
 8.80000e+01  3.30546e-01  7.94693e-03 -7.06771e-03  2.40418e-02 -7.49325e-03 -4.11302e-03  2.06109e-01
 8.85000e+01  3.36359e-01  7.48194e-03 -8.18039e-03  2.22439e-02 -7.70192e-03 -4.22907e-03  2.08026e-01
 8.90000e+01  3.42098e-01  6.98613e-03 -9.32267e-03  2.04214e-02 -7.88768e-03 -4.22897e-03  2.09898e-01
 8.95000e+01  3.47757e-01  6.46759e-03 -1.04903e-02  1.85980e-02 -8.04787e-03 -4.11155e-03  2.11728e-01
 9.00000e+01  3.53324e-01  5.93497e-03 -1.16771e-02  1.67975e-02 -8.17893e-03 -3.87848e-03  2.13517e-01
 9.05000e+01  3.58786e-01  5.39708e-03 -1.28753e-02  1.50426e-02 -8.27671e-03 -3.53424e-03  2.15267e-01
 9.10000e+01  3.64125e-01  4.86253e-03 -1.40757e-02  1.33540e-02 -8.33691e-03 -3.08588e-03  2.16979e-01
 9.15000e+01  3.69325e-01  4.33944e-03 -1.52684e-02  1.17497e-02 -8.35558e-03 -2.54286e-03  2.18656e-01
 9.20000e+01  3.74365e-01  3.83515e-03 -1.64426e-02  1.02444e-02 -8.32948e-03 -1.91666e-03  2.20296e-01
 9.25000e+01  3.79225e-01  3.35597e-03 -1.75879e-02  8.84956e-03 -8.25660e-03 -1.22048e-03  2.21898e-01
 9.30000e+01  3.83884e-01  2.90704e-03 -1.86937e-02  7.57272e-03 -8.13647e-03 -4.68857e-04  2.23458e-01
 9.35000e+01  3.88321e-01  2.49223e-03 -1.97506e-02  6.41798e-03 -7.97041e-03  3.22732e-04  2.24973e-01
 9.40000e+01  3.92515e-01  2.11411e-03 -2.07499e-02  5.38605e-03 -7.76176e-03  1.13824e-03  2.26434e-01
 9.45000e+01  3.96448e-01  1.77396e-03 -2.16840e-02  4.47464e-03 -7.51585e-03  1.96139e-03  2.27835e-01
 9.50000e+01  4.00100e-01  1.47190e-03 -2.25468e-02  3.67883e-03 -7.23990e-03  2.77609e-03  2.29165e-01
 9.55000e+01  4.03455e-01  1.20695e-03 -2.33336e-02  2.99155e-03 -6.94282e-03  3.56666e-03  2.30413e-01
 9.60000e+01  4.06496e-01  9.77244e-04 -2.40408e-02  2.40406e-03 -6.63481e-03  4.31815e-03  2.31570e-01
 9.65000e+01  4.09212e-01  7.80129e-04 -2.46660e-02  1.90642e-03 -6.32693e-03  5.01662e-03  2.32623e-01
 9.70000e+01  4.11588e-01  6.12373e-04 -2.52079e-02  1.48783e-03 -6.03061e-03  5.64928e-03  2.33562e-01
 9.75000e+01  4.13616e-01  4.70298e-04 -2.56659e-02  1.13704e-03 -5.75710e-03  6.20473e-03  2.34376e-01
 9.80000e+01  4.15287e-01  3.49914e-04 -2.60397e-02  8.42584e-04 -5.51698e-03  6.67308e-03  2.35056e-01
 9.85000e+01  4.16593e-01  2.47031e-04 -2.63299e-02  5.92980e-04 -5.31961e-03  7.04608e-03  2.35594e-01
 9.90000e+01  4.17530e-01  1.57339e-04 -2.65367e-02  3.76833e-04 -5.17277e-03  7.31722e-03  2.35983e-01
 9.95000e+01  4.18094e-01  7.64628e-05 -2.66605e-02  1.82884e-04 -5.08226e-03  7.48180e-03  2.36218e-01
