 0.00000e+00  2.10875e-01 -1.70930e-15  9.74969e-02 -8.10574e-15  7.54664e-02  4.48813e-01
 5.00000e-01  2.10871e-01 -6.33556e-05  9.74988e-02 -3.00448e-04  7.54676e-02  4.48822e-01
 1.00000e+00  2.10857e-01 -1.26669e-04  9.75043e-02 -6.00736e-04  7.54711e-02  4.48851e-01
 1.50000e+00  2.10834e-01 -1.89898e-04  9.75136e-02 -9.00700e-04  7.54769e-02  4.48899e-01
 2.00000e+00  2.10801e-01 -2.52998e-04  9.75264e-02 -1.20017e-03  7.54850e-02  4.48965e-01
 2.50000e+00  2.10760e-01 -3.15922e-04  9.75430e-02 -1.49897e-03  7.54953e-02  4.49050e-01
 3.00000e+00  2.10709e-01 -3.78623e-04  9.75630e-02 -1.79690e-03  7.55079e-02  4.49154e-01
 3.50000e+00  2.10649e-01 -4.41049e-04  9.75866e-02 -2.09376e-03  7.55226e-02  4.49277e-01
 4.00000e+00  2.10580e-01 -5.03145e-04  9.76136e-02 -2.38933e-03  7.55395e-02  4.49418e-01
 4.50000e+00  2.10501e-01 -5.64852e-04  9.76440e-02 -2.68337e-03  7.55584e-02  4.49577e-01
 5.00000e+00  2.10413e-01 -6.26109e-04  9.76777e-02 -2.97561e-03  7.55792e-02  4.49754e-01
 5.50000e+00  2.10316e-01 -6.86847e-04  9.77145e-02 -3.26578e-03  7.56019e-02  4.49949e-01
 6.00000e+00  2.10210e-01 -7.46998e-04  9.77544e-02 -3.55358e-03  7.56264e-02  4.50162e-01
 6.50000e+00  2.10094e-01 -8.06487e-04  9.77973e-02 -3.83869e-03  7.56527e-02  4.50391e-01
 7.00000e+00  2.09969e-01 -8.65237e-04  9.78430e-02 -4.12078e-03  7.56805e-02  4.50638e-01
 7.50000e+00  2.09835e-01 -9.23167e-04  9.78914e-02 -4.39948e-03  7.57098e-02  4.50901e-01
 8.00000e+00  2.09692e-01 -9.80195e-04  9.79425e-02 -4.67445e-03  7.57406e-02  4.51180e-01
 8.50000e+00  2.09540e-01 -1.03623e-03  9.79960e-02 -4.94529e-03  7.57726e-02  4.51475e-01
 9.00000e+00  2.09378e-01 -1.09120e-03  9.80518e-02 -5.21162e-03  7.58059e-02  4.51786e-01
 9.50000e+00  2.09207e-01 -1.14500e-03  9.81099e-02 -5.47304e-03  7.58402e-02  4.52112e-01
 1.00000e+01  2.09028e-01 -1.19755e-03  9.81700e-02 -5.72916e-03  7.58755e-02  4.52452e-01
 1.05000e+01  2.08839e-01 -1.24877e-03  9.82320e-02 -5.97957e-03  7.59116e-02  4.52807e-01
 1.10000e+01  2.08641e-01 -1.29856e-03  9.82958e-02 -6.22387e-03  7.59485e-02  4.53176e-01
 1.15000e+01  2.08435e-01 -1.34684e-03  9.83612e-02 -6.46168e-03  7.59861e-02  4.53559e-01
 1.20000e+01  2.08220e-01 -1.39353e-03  9.84282e-02 -6.69260e-03  7.60242e-02  4.53955e-01
 1.25000e+01  2.07997e-01 -1.43856e-03  9.84965e-02 -6.91626e-03  7.60628e-02  4.54363e-01
 1.30000e+01  2.07765e-01 -1.48184e-03  9.85661e-02 -7.13230e-03  7.61016e-02  4.54784e-01
 1.35000e+01  2.07525e-01 -1.52331e-03  9.86367e-02 -7.34038e-03  7.61408e-02  4.55217e-01
 1.40000e+01  2.07276e-01 -1.56290e-03  9.87084e-02 -7.54017e-03  7.61801e-02  4.55662e-01
 1.45000e+01  2.07020e-01 -1.60055e-03  9.87808e-02 -7.73137e-03  7.62194e-02  4.56117e-01
 1.50000e+01  2.06756e-01 -1.63620e-03  9.88540e-02 -7.91367e-03  7.62587e-02  4.56583e-01
 1.55000e+01  2.06485e-01 -1.66981e-03  9.89278e-02 -8.08684e-03  7.62980e-02  4.57059e-01
 1.60000e+01  2.06206e-01 -1.70133e-03  9.90021e-02 -8.25061e-03  7.63370e-02  4.57545e-01
 1.65000e+01  2.05921e-01 -1.73072e-03  9.90767e-02 -8.40478e-03  7.63758e-02  4.58041e-01
 1.70000e+01  2.05628e-01 -1.75795e-03  9.91516e-02 -8.54916e-03  7.64143e-02  4.58545e-01
 1.75000e+01  2.05329e-01 -1.78299e-03  9.92267e-02 -8.68358e-03  7.64524e-02  4.59057e-01
 1.80000e+01  2.05024e-01 -1.80583e-03  9.93019e-02 -8.80790e-03  7.64901e-02  4.59578e-01
 1.85000e+01  2.04713e-01 -1.82645e-03  9.93770e-02 -8.92200e-03  7.65273e-02  4.60106e-01
 1.90000e+01  2.04396e-01 -1.84483e-03  9.94520e-02 -9.02579e-03  7.65639e-02  4.60641e-01
 1.95000e+01  2.04073e-01 -1.86098e-03  9.95267e-02 -9.11919e-03  7.66000e-02  4.61183e-01
 2.00000e+01  2.03746e-01 -1.87491e-03  9.96012e-02 -9.20217e-03  7.66355e-02  4.61731e-01
 2.05000e+01  2.03414e-01 -1.88660e-03  9.96753e-02 -9.27469e-03  7.66703e-02  4.62284e-01
 2.10000e+01  2.03078e-01 -1.89608e-03  9.97490e-02 -9.33675e-03  7.67045e-02  4.62843e-01
 2.15000e+01  2.02737e-01 -1.90337e-03  9.98222e-02 -9.38836e-03  7.67380e-02  4.63406e-01
 2.20000e+01  2.02393e-01 -1.90848e-03  9.98948e-02 -9.42956e-03  7.67707e-02  4.63974e-01
 2.25000e+01  2.02046e-01 -1.91143e-03  9.99668e-02 -9.46040e-03  7.68027e-02  4.64546e-01
 2.30000e+01  2.01695e-01 -1.91226e-03  1.00038e-01 -9.48094e-03  7.68339e-02  4.65121e-01
 2.35000e+01  2.01343e-01 -1.91100e-03  1.00109e-01 -9.49127e-03  7.68644e-02  4.65699e-01
 2.40000e+01  2.00988e-01 -1.90767e-03  1.00178e-01 -9.49149e-03  7.68941e-02  4.66279e-01
 2.45000e+01  2.00631e-01 -1.90232e-03  1.00247e-01 -9.48170e-03  7.69230e-02  4.66861e-01
 2.50000e+01  2.00273e-01 -1.89499e-03  1.00315e-01 -9.46203e-03  7.69512e-02  4.67444e-01
 2.55000e+01  1.99914e-01 -1.88571e-03  1.00382e-01 -9.43261e-03  7.69785e-02  4.68028e-01
 2.60000e+01  1.99554e-01 -1.87453e-03  1.00449e-01 -9.39358e-03  7.70051e-02  4.68613e-01
 2.65000e+01  1.99194e-01 -1.86149e-03  1.00514e-01 -9.34510e-03  7.70309e-02  4.69197e-01
 2.70000e+01  1.98835e-01 -1.84664e-03  1.00578e-01 -9.28733e-03  7.70559e-02  4.69781e-01
 2.75000e+01  1.98476e-01 -1.83003e-03  1.00641e-01 -9.22044e-03  7.70801e-02  4.70363e-01
 2.80000e+01  1.98118e-01 -1.81171e-03  1.00703e-01 -9.14460e-03  7.71035e-02  4.70944e-01
 2.85000e+01  1.97761e-01 -1.79172e-03  1.00764e-01 -9.05999e-03  7.71262e-02  4.71522e-01
 2.90000e+01  1.97407e-01 -1.77011e-03  1.00823e-01 -8.96681e-03  7.71482e-02  4.72097e-01
 2.95000e+01  1.97054e-01 -1.74693e-03  1.00882e-01 -8.86523e-03  7.71694e-02  4.72669e-01
 3.00000e+01  1.96704e-01 -1.72224e-03  1.00939e-01 -8.75546e-03  7.71898e-02  4.73237e-01
 3.05000e+01  1.96358e-01 -1.69608e-03  1.00995e-01 -8.63770e-03  7.72096e-02  4.73801e-01
 3.10000e+01  1.96014e-01 -1.66850e-03  1.01050e-01 -8.51215e-03  7.72287e-02  4.74359e-01
 3.15000e+01  1.95674e-01 -1.63956e-03  1.01104e-01 -8.37900e-03  7.72470e-02  4.74912e-01
 3.20000e+01  1.95339e-01 -1.60929e-03  1.01156e-01 -8.23847e-03  7.72647e-02  4.75459e-01
 3.25000e+01  1.95008e-01 -1.57776e-03  1.01207e-01 -8.09077e-03  7.72817e-02  4.75999e-01
 3.30000e+01  1.94681e-01 -1.54501e-03  1.01257e-01 -7.93609e-03  7.72981e-02  4.76531e-01
 3.35000e+01  1.94361e-01 -1.51109e-03  1.01305e-01 -7.77465e-03  7.73138e-02  4.77056e-01
 3.40000e+01  1.94045e-01 -1.47604e-03  1.01352e-01 -7.60667e-03  7.73289e-02  4.77572e-01
 3.45000e+01  1.93736e-01 -1.43991e-03  1.01398e-01 -7.43234e-03  7.73433e-02  4.78080e-01
 3.50000e+01  1.93433e-01 -1.40275e-03  1.01443e-01 -7.25189e-03  7.73572e-02  4.78578e-01
 3.55000e+01  1.93136e-01 -1.36460e-03  1.01486e-01 -7.06551e-03  7.73705e-02  4.79065e-01
 3.60000e+01  1.92846e-01 -1.32551e-03  1.01527e-01 -6.87342e-03  7.73832e-02  4.79542e-01
 3.65000e+01  1.92564e-01 -1.28552e-03  1.01567e-01 -6.67583e-03  7.73953e-02  4.80008e-01
 3.70000e+01  1.92289e-01 -1.24467e-03  1.01606e-01 -6.47294e-03  7.74069e-02  4.80462e-01
 3.75000e+01  1.92022e-01 -1.20301e-03  1.01644e-01 -6.26497e-03  7.74180e-02  4.80904e-01
 3.80000e+01  1.91763e-01 -1.16057e-03  1.01680e-01 -6.05211e-03  7.74285e-02  4.81334e-01
 3.85000e+01  1.91512e-01 -1.11739e-03  1.01714e-01 -5.83459e-03  7.74385e-02  4.81750e-01
 3.90000e+01  1.91270e-01 -1.07352e-03  1.01748e-01 -5.61259e-03  7.74480e-02  4.82152e-01
 3.95000e+01  1.91037e-01 -1.02899e-03  1.01779e-01 -5.38633e-03  7.74570e-02  4.82540e-01
 4.00000e+01  1.90813e-01 -9.83833e-04  1.01810e-01 -5.15600e-03  7.74655e-02  4.82914e-01
 4.05000e+01  1.90599e-01 -9.38091e-04  1.01839e-01 -4.92181e-03  7.74736e-02  4.83272e-01
 4.10000e+01  1.90394e-01 -8.91798e-04  1.01866e-01 -4.68396e-03  7.74811e-02  4.83615e-01
 4.15000e+01  1.90199e-01 -8.44988e-04  1.01892e-01 -4.44265e-03  7.74882e-02  4.83941e-01
 4.20000e+01  1.90014e-01 -7.97694e-04  1.01917e-01 -4.19808e-03  7.74949e-02  4.84252e-01
 4.25000e+01  1.89839e-01 -7.49949e-04  1.01940e-01 -3.95045e-03  7.75011e-02  4.84545e-01
 4.30000e+01  1.89675e-01 -7.01786e-04  1.01961e-01 -3.69994e-03  7.75069e-02  4.84822e-01
 4.35000e+01  1.89521e-01 -6.53235e-04  1.01981e-01 -3.44677e-03  7.75122e-02  4.85081e-01
 4.40000e+01  1.89378e-01 -6.04327e-04  1.02000e-01 -3.19111e-03  7.75172e-02  4.85322e-01
 4.45000e+01  1.89246e-01 -5.55092e-04  1.02017e-01 -2.93318e-03  7.75217e-02  4.85545e-01
 4.50000e+01  1.89125e-01 -5.05559e-04  1.02033e-01 -2.67315e-03  7.75258e-02  4.85750e-01
 4.55000e+01  1.89015e-01 -4.55758e-04  1.02047e-01 -2.41123e-03  7.75295e-02  4.85935e-01
 4.60000e+01  1.88916e-01 -4.05716e-04  1.02060e-01 -2.14760e-03  7.75328e-02  4.86102e-01
 4.65000e+01  1.88829e-01 -3.55462e-04  1.02071e-01 -1.88246e-03  7.75357e-02  4.86250e-01
 4.70000e+01  1.88753e-01 -3.05023e-04  1.02081e-01 -1.61599e-03  7.75382e-02  4.86379e-01
 4.75000e+01  1.88689e-01 -2.54426e-04  1.02089e-01 -1.34839e-03  7.75403e-02  4.86488e-01
 4.80000e+01  1.88636e-01 -2.03697e-04  1.02095e-01 -1.07984e-03  7.75420e-02  4.86577e-01
 4.85000e+01  1.88595e-01 -1.52864e-04  1.02101e-01 -8.10542e-04  7.75434e-02  4.86647e-01
 4.90000e+01  1.88566e-01 -1.01953e-04  1.02104e-01 -5.40675e-04  7.75443e-02  4.86697e-01
 4.95000e+01  1.88548e-01 -5.09894e-05  1.02107e-01 -2.70432e-04  7.75449e-02  4.86727e-01
 5.00000e+01  1.88542e-01  3.42719e-15  1.02107e-01  1.81773e-14  7.75451e-02  4.86737e-01
 5.05000e+01  1.88548e-01  5.09894e-05  1.02107e-01  2.70432e-04  7.75449e-02  4.86727e-01
 5.10000e+01  1.88566e-01  1.01953e-04  1.02104e-01  5.40675e-04  7.75443e-02  4.86697e-01
 5.15000e+01  1.88595e-01  1.52864e-04  1.02101e-01  8.10542e-04  7.75434e-02  4.86647e-01
 5.20000e+01  1.88636e-01  2.03697e-04  1.02095e-01  1.07984e-03  7.75420e-02  4.86577e-01
 5.25000e+01  1.88689e-01  2.54426e-04  1.02089e-01  1.34839e-03  7.75403e-02  4.86488e-01
 5.30000e+01  1.88753e-01  3.05023e-04  1.02081e-01  1.61599e-03  7.75382e-02  4.86379e-01
 5.35000e+01  1.88829e-01  3.55462e-04  1.02071e-01  1.88246e-03  7.75357e-02  4.86250e-01
 5.40000e+01  1.88916e-01  4.05716e-04  1.02060e-01  2.14760e-03  7.75328e-02  4.86102e-01
 5.45000e+01  1.89015e-01  4.55758e-04  1.02047e-01  2.41123e-03  7.75295e-02  4.85935e-01
 5.50000e+01  1.89125e-01  5.05559e-04  1.02033e-01  2.67315e-03  7.75258e-02  4.85750e-01
 5.55000e+01  1.89246e-01  5.55092e-04  1.02017e-01  2.93318e-03  7.75217e-02  4.85545e-01
 5.60000e+01  1.89378e-01  6.04327e-04  1.02000e-01  3.19111e-03  7.75172e-02  4.85322e-01
 5.65000e+01  1.89521e-01  6.53235e-04  1.01981e-01  3.44677e-03  7.75122e-02  4.85081e-01
 5.70000e+01  1.89675e-01  7.01786e-04  1.01961e-01  3.69994e-03  7.75069e-02  4.84822e-01
 5.75000e+01  1.89839e-01  7.49949e-04  1.01940e-01  3.95045e-03  7.75011e-02  4.84545e-01
 5.80000e+01  1.90014e-01  7.97694e-04  1.01917e-01  4.19808e-03  7.74949e-02  4.84252e-01
 5.85000e+01  1.90199e-01  8.44988e-04  1.01892e-01  4.44265e-03  7.74882e-02  4.83941e-01
 5.90000e+01  1.90394e-01  8.91798e-04  1.01866e-01  4.68396e-03  7.74811e-02  4.83615e-01
 5.95000e+01  1.90599e-01  9.38091e-04  1.01839e-01  4.92181e-03  7.74736e-02  4.83272e-01
 6.00000e+01  1.90813e-01  9.83833e-04  1.01810e-01  5.15600e-03  7.74655e-02  4.82914e-01
 6.05000e+01  1.91037e-01  1.02899e-03  1.01779e-01  5.38633e-03  7.74570e-02  4.82540e-01
 6.10000e+01  1.91270e-01  1.07352e-03  1.01748e-01  5.61259e-03  7.74480e-02  4.82152e-01
 6.15000e+01  1.91512e-01  1.11739e-03  1.01714e-01  5.83459e-03  7.74385e-02  4.81750e-01
 6.20000e+01  1.91763e-01  1.16057e-03  1.01680e-01  6.05211e-03  7.74285e-02  4.81334e-01
 6.25000e+01  1.92022e-01  1.20301e-03  1.01644e-01  6.26497e-03  7.74180e-02  4.80904e-01
 6.30000e+01  1.92289e-01  1.24467e-03  1.01606e-01  6.47294e-03  7.74069e-02  4.80462e-01
 6.35000e+01  1.92564e-01  1.28552e-03  1.01567e-01  6.67583e-03  7.73953e-02  4.80008e-01
 6.40000e+01  1.92846e-01  1.32551e-03  1.01527e-01  6.87342e-03  7.73832e-02  4.79542e-01
 6.45000e+01  1.93136e-01  1.36460e-03  1.01486e-01  7.06551e-03  7.73705e-02  4.79065e-01
 6.50000e+01  1.93433e-01  1.40275e-03  1.01443e-01  7.25189e-03  7.73572e-02  4.78578e-01
 6.55000e+01  1.93736e-01  1.43991e-03  1.01398e-01  7.43234e-03  7.73433e-02  4.78080e-01
 6.60000e+01  1.94045e-01  1.47604e-03  1.01352e-01  7.60667e-03  7.73289e-02  4.77572e-01
 6.65000e+01  1.94361e-01  1.51109e-03  1.01305e-01  7.77465e-03  7.73138e-02  4.77056e-01
 6.70000e+01  1.94681e-01  1.54501e-03  1.01257e-01  7.93609e-03  7.72981e-02  4.76531e-01
 6.75000e+01  1.95008e-01  1.57776e-03  1.01207e-01  8.09077e-03  7.72817e-02  4.75999e-01
 6.80000e+01  1.95339e-01  1.60929e-03  1.01156e-01  8.23847e-03  7.72647e-02  4.75459e-01
 6.85000e+01  1.95674e-01  1.63956e-03  1.01104e-01  8.37900e-03  7.72470e-02  4.74912e-01
 6.90000e+01  1.96014e-01  1.66850e-03  1.01050e-01  8.51215e-03  7.72287e-02  4.74359e-01
 6.95000e+01  1.96358e-01  1.69608e-03  1.00995e-01  8.63770e-03  7.72096e-02  4.73801e-01
 7.00000e+01  1.96704e-01  1.72224e-03  1.00939e-01  8.75546e-03  7.71898e-02  4.73237e-01
 7.05000e+01  1.97054e-01  1.74693e-03  1.00882e-01  8.86523e-03  7.71694e-02  4.72669e-01
 7.10000e+01  1.97407e-01  1.77011e-03  1.00823e-01  8.96681e-03  7.71482e-02  4.72097e-01
 7.15000e+01  1.97761e-01  1.79172e-03  1.00764e-01  9.05999e-03  7.71262e-02  4.71522e-01
 7.20000e+01  1.98118e-01  1.81171e-03  1.00703e-01  9.14460e-03  7.71035e-02  4.70944e-01
 7.25000e+01  1.98476e-01  1.83003e-03  1.00641e-01  9.22044e-03  7.70801e-02  4.70363e-01
 7.30000e+01  1.98835e-01  1.84664e-03  1.00578e-01  9.28733e-03  7.70559e-02  4.69781e-01
 7.35000e+01  1.99194e-01  1.86149e-03  1.00514e-01  9.34510e-03  7.70309e-02  4.69197e-01
 7.40000e+01  1.99554e-01  1.87453e-03  1.00449e-01  9.39358e-03  7.70051e-02  4.68613e-01
 7.45000e+01  1.99914e-01  1.88571e-03  1.00382e-01  9.43261e-03  7.69785e-02  4.68028e-01
 7.50000e+01  2.00273e-01  1.89499e-03  1.00315e-01  9.46203e-03  7.69512e-02  4.67444e-01
 7.55000e+01  2.00631e-01  1.90232e-03  1.00247e-01  9.48170e-03  7.69230e-02  4.66861e-01
 7.60000e+01  2.00988e-01  1.90767e-03  1.00178e-01  9.49149e-03  7.68941e-02  4.66279e-01
 7.65000e+01  2.01343e-01  1.91100e-03  1.00109e-01  9.49127e-03  7.68644e-02  4.65699e-01
 7.70000e+01  2.01695e-01  1.91226e-03  1.00038e-01  9.48094e-03  7.68339e-02  4.65121e-01
 7.75000e+01  2.02046e-01  1.91143e-03  9.99668e-02  9.46040e-03  7.68027e-02  4.64546e-01
 7.80000e+01  2.02393e-01  1.90848e-03  9.98948e-02  9.42956e-03  7.67707e-02  4.63974e-01
 7.85000e+01  2.02737e-01  1.90337e-03  9.98222e-02  9.38836e-03  7.67380e-02  4.63406e-01
 7.90000e+01  2.03078e-01  1.89608e-03  9.97490e-02  9.33675e-03  7.67045e-02  4.62843e-01
 7.95000e+01  2.03414e-01  1.88660e-03  9.96753e-02  9.27469e-03  7.66703e-02  4.62284e-01
 8.00000e+01  2.03746e-01  1.87491e-03  9.96012e-02  9.20217e-03  7.66355e-02  4.61731e-01
 8.05000e+01  2.04073e-01  1.86098e-03  9.95267e-02  9.11919e-03  7.66000e-02  4.61183e-01
 8.10000e+01  2.04396e-01  1.84483e-03  9.94520e-02  9.02579e-03  7.65639e-02  4.60641e-01
 8.15000e+01  2.04713e-01  1.82645e-03  9.93770e-02  8.92200e-03  7.65273e-02  4.60106e-01
 8.20000e+01  2.05024e-01  1.80583e-03  9.93019e-02  8.80790e-03  7.64901e-02  4.59578e-01
 8.25000e+01  2.05329e-01  1.78299e-03  9.92267e-02  8.68358e-03  7.64524e-02  4.59057e-01
 8.30000e+01  2.05628e-01  1.75795e-03  9.91516e-02  8.54916e-03  7.64143e-02  4.58545e-01
 8.35000e+01  2.05921e-01  1.73072e-03  9.90767e-02  8.40478e-03  7.63758e-02  4.58041e-01
 8.40000e+01  2.06206e-01  1.70133e-03  9.90021e-02  8.25061e-03  7.63370e-02  4.57545e-01
 8.45000e+01  2.06485e-01  1.66981e-03  9.89278e-02  8.08684e-03  7.62980e-02  4.57059e-01
 8.50000e+01  2.06756e-01  1.63620e-03  9.88540e-02  7.91367e-03  7.62587e-02  4.56583e-01
 8.55000e+01  2.07020e-01  1.60055e-03  9.87808e-02  7.73137e-03  7.62194e-02  4.56117e-01
 8.60000e+01  2.07276e-01  1.56290e-03  9.87084e-02  7.54017e-03  7.61801e-02  4.55662e-01
 8.65000e+01  2.07525e-01  1.52331e-03  9.86367e-02  7.34038e-03  7.61408e-02  4.55217e-01
 8.70000e+01  2.07765e-01  1.48184e-03  9.85661e-02  7.13230e-03  7.61016e-02  4.54784e-01
 8.75000e+01  2.07997e-01  1.43856e-03  9.84965e-02  6.91626e-03  7.60628e-02  4.54363e-01
 8.80000e+01  2.08220e-01  1.39353e-03  9.84282e-02  6.69260e-03  7.60242e-02  4.53955e-01
 8.85000e+01  2.08435e-01  1.34684e-03  9.83612e-02  6.46168e-03  7.59861e-02  4.53559e-01
 8.90000e+01  2.08641e-01  1.29856e-03  9.82958e-02  6.22387e-03  7.59485e-02  4.53176e-01
 8.95000e+01  2.08839e-01  1.24877e-03  9.82320e-02  5.97957e-03  7.59116e-02  4.52807e-01
 9.00000e+01  2.09028e-01  1.19755e-03  9.81700e-02  5.72916e-03  7.58755e-02  4.52452e-01
 9.05000e+01  2.09207e-01  1.14500e-03  9.81099e-02  5.47304e-03  7.58402e-02  4.52112e-01
 9.10000e+01  2.09378e-01  1.09120e-03  9.80518e-02  5.21162e-03  7.58059e-02  4.51786e-01
 9.15000e+01  2.09540e-01  1.03623e-03  9.79960e-02  4.94529e-03  7.57726e-02  4.51475e-01
 9.20000e+01  2.09692e-01  9.80195e-04  9.79425e-02  4.67445e-03  7.57406e-02  4.51180e-01
 9.25000e+01  2.09835e-01  9.23167e-04  9.78914e-02  4.39948e-03  7.57098e-02  4.50901e-01
 9.30000e+01  2.09969e-01  8.65237e-04  9.78430e-02  4.12078e-03  7.56805e-02  4.50638e-01
 9.35000e+01  2.10094e-01  8.06487e-04  9.77973e-02  3.83869e-03  7.56527e-02  4.50391e-01
 9.40000e+01  2.10210e-01  7.46998e-04  9.77544e-02  3.55358e-03  7.56264e-02  4.50162e-01
 9.45000e+01  2.10316e-01  6.86847e-04  9.77145e-02  3.26578e-03  7.56019e-02  4.49949e-01
 9.50000e+01  2.10413e-01  6.26109e-04  9.76777e-02  2.97561e-03  7.55792e-02  4.49754e-01
 9.55000e+01  2.10501e-01  5.64852e-04  9.76440e-02  2.68337e-03  7.55584e-02  4.49577e-01
 9.60000e+01  2.10580e-01  5.03145e-04  9.76136e-02  2.38933e-03  7.55395e-02  4.49418e-01
 9.65000e+01  2.10649e-01  4.41049e-04  9.75866e-02  2.09376e-03  7.55226e-02  4.49277e-01
 9.70000e+01  2.10709e-01  3.78623e-04  9.75630e-02  1.79690e-03  7.55079e-02  4.49154e-01
 9.75000e+01  2.10760e-01  3.15922e-04  9.75430e-02  1.49897e-03  7.54953e-02  4.49050e-01
 9.80000e+01  2.10801e-01  2.52998e-04  9.75264e-02  1.20017e-03  7.54850e-02  4.48965e-01
 9.85000e+01  2.10834e-01  1.89898e-04  9.75136e-02  9.00700e-04  7.54769e-02  4.48899e-01
 9.90000e+01  2.10857e-01  1.26669e-04  9.75043e-02  6.00736e-04  7.54711e-02  4.48851e-01
 9.95000e+01  2.10871e-01  6.33556e-05  9.74988e-02  3.00448e-04  7.54676e-02  4.48822e-01
