 0.00000e+00  1.81457e-01 -2.94412e-16  6.17942e-03 -1.62249e-15 -1.07652e-03 -2.08771e-03  1.43675e-01
 5.00000e-01  1.81492e-01  1.56454e-04  6.17828e-03  8.62043e-04 -1.07844e-03 -2.08621e-03  1.43689e-01
 1.00000e+00  1.81597e-01  3.12645e-04  6.17486e-03  1.72165e-03 -1.08418e-03 -2.08171e-03  1.43733e-01
 1.50000e+00  1.81770e-01  4.68314e-04  6.16919e-03  2.57642e-03 -1.09370e-03 -2.07424e-03  1.43806e-01
 2.00000e+00  1.82010e-01  6.23213e-04  6.16129e-03  3.42406e-03 -1.10694e-03 -2.06387e-03  1.43908e-01
 2.50000e+00  1.82317e-01  7.77108e-04  6.15119e-03  4.26240e-03 -1.12379e-03 -2.05069e-03  1.44037e-01
 3.00000e+00  1.82688e-01  9.29785e-04  6.13896e-03  5.08948e-03 -1.14415e-03 -2.03478e-03  1.44194e-01
 3.50000e+00  1.83120e-01  1.08105e-03  6.12465e-03  5.90351e-03 -1.16786e-03 -2.01629e-03  1.44378e-01
 4.00000e+00  1.83612e-01  1.23075e-03  6.10832e-03  6.70299e-03 -1.19476e-03 -1.99536e-03  1.44586e-01
 4.50000e+00  1.84159e-01  1.37874e-03  6.09007e-03  7.48666e-03 -1.22466e-03 -1.97215e-03  1.44819e-01
 5.00000e+00  1.84758e-01  1.52492e-03  6.06996e-03  8.25359e-03 -1.25737e-03 -1.94684e-03  1.45075e-01
 5.50000e+00  1.85407e-01  1.66924e-03  6.04811e-03  9.00314e-03 -1.29267e-03 -1.91963e-03  1.45352e-01
 6.00000e+00  1.86099e-01  1.81168e-03  6.02460e-03  9.73500e-03 -1.33032e-03 -1.89074e-03  1.45648e-01
 6.50000e+00  1.86832e-01  1.95224e-03  5.99954e-03  1.04492e-02 -1.37009e-03 -1.86039e-03  1.45963e-01
 7.00000e+00  1.87601e-01  2.09101e-03  5.97304e-03  1.11461e-02 -1.41173e-03 -1.82881e-03  1.46293e-01
 7.50000e+00  1.88400e-01  2.22807e-03  5.94522e-03  1.18263e-02 -1.45498e-03 -1.79626e-03  1.46638e-01
 8.00000e+00  1.89226e-01  2.36357e-03  5.91619e-03  1.24908e-02 -1.49961e-03 -1.76297e-03  1.46994e-01
 8.50000e+00  1.90072e-01  2.49771e-03  5.88607e-03  1.31409e-02 -1.54534e-03 -1.72920e-03  1.47360e-01
 9.00000e+00  1.90935e-01  2.63072e-03  5.85498e-03  1.37781e-02 -1.59195e-03 -1.69522e-03  1.47733e-01
 9.50000e+00  1.91810e-01  2.76287e-03  5.82303e-03  1.44043e-02 -1.63918e-03 -1.66127e-03  1.48112e-01
 1.00000e+01  1.92690e-01  2.89447e-03  5.79034e-03  1.50214e-02 -1.68680e-03 -1.62763e-03  1.48493e-01
 1.05000e+01  1.93571e-01  3.02587e-03  5.75703e-03  1.56319e-02 -1.73460e-03 -1.59454e-03  1.48875e-01
 1.10000e+01  1.94448e-01  3.15745e-03  5.72322e-03  1.62380e-02 -1.78235e-03 -1.56226e-03  1.49254e-01
 1.15000e+01  1.95316e-01  3.28963e-03  5.68901e-03  1.68426e-02 -1.82986e-03 -1.53103e-03  1.49629e-01
 1.20000e+01  1.96171e-01  3.42283e-03  5.65452e-03  1.74482e-02 -1.87694e-03 -1.50109e-03  1.49997e-01
 1.25000e+01  1.97007e-01  3.55753e-03  5.61986e-03  1.80579e-02 -1.92342e-03 -1.47268e-03  1.50355e-01
 1.30000e+01  1.97820e-01  3.69421e-03  5.58512e-03  1.86746e-02 -1.96914e-03 -1.44601e-03  1.50702e-01
 1.35000e+01  1.98607e-01  3.83337e-03  5.55042e-03  1.93013e-02 -2.01395e-03 -1.42130e-03  1.51036e-01
 1.40000e+01  1.99362e-01  3.97550e-03  5.51584e-03  1.99411e-02 -2.05772e-03 -1.39874e-03  1.51353e-01
 1.45000e+01  2.00082e-01  4.12113e-03  5.48150e-03  2.05972e-02 -2.10033e-03 -1.37852e-03  1.51652e-01
 1.50000e+01  2.00764e-01  4.27078e-03  5.44750e-03  2.12726e-02 -2.14167e-03 -1.36081e-03  1.51932e-01
 1.55000e+01  2.01404e-01  4.42493e-03  5.41392e-03  2.19705e-02 -2.18163e-03 -1.34577e-03  1.52190e-01
 1.60000e+01  2.01999e-01  4.58411e-03  5.38086e-03  2.26938e-02 -2.22013e-03 -1.33356e-03  1.52424e-01
 1.65000e+01  2.02546e-01  4.74877e-03  5.34844e-03  2.34454e-02 -2.25707e-03 -1.32429e-03  1.52635e-01
 1.70000e+01  2.03043e-01  4.91939e-03  5.31674e-03  2.42283e-02 -2.29237e-03 -1.31808e-03  1.52819e-01
 1.75000e+01  2.03488e-01  5.09638e-03  5.28587e-03  2.50451e-02 -2.32594e-03 -1.31504e-03  1.52976e-01
 1.80000e+01  2.03880e-01  5.28014e-03  5.25594e-03  2.58983e-02 -2.35772e-03 -1.31524e-03  1.53106e-01
 1.85000e+01  2.04216e-01  5.47102e-03  5.22706e-03  2.67904e-02 -2.38761e-03 -1.31875e-03  1.53208e-01
 1.90000e+01  2.04496e-01  5.66932e-03  5.19933e-03  2.77234e-02 -2.41554e-03 -1.32563e-03  1.53281e-01
 1.95000e+01  2.04719e-01  5.87528e-03  5.17287e-03  2.86993e-02 -2.44143e-03 -1.33591e-03  1.53325e-01
 2.00000e+01  2.04885e-01  6.08909e-03  5.14780e-03  2.97196e-02 -2.46520e-03 -1.34960e-03  1.53340e-01
 2.05000e+01  2.04994e-01  6.31085e-03  5.12422e-03  3.07856e-02 -2.48677e-03 -1.36671e-03  1.53327e-01
 2.10000e+01  2.05046e-01  6.54062e-03  5.10225e-03  3.18983e-02 -2.50605e-03 -1.38722e-03  1.53286e-01
 2.15000e+01  2.05043e-01  6.77832e-03  5.08200e-03  3.30580e-02 -2.52298e-03 -1.41111e-03  1.53219e-01
 2.20000e+01  2.04986e-01  7.02385e-03  5.06359e-03  3.42650e-02 -2.53748e-03 -1.43832e-03  1.53125e-01
 2.25000e+01  2.04877e-01  7.27695e-03  5.04710e-03  3.55187e-02 -2.54950e-03 -1.46880e-03  1.53008e-01
 2.30000e+01  2.04717e-01  7.53730e-03  5.03262e-03  3.68182e-02 -2.55898e-03 -1.50245e-03  1.52867e-01
 2.35000e+01  2.04510e-01  7.80447e-03  5.02022e-03  3.81618e-02 -2.56589e-03 -1.53920e-03  1.52705e-01
 2.40000e+01  2.04259e-01  8.07790e-03  5.00996e-03  3.95474e-02 -2.57021e-03 -1.57891e-03  1.52524e-01
 2.45000e+01  2.03966e-01  8.35692e-03  5.00188e-03  4.09721e-02 -2.57197e-03 -1.62146e-03  1.52326e-01
 2.50000e+01  2.03637e-01  8.64076e-03  4.99597e-03  4.24322e-02 -2.57119e-03 -1.66671e-03  1.52114e-01
 2.55000e+01  2.03275e-01  8.92850e-03  4.99221e-03  4.39233e-02 -2.56796e-03 -1.71450e-03  1.51889e-01
 2.60000e+01  2.02884e-01  9.21911e-03  4.99055e-03  4.54402e-02 -2.56239e-03 -1.76464e-03  1.51655e-01
 2.65000e+01  2.02471e-01  9.51145e-03  4.99088e-03  4.69768e-02 -2.55463e-03 -1.81695e-03  1.51414e-01
 2.70000e+01  2.02041e-01  9.80424e-03  4.99307e-03  4.85261e-02 -2.54488e-03 -1.87121e-03  1.51169e-01
 2.75000e+01  2.01598e-01  1.00961e-02  4.99694e-03  5.00802e-02 -2.53339e-03 -1.92721e-03  1.50923e-01
 2.80000e+01  2.01150e-01  1.03855e-02  5.00226e-03  5.16305e-02 -2.52047e-03 -1.98471e-03  1.50679e-01
 2.85000e+01  2.00703e-01  1.06708e-02  5.00875e-03  5.31673e-02 -2.50645e-03 -2.04347e-03  1.50439e-01
 2.90000e+01  2.00262e-01  1.09504e-02  5.01609e-03  5.46803e-02 -2.49175e-03 -2.10322e-03  1.50206e-01
 2.95000e+01  1.99835e-01  1.12223e-02  5.02392e-03  5.61581e-02 -2.47680e-03 -2.16370e-03  1.49984e-01
 3.00000e+01  1.99428e-01  1.14848e-02  5.03180e-03  5.75888e-02 -2.46210e-03 -2.22464e-03  1.49773e-01
 3.05000e+01  1.99049e-01  1.17359e-02  5.03929e-03  5.89600e-02 -2.44819e-03 -2.28574e-03  1.49577e-01
 3.10000e+01  1.98702e-01  1.19735e-02  5.04588e-03  6.02586e-02 -2.43563e-03 -2.34674e-03  1.49398e-01
 3.15000e+01  1.98396e-01  1.21957e-02  5.05104e-03  6.14713e-02 -2.42502e-03 -2.40733e-03  1.49237e-01
 3.20000e+01  1.98136e-01  1.24003e-02  5.05422e-03  6.25846e-02 -2.41698e-03 -2.46723e-03  1.49097e-01
 3.25000e+01  1.97929e-01  1.25853e-02  5.05482e-03  6.35851e-02 -2.41213e-03 -2.52616e-03  1.48978e-01
 3.30000e+01  1.97779e-01  1.27487e-02  5.05226e-03  6.44594e-02 -2.41111e-03 -2.58384e-03  1.48883e-01
 3.35000e+01  1.97692e-01  1.28885e-02  5.04594e-03  6.51949e-02 -2.41453e-03 -2.64000e-03  1.48811e-01
 3.40000e+01  1.97673e-01  1.30028e-02  5.03526e-03  6.57793e-02 -2.42300e-03 -2.69439e-03  1.48764e-01
 3.45000e+01  1.97725e-01  1.30897e-02  5.01964e-03  6.62015e-02 -2.43707e-03 -2.74677e-03  1.48741e-01
 3.50000e+01  1.97851e-01  1.31474e-02  4.99852e-03  6.64513e-02 -2.45729e-03 -2.79691e-03  1.48743e-01
 3.55000e+01  1.98054e-01  1.31745e-02  4.97138e-03  6.65199e-02 -2.48412e-03 -2.84462e-03  1.48770e-01
 3.60000e+01  1.98335e-01  1.31694e-02  4.93773e-03  6.63998e-02 -2.51798e-03 -2.88972e-03  1.48820e-01
 3.65000e+01  1.98695e-01  1.31308e-02  4.89713e-03  6.60854e-02 -2.55923e-03 -2.93205e-03  1.48894e-01
 3.70000e+01  1.99133e-01  1.30577e-02  4.84919e-03  6.55726e-02 -2.60815e-03 -2.97151e-03  1.48990e-01
 3.75000e+01  1.99649e-01  1.29490e-02  4.79361e-03  6.48589e-02 -2.66492e-03 -3.00799e-03  1.49106e-01
 3.80000e+01  2.00239e-01  1.28041e-02  4.73012e-03  6.39440e-02 -2.72968e-03 -3.04143e-03  1.49241e-01
 3.85000e+01  2.00901e-01  1.26224e-02  4.65853e-03  6.28290e-02 -2.80245e-03 -3.07182e-03  1.49393e-01
 3.90000e+01  2.01630e-01  1.24037e-02  4.57875e-03  6.15170e-02 -2.88319e-03 -3.09914e-03  1.49559e-01
 3.95000e+01  2.02421e-01  1.21478e-02  4.49073e-03  6.00123e-02 -2.97177e-03 -3.12344e-03  1.49738e-01
 4.00000e+01  2.03269e-01  1.18548e-02  4.39454e-03  5.83211e-02 -3.06796e-03 -3.14479e-03  1.49925e-01
 4.05000e+01  2.04165e-01  1.15252e-02  4.29031e-03  5.64505e-02 -3.17146e-03 -3.16328e-03  1.50119e-01
 4.10000e+01  2.05103e-01  1.11595e-02  4.17830e-03  5.44091e-02 -3.28189e-03 -3.17904e-03  1.50316e-01
 4.15000e+01  2.06074e-01  1.07583e-02  4.05885e-03  5.22061e-02 -3.39875e-03 -3.19221e-03  1.50513e-01
 4.20000e+01  2.07068e-01  1.03227e-02  3.93244e-03  4.98516e-02 -3.52146e-03 -3.20297e-03  1.50706e-01
 4.25000e+01  2.08077e-01  9.85374e-03  3.79969e-03  4.73561e-02 -3.64932e-03 -3.21152e-03  1.50892e-01
 4.30000e+01  2.09091e-01  9.35273e-03  3.66138e-03  4.47305e-02 -3.78151e-03 -3.21805e-03  1.51068e-01
 4.35000e+01  2.10097e-01  8.82112e-03  3.51851e-03  4.19858e-02 -3.91703e-03 -3.22279e-03  1.51230e-01
 4.40000e+01  2.11087e-01  8.26049e-03  3.37229e-03  3.91330e-02 -4.05473e-03 -3.22596e-03  1.51375e-01
 4.45000e+01  2.12050e-01  7.67258e-03  3.22418e-03  3.61829e-02 -4.19325e-03 -3.22780e-03  1.51503e-01
 4.50000e+01  2.12974e-01  7.05924e-03  3.07596e-03  3.31461e-02 -4.33099e-03 -3.22854e-03  1.51611e-01
 4.55000e+01  2.13848e-01  6.42242e-03  2.92969e-03  3.00326e-02 -4.46613e-03 -3.22841e-03  1.51699e-01
 4.60000e+01  2.14664e-01  5.76419e-03  2.78771e-03  2.68522e-02 -4.59661e-03 -3.22762e-03  1.51767e-01
 4.65000e+01  2.15410e-01  5.08670e-03  2.65267e-03  2.36140e-02 -4.72013e-03 -3.22638e-03  1.51816e-01
 4.70000e+01  2.16078e-01  4.39218e-03  2.52738e-03  2.03269e-02 -4.83428e-03 -3.22489e-03  1.51849e-01
 4.75000e+01  2.16658e-01  3.68294e-03  2.41477e-03  1.69989e-02 -4.93651e-03 -3.22331e-03  1.51869e-01
 4.80000e+01  2.17144e-01  2.96133e-03  2.31775e-03  1.36376e-02 -5.02434e-03 -3.22181e-03  1.51879e-01
 4.85000e+01  2.17529e-01  2.22976e-03  2.23902e-03  1.02504e-02 -5.09546e-03 -3.22050e-03  1.51881e-01
 4.90000e+01  2.17808e-01  1.49069e-03  2.18093e-03  6.84407e-03 -5.14784e-03 -3.21949e-03  1.51881e-01
 4.95000e+01  2.17977e-01  7.46603e-04  2.14531e-03  3.42515e-03 -5.17993e-03 -3.21886e-03  1.51879e-01
 5.00000e+01  2.18033e-01  2.34849e-16  2.13330e-03  1.07713e-15 -5.19074e-03 -3.21864e-03  1.51878e-01
 5.05000e+01  2.17977e-01 -7.46603e-04  2.14531e-03 -3.42515e-03 -5.17993e-03 -3.21886e-03  1.51879e-01
 5.10000e+01  2.17808e-01 -1.49069e-03  2.18093e-03 -6.84407e-03 -5.14784e-03 -3.21949e-03  1.51881e-01
 5.15000e+01  2.17529e-01 -2.22976e-03  2.23902e-03 -1.02504e-02 -5.09546e-03 -3.22050e-03  1.51881e-01
 5.20000e+01  2.17144e-01 -2.96133e-03  2.31775e-03 -1.36376e-02 -5.02434e-03 -3.22181e-03  1.51879e-01
 5.25000e+01  2.16658e-01 -3.68294e-03  2.41477e-03 -1.69989e-02 -4.93651e-03 -3.22331e-03  1.51869e-01
 5.30000e+01  2.16078e-01 -4.39218e-03  2.52738e-03 -2.03269e-02 -4.83428e-03 -3.22489e-03  1.51849e-01
 5.35000e+01  2.15410e-01 -5.08670e-03  2.65267e-03 -2.36140e-02 -4.72013e-03 -3.22638e-03  1.51816e-01
 5.40000e+01  2.14664e-01 -5.76419e-03  2.78771e-03 -2.68522e-02 -4.59661e-03 -3.22762e-03  1.51767e-01
 5.45000e+01  2.13848e-01 -6.42242e-03  2.92969e-03 -3.00326e-02 -4.46613e-03 -3.22841e-03  1.51699e-01
 5.50000e+01  2.12974e-01 -7.05924e-03  3.07596e-03 -3.31461e-02 -4.33099e-03 -3.22854e-03  1.51611e-01
 5.55000e+01  2.12050e-01 -7.67258e-03  3.22418e-03 -3.61829e-02 -4.19325e-03 -3.22780e-03  1.51503e-01
 5.60000e+01  2.11087e-01 -8.26049e-03  3.37229e-03 -3.91330e-02 -4.05473e-03 -3.22596e-03  1.51375e-01
 5.65000e+01  2.10097e-01 -8.82112e-03  3.51851e-03 -4.19858e-02 -3.91703e-03 -3.22279e-03  1.51230e-01
 5.70000e+01  2.09091e-01 -9.35273e-03  3.66138e-03 -4.47305e-02 -3.78151e-03 -3.21805e-03  1.51068e-01
 5.75000e+01  2.08077e-01 -9.85374e-03  3.79969e-03 -4.73561e-02 -3.64932e-03 -3.21152e-03  1.50892e-01
 5.80000e+01  2.07068e-01 -1.03227e-02  3.93244e-03 -4.98516e-02 -3.52146e-03 -3.20297e-03  1.50706e-01
 5.85000e+01  2.06074e-01 -1.07583e-02  4.05885e-03 -5.22061e-02 -3.39875e-03 -3.19221e-03  1.50513e-01
 5.90000e+01  2.05103e-01 -1.11595e-02  4.17830e-03 -5.44091e-02 -3.28189e-03 -3.17904e-03  1.50316e-01
 5.95000e+01  2.04165e-01 -1.15252e-02  4.29031e-03 -5.64505e-02 -3.17146e-03 -3.16328e-03  1.50119e-01
 6.00000e+01  2.03269e-01 -1.18548e-02  4.39454e-03 -5.83211e-02 -3.06796e-03 -3.14479e-03  1.49925e-01
 6.05000e+01  2.02421e-01 -1.21478e-02  4.49073e-03 -6.00123e-02 -2.97177e-03 -3.12344e-03  1.49738e-01
 6.10000e+01  2.01630e-01 -1.24037e-02  4.57875e-03 -6.15170e-02 -2.88319e-03 -3.09914e-03  1.49559e-01
 6.15000e+01  2.00901e-01 -1.26224e-02  4.65853e-03 -6.28290e-02 -2.80245e-03 -3.07182e-03  1.49393e-01
 6.20000e+01  2.00239e-01 -1.28041e-02  4.73012e-03 -6.39440e-02 -2.72968e-03 -3.04143e-03  1.49241e-01
 6.25000e+01  1.99649e-01 -1.29490e-02  4.79361e-03 -6.48589e-02 -2.66492e-03 -3.00799e-03  1.49106e-01
 6.30000e+01  1.99133e-01 -1.30577e-02  4.84919e-03 -6.55726e-02 -2.60815e-03 -2.97151e-03  1.48990e-01
 6.35000e+01  1.98695e-01 -1.31308e-02  4.89713e-03 -6.60854e-02 -2.55923e-03 -2.93205e-03  1.48894e-01
 6.40000e+01  1.98335e-01 -1.31694e-02  4.93773e-03 -6.63998e-02 -2.51798e-03 -2.88972e-03  1.48820e-01
 6.45000e+01  1.98054e-01 -1.31745e-02  4.97138e-03 -6.65199e-02 -2.48412e-03 -2.84462e-03  1.48770e-01
 6.50000e+01  1.97851e-01 -1.31474e-02  4.99852e-03 -6.64513e-02 -2.45729e-03 -2.79691e-03  1.48743e-01
 6.55000e+01  1.97725e-01 -1.30897e-02  5.01964e-03 -6.62015e-02 -2.43707e-03 -2.74677e-03  1.48741e-01
 6.60000e+01  1.97673e-01 -1.30028e-02  5.03526e-03 -6.57793e-02 -2.42300e-03 -2.69439e-03  1.48764e-01
 6.65000e+01  1.97692e-01 -1.28885e-02  5.04594e-03 -6.51949e-02 -2.41453e-03 -2.64000e-03  1.48811e-01
 6.70000e+01  1.97779e-01 -1.27487e-02  5.05226e-03 -6.44594e-02 -2.41111e-03 -2.58384e-03  1.48883e-01
 6.75000e+01  1.97929e-01 -1.25853e-02  5.05482e-03 -6.35851e-02 -2.41213e-03 -2.52616e-03  1.48978e-01
 6.80000e+01  1.98136e-01 -1.24003e-02  5.05422e-03 -6.25846e-02 -2.41698e-03 -2.46723e-03  1.49097e-01
 6.85000e+01  1.98396e-01 -1.21957e-02  5.05104e-03 -6.14713e-02 -2.42502e-03 -2.40733e-03  1.49237e-01
 6.90000e+01  1.98702e-01 -1.19735e-02  5.04588e-03 -6.02586e-02 -2.43563e-03 -2.34674e-03  1.49398e-01
 6.95000e+01  1.99049e-01 -1.17359e-02  5.03929e-03 -5.89600e-02 -2.44819e-03 -2.28574e-03  1.49577e-01
 7.00000e+01  1.99428e-01 -1.14848e-02  5.03180e-03 -5.75888e-02 -2.46210e-03 -2.22464e-03  1.49773e-01
 7.05000e+01  1.99835e-01 -1.12223e-02  5.02392e-03 -5.61581e-02 -2.47680e-03 -2.16370e-03  1.49984e-01
 7.10000e+01  2.00262e-01 -1.09504e-02  5.01609e-03 -5.46803e-02 -2.49175e-03 -2.10322e-03  1.50206e-01
 7.15000e+01  2.00703e-01 -1.06708e-02  5.00875e-03 -5.31673e-02 -2.50645e-03 -2.04347e-03  1.50439e-01
 7.20000e+01  2.01150e-01 -1.03855e-02  5.00226e-03 -5.16305e-02 -2.52047e-03 -1.98471e-03  1.50679e-01
 7.25000e+01  2.01598e-01 -1.00961e-02  4.99694e-03 -5.00802e-02 -2.53339e-03 -1.92721e-03  1.50923e-01
 7.30000e+01  2.02041e-01 -9.80424e-03  4.99307e-03 -4.85261e-02 -2.54488e-03 -1.87121e-03  1.51169e-01
 7.35000e+01  2.02471e-01 -9.51145e-03  4.99088e-03 -4.69768e-02 -2.55463e-03 -1.81695e-03  1.51414e-01
 7.40000e+01  2.02884e-01 -9.21911e-03  4.99055e-03 -4.54402e-02 -2.56239e-03 -1.76464e-03  1.51655e-01
 7.45000e+01  2.03275e-01 -8.92850e-03  4.99221e-03 -4.39233e-02 -2.56796e-03 -1.71450e-03  1.51889e-01
 7.50000e+01  2.03637e-01 -8.64076e-03  4.99597e-03 -4.24322e-02 -2.57119e-03 -1.66671e-03  1.52114e-01
 7.55000e+01  2.03966e-01 -8.35692e-03  5.00188e-03 -4.09721e-02 -2.57197e-03 -1.62146e-03  1.52326e-01
 7.60000e+01  2.04259e-01 -8.07790e-03  5.00996e-03 -3.95474e-02 -2.57021e-03 -1.57891e-03  1.52524e-01
 7.65000e+01  2.04510e-01 -7.80447e-03  5.02022e-03 -3.81618e-02 -2.56589e-03 -1.53920e-03  1.52705e-01
 7.70000e+01  2.04717e-01 -7.53730e-03  5.03262e-03 -3.68182e-02 -2.55898e-03 -1.50245e-03  1.52867e-01
 7.75000e+01  2.04877e-01 -7.27695e-03  5.04710e-03 -3.55187e-02 -2.54950e-03 -1.46880e-03  1.53008e-01
 7.80000e+01  2.04986e-01 -7.02385e-03  5.06359e-03 -3.42650e-02 -2.53748e-03 -1.43832e-03  1.53125e-01
 7.85000e+01  2.05043e-01 -6.77832e-03  5.08200e-03 -3.30580e-02 -2.52298e-03 -1.41111e-03  1.53219e-01
 7.90000e+01  2.05046e-01 -6.54062e-03  5.10225e-03 -3.18983e-02 -2.50605e-03 -1.38722e-03  1.53286e-01
 7.95000e+01  2.04994e-01 -6.31085e-03  5.12422e-03 -3.07856e-02 -2.48677e-03 -1.36671e-03  1.53327e-01
 8.00000e+01  2.04885e-01 -6.08909e-03  5.14780e-03 -2.97196e-02 -2.46520e-03 -1.34960e-03  1.53340e-01
 8.05000e+01  2.04719e-01 -5.87528e-03  5.17287e-03 -2.86993e-02 -2.44143e-03 -1.33591e-03  1.53325e-01
 8.10000e+01  2.04496e-01 -5.66932e-03  5.19933e-03 -2.77234e-02 -2.41554e-03 -1.32563e-03  1.53281e-01
 8.15000e+01  2.04216e-01 -5.47102e-03  5.22706e-03 -2.67904e-02 -2.38761e-03 -1.31875e-03  1.53208e-01
 8.20000e+01  2.03880e-01 -5.28014e-03  5.25594e-03 -2.58983e-02 -2.35772e-03 -1.31524e-03  1.53106e-01
 8.25000e+01  2.03488e-01 -5.09638e-03  5.28587e-03 -2.50451e-02 -2.32594e-03 -1.31504e-03  1.52976e-01
 8.30000e+01  2.03043e-01 -4.91939e-03  5.31674e-03 -2.42283e-02 -2.29237e-03 -1.31808e-03  1.52819e-01
 8.35000e+01  2.02546e-01 -4.74877e-03  5.34844e-03 -2.34454e-02 -2.25707e-03 -1.32429e-03  1.52635e-01
 8.40000e+01  2.01999e-01 -4.58411e-03  5.38086e-03 -2.26938e-02 -2.22013e-03 -1.33356e-03  1.52424e-01
 8.45000e+01  2.01404e-01 -4.42493e-03  5.41392e-03 -2.19705e-02 -2.18163e-03 -1.34577e-03  1.52190e-01
 8.50000e+01  2.00764e-01 -4.27078e-03  5.44750e-03 -2.12726e-02 -2.14167e-03 -1.36081e-03  1.51932e-01
 8.55000e+01  2.00082e-01 -4.12113e-03  5.48150e-03 -2.05972e-02 -2.10033e-03 -1.37852e-03  1.51652e-01
 8.60000e+01  1.99362e-01 -3.97550e-03  5.51584e-03 -1.99411e-02 -2.05772e-03 -1.39874e-03  1.51353e-01
 8.65000e+01  1.98607e-01 -3.83337e-03  5.55042e-03 -1.93013e-02 -2.01395e-03 -1.42130e-03  1.51036e-01
 8.70000e+01  1.97820e-01 -3.69421e-03  5.58512e-03 -1.86746e-02 -1.96914e-03 -1.44601e-03  1.50702e-01
 8.75000e+01  1.97007e-01 -3.55753e-03  5.61986e-03 -1.80579e-02 -1.92342e-03 -1.47268e-03  1.50355e-01
 8.80000e+01  1.96171e-01 -3.42283e-03  5.65452e-03 -1.74482e-02 -1.87694e-03 -1.50109e-03  1.49997e-01
 8.85000e+01  1.95316e-01 -3.28963e-03  5.68901e-03 -1.68426e-02 -1.82986e-03 -1.53103e-03  1.49629e-01
 8.90000e+01  1.94448e-01 -3.15745e-03  5.72322e-03 -1.62380e-02 -1.78235e-03 -1.56226e-03  1.49254e-01
 8.95000e+01  1.93571e-01 -3.02587e-03  5.75703e-03 -1.56319e-02 -1.73460e-03 -1.59454e-03  1.48875e-01
 9.00000e+01  1.92690e-01 -2.89447e-03  5.79034e-03 -1.50214e-02 -1.68680e-03 -1.62763e-03  1.48493e-01
 9.05000e+01  1.91810e-01 -2.76287e-03  5.82303e-03 -1.44043e-02 -1.63918e-03 -1.66127e-03  1.48112e-01
 9.10000e+01  1.90935e-01 -2.63072e-03  5.85498e-03 -1.37781e-02 -1.59195e-03 -1.69522e-03  1.47733e-01
 9.15000e+01  1.90072e-01 -2.49771e-03  5.88607e-03 -1.31409e-02 -1.54534e-03 -1.72920e-03  1.47360e-01
 9.20000e+01  1.89226e-01 -2.36357e-03  5.91619e-03 -1.24908e-02 -1.49961e-03 -1.76297e-03  1.46994e-01
 9.25000e+01  1.88400e-01 -2.22807e-03  5.94522e-03 -1.18263e-02 -1.45498e-03 -1.79626e-03  1.46638e-01
 9.30000e+01  1.87601e-01 -2.09101e-03  5.97304e-03 -1.11461e-02 -1.41173e-03 -1.82881e-03  1.46293e-01
 9.35000e+01  1.86832e-01 -1.95224e-03  5.99954e-03 -1.04492e-02 -1.37009e-03 -1.86039e-03  1.45963e-01
 9.40000e+01  1.86099e-01 -1.81168e-03  6.02460e-03 -9.73500e-03 -1.33032e-03 -1.89074e-03  1.45648e-01
 9.45000e+01  1.85407e-01 -1.66924e-03  6.04811e-03 -9.00314e-03 -1.29267e-03 -1.91963e-03  1.45352e-01
 9.50000e+01  1.84758e-01 -1.52492e-03  6.06996e-03 -8.25359e-03 -1.25737e-03 -1.94684e-03  1.45075e-01
 9.55000e+01  1.84159e-01 -1.37874e-03  6.09007e-03 -7.48666e-03 -1.22466e-03 -1.97215e-03  1.44819e-01
 9.60000e+01  1.83612e-01 -1.23075e-03  6.10832e-03 -6.70299e-03 -1.19476e-03 -1.99536e-03  1.44586e-01
 9.65000e+01  1.83120e-01 -1.08105e-03  6.12465e-03 -5.90351e-03 -1.16786e-03 -2.01629e-03  1.44378e-01
 9.70000e+01  1.82688e-01 -9.29785e-04  6.13896e-03 -5.08948e-03 -1.14415e-03 -2.03478e-03  1.44194e-01
 9.75000e+01  1.82317e-01 -7.77108e-04  6.15119e-03 -4.26240e-03 -1.12379e-03 -2.05069e-03  1.44037e-01
 9.80000e+01  1.82010e-01 -6.23213e-04  6.16129e-03 -3.42406e-03 -1.10694e-03 -2.06387e-03  1.43908e-01
 9.85000e+01  1.81770e-01 -4.68314e-04  6.16919e-03 -2.57642e-03 -1.09370e-03 -2.07424e-03  1.43806e-01
 9.90000e+01  1.81597e-01 -3.12645e-04  6.17486e-03 -1.72165e-03 -1.08418e-03 -2.08171e-03  1.43733e-01
 9.95000e+01  1.81492e-01 -1.56454e-04  6.17828e-03 -8.62043e-04 -1.07844e-03 -2.08621e-03  1.43689e-01
