 0.00000e+00  4.95451e-02 -7.62182e-16  3.14624e-03 -1.53836e-14  1.47390e-03  3.03679e-04  7.53651e-02
 5.00000e-01  4.96927e-02 -3.33287e-04  3.14853e-03 -6.70696e-03  1.47174e-03  3.04919e-04  7.53685e-02
 1.00000e+00  5.01353e-02 -6.66268e-04  3.15554e-03 -1.32894e-02  1.46533e-03  3.08634e-04  7.53839e-02
 1.50000e+00  5.08719e-02 -9.98603e-04  3.16771e-03 -1.96297e-02  1.45482e-03  3.14800e-04  7.54268e-02
 2.00000e+00  5.19012e-02 -1.32989e-03  3.18569e-03 -2.56235e-02  1.44045e-03  3.23384e-04  7.55207e-02
 2.50000e+00  5.32209e-02 -1.65964e-03  3.21027e-03 -3.11839e-02  1.42247e-03  3.34343e-04  7.56937e-02
 3.00000e+00  5.48286e-02 -1.98724e-03  3.24228e-03 -3.62446e-02  1.40111e-03  3.47628e-04  7.59756e-02
 3.50000e+00  5.67207e-02 -2.31198e-03  3.28248e-03 -4.07608e-02  1.37646e-03  3.63187e-04  7.63944e-02
 4.00000e+00  5.88933e-02 -2.63301e-03  3.33146e-03 -4.47081e-02  1.34852e-03  3.80974e-04  7.69740e-02
 4.50000e+00  6.13416e-02 -2.94935e-03  3.38959e-03 -4.80808e-02  1.31707e-03  4.00947e-04  7.77328e-02
 5.00000e+00  6.40599e-02 -3.25993e-03  3.45698e-03 -5.08889e-02  1.28175e-03  4.23078e-04  7.86831e-02
 5.50000e+00  6.70415e-02 -3.56359e-03  3.53343e-03 -5.31550e-02  1.24203e-03  4.47348e-04  7.98311e-02
 6.00000e+00  7.02786e-02 -3.85909e-03  3.61853e-03 -5.49112e-02  1.19724e-03  4.73753e-04  8.11779e-02
 6.50000e+00  7.37625e-02 -4.14516e-03  3.71158e-03 -5.61959e-02  1.14666e-03  5.02299e-04  8.27203e-02
 7.00000e+00  7.74831e-02 -4.42052e-03  3.81170e-03 -5.70515e-02  1.08952e-03  5.32996e-04  8.44514e-02
 7.50000e+00  8.14289e-02 -4.68394e-03  3.91783e-03 -5.75219e-02  1.02507e-03  5.65858e-04  8.63616e-02
 8.00000e+00  8.55874e-02 -4.93424e-03  4.02876e-03 -5.76515e-02  9.52580e-04  6.00888e-04  8.84395e-02
 8.50000e+00  8.99447e-02 -5.17032e-03  4.14313e-03 -5.74833e-02  8.71446e-04  6.38075e-04  9.06719e-02
 9.00000e+00  9.44858e-02 -5.39122e-03  4.25951e-03 -5.70585e-02  7.81158e-04  6.77381e-04  9.30445e-02
 9.50000e+00  9.91945e-02 -5.59611e-03  4.37638e-03 -5.64156e-02  6.81354e-04  7.18735e-04  9.55424e-02
 1.00000e+01  1.04054e-01 -5.78436e-03  4.49219e-03 -5.55902e-02  5.71852e-04  7.62021e-04  9.81503e-02
 1.05000e+01  1.09045e-01 -5.95549e-03  4.60542e-03 -5.46149e-02  4.52671e-04  8.07072e-04  1.00853e-01
 1.10000e+01  1.14150e-01 -6.10925e-03  4.71462e-03 -5.35194e-02  3.24057e-04  8.53668e-04  1.03635e-01
 1.15000e+01  1.19349e-01 -6.24556e-03  4.81843e-03 -5.23302e-02  1.86511e-04  9.01529e-04  1.06481e-01
 1.20000e+01  1.24622e-01 -6.36460e-03  4.91572e-03 -5.10710e-02  4.07937e-05  9.50315e-04  1.09378e-01
 1.25000e+01  1.29950e-01 -6.46670e-03  5.00554e-03 -4.97631e-02 -1.12065e-04  9.99629e-04  1.12313e-01
 1.30000e+01  1.35311e-01 -6.55244e-03  5.08720e-03 -4.84250e-02 -2.70779e-04  1.04902e-03  1.15272e-01
 1.35000e+01  1.40686e-01 -6.62256e-03  5.16029e-03 -4.70732e-02 -4.33829e-04  1.09799e-03  1.18244e-01
 1.40000e+01  1.46056e-01 -6.67798e-03  5.22467e-03 -4.57222e-02 -5.99501e-04  1.14599e-03  1.21218e-01
 1.45000e+01  1.51400e-01 -6.71978e-03  5.28044e-03 -4.43843e-02 -7.65934e-04  1.19246e-03  1.24185e-01
 1.50000e+01  1.56701e-01 -6.74918e-03  5.32795e-03 -4.30705e-02 -9.31182e-04  1.23681e-03  1.27134e-01
 1.55000e+01  1.61940e-01 -6.76753e-03  5.36774e-03 -4.17902e-02 -1.09328e-03  1.27843e-03  1.30058e-01
 1.60000e+01  1.67102e-01 -6.77624e-03  5.40050e-03 -4.05514e-02 -1.25030e-03  1.31673e-03  1.32947e-01
 1.65000e+01  1.72171e-01 -6.77681e-03  5.42701e-03 -3.93609e-02 -1.40042e-03  1.35111e-03  1.35795e-01
 1.70000e+01  1.77133e-01 -6.77077e-03  5.44814e-03 -3.82243e-02 -1.54199e-03  1.38102e-03  1.38593e-01
 1.75000e+01  1.81974e-01 -6.75967e-03  5.46475e-03 -3.71464e-02 -1.67356e-03  1.40590e-03  1.41336e-01
 1.80000e+01  1.86683e-01 -6.74507e-03  5.47772e-03 -3.61311e-02 -1.79393e-03  1.42529e-03  1.44017e-01
 1.85000e+01  1.91251e-01 -6.72845e-03  5.48786e-03 -3.51812e-02 -1.90216e-03  1.43872e-03  1.46631e-01
 1.90000e+01  1.95669e-01 -6.71128e-03  5.49593e-03 -3.42991e-02 -1.99758e-03  1.44581e-03  1.49171e-01
 1.95000e+01  1.99930e-01 -6.69493e-03  5.50263e-03 -3.34864e-02 -2.07979e-03  1.44623e-03  1.51635e-01
 2.00000e+01  2.04028e-01 -6.68068e-03  5.50857e-03 -3.27440e-02 -2.14866e-03  1.43970e-03  1.54018e-01
 2.05000e+01  2.07959e-01 -6.66969e-03  5.51426e-03 -3.20721e-02 -2.20428e-03  1.42605e-03  1.56317e-01
 2.10000e+01  2.11720e-01 -6.66299e-03  5.52017e-03 -3.14707e-02 -2.24698e-03  1.40511e-03  1.58529e-01
 2.15000e+01  2.15310e-01 -6.66148e-03  5.52668e-03 -3.09390e-02 -2.27723e-03  1.37684e-03  1.60652e-01
 2.20000e+01  2.18728e-01 -6.66590e-03  5.53408e-03 -3.04757e-02 -2.29569e-03  1.34123e-03  1.62686e-01
 2.25000e+01  2.21976e-01 -6.67681e-03  5.54261e-03 -3.00790e-02 -2.30311e-03  1.29835e-03  1.64630e-01
 2.30000e+01  2.25054e-01 -6.69463e-03  5.55246e-03 -2.97467e-02 -2.30033e-03  1.24833e-03  1.66484e-01
 2.35000e+01  2.27966e-01 -6.71959e-03  5.56373e-03 -2.94762e-02 -2.28827e-03  1.19137e-03  1.68248e-01
 2.40000e+01  2.30716e-01 -6.75174e-03  5.57650e-03 -2.92642e-02 -2.26788e-03  1.12770e-03  1.69925e-01
 2.45000e+01  2.33309e-01 -6.79098e-03  5.59075e-03 -2.91073e-02 -2.24011e-03  1.05765e-03  1.71514e-01
 2.50000e+01  2.35748e-01 -6.83700e-03  5.60641e-03 -2.90013e-02 -2.20595e-03  9.81557e-04  1.73020e-01
 2.55000e+01  2.38041e-01 -6.88935e-03  5.62338e-03 -2.89418e-02 -2.16636e-03  8.99832e-04  1.74443e-01
 2.60000e+01  2.40194e-01 -6.94742e-03  5.64146e-03 -2.89242e-02 -2.12229e-03  8.12921e-04  1.75787e-01
 2.65000e+01  2.42214e-01 -7.01042e-03  5.66039e-03 -2.89431e-02 -2.07468e-03  7.21308e-04  1.77055e-01
 2.70000e+01  2.44107e-01 -7.07743e-03  5.67985e-03 -2.89931e-02 -2.02444e-03  6.25512e-04  1.78250e-01
 2.75000e+01  2.45883e-01 -7.14742e-03  5.69947e-03 -2.90684e-02 -1.97246e-03  5.26081e-04  1.79375e-01
 2.80000e+01  2.47548e-01 -7.21921e-03  5.71881e-03 -2.91629e-02 -1.91958e-03  4.23589e-04  1.80433e-01
 2.85000e+01  2.49110e-01 -7.29154e-03  5.73735e-03 -2.92703e-02 -1.86664e-03  3.18626e-04  1.81428e-01
 2.90000e+01  2.50579e-01 -7.36307e-03  5.75454e-03 -2.93843e-02 -1.81444e-03  2.11797e-04  1.82362e-01
 2.95000e+01  2.51961e-01 -7.43238e-03  5.76980e-03 -2.94982e-02 -1.76374e-03  1.03716e-04  1.83240e-01
 3.00000e+01  2.53264e-01 -7.49803e-03  5.78248e-03 -2.96055e-02 -1.71529e-03 -5.00126e-06  1.84064e-01
 3.05000e+01  2.54498e-01 -7.55855e-03  5.79193e-03 -2.96998e-02 -1.66978e-03 -1.13744e-04  1.84837e-01
 3.10000e+01  2.55669e-01 -7.61245e-03  5.79747e-03 -2.97747e-02 -1.62788e-03 -2.21912e-04  1.85563e-01
 3.15000e+01  2.56785e-01 -7.65830e-03  5.79843e-03 -2.98238e-02 -1.59022e-03 -3.28918e-04  1.86244e-01
 3.20000e+01  2.57853e-01 -7.69469e-03  5.79414e-03 -2.98414e-02 -1.55738e-03 -4.34200e-04  1.86882e-01
 3.25000e+01  2.58879e-01 -7.72026e-03  5.78394e-03 -2.98219e-02 -1.52990e-03 -5.37224e-04  1.87481e-01
 3.30000e+01  2.59871e-01 -7.73377e-03  5.76722e-03 -2.97600e-02 -1.50826e-03 -6.37486e-04  1.88042e-01
 3.35000e+01  2.60834e-01 -7.73404e-03  5.74342e-03 -2.96512e-02 -1.49290e-03 -7.34526e-04  1.88569e-01
 3.40000e+01  2.61773e-01 -7.72004e-03  5.71200e-03 -2.94913e-02 -1.48420e-03 -8.27924e-04  1.89062e-01
 3.45000e+01  2.62694e-01 -7.69085e-03  5.67252e-03 -2.92769e-02 -1.48245e-03 -9.17309e-04  1.89525e-01
 3.50000e+01  2.63599e-01 -7.64571e-03  5.62460e-03 -2.90050e-02 -1.48791e-03 -1.00236e-03  1.89958e-01
 3.55000e+01  2.64494e-01 -7.58398e-03  5.56795e-03 -2.86735e-02 -1.50076e-03 -1.08282e-03  1.90364e-01
 3.60000e+01  2.65381e-01 -7.50521e-03  5.50237e-03 -2.82808e-02 -1.52110e-03 -1.15846e-03  1.90743e-01
 3.65000e+01  2.66263e-01 -7.40908e-03  5.42776e-03 -2.78262e-02 -1.54895e-03 -1.22914e-03  1.91098e-01
 3.70000e+01  2.67140e-01 -7.29544e-03  5.34413e-03 -2.73094e-02 -1.58428e-03 -1.29476e-03  1.91430e-01
 3.75000e+01  2.68015e-01 -7.16430e-03  5.25160e-03 -2.67310e-02 -1.62694e-03 -1.35527e-03  1.91739e-01
 3.80000e+01  2.68887e-01 -7.01581e-03  5.15041e-03 -2.60920e-02 -1.67674e-03 -1.41069e-03  1.92028e-01
 3.85000e+01  2.69757e-01 -6.85024e-03  5.04090e-03 -2.53942e-02 -1.73338e-03 -1.46107e-03  1.92296e-01
 3.90000e+01  2.70623e-01 -6.66803e-03  4.92356e-03 -2.46395e-02 -1.79648e-03 -1.50653e-03  1.92545e-01
 3.95000e+01  2.71486e-01 -6.46969e-03  4.79899e-03 -2.38307e-02 -1.86561e-03 -1.54722e-03  1.92775e-01
 4.00000e+01  2.72342e-01 -6.25587e-03  4.66791e-03 -2.29707e-02 -1.94021e-03 -1.58332e-03  1.92988e-01
 4.05000e+01  2.73189e-01 -6.02728e-03  4.53115e-03 -2.20626e-02 -2.01967e-03 -1.61505e-03  1.93184e-01
 4.10000e+01  2.74026e-01 -5.78470e-03  4.38968e-03 -2.11100e-02 -2.10331e-03 -1.64268e-03  1.93363e-01
 4.15000e+01  2.74848e-01 -5.52898e-03  4.24456e-03 -2.01165e-02 -2.19037e-03 -1.66648e-03  1.93528e-01
 4.20000e+01  2.75653e-01 -5.26100e-03  4.09695e-03 -1.90856e-02 -2.28001e-03 -1.68673e-03  1.93677e-01
 4.25000e+01  2.76436e-01 -4.98168e-03  3.94812e-03 -1.80211e-02 -2.37134e-03 -1.70375e-03  1.93812e-01
 4.30000e+01  2.77195e-01 -4.69191e-03  3.79939e-03 -1.69264e-02 -2.46343e-03 -1.71784e-03  1.93934e-01
 4.35000e+01  2.77924e-01 -4.39262e-03  3.65217e-03 -1.58051e-02 -2.55530e-03 -1.72932e-03  1.94043e-01
 4.40000e+01  2.78621e-01 -4.08471e-03  3.50791e-03 -1.46605e-02 -2.64591e-03 -1.73849e-03  1.94141e-01
 4.45000e+01  2.79280e-01 -3.76906e-03  3.36809e-03 -1.34956e-02 -2.73425e-03 -1.74567e-03  1.94226e-01
 4.50000e+01  2.79898e-01 -3.44650e-03  3.23419e-03 -1.23134e-02 -2.81928e-03 -1.75114e-03  1.94302e-01
 4.55000e+01  2.80470e-01 -3.11786e-03  3.10768e-03 -1.11165e-02 -2.89996e-03 -1.75519e-03  1.94367e-01
 4.60000e+01  2.80994e-01 -2.78390e-03  2.99000e-03 -9.90733e-03 -2.97529e-03 -1.75807e-03  1.94423e-01
 4.65000e+01  2.81465e-01 -2.44536e-03  2.88250e-03 -8.68794e-03 -3.04432e-03 -1.76001e-03  1.94471e-01
 4.70000e+01  2.81881e-01 -2.10291e-03  2.78648e-03 -7.46026e-03 -3.10616e-03 -1.76125e-03  1.94511e-01
 4.75000e+01  2.82238e-01 -1.75720e-03  2.70309e-03 -6.22595e-03 -3.15998e-03 -1.76196e-03  1.94543e-01
 4.80000e+01  2.82533e-01 -1.40884e-03  2.63338e-03 -4.98646e-03 -3.20506e-03 -1.76231e-03  1.94569e-01
 4.85000e+01  2.82766e-01 -1.05841e-03  2.57821e-03 -3.74306e-03 -3.24078e-03 -1.76245e-03  1.94589e-01
 4.90000e+01  2.82933e-01 -7.06444e-04  2.53829e-03 -2.49686e-03 -3.26666e-03 -1.76246e-03  1.94603e-01
 4.95000e+01  2.83034e-01 -3.53472e-04  2.51413e-03 -1.24887e-03 -3.28234e-03 -1.76244e-03  1.94611e-01
 5.00000e+01  2.83067e-01 -9.17415e-16  2.50604e-03 -3.24098e-15 -3.28758e-03 -1.76243e-03  1.94614e-01
 5.05000e+01  2.83034e-01  3.53472e-04  2.51413e-03  1.24887e-03 -3.28234e-03 -1.76244e-03  1.94611e-01
 5.10000e+01  2.82933e-01  7.06444e-04  2.53829e-03  2.49686e-03 -3.26666e-03 -1.76246e-03  1.94603e-01
 5.15000e+01  2.82766e-01  1.05841e-03  2.57821e-03  3.74306e-03 -3.24078e-03 -1.76245e-03  1.94589e-01
 5.20000e+01  2.82533e-01  1.40884e-03  2.63338e-03  4.98646e-03 -3.20506e-03 -1.76231e-03  1.94569e-01
 5.25000e+01  2.82238e-01  1.75720e-03  2.70309e-03  6.22595e-03 -3.15998e-03 -1.76196e-03  1.94543e-01
 5.30000e+01  2.81881e-01  2.10291e-03  2.78648e-03  7.46026e-03 -3.10616e-03 -1.76125e-03  1.94511e-01
 5.35000e+01  2.81465e-01  2.44536e-03  2.88250e-03  8.68794e-03 -3.04432e-03 -1.76001e-03  1.94471e-01
 5.40000e+01  2.80994e-01  2.78390e-03  2.99000e-03  9.90733e-03 -2.97529e-03 -1.75807e-03  1.94423e-01
 5.45000e+01  2.80470e-01  3.11786e-03  3.10768e-03  1.11165e-02 -2.89996e-03 -1.75519e-03  1.94367e-01
 5.50000e+01  2.79898e-01  3.44650e-03  3.23419e-03  1.23134e-02 -2.81928e-03 -1.75114e-03  1.94302e-01
 5.55000e+01  2.79280e-01  3.76906e-03  3.36809e-03  1.34956e-02 -2.73425e-03 -1.74567e-03  1.94226e-01
 5.60000e+01  2.78621e-01  4.08471e-03  3.50791e-03  1.46605e-02 -2.64591e-03 -1.73849e-03  1.94141e-01
 5.65000e+01  2.77924e-01  4.39262e-03  3.65217e-03  1.58051e-02 -2.55530e-03 -1.72932e-03  1.94043e-01
 5.70000e+01  2.77195e-01  4.69191e-03  3.79939e-03  1.69264e-02 -2.46343e-03 -1.71784e-03  1.93934e-01
 5.75000e+01  2.76436e-01  4.98168e-03  3.94812e-03  1.80211e-02 -2.37134e-03 -1.70375e-03  1.93812e-01
 5.80000e+01  2.75653e-01  5.26100e-03  4.09695e-03  1.90856e-02 -2.28001e-03 -1.68673e-03  1.93677e-01
 5.85000e+01  2.74848e-01  5.52898e-03  4.24456e-03  2.01165e-02 -2.19037e-03 -1.66648e-03  1.93528e-01
 5.90000e+01  2.74026e-01  5.78470e-03  4.38968e-03  2.11100e-02 -2.10331e-03 -1.64268e-03  1.93363e-01
 5.95000e+01  2.73189e-01  6.02728e-03  4.53115e-03  2.20626e-02 -2.01967e-03 -1.61505e-03  1.93184e-01
 6.00000e+01  2.72342e-01  6.25587e-03  4.66791e-03  2.29707e-02 -1.94021e-03 -1.58332e-03  1.92988e-01
 6.05000e+01  2.71486e-01  6.46969e-03  4.79899e-03  2.38307e-02 -1.86561e-03 -1.54722e-03  1.92775e-01
 6.10000e+01  2.70623e-01  6.66803e-03  4.92356e-03  2.46395e-02 -1.79648e-03 -1.50653e-03  1.92545e-01
 6.15000e+01  2.69757e-01  6.85024e-03  5.04090e-03  2.53942e-02 -1.73338e-03 -1.46107e-03  1.92296e-01
 6.20000e+01  2.68887e-01  7.01581e-03  5.15041e-03  2.60920e-02 -1.67674e-03 -1.41069e-03  1.92028e-01
 6.25000e+01  2.68015e-01  7.16430e-03  5.25160e-03  2.67310e-02 -1.62694e-03 -1.35527e-03  1.91739e-01
 6.30000e+01  2.67140e-01  7.29544e-03  5.34413e-03  2.73094e-02 -1.58428e-03 -1.29476e-03  1.91430e-01
 6.35000e+01  2.66263e-01  7.40908e-03  5.42776e-03  2.78262e-02 -1.54895e-03 -1.22914e-03  1.91098e-01
 6.40000e+01  2.65381e-01  7.50521e-03  5.50237e-03  2.82808e-02 -1.52110e-03 -1.15846e-03  1.90743e-01
 6.45000e+01  2.64494e-01  7.58398e-03  5.56795e-03  2.86735e-02 -1.50076e-03 -1.08282e-03  1.90364e-01
 6.50000e+01  2.63599e-01  7.64571e-03  5.62460e-03  2.90050e-02 -1.48791e-03 -1.00236e-03  1.89958e-01
 6.55000e+01  2.62694e-01  7.69085e-03  5.67252e-03  2.92769e-02 -1.48245e-03 -9.17309e-04  1.89525e-01
 6.60000e+01  2.61773e-01  7.72004e-03  5.71200e-03  2.94913e-02 -1.48420e-03 -8.27924e-04  1.89062e-01
 6.65000e+01  2.60834e-01  7.73404e-03  5.74342e-03  2.96512e-02 -1.49290e-03 -7.34526e-04  1.88569e-01
 6.70000e+01  2.59871e-01  7.73377e-03  5.76722e-03  2.97600e-02 -1.50826e-03 -6.37486e-04  1.88042e-01
 6.75000e+01  2.58879e-01  7.72026e-03  5.78394e-03  2.98219e-02 -1.52990e-03 -5.37224e-04  1.87481e-01
 6.80000e+01  2.57853e-01  7.69469e-03  5.79414e-03  2.98414e-02 -1.55738e-03 -4.34200e-04  1.86882e-01
 6.85000e+01  2.56785e-01  7.65830e-03  5.79843e-03  2.98238e-02 -1.59022e-03 -3.28918e-04  1.86244e-01
 6.90000e+01  2.55669e-01  7.61245e-03  5.79747e-03  2.97747e-02 -1.62788e-03 -2.21912e-04  1.85563e-01
 6.95000e+01  2.54498e-01  7.55855e-03  5.79193e-03  2.96998e-02 -1.66978e-03 -1.13744e-04  1.84837e-01
 7.00000e+01  2.53264e-01  7.49803e-03  5.78248e-03  2.96055e-02 -1.71529e-03 -5.00126e-06  1.84064e-01
 7.05000e+01  2.51961e-01  7.43238e-03  5.76980e-03  2.94982e-02 -1.76374e-03  1.03716e-04  1.83240e-01
 7.10000e+01  2.50579e-01  7.36307e-03  5.75454e-03  2.93843e-02 -1.81444e-03  2.11797e-04  1.82362e-01
 7.15000e+01  2.49110e-01  7.29154e-03  5.73735e-03  2.92703e-02 -1.86664e-03  3.18626e-04  1.81428e-01
 7.20000e+01  2.47548e-01  7.21921e-03  5.71881e-03  2.91629e-02 -1.91958e-03  4.23589e-04  1.80433e-01
 7.25000e+01  2.45883e-01  7.14742e-03  5.69947e-03  2.90684e-02 -1.97246e-03  5.26081e-04  1.79375e-01
 7.30000e+01  2.44107e-01  7.07743e-03  5.67985e-03  2.89931e-02 -2.02444e-03  6.25512e-04  1.78250e-01
 7.35000e+01  2.42214e-01  7.01042e-03  5.66039e-03  2.89431e-02 -2.07468e-03  7.21308e-04  1.77055e-01
 7.40000e+01  2.40194e-01  6.94742e-03  5.64146e-03  2.89242e-02 -2.12229e-03  8.12921e-04  1.75787e-01
 7.45000e+01  2.38041e-01  6.88935e-03  5.62338e-03  2.89418e-02 -2.16636e-03  8.99832e-04  1.74443e-01
 7.50000e+01  2.35748e-01  6.83700e-03  5.60641e-03  2.90013e-02 -2.20595e-03  9.81557e-04  1.73020e-01
 7.55000e+01  2.33309e-01  6.79098e-03  5.59075e-03  2.91073e-02 -2.24011e-03  1.05765e-03  1.71514e-01
 7.60000e+01  2.30716e-01  6.75174e-03  5.57650e-03  2.92642e-02 -2.26788e-03  1.12770e-03  1.69925e-01
 7.65000e+01  2.27966e-01  6.71959e-03  5.56373e-03  2.94762e-02 -2.28827e-03  1.19137e-03  1.68248e-01
 7.70000e+01  2.25054e-01  6.69463e-03  5.55246e-03  2.97467e-02 -2.30033e-03  1.24833e-03  1.66484e-01
 7.75000e+01  2.21976e-01  6.67681e-03  5.54261e-03  3.00790e-02 -2.30311e-03  1.29835e-03  1.64630e-01
 7.80000e+01  2.18728e-01  6.66590e-03  5.53408e-03  3.04757e-02 -2.29569e-03  1.34123e-03  1.62686e-01
 7.85000e+01  2.15310e-01  6.66148e-03  5.52668e-03  3.09390e-02 -2.27723e-03  1.37684e-03  1.60652e-01
 7.90000e+01  2.11720e-01  6.66299e-03  5.52017e-03  3.14707e-02 -2.24698e-03  1.40511e-03  1.58529e-01
 7.95000e+01  2.07959e-01  6.66969e-03  5.51426e-03  3.20721e-02 -2.20428e-03  1.42605e-03  1.56317e-01
 8.00000e+01  2.04028e-01  6.68068e-03  5.50857e-03  3.27440e-02 -2.14866e-03  1.43970e-03  1.54018e-01
 8.05000e+01  1.99930e-01  6.69493e-03  5.50263e-03  3.34864e-02 -2.07979e-03  1.44623e-03  1.51635e-01
 8.10000e+01  1.95669e-01  6.71128e-03  5.49593e-03  3.42991e-02 -1.99758e-03  1.44581e-03  1.49171e-01
 8.15000e+01  1.91251e-01  6.72845e-03  5.48786e-03  3.51812e-02 -1.90216e-03  1.43872e-03  1.46631e-01
 8.20000e+01  1.86683e-01  6.74507e-03  5.47772e-03  3.61311e-02 -1.79393e-03  1.42529e-03  1.44017e-01
 8.25000e+01  1.81974e-01  6.75967e-03  5.46475e-03  3.71464e-02 -1.67356e-03  1.40590e-03  1.41336e-01
 8.30000e+01  1.77133e-01  6.77077e-03  5.44814e-03  3.82243e-02 -1.54199e-03  1.38102e-03  1.38593e-01
 8.35000e+01  1.72171e-01  6.77681e-03  5.42701e-03  3.93609e-02 -1.40042e-03  1.35111e-03  1.35795e-01
 8.40000e+01  1.67102e-01  6.77624e-03  5.40050e-03  4.05514e-02 -1.25030e-03  1.31673e-03  1.32947e-01
 8.45000e+01  1.61940e-01  6.76753e-03  5.36774e-03  4.17902e-02 -1.09328e-03  1.27843e-03  1.30058e-01
 8.50000e+01  1.56701e-01  6.74918e-03  5.32795e-03  4.30705e-02 -9.31182e-04  1.23681e-03  1.27134e-01
 8.55000e+01  1.51400e-01  6.71978e-03  5.28044e-03  4.43843e-02 -7.65934e-04  1.19246e-03  1.24185e-01
 8.60000e+01  1.46056e-01  6.67798e-03  5.22467e-03  4.57222e-02 -5.99501e-04  1.14599e-03  1.21218e-01
 8.65000e+01  1.40686e-01  6.62256e-03  5.16029e-03  4.70732e-02 -4.33829e-04  1.09799e-03  1.18244e-01
 8.70000e+01  1.35311e-01  6.55244e-03  5.08720e-03  4.84250e-02 -2.70779e-04  1.04902e-03  1.15272e-01
 8.75000e+01  1.29950e-01  6.46670e-03  5.00554e-03  4.97631e-02 -1.12065e-04  9.99629e-04  1.12313e-01
 8.80000e+01  1.24622e-01  6.36460e-03  4.91572e-03  5.10710e-02  4.07937e-05  9.50315e-04  1.09378e-01
 8.85000e+01  1.19349e-01  6.24556e-03  4.81843e-03  5.23302e-02  1.86511e-04  9.01529e-04  1.06481e-01
 8.90000e+01  1.14150e-01  6.10925e-03  4.71462e-03  5.35194e-02  3.24057e-04  8.53668e-04  1.03635e-01
 8.95000e+01  1.09045e-01  5.95549e-03  4.60542e-03  5.46149e-02  4.52671e-04  8.07072e-04  1.00853e-01
 9.00000e+01  1.04054e-01  5.78436e-03  4.49219e-03  5.55902e-02  5.71852e-04  7.62021e-04  9.81503e-02
 9.05000e+01  9.91945e-02  5.59611e-03  4.37638e-03  5.64156e-02  6.81354e-04  7.18735e-04  9.55424e-02
 9.10000e+01  9.44858e-02  5.39122e-03  4.25951e-03  5.70585e-02  7.81158e-04  6.77381e-04  9.30445e-02
 9.15000e+01  8.99447e-02  5.17032e-03  4.14313e-03  5.74833e-02  8.71446e-04  6.38075e-04  9.06719e-02
 9.20000e+01  8.55874e-02  4.93424e-03  4.02876e-03  5.76515e-02  9.52580e-04  6.00888e-04  8.84395e-02
 9.25000e+01  8.14289e-02  4.68394e-03  3.91783e-03  5.75219e-02  1.02507e-03  5.65858e-04  8.63616e-02
 9.30000e+01  7.74831e-02  4.42052e-03  3.81170e-03  5.70515e-02  1.08952e-03  5.32996e-04  8.44514e-02
 9.35000e+01  7.37625e-02  4.14516e-03  3.71158e-03  5.61959e-02  1.14666e-03  5.02299e-04  8.27203e-02
 9.40000e+01  7.02786e-02  3.85909e-03  3.61853e-03  5.49112e-02  1.19724e-03  4.73753e-04  8.11779e-02
 9.45000e+01  6.70415e-02  3.56359e-03  3.53343e-03  5.31550e-02  1.24203e-03  4.47348e-04  7.98311e-02
 9.50000e+01  6.40599e-02  3.25993e-03  3.45698e-03  5.08889e-02  1.28175e-03  4.23078e-04  7.86831e-02
 9.55000e+01  6.13416e-02  2.94935e-03  3.38959e-03  4.80808e-02  1.31707e-03  4.00947e-04  7.77328e-02
 9.60000e+01  5.88933e-02  2.63301e-03  3.33146e-03  4.47081e-02  1.34852e-03  3.80974e-04  7.69740e-02
 9.65000e+01  5.67207e-02  2.31198e-03  3.28248e-03  4.07608e-02  1.37646e-03  3.63187e-04  7.63944e-02
 9.70000e+01  5.48286e-02  1.98724e-03  3.24228e-03  3.62446e-02  1.40111e-03  3.47628e-04  7.59756e-02
 9.75000e+01  5.32209e-02  1.65964e-03  3.21027e-03  3.11839e-02  1.42247e-03  3.34343e-04  7.56937e-02
 9.80000e+01  5.19012e-02  1.32989e-03  3.18569e-03  2.56235e-02  1.44045e-03  3.23384e-04  7.55207e-02
 9.85000e+01  5.08719e-02  9.98603e-04  3.16771e-03  1.96297e-02  1.45482e-03  3.14800e-04  7.54268e-02
 9.90000e+01  5.01353e-02  6.66268e-04  3.15554e-03  1.32894e-02  1.46533e-03  3.08634e-04  7.53839e-02
 9.95000e+01  4.96927e-02  3.33287e-04  3.14853e-03  6.70696e-03  1.47174e-03  3.04919e-04  7.53685e-02
