 0.00000e+00  3.86418e-01  1.13562e-16 -1.05227e-02  2.93885e-16  1.48540e-03  2.60231e-03  2.39458e-01
 5.00000e-01  3.86400e-01  2.87869e-04 -1.05409e-02  7.45002e-04  1.45990e-03  2.60460e-03  2.39413e-01
 1.00000e+00  3.86345e-01  5.76233e-04 -1.05953e-02  1.49150e-03  1.38359e-03  2.61148e-03  2.39280e-01
 1.50000e+00  3.86250e-01  8.65582e-04 -1.06845e-02  2.24099e-03  1.25713e-03  2.62294e-03  2.39059e-01
 2.00000e+00  3.86111e-01  1.15639e-03 -1.08063e-02  2.99497e-03  1.08162e-03  2.63898e-03  2.38749e-01
 2.50000e+00  3.85922e-01  1.44912e-03 -1.09576e-02  3.75496e-03  8.58602e-04  2.65960e-03  2.38352e-01
 3.00000e+00  3.85675e-01  1.74420e-03 -1.11345e-02  4.52245e-03  5.90072e-04  2.68479e-03  2.37870e-01
 3.50000e+00  3.85360e-01  2.04202e-03 -1.13323e-02  5.29899e-03  2.78519e-04  2.71453e-03  2.37302e-01
 4.00000e+00  3.84967e-01  2.34294e-03 -1.15454e-02  6.08609e-03 -7.30823e-05  2.74883e-03  2.36651e-01
 4.50000e+00  3.84482e-01  2.64728e-03 -1.17676e-02  6.88531e-03 -4.61245e-04  2.78766e-03  2.35917e-01
 5.00000e+00  3.83893e-01  2.95529e-03 -1.19920e-02  7.69820e-03 -8.81961e-04  2.83100e-03  2.35104e-01
 5.50000e+00  3.83185e-01  3.26717e-03 -1.22108e-02  8.52634e-03 -1.33068e-03  2.87883e-03  2.34212e-01
 6.00000e+00  3.82341e-01  3.58304e-03 -1.24160e-02  9.37134e-03 -1.80233e-03  2.93112e-03  2.33245e-01
 6.50000e+00  3.81344e-01  3.90298e-03 -1.25991e-02  1.02348e-02 -2.29127e-03  2.98783e-03  2.32204e-01
 7.00000e+00  3.80177e-01  4.22694e-03 -1.27511e-02  1.11183e-02 -2.79135e-03  3.04892e-03  2.31092e-01
 7.50000e+00  3.78822e-01  4.55482e-03 -1.28629e-02  1.20236e-02 -3.29591e-03  3.11432e-03  2.29911e-01
 8.00000e+00  3.77260e-01  4.88641e-03 -1.29254e-02  1.29524e-02 -3.79782e-03  3.18399e-03  2.28666e-01
 8.50000e+00  3.75472e-01  5.22140e-03 -1.29295e-02  1.39062e-02 -4.28954e-03  3.25784e-03  2.27358e-01
 9.00000e+00  3.73441e-01  5.55938e-03 -1.28665e-02  1.48869e-02 -4.76316e-03  3.33581e-03  2.25991e-01
 9.50000e+00  3.71147e-01  5.89983e-03 -1.27283e-02  1.58962e-02 -5.21057e-03  3.41779e-03  2.24568e-01
 1.00000e+01  3.68574e-01  6.24211e-03 -1.25072e-02  1.69359e-02 -5.62350e-03  3.50368e-03  2.23093e-01
 1.05000e+01  3.65705e-01  6.58548e-03 -1.21966e-02  1.80077e-02 -5.99367e-03  3.59338e-03  2.21569e-01
 1.10000e+01  3.62524e-01  6.92907e-03 -1.17912e-02  1.91134e-02 -6.31299e-03  3.68676e-03  2.19999e-01
 1.15000e+01  3.59019e-01  7.27189e-03 -1.12866e-02  2.02549e-02 -6.57369e-03  3.78368e-03  2.18388e-01
 1.20000e+01  3.55178e-01  7.61285e-03 -1.06803e-02  2.14339e-02 -6.76852e-03  3.88400e-03  2.16738e-01
 1.25000e+01  3.50989e-01  7.95076e-03 -9.97116e-03  2.26524e-02 -6.89099e-03  3.98757e-03  2.15054e-01
 1.30000e+01  3.46447e-01  8.28430e-03 -9.16009e-03  2.39122e-02 -6.93549e-03  4.09420e-03  2.13338e-01
 1.35000e+01  3.41547e-01  8.61210e-03 -8.24978e-03  2.52150e-02 -6.89759e-03  4.20372e-03  2.11595e-01
 1.40000e+01  3.36285e-01  8.93268e-03 -7.24490e-03  2.65628e-02 -6.77413e-03  4.31593e-03  2.09828e-01
 1.45000e+01  3.30665e-01  9.24452e-03 -6.15207e-03  2.79574e-02 -6.56347e-03  4.43061e-03  2.08040e-01
 1.50000e+01  3.24689e-01  9.54605e-03 -4.97982e-03  2.94006e-02 -6.26553e-03  4.54752e-03  2.06235e-01
 1.55000e+01  3.18366e-01  9.83568e-03 -3.73849e-03  3.08942e-02 -5.88197e-03  4.66642e-03  2.04416e-01
 1.60000e+01  3.11707e-01  1.01118e-02 -2.44002e-03  3.24401e-02 -5.41616e-03  4.78700e-03  2.02586e-01
 1.65000e+01  3.04727e-01  1.03729e-02 -1.09778e-03  3.40400e-02 -4.87321e-03  4.90898e-03  2.00750e-01
 1.70000e+01  2.97443e-01  1.06174e-02  2.73754e-04  3.56956e-02 -4.25985e-03  5.03200e-03  1.98909e-01
 1.75000e+01  2.89878e-01  1.08439e-02  1.65931e-03  3.74087e-02 -3.58436e-03  5.15569e-03  1.97068e-01
 1.80000e+01  2.82055e-01  1.10511e-02  3.04317e-03  3.91808e-02 -2.85633e-03  5.27964e-03  1.95229e-01
 1.85000e+01  2.74002e-01  1.12378e-02  4.40952e-03  4.10134e-02 -2.08642e-03  5.40341e-03  1.93397e-01
 1.90000e+01  2.65750e-01  1.14028e-02  5.74291e-03  4.29080e-02 -1.28611e-03  5.52649e-03  1.91574e-01
 1.95000e+01  2.57332e-01  1.15454e-02  7.02856e-03  4.48658e-02 -4.67359e-04  5.64838e-03  1.89763e-01
 2.00000e+01  2.48781e-01  1.16648e-02  8.25277e-03  4.68877e-02  3.57734e-04  5.76849e-03  1.87969e-01
 2.05000e+01  2.40134e-01  1.17605e-02  9.40324e-03  4.89745e-02  1.17725e-03  5.88624e-03  1.86195e-01
 2.10000e+01  2.31430e-01  1.18322e-02  1.04693e-02  5.11264e-02  1.97980e-03  6.00101e-03  1.84445e-01
 2.15000e+01  2.22704e-01  1.18798e-02  1.14423e-02  5.33432e-02  2.75480e-03  6.11214e-03  1.82722e-01
 2.20000e+01  2.13997e-01  1.19033e-02  1.23154e-02  5.56240e-02  3.49276e-03  6.21901e-03  1.81031e-01
 2.25000e+01  2.05345e-01  1.19032e-02  1.30842e-02  5.79669e-02  4.18547e-03  6.32097e-03  1.79375e-01
 2.30000e+01  1.96785e-01  1.18797e-02  1.37463e-02  6.03690e-02  4.82620e-03  6.41743e-03  1.77760e-01
 2.35000e+01  1.88353e-01  1.18335e-02  1.43014e-02  6.28261e-02  5.40976e-03  6.50782e-03  1.76188e-01
 2.40000e+01  1.80082e-01  1.17651e-02  1.47511e-02  6.53319e-02  5.93257e-03  6.59164e-03  1.74664e-01
 2.45000e+01  1.72005e-01  1.16755e-02  1.50991e-02  6.78785e-02  6.39260e-03  6.66849e-03  1.73192e-01
 2.50000e+01  1.64150e-01  1.15652e-02  1.53503e-02  7.04551e-02  6.78934e-03  6.73807e-03  1.71776e-01
 2.55000e+01  1.56543e-01  1.14352e-02  1.55113e-02  7.30484e-02  7.12365e-03  6.80018e-03  1.70420e-01
 2.60000e+01  1.49207e-01  1.12862e-02  1.55895e-02  7.56415e-02  7.39761e-03  6.85480e-03  1.69126e-01
 2.65000e+01  1.42160e-01  1.11190e-02  1.55931e-02  7.82142e-02  7.61433e-03  6.90200e-03  1.67898e-01
 2.70000e+01  1.35421e-01  1.09342e-02  1.55310e-02  8.07425e-02  7.77777e-03  6.94204e-03  1.66738e-01
 2.75000e+01  1.28999e-01  1.07325e-02  1.54120e-02  8.31984e-02  7.89251e-03  6.97528e-03  1.65649e-01
 2.80000e+01  1.22905e-01  1.05146e-02  1.52452e-02  8.55507e-02  7.96356e-03  7.00221e-03  1.64630e-01
 2.85000e+01  1.17143e-01  1.02811e-02  1.50392e-02  8.77651e-02  7.99617e-03  7.02341e-03  1.63684e-01
 2.90000e+01  1.11715e-01  1.00326e-02  1.48024e-02  8.98051e-02  7.99567e-03  7.03952e-03  1.62811e-01
 2.95000e+01  1.06619e-01  9.76987e-03  1.45425e-02  9.16339e-02  7.96726e-03  7.05115e-03  1.62011e-01
 3.00000e+01  1.01849e-01  9.49390e-03  1.42664e-02  9.32158e-02  7.91596e-03  7.05889e-03  1.61282e-01
 3.05000e+01  9.73968e-02  9.20583e-03  1.39805e-02  9.45188e-02  7.84645e-03  7.06321e-03  1.60626e-01
 3.10000e+01  9.32520e-02  8.90714e-03  1.36902e-02  9.55169e-02  7.76300e-03  7.06441e-03  1.60041e-01
 3.15000e+01  8.94006e-02  8.59967e-03  1.34001e-02  9.61925e-02  7.66943e-03  7.06258e-03  1.59526e-01
 3.20000e+01  8.58269e-02  8.28569e-03  1.31140e-02  9.65396e-02  7.56908e-03  7.05753e-03  1.59082e-01
 3.25000e+01  8.25132e-02  7.96788e-03  1.28348e-02  9.65649e-02  7.46478e-03  7.04880e-03  1.58708e-01
 3.30000e+01  7.94409e-02  7.64934e-03  1.25648e-02  9.62898e-02  7.35888e-03  7.03564e-03  1.58405e-01
 3.35000e+01  7.65905e-02  7.33357e-03  1.23057e-02  9.57503e-02  7.25328e-03  7.01703e-03  1.58173e-01
 3.40000e+01  7.39426e-02  7.02429e-03  1.20585e-02  9.49965e-02  7.14944e-03  6.99174e-03  1.58015e-01
 3.45000e+01  7.14784e-02  6.72540e-03  1.18238e-02  9.40900e-02  7.04848e-03  6.95840e-03  1.57931e-01
 3.50000e+01  6.91802e-02  6.44076e-03  1.16018e-02  9.31011e-02  6.95120e-03  6.91559e-03  1.57923e-01
 3.55000e+01  6.70326e-02  6.17399e-03  1.13926e-02  9.21043e-02  6.85818e-03  6.86197e-03  1.57992e-01
 3.60000e+01  6.50225e-02  5.92827e-03  1.11960e-02  9.11726e-02  6.76978e-03  6.79645e-03  1.58139e-01
 3.65000e+01  6.31403e-02  5.70610e-03  1.10120e-02  9.03718e-02  6.68631e-03  6.71827e-03  1.58363e-01
 3.70000e+01  6.13801e-02  5.50905e-03  1.08406e-02  8.97530e-02  6.60807e-03  6.62724e-03  1.58663e-01
 3.75000e+01  5.97403e-02  5.33757e-03  1.06821e-02  8.93462e-02  6.53539e-03  6.52378e-03  1.59033e-01
 3.80000e+01  5.82236e-02  5.19081e-03  1.05369e-02  8.91530e-02  6.46864e-03  6.40917e-03  1.59465e-01
 3.85000e+01  5.68370e-02  5.06645e-03  1.04061e-02  8.91401e-02  6.40844e-03  6.28553e-03  1.59949e-01
 3.90000e+01  5.55920e-02  4.96073e-03  1.02910e-02  8.92345e-02  6.35567e-03  6.15597e-03  1.60473e-01
 3.95000e+01  5.45038e-02  4.86844e-03  1.01931e-02  8.93230e-02  6.31107e-03  6.02453e-03  1.61014e-01
 4.00000e+01  5.35901e-02  4.78313e-03  1.01138e-02  8.92539e-02  6.27541e-03  5.89612e-03  1.61543e-01
 4.05000e+01  5.28707e-02  4.69741e-03  1.00551e-02  8.88471e-02  6.24985e-03  5.77631e-03  1.62036e-01
 4.10000e+01  5.23655e-02  4.60347e-03  1.00189e-02  8.79103e-02  6.23536e-03  5.67107e-03  1.62462e-01
 4.15000e+01  5.20931e-02  4.49368e-03  1.00051e-02  8.62626e-02  6.23152e-03  5.58643e-03  1.62771e-01
 4.20000e+01  5.20686e-02  4.36123e-03  1.00127e-02  8.37592e-02  6.23739e-03  5.52797e-03  1.62912e-01
 4.25000e+01  5.23023e-02  4.20062e-03  1.00416e-02  8.03143e-02  6.25269e-03  5.50029e-03  1.62863e-01
 4.30000e+01  5.27977e-02  4.00845e-03  1.00893e-02  7.59210e-02  6.27550e-03  5.50669e-03  1.62594e-01
 4.35000e+01  5.35509e-02  3.78377e-03  1.01469e-02  7.06575e-02  6.29962e-03  5.54886e-03  1.62022e-01
 4.40000e+01  5.45488e-02  3.52788e-03  1.02053e-02  6.46739e-02  6.31865e-03  5.62653e-03  1.61089e-01
 4.45000e+01  5.57689e-02  3.24405e-03  1.02607e-02  5.81695e-02  6.33025e-03  5.73733e-03  1.59837e-01
 4.50000e+01  5.71798e-02  2.93762e-03  1.03060e-02  5.13751e-02  6.32974e-03  5.87721e-03  1.58279e-01
 4.55000e+01  5.87418e-02  2.61569e-03  1.03215e-02  4.45286e-02  6.30380e-03  6.04081e-03  1.56301e-01
 4.60000e+01  6.04068e-02  2.28576e-03  1.02912e-02  3.78395e-02  6.24194e-03  6.22134e-03  1.53848e-01
 4.65000e+01  6.21175e-02  1.95462e-03  1.02227e-02  3.14665e-02  6.15072e-03  6.41074e-03  1.51126e-01
 4.70000e+01  6.38116e-02  1.62884e-03  1.01295e-02  2.55258e-02  6.04103e-03  6.60058e-03  1.48368e-01
 4.75000e+01  6.54257e-02  1.31547e-03  9.99508e-03  2.01063e-02  5.90280e-03  6.78289e-03  1.45464e-01
 4.80000e+01  6.68948e-02  1.02038e-03  9.78210e-03  1.52535e-02  5.71116e-03  6.94991e-03  1.42084e-01
 4.85000e+01  6.81492e-02  7.45471e-04  9.48731e-03  1.09388e-02  5.46576e-03  7.09323e-03  1.38242e-01
 4.90000e+01  6.91157e-02  4.87708e-04  9.17242e-03  7.05640e-03  5.21309e-03  7.20394e-03  1.34551e-01
 4.95000e+01  6.97272e-02  2.41227e-04  8.93265e-03  3.45958e-03  5.02377e-03  7.27403e-03  1.31890e-01
 5.00000e+01  6.99367e-02  8.36570e-16  8.84366e-03  1.19618e-14  4.95392e-03  7.29804e-03  1.30926e-01
 5.05000e+01  6.97272e-02 -2.41227e-04  8.93265e-03 -3.45958e-03  5.02377e-03  7.27403e-03  1.31890e-01
 5.10000e+01  6.91157e-02 -4.87708e-04  9.17242e-03 -7.05640e-03  5.21309e-03  7.20394e-03  1.34551e-01
 5.15000e+01  6.81492e-02 -7.45471e-04  9.48731e-03 -1.09388e-02  5.46576e-03  7.09323e-03  1.38242e-01
 5.20000e+01  6.68948e-02 -1.02038e-03  9.78210e-03 -1.52535e-02  5.71116e-03  6.94991e-03  1.42084e-01
 5.25000e+01  6.54257e-02 -1.31547e-03  9.99508e-03 -2.01063e-02  5.90280e-03  6.78289e-03  1.45464e-01
 5.30000e+01  6.38116e-02 -1.62884e-03  1.01295e-02 -2.55258e-02  6.04103e-03  6.60058e-03  1.48368e-01
 5.35000e+01  6.21175e-02 -1.95462e-03  1.02227e-02 -3.14665e-02  6.15072e-03  6.41074e-03  1.51126e-01
 5.40000e+01  6.04068e-02 -2.28576e-03  1.02912e-02 -3.78395e-02  6.24194e-03  6.22134e-03  1.53848e-01
 5.45000e+01  5.87418e-02 -2.61569e-03  1.03215e-02 -4.45286e-02  6.30380e-03  6.04081e-03  1.56301e-01
 5.50000e+01  5.71798e-02 -2.93762e-03  1.03060e-02 -5.13751e-02  6.32974e-03  5.87721e-03  1.58279e-01
 5.55000e+01  5.57689e-02 -3.24405e-03  1.02607e-02 -5.81695e-02  6.33025e-03  5.73733e-03  1.59837e-01
 5.60000e+01  5.45488e-02 -3.52788e-03  1.02053e-02 -6.46739e-02  6.31865e-03  5.62653e-03  1.61089e-01
 5.65000e+01  5.35509e-02 -3.78377e-03  1.01469e-02 -7.06575e-02  6.29962e-03  5.54886e-03  1.62022e-01
 5.70000e+01  5.27977e-02 -4.00845e-03  1.00893e-02 -7.59210e-02  6.27550e-03  5.50669e-03  1.62594e-01
 5.75000e+01  5.23023e-02 -4.20062e-03  1.00416e-02 -8.03143e-02  6.25269e-03  5.50029e-03  1.62863e-01
 5.80000e+01  5.20686e-02 -4.36123e-03  1.00127e-02 -8.37592e-02  6.23739e-03  5.52797e-03  1.62912e-01
 5.85000e+01  5.20931e-02 -4.49368e-03  1.00051e-02 -8.62626e-02  6.23152e-03  5.58643e-03  1.62771e-01
 5.90000e+01  5.23655e-02 -4.60347e-03  1.00189e-02 -8.79103e-02  6.23536e-03  5.67107e-03  1.62462e-01
 5.95000e+01  5.28707e-02 -4.69741e-03  1.00551e-02 -8.88471e-02  6.24985e-03  5.77631e-03  1.62036e-01
 6.00000e+01  5.35901e-02 -4.78313e-03  1.01138e-02 -8.92539e-02  6.27541e-03  5.89612e-03  1.61543e-01
 6.05000e+01  5.45038e-02 -4.86844e-03  1.01931e-02 -8.93230e-02  6.31107e-03  6.02453e-03  1.61014e-01
 6.10000e+01  5.55920e-02 -4.96073e-03  1.02910e-02 -8.92345e-02  6.35567e-03  6.15597e-03  1.60473e-01
 6.15000e+01  5.68370e-02 -5.06645e-03  1.04061e-02 -8.91401e-02  6.40844e-03  6.28553e-03  1.59949e-01
 6.20000e+01  5.82236e-02 -5.19081e-03  1.05369e-02 -8.91530e-02  6.46864e-03  6.40917e-03  1.59465e-01
 6.25000e+01  5.97403e-02 -5.33757e-03  1.06821e-02 -8.93462e-02  6.53539e-03  6.52378e-03  1.59033e-01
 6.30000e+01  6.13801e-02 -5.50905e-03  1.08406e-02 -8.97530e-02  6.60807e-03  6.62724e-03  1.58663e-01
 6.35000e+01  6.31403e-02 -5.70610e-03  1.10120e-02 -9.03718e-02  6.68631e-03  6.71827e-03  1.58363e-01
 6.40000e+01  6.50225e-02 -5.92827e-03  1.11960e-02 -9.11726e-02  6.76978e-03  6.79645e-03  1.58139e-01
 6.45000e+01  6.70326e-02 -6.17399e-03  1.13926e-02 -9.21043e-02  6.85818e-03  6.86197e-03  1.57992e-01
 6.50000e+01  6.91802e-02 -6.44076e-03  1.16018e-02 -9.31011e-02  6.95120e-03  6.91559e-03  1.57923e-01
 6.55000e+01  7.14784e-02 -6.72540e-03  1.18238e-02 -9.40900e-02  7.04848e-03  6.95840e-03  1.57931e-01
 6.60000e+01  7.39426e-02 -7.02429e-03  1.20585e-02 -9.49965e-02  7.14944e-03  6.99174e-03  1.58015e-01
 6.65000e+01  7.65905e-02 -7.33357e-03  1.23057e-02 -9.57503e-02  7.25328e-03  7.01703e-03  1.58173e-01
 6.70000e+01  7.94409e-02 -7.64934e-03  1.25648e-02 -9.62898e-02  7.35888e-03  7.03564e-03  1.58405e-01
 6.75000e+01  8.25132e-02 -7.96788e-03  1.28348e-02 -9.65649e-02  7.46478e-03  7.04880e-03  1.58708e-01
 6.80000e+01  8.58269e-02 -8.28569e-03  1.31140e-02 -9.65396e-02  7.56908e-03  7.05753e-03  1.59082e-01
 6.85000e+01  8.94006e-02 -8.59967e-03  1.34001e-02 -9.61925e-02  7.66943e-03  7.06258e-03  1.59526e-01
 6.90000e+01  9.32520e-02 -8.90714e-03  1.36902e-02 -9.55169e-02  7.76300e-03  7.06441e-03  1.60041e-01
 6.95000e+01  9.73968e-02 -9.20583e-03  1.39805e-02 -9.45188e-02  7.84645e-03  7.06321e-03  1.60626e-01
 7.00000e+01  1.01849e-01 -9.49390e-03  1.42664e-02 -9.32158e-02  7.91596e-03  7.05889e-03  1.61282e-01
 7.05000e+01  1.06619e-01 -9.76987e-03  1.45425e-02 -9.16339e-02  7.96726e-03  7.05115e-03  1.62011e-01
 7.10000e+01  1.11715e-01 -1.00326e-02  1.48024e-02 -8.98051e-02  7.99567e-03  7.03952e-03  1.62811e-01
 7.15000e+01  1.17143e-01 -1.02811e-02  1.50392e-02 -8.77651e-02  7.99617e-03  7.02341e-03  1.63684e-01
 7.20000e+01  1.22905e-01 -1.05146e-02  1.52452e-02 -8.55507e-02  7.96356e-03  7.00221e-03  1.64630e-01
 7.25000e+01  1.28999e-01 -1.07325e-02  1.54120e-02 -8.31984e-02  7.89251e-03  6.97528e-03  1.65649e-01
 7.30000e+01  1.35421e-01 -1.09342e-02  1.55310e-02 -8.07425e-02  7.77777e-03  6.94204e-03  1.66738e-01
 7.35000e+01  1.42160e-01 -1.11190e-02  1.55931e-02 -7.82142e-02  7.61433e-03  6.90200e-03  1.67898e-01
 7.40000e+01  1.49207e-01 -1.12862e-02  1.55895e-02 -7.56415e-02  7.39761e-03  6.85480e-03  1.69126e-01
 7.45000e+01  1.56543e-01 -1.14352e-02  1.55113e-02 -7.30484e-02  7.12365e-03  6.80018e-03  1.70420e-01
 7.50000e+01  1.64150e-01 -1.15652e-02  1.53503e-02 -7.04551e-02  6.78934e-03  6.73807e-03  1.71776e-01
 7.55000e+01  1.72005e-01 -1.16755e-02  1.50991e-02 -6.78785e-02  6.39260e-03  6.66849e-03  1.73192e-01
 7.60000e+01  1.80082e-01 -1.17651e-02  1.47511e-02 -6.53319e-02  5.93257e-03  6.59164e-03  1.74664e-01
 7.65000e+01  1.88353e-01 -1.18335e-02  1.43014e-02 -6.28261e-02  5.40976e-03  6.50782e-03  1.76188e-01
 7.70000e+01  1.96785e-01 -1.18797e-02  1.37463e-02 -6.03690e-02  4.82620e-03  6.41743e-03  1.77760e-01
 7.75000e+01  2.05345e-01 -1.19032e-02  1.30842e-02 -5.79669e-02  4.18547e-03  6.32097e-03  1.79375e-01
 7.80000e+01  2.13997e-01 -1.19033e-02  1.23154e-02 -5.56240e-02  3.49276e-03  6.21901e-03  1.81031e-01
 7.85000e+01  2.22704e-01 -1.18798e-02  1.14423e-02 -5.33432e-02  2.75480e-03  6.11214e-03  1.82722e-01
 7.90000e+01  2.31430e-01 -1.18322e-02  1.04693e-02 -5.11264e-02  1.97980e-03  6.00101e-03  1.84445e-01
 7.95000e+01  2.40134e-01 -1.17605e-02  9.40324e-03 -4.89745e-02  1.17725e-03  5.88624e-03  1.86195e-01
 8.00000e+01  2.48781e-01 -1.16648e-02  8.25277e-03 -4.68877e-02  3.57734e-04  5.76849e-03  1.87969e-01
 8.05000e+01  2.57332e-01 -1.15454e-02  7.02856e-03 -4.48658e-02 -4.67359e-04  5.64838e-03  1.89763e-01
 8.10000e+01  2.65750e-01 -1.14028e-02  5.74291e-03 -4.29080e-02 -1.28611e-03  5.52649e-03  1.91574e-01
 8.15000e+01  2.74002e-01 -1.12378e-02  4.40952e-03 -4.10134e-02 -2.08642e-03  5.40341e-03  1.93397e-01
 8.20000e+01  2.82055e-01 -1.10511e-02  3.04317e-03 -3.91808e-02 -2.85633e-03  5.27964e-03  1.95229e-01
 8.25000e+01  2.89878e-01 -1.08439e-02  1.65931e-03 -3.74087e-02 -3.58436e-03  5.15569e-03  1.97068e-01
 8.30000e+01  2.97443e-01 -1.06174e-02  2.73754e-04 -3.56956e-02 -4.25985e-03  5.03200e-03  1.98909e-01
 8.35000e+01  3.04727e-01 -1.03729e-02 -1.09778e-03 -3.40400e-02 -4.87321e-03  4.90898e-03  2.00750e-01
 8.40000e+01  3.11707e-01 -1.01118e-02 -2.44002e-03 -3.24401e-02 -5.41616e-03  4.78700e-03  2.02586e-01
 8.45000e+01  3.18366e-01 -9.83568e-03 -3.73849e-03 -3.08942e-02 -5.88197e-03  4.66642e-03  2.04416e-01
 8.50000e+01  3.24689e-01 -9.54605e-03 -4.97982e-03 -2.94006e-02 -6.26553e-03  4.54752e-03  2.06235e-01
 8.55000e+01  3.30665e-01 -9.24452e-03 -6.15207e-03 -2.79574e-02 -6.56347e-03  4.43061e-03  2.08040e-01
 8.60000e+01  3.36285e-01 -8.93268e-03 -7.24490e-03 -2.65628e-02 -6.77413e-03  4.31593e-03  2.09828e-01
 8.65000e+01  3.41547e-01 -8.61210e-03 -8.24978e-03 -2.52150e-02 -6.89759e-03  4.20372e-03  2.11595e-01
 8.70000e+01  3.46447e-01 -8.28430e-03 -9.16009e-03 -2.39122e-02 -6.93549e-03  4.09420e-03  2.13338e-01
 8.75000e+01  3.50989e-01 -7.95076e-03 -9.97116e-03 -2.26524e-02 -6.89099e-03  3.98757e-03  2.15054e-01
 8.80000e+01  3.55178e-01 -7.61285e-03 -1.06803e-02 -2.14339e-02 -6.76852e-03  3.88400e-03  2.16738e-01
 8.85000e+01  3.59019e-01 -7.27189e-03 -1.12866e-02 -2.02549e-02 -6.57369e-03  3.78368e-03  2.18388e-01
 8.90000e+01  3.62524e-01 -6.92907e-03 -1.17912e-02 -1.91134e-02 -6.31299e-03  3.68676e-03  2.19999e-01
 8.95000e+01  3.65705e-01 -6.58548e-03 -1.21966e-02 -1.80077e-02 -5.99367e-03  3.59338e-03  2.21569e-01
 9.00000e+01  3.68574e-01 -6.24211e-03 -1.25072e-02 -1.69359e-02 -5.62350e-03  3.50368e-03  2.23093e-01
 9.05000e+01  3.71147e-01 -5.89983e-03 -1.27283e-02 -1.58962e-02 -5.21057e-03  3.41779e-03  2.24568e-01
 9.10000e+01  3.73441e-01 -5.55938e-03 -1.28665e-02 -1.48869e-02 -4.76316e-03  3.33581e-03  2.25991e-01
 9.15000e+01  3.75472e-01 -5.22140e-03 -1.29295e-02 -1.39062e-02 -4.28954e-03  3.25784e-03  2.27358e-01
 9.20000e+01  3.77260e-01 -4.88641e-03 -1.29254e-02 -1.29524e-02 -3.79782e-03  3.18399e-03  2.28666e-01
 9.25000e+01  3.78822e-01 -4.55482e-03 -1.28629e-02 -1.20236e-02 -3.29591e-03  3.11432e-03  2.29911e-01
 9.30000e+01  3.80177e-01 -4.22694e-03 -1.27511e-02 -1.11183e-02 -2.79135e-03  3.04892e-03  2.31092e-01
 9.35000e+01  3.81344e-01 -3.90298e-03 -1.25991e-02 -1.02348e-02 -2.29127e-03  2.98783e-03  2.32204e-01
 9.40000e+01  3.82341e-01 -3.58304e-03 -1.24160e-02 -9.37134e-03 -1.80233e-03  2.93112e-03  2.33245e-01
 9.45000e+01  3.83185e-01 -3.26717e-03 -1.22108e-02 -8.52634e-03 -1.33068e-03  2.87883e-03  2.34212e-01
 9.50000e+01  3.83893e-01 -2.95529e-03 -1.19920e-02 -7.69820e-03 -8.81961e-04  2.83100e-03  2.35104e-01
 9.55000e+01  3.84482e-01 -2.64728e-03 -1.17676e-02 -6.88531e-03 -4.61245e-04  2.78766e-03  2.35917e-01
 9.60000e+01  3.84967e-01 -2.34294e-03 -1.15454e-02 -6.08609e-03 -7.30823e-05  2.74883e-03  2.36651e-01
 9.65000e+01  3.85360e-01 -2.04202e-03 -1.13323e-02 -5.29899e-03  2.78519e-04  2.71453e-03  2.37302e-01
 9.70000e+01  3.85675e-01 -1.74420e-03 -1.11345e-02 -4.52245e-03  5.90072e-04  2.68479e-03  2.37870e-01
 9.75000e+01  3.85922e-01 -1.44912e-03 -1.09576e-02 -3.75496e-03  8.58602e-04  2.65960e-03  2.38352e-01
 9.80000e+01  3.86111e-01 -1.15639e-03 -1.08063e-02 -2.99497e-03  1.08162e-03  2.63898e-03  2.38749e-01
 9.85000e+01  3.86250e-01 -8.65582e-04 -1.06845e-02 -2.24099e-03  1.25713e-03  2.62294e-03  2.39059e-01
 9.90000e+01  3.86345e-01 -5.76233e-04 -1.05953e-02 -1.49150e-03  1.38359e-03  2.61148e-03  2.39280e-01
 9.95000e+01  3.86400e-01 -2.87869e-04 -1.05409e-02 -7.45002e-04  1.45990e-03  2.60460e-03  2.39413e-01
