 0.00000e+00  6.47269e-02  8.29384e-16  4.13512e-03  1.28136e-14  1.74430e-03  3.18905e-04  8.57417e-02
 5.00000e-01  6.48646e-02 -4.26306e-04  4.13116e-03 -6.57224e-03  1.73723e-03  3.19964e-04  8.57023e-02
 1.00000e+00  6.52764e-02 -8.51451e-04  4.11979e-03 -1.30438e-02  1.71637e-03  3.23112e-04  8.55930e-02
 1.50000e+00  6.59595e-02 -1.27426e-03  4.10253e-03 -1.93188e-02  1.68276e-03  3.28274e-04  8.54381e-02
 2.00000e+00  6.69090e-02 -1.69353e-03  4.08167e-03 -2.53109e-02  1.63798e-03  3.35322e-04  8.52749e-02
 2.50000e+00  6.81186e-02 -2.10801e-03  4.06007e-03 -3.09462e-02  1.58398e-03  3.44089e-04  8.51477e-02
 3.00000e+00  6.95808e-02 -2.51644e-03  4.04078e-03 -3.61657e-02  1.52286e-03  3.54368e-04  8.51026e-02
 3.50000e+00  7.12873e-02 -2.91749e-03  4.02674e-03 -4.09258e-02  1.45665e-03  3.65926e-04  8.51823e-02
 4.00000e+00  7.32293e-02 -3.30983e-03  4.02054e-03 -4.51981e-02  1.38712e-03  3.78510e-04  8.54219e-02
 4.50000e+00  7.53979e-02 -3.69209e-03  4.02418e-03 -4.89681e-02  1.31566e-03  3.91861e-04  8.58469e-02
 5.00000e+00  7.77839e-02 -4.06293e-03  4.03897e-03 -5.22335e-02  1.24318e-03  4.05720e-04  8.64729e-02
 5.50000e+00  8.03786e-02 -4.42101e-03  4.06557e-03 -5.50023e-02  1.17016e-03  4.19840e-04  8.73059e-02
 6.00000e+00  8.31729e-02 -4.76505e-03  4.10401e-03 -5.72909e-02  1.09668e-03  4.33995e-04  8.83440e-02
 6.50000e+00  8.61580e-02 -5.09380e-03  4.15383e-03 -5.91216e-02  1.02248e-03  4.47989e-04  8.95798e-02
 7.00000e+00  8.93251e-02 -5.40611e-03  4.21414e-03 -6.05217e-02  9.47094e-04  4.61659e-04  9.10018e-02
 7.50000e+00  9.26651e-02 -5.70089e-03  4.28379e-03 -6.15214e-02  8.69894e-04  4.74882e-04  9.25959e-02
 8.00000e+00  9.61689e-02 -5.97717e-03  4.36141e-03 -6.21528e-02  7.90194e-04  4.87572e-04  9.43470e-02
 8.50000e+00  9.98270e-02 -6.23407e-03  4.44552e-03 -6.24487e-02  7.07297e-04  4.99683e-04  9.62395e-02
 9.00000e+00  1.03630e-01 -6.47086e-03  4.53458e-03 -6.24422e-02  6.20550e-04  5.11204e-04  9.82581e-02
 9.50000e+00  1.07566e-01 -6.68689e-03  4.62702e-03 -6.21653e-02  5.29382e-04  5.22156e-04  1.00388e-01
 1.00000e+01  1.11627e-01 -6.88168e-03  4.72130e-03 -6.16492e-02  4.33331e-04  5.32584e-04  1.02615e-01
 1.05000e+01  1.15799e-01 -7.05488e-03  4.81594e-03 -6.09234e-02  3.32072e-04  5.42550e-04  1.04925e-01
 1.10000e+01  1.20072e-01 -7.20625e-03  4.90953e-03 -6.00160e-02  2.25436e-04  5.52127e-04  1.07307e-01
 1.15000e+01  1.24434e-01 -7.33573e-03  5.00080e-03 -5.89528e-02  1.13420e-04  5.61393e-04  1.09748e-01
 1.20000e+01  1.28872e-01 -7.44337e-03  5.08857e-03 -5.77579e-02 -3.80112e-06  5.70419e-04  1.12238e-01
 1.25000e+01  1.33374e-01 -7.52937e-03  5.17185e-03 -5.64532e-02 -1.25875e-04  5.79267e-04  1.14767e-01
 1.30000e+01  1.37926e-01 -7.59404e-03  5.24978e-03 -5.50589e-02 -2.52274e-04  5.87984e-04  1.17325e-01
 1.35000e+01  1.42515e-01 -7.63783e-03  5.32171e-03 -5.35931e-02 -3.82308e-04  5.96597e-04  1.19904e-01
 1.40000e+01  1.47129e-01 -7.66131e-03  5.38712e-03 -5.20720e-02 -5.15142e-04  6.05110e-04  1.22496e-01
 1.45000e+01  1.51754e-01 -7.66514e-03  5.44567e-03 -5.05102e-02 -6.49815e-04  6.13504e-04  1.25093e-01
 1.50000e+01  1.56378e-01 -7.65009e-03  5.49720e-03 -4.89206e-02 -7.85270e-04  6.21736e-04  1.27687e-01
 1.55000e+01  1.60987e-01 -7.61701e-03  5.54168e-03 -4.73145e-02 -9.20382e-04  6.29739e-04  1.30273e-01
 1.60000e+01  1.65569e-01 -7.56683e-03  5.57919e-03 -4.57019e-02 -1.05399e-03  6.37426e-04  1.32844e-01
 1.65000e+01  1.70113e-01 -7.50053e-03  5.60994e-03 -4.40915e-02 -1.18494e-03  6.44687e-04  1.35394e-01
 1.70000e+01  1.74606e-01 -7.41915e-03  5.63425e-03 -4.24908e-02 -1.31210e-03  6.51400e-04  1.37916e-01
 1.75000e+01  1.79039e-01 -7.32380e-03  5.65248e-03 -4.09063e-02 -1.43438e-03  6.57426e-04  1.40407e-01
 1.80000e+01  1.83400e-01 -7.21557e-03  5.66506e-03 -3.93434e-02 -1.55080e-03  6.62617e-04  1.42859e-01
 1.85000e+01  1.87681e-01 -7.09563e-03  5.67247e-03 -3.78069e-02 -1.66046e-03  6.66816e-04  1.45270e-01
 1.90000e+01  1.91872e-01 -6.96512e-03  5.67520e-03 -3.63009e-02 -1.76261e-03  6.69861e-04  1.47633e-01
 1.95000e+01  1.95966e-01 -6.82523e-03  5.67376e-03 -3.48287e-02 -1.85660e-03  6.71586e-04  1.49946e-01
 2.00000e+01  1.99956e-01 -6.67714e-03  5.66866e-03 -3.33931e-02 -1.94193e-03  6.71826e-04  1.52204e-01
 2.05000e+01  2.03835e-01 -6.52201e-03  5.66042e-03 -3.19966e-02 -2.01827e-03  6.70412e-04  1.54403e-01
 2.10000e+01  2.07597e-01 -6.36104e-03  5.64950e-03 -3.06412e-02 -2.08539e-03  6.67178e-04  1.56541e-01
 2.15000e+01  2.11239e-01 -6.19538e-03  5.63640e-03 -2.93288e-02 -2.14322e-03  6.61958e-04  1.58614e-01
 2.20000e+01  2.14756e-01 -6.02621e-03  5.62154e-03 -2.80608e-02 -2.19182e-03  6.54587e-04  1.60621e-01
 2.25000e+01  2.18144e-01 -5.85467e-03  5.60533e-03 -2.68385e-02 -2.23136e-03  6.44901e-04  1.62560e-01
 2.30000e+01  2.21403e-01 -5.68189e-03  5.58816e-03 -2.56632e-02 -2.26215e-03  6.32737e-04  1.64428e-01
 2.35000e+01  2.24529e-01 -5.50901e-03  5.57034e-03 -2.45359e-02 -2.28458e-03  6.17931e-04  1.66225e-01
 2.40000e+01  2.27521e-01 -5.33710e-03  5.55216e-03 -2.34576e-02 -2.29911e-03  6.00322e-04  1.67949e-01
 2.45000e+01  2.30380e-01 -5.16726e-03  5.53387e-03 -2.24292e-02 -2.30633e-03  5.79749e-04  1.69601e-01
 2.50000e+01  2.33106e-01 -5.00052e-03  5.51563e-03 -2.14517e-02 -2.30685e-03  5.56052e-04  1.71178e-01
 2.55000e+01  2.35699e-01 -4.83788e-03  5.49758e-03 -2.05256e-02 -2.30135e-03  5.29072e-04  1.72683e-01
 2.60000e+01  2.38161e-01 -4.68032e-03  5.47978e-03 -1.96519e-02 -2.29057e-03  4.98654e-04  1.74113e-01
 2.65000e+01  2.40494e-01 -4.52874e-03  5.46225e-03 -1.88310e-02 -2.27528e-03  4.64649e-04  1.75471e-01
 2.70000e+01  2.42699e-01 -4.38401e-03  5.44495e-03 -1.80636e-02 -2.25624e-03  4.26913e-04  1.76756e-01
 2.75000e+01  2.44779e-01 -4.24691e-03  5.42777e-03 -1.73500e-02 -2.23428e-03  3.85308e-04  1.77969e-01
 2.80000e+01  2.46738e-01 -4.11815e-03  5.41056e-03 -1.66904e-02 -2.21019e-03  3.39710e-04  1.79111e-01
 2.85000e+01  2.48578e-01 -3.99835e-03  5.39312e-03 -1.60849e-02 -2.18479e-03  2.90005e-04  1.80183e-01
 2.90000e+01  2.50304e-01 -3.88805e-03  5.37523e-03 -1.55333e-02 -2.15885e-03  2.36098e-04  1.81186e-01
 2.95000e+01  2.51918e-01 -3.78764e-03  5.35659e-03 -1.50352e-02 -2.13314e-03  1.77909e-04  1.82121e-01
 3.00000e+01  2.53426e-01 -3.69744e-03  5.33691e-03 -1.45898e-02 -2.10841e-03  1.15379e-04  1.82990e-01
 3.05000e+01  2.54831e-01 -3.61761e-03  5.31587e-03 -1.41961e-02 -2.08536e-03  4.84740e-05  1.83794e-01
 3.10000e+01  2.56137e-01 -3.54819e-03  5.29314e-03 -1.38527e-02 -2.06462e-03 -2.28172e-05  1.84535e-01
 3.15000e+01  2.57349e-01 -3.48907e-03  5.26839e-03 -1.35577e-02 -2.04682e-03 -9.84765e-05  1.85214e-01
 3.20000e+01  2.58471e-01 -3.43999e-03  5.24129e-03 -1.33090e-02 -2.03249e-03 -1.78457e-04  1.85833e-01
 3.25000e+01  2.59508e-01 -3.40055e-03  5.21153e-03 -1.31038e-02 -2.02212e-03 -2.62681e-04  1.86394e-01
 3.30000e+01  2.60465e-01 -3.37021e-03  5.17882e-03 -1.29392e-02 -2.01613e-03 -3.51038e-04  1.86898e-01
 3.35000e+01  2.61345e-01 -3.34824e-03  5.14290e-03 -1.28116e-02 -2.01487e-03 -4.43385e-04  1.87349e-01
 3.40000e+01  2.62153e-01 -3.33381e-03  5.10355e-03 -1.27170e-02 -2.01862e-03 -5.39545e-04  1.87747e-01
 3.45000e+01  2.62895e-01 -3.32593e-03  5.06058e-03 -1.26512e-02 -2.02760e-03 -6.39308e-04  1.88096e-01
 3.50000e+01  2.63573e-01 -3.32347e-03  5.01385e-03 -1.26093e-02 -2.04195e-03 -7.42428e-04  1.88397e-01
 3.55000e+01  2.64192e-01 -3.32520e-03  4.96327e-03 -1.25863e-02 -2.06174e-03 -8.48628e-04  1.88652e-01
 3.60000e+01  2.64756e-01 -3.32978e-03  4.90881e-03 -1.25768e-02 -2.08697e-03 -9.57597e-04  1.88865e-01
 3.65000e+01  2.65270e-01 -3.33577e-03  4.85046e-03 -1.25750e-02 -2.11758e-03 -1.06899e-03  1.89037e-01
 3.70000e+01  2.65737e-01 -3.34169e-03  4.78831e-03 -1.25752e-02 -2.15345e-03 -1.18244e-03  1.89170e-01
 3.75000e+01  2.66160e-01 -3.34598e-03  4.72247e-03 -1.25713e-02 -2.19438e-03 -1.29755e-03  1.89269e-01
 3.80000e+01  2.66544e-01 -3.34708e-03  4.65312e-03 -1.25573e-02 -2.24012e-03 -1.41389e-03  1.89334e-01
 3.85000e+01  2.66891e-01 -3.34341e-03  4.58050e-03 -1.25273e-02 -2.29036e-03 -1.53100e-03  1.89369e-01
 3.90000e+01  2.67204e-01 -3.33342e-03  4.50490e-03 -1.24752e-02 -2.34475e-03 -1.64842e-03  1.89376e-01
 3.95000e+01  2.67487e-01 -3.31561e-03  4.42667e-03 -1.23954e-02 -2.40287e-03 -1.76566e-03  1.89358e-01
 4.00000e+01  2.67743e-01 -3.28854e-03  4.34621e-03 -1.22825e-02 -2.46425e-03 -1.88220e-03  1.89317e-01
 4.05000e+01  2.67973e-01 -3.25088e-03  4.26396e-03 -1.21314e-02 -2.52839e-03 -1.99754e-03  1.89257e-01
 4.10000e+01  2.68180e-01 -3.20141e-03  4.18043e-03 -1.19375e-02 -2.59475e-03 -2.11115e-03  1.89179e-01
 4.15000e+01  2.68367e-01 -3.13907e-03  4.09616e-03 -1.16969e-02 -2.66275e-03 -2.22249e-03  1.89087e-01
 4.20000e+01  2.68535e-01 -3.06293e-03  4.01172e-03 -1.14061e-02 -2.73177e-03 -2.33102e-03  1.88983e-01
 4.25000e+01  2.68686e-01 -2.97226e-03  3.92774e-03 -1.10622e-02 -2.80117e-03 -2.43622e-03  1.88870e-01
 4.30000e+01  2.68822e-01 -2.86652e-03  3.84486e-03 -1.06633e-02 -2.87030e-03 -2.53756e-03  1.88750e-01
 4.35000e+01  2.68943e-01 -2.74537e-03  3.76374e-03 -1.02080e-02 -2.93849e-03 -2.63452e-03  1.88625e-01
 4.40000e+01  2.69052e-01 -2.60869e-03  3.68507e-03 -9.69586e-03 -3.00506e-03 -2.72660e-03  1.88499e-01
 4.45000e+01  2.69149e-01 -2.45659e-03  3.60953e-03 -9.12723e-03 -3.06934e-03 -2.81331e-03  1.88373e-01
 4.50000e+01  2.69235e-01 -2.28937e-03  3.53779e-03 -8.50323e-03 -3.13068e-03 -2.89420e-03  1.88250e-01
 4.55000e+01  2.69311e-01 -2.10758e-03  3.47053e-03 -7.82582e-03 -3.18841e-03 -2.96881e-03  1.88132e-01
 4.60000e+01  2.69378e-01 -1.91198e-03  3.40838e-03 -7.09774e-03 -3.24194e-03 -3.03674e-03  1.88021e-01
 4.65000e+01  2.69436e-01 -1.70351e-03  3.35195e-03 -6.32250e-03 -3.29067e-03 -3.09762e-03  1.87918e-01
 4.70000e+01  2.69485e-01 -1.48333e-03  3.30180e-03 -5.50429e-03 -3.33408e-03 -3.15111e-03  1.87825e-01
 4.75000e+01  2.69527e-01 -1.25275e-03  3.25844e-03 -4.64797e-03 -3.37167e-03 -3.19689e-03  1.87744e-01
 4.80000e+01  2.69560e-01 -1.01327e-03  3.22233e-03 -3.75896e-03 -3.40304e-03 -3.23471e-03  1.87676e-01
 4.85000e+01  2.69586e-01 -7.66485e-04  3.19383e-03 -2.84319e-03 -3.42781e-03 -3.26436e-03  1.87622e-01
 4.90000e+01  2.69604e-01 -5.14130e-04  3.17326e-03 -1.90698e-03 -3.44571e-03 -3.28566e-03  1.87583e-01
 4.95000e+01  2.69615e-01 -2.58013e-04  3.16083e-03 -9.56967e-04 -3.45654e-03 -3.29849e-03  1.87559e-01
 5.00000e+01  2.69619e-01  9.46664e-16  3.15667e-03  3.51112e-15 -3.46016e-03 -3.30277e-03  1.87551e-01
 5.05000e+01  2.69615e-01  2.58013e-04  3.16083e-03  9.56967e-04 -3.45654e-03 -3.29849e-03  1.87559e-01
 5.10000e+01  2.69604e-01  5.14130e-04  3.17326e-03  1.90698e-03 -3.44571e-03 -3.28566e-03  1.87583e-01
 5.15000e+01  2.69586e-01  7.66485e-04  3.19383e-03  2.84319e-03 -3.42781e-03 -3.26436e-03  1.87622e-01
 5.20000e+01  2.69560e-01  1.01327e-03  3.22233e-03  3.75896e-03 -3.40304e-03 -3.23471e-03  1.87676e-01
 5.25000e+01  2.69527e-01  1.25275e-03  3.25844e-03  4.64797e-03 -3.37167e-03 -3.19689e-03  1.87744e-01
 5.30000e+01  2.69485e-01  1.48333e-03  3.30180e-03  5.50429e-03 -3.33408e-03 -3.15111e-03  1.87825e-01
 5.35000e+01  2.69436e-01  1.70351e-03  3.35195e-03  6.32250e-03 -3.29067e-03 -3.09762e-03  1.87918e-01
 5.40000e+01  2.69378e-01  1.91198e-03  3.40838e-03  7.09774e-03 -3.24194e-03 -3.03674e-03  1.88021e-01
 5.45000e+01  2.69311e-01  2.10758e-03  3.47053e-03  7.82582e-03 -3.18841e-03 -2.96881e-03  1.88132e-01
 5.50000e+01  2.69235e-01  2.28937e-03  3.53779e-03  8.50323e-03 -3.13068e-03 -2.89420e-03  1.88250e-01
 5.55000e+01  2.69149e-01  2.45659e-03  3.60953e-03  9.12723e-03 -3.06934e-03 -2.81331e-03  1.88373e-01
 5.60000e+01  2.69052e-01  2.60869e-03  3.68507e-03  9.69586e-03 -3.00506e-03 -2.72660e-03  1.88499e-01
 5.65000e+01  2.68943e-01  2.74537e-03  3.76374e-03  1.02080e-02 -2.93849e-03 -2.63452e-03  1.88625e-01
 5.70000e+01  2.68822e-01  2.86652e-03  3.84486e-03  1.06633e-02 -2.87030e-03 -2.53756e-03  1.88750e-01
 5.75000e+01  2.68686e-01  2.97226e-03  3.92774e-03  1.10622e-02 -2.80117e-03 -2.43622e-03  1.88870e-01
 5.80000e+01  2.68535e-01  3.06293e-03  4.01172e-03  1.14061e-02 -2.73177e-03 -2.33102e-03  1.88983e-01
 5.85000e+01  2.68367e-01  3.13907e-03  4.09616e-03  1.16969e-02 -2.66275e-03 -2.22249e-03  1.89087e-01
 5.90000e+01  2.68180e-01  3.20141e-03  4.18043e-03  1.19375e-02 -2.59475e-03 -2.11115e-03  1.89179e-01
 5.95000e+01  2.67973e-01  3.25088e-03  4.26396e-03  1.21314e-02 -2.52839e-03 -1.99754e-03  1.89257e-01
 6.00000e+01  2.67743e-01  3.28854e-03  4.34621e-03  1.22825e-02 -2.46425e-03 -1.88220e-03  1.89317e-01
 6.05000e+01  2.67487e-01  3.31561e-03  4.42667e-03  1.23954e-02 -2.40287e-03 -1.76566e-03  1.89358e-01
 6.10000e+01  2.67204e-01  3.33342e-03  4.50490e-03  1.24752e-02 -2.34475e-03 -1.64842e-03  1.89376e-01
 6.15000e+01  2.66891e-01  3.34341e-03  4.58050e-03  1.25273e-02 -2.29036e-03 -1.53100e-03  1.89369e-01
 6.20000e+01  2.66544e-01  3.34708e-03  4.65312e-03  1.25573e-02 -2.24012e-03 -1.41389e-03  1.89334e-01
 6.25000e+01  2.66160e-01  3.34598e-03  4.72247e-03  1.25713e-02 -2.19438e-03 -1.29755e-03  1.89269e-01
 6.30000e+01  2.65737e-01  3.34169e-03  4.78831e-03  1.25752e-02 -2.15345e-03 -1.18244e-03  1.89170e-01
 6.35000e+01  2.65270e-01  3.33577e-03  4.85046e-03  1.25750e-02 -2.11758e-03 -1.06899e-03  1.89037e-01
 6.40000e+01  2.64756e-01  3.32978e-03  4.90881e-03  1.25768e-02 -2.08697e-03 -9.57597e-04  1.88865e-01
 6.45000e+01  2.64192e-01  3.32520e-03  4.96327e-03  1.25863e-02 -2.06174e-03 -8.48628e-04  1.88652e-01
 6.50000e+01  2.63573e-01  3.32347e-03  5.01385e-03  1.26093e-02 -2.04195e-03 -7.42428e-04  1.88397e-01
 6.55000e+01  2.62895e-01  3.32593e-03  5.06058e-03  1.26512e-02 -2.02760e-03 -6.39308e-04  1.88096e-01
 6.60000e+01  2.62153e-01  3.33381e-03  5.10355e-03  1.27170e-02 -2.01862e-03 -5.39545e-04  1.87747e-01
 6.65000e+01  2.61345e-01  3.34824e-03  5.14290e-03  1.28116e-02 -2.01487e-03 -4.43385e-04  1.87349e-01
 6.70000e+01  2.60465e-01  3.37021e-03  5.17882e-03  1.29392e-02 -2.01613e-03 -3.51038e-04  1.86898e-01
 6.75000e+01  2.59508e-01  3.40055e-03  5.21153e-03  1.31038e-02 -2.02212e-03 -2.62681e-04  1.86394e-01
 6.80000e+01  2.58471e-01  3.43999e-03  5.24129e-03  1.33090e-02 -2.03249e-03 -1.78457e-04  1.85833e-01
 6.85000e+01  2.57349e-01  3.48907e-03  5.26839e-03  1.35577e-02 -2.04682e-03 -9.84765e-05  1.85214e-01
 6.90000e+01  2.56137e-01  3.54819e-03  5.29314e-03  1.38527e-02 -2.06462e-03 -2.28172e-05  1.84535e-01
 6.95000e+01  2.54831e-01  3.61761e-03  5.31587e-03  1.41961e-02 -2.08536e-03  4.84740e-05  1.83794e-01
 7.00000e+01  2.53426e-01  3.69744e-03  5.33691e-03  1.45898e-02 -2.10841e-03  1.15379e-04  1.82990e-01
 7.05000e+01  2.51918e-01  3.78764e-03  5.35659e-03  1.50352e-02 -2.13314e-03  1.77909e-04  1.82121e-01
 7.10000e+01  2.50304e-01  3.88805e-03  5.37523e-03  1.55333e-02 -2.15885e-03  2.36098e-04  1.81186e-01
 7.15000e+01  2.48578e-01  3.99835e-03  5.39312e-03  1.60849e-02 -2.18479e-03  2.90005e-04  1.80183e-01
 7.20000e+01  2.46738e-01  4.11815e-03  5.41056e-03  1.66904e-02 -2.21019e-03  3.39710e-04  1.79111e-01
 7.25000e+01  2.44779e-01  4.24691e-03  5.42777e-03  1.73500e-02 -2.23428e-03  3.85308e-04  1.77969e-01
 7.30000e+01  2.42699e-01  4.38401e-03  5.44495e-03  1.80636e-02 -2.25624e-03  4.26913e-04  1.76756e-01
 7.35000e+01  2.40494e-01  4.52874e-03  5.46225e-03  1.88310e-02 -2.27528e-03  4.64649e-04  1.75471e-01
 7.40000e+01  2.38161e-01  4.68032e-03  5.47978e-03  1.96519e-02 -2.29057e-03  4.98654e-04  1.74113e-01
 7.45000e+01  2.35699e-01  4.83788e-03  5.49758e-03  2.05256e-02 -2.30135e-03  5.29072e-04  1.72683e-01
 7.50000e+01  2.33106e-01  5.00052e-03  5.51563e-03  2.14517e-02 -2.30685e-03  5.56052e-04  1.71178e-01
 7.55000e+01  2.30380e-01  5.16726e-03  5.53387e-03  2.24292e-02 -2.30633e-03  5.79749e-04  1.69601e-01
 7.60000e+01  2.27521e-01  5.33710e-03  5.55216e-03  2.34576e-02 -2.29911e-03  6.00322e-04  1.67949e-01
 7.65000e+01  2.24529e-01  5.50901e-03  5.57034e-03  2.45359e-02 -2.28458e-03  6.17931e-04  1.66225e-01
 7.70000e+01  2.21403e-01  5.68189e-03  5.58816e-03  2.56632e-02 -2.26215e-03  6.32737e-04  1.64428e-01
 7.75000e+01  2.18144e-01  5.85467e-03  5.60533e-03  2.68385e-02 -2.23136e-03  6.44901e-04  1.62560e-01
 7.80000e+01  2.14756e-01  6.02621e-03  5.62154e-03  2.80608e-02 -2.19182e-03  6.54587e-04  1.60621e-01
 7.85000e+01  2.11239e-01  6.19538e-03  5.63640e-03  2.93288e-02 -2.14322e-03  6.61958e-04  1.58614e-01
 7.90000e+01  2.07597e-01  6.36104e-03  5.64950e-03  3.06412e-02 -2.08539e-03  6.67178e-04  1.56541e-01
 7.95000e+01  2.03835e-01  6.52201e-03  5.66042e-03  3.19966e-02 -2.01827e-03  6.70412e-04  1.54403e-01
 8.00000e+01  1.99956e-01  6.67714e-03  5.66866e-03  3.33931e-02 -1.94193e-03  6.71826e-04  1.52204e-01
 8.05000e+01  1.95966e-01  6.82523e-03  5.67376e-03  3.48287e-02 -1.85660e-03  6.71586e-04  1.49946e-01
 8.10000e+01  1.91872e-01  6.96512e-03  5.67520e-03  3.63009e-02 -1.76261e-03  6.69861e-04  1.47633e-01
 8.15000e+01  1.87681e-01  7.09563e-03  5.67247e-03  3.78069e-02 -1.66046e-03  6.66816e-04  1.45270e-01
 8.20000e+01  1.83400e-01  7.21557e-03  5.66506e-03  3.93434e-02 -1.55080e-03  6.62617e-04  1.42859e-01
 8.25000e+01  1.79039e-01  7.32380e-03  5.65248e-03  4.09063e-02 -1.43438e-03  6.57426e-04  1.40407e-01
 8.30000e+01  1.74606e-01  7.41915e-03  5.63425e-03  4.24908e-02 -1.31210e-03  6.51400e-04  1.37916e-01
 8.35000e+01  1.70113e-01  7.50053e-03  5.60994e-03  4.40915e-02 -1.18494e-03  6.44687e-04  1.35394e-01
 8.40000e+01  1.65569e-01  7.56683e-03  5.57919e-03  4.57019e-02 -1.05399e-03  6.37426e-04  1.32844e-01
 8.45000e+01  1.60987e-01  7.61701e-03  5.54168e-03  4.73145e-02 -9.20382e-04  6.29739e-04  1.30273e-01
 8.50000e+01  1.56378e-01  7.65009e-03  5.49720e-03  4.89206e-02 -7.85270e-04  6.21736e-04  1.27687e-01
 8.55000e+01  1.51754e-01  7.66514e-03  5.44567e-03  5.05102e-02 -6.49815e-04  6.13504e-04  1.25093e-01
 8.60000e+01  1.47129e-01  7.66131e-03  5.38712e-03  5.20720e-02 -5.15142e-04  6.05110e-04  1.22496e-01
 8.65000e+01  1.42515e-01  7.63783e-03  5.32171e-03  5.35931e-02 -3.82308e-04  5.96597e-04  1.19904e-01
 8.70000e+01  1.37926e-01  7.59404e-03  5.24978e-03  5.50589e-02 -2.52274e-04  5.87984e-04  1.17325e-01
 8.75000e+01  1.33374e-01  7.52937e-03  5.17185e-03  5.64532e-02 -1.25875e-04  5.79267e-04  1.14767e-01
 8.80000e+01  1.28872e-01  7.44337e-03  5.08857e-03  5.77579e-02 -3.80112e-06  5.70419e-04  1.12238e-01
 8.85000e+01  1.24434e-01  7.33573e-03  5.00080e-03  5.89528e-02  1.13420e-04  5.61393e-04  1.09748e-01
 8.90000e+01  1.20072e-01  7.20625e-03  4.90953e-03  6.00160e-02  2.25436e-04  5.52127e-04  1.07307e-01
 8.95000e+01  1.15799e-01  7.05488e-03  4.81594e-03  6.09234e-02  3.32072e-04  5.42550e-04  1.04925e-01
 9.00000e+01  1.11627e-01  6.88168e-03  4.72130e-03  6.16492e-02  4.33331e-04  5.32584e-04  1.02615e-01
 9.05000e+01  1.07566e-01  6.68689e-03  4.62702e-03  6.21653e-02  5.29382e-04  5.22156e-04  1.00388e-01
 9.10000e+01  1.03630e-01  6.47086e-03  4.53458e-03  6.24422e-02  6.20550e-04  5.11204e-04  9.82581e-02
 9.15000e+01  9.98270e-02  6.23407e-03  4.44552e-03  6.24487e-02  7.07297e-04  4.99683e-04  9.62395e-02
 9.20000e+01  9.61689e-02  5.97717e-03  4.36141e-03  6.21528e-02  7.90194e-04  4.87572e-04  9.43470e-02
 9.25000e+01  9.26651e-02  5.70089e-03  4.28379e-03  6.15214e-02  8.69894e-04  4.74882e-04  9.25959e-02
 9.30000e+01  8.93251e-02  5.40611e-03  4.21414e-03  6.05217e-02  9.47094e-04  4.61659e-04  9.10018e-02
 9.35000e+01  8.61580e-02  5.09380e-03  4.15383e-03  5.91216e-02  1.02248e-03  4.47989e-04  8.95798e-02
 9.40000e+01  8.31729e-02  4.76505e-03  4.10401e-03  5.72909e-02  1.09668e-03  4.33995e-04  8.83440e-02
 9.45000e+01  8.03786e-02  4.42101e-03  4.06557e-03  5.50023e-02  1.17016e-03  4.19840e-04  8.73059e-02
 9.50000e+01  7.77839e-02  4.06293e-03  4.03897e-03  5.22335e-02  1.24318e-03  4.05720e-04  8.64729e-02
 9.55000e+01  7.53979e-02  3.69209e-03  4.02418e-03  4.89681e-02  1.31566e-03  3.91861e-04  8.58469e-02
 9.60000e+01  7.32293e-02  3.30983e-03  4.02054e-03  4.51981e-02  1.38712e-03  3.78510e-04  8.54219e-02
 9.65000e+01  7.12873e-02  2.91749e-03  4.02674e-03  4.09258e-02  1.45665e-03  3.65926e-04  8.51823e-02
 9.70000e+01  6.95808e-02  2.51644e-03  4.04078e-03  3.61657e-02  1.52286e-03  3.54368e-04  8.51026e-02
 9.75000e+01  6.81186e-02  2.10801e-03  4.06007e-03  3.09462e-02  1.58398e-03  3.44089e-04  8.51477e-02
 9.80000e+01  6.69090e-02  1.69353e-03  4.08167e-03  2.53109e-02  1.63798e-03  3.35322e-04  8.52749e-02
 9.85000e+01  6.59595e-02  1.27426e-03  4.10253e-03  1.93188e-02  1.68276e-03  3.28274e-04  8.54381e-02
 9.90000e+01  6.52764e-02  8.51451e-04  4.11979e-03  1.30438e-02  1.71637e-03  3.23112e-04  8.55930e-02
 9.95000e+01  6.48646e-02  4.26306e-04  4.13116e-03  6.57224e-03  1.73723e-03  3.19964e-04  8.57023e-02
