 0.00000e+00  9.99338e-01  0.00000e+00  1.49834e+00  0.00000e+00  9.98900e-01  9.99562e-01
 1.00000e-01  9.99338e-01  6.18143e-06  1.49834e+00  6.18553e-06  9.98900e-01  9.99562e-01
 2.00000e-01  9.99338e-01  1.23626e-05  1.49834e+00  1.23708e-05  9.98900e-01  9.99562e-01
 3.00000e-01  9.99338e-01  1.85432e-05  1.49834e+00  1.85555e-05  9.98900e-01  9.99562e-01
 4.00000e-01  9.99338e-01  2.47231e-05  1.49834e+00  2.47394e-05  9.98900e-01  9.99562e-01
 5.00000e-01  9.99338e-01  3.09018e-05  1.49834e+00  3.09223e-05  9.98901e-01  9.99563e-01
 6.00000e-01  9.99338e-01  3.70792e-05  1.49835e+00  3.71038e-05  9.98901e-01  9.99563e-01
 7.00000e-01  9.99338e-01  4.32551e-05  1.49835e+00  4.32837e-05  9.98901e-01  9.99563e-01
 8.00000e-01  9.99338e-01  4.94290e-05  1.49835e+00  4.94618e-05  9.98901e-01  9.99563e-01
 9.00000e-01  9.99338e-01  5.56009e-05  1.49835e+00  5.56377e-05  9.98902e-01  9.99563e-01
 1.00000e+00  9.99339e-01  6.17703e-05  1.49835e+00  6.18111e-05  9.98902e-01  9.99563e-01
 1.10000e+00  9.99339e-01  6.79370e-05  1.49835e+00  6.79820e-05  9.98903e-01  9.99563e-01
 1.20000e+00  9.99339e-01  7.41008e-05  1.49835e+00  7.41498e-05  9.98903e-01  9.99563e-01
 1.30000e+00  9.99340e-01  8.02615e-05  1.49835e+00  8.03145e-05  9.98904e-01  9.99564e-01
 1.40000e+00  9.99340e-01  8.64186e-05  1.49835e+00  8.64757e-05  9.98904e-01  9.99564e-01
 1.50000e+00  9.99340e-01  9.25721e-05  1.49835e+00  9.26332e-05  9.98905e-01  9.99564e-01
 1.60000e+00  9.99341e-01  9.87215e-05  1.49835e+00  9.87866e-05  9.98905e-01  9.99564e-01
 1.70000e+00  9.99341e-01  1.04867e-04  1.49835e+00  1.04936e-04  9.98906e-01  9.99565e-01
 1.80000e+00  9.99341e-01  1.11007e-04  1.49835e+00  1.11080e-04  9.98907e-01  9.99565e-01
 1.90000e+00  9.99342e-01  1.17143e-04  1.49836e+00  1.17220e-04  9.98907e-01  9.99565e-01
 2.00000e+00  9.99342e-01  1.23274e-04  1.49836e+00  1.23355e-04  9.98908e-01  9.99566e-01
 2.10000e+00  9.99343e-01  1.29399e-04  1.49836e+00  1.29484e-04  9.98909e-01  9.99566e-01
 2.20000e+00  9.99343e-01  1.35519e-04  1.49836e+00  1.35608e-04  9.98910e-01  9.99566e-01
 2.30000e+00  9.99344e-01  1.41633e-04  1.49836e+00  1.41726e-04  9.98911e-01  9.99567e-01
 2.40000e+00  9.99344e-01  1.47741e-04  1.49836e+00  1.47838e-04  9.98912e-01  9.99567e-01
 2.50000e+00  9.99345e-01  1.53843e-04  1.49836e+00  1.53944e-04  9.98913e-01  9.99567e-01
 2.60000e+00  9.99346e-01  1.59938e-04  1.49836e+00  1.60042e-04  9.98914e-01  9.99568e-01
 2.70000e+00  9.99346e-01  1.66026e-04  1.49837e+00  1.66134e-04  9.98915e-01  9.99568e-01
 2.80000e+00  9.99347e-01  1.72107e-04  1.49837e+00  1.72219e-04  9.98916e-01  9.99569e-01
 2.90000e+00  9.99348e-01  1.78180e-04  1.49837e+00  1.78296e-04  9.98917e-01  9.99569e-01
 3.00000e+00  9.99348e-01  1.84246e-04  1.49837e+00  1.84366e-04  9.98918e-01  9.99570e-01
 3.10000e+00  9.99349e-01  1.90304e-04  1.49837e+00  1.90427e-04  9.98919e-01  9.99570e-01
 3.20000e+00  9.99350e-01  1.96353e-04  1.49838e+00  1.96481e-04  9.98921e-01  9.99571e-01
 3.30000e+00  9.99351e-01  2.02394e-04  1.49838e+00  2.02526e-04  9.98922e-01  9.99571e-01
 3.40000e+00  9.99352e-01  2.08427e-04  1.49838e+00  2.08562e-04  9.98923e-01  9.99572e-01
 3.50000e+00  9.99352e-01  2.14450e-04  1.49838e+00  2.14589e-04  9.98925e-01  9.99572e-01
 3.60000e+00  9.99353e-01  2.20464e-04  1.49838e+00  2.20607e-04  9.98926e-01  9.99573e-01
 3.70000e+00  9.99354e-01  2.26469e-04  1.49839e+00  2.26615e-04  9.98928e-01  9.99573e-01
 3.80000e+00  9.99355e-01  2.32464e-04  1.49839e+00  2.32614e-04  9.98929e-01  9.99574e-01
 3.90000e+00  9.99356e-01  2.38449e-04  1.49839e+00  2.38602e-04  9.98931e-01  9.99575e-01
 4.00000e+00  9.99357e-01  2.44423e-04  1.49839e+00  2.44581e-04  9.98932e-01  9.99575e-01
 4.10000e+00  9.99358e-01  2.50387e-04  1.49839e+00  2.50548e-04  9.98934e-01  9.99576e-01
 4.20000e+00  9.99359e-01  2.56341e-04  1.49840e+00  2.56505e-04  9.98936e-01  9.99576e-01
 4.30000e+00  9.99360e-01  2.62283e-04  1.49840e+00  2.62451e-04  9.98937e-01  9.99577e-01
 4.40000e+00  9.99361e-01  2.68214e-04  1.49840e+00  2.68385e-04  9.98939e-01  9.99578e-01
 4.50000e+00  9.99362e-01  2.74133e-04  1.49841e+00  2.74308e-04  9.98941e-01  9.99579e-01
 4.60000e+00  9.99363e-01  2.80041e-04  1.49841e+00  2.80219e-04  9.98943e-01  9.99579e-01
 4.70000e+00  9.99364e-01  2.85936e-04  1.49841e+00  2.86118e-04  9.98944e-01  9.99580e-01
 4.80000e+00  9.99365e-01  2.91820e-04  1.49841e+00  2.92005e-04  9.98946e-01  9.99581e-01
 4.90000e+00  9.99367e-01  2.97690e-04  1.49842e+00  2.97879e-04  9.98948e-01  9.99582e-01
 5.00000e+00  9.99368e-01  3.03548e-04  1.49842e+00  3.03740e-04  9.98950e-01  9.99582e-01
 5.10000e+00  9.99369e-01  3.09393e-04  1.49842e+00  3.09588e-04  9.98952e-01  9.99583e-01
 5.20000e+00  9.99370e-01  3.15225e-04  1.49843e+00  3.15423e-04  9.98954e-01  9.99584e-01
 5.30000e+00  9.99371e-01  3.21043e-04  1.49843e+00  3.21245e-04  9.98956e-01  9.99585e-01
 5.40000e+00  9.99373e-01  3.26847e-04  1.49843e+00  3.27052e-04  9.98959e-01  9.99586e-01
 5.50000e+00  9.99374e-01  3.32637e-04  1.49844e+00  3.32845e-04  9.98961e-01  9.99586e-01
 5.60000e+00  9.99375e-01  3.38413e-04  1.49844e+00  3.38624e-04  9.98963e-01  9.99587e-01
 5.70000e+00  9.99377e-01  3.44174e-04  1.49844e+00  3.44389e-04  9.98965e-01  9.99588e-01
 5.80000e+00  9.99378e-01  3.49920e-04  1.49845e+00  3.50138e-04  9.98967e-01  9.99589e-01
 5.90000e+00  9.99379e-01  3.55652e-04  1.49845e+00  3.55873e-04  9.98970e-01  9.99590e-01
 6.00000e+00  9.99381e-01  3.61368e-04  1.49845e+00  3.61592e-04  9.98972e-01  9.99591e-01
 6.10000e+00  9.99382e-01  3.67069e-04  1.49846e+00  3.67296e-04  9.98975e-01  9.99592e-01
 6.20000e+00  9.99384e-01  3.72754e-04  1.49846e+00  3.72983e-04  9.98977e-01  9.99593e-01
 6.30000e+00  9.99385e-01  3.78422e-04  1.49846e+00  3.78655e-04  9.98979e-01  9.99594e-01
 6.40000e+00  9.99387e-01  3.84075e-04  1.49847e+00  3.84311e-04  9.98982e-01  9.99595e-01
 6.50000e+00  9.99388e-01  3.89711e-04  1.49847e+00  3.89950e-04  9.98985e-01  9.99596e-01
 6.60000e+00  9.99390e-01  3.95331e-04  1.49848e+00  3.95572e-04  9.98987e-01  9.99597e-01
 6.70000e+00  9.99391e-01  4.00933e-04  1.49848e+00  4.01177e-04  9.98990e-01  9.99598e-01
 6.80000e+00  9.99393e-01  4.06518e-04  1.49848e+00  4.06765e-04  9.98992e-01  9.99599e-01
 6.90000e+00  9.99395e-01  4.12086e-04  1.49849e+00  4.12336e-04  9.98995e-01  9.99600e-01
 7.00000e+00  9.99396e-01  4.17637e-04  1.49849e+00  4.17889e-04  9.98998e-01  9.99601e-01
 7.10000e+00  9.99398e-01  4.23169e-04  1.49850e+00  4.23424e-04  9.99001e-01  9.99602e-01
 7.20000e+00  9.99400e-01  4.28683e-04  1.49850e+00  4.28940e-04  9.99003e-01  9.99604e-01
 7.30000e+00  9.99401e-01  4.34179e-04  1.49850e+00  4.34439e-04  9.99006e-01  9.99605e-01
 7.40000e+00  9.99403e-01  4.39656e-04  1.49851e+00  4.39919e-04  9.99009e-01  9.99606e-01
 7.50000e+00  9.99405e-01  4.45114e-04  1.49851e+00  4.45379e-04  9.99012e-01  9.99607e-01
 7.60000e+00  9.99407e-01  4.50554e-04  1.49852e+00  4.50821e-04  9.99015e-01  9.99608e-01
 7.70000e+00  9.99409e-01  4.55974e-04  1.49852e+00  4.56244e-04  9.99018e-01  9.99609e-01
 7.80000e+00  9.99410e-01  4.61374e-04  1.49853e+00  4.61646e-04  9.99021e-01  9.99611e-01
 7.90000e+00  9.99412e-01  4.66755e-04  1.49853e+00  4.67030e-04  9.99024e-01  9.99612e-01
 8.00000e+00  9.99414e-01  4.72116e-04  1.49854e+00  4.72393e-04  9.99027e-01  9.99613e-01
 8.10000e+00  9.99416e-01  4.77456e-04  1.49854e+00  4.77735e-04  9.99031e-01  9.99614e-01
 8.20000e+00  9.99418e-01  4.82777e-04  1.49855e+00  4.83058e-04  9.99034e-01  9.99616e-01
 8.30000e+00  9.99420e-01  4.88076e-04  1.49855e+00  4.88360e-04  9.99037e-01  9.99617e-01
 8.40000e+00  9.99422e-01  4.93355e-04  1.49855e+00  4.93640e-04  9.99040e-01  9.99618e-01
 8.50000e+00  9.99424e-01  4.98613e-04  1.49856e+00  4.98900e-04  9.99044e-01  9.99619e-01
 8.60000e+00  9.99426e-01  5.03849e-04  1.49856e+00  5.04139e-04  9.99047e-01  9.99621e-01
 8.70000e+00  9.99428e-01  5.09064e-04  1.49857e+00  5.09355e-04  9.99050e-01  9.99622e-01
 8.80000e+00  9.99430e-01  5.14257e-04  1.49858e+00  5.14550e-04  9.99054e-01  9.99624e-01
 8.90000e+00  9.99432e-01  5.19428e-04  1.49858e+00  5.19724e-04  9.99057e-01  9.99625e-01
 9.00000e+00  9.99434e-01  5.24577e-04  1.49859e+00  5.24874e-04  9.99061e-01  9.99626e-01
 9.10000e+00  9.99436e-01  5.29704e-04  1.49859e+00  5.30003e-04  9.99064e-01  9.99628e-01
 9.20000e+00  9.99438e-01  5.34808e-04  1.49860e+00  5.35109e-04  9.99068e-01  9.99629e-01
 9.30000e+00  9.99440e-01  5.39889e-04  1.49860e+00  5.40192e-04  9.99071e-01  9.99631e-01
 9.40000e+00  9.99443e-01  5.44948e-04  1.49861e+00  5.45252e-04  9.99075e-01  9.99632e-01
 9.50000e+00  9.99445e-01  5.49983e-04  1.49861e+00  5.50288e-04  9.99079e-01  9.99633e-01
 9.60000e+00  9.99447e-01  5.54994e-04  1.49862e+00  5.55301e-04  9.99082e-01  9.99635e-01
 9.70000e+00  9.99449e-01  5.59982e-04  1.49862e+00  5.60291e-04  9.99086e-01  9.99636e-01
 9.80000e+00  9.99452e-01  5.64947e-04  1.49863e+00  5.65257e-04  9.99090e-01  9.99638e-01
 9.90000e+00  9.99454e-01  5.69887e-04  1.49863e+00  5.70198e-04  9.99093e-01  9.99639e-01
 1.00000e+01  9.99456e-01  5.74803e-04  1.49864e+00  5.75115e-04  9.99097e-01  9.99641e-01
 1.01000e+01  9.99459e-01  5.79694e-04  1.49865e+00  5.80008e-04  9.99101e-01  9.99642e-01
 1.02000e+01  9.99461e-01  5.84561e-04  1.49865e+00  5.84876e-04  9.99105e-01  9.99644e-01
 1.03000e+01  9.99463e-01  5.89403e-04  1.49866e+00  5.89720e-04  9.99109e-01  9.99646e-01
 1.04000e+01  9.99466e-01  5.94220e-04  1.49866e+00  5.94538e-04  9.99113e-01  9.99647e-01
 1.05000e+01  9.99468e-01  5.99012e-04  1.49867e+00  5.99330e-04  9.99117e-01  9.99649e-01
 1.06000e+01  9.99470e-01  6.03778e-04  1.49868e+00  6.04098e-04  9.99121e-01  9.99650e-01
 1.07000e+01  9.99473e-01  6.08519e-04  1.49868e+00  6.08840e-04  9.99125e-01  9.99652e-01
 1.08000e+01  9.99475e-01  6.13233e-04  1.49869e+00  6.13555e-04  9.99129e-01  9.99654e-01
 1.09000e+01  9.99478e-01  6.17922e-04  1.49870e+00  6.18245e-04  9.99133e-01  9.99655e-01
 1.10000e+01  9.99480e-01  6.22585e-04  1.49870e+00  6.22909e-04  9.99138e-01  9.99657e-01
 1.11000e+01  9.99483e-01  6.27221e-04  1.49871e+00  6.27546e-04  9.99142e-01  9.99659e-01
 1.12000e+01  9.99486e-01  6.31831e-04  1.49871e+00  6.32156e-04  9.99146e-01  9.99660e-01
 1.13000e+01  9.99488e-01  6.36414e-04  1.49872e+00  6.36740e-04  9.99150e-01  9.99662e-01
 1.14000e+01  9.99491e-01  6.40970e-04  1.49873e+00  6.41296e-04  9.99155e-01  9.99664e-01
 1.15000e+01  9.99493e-01  6.45499e-04  1.49873e+00  6.45826e-04  9.99159e-01  9.99665e-01
 1.16000e+01  9.99496e-01  6.50000e-04  1.49874e+00  6.50328e-04  9.99163e-01  9.99667e-01
 1.17000e+01  9.99499e-01  6.54474e-04  1.49875e+00  6.54802e-04  9.99168e-01  9.99669e-01
 1.18000e+01  9.99501e-01  6.58921e-04  1.49875e+00  6.59249e-04  9.99172e-01  9.99671e-01
 1.19000e+01  9.99504e-01  6.63339e-04  1.49876e+00  6.63668e-04  9.99177e-01  9.99673e-01
 1.20000e+01  9.99507e-01  6.67730e-04  1.49877e+00  6.68059e-04  9.99181e-01  9.99674e-01
 1.21000e+01  9.99509e-01  6.72092e-04  1.49877e+00  6.72422e-04  9.99186e-01  9.99676e-01
 1.22000e+01  9.99512e-01  6.76426e-04  1.49878e+00  6.76756e-04  9.99190e-01  9.99678e-01
 1.23000e+01  9.99515e-01  6.80731e-04  1.49879e+00  6.81061e-04  9.99195e-01  9.99680e-01
 1.24000e+01  9.99518e-01  6.85008e-04  1.49879e+00  6.85338e-04  9.99199e-01  9.99682e-01
 1.25000e+01  9.99521e-01  6.89255e-04  1.49880e+00  6.89586e-04  9.99204e-01  9.99683e-01
 1.26000e+01  9.99523e-01  6.93474e-04  1.49881e+00  6.93805e-04  9.99209e-01  9.99685e-01
 1.27000e+01  9.99526e-01  6.97664e-04  1.49882e+00  6.97994e-04  9.99214e-01  9.99687e-01
 1.28000e+01  9.99529e-01  7.01824e-04  1.49882e+00  7.02154e-04  9.99218e-01  9.99689e-01
 1.29000e+01  9.99532e-01  7.05954e-04  1.49883e+00  7.06285e-04  9.99223e-01  9.99691e-01
 1.30000e+01  9.99535e-01  7.10055e-04  1.49884e+00  7.10385e-04  9.99228e-01  9.99693e-01
 1.31000e+01  9.99538e-01  7.14126e-04  1.49884e+00  7.14456e-04  9.99233e-01  9.99695e-01
 1.32000e+01  9.99541e-01  7.18167e-04  1.49885e+00  7.18497e-04  9.99238e-01  9.99697e-01
 1.33000e+01  9.99544e-01  7.22178e-04  1.49886e+00  7.22507e-04  9.99243e-01  9.99699e-01
 1.34000e+01  9.99547e-01  7.26158e-04  1.49887e+00  7.26487e-04  9.99248e-01  9.99701e-01
 1.35000e+01  9.99550e-01  7.30108e-04  1.49887e+00  7.30437e-04  9.99253e-01  9.99703e-01
 1.36000e+01  9.99553e-01  7.34027e-04  1.49888e+00  7.34355e-04  9.99258e-01  9.99705e-01
 1.37000e+01  9.99556e-01  7.37915e-04  1.49889e+00  7.38243e-04  9.99263e-01  9.99707e-01
 1.38000e+01  9.99559e-01  7.41773e-04  1.49890e+00  7.42100e-04  9.99268e-01  9.99709e-01
 1.39000e+01  9.99562e-01  7.45599e-04  1.49890e+00  7.45926e-04  9.99273e-01  9.99711e-01
 1.40000e+01  9.99565e-01  7.49394e-04  1.49891e+00  7.49720e-04  9.99278e-01  9.99713e-01
 1.41000e+01  9.99568e-01  7.53158e-04  1.49892e+00  7.53483e-04  9.99283e-01  9.99715e-01
 1.42000e+01  9.99571e-01  7.56890e-04  1.49893e+00  7.57215e-04  9.99288e-01  9.99717e-01
 1.43000e+01  9.99574e-01  7.60590e-04  1.49894e+00  7.60914e-04  9.99293e-01  9.99719e-01
 1.44000e+01  9.99577e-01  7.64259e-04  1.49894e+00  7.64582e-04  9.99299e-01  9.99721e-01
 1.45000e+01  9.99581e-01  7.67895e-04  1.49895e+00  7.68218e-04  9.99304e-01  9.99723e-01
 1.46000e+01  9.99584e-01  7.71500e-04  1.49896e+00  7.71821e-04  9.99309e-01  9.99725e-01
 1.47000e+01  9.99587e-01  7.75072e-04  1.49897e+00  7.75392e-04  9.99315e-01  9.99727e-01
 1.48000e+01  9.99590e-01  7.78612e-04  1.49898e+00  7.78931e-04  9.99320e-01  9.99730e-01
 1.49000e+01  9.99593e-01  7.82119e-04  1.49898e+00  7.82438e-04  9.99325e-01  9.99732e-01
 1.50000e+01  9.99597e-01  7.85594e-04  1.49899e+00  7.85911e-04  9.99331e-01  9.99734e-01
 1.51000e+01  9.99600e-01  7.89036e-04  1.49900e+00  7.89352e-04  9.99336e-01  9.99736e-01
 1.52000e+01  9.99603e-01  7.92445e-04  1.49901e+00  7.92760e-04  9.99342e-01  9.99738e-01
 1.53000e+01  9.99607e-01  7.95821e-04  1.49902e+00  7.96134e-04  9.99347e-01  9.99740e-01
 1.54000e+01  9.99610e-01  7.99164e-04  1.49902e+00  7.99476e-04  9.99353e-01  9.99743e-01
 1.55000e+01  9.99613e-01  8.02473e-04  1.49903e+00  8.02784e-04  9.99358e-01  9.99745e-01
 1.56000e+01  9.99617e-01  8.05750e-04  1.49904e+00  8.06059e-04  9.99364e-01  9.99747e-01
 1.57000e+01  9.99620e-01  8.08992e-04  1.49905e+00  8.09300e-04  9.99369e-01  9.99749e-01
 1.58000e+01  9.99623e-01  8.12201e-04  1.49906e+00  8.12507e-04  9.99375e-01  9.99751e-01
 1.59000e+01  9.99627e-01  8.15376e-04  1.49907e+00  8.15681e-04  9.99381e-01  9.99754e-01
 1.60000e+01  9.99630e-01  8.18518e-04  1.49908e+00  8.18820e-04  9.99386e-01  9.99756e-01
 1.61000e+01  9.99634e-01  8.21625e-04  1.49908e+00  8.21926e-04  9.99392e-01  9.99758e-01
 1.62000e+01  9.99637e-01  8.24698e-04  1.49909e+00  8.24997e-04  9.99398e-01  9.99761e-01
 1.63000e+01  9.99640e-01  8.27737e-04  1.49910e+00  8.28035e-04  9.99403e-01  9.99763e-01
 1.64000e+01  9.99644e-01  8.30742e-04  1.49911e+00  8.31037e-04  9.99409e-01  9.99765e-01
 1.65000e+01  9.99647e-01  8.33712e-04  1.49912e+00  8.34006e-04  9.99415e-01  9.99767e-01
 1.66000e+01  9.99651e-01  8.36647e-04  1.49913e+00  8.36940e-04  9.99421e-01  9.99770e-01
 1.67000e+01  9.99654e-01  8.39548e-04  1.49914e+00  8.39839e-04  9.99427e-01  9.99772e-01
 1.68000e+01  9.99658e-01  8.42415e-04  1.49915e+00  8.42703e-04  9.99433e-01  9.99774e-01
 1.69000e+01  9.99662e-01  8.45246e-04  1.49915e+00  8.45532e-04  9.99438e-01  9.99777e-01
 1.70000e+01  9.99665e-01  8.48043e-04  1.49916e+00  8.48327e-04  9.99444e-01  9.99779e-01
 1.71000e+01  9.99669e-01  8.50804e-04  1.49917e+00  8.51086e-04  9.99450e-01  9.99781e-01
 1.72000e+01  9.99672e-01  8.53530e-04  1.49918e+00  8.53810e-04  9.99456e-01  9.99784e-01
 1.73000e+01  9.99676e-01  8.56221e-04  1.49919e+00  8.56499e-04  9.99462e-01  9.99786e-01
 1.74000e+01  9.99680e-01  8.58877e-04  1.49920e+00  8.59152e-04  9.99468e-01  9.99789e-01
 1.75000e+01  9.99683e-01  8.61497e-04  1.49921e+00  8.61770e-04  9.99474e-01  9.99791e-01
 1.76000e+01  9.99687e-01  8.64082e-04  1.49922e+00  8.64352e-04  9.99480e-01  9.99793e-01
 1.77000e+01  9.99690e-01  8.66631e-04  1.49923e+00  8.66899e-04  9.99486e-01  9.99796e-01
 1.78000e+01  9.99694e-01  8.69144e-04  1.49924e+00  8.69410e-04  9.99493e-01  9.99798e-01
 1.79000e+01  9.99698e-01  8.71622e-04  1.49924e+00  8.71885e-04  9.99499e-01  9.99801e-01
 1.80000e+01  9.99702e-01  8.74063e-04  1.49925e+00  8.74324e-04  9.99505e-01  9.99803e-01
 1.81000e+01  9.99705e-01  8.76469e-04  1.49926e+00  8.76728e-04  9.99511e-01  9.99806e-01
 1.82000e+01  9.99709e-01  8.78839e-04  1.49927e+00  8.79095e-04  9.99517e-01  9.99808e-01
 1.83000e+01  9.99713e-01  8.81173e-04  1.49928e+00  8.81426e-04  9.99523e-01  9.99811e-01
 1.84000e+01  9.99716e-01  8.83470e-04  1.49929e+00  8.83721e-04  9.99530e-01  9.99813e-01
 1.85000e+01  9.99720e-01  8.85731e-04  1.49930e+00  8.85979e-04  9.99536e-01  9.99816e-01
 1.86000e+01  9.99724e-01  8.87956e-04  1.49931e+00  8.88201e-04  9.99542e-01  9.99818e-01
 1.87000e+01  9.99728e-01  8.90145e-04  1.49932e+00  8.90387e-04  9.99548e-01  9.99821e-01
 1.88000e+01  9.99732e-01  8.92297e-04  1.49933e+00  8.92536e-04  9.99555e-01  9.99823e-01
 1.89000e+01  9.99735e-01  8.94412e-04  1.49934e+00  8.94649e-04  9.99561e-01  9.99826e-01
 1.90000e+01  9.99739e-01  8.96491e-04  1.49935e+00  8.96725e-04  9.99567e-01  9.99828e-01
 1.91000e+01  9.99743e-01  8.98533e-04  1.49936e+00  8.98764e-04  9.99574e-01  9.99831e-01
 1.92000e+01  9.99747e-01  9.00538e-04  1.49937e+00  9.00766e-04  9.99580e-01  9.99833e-01
 1.93000e+01  9.99751e-01  9.02507e-04  1.49938e+00  9.02732e-04  9.99587e-01  9.99836e-01
 1.94000e+01  9.99755e-01  9.04439e-04  1.49939e+00  9.04661e-04  9.99593e-01  9.99838e-01
 1.95000e+01  9.99759e-01  9.06334e-04  1.49940e+00  9.06552e-04  9.99599e-01  9.99841e-01
 1.96000e+01  9.99762e-01  9.08191e-04  1.49941e+00  9.08407e-04  9.99606e-01  9.99843e-01
 1.97000e+01  9.99766e-01  9.10012e-04  1.49942e+00  9.10225e-04  9.99612e-01  9.99846e-01
 1.98000e+01  9.99770e-01  9.11796e-04  1.49943e+00  9.12005e-04  9.99619e-01  9.99849e-01
 1.99000e+01  9.99774e-01  9.13543e-04  1.49944e+00  9.13749e-04  9.99625e-01  9.99851e-01
 2.00000e+01  9.99778e-01  9.15252e-04  1.49945e+00  9.15455e-04  9.99632e-01  9.99854e-01
 2.01000e+01  9.99782e-01  9.16924e-04  1.49946e+00  9.17124e-04  9.99639e-01  9.99856e-01
 2.02000e+01  9.99786e-01  9.18559e-04  1.49947e+00  9.18755e-04  9.99645e-01  9.99859e-01
 2.03000e+01  9.99790e-01  9.20156e-04  1.49948e+00  9.20350e-04  9.99652e-01  9.99862e-01
 2.04000e+01  9.99794e-01  9.21717e-04  1.49949e+00  9.21907e-04  9.99658e-01  9.99864e-01
 2.05000e+01  9.99798e-01  9.23239e-04  1.49950e+00  9.23426e-04  9.99665e-01  9.99867e-01
 2.06000e+01  9.99802e-01  9.24725e-04  1.49951e+00  9.24908e-04  9.99672e-01  9.99870e-01
 2.07000e+01  9.99806e-01  9.26172e-04  1.49952e+00  9.26352e-04  9.99678e-01  9.99872e-01
 2.08000e+01  9.99810e-01  9.27583e-04  1.49953e+00  9.27759e-04  9.99685e-01  9.99875e-01
 2.09000e+01  9.99814e-01  9.28955e-04  1.49954e+00  9.29128e-04  9.99692e-01  9.99878e-01
 2.10000e+01  9.99818e-01  9.30290e-04  1.49955e+00  9.30460e-04  9.99698e-01  9.99880e-01
 2.11000e+01  9.99822e-01  9.31588e-04  1.49956e+00  9.31753e-04  9.99705e-01  9.99883e-01
 2.12000e+01  9.99826e-01  9.32847e-04  1.49957e+00  9.33010e-04  9.99712e-01  9.99886e-01
 2.13000e+01  9.99830e-01  9.34069e-04  1.49958e+00  9.34228e-04  9.99718e-01  9.99888e-01
 2.14000e+01  9.99834e-01  9.35254e-04  1.49959e+00  9.35409e-04  9.99725e-01  9.99891e-01
 2.15000e+01  9.99838e-01  9.36400e-04  1.49960e+00  9.36552e-04  9.99732e-01  9.99894e-01
 2.16000e+01  9.99842e-01  9.37509e-04  1.49961e+00  9.37657e-04  9.99739e-01  9.99896e-01
 2.17000e+01  9.99847e-01  9.38580e-04  1.49962e+00  9.38724e-04  9.99746e-01  9.99899e-01
 2.18000e+01  9.99851e-01  9.39613e-04  1.49963e+00  9.39753e-04  9.99752e-01  9.99902e-01
 2.19000e+01  9.99855e-01  9.40608e-04  1.49964e+00  9.40745e-04  9.99759e-01  9.99904e-01
 2.20000e+01  9.99859e-01  9.41566e-04  1.49965e+00  9.41699e-04  9.99766e-01  9.99907e-01
 2.21000e+01  9.99863e-01  9.42485e-04  1.49966e+00  9.42615e-04  9.99773e-01  9.99910e-01
 2.22000e+01  9.99867e-01  9.43367e-04  1.49967e+00  9.43492e-04  9.99780e-01  9.99913e-01
 2.23000e+01  9.99871e-01  9.44211e-04  1.49968e+00  9.44332e-04  9.99787e-01  9.99915e-01
 2.24000e+01  9.99875e-01  9.45017e-04  1.49969e+00  9.45134e-04  9.99793e-01  9.99918e-01
 2.25000e+01  9.99880e-01  9.45785e-04  1.49970e+00  9.45899e-04  9.99800e-01  9.99921e-01
 2.26000e+01  9.99884e-01  9.46515e-04  1.49971e+00  9.46625e-04  9.99807e-01  9.99924e-01
 2.27000e+01  9.99888e-01  9.47207e-04  1.49972e+00  9.47313e-04  9.99814e-01  9.99926e-01
 2.28000e+01  9.99892e-01  9.47861e-04  1.49973e+00  9.47963e-04  9.99821e-01  9.99929e-01
 2.29000e+01  9.99896e-01  9.48477e-04  1.49974e+00  9.48575e-04  9.99828e-01  9.99932e-01
 2.30000e+01  9.99900e-01  9.49055e-04  1.49975e+00  9.49150e-04  9.99835e-01  9.99935e-01
 2.31000e+01  9.99905e-01  9.49595e-04  1.49976e+00  9.49686e-04  9.99842e-01  9.99937e-01
 2.32000e+01  9.99909e-01  9.50098e-04  1.49977e+00  9.50184e-04  9.99849e-01  9.99940e-01
 2.33000e+01  9.99913e-01  9.50562e-04  1.49978e+00  9.50645e-04  9.99856e-01  9.99943e-01
 2.34000e+01  9.99917e-01  9.50988e-04  1.49979e+00  9.51067e-04  9.99863e-01  9.99946e-01
 2.35000e+01  9.99921e-01  9.51377e-04  1.49980e+00  9.51452e-04  9.99870e-01  9.99948e-01
 2.36000e+01  9.99926e-01  9.51728e-04  1.49981e+00  9.51798e-04  9.99877e-01  9.99951e-01
 2.37000e+01  9.99930e-01  9.52040e-04  1.49982e+00  9.52107e-04  9.99884e-01  9.99954e-01
 2.38000e+01  9.99934e-01  9.52315e-04  1.49984e+00  9.52378e-04  9.99891e-01  9.99957e-01
 2.39000e+01  9.99938e-01  9.52552e-04  1.49985e+00  9.52611e-04  9.99898e-01  9.99960e-01
 2.40000e+01  9.99942e-01  9.52751e-04  1.49986e+00  9.52805e-04  9.99905e-01  9.99962e-01
 2.41000e+01  9.99947e-01  9.52912e-04  1.49987e+00  9.52962e-04  9.99912e-01  9.99965e-01
 2.42000e+01  9.99951e-01  9.53035e-04  1.49988e+00  9.53082e-04  9.99919e-01  9.99968e-01
 2.43000e+01  9.99955e-01  9.53120e-04  1.49989e+00  9.53163e-04  9.99926e-01  9.99971e-01
 2.44000e+01  9.99959e-01  9.53168e-04  1.49990e+00  9.53207e-04  9.99933e-01  9.99974e-01
 2.45000e+01  9.99964e-01  9.53178e-04  1.49991e+00  9.53212e-04  9.99940e-01  9.99976e-01
 2.46000e+01  9.99968e-01  9.53150e-04  1.49992e+00  9.53180e-04  9.99947e-01  9.99979e-01
 2.47000e+01  9.99972e-01  9.53084e-04  1.49993e+00  9.53110e-04  9.99954e-01  9.99982e-01
 2.48000e+01  9.99976e-01  9.52981e-04  1.49994e+00  9.53003e-04  9.99961e-01  9.99985e-01
 2.49000e+01  9.99981e-01  9.52839e-04  1.49995e+00  9.52858e-04  9.99968e-01  9.99988e-01
 2.50000e+01  9.99985e-01  9.52661e-04  1.49996e+00  9.52675e-04  9.99975e-01  9.99990e-01
 2.51000e+01  9.99989e-01  9.52444e-04  1.49997e+00  9.52454e-04  9.99982e-01  9.99993e-01
 2.52000e+01  9.99993e-01  9.52190e-04  1.49998e+00  9.52196e-04  9.99989e-01  9.99996e-01
 2.53000e+01  9.99998e-01  9.51899e-04  1.49999e+00  9.51901e-04  9.99997e-01  9.99999e-01
 2.54000e+01  1.00000e+00  9.51569e-04  1.50001e+00  9.51568e-04  1.00000e+00  1.00000e+00
 2.55000e+01  1.00001e+00  9.51203e-04  1.50002e+00  9.51197e-04  1.00001e+00  1.00000e+00
 2.56000e+01  1.00001e+00  9.50799e-04  1.50003e+00  9.50789e-04  1.00002e+00  1.00001e+00
 2.57000e+01  1.00001e+00  9.50357e-04  1.50004e+00  9.50343e-04  1.00002e+00  1.00001e+00
 2.58000e+01  1.00002e+00  9.49878e-04  1.50005e+00  9.49860e-04  1.00003e+00  1.00001e+00
 2.59000e+01  1.00002e+00  9.49362e-04  1.50006e+00  9.49340e-04  1.00004e+00  1.00002e+00
 2.60000e+01  1.00003e+00  9.48809e-04  1.50007e+00  9.48782e-04  1.00005e+00  1.00002e+00
 2.61000e+01  1.00003e+00  9.48218e-04  1.50008e+00  9.48188e-04  1.00005e+00  1.00002e+00
 2.62000e+01  1.00004e+00  9.47590e-04  1.50009e+00  9.47556e-04  1.00006e+00  1.00002e+00
 2.63000e+01  1.00004e+00  9.46925e-04  1.50010e+00  9.46887e-04  1.00007e+00  1.00003e+00
 2.64000e+01  1.00004e+00  9.46223e-04  1.50011e+00  9.46180e-04  1.00007e+00  1.00003e+00
 2.65000e+01  1.00005e+00  9.45484e-04  1.50012e+00  9.45437e-04  1.00008e+00  1.00003e+00
 2.66000e+01  1.00005e+00  9.44707e-04  1.50013e+00  9.44657e-04  1.00009e+00  1.00004e+00
 2.67000e+01  1.00006e+00  9.43894e-04  1.50014e+00  9.43840e-04  1.00010e+00  1.00004e+00
 2.68000e+01  1.00006e+00  9.43044e-04  1.50015e+00  9.42986e-04  1.00010e+00  1.00004e+00
 2.69000e+01  1.00007e+00  9.42157e-04  1.50017e+00  9.42095e-04  1.00011e+00  1.00004e+00
 2.70000e+01  1.00007e+00  9.41234e-04  1.50018e+00  9.41167e-04  1.00012e+00  1.00005e+00
 2.71000e+01  1.00007e+00  9.40273e-04  1.50019e+00  9.40203e-04  1.00012e+00  1.00005e+00
 2.72000e+01  1.00008e+00  9.39276e-04  1.50020e+00  9.39202e-04  1.00013e+00  1.00005e+00
 2.73000e+01  1.00008e+00  9.38243e-04  1.50021e+00  9.38164e-04  1.00014e+00  1.00006e+00
 2.74000e+01  1.00009e+00  9.37172e-04  1.50022e+00  9.37090e-04  1.00015e+00  1.00006e+00
 2.75000e+01  1.00009e+00  9.36066e-04  1.50023e+00  9.35980e-04  1.00015e+00  1.00006e+00
 2.76000e+01  1.00010e+00  9.34923e-04  1.50024e+00  9.34833e-04  1.00016e+00  1.00006e+00
 2.77000e+01  1.00010e+00  9.33743e-04  1.50025e+00  9.33650e-04  1.00017e+00  1.00007e+00
 2.78000e+01  1.00010e+00  9.32528e-04  1.50026e+00  9.32430e-04  1.00017e+00  1.00007e+00
 2.79000e+01  1.00011e+00  9.31276e-04  1.50027e+00  9.31175e-04  1.00018e+00  1.00007e+00
 2.80000e+01  1.00011e+00  9.29988e-04  1.50028e+00  9.29883e-04  1.00019e+00  1.00007e+00
 2.81000e+01  1.00012e+00  9.28664e-04  1.50029e+00  9.28555e-04  1.00020e+00  1.00008e+00
 2.82000e+01  1.00012e+00  9.27304e-04  1.50030e+00  9.27192e-04  1.00020e+00  1.00008e+00
 2.83000e+01  1.00013e+00  9.25909e-04  1.50031e+00  9.25792e-04  1.00021e+00  1.00008e+00
 2.84000e+01  1.00013e+00  9.24477e-04  1.50033e+00  9.24357e-04  1.00022e+00  1.00009e+00
 2.85000e+01  1.00013e+00  9.23009e-04  1.50034e+00  9.22885e-04  1.00022e+00  1.00009e+00
 2.86000e+01  1.00014e+00  9.21506e-04  1.50035e+00  9.21379e-04  1.00023e+00  1.00009e+00
 2.87000e+01  1.00014e+00  9.19968e-04  1.50036e+00  9.19836e-04  1.00024e+00  1.00009e+00
 2.88000e+01  1.00015e+00  9.18394e-04  1.50037e+00  9.18259e-04  1.00024e+00  1.00010e+00
 2.89000e+01  1.00015e+00  9.16784e-04  1.50038e+00  9.16645e-04  1.00025e+00  1.00010e+00
 2.90000e+01  1.00016e+00  9.15139e-04  1.50039e+00  9.14997e-04  1.00026e+00  1.00010e+00
 2.91000e+01  1.00016e+00  9.13459e-04  1.50040e+00  9.13313e-04  1.00027e+00  1.00011e+00
 2.92000e+01  1.00016e+00  9.11744e-04  1.50041e+00  9.11594e-04  1.00027e+00  1.00011e+00
 2.93000e+01  1.00017e+00  9.09994e-04  1.50042e+00  9.09841e-04  1.00028e+00  1.00011e+00
 2.94000e+01  1.00017e+00  9.08208e-04  1.50043e+00  9.08052e-04  1.00029e+00  1.00011e+00
 2.95000e+01  1.00018e+00  9.06388e-04  1.50044e+00  9.06228e-04  1.00029e+00  1.00012e+00
 2.96000e+01  1.00018e+00  9.04533e-04  1.50045e+00  9.04370e-04  1.00030e+00  1.00012e+00
 2.97000e+01  1.00018e+00  9.02643e-04  1.50046e+00  9.02476e-04  1.00031e+00  1.00012e+00
 2.98000e+01  1.00019e+00  9.00719e-04  1.50047e+00  9.00549e-04  1.00031e+00  1.00013e+00
 2.99000e+01  1.00019e+00  8.98760e-04  1.50048e+00  8.98586e-04  1.00032e+00  1.00013e+00
 3.00000e+01  1.00020e+00  8.96767e-04  1.50049e+00  8.96590e-04  1.00033e+00  1.00013e+00
 3.01000e+01  1.00020e+00  8.94739e-04  1.50050e+00  8.94559e-04  1.00034e+00  1.00013e+00
 3.02000e+01  1.00021e+00  8.92678e-04  1.50051e+00  8.92494e-04  1.00034e+00  1.00014e+00
 3.03000e+01  1.00021e+00  8.90582e-04  1.50052e+00  8.90395e-04  1.00035e+00  1.00014e+00
 3.04000e+01  1.00021e+00  8.88452e-04  1.50054e+00  8.88262e-04  1.00036e+00  1.00014e+00
 3.05000e+01  1.00022e+00  8.86288e-04  1.50055e+00  8.86094e-04  1.00036e+00  1.00014e+00
 3.06000e+01  1.00022e+00  8.84090e-04  1.50056e+00  8.83894e-04  1.00037e+00  1.00015e+00
 3.07000e+01  1.00023e+00  8.81859e-04  1.50057e+00  8.81659e-04  1.00038e+00  1.00015e+00
 3.08000e+01  1.00023e+00  8.79594e-04  1.50058e+00  8.79391e-04  1.00038e+00  1.00015e+00
 3.09000e+01  1.00023e+00  8.77295e-04  1.50059e+00  8.77090e-04  1.00039e+00  1.00016e+00
 3.10000e+01  1.00024e+00  8.74964e-04  1.50060e+00  8.74755e-04  1.00040e+00  1.00016e+00
 3.11000e+01  1.00024e+00  8.72598e-04  1.50061e+00  8.72387e-04  1.00040e+00  1.00016e+00
 3.12000e+01  1.00025e+00  8.70200e-04  1.50062e+00  8.69985e-04  1.00041e+00  1.00016e+00
 3.13000e+01  1.00025e+00  8.67769e-04  1.50063e+00  8.67551e-04  1.00042e+00  1.00017e+00
 3.14000e+01  1.00026e+00  8.65305e-04  1.50064e+00  8.65084e-04  1.00042e+00  1.00017e+00
 3.15000e+01  1.00026e+00  8.62807e-04  1.50065e+00  8.62584e-04  1.00043e+00  1.00017e+00
 3.16000e+01  1.00026e+00  8.60278e-04  1.50066e+00  8.60051e-04  1.00044e+00  1.00017e+00
 3.17000e+01  1.00027e+00  8.57715e-04  1.50067e+00  8.57486e-04  1.00044e+00  1.00018e+00
 3.18000e+01  1.00027e+00  8.55120e-04  1.50068e+00  8.54889e-04  1.00045e+00  1.00018e+00
 3.19000e+01  1.00028e+00  8.52493e-04  1.50069e+00  8.52259e-04  1.00046e+00  1.00018e+00
 3.20000e+01  1.00028e+00  8.49834e-04  1.50070e+00  8.49596e-04  1.00046e+00  1.00018e+00
 3.21000e+01  1.00028e+00  8.47142e-04  1.50071e+00  8.46902e-04  1.00047e+00  1.00019e+00
 3.22000e+01  1.00029e+00  8.44418e-04  1.50072e+00  8.44176e-04  1.00048e+00  1.00019e+00
 3.23000e+01  1.00029e+00  8.41663e-04  1.50073e+00  8.41418e-04  1.00048e+00  1.00019e+00
 3.24000e+01  1.00030e+00  8.38876e-04  1.50074e+00  8.38628e-04  1.00049e+00  1.00019e+00
 3.25000e+01  1.00030e+00  8.36057e-04  1.50075e+00  8.35807e-04  1.00050e+00  1.00020e+00
 3.26000e+01  1.00030e+00  8.33207e-04  1.50076e+00  8.32954e-04  1.00050e+00  1.00020e+00
 3.27000e+01  1.00031e+00  8.30325e-04  1.50077e+00  8.30070e-04  1.00051e+00  1.00020e+00
 3.28000e+01  1.00031e+00  8.27412e-04  1.50078e+00  8.27155e-04  1.00052e+00  1.00021e+00
 3.29000e+01  1.00031e+00  8.24468e-04  1.50079e+00  8.24208e-04  1.00052e+00  1.00021e+00
 3.30000e+01  1.00032e+00  8.21493e-04  1.50080e+00  8.21231e-04  1.00053e+00  1.00021e+00
 3.31000e+01  1.00032e+00  8.18487e-04  1.50081e+00  8.18223e-04  1.00054e+00  1.00021e+00
 3.32000e+01  1.00033e+00  8.15450e-04  1.50082e+00  8.15184e-04  1.00054e+00  1.00022e+00
 3.33000e+01  1.00033e+00  8.12383e-04  1.50083e+00  8.12115e-04  1.00055e+00  1.00022e+00
 3.34000e+01  1.00033e+00  8.09285e-04  1.50084e+00  8.09015e-04  1.00056e+00  1.00022e+00
 3.35000e+01  1.00034e+00  8.06157e-04  1.50085e+00  8.05885e-04  1.00056e+00  1.00022e+00
 3.36000e+01  1.00034e+00  8.02999e-04  1.50085e+00  8.02724e-04  1.00057e+00  1.00023e+00
 3.37000e+01  1.00035e+00  7.99811e-04  1.50086e+00  7.99534e-04  1.00057e+00  1.00023e+00
 3.38000e+01  1.00035e+00  7.96592e-04  1.50087e+00  7.96314e-04  1.00058e+00  1.00023e+00
 3.39000e+01  1.00035e+00  7.93344e-04  1.50088e+00  7.93064e-04  1.00059e+00  1.00023e+00
 3.40000e+01  1.00036e+00  7.90067e-04  1.50089e+00  7.89785e-04  1.00059e+00  1.00024e+00
 3.41000e+01  1.00036e+00  7.86760e-04  1.50090e+00  7.86476e-04  1.00060e+00  1.00024e+00
 3.42000e+01  1.00036e+00  7.83423e-04  1.50091e+00  7.83138e-04  1.00061e+00  1.00024e+00
 3.43000e+01  1.00037e+00  7.80057e-04  1.50092e+00  7.79770e-04  1.00061e+00  1.00024e+00
 3.44000e+01  1.00037e+00  7.76663e-04  1.50093e+00  7.76374e-04  1.00062e+00  1.00025e+00
 3.45000e+01  1.00038e+00  7.73239e-04  1.50094e+00  7.72948e-04  1.00062e+00  1.00025e+00
 3.46000e+01  1.00038e+00  7.69786e-04  1.50095e+00  7.69494e-04  1.00063e+00  1.00025e+00
 3.47000e+01  1.00038e+00  7.66305e-04  1.50096e+00  7.66012e-04  1.00064e+00  1.00025e+00
 3.48000e+01  1.00039e+00  7.62796e-04  1.50097e+00  7.62501e-04  1.00064e+00  1.00026e+00
 3.49000e+01  1.00039e+00  7.59258e-04  1.50098e+00  7.58961e-04  1.00065e+00  1.00026e+00
 3.50000e+01  1.00039e+00  7.55691e-04  1.50099e+00  7.55394e-04  1.00065e+00  1.00026e+00
 3.51000e+01  1.00040e+00  7.52097e-04  1.50099e+00  7.51798e-04  1.00066e+00  1.00026e+00
 3.52000e+01  1.00040e+00  7.48475e-04  1.50100e+00  7.48175e-04  1.00067e+00  1.00026e+00
 3.53000e+01  1.00040e+00  7.44825e-04  1.50101e+00  7.44524e-04  1.00067e+00  1.00027e+00
 3.54000e+01  1.00041e+00  7.41147e-04  1.50102e+00  7.40845e-04  1.00068e+00  1.00027e+00
 3.55000e+01  1.00041e+00  7.37442e-04  1.50103e+00  7.37139e-04  1.00068e+00  1.00027e+00
 3.56000e+01  1.00042e+00  7.33710e-04  1.50104e+00  7.33405e-04  1.00069e+00  1.00027e+00
 3.57000e+01  1.00042e+00  7.29951e-04  1.50105e+00  7.29645e-04  1.00070e+00  1.00028e+00
 3.58000e+01  1.00042e+00  7.26164e-04  1.50106e+00  7.25858e-04  1.00070e+00  1.00028e+00
 3.59000e+01  1.00043e+00  7.22351e-04  1.50107e+00  7.22043e-04  1.00071e+00  1.00028e+00
 3.60000e+01  1.00043e+00  7.18511e-04  1.50107e+00  7.18203e-04  1.00071e+00  1.00028e+00
 3.61000e+01  1.00043e+00  7.14645e-04  1.50108e+00  7.14335e-04  1.00072e+00  1.00029e+00
 3.62000e+01  1.00044e+00  7.10752e-04  1.50109e+00  7.10442e-04  1.00072e+00  1.00029e+00
 3.63000e+01  1.00044e+00  7.06833e-04  1.50110e+00  7.06522e-04  1.00073e+00  1.00029e+00
 3.64000e+01  1.00044e+00  7.02888e-04  1.50111e+00  7.02576e-04  1.00074e+00  1.00029e+00
 3.65000e+01  1.00045e+00  6.98917e-04  1.50112e+00  6.98605e-04  1.00074e+00  1.00029e+00
 3.66000e+01  1.00045e+00  6.94920e-04  1.50113e+00  6.94607e-04  1.00075e+00  1.00030e+00
 3.67000e+01  1.00045e+00  6.90898e-04  1.50113e+00  6.90584e-04  1.00075e+00  1.00030e+00
 3.68000e+01  1.00046e+00  6.86850e-04  1.50114e+00  6.86536e-04  1.00076e+00  1.00030e+00
 3.69000e+01  1.00046e+00  6.82777e-04  1.50115e+00  6.82463e-04  1.00076e+00  1.00030e+00
 3.70000e+01  1.00046e+00  6.78679e-04  1.50116e+00  6.78365e-04  1.00077e+00  1.00031e+00
 3.71000e+01  1.00047e+00  6.74556e-04  1.50117e+00  6.74241e-04  1.00077e+00  1.00031e+00
 3.72000e+01  1.00047e+00  6.70408e-04  1.50117e+00  6.70093e-04  1.00078e+00  1.00031e+00
 3.73000e+01  1.00047e+00  6.66236e-04  1.50118e+00  6.65921e-04  1.00079e+00  1.00031e+00
 3.74000e+01  1.00048e+00  6.62039e-04  1.50119e+00  6.61724e-04  1.00079e+00  1.00031e+00
 3.75000e+01  1.00048e+00  6.57818e-04  1.50120e+00  6.57503e-04  1.00080e+00  1.00032e+00
 3.76000e+01  1.00048e+00  6.53573e-04  1.50121e+00  6.53258e-04  1.00080e+00  1.00032e+00
 3.77000e+01  1.00049e+00  6.49304e-04  1.50121e+00  6.48989e-04  1.00081e+00  1.00032e+00
 3.78000e+01  1.00049e+00  6.45011e-04  1.50122e+00  6.44696e-04  1.00081e+00  1.00032e+00
 3.79000e+01  1.00049e+00  6.40695e-04  1.50123e+00  6.40380e-04  1.00082e+00  1.00032e+00
 3.80000e+01  1.00050e+00  6.36355e-04  1.50124e+00  6.36040e-04  1.00082e+00  1.00033e+00
 3.81000e+01  1.00050e+00  6.31992e-04  1.50125e+00  6.31677e-04  1.00083e+00  1.00033e+00
 3.82000e+01  1.00050e+00  6.27606e-04  1.50125e+00  6.27291e-04  1.00083e+00  1.00033e+00
 3.83000e+01  1.00050e+00  6.23197e-04  1.50126e+00  6.22883e-04  1.00084e+00  1.00033e+00
 3.84000e+01  1.00051e+00  6.18765e-04  1.50127e+00  6.18451e-04  1.00084e+00  1.00033e+00
 3.85000e+01  1.00051e+00  6.14311e-04  1.50128e+00  6.13997e-04  1.00085e+00  1.00034e+00
 3.86000e+01  1.00051e+00  6.09834e-04  1.50128e+00  6.09521e-04  1.00085e+00  1.00034e+00
 3.87000e+01  1.00052e+00  6.05335e-04  1.50129e+00  6.05023e-04  1.00086e+00  1.00034e+00
 3.88000e+01  1.00052e+00  6.00814e-04  1.50130e+00  6.00502e-04  1.00086e+00  1.00034e+00
 3.89000e+01  1.00052e+00  5.96271e-04  1.50131e+00  5.95960e-04  1.00087e+00  1.00034e+00
 3.90000e+01  1.00053e+00  5.91707e-04  1.50131e+00  5.91396e-04  1.00087e+00  1.00035e+00
 3.91000e+01  1.00053e+00  5.87121e-04  1.50132e+00  5.86811e-04  1.00088e+00  1.00035e+00
 3.92000e+01  1.00053e+00  5.82514e-04  1.50133e+00  5.82204e-04  1.00088e+00  1.00035e+00
 3.93000e+01  1.00053e+00  5.77885e-04  1.50133e+00  5.77577e-04  1.00089e+00  1.00035e+00
 3.94000e+01  1.00054e+00  5.73236e-04  1.50134e+00  5.72928e-04  1.00089e+00  1.00035e+00
 3.95000e+01  1.00054e+00  5.68565e-04  1.50135e+00  5.68259e-04  1.00090e+00  1.00036e+00
 3.96000e+01  1.00054e+00  5.63874e-04  1.50136e+00  5.63569e-04  1.00090e+00  1.00036e+00
 3.97000e+01  1.00054e+00  5.59163e-04  1.50136e+00  5.58858e-04  1.00090e+00  1.00036e+00
 3.98000e+01  1.00055e+00  5.54431e-04  1.50137e+00  5.54128e-04  1.00091e+00  1.00036e+00
 3.99000e+01  1.00055e+00  5.49680e-04  1.50138e+00  5.49377e-04  1.00091e+00  1.00036e+00
 4.00000e+01  1.00055e+00  5.44908e-04  1.50138e+00  5.44607e-04  1.00092e+00  1.00036e+00
 4.01000e+01  1.00056e+00  5.40117e-04  1.50139e+00  5.39817e-04  1.00092e+00  1.00037e+00
 4.02000e+01  1.00056e+00  5.35306e-04  1.50140e+00  5.35007e-04  1.00093e+00  1.00037e+00
 4.03000e+01  1.00056e+00  5.30476e-04  1.50140e+00  5.30178e-04  1.00093e+00  1.00037e+00
 4.04000e+01  1.00056e+00  5.25626e-04  1.50141e+00  5.25330e-04  1.00094e+00  1.00037e+00
 4.05000e+01  1.00057e+00  5.20758e-04  1.50142e+00  5.20463e-04  1.00094e+00  1.00037e+00
 4.06000e+01  1.00057e+00  5.15870e-04  1.50142e+00  5.15577e-04  1.00094e+00  1.00038e+00
 4.07000e+01  1.00057e+00  5.10965e-04  1.50143e+00  5.10673e-04  1.00095e+00  1.00038e+00
 4.08000e+01  1.00057e+00  5.06040e-04  1.50143e+00  5.05750e-04  1.00095e+00  1.00038e+00
 4.09000e+01  1.00058e+00  5.01098e-04  1.50144e+00  5.00809e-04  1.00096e+00  1.00038e+00
 4.10000e+01  1.00058e+00  4.96137e-04  1.50145e+00  4.95850e-04  1.00096e+00  1.00038e+00
 4.11000e+01  1.00058e+00  4.91159e-04  1.50145e+00  4.90873e-04  1.00096e+00  1.00038e+00
 4.12000e+01  1.00058e+00  4.86163e-04  1.50146e+00  4.85879e-04  1.00097e+00  1.00039e+00
 4.13000e+01  1.00059e+00  4.81149e-04  1.50147e+00  4.80867e-04  1.00097e+00  1.00039e+00
 4.14000e+01  1.00059e+00  4.76118e-04  1.50147e+00  4.75838e-04  1.00098e+00  1.00039e+00
 4.15000e+01  1.00059e+00  4.71070e-04  1.50148e+00  4.70792e-04  1.00098e+00  1.00039e+00
 4.16000e+01  1.00059e+00  4.66005e-04  1.50148e+00  4.65728e-04  1.00098e+00  1.00039e+00
 4.17000e+01  1.00060e+00  4.60923e-04  1.50149e+00  4.60649e-04  1.00099e+00  1.00039e+00
 4.18000e+01  1.00060e+00  4.55824e-04  1.50149e+00  4.55552e-04  1.00099e+00  1.00039e+00
 4.19000e+01  1.00060e+00  4.50710e-04  1.50150e+00  4.50439e-04  1.00100e+00  1.00040e+00
 4.20000e+01  1.00060e+00  4.45579e-04  1.50151e+00  4.45311e-04  1.00100e+00  1.00040e+00
 4.21000e+01  1.00060e+00  4.40432e-04  1.50151e+00  4.40166e-04  1.00100e+00  1.00040e+00
 4.22000e+01  1.00061e+00  4.35269e-04  1.50152e+00  4.35005e-04  1.00101e+00  1.00040e+00
 4.23000e+01  1.00061e+00  4.30090e-04  1.50152e+00  4.29829e-04  1.00101e+00  1.00040e+00
 4.24000e+01  1.00061e+00  4.24897e-04  1.50153e+00  4.24637e-04  1.00101e+00  1.00040e+00
 4.25000e+01  1.00061e+00  4.19688e-04  1.50153e+00  4.19431e-04  1.00102e+00  1.00040e+00
 4.26000e+01  1.00061e+00  4.14463e-04  1.50154e+00  4.14209e-04  1.00102e+00  1.00041e+00
 4.27000e+01  1.00062e+00  4.09224e-04  1.50154e+00  4.08972e-04  1.00102e+00  1.00041e+00
 4.28000e+01  1.00062e+00  4.03971e-04  1.50155e+00  4.03721e-04  1.00103e+00  1.00041e+00
 4.29000e+01  1.00062e+00  3.98703e-04  1.50155e+00  3.98455e-04  1.00103e+00  1.00041e+00
 4.30000e+01  1.00062e+00  3.93420e-04  1.50156e+00  3.93175e-04  1.00103e+00  1.00041e+00
 4.31000e+01  1.00062e+00  3.88124e-04  1.50156e+00  3.87882e-04  1.00104e+00  1.00041e+00
 4.32000e+01  1.00063e+00  3.82814e-04  1.50157e+00  3.82574e-04  1.00104e+00  1.00041e+00
 4.33000e+01  1.00063e+00  3.77490e-04  1.50157e+00  3.77252e-04  1.00104e+00  1.00041e+00
 4.34000e+01  1.00063e+00  3.72152e-04  1.50158e+00  3.71918e-04  1.00105e+00  1.00042e+00
 4.35000e+01  1.00063e+00  3.66801e-04  1.50158e+00  3.66569e-04  1.00105e+00  1.00042e+00
 4.36000e+01  1.00063e+00  3.61437e-04  1.50159e+00  3.61208e-04  1.00105e+00  1.00042e+00
 4.37000e+01  1.00064e+00  3.56061e-04  1.50159e+00  3.55834e-04  1.00106e+00  1.00042e+00
 4.38000e+01  1.00064e+00  3.50671e-04  1.50159e+00  3.50448e-04  1.00106e+00  1.00042e+00
 4.39000e+01  1.00064e+00  3.45269e-04  1.50160e+00  3.45048e-04  1.00106e+00  1.00042e+00
 4.40000e+01  1.00064e+00  3.39855e-04  1.50160e+00  3.39637e-04  1.00106e+00  1.00042e+00
 4.41000e+01  1.00064e+00  3.34428e-04  1.50161e+00  3.34213e-04  1.00107e+00  1.00042e+00
 4.42000e+01  1.00064e+00  3.28990e-04  1.50161e+00  3.28778e-04  1.00107e+00  1.00043e+00
 4.43000e+01  1.00065e+00  3.23539e-04  1.50162e+00  3.23331e-04  1.00107e+00  1.00043e+00
 4.44000e+01  1.00065e+00  3.18078e-04  1.50162e+00  3.17872e-04  1.00108e+00  1.00043e+00
 4.45000e+01  1.00065e+00  3.12605e-04  1.50162e+00  3.12402e-04  1.00108e+00  1.00043e+00
 4.46000e+01  1.00065e+00  3.07121e-04  1.50163e+00  3.06921e-04  1.00108e+00  1.00043e+00
 4.47000e+01  1.00065e+00  3.01625e-04  1.50163e+00  3.01429e-04  1.00108e+00  1.00043e+00
 4.48000e+01  1.00065e+00  2.96120e-04  1.50163e+00  2.95926e-04  1.00109e+00  1.00043e+00
 4.49000e+01  1.00066e+00  2.90603e-04  1.50164e+00  2.90413e-04  1.00109e+00  1.00043e+00
 4.50000e+01  1.00066e+00  2.85076e-04  1.50164e+00  2.84889e-04  1.00109e+00  1.00043e+00
 4.51000e+01  1.00066e+00  2.79540e-04  1.50165e+00  2.79356e-04  1.00109e+00  1.00043e+00
 4.52000e+01  1.00066e+00  2.73993e-04  1.50165e+00  2.73812e-04  1.00109e+00  1.00043e+00
 4.53000e+01  1.00066e+00  2.68436e-04  1.50165e+00  2.68259e-04  1.00110e+00  1.00044e+00
 4.54000e+01  1.00066e+00  2.62870e-04  1.50166e+00  2.62696e-04  1.00110e+00  1.00044e+00
 4.55000e+01  1.00066e+00  2.57295e-04  1.50166e+00  2.57124e-04  1.00110e+00  1.00044e+00
 4.56000e+01  1.00066e+00  2.51710e-04  1.50166e+00  2.51543e-04  1.00110e+00  1.00044e+00
 4.57000e+01  1.00067e+00  2.46116e-04  1.50167e+00  2.45953e-04  1.00111e+00  1.00044e+00
 4.58000e+01  1.00067e+00  2.40514e-04  1.50167e+00  2.40354e-04  1.00111e+00  1.00044e+00
 4.59000e+01  1.00067e+00  2.34903e-04  1.50167e+00  2.34746e-04  1.00111e+00  1.00044e+00
 4.60000e+01  1.00067e+00  2.29284e-04  1.50167e+00  2.29131e-04  1.00111e+00  1.00044e+00
 4.61000e+01  1.00067e+00  2.23657e-04  1.50168e+00  2.23507e-04  1.00111e+00  1.00044e+00
 4.62000e+01  1.00067e+00  2.18021e-04  1.50168e+00  2.17875e-04  1.00112e+00  1.00044e+00
 4.63000e+01  1.00067e+00  2.12378e-04  1.50168e+00  2.12236e-04  1.00112e+00  1.00044e+00
 4.64000e+01  1.00067e+00  2.06728e-04  1.50169e+00  2.06589e-04  1.00112e+00  1.00044e+00
 4.65000e+01  1.00067e+00  2.01070e-04  1.50169e+00  2.00934e-04  1.00112e+00  1.00045e+00
 4.66000e+01  1.00068e+00  1.95405e-04  1.50169e+00  1.95273e-04  1.00112e+00  1.00045e+00
 4.67000e+01  1.00068e+00  1.89733e-04  1.50169e+00  1.89605e-04  1.00112e+00  1.00045e+00
 4.68000e+01  1.00068e+00  1.84054e-04  1.50169e+00  1.83930e-04  1.00113e+00  1.00045e+00
 4.69000e+01  1.00068e+00  1.78369e-04  1.50170e+00  1.78248e-04  1.00113e+00  1.00045e+00
 4.70000e+01  1.00068e+00  1.72678e-04  1.50170e+00  1.72560e-04  1.00113e+00  1.00045e+00
 4.71000e+01  1.00068e+00  1.66980e-04  1.50170e+00  1.66866e-04  1.00113e+00  1.00045e+00
 4.72000e+01  1.00068e+00  1.61276e-04  1.50170e+00  1.61167e-04  1.00113e+00  1.00045e+00
 4.73000e+01  1.00068e+00  1.55567e-04  1.50171e+00  1.55461e-04  1.00113e+00  1.00045e+00
 4.74000e+01  1.00068e+00  1.49852e-04  1.50171e+00  1.49750e-04  1.00113e+00  1.00045e+00
 4.75000e+01  1.00068e+00  1.44132e-04  1.50171e+00  1.44034e-04  1.00113e+00  1.00045e+00
 4.76000e+01  1.00068e+00  1.38407e-04  1.50171e+00  1.38312e-04  1.00114e+00  1.00045e+00
 4.77000e+01  1.00068e+00  1.32677e-04  1.50171e+00  1.32586e-04  1.00114e+00  1.00045e+00
 4.78000e+01  1.00069e+00  1.26942e-04  1.50171e+00  1.26855e-04  1.00114e+00  1.00045e+00
 4.79000e+01  1.00069e+00  1.21203e-04  1.50172e+00  1.21120e-04  1.00114e+00  1.00045e+00
 4.80000e+01  1.00069e+00  1.15459e-04  1.50172e+00  1.15380e-04  1.00114e+00  1.00045e+00
 4.81000e+01  1.00069e+00  1.09711e-04  1.50172e+00  1.09636e-04  1.00114e+00  1.00045e+00
 4.82000e+01  1.00069e+00  1.03960e-04  1.50172e+00  1.03888e-04  1.00114e+00  1.00045e+00
 4.83000e+01  1.00069e+00  9.82046e-05  1.50172e+00  9.81370e-05  1.00114e+00  1.00045e+00
 4.84000e+01  1.00069e+00  9.24458e-05  1.50172e+00  9.23822e-05  1.00114e+00  1.00045e+00
 4.85000e+01  1.00069e+00  8.66838e-05  1.50172e+00  8.66241e-05  1.00114e+00  1.00045e+00
 4.86000e+01  1.00069e+00  8.09187e-05  1.50172e+00  8.08630e-05  1.00114e+00  1.00045e+00
 4.87000e+01  1.00069e+00  7.51508e-05  1.50173e+00  7.50990e-05  1.00115e+00  1.00046e+00
 4.88000e+01  1.00069e+00  6.93802e-05  1.50173e+00  6.93323e-05  1.00115e+00  1.00046e+00
 4.89000e+01  1.00069e+00  6.36071e-05  1.50173e+00  6.35632e-05  1.00115e+00  1.00046e+00
 4.90000e+01  1.00069e+00  5.78318e-05  1.50173e+00  5.77919e-05  1.00115e+00  1.00046e+00
 4.91000e+01  1.00069e+00  5.20545e-05  1.50173e+00  5.20185e-05  1.00115e+00  1.00046e+00
 4.92000e+01  1.00069e+00  4.62753e-05  1.50173e+00  4.62433e-05  1.00115e+00  1.00046e+00
 4.93000e+01  1.00069e+00  4.04945e-05  1.50173e+00  4.04665e-05  1.00115e+00  1.00046e+00
 4.94000e+01  1.00069e+00  3.47122e-05  1.50173e+00  3.46882e-05  1.00115e+00  1.00046e+00
 4.95000e+01  1.00069e+00  2.89287e-05  1.50173e+00  2.89087e-05  1.00115e+00  1.00046e+00
 4.96000e+01  1.00069e+00  2.31442e-05  1.50173e+00  2.31282e-05  1.00115e+00  1.00046e+00
 4.97000e+01  1.00069e+00  1.73589e-05  1.50173e+00  1.73469e-05  1.00115e+00  1.00046e+00
 4.98000e+01  1.00069e+00  1.15729e-05  1.50173e+00  1.15649e-05  1.00115e+00  1.00046e+00
 4.99000e+01  1.00069e+00  5.78656e-06  1.50173e+00  5.78256e-06  1.00115e+00  1.00046e+00
 5.00000e+01  1.00069e+00 -0.00000e+00  1.50173e+00 -0.00000e+00  1.00115e+00  1.00046e+00
 5.01000e+01  1.00069e+00 -5.78656e-06  1.50173e+00 -5.78256e-06  1.00115e+00  1.00046e+00
 5.02000e+01  1.00069e+00 -1.15729e-05  1.50173e+00 -1.15649e-05  1.00115e+00  1.00046e+00
 5.03000e+01  1.00069e+00 -1.73589e-05  1.50173e+00 -1.73469e-05  1.00115e+00  1.00046e+00
 5.04000e+01  1.00069e+00 -2.31442e-05  1.50173e+00 -2.31282e-05  1.00115e+00  1.00046e+00
 5.05000e+01  1.00069e+00 -2.89287e-05  1.50173e+00 -2.89087e-05  1.00115e+00  1.00046e+00
 5.06000e+01  1.00069e+00 -3.47122e-05  1.50173e+00 -3.46882e-05  1.00115e+00  1.00046e+00
 5.07000e+01  1.00069e+00 -4.04945e-05  1.50173e+00 -4.04665e-05  1.00115e+00  1.00046e+00
 5.08000e+01  1.00069e+00 -4.62753e-05  1.50173e+00 -4.62433e-05  1.00115e+00  1.00046e+00
 5.09000e+01  1.00069e+00 -5.20545e-05  1.50173e+00 -5.20185e-05  1.00115e+00  1.00046e+00
 5.10000e+01  1.00069e+00 -5.78318e-05  1.50173e+00 -5.77919e-05  1.00115e+00  1.00046e+00
 5.11000e+01  1.00069e+00 -6.36071e-05  1.50173e+00 -6.35632e-05  1.00115e+00  1.00046e+00
 5.12000e+01  1.00069e+00 -6.93802e-05  1.50173e+00 -6.93323e-05  1.00115e+00  1.00046e+00
 5.13000e+01  1.00069e+00 -7.51508e-05  1.50173e+00 -7.50990e-05  1.00115e+00  1.00046e+00
 5.14000e+01  1.00069e+00 -8.09187e-05  1.50172e+00 -8.08630e-05  1.00114e+00  1.00045e+00
 5.15000e+01  1.00069e+00 -8.66838e-05  1.50172e+00 -8.66241e-05  1.00114e+00  1.00045e+00
 5.16000e+01  1.00069e+00 -9.24458e-05  1.50172e+00 -9.23822e-05  1.00114e+00  1.00045e+00
 5.17000e+01  1.00069e+00 -9.82046e-05  1.50172e+00 -9.81370e-05  1.00114e+00  1.00045e+00
 5.18000e+01  1.00069e+00 -1.03960e-04  1.50172e+00 -1.03888e-04  1.00114e+00  1.00045e+00
 5.19000e+01  1.00069e+00 -1.09711e-04  1.50172e+00 -1.09636e-04  1.00114e+00  1.00045e+00
 5.20000e+01  1.00069e+00 -1.15459e-04  1.50172e+00 -1.15380e-04  1.00114e+00  1.00045e+00
 5.21000e+01  1.00069e+00 -1.21203e-04  1.50172e+00 -1.21120e-04  1.00114e+00  1.00045e+00
 5.22000e+01  1.00069e+00 -1.26942e-04  1.50171e+00 -1.26855e-04  1.00114e+00  1.00045e+00
 5.23000e+01  1.00068e+00 -1.32677e-04  1.50171e+00 -1.32586e-04  1.00114e+00  1.00045e+00
 5.24000e+01  1.00068e+00 -1.38407e-04  1.50171e+00 -1.38312e-04  1.00114e+00  1.00045e+00
 5.25000e+01  1.00068e+00 -1.44132e-04  1.50171e+00 -1.44034e-04  1.00113e+00  1.00045e+00
 5.26000e+01  1.00068e+00 -1.49852e-04  1.50171e+00 -1.49750e-04  1.00113e+00  1.00045e+00
 5.27000e+01  1.00068e+00 -1.55567e-04  1.50171e+00 -1.55461e-04  1.00113e+00  1.00045e+00
 5.28000e+01  1.00068e+00 -1.61276e-04  1.50170e+00 -1.61167e-04  1.00113e+00  1.00045e+00
 5.29000e+01  1.00068e+00 -1.66980e-04  1.50170e+00 -1.66866e-04  1.00113e+00  1.00045e+00
 5.30000e+01  1.00068e+00 -1.72678e-04  1.50170e+00 -1.72560e-04  1.00113e+00  1.00045e+00
 5.31000e+01  1.00068e+00 -1.78369e-04  1.50170e+00 -1.78248e-04  1.00113e+00  1.00045e+00
 5.32000e+01  1.00068e+00 -1.84054e-04  1.50169e+00 -1.83930e-04  1.00113e+00  1.00045e+00
 5.33000e+01  1.00068e+00 -1.89733e-04  1.50169e+00 -1.89605e-04  1.00112e+00  1.00045e+00
 5.34000e+01  1.00068e+00 -1.95405e-04  1.50169e+00 -1.95273e-04  1.00112e+00  1.00045e+00
 5.35000e+01  1.00067e+00 -2.01070e-04  1.50169e+00 -2.00934e-04  1.00112e+00  1.00045e+00
 5.36000e+01  1.00067e+00 -2.06728e-04  1.50169e+00 -2.06589e-04  1.00112e+00  1.00044e+00
 5.37000e+01  1.00067e+00 -2.12378e-04  1.50168e+00 -2.12236e-04  1.00112e+00  1.00044e+00
 5.38000e+01  1.00067e+00 -2.18021e-04  1.50168e+00 -2.17875e-04  1.00112e+00  1.00044e+00
 5.39000e+01  1.00067e+00 -2.23657e-04  1.50168e+00 -2.23507e-04  1.00111e+00  1.00044e+00
 5.40000e+01  1.00067e+00 -2.29284e-04  1.50167e+00 -2.29131e-04  1.00111e+00  1.00044e+00
 5.41000e+01  1.00067e+00 -2.34903e-04  1.50167e+00 -2.34746e-04  1.00111e+00  1.00044e+00
 5.42000e+01  1.00067e+00 -2.40514e-04  1.50167e+00 -2.40354e-04  1.00111e+00  1.00044e+00
 5.43000e+01  1.00067e+00 -2.46116e-04  1.50167e+00 -2.45953e-04  1.00111e+00  1.00044e+00
 5.44000e+01  1.00066e+00 -2.51710e-04  1.50166e+00 -2.51543e-04  1.00110e+00  1.00044e+00
 5.45000e+01  1.00066e+00 -2.57295e-04  1.50166e+00 -2.57124e-04  1.00110e+00  1.00044e+00
 5.46000e+01  1.00066e+00 -2.62870e-04  1.50166e+00 -2.62696e-04  1.00110e+00  1.00044e+00
 5.47000e+01  1.00066e+00 -2.68436e-04  1.50165e+00 -2.68259e-04  1.00110e+00  1.00044e+00
 5.48000e+01  1.00066e+00 -2.73993e-04  1.50165e+00 -2.73812e-04  1.00109e+00  1.00043e+00
 5.49000e+01  1.00066e+00 -2.79540e-04  1.50165e+00 -2.79356e-04  1.00109e+00  1.00043e+00
 5.50000e+01  1.00066e+00 -2.85076e-04  1.50164e+00 -2.84889e-04  1.00109e+00  1.00043e+00
 5.51000e+01  1.00066e+00 -2.90603e-04  1.50164e+00 -2.90413e-04  1.00109e+00  1.00043e+00
 5.52000e+01  1.00065e+00 -2.96120e-04  1.50163e+00 -2.95926e-04  1.00109e+00  1.00043e+00
 5.53000e+01  1.00065e+00 -3.01625e-04  1.50163e+00 -3.01429e-04  1.00108e+00  1.00043e+00
 5.54000e+01  1.00065e+00 -3.07121e-04  1.50163e+00 -3.06921e-04  1.00108e+00  1.00043e+00
 5.55000e+01  1.00065e+00 -3.12605e-04  1.50162e+00 -3.12402e-04  1.00108e+00  1.00043e+00
 5.56000e+01  1.00065e+00 -3.18078e-04  1.50162e+00 -3.17872e-04  1.00108e+00  1.00043e+00
 5.57000e+01  1.00065e+00 -3.23539e-04  1.50162e+00 -3.23331e-04  1.00107e+00  1.00043e+00
 5.58000e+01  1.00064e+00 -3.28990e-04  1.50161e+00 -3.28778e-04  1.00107e+00  1.00043e+00
 5.59000e+01  1.00064e+00 -3.34428e-04  1.50161e+00 -3.34213e-04  1.00107e+00  1.00042e+00
 5.60000e+01  1.00064e+00 -3.39855e-04  1.50160e+00 -3.39637e-04  1.00106e+00  1.00042e+00
 5.61000e+01  1.00064e+00 -3.45269e-04  1.50160e+00 -3.45048e-04  1.00106e+00  1.00042e+00
 5.62000e+01  1.00064e+00 -3.50671e-04  1.50159e+00 -3.50448e-04  1.00106e+00  1.00042e+00
 5.63000e+01  1.00064e+00 -3.56061e-04  1.50159e+00 -3.55834e-04  1.00106e+00  1.00042e+00
 5.64000e+01  1.00063e+00 -3.61437e-04  1.50159e+00 -3.61208e-04  1.00105e+00  1.00042e+00
 5.65000e+01  1.00063e+00 -3.66801e-04  1.50158e+00 -3.66569e-04  1.00105e+00  1.00042e+00
 5.66000e+01  1.00063e+00 -3.72152e-04  1.50158e+00 -3.71918e-04  1.00105e+00  1.00042e+00
 5.67000e+01  1.00063e+00 -3.77490e-04  1.50157e+00 -3.77252e-04  1.00104e+00  1.00041e+00
 5.68000e+01  1.00063e+00 -3.82814e-04  1.50157e+00 -3.82574e-04  1.00104e+00  1.00041e+00
 5.69000e+01  1.00062e+00 -3.88124e-04  1.50156e+00 -3.87882e-04  1.00104e+00  1.00041e+00
 5.70000e+01  1.00062e+00 -3.93420e-04  1.50156e+00 -3.93175e-04  1.00103e+00  1.00041e+00
 5.71000e+01  1.00062e+00 -3.98703e-04  1.50155e+00 -3.98455e-04  1.00103e+00  1.00041e+00
 5.72000e+01  1.00062e+00 -4.03971e-04  1.50155e+00 -4.03721e-04  1.00103e+00  1.00041e+00
 5.73000e+01  1.00062e+00 -4.09224e-04  1.50154e+00 -4.08972e-04  1.00102e+00  1.00041e+00
 5.74000e+01  1.00061e+00 -4.14463e-04  1.50154e+00 -4.14209e-04  1.00102e+00  1.00041e+00
 5.75000e+01  1.00061e+00 -4.19688e-04  1.50153e+00 -4.19431e-04  1.00102e+00  1.00040e+00
 5.76000e+01  1.00061e+00 -4.24897e-04  1.50153e+00 -4.24637e-04  1.00101e+00  1.00040e+00
 5.77000e+01  1.00061e+00 -4.30090e-04  1.50152e+00 -4.29829e-04  1.00101e+00  1.00040e+00
 5.78000e+01  1.00061e+00 -4.35269e-04  1.50152e+00 -4.35005e-04  1.00101e+00  1.00040e+00
 5.79000e+01  1.00060e+00 -4.40432e-04  1.50151e+00 -4.40166e-04  1.00100e+00  1.00040e+00
 5.80000e+01  1.00060e+00 -4.45579e-04  1.50151e+00 -4.45311e-04  1.00100e+00  1.00040e+00
 5.81000e+01  1.00060e+00 -4.50710e-04  1.50150e+00 -4.50439e-04  1.00100e+00  1.00040e+00
 5.82000e+01  1.00060e+00 -4.55824e-04  1.50149e+00 -4.55552e-04  1.00099e+00  1.00039e+00
 5.83000e+01  1.00060e+00 -4.60923e-04  1.50149e+00 -4.60649e-04  1.00099e+00  1.00039e+00
 5.84000e+01  1.00059e+00 -4.66005e-04  1.50148e+00 -4.65728e-04  1.00098e+00  1.00039e+00
 5.85000e+01  1.00059e+00 -4.71070e-04  1.50148e+00 -4.70792e-04  1.00098e+00  1.00039e+00
 5.86000e+01  1.00059e+00 -4.76118e-04  1.50147e+00 -4.75838e-04  1.00098e+00  1.00039e+00
 5.87000e+01  1.00059e+00 -4.81149e-04  1.50147e+00 -4.80867e-04  1.00097e+00  1.00039e+00
 5.88000e+01  1.00058e+00 -4.86163e-04  1.50146e+00 -4.85879e-04  1.00097e+00  1.00039e+00
 5.89000e+01  1.00058e+00 -4.91159e-04  1.50145e+00 -4.90873e-04  1.00096e+00  1.00038e+00
 5.90000e+01  1.00058e+00 -4.96137e-04  1.50145e+00 -4.95850e-04  1.00096e+00  1.00038e+00
 5.91000e+01  1.00058e+00 -5.01098e-04  1.50144e+00 -5.00809e-04  1.00096e+00  1.00038e+00
 5.92000e+01  1.00057e+00 -5.06040e-04  1.50143e+00 -5.05750e-04  1.00095e+00  1.00038e+00
 5.93000e+01  1.00057e+00 -5.10965e-04  1.50143e+00 -5.10673e-04  1.00095e+00  1.00038e+00
 5.94000e+01  1.00057e+00 -5.15870e-04  1.50142e+00 -5.15577e-04  1.00094e+00  1.00038e+00
 5.95000e+01  1.00057e+00 -5.20758e-04  1.50142e+00 -5.20463e-04  1.00094e+00  1.00037e+00
 5.96000e+01  1.00056e+00 -5.25626e-04  1.50141e+00 -5.25330e-04  1.00094e+00  1.00037e+00
 5.97000e+01  1.00056e+00 -5.30476e-04  1.50140e+00 -5.30178e-04  1.00093e+00  1.00037e+00
 5.98000e+01  1.00056e+00 -5.35306e-04  1.50140e+00 -5.35007e-04  1.00093e+00  1.00037e+00
 5.99000e+01  1.00056e+00 -5.40117e-04  1.50139e+00 -5.39817e-04  1.00092e+00  1.00037e+00
 6.00000e+01  1.00055e+00 -5.44908e-04  1.50138e+00 -5.44607e-04  1.00092e+00  1.00036e+00
 6.01000e+01  1.00055e+00 -5.49680e-04  1.50138e+00 -5.49377e-04  1.00091e+00  1.00036e+00
 6.02000e+01  1.00055e+00 -5.54431e-04  1.50137e+00 -5.54128e-04  1.00091e+00  1.00036e+00
 6.03000e+01  1.00054e+00 -5.59163e-04  1.50136e+00 -5.58858e-04  1.00090e+00  1.00036e+00
 6.04000e+01  1.00054e+00 -5.63874e-04  1.50136e+00 -5.63569e-04  1.00090e+00  1.00036e+00
 6.05000e+01  1.00054e+00 -5.68565e-04  1.50135e+00 -5.68259e-04  1.00090e+00  1.00036e+00
 6.06000e+01  1.00054e+00 -5.73236e-04  1.50134e+00 -5.72928e-04  1.00089e+00  1.00035e+00
 6.07000e+01  1.00053e+00 -5.77885e-04  1.50133e+00 -5.77577e-04  1.00089e+00  1.00035e+00
 6.08000e+01  1.00053e+00 -5.82514e-04  1.50133e+00 -5.82204e-04  1.00088e+00  1.00035e+00
 6.09000e+01  1.00053e+00 -5.87121e-04  1.50132e+00 -5.86811e-04  1.00088e+00  1.00035e+00
 6.10000e+01  1.00053e+00 -5.91707e-04  1.50131e+00 -5.91396e-04  1.00087e+00  1.00035e+00
 6.11000e+01  1.00052e+00 -5.96271e-04  1.50131e+00 -5.95960e-04  1.00087e+00  1.00034e+00
 6.12000e+01  1.00052e+00 -6.00814e-04  1.50130e+00 -6.00502e-04  1.00086e+00  1.00034e+00
 6.13000e+01  1.00052e+00 -6.05335e-04  1.50129e+00 -6.05023e-04  1.00086e+00  1.00034e+00
 6.14000e+01  1.00051e+00 -6.09834e-04  1.50128e+00 -6.09521e-04  1.00085e+00  1.00034e+00
 6.15000e+01  1.00051e+00 -6.14311e-04  1.50128e+00 -6.13997e-04  1.00085e+00  1.00034e+00
 6.16000e+01  1.00051e+00 -6.18765e-04  1.50127e+00 -6.18451e-04  1.00084e+00  1.00033e+00
 6.17000e+01  1.00050e+00 -6.23197e-04  1.50126e+00 -6.22883e-04  1.00084e+00  1.00033e+00
 6.18000e+01  1.00050e+00 -6.27606e-04  1.50125e+00 -6.27291e-04  1.00083e+00  1.00033e+00
 6.19000e+01  1.00050e+00 -6.31992e-04  1.50125e+00 -6.31677e-04  1.00083e+00  1.00033e+00
 6.20000e+01  1.00050e+00 -6.36355e-04  1.50124e+00 -6.36040e-04  1.00082e+00  1.00033e+00
 6.21000e+01  1.00049e+00 -6.40695e-04  1.50123e+00 -6.40380e-04  1.00082e+00  1.00032e+00
 6.22000e+01  1.00049e+00 -6.45011e-04  1.50122e+00 -6.44696e-04  1.00081e+00  1.00032e+00
 6.23000e+01  1.00049e+00 -6.49304e-04  1.50121e+00 -6.48989e-04  1.00081e+00  1.00032e+00
 6.24000e+01  1.00048e+00 -6.53573e-04  1.50121e+00 -6.53258e-04  1.00080e+00  1.00032e+00
 6.25000e+01  1.00048e+00 -6.57818e-04  1.50120e+00 -6.57503e-04  1.00080e+00  1.00032e+00
 6.26000e+01  1.00048e+00 -6.62039e-04  1.50119e+00 -6.61724e-04  1.00079e+00  1.00031e+00
 6.27000e+01  1.00047e+00 -6.66236e-04  1.50118e+00 -6.65921e-04  1.00079e+00  1.00031e+00
 6.28000e+01  1.00047e+00 -6.70408e-04  1.50117e+00 -6.70093e-04  1.00078e+00  1.00031e+00
 6.29000e+01  1.00047e+00 -6.74556e-04  1.50117e+00 -6.74241e-04  1.00077e+00  1.00031e+00
 6.30000e+01  1.00046e+00 -6.78679e-04  1.50116e+00 -6.78365e-04  1.00077e+00  1.00031e+00
 6.31000e+01  1.00046e+00 -6.82777e-04  1.50115e+00 -6.82463e-04  1.00076e+00  1.00030e+00
 6.32000e+01  1.00046e+00 -6.86850e-04  1.50114e+00 -6.86536e-04  1.00076e+00  1.00030e+00
 6.33000e+01  1.00045e+00 -6.90898e-04  1.50113e+00 -6.90584e-04  1.00075e+00  1.00030e+00
 6.34000e+01  1.00045e+00 -6.94920e-04  1.50113e+00 -6.94607e-04  1.00075e+00  1.00030e+00
 6.35000e+01  1.00045e+00 -6.98917e-04  1.50112e+00 -6.98605e-04  1.00074e+00  1.00029e+00
 6.36000e+01  1.00044e+00 -7.02888e-04  1.50111e+00 -7.02576e-04  1.00074e+00  1.00029e+00
 6.37000e+01  1.00044e+00 -7.06833e-04  1.50110e+00 -7.06522e-04  1.00073e+00  1.00029e+00
 6.38000e+01  1.00044e+00 -7.10752e-04  1.50109e+00 -7.10442e-04  1.00072e+00  1.00029e+00
 6.39000e+01  1.00043e+00 -7.14645e-04  1.50108e+00 -7.14335e-04  1.00072e+00  1.00029e+00
 6.40000e+01  1.00043e+00 -7.18511e-04  1.50107e+00 -7.18203e-04  1.00071e+00  1.00028e+00
 6.41000e+01  1.00043e+00 -7.22351e-04  1.50107e+00 -7.22043e-04  1.00071e+00  1.00028e+00
 6.42000e+01  1.00042e+00 -7.26164e-04  1.50106e+00 -7.25858e-04  1.00070e+00  1.00028e+00
 6.43000e+01  1.00042e+00 -7.29951e-04  1.50105e+00 -7.29645e-04  1.00070e+00  1.00028e+00
 6.44000e+01  1.00042e+00 -7.33710e-04  1.50104e+00 -7.33405e-04  1.00069e+00  1.00027e+00
 6.45000e+01  1.00041e+00 -7.37442e-04  1.50103e+00 -7.37139e-04  1.00068e+00  1.00027e+00
 6.46000e+01  1.00041e+00 -7.41147e-04  1.50102e+00 -7.40845e-04  1.00068e+00  1.00027e+00
 6.47000e+01  1.00040e+00 -7.44825e-04  1.50101e+00 -7.44524e-04  1.00067e+00  1.00027e+00
 6.48000e+01  1.00040e+00 -7.48475e-04  1.50100e+00 -7.48175e-04  1.00067e+00  1.00026e+00
 6.49000e+01  1.00040e+00 -7.52097e-04  1.50099e+00 -7.51798e-04  1.00066e+00  1.00026e+00
 6.50000e+01  1.00039e+00 -7.55691e-04  1.50099e+00 -7.55394e-04  1.00065e+00  1.00026e+00
 6.51000e+01  1.00039e+00 -7.59258e-04  1.50098e+00 -7.58961e-04  1.00065e+00  1.00026e+00
 6.52000e+01  1.00039e+00 -7.62796e-04  1.50097e+00 -7.62501e-04  1.00064e+00  1.00026e+00
 6.53000e+01  1.00038e+00 -7.66305e-04  1.50096e+00 -7.66012e-04  1.00064e+00  1.00025e+00
 6.54000e+01  1.00038e+00 -7.69786e-04  1.50095e+00 -7.69494e-04  1.00063e+00  1.00025e+00
 6.55000e+01  1.00038e+00 -7.73239e-04  1.50094e+00 -7.72948e-04  1.00062e+00  1.00025e+00
 6.56000e+01  1.00037e+00 -7.76663e-04  1.50093e+00 -7.76374e-04  1.00062e+00  1.00025e+00
 6.57000e+01  1.00037e+00 -7.80057e-04  1.50092e+00 -7.79770e-04  1.00061e+00  1.00024e+00
 6.58000e+01  1.00036e+00 -7.83423e-04  1.50091e+00 -7.83138e-04  1.00061e+00  1.00024e+00
 6.59000e+01  1.00036e+00 -7.86760e-04  1.50090e+00 -7.86476e-04  1.00060e+00  1.00024e+00
 6.60000e+01  1.00036e+00 -7.90067e-04  1.50089e+00 -7.89785e-04  1.00059e+00  1.00024e+00
 6.61000e+01  1.00035e+00 -7.93344e-04  1.50088e+00 -7.93064e-04  1.00059e+00  1.00023e+00
 6.62000e+01  1.00035e+00 -7.96592e-04  1.50087e+00 -7.96314e-04  1.00058e+00  1.00023e+00
 6.63000e+01  1.00035e+00 -7.99811e-04  1.50086e+00 -7.99534e-04  1.00057e+00  1.00023e+00
 6.64000e+01  1.00034e+00 -8.02999e-04  1.50085e+00 -8.02724e-04  1.00057e+00  1.00023e+00
 6.65000e+01  1.00034e+00 -8.06157e-04  1.50085e+00 -8.05885e-04  1.00056e+00  1.00022e+00
 6.66000e+01  1.00033e+00 -8.09285e-04  1.50084e+00 -8.09015e-04  1.00056e+00  1.00022e+00
 6.67000e+01  1.00033e+00 -8.12383e-04  1.50083e+00 -8.12115e-04  1.00055e+00  1.00022e+00
 6.68000e+01  1.00033e+00 -8.15450e-04  1.50082e+00 -8.15184e-04  1.00054e+00  1.00022e+00
 6.69000e+01  1.00032e+00 -8.18487e-04  1.50081e+00 -8.18223e-04  1.00054e+00  1.00021e+00
 6.70000e+01  1.00032e+00 -8.21493e-04  1.50080e+00 -8.21231e-04  1.00053e+00  1.00021e+00
 6.71000e+01  1.00031e+00 -8.24468e-04  1.50079e+00 -8.24208e-04  1.00052e+00  1.00021e+00
 6.72000e+01  1.00031e+00 -8.27412e-04  1.50078e+00 -8.27155e-04  1.00052e+00  1.00021e+00
 6.73000e+01  1.00031e+00 -8.30325e-04  1.50077e+00 -8.30070e-04  1.00051e+00  1.00020e+00
 6.74000e+01  1.00030e+00 -8.33207e-04  1.50076e+00 -8.32954e-04  1.00050e+00  1.00020e+00
 6.75000e+01  1.00030e+00 -8.36057e-04  1.50075e+00 -8.35807e-04  1.00050e+00  1.00020e+00
 6.76000e+01  1.00030e+00 -8.38876e-04  1.50074e+00 -8.38628e-04  1.00049e+00  1.00019e+00
 6.77000e+01  1.00029e+00 -8.41663e-04  1.50073e+00 -8.41418e-04  1.00048e+00  1.00019e+00
 6.78000e+01  1.00029e+00 -8.44418e-04  1.50072e+00 -8.44176e-04  1.00048e+00  1.00019e+00
 6.79000e+01  1.00028e+00 -8.47142e-04  1.50071e+00 -8.46902e-04  1.00047e+00  1.00019e+00
 6.80000e+01  1.00028e+00 -8.49834e-04  1.50070e+00 -8.49596e-04  1.00046e+00  1.00018e+00
 6.81000e+01  1.00028e+00 -8.52493e-04  1.50069e+00 -8.52259e-04  1.00046e+00  1.00018e+00
 6.82000e+01  1.00027e+00 -8.55120e-04  1.50068e+00 -8.54889e-04  1.00045e+00  1.00018e+00
 6.83000e+01  1.00027e+00 -8.57715e-04  1.50067e+00 -8.57486e-04  1.00044e+00  1.00018e+00
 6.84000e+01  1.00026e+00 -8.60278e-04  1.50066e+00 -8.60051e-04  1.00044e+00  1.00017e+00
 6.85000e+01  1.00026e+00 -8.62807e-04  1.50065e+00 -8.62584e-04  1.00043e+00  1.00017e+00
 6.86000e+01  1.00026e+00 -8.65305e-04  1.50064e+00 -8.65084e-04  1.00042e+00  1.00017e+00
 6.87000e+01  1.00025e+00 -8.67769e-04  1.50063e+00 -8.67551e-04  1.00042e+00  1.00017e+00
 6.88000e+01  1.00025e+00 -8.70200e-04  1.50062e+00 -8.69985e-04  1.00041e+00  1.00016e+00
 6.89000e+01  1.00024e+00 -8.72598e-04  1.50061e+00 -8.72387e-04  1.00040e+00  1.00016e+00
 6.90000e+01  1.00024e+00 -8.74964e-04  1.50060e+00 -8.74755e-04  1.00040e+00  1.00016e+00
 6.91000e+01  1.00023e+00 -8.77295e-04  1.50059e+00 -8.77090e-04  1.00039e+00  1.00016e+00
 6.92000e+01  1.00023e+00 -8.79594e-04  1.50058e+00 -8.79391e-04  1.00038e+00  1.00015e+00
 6.93000e+01  1.00023e+00 -8.81859e-04  1.50057e+00 -8.81659e-04  1.00038e+00  1.00015e+00
 6.94000e+01  1.00022e+00 -8.84090e-04  1.50056e+00 -8.83894e-04  1.00037e+00  1.00015e+00
 6.95000e+01  1.00022e+00 -8.86288e-04  1.50055e+00 -8.86094e-04  1.00036e+00  1.00014e+00
 6.96000e+01  1.00021e+00 -8.88452e-04  1.50054e+00 -8.88262e-04  1.00036e+00  1.00014e+00
 6.97000e+01  1.00021e+00 -8.90582e-04  1.50052e+00 -8.90395e-04  1.00035e+00  1.00014e+00
 6.98000e+01  1.00021e+00 -8.92678e-04  1.50051e+00 -8.92494e-04  1.00034e+00  1.00014e+00
 6.99000e+01  1.00020e+00 -8.94739e-04  1.50050e+00 -8.94559e-04  1.00034e+00  1.00013e+00
 7.00000e+01  1.00020e+00 -8.96767e-04  1.50049e+00 -8.96590e-04  1.00033e+00  1.00013e+00
 7.01000e+01  1.00019e+00 -8.98760e-04  1.50048e+00 -8.98586e-04  1.00032e+00  1.00013e+00
 7.02000e+01  1.00019e+00 -9.00719e-04  1.50047e+00 -9.00549e-04  1.00031e+00  1.00013e+00
 7.03000e+01  1.00018e+00 -9.02643e-04  1.50046e+00 -9.02476e-04  1.00031e+00  1.00012e+00
 7.04000e+01  1.00018e+00 -9.04533e-04  1.50045e+00 -9.04370e-04  1.00030e+00  1.00012e+00
 7.05000e+01  1.00018e+00 -9.06388e-04  1.50044e+00 -9.06228e-04  1.00029e+00  1.00012e+00
 7.06000e+01  1.00017e+00 -9.08208e-04  1.50043e+00 -9.08052e-04  1.00029e+00  1.00011e+00
 7.07000e+01  1.00017e+00 -9.09994e-04  1.50042e+00 -9.09841e-04  1.00028e+00  1.00011e+00
 7.08000e+01  1.00016e+00 -9.11744e-04  1.50041e+00 -9.11594e-04  1.00027e+00  1.00011e+00
 7.09000e+01  1.00016e+00 -9.13459e-04  1.50040e+00 -9.13313e-04  1.00027e+00  1.00011e+00
 7.10000e+01  1.00016e+00 -9.15139e-04  1.50039e+00 -9.14997e-04  1.00026e+00  1.00010e+00
 7.11000e+01  1.00015e+00 -9.16784e-04  1.50038e+00 -9.16645e-04  1.00025e+00  1.00010e+00
 7.12000e+01  1.00015e+00 -9.18394e-04  1.50037e+00 -9.18259e-04  1.00024e+00  1.00010e+00
 7.13000e+01  1.00014e+00 -9.19968e-04  1.50036e+00 -9.19836e-04  1.00024e+00  1.00009e+00
 7.14000e+01  1.00014e+00 -9.21506e-04  1.50035e+00 -9.21379e-04  1.00023e+00  1.00009e+00
 7.15000e+01  1.00013e+00 -9.23009e-04  1.50034e+00 -9.22885e-04  1.00022e+00  1.00009e+00
 7.16000e+01  1.00013e+00 -9.24477e-04  1.50033e+00 -9.24357e-04  1.00022e+00  1.00009e+00
 7.17000e+01  1.00013e+00 -9.25909e-04  1.50031e+00 -9.25792e-04  1.00021e+00  1.00008e+00
 7.18000e+01  1.00012e+00 -9.27304e-04  1.50030e+00 -9.27192e-04  1.00020e+00  1.00008e+00
 7.19000e+01  1.00012e+00 -9.28664e-04  1.50029e+00 -9.28555e-04  1.00020e+00  1.00008e+00
 7.20000e+01  1.00011e+00 -9.29988e-04  1.50028e+00 -9.29883e-04  1.00019e+00  1.00007e+00
 7.21000e+01  1.00011e+00 -9.31276e-04  1.50027e+00 -9.31175e-04  1.00018e+00  1.00007e+00
 7.22000e+01  1.00010e+00 -9.32528e-04  1.50026e+00 -9.32430e-04  1.00017e+00  1.00007e+00
 7.23000e+01  1.00010e+00 -9.33743e-04  1.50025e+00 -9.33650e-04  1.00017e+00  1.00007e+00
 7.24000e+01  1.00010e+00 -9.34923e-04  1.50024e+00 -9.34833e-04  1.00016e+00  1.00006e+00
 7.25000e+01  1.00009e+00 -9.36066e-04  1.50023e+00 -9.35980e-04  1.00015e+00  1.00006e+00
 7.26000e+01  1.00009e+00 -9.37172e-04  1.50022e+00 -9.37090e-04  1.00015e+00  1.00006e+00
 7.27000e+01  1.00008e+00 -9.38243e-04  1.50021e+00 -9.38164e-04  1.00014e+00  1.00006e+00
 7.28000e+01  1.00008e+00 -9.39276e-04  1.50020e+00 -9.39202e-04  1.00013e+00  1.00005e+00
 7.29000e+01  1.00007e+00 -9.40273e-04  1.50019e+00 -9.40203e-04  1.00012e+00  1.00005e+00
 7.30000e+01  1.00007e+00 -9.41234e-04  1.50018e+00 -9.41167e-04  1.00012e+00  1.00005e+00
 7.31000e+01  1.00007e+00 -9.42157e-04  1.50017e+00 -9.42095e-04  1.00011e+00  1.00004e+00
 7.32000e+01  1.00006e+00 -9.43044e-04  1.50015e+00 -9.42986e-04  1.00010e+00  1.00004e+00
 7.33000e+01  1.00006e+00 -9.43894e-04  1.50014e+00 -9.43840e-04  1.00010e+00  1.00004e+00
 7.34000e+01  1.00005e+00 -9.44707e-04  1.50013e+00 -9.44657e-04  1.00009e+00  1.00004e+00
 7.35000e+01  1.00005e+00 -9.45484e-04  1.50012e+00 -9.45437e-04  1.00008e+00  1.00003e+00
 7.36000e+01  1.00004e+00 -9.46223e-04  1.50011e+00 -9.46180e-04  1.00007e+00  1.00003e+00
 7.37000e+01  1.00004e+00 -9.46925e-04  1.50010e+00 -9.46887e-04  1.00007e+00  1.00003e+00
 7.38000e+01  1.00004e+00 -9.47590e-04  1.50009e+00 -9.47556e-04  1.00006e+00  1.00002e+00
 7.39000e+01  1.00003e+00 -9.48218e-04  1.50008e+00 -9.48188e-04  1.00005e+00  1.00002e+00
 7.40000e+01  1.00003e+00 -9.48809e-04  1.50007e+00 -9.48782e-04  1.00005e+00  1.00002e+00
 7.41000e+01  1.00002e+00 -9.49362e-04  1.50006e+00 -9.49340e-04  1.00004e+00  1.00002e+00
 7.42000e+01  1.00002e+00 -9.49878e-04  1.50005e+00 -9.49860e-04  1.00003e+00  1.00001e+00
 7.43000e+01  1.00001e+00 -9.50357e-04  1.50004e+00 -9.50343e-04  1.00002e+00  1.00001e+00
 7.44000e+01  1.00001e+00 -9.50799e-04  1.50003e+00 -9.50789e-04  1.00002e+00  1.00001e+00
 7.45000e+01  1.00001e+00 -9.51203e-04  1.50002e+00 -9.51197e-04  1.00001e+00  1.00000e+00
 7.46000e+01  1.00000e+00 -9.51569e-04  1.50001e+00 -9.51568e-04  1.00000e+00  1.00000e+00
 7.47000e+01  9.99998e-01 -9.51899e-04  1.49999e+00 -9.51901e-04  9.99997e-01  9.99999e-01
 7.48000e+01  9.99993e-01 -9.52190e-04  1.49998e+00 -9.52196e-04  9.99989e-01  9.99996e-01
 7.49000e+01  9.99989e-01 -9.52444e-04  1.49997e+00 -9.52454e-04  9.99982e-01  9.99993e-01
 7.50000e+01  9.99985e-01 -9.52661e-04  1.49996e+00 -9.52675e-04  9.99975e-01  9.99990e-01
 7.51000e+01  9.99981e-01 -9.52839e-04  1.49995e+00 -9.52858e-04  9.99968e-01  9.99988e-01
 7.52000e+01  9.99976e-01 -9.52981e-04  1.49994e+00 -9.53003e-04  9.99961e-01  9.99985e-01
 7.53000e+01  9.99972e-01 -9.53084e-04  1.49993e+00 -9.53110e-04  9.99954e-01  9.99982e-01
 7.54000e+01  9.99968e-01 -9.53150e-04  1.49992e+00 -9.53180e-04  9.99947e-01  9.99979e-01
 7.55000e+01  9.99964e-01 -9.53178e-04  1.49991e+00 -9.53212e-04  9.99940e-01  9.99976e-01
 7.56000e+01  9.99959e-01 -9.53168e-04  1.49990e+00 -9.53207e-04  9.99933e-01  9.99974e-01
 7.57000e+01  9.99955e-01 -9.53120e-04  1.49989e+00 -9.53163e-04  9.99926e-01  9.99971e-01
 7.58000e+01  9.99951e-01 -9.53035e-04  1.49988e+00 -9.53082e-04  9.99919e-01  9.99968e-01
 7.59000e+01  9.99947e-01 -9.52912e-04  1.49987e+00 -9.52962e-04  9.99912e-01  9.99965e-01
 7.60000e+01  9.99942e-01 -9.52751e-04  1.49986e+00 -9.52805e-04  9.99905e-01  9.99962e-01
 7.61000e+01  9.99938e-01 -9.52552e-04  1.49985e+00 -9.52611e-04  9.99898e-01  9.99960e-01
 7.62000e+01  9.99934e-01 -9.52315e-04  1.49984e+00 -9.52378e-04  9.99891e-01  9.99957e-01
 7.63000e+01  9.99930e-01 -9.52040e-04  1.49982e+00 -9.52107e-04  9.99884e-01  9.99954e-01
 7.64000e+01  9.99926e-01 -9.51728e-04  1.49981e+00 -9.51798e-04  9.99877e-01  9.99951e-01
 7.65000e+01  9.99921e-01 -9.51377e-04  1.49980e+00 -9.51452e-04  9.99870e-01  9.99948e-01
 7.66000e+01  9.99917e-01 -9.50988e-04  1.49979e+00 -9.51067e-04  9.99863e-01  9.99946e-01
 7.67000e+01  9.99913e-01 -9.50562e-04  1.49978e+00 -9.50645e-04  9.99856e-01  9.99943e-01
 7.68000e+01  9.99909e-01 -9.50098e-04  1.49977e+00 -9.50184e-04  9.99849e-01  9.99940e-01
 7.69000e+01  9.99905e-01 -9.49595e-04  1.49976e+00 -9.49686e-04  9.99842e-01  9.99937e-01
 7.70000e+01  9.99900e-01 -9.49055e-04  1.49975e+00 -9.49150e-04  9.99835e-01  9.99935e-01
 7.71000e+01  9.99896e-01 -9.48477e-04  1.49974e+00 -9.48575e-04  9.99828e-01  9.99932e-01
 7.72000e+01  9.99892e-01 -9.47861e-04  1.49973e+00 -9.47963e-04  9.99821e-01  9.99929e-01
 7.73000e+01  9.99888e-01 -9.47207e-04  1.49972e+00 -9.47313e-04  9.99814e-01  9.99926e-01
 7.74000e+01  9.99884e-01 -9.46515e-04  1.49971e+00 -9.46625e-04  9.99807e-01  9.99924e-01
 7.75000e+01  9.99880e-01 -9.45785e-04  1.49970e+00 -9.45899e-04  9.99800e-01  9.99921e-01
 7.76000e+01  9.99875e-01 -9.45017e-04  1.49969e+00 -9.45134e-04  9.99793e-01  9.99918e-01
 7.77000e+01  9.99871e-01 -9.44211e-04  1.49968e+00 -9.44332e-04  9.99787e-01  9.99915e-01
 7.78000e+01  9.99867e-01 -9.43367e-04  1.49967e+00 -9.43492e-04  9.99780e-01  9.99913e-01
 7.79000e+01  9.99863e-01 -9.42485e-04  1.49966e+00 -9.42615e-04  9.99773e-01  9.99910e-01
 7.80000e+01  9.99859e-01 -9.41566e-04  1.49965e+00 -9.41699e-04  9.99766e-01  9.99907e-01
 7.81000e+01  9.99855e-01 -9.40608e-04  1.49964e+00 -9.40745e-04  9.99759e-01  9.99904e-01
 7.82000e+01  9.99851e-01 -9.39613e-04  1.49963e+00 -9.39753e-04  9.99752e-01  9.99902e-01
 7.83000e+01  9.99847e-01 -9.38580e-04  1.49962e+00 -9.38724e-04  9.99746e-01  9.99899e-01
 7.84000e+01  9.99842e-01 -9.37509e-04  1.49961e+00 -9.37657e-04  9.99739e-01  9.99896e-01
 7.85000e+01  9.99838e-01 -9.36400e-04  1.49960e+00 -9.36552e-04  9.99732e-01  9.99894e-01
 7.86000e+01  9.99834e-01 -9.35254e-04  1.49959e+00 -9.35409e-04  9.99725e-01  9.99891e-01
 7.87000e+01  9.99830e-01 -9.34069e-04  1.49958e+00 -9.34228e-04  9.99718e-01  9.99888e-01
 7.88000e+01  9.99826e-01 -9.32847e-04  1.49957e+00 -9.33010e-04  9.99712e-01  9.99886e-01
 7.89000e+01  9.99822e-01 -9.31588e-04  1.49956e+00 -9.31753e-04  9.99705e-01  9.99883e-01
 7.90000e+01  9.99818e-01 -9.30290e-04  1.49955e+00 -9.30460e-04  9.99698e-01  9.99880e-01
 7.91000e+01  9.99814e-01 -9.28955e-04  1.49954e+00 -9.29128e-04  9.99692e-01  9.99878e-01
 7.92000e+01  9.99810e-01 -9.27583e-04  1.49953e+00 -9.27759e-04  9.99685e-01  9.99875e-01
 7.93000e+01  9.99806e-01 -9.26172e-04  1.49952e+00 -9.26352e-04  9.99678e-01  9.99872e-01
 7.94000e+01  9.99802e-01 -9.24725e-04  1.49951e+00 -9.24908e-04  9.99672e-01  9.99870e-01
 7.95000e+01  9.99798e-01 -9.23239e-04  1.49950e+00 -9.23426e-04  9.99665e-01  9.99867e-01
 7.96000e+01  9.99794e-01 -9.21717e-04  1.49949e+00 -9.21907e-04  9.99658e-01  9.99864e-01
 7.97000e+01  9.99790e-01 -9.20156e-04  1.49948e+00 -9.20350e-04  9.99652e-01  9.99862e-01
 7.98000e+01  9.99786e-01 -9.18559e-04  1.49947e+00 -9.18755e-04  9.99645e-01  9.99859e-01
 7.99000e+01  9.99782e-01 -9.16924e-04  1.49946e+00 -9.17124e-04  9.99639e-01  9.99856e-01
 8.00000e+01  9.99778e-01 -9.15252e-04  1.49945e+00 -9.15455e-04  9.99632e-01  9.99854e-01
 8.01000e+01  9.99774e-01 -9.13543e-04  1.49944e+00 -9.13749e-04  9.99625e-01  9.99851e-01
 8.02000e+01  9.99770e-01 -9.11796e-04  1.49943e+00 -9.12005e-04  9.99619e-01  9.99849e-01
 8.03000e+01  9.99766e-01 -9.10012e-04  1.49942e+00 -9.10225e-04  9.99612e-01  9.99846e-01
 8.04000e+01  9.99762e-01 -9.08191e-04  1.49941e+00 -9.08407e-04  9.99606e-01  9.99843e-01
 8.05000e+01  9.99759e-01 -9.06334e-04  1.49940e+00 -9.06552e-04  9.99599e-01  9.99841e-01
 8.06000e+01  9.99755e-01 -9.04439e-04  1.49939e+00 -9.04661e-04  9.99593e-01  9.99838e-01
 8.07000e+01  9.99751e-01 -9.02507e-04  1.49938e+00 -9.02732e-04  9.99587e-01  9.99836e-01
 8.08000e+01  9.99747e-01 -9.00538e-04  1.49937e+00 -9.00766e-04  9.99580e-01  9.99833e-01
 8.09000e+01  9.99743e-01 -8.98533e-04  1.49936e+00 -8.98764e-04  9.99574e-01  9.99831e-01
 8.10000e+01  9.99739e-01 -8.96491e-04  1.49935e+00 -8.96725e-04  9.99567e-01  9.99828e-01
 8.11000e+01  9.99735e-01 -8.94412e-04  1.49934e+00 -8.94649e-04  9.99561e-01  9.99826e-01
 8.12000e+01  9.99732e-01 -8.92297e-04  1.49933e+00 -8.92536e-04  9.99555e-01  9.99823e-01
 8.13000e+01  9.99728e-01 -8.90145e-04  1.49932e+00 -8.90387e-04  9.99548e-01  9.99821e-01
 8.14000e+01  9.99724e-01 -8.87956e-04  1.49931e+00 -8.88201e-04  9.99542e-01  9.99818e-01
 8.15000e+01  9.99720e-01 -8.85731e-04  1.49930e+00 -8.85979e-04  9.99536e-01  9.99816e-01
 8.16000e+01  9.99716e-01 -8.83470e-04  1.49929e+00 -8.83721e-04  9.99530e-01  9.99813e-01
 8.17000e+01  9.99713e-01 -8.81173e-04  1.49928e+00 -8.81426e-04  9.99523e-01  9.99811e-01
 8.18000e+01  9.99709e-01 -8.78839e-04  1.49927e+00 -8.79095e-04  9.99517e-01  9.99808e-01
 8.19000e+01  9.99705e-01 -8.76469e-04  1.49926e+00 -8.76728e-04  9.99511e-01  9.99806e-01
 8.20000e+01  9.99702e-01 -8.74063e-04  1.49925e+00 -8.74324e-04  9.99505e-01  9.99803e-01
 8.21000e+01  9.99698e-01 -8.71622e-04  1.49924e+00 -8.71885e-04  9.99499e-01  9.99801e-01
 8.22000e+01  9.99694e-01 -8.69144e-04  1.49924e+00 -8.69410e-04  9.99493e-01  9.99798e-01
 8.23000e+01  9.99690e-01 -8.66631e-04  1.49923e+00 -8.66899e-04  9.99486e-01  9.99796e-01
 8.24000e+01  9.99687e-01 -8.64082e-04  1.49922e+00 -8.64352e-04  9.99480e-01  9.99793e-01
 8.25000e+01  9.99683e-01 -8.61497e-04  1.49921e+00 -8.61770e-04  9.99474e-01  9.99791e-01
 8.26000e+01  9.99680e-01 -8.58877e-04  1.49920e+00 -8.59152e-04  9.99468e-01  9.99789e-01
 8.27000e+01  9.99676e-01 -8.56221e-04  1.49919e+00 -8.56499e-04  9.99462e-01  9.99786e-01
 8.28000e+01  9.99672e-01 -8.53530e-04  1.49918e+00 -8.53810e-04  9.99456e-01  9.99784e-01
 8.29000e+01  9.99669e-01 -8.50804e-04  1.49917e+00 -8.51086e-04  9.99450e-01  9.99781e-01
 8.30000e+01  9.99665e-01 -8.48043e-04  1.49916e+00 -8.48327e-04  9.99444e-01  9.99779e-01
 8.31000e+01  9.99662e-01 -8.45246e-04  1.49915e+00 -8.45532e-04  9.99438e-01  9.99777e-01
 8.32000e+01  9.99658e-01 -8.42415e-04  1.49915e+00 -8.42703e-04  9.99433e-01  9.99774e-01
 8.33000e+01  9.99654e-01 -8.39548e-04  1.49914e+00 -8.39839e-04  9.99427e-01  9.99772e-01
 8.34000e+01  9.99651e-01 -8.36647e-04  1.49913e+00 -8.36940e-04  9.99421e-01  9.99770e-01
 8.35000e+01  9.99647e-01 -8.33712e-04  1.49912e+00 -8.34006e-04  9.99415e-01  9.99767e-01
 8.36000e+01  9.99644e-01 -8.30742e-04  1.49911e+00 -8.31037e-04  9.99409e-01  9.99765e-01
 8.37000e+01  9.99640e-01 -8.27737e-04  1.49910e+00 -8.28035e-04  9.99403e-01  9.99763e-01
 8.38000e+01  9.99637e-01 -8.24698e-04  1.49909e+00 -8.24997e-04  9.99398e-01  9.99761e-01
 8.39000e+01  9.99634e-01 -8.21625e-04  1.49908e+00 -8.21926e-04  9.99392e-01  9.99758e-01
 8.40000e+01  9.99630e-01 -8.18518e-04  1.49908e+00 -8.18820e-04  9.99386e-01  9.99756e-01
 8.41000e+01  9.99627e-01 -8.15376e-04  1.49907e+00 -8.15681e-04  9.99381e-01  9.99754e-01
 8.42000e+01  9.99623e-01 -8.12201e-04  1.49906e+00 -8.12507e-04  9.99375e-01  9.99751e-01
 8.43000e+01  9.99620e-01 -8.08992e-04  1.49905e+00 -8.09300e-04  9.99369e-01  9.99749e-01
 8.44000e+01  9.99617e-01 -8.05750e-04  1.49904e+00 -8.06059e-04  9.99364e-01  9.99747e-01
 8.45000e+01  9.99613e-01 -8.02473e-04  1.49903e+00 -8.02784e-04  9.99358e-01  9.99745e-01
 8.46000e+01  9.99610e-01 -7.99164e-04  1.49902e+00 -7.99476e-04  9.99353e-01  9.99743e-01
 8.47000e+01  9.99607e-01 -7.95821e-04  1.49902e+00 -7.96134e-04  9.99347e-01  9.99740e-01
 8.48000e+01  9.99603e-01 -7.92445e-04  1.49901e+00 -7.92760e-04  9.99342e-01  9.99738e-01
 8.49000e+01  9.99600e-01 -7.89036e-04  1.49900e+00 -7.89352e-04  9.99336e-01  9.99736e-01
 8.50000e+01  9.99597e-01 -7.85594e-04  1.49899e+00 -7.85911e-04  9.99331e-01  9.99734e-01
 8.51000e+01  9.99593e-01 -7.82119e-04  1.49898e+00 -7.82438e-04  9.99325e-01  9.99732e-01
 8.52000e+01  9.99590e-01 -7.78612e-04  1.49898e+00 -7.78931e-04  9.99320e-01  9.99730e-01
 8.53000e+01  9.99587e-01 -7.75072e-04  1.49897e+00 -7.75392e-04  9.99315e-01  9.99727e-01
 8.54000e+01  9.99584e-01 -7.71500e-04  1.49896e+00 -7.71821e-04  9.99309e-01  9.99725e-01
 8.55000e+01  9.99581e-01 -7.67895e-04  1.49895e+00 -7.68218e-04  9.99304e-01  9.99723e-01
 8.56000e+01  9.99577e-01 -7.64259e-04  1.49894e+00 -7.64582e-04  9.99299e-01  9.99721e-01
 8.57000e+01  9.99574e-01 -7.60590e-04  1.49894e+00 -7.60914e-04  9.99293e-01  9.99719e-01
 8.58000e+01  9.99571e-01 -7.56890e-04  1.49893e+00 -7.57215e-04  9.99288e-01  9.99717e-01
 8.59000e+01  9.99568e-01 -7.53158e-04  1.49892e+00 -7.53483e-04  9.99283e-01  9.99715e-01
 8.60000e+01  9.99565e-01 -7.49394e-04  1.49891e+00 -7.49720e-04  9.99278e-01  9.99713e-01
 8.61000e+01  9.99562e-01 -7.45599e-04  1.49890e+00 -7.45926e-04  9.99273e-01  9.99711e-01
 8.62000e+01  9.99559e-01 -7.41773e-04  1.49890e+00 -7.42100e-04  9.99268e-01  9.99709e-01
 8.63000e+01  9.99556e-01 -7.37915e-04  1.49889e+00 -7.38243e-04  9.99263e-01  9.99707e-01
 8.64000e+01  9.99553e-01 -7.34027e-04  1.49888e+00 -7.34355e-04  9.99258e-01  9.99705e-01
 8.65000e+01  9.99550e-01 -7.30108e-04  1.49887e+00 -7.30437e-04  9.99253e-01  9.99703e-01
 8.66000e+01  9.99547e-01 -7.26158e-04  1.49887e+00 -7.26487e-04  9.99248e-01  9.99701e-01
 8.67000e+01  9.99544e-01 -7.22178e-04  1.49886e+00 -7.22507e-04  9.99243e-01  9.99699e-01
 8.68000e+01  9.99541e-01 -7.18167e-04  1.49885e+00 -7.18497e-04  9.99238e-01  9.99697e-01
 8.69000e+01  9.99538e-01 -7.14126e-04  1.49884e+00 -7.14456e-04  9.99233e-01  9.99695e-01
 8.70000e+01  9.99535e-01 -7.10055e-04  1.49884e+00 -7.10385e-04  9.99228e-01  9.99693e-01
 8.71000e+01  9.99532e-01 -7.05954e-04  1.49883e+00 -7.06285e-04  9.99223e-01  9.99691e-01
 8.72000e+01  9.99529e-01 -7.01824e-04  1.49882e+00 -7.02154e-04  9.99218e-01  9.99689e-01
 8.73000e+01  9.99526e-01 -6.97664e-04  1.49882e+00 -6.97994e-04  9.99214e-01  9.99687e-01
 8.74000e+01  9.99523e-01 -6.93474e-04  1.49881e+00 -6.93805e-04  9.99209e-01  9.99685e-01
 8.75000e+01  9.99521e-01 -6.89255e-04  1.49880e+00 -6.89586e-04  9.99204e-01  9.99683e-01
 8.76000e+01  9.99518e-01 -6.85008e-04  1.49879e+00 -6.85338e-04  9.99199e-01  9.99682e-01
 8.77000e+01  9.99515e-01 -6.80731e-04  1.49879e+00 -6.81061e-04  9.99195e-01  9.99680e-01
 8.78000e+01  9.99512e-01 -6.76426e-04  1.49878e+00 -6.76756e-04  9.99190e-01  9.99678e-01
 8.79000e+01  9.99509e-01 -6.72092e-04  1.49877e+00 -6.72422e-04  9.99186e-01  9.99676e-01
 8.80000e+01  9.99507e-01 -6.67730e-04  1.49877e+00 -6.68059e-04  9.99181e-01  9.99674e-01
 8.81000e+01  9.99504e-01 -6.63339e-04  1.49876e+00 -6.63668e-04  9.99177e-01  9.99673e-01
 8.82000e+01  9.99501e-01 -6.58921e-04  1.49875e+00 -6.59249e-04  9.99172e-01  9.99671e-01
 8.83000e+01  9.99499e-01 -6.54474e-04  1.49875e+00 -6.54802e-04  9.99168e-01  9.99669e-01
 8.84000e+01  9.99496e-01 -6.50000e-04  1.49874e+00 -6.50328e-04  9.99163e-01  9.99667e-01
 8.85000e+01  9.99493e-01 -6.45499e-04  1.49873e+00 -6.45826e-04  9.99159e-01  9.99665e-01
 8.86000e+01  9.99491e-01 -6.40970e-04  1.49873e+00 -6.41296e-04  9.99155e-01  9.99664e-01
 8.87000e+01  9.99488e-01 -6.36414e-04  1.49872e+00 -6.36740e-04  9.99150e-01  9.99662e-01
 8.88000e+01  9.99486e-01 -6.31831e-04  1.49871e+00 -6.32156e-04  9.99146e-01  9.99660e-01
 8.89000e+01  9.99483e-01 -6.27221e-04  1.49871e+00 -6.27546e-04  9.99142e-01  9.99659e-01
 8.90000e+01  9.99480e-01 -6.22585e-04  1.49870e+00 -6.22909e-04  9.99138e-01  9.99657e-01
 8.91000e+01  9.99478e-01 -6.17922e-04  1.49870e+00 -6.18245e-04  9.99133e-01  9.99655e-01
 8.92000e+01  9.99475e-01 -6.13233e-04  1.49869e+00 -6.13555e-04  9.99129e-01  9.99654e-01
 8.93000e+01  9.99473e-01 -6.08519e-04  1.49868e+00 -6.08840e-04  9.99125e-01  9.99652e-01
 8.94000e+01  9.99470e-01 -6.03778e-04  1.49868e+00 -6.04098e-04  9.99121e-01  9.99650e-01
 8.95000e+01  9.99468e-01 -5.99012e-04  1.49867e+00 -5.99330e-04  9.99117e-01  9.99649e-01
 8.96000e+01  9.99466e-01 -5.94220e-04  1.49866e+00 -5.94538e-04  9.99113e-01  9.99647e-01
 8.97000e+01  9.99463e-01 -5.89403e-04  1.49866e+00 -5.89720e-04  9.99109e-01  9.99646e-01
 8.98000e+01  9.99461e-01 -5.84561e-04  1.49865e+00 -5.84876e-04  9.99105e-01  9.99644e-01
 8.99000e+01  9.99459e-01 -5.79694e-04  1.49865e+00 -5.80008e-04  9.99101e-01  9.99642e-01
 9.00000e+01  9.99456e-01 -5.74803e-04  1.49864e+00 -5.75115e-04  9.99097e-01  9.99641e-01
 9.01000e+01  9.99454e-01 -5.69887e-04  1.49863e+00 -5.70198e-04  9.99093e-01  9.99639e-01
 9.02000e+01  9.99452e-01 -5.64947e-04  1.49863e+00 -5.65257e-04  9.99090e-01  9.99638e-01
 9.03000e+01  9.99449e-01 -5.59982e-04  1.49862e+00 -5.60291e-04  9.99086e-01  9.99636e-01
 9.04000e+01  9.99447e-01 -5.54994e-04  1.49862e+00 -5.55301e-04  9.99082e-01  9.99635e-01
 9.05000e+01  9.99445e-01 -5.49983e-04  1.49861e+00 -5.50288e-04  9.99079e-01  9.99633e-01
 9.06000e+01  9.99443e-01 -5.44948e-04  1.49861e+00 -5.45252e-04  9.99075e-01  9.99632e-01
 9.07000e+01  9.99440e-01 -5.39889e-04  1.49860e+00 -5.40192e-04  9.99071e-01  9.99631e-01
 9.08000e+01  9.99438e-01 -5.34808e-04  1.49860e+00 -5.35109e-04  9.99068e-01  9.99629e-01
 9.09000e+01  9.99436e-01 -5.29704e-04  1.49859e+00 -5.30003e-04  9.99064e-01  9.99628e-01
 9.10000e+01  9.99434e-01 -5.24577e-04  1.49859e+00 -5.24874e-04  9.99061e-01  9.99626e-01
 9.11000e+01  9.99432e-01 -5.19428e-04  1.49858e+00 -5.19724e-04  9.99057e-01  9.99625e-01
 9.12000e+01  9.99430e-01 -5.14257e-04  1.49858e+00 -5.14550e-04  9.99054e-01  9.99624e-01
 9.13000e+01  9.99428e-01 -5.09064e-04  1.49857e+00 -5.09355e-04  9.99050e-01  9.99622e-01
 9.14000e+01  9.99426e-01 -5.03849e-04  1.49856e+00 -5.04139e-04  9.99047e-01  9.99621e-01
 9.15000e+01  9.99424e-01 -4.98613e-04  1.49856e+00 -4.98900e-04  9.99044e-01  9.99619e-01
 9.16000e+01  9.99422e-01 -4.93355e-04  1.49855e+00 -4.93640e-04  9.99040e-01  9.99618e-01
 9.17000e+01  9.99420e-01 -4.88076e-04  1.49855e+00 -4.88360e-04  9.99037e-01  9.99617e-01
 9.18000e+01  9.99418e-01 -4.82777e-04  1.49855e+00 -4.83058e-04  9.99034e-01  9.99616e-01
 9.19000e+01  9.99416e-01 -4.77456e-04  1.49854e+00 -4.77735e-04  9.99031e-01  9.99614e-01
 9.20000e+01  9.99414e-01 -4.72116e-04  1.49854e+00 -4.72393e-04  9.99027e-01  9.99613e-01
 9.21000e+01  9.99412e-01 -4.66755e-04  1.49853e+00 -4.67030e-04  9.99024e-01  9.99612e-01
 9.22000e+01  9.99410e-01 -4.61374e-04  1.49853e+00 -4.61646e-04  9.99021e-01  9.99611e-01
 9.23000e+01  9.99409e-01 -4.55974e-04  1.49852e+00 -4.56244e-04  9.99018e-01  9.99609e-01
 9.24000e+01  9.99407e-01 -4.50554e-04  1.49852e+00 -4.50821e-04  9.99015e-01  9.99608e-01
 9.25000e+01  9.99405e-01 -4.45114e-04  1.49851e+00 -4.45379e-04  9.99012e-01  9.99607e-01
 9.26000e+01  9.99403e-01 -4.39656e-04  1.49851e+00 -4.39919e-04  9.99009e-01  9.99606e-01
 9.27000e+01  9.99401e-01 -4.34179e-04  1.49850e+00 -4.34439e-04  9.99006e-01  9.99605e-01
 9.28000e+01  9.99400e-01 -4.28683e-04  1.49850e+00 -4.28940e-04  9.99003e-01  9.99604e-01
 9.29000e+01  9.99398e-01 -4.23169e-04  1.49850e+00 -4.23424e-04  9.99001e-01  9.99602e-01
 9.30000e+01  9.99396e-01 -4.17637e-04  1.49849e+00 -4.17889e-04  9.98998e-01  9.99601e-01
 9.31000e+01  9.99395e-01 -4.12086e-04  1.49849e+00 -4.12336e-04  9.98995e-01  9.99600e-01
 9.32000e+01  9.99393e-01 -4.06518e-04  1.49848e+00 -4.06765e-04  9.98992e-01  9.99599e-01
 9.33000e+01  9.99391e-01 -4.00933e-04  1.49848e+00 -4.01177e-04  9.98990e-01  9.99598e-01
 9.34000e+01  9.99390e-01 -3.95331e-04  1.49848e+00 -3.95572e-04  9.98987e-01  9.99597e-01
 9.35000e+01  9.99388e-01 -3.89711e-04  1.49847e+00 -3.89950e-04  9.98985e-01  9.99596e-01
 9.36000e+01  9.99387e-01 -3.84075e-04  1.49847e+00 -3.84311e-04  9.98982e-01  9.99595e-01
 9.37000e+01  9.99385e-01 -3.78422e-04  1.49846e+00 -3.78655e-04  9.98979e-01  9.99594e-01
 9.38000e+01  9.99384e-01 -3.72754e-04  1.49846e+00 -3.72983e-04  9.98977e-01  9.99593e-01
 9.39000e+01  9.99382e-01 -3.67069e-04  1.49846e+00 -3.67296e-04  9.98975e-01  9.99592e-01
 9.40000e+01  9.99381e-01 -3.61368e-04  1.49845e+00 -3.61592e-04  9.98972e-01  9.99591e-01
 9.41000e+01  9.99379e-01 -3.55652e-04  1.49845e+00 -3.55873e-04  9.98970e-01  9.99590e-01
 9.42000e+01  9.99378e-01 -3.49920e-04  1.49845e+00 -3.50138e-04  9.98967e-01  9.99589e-01
 9.43000e+01  9.99377e-01 -3.44174e-04  1.49844e+00 -3.44389e-04  9.98965e-01  9.99588e-01
 9.44000e+01  9.99375e-01 -3.38413e-04  1.49844e+00 -3.38624e-04  9.98963e-01  9.99587e-01
 9.45000e+01  9.99374e-01 -3.32637e-04  1.49844e+00 -3.32845e-04  9.98961e-01  9.99586e-01
 9.46000e+01  9.99373e-01 -3.26847e-04  1.49843e+00 -3.27052e-04  9.98959e-01  9.99586e-01
 9.47000e+01  9.99371e-01 -3.21043e-04  1.49843e+00 -3.21245e-04  9.98956e-01  9.99585e-01
 9.48000e+01  9.99370e-01 -3.15225e-04  1.49843e+00 -3.15423e-04  9.98954e-01  9.99584e-01
 9.49000e+01  9.99369e-01 -3.09393e-04  1.49842e+00 -3.09588e-04  9.98952e-01  9.99583e-01
 9.50000e+01  9.99368e-01 -3.03548e-04  1.49842e+00 -3.03740e-04  9.98950e-01  9.99582e-01
 9.51000e+01  9.99367e-01 -2.97690e-04  1.49842e+00 -2.97879e-04  9.98948e-01  9.99582e-01
 9.52000e+01  9.99365e-01 -2.91820e-04  1.49841e+00 -2.92005e-04  9.98946e-01  9.99581e-01
 9.53000e+01  9.99364e-01 -2.85936e-04  1.49841e+00 -2.86118e-04  9.98944e-01  9.99580e-01
 9.54000e+01  9.99363e-01 -2.80041e-04  1.49841e+00 -2.80219e-04  9.98943e-01  9.99579e-01
 9.55000e+01  9.99362e-01 -2.74133e-04  1.49841e+00 -2.74308e-04  9.98941e-01  9.99579e-01
 9.56000e+01  9.99361e-01 -2.68214e-04  1.49840e+00 -2.68385e-04  9.98939e-01  9.99578e-01
 9.57000e+01  9.99360e-01 -2.62283e-04  1.49840e+00 -2.62451e-04  9.98937e-01  9.99577e-01
 9.58000e+01  9.99359e-01 -2.56341e-04  1.49840e+00 -2.56505e-04  9.98936e-01  9.99576e-01
 9.59000e+01  9.99358e-01 -2.50387e-04  1.49839e+00 -2.50548e-04  9.98934e-01  9.99576e-01
 9.60000e+01  9.99357e-01 -2.44423e-04  1.49839e+00 -2.44581e-04  9.98932e-01  9.99575e-01
 9.61000e+01  9.99356e-01 -2.38449e-04  1.49839e+00 -2.38602e-04  9.98931e-01  9.99575e-01
 9.62000e+01  9.99355e-01 -2.32464e-04  1.49839e+00 -2.32614e-04  9.98929e-01  9.99574e-01
 9.63000e+01  9.99354e-01 -2.26469e-04  1.49839e+00 -2.26615e-04  9.98928e-01  9.99573e-01
 9.64000e+01  9.99353e-01 -2.20464e-04  1.49838e+00 -2.20607e-04  9.98926e-01  9.99573e-01
 9.65000e+01  9.99352e-01 -2.14450e-04  1.49838e+00 -2.14589e-04  9.98925e-01  9.99572e-01
 9.66000e+01  9.99352e-01 -2.08427e-04  1.49838e+00 -2.08562e-04  9.98923e-01  9.99572e-01
 9.67000e+01  9.99351e-01 -2.02394e-04  1.49838e+00 -2.02526e-04  9.98922e-01  9.99571e-01
 9.68000e+01  9.99350e-01 -1.96353e-04  1.49838e+00 -1.96481e-04  9.98921e-01  9.99571e-01
 9.69000e+01  9.99349e-01 -1.90304e-04  1.49837e+00 -1.90427e-04  9.98919e-01  9.99570e-01
 9.70000e+01  9.99348e-01 -1.84246e-04  1.49837e+00 -1.84366e-04  9.98918e-01  9.99570e-01
 9.71000e+01  9.99348e-01 -1.78180e-04  1.49837e+00 -1.78296e-04  9.98917e-01  9.99569e-01
 9.72000e+01  9.99347e-01 -1.72107e-04  1.49837e+00 -1.72219e-04  9.98916e-01  9.99569e-01
 9.73000e+01  9.99346e-01 -1.66026e-04  1.49837e+00 -1.66134e-04  9.98915e-01  9.99568e-01
 9.74000e+01  9.99346e-01 -1.59938e-04  1.49836e+00 -1.60042e-04  9.98914e-01  9.99568e-01
 9.75000e+01  9.99345e-01 -1.53843e-04  1.49836e+00 -1.53944e-04  9.98913e-01  9.99567e-01
 9.76000e+01  9.99344e-01 -1.47741e-04  1.49836e+00 -1.47838e-04  9.98912e-01  9.99567e-01
 9.77000e+01  9.99344e-01 -1.41633e-04  1.49836e+00 -1.41726e-04  9.98911e-01  9.99567e-01
 9.78000e+01  9.99343e-01 -1.35519e-04  1.49836e+00 -1.35608e-04  9.98910e-01  9.99566e-01
 9.79000e+01  9.99343e-01 -1.29399e-04  1.49836e+00 -1.29484e-04  9.98909e-01  9.99566e-01
 9.80000e+01  9.99342e-01 -1.23274e-04  1.49836e+00 -1.23355e-04  9.98908e-01  9.99566e-01
 9.81000e+01  9.99342e-01 -1.17143e-04  1.49836e+00 -1.17220e-04  9.98907e-01  9.99565e-01
 9.82000e+01  9.99341e-01 -1.11007e-04  1.49835e+00 -1.11080e-04  9.98907e-01  9.99565e-01
 9.83000e+01  9.99341e-01 -1.04867e-04  1.49835e+00 -1.04936e-04  9.98906e-01  9.99565e-01
 9.84000e+01  9.99341e-01 -9.87215e-05  1.49835e+00 -9.87866e-05  9.98905e-01  9.99564e-01
 9.85000e+01  9.99340e-01 -9.25721e-05  1.49835e+00 -9.26332e-05  9.98905e-01  9.99564e-01
 9.86000e+01  9.99340e-01 -8.64186e-05  1.49835e+00 -8.64757e-05  9.98904e-01  9.99564e-01
 9.87000e+01  9.99340e-01 -8.02615e-05  1.49835e+00 -8.03145e-05  9.98904e-01  9.99564e-01
 9.88000e+01  9.99339e-01 -7.41008e-05  1.49835e+00 -7.41498e-05  9.98903e-01  9.99563e-01
 9.89000e+01  9.99339e-01 -6.79370e-05  1.49835e+00 -6.79820e-05  9.98903e-01  9.99563e-01
 9.90000e+01  9.99339e-01 -6.17703e-05  1.49835e+00 -6.18111e-05  9.98902e-01  9.99563e-01
 9.91000e+01  9.99338e-01 -5.56009e-05  1.49835e+00 -5.56377e-05  9.98902e-01  9.99563e-01
 9.92000e+01  9.99338e-01 -4.94290e-05  1.49835e+00 -4.94618e-05  9.98901e-01  9.99563e-01
 9.93000e+01  9.99338e-01 -4.32551e-05  1.49835e+00 -4.32837e-05  9.98901e-01  9.99563e-01
 9.94000e+01  9.99338e-01 -3.70792e-05  1.49835e+00 -3.71038e-05  9.98901e-01  9.99563e-01
 9.95000e+01  9.99338e-01 -3.09018e-05  1.49834e+00 -3.09223e-05  9.98901e-01  9.99563e-01
 9.96000e+01  9.99338e-01 -2.47231e-05  1.49834e+00 -2.47394e-05  9.98900e-01  9.99562e-01
 9.97000e+01  9.99338e-01 -1.85432e-05  1.49834e+00 -1.85555e-05  9.98900e-01  9.99562e-01
 9.98000e+01  9.99338e-01 -1.23626e-05  1.49834e+00 -1.23708e-05  9.98900e-01  9.99562e-01
 9.99000e+01  9.99338e-01 -6.18143e-06  1.49834e+00 -6.18553e-06  9.98900e-01  9.99562e-01
