 0.00000e+00  9.91150e-01 -3.50830e-15  1.47794e+00 -3.53963e-15  9.85294e-01  9.94092e-01
 1.00000e-01  9.91150e-01 -5.00185e-05  1.47794e+00 -5.04652e-05  9.85295e-01  9.94092e-01
 2.00000e-01  9.91151e-01 -1.00049e-04  1.47795e+00 -1.00942e-04  9.85297e-01  9.94093e-01
 3.00000e-01  9.91153e-01 -1.50103e-04  1.47795e+00 -1.51443e-04  9.85300e-01  9.94095e-01
 4.00000e-01  9.91156e-01 -2.00193e-04  1.47796e+00 -2.01979e-04  9.85305e-01  9.94097e-01
 5.00000e-01  9.91160e-01 -2.50330e-04  1.47797e+00 -2.52563e-04  9.85311e-01  9.94099e-01
 6.00000e-01  9.91164e-01 -3.00526e-04  1.47798e+00 -3.03205e-04  9.85319e-01  9.94102e-01
 7.00000e-01  9.91170e-01 -3.50794e-04  1.47799e+00 -3.53919e-04  9.85327e-01  9.94106e-01
 8.00000e-01  9.91176e-01 -4.01145e-04  1.47801e+00 -4.04716e-04  9.85338e-01  9.94110e-01
 9.00000e-01  9.91183e-01 -4.51590e-04  1.47802e+00 -4.55607e-04  9.85349e-01  9.94114e-01
 1.00000e+00  9.91191e-01 -5.02142e-04  1.47804e+00 -5.06604e-04  9.85362e-01  9.94120e-01
 1.10000e+00  9.91199e-01 -5.52812e-04  1.47806e+00 -5.57720e-04  9.85376e-01  9.94125e-01
 1.20000e+00  9.91209e-01 -6.03612e-04  1.47809e+00 -6.08965e-04  9.85392e-01  9.94132e-01
 1.30000e+00  9.91219e-01 -6.54554e-04  1.47811e+00 -6.60352e-04  9.85409e-01  9.94138e-01
 1.40000e+00  9.91230e-01 -7.05649e-04  1.47814e+00 -7.11892e-04  9.85427e-01  9.94146e-01
 1.50000e+00  9.91242e-01 -7.56909e-04  1.47817e+00 -7.63596e-04  9.85447e-01  9.94154e-01
 1.60000e+00  9.91255e-01 -8.08346e-04  1.47820e+00 -8.15477e-04  9.85468e-01  9.94162e-01
 1.70000e+00  9.91269e-01 -8.59971e-04  1.47824e+00 -8.67545e-04  9.85491e-01  9.94171e-01
 1.80000e+00  9.91283e-01 -9.11795e-04  1.47827e+00 -9.19813e-04  9.85515e-01  9.94181e-01
 1.90000e+00  9.91298e-01 -9.63831e-04  1.47831e+00 -9.72291e-04  9.85540e-01  9.94191e-01
 2.00000e+00  9.91314e-01 -1.01609e-03  1.47835e+00 -1.02499e-03  9.85567e-01  9.94202e-01
 2.10000e+00  9.91331e-01 -1.06858e-03  1.47839e+00 -1.07793e-03  9.85595e-01  9.94213e-01
 2.20000e+00  9.91349e-01 -1.12132e-03  1.47844e+00 -1.13110e-03  9.85624e-01  9.94225e-01
 2.30000e+00  9.91368e-01 -1.17431e-03  1.47848e+00 -1.18454e-03  9.85655e-01  9.94237e-01
 2.40000e+00  9.91387e-01 -1.22757e-03  1.47853e+00 -1.23824e-03  9.85687e-01  9.94250e-01
 2.50000e+00  9.91408e-01 -1.28111e-03  1.47858e+00 -1.29221e-03  9.85721e-01  9.94264e-01
 2.60000e+00  9.91429e-01 -1.33494e-03  1.47863e+00 -1.34648e-03  9.85756e-01  9.94278e-01
 2.70000e+00  9.91451e-01 -1.38907e-03  1.47869e+00 -1.40105e-03  9.85792e-01  9.94293e-01
 2.80000e+00  9.91474e-01 -1.44351e-03  1.47874e+00 -1.45592e-03  9.85830e-01  9.94308e-01
 2.90000e+00  9.91497e-01 -1.49827e-03  1.47880e+00 -1.51112e-03  9.85869e-01  9.94324e-01
 3.00000e+00  9.91522e-01 -1.55336e-03  1.47886e+00 -1.56664e-03  9.85910e-01  9.94340e-01
 3.10000e+00  9.91547e-01 -1.60879e-03  1.47893e+00 -1.62251e-03  9.85952e-01  9.94357e-01
 3.20000e+00  9.91573e-01 -1.66458e-03  1.47899e+00 -1.67873e-03  9.85995e-01  9.94374e-01
 3.30000e+00  9.91600e-01 -1.72073e-03  1.47906e+00 -1.73530e-03  9.86040e-01  9.94392e-01
 3.40000e+00  9.91628e-01 -1.77725e-03  1.47913e+00 -1.79225e-03  9.86086e-01  9.94411e-01
 3.50000e+00  9.91657e-01 -1.83415e-03  1.47920e+00 -1.84958e-03  9.86134e-01  9.94430e-01
 3.60000e+00  9.91687e-01 -1.89145e-03  1.47927e+00 -1.90730e-03  9.86183e-01  9.94450e-01
 3.70000e+00  9.91717e-01 -1.94914e-03  1.47935e+00 -1.96542e-03  9.86233e-01  9.94470e-01
 3.80000e+00  9.91749e-01 -2.00724e-03  1.47943e+00 -2.02394e-03  9.86285e-01  9.94491e-01
 3.90000e+00  9.91781e-01 -2.06576e-03  1.47951e+00 -2.08288e-03  9.86339e-01  9.94513e-01
 4.00000e+00  9.91814e-01 -2.12471e-03  1.47959e+00 -2.14225e-03  9.86393e-01  9.94535e-01
 4.10000e+00  9.91848e-01 -2.18410e-03  1.47967e+00 -2.20205e-03  9.86450e-01  9.94557e-01
 4.20000e+00  9.91883e-01 -2.24392e-03  1.47976e+00 -2.26229e-03  9.86507e-01  9.94580e-01
 4.30000e+00  9.91918e-01 -2.30420e-03  1.47985e+00 -2.32297e-03  9.86566e-01  9.94604e-01
 4.40000e+00  9.91955e-01 -2.36494e-03  1.47994e+00 -2.38412e-03  9.86627e-01  9.94629e-01
 4.50000e+00  9.91992e-01 -2.42614e-03  1.48003e+00 -2.44572e-03  9.86689e-01  9.94653e-01
 4.60000e+00  9.92031e-01 -2.48781e-03  1.48013e+00 -2.50779e-03  9.86752e-01  9.94679e-01
 4.70000e+00  9.92070e-01 -2.54996e-03  1.48023e+00 -2.57034e-03  9.86817e-01  9.94705e-01
 4.80000e+00  9.92110e-01 -2.61259e-03  1.48032e+00 -2.63337e-03  9.86883e-01  9.94732e-01
 4.90000e+00  9.92150e-01 -2.67571e-03  1.48043e+00 -2.69688e-03  9.86950e-01  9.94759e-01
 5.00000e+00  9.92192e-01 -2.73933e-03  1.48053e+00 -2.76089e-03  9.87019e-01  9.94787e-01
 5.10000e+00  9.92235e-01 -2.80345e-03  1.48063e+00 -2.82539e-03  9.87090e-01  9.94815e-01
 5.20000e+00  9.92278e-01 -2.86807e-03  1.48074e+00 -2.89039e-03  9.87162e-01  9.94844e-01
 5.30000e+00  9.92322e-01 -2.93319e-03  1.48085e+00 -2.95589e-03  9.87235e-01  9.94873e-01
 5.40000e+00  9.92367e-01 -2.99883e-03  1.48096e+00 -3.02189e-03  9.87310e-01  9.94903e-01
 5.50000e+00  9.92413e-01 -3.06497e-03  1.48108e+00 -3.08841e-03  9.87386e-01  9.94934e-01
 5.60000e+00  9.92460e-01 -3.13164e-03  1.48120e+00 -3.15543e-03  9.87463e-01  9.94965e-01
 5.70000e+00  9.92508e-01 -3.19881e-03  1.48131e+00 -3.22296e-03  9.87542e-01  9.94997e-01
 5.80000e+00  9.92556e-01 -3.26651e-03  1.48143e+00 -3.29100e-03  9.87623e-01  9.95029e-01
 5.90000e+00  9.92605e-01 -3.33471e-03  1.48156e+00 -3.35956e-03  9.87704e-01  9.95062e-01
 6.00000e+00  9.92656e-01 -3.40344e-03  1.48168e+00 -3.42862e-03  9.87787e-01  9.95096e-01
 6.10000e+00  9.92706e-01 -3.47268e-03  1.48181e+00 -3.49819e-03  9.87872e-01  9.95130e-01
 6.20000e+00  9.92758e-01 -3.54243e-03  1.48194e+00 -3.56827e-03  9.87957e-01  9.95164e-01
 6.30000e+00  9.92811e-01 -3.61268e-03  1.48207e+00 -3.63884e-03  9.88044e-01  9.95199e-01
 6.40000e+00  9.92864e-01 -3.68345e-03  1.48220e+00 -3.70992e-03  9.88133e-01  9.95235e-01
 6.50000e+00  9.92918e-01 -3.75471e-03  1.48233e+00 -3.78149e-03  9.88223e-01  9.95271e-01
 6.60000e+00  9.92973e-01 -3.82647e-03  1.48247e+00 -3.85355e-03  9.88314e-01  9.95307e-01
 6.70000e+00  9.93029e-01 -3.89872e-03  1.48261e+00 -3.92609e-03  9.88406e-01  9.95345e-01
 6.80000e+00  9.93085e-01 -3.97146e-03  1.48275e+00 -3.99911e-03  9.88499e-01  9.95382e-01
 6.90000e+00  9.93142e-01 -4.04466e-03  1.48289e+00 -4.07259e-03  9.88594e-01  9.95420e-01
 7.00000e+00  9.93200e-01 -4.11834e-03  1.48304e+00 -4.14653e-03  9.88690e-01  9.95459e-01
 7.10000e+00  9.93259e-01 -4.19247e-03  1.48318e+00 -4.22092e-03  9.88788e-01  9.95498e-01
 7.20000e+00  9.93318e-01 -4.26704e-03  1.48333e+00 -4.29575e-03  9.88886e-01  9.95538e-01
 7.30000e+00  9.93379e-01 -4.34205e-03  1.48348e+00 -4.37100e-03  9.88986e-01  9.95578e-01
 7.40000e+00  9.93439e-01 -4.41749e-03  1.48363e+00 -4.44666e-03  9.89087e-01  9.95619e-01
 7.50000e+00  9.93501e-01 -4.49333e-03  1.48378e+00 -4.52272e-03  9.89189e-01  9.95660e-01
 7.60000e+00  9.93563e-01 -4.56956e-03  1.48394e+00 -4.59916e-03  9.89292e-01  9.95701e-01
 7.70000e+00  9.93626e-01 -4.64617e-03  1.48409e+00 -4.67598e-03  9.89396e-01  9.95743e-01
 7.80000e+00  9.93689e-01 -4.72315e-03  1.48425e+00 -4.75314e-03  9.89501e-01  9.95785e-01
 7.90000e+00  9.93753e-01 -4.80047e-03  1.48441e+00 -4.83064e-03  9.89607e-01  9.95828e-01
 8.00000e+00  9.93818e-01 -4.87812e-03  1.48457e+00 -4.90846e-03  9.89715e-01  9.95871e-01
 8.10000e+00  9.93883e-01 -4.95607e-03  1.48473e+00 -4.98657e-03  9.89823e-01  9.95915e-01
 8.20000e+00  9.93949e-01 -5.03431e-03  1.48490e+00 -5.06496e-03  9.89932e-01  9.95959e-01
 8.30000e+00  9.94015e-01 -5.11282e-03  1.48506e+00 -5.14360e-03  9.90042e-01  9.96003e-01
 8.40000e+00  9.94082e-01 -5.19157e-03  1.48523e+00 -5.22248e-03  9.90153e-01  9.96048e-01
 8.50000e+00  9.94149e-01 -5.27054e-03  1.48540e+00 -5.30156e-03  9.90265e-01  9.96092e-01
 8.60000e+00  9.94217e-01 -5.34972e-03  1.48557e+00 -5.38083e-03  9.90377e-01  9.96138e-01
 8.70000e+00  9.94285e-01 -5.42906e-03  1.48574e+00 -5.46026e-03  9.90491e-01  9.96183e-01
 8.80000e+00  9.94354e-01 -5.50855e-03  1.48591e+00 -5.53983e-03  9.90605e-01  9.96229e-01
 8.90000e+00  9.94423e-01 -5.58817e-03  1.48608e+00 -5.61950e-03  9.90719e-01  9.96275e-01
 9.00000e+00  9.94493e-01 -5.66788e-03  1.48625e+00 -5.69926e-03  9.90835e-01  9.96322e-01
 9.10000e+00  9.94563e-01 -5.74765e-03  1.48643e+00 -5.77907e-03  9.90951e-01  9.96368e-01
 9.20000e+00  9.94633e-01 -5.82747e-03  1.48660e+00 -5.85891e-03  9.91067e-01  9.96415e-01
 9.30000e+00  9.94703e-01 -5.90730e-03  1.48678e+00 -5.93875e-03  9.91184e-01  9.96462e-01
 9.40000e+00  9.94774e-01 -5.98711e-03  1.48695e+00 -6.01856e-03  9.91302e-01  9.96510e-01
 9.50000e+00  9.94845e-01 -6.06687e-03  1.48713e+00 -6.09830e-03  9.91420e-01  9.96557e-01
 9.60000e+00  9.94917e-01 -6.14655e-03  1.48731e+00 -6.17796e-03  9.91538e-01  9.96605e-01
 9.70000e+00  9.94988e-01 -6.22613e-03  1.48749e+00 -6.25749e-03  9.91657e-01  9.96652e-01
 9.80000e+00  9.95060e-01 -6.30557e-03  1.48766e+00 -6.33687e-03  9.91776e-01  9.96700e-01
 9.90000e+00  9.95132e-01 -6.38484e-03  1.48784e+00 -6.41607e-03  9.91896e-01  9.96748e-01
 1.00000e+01  9.95204e-01 -6.46391e-03  1.48802e+00 -6.49506e-03  9.92015e-01  9.96796e-01
 1.01000e+01  9.95276e-01 -6.54275e-03  1.48820e+00 -6.57381e-03  9.92135e-01  9.96844e-01
 1.02000e+01  9.95348e-01 -6.62133e-03  1.48838e+00 -6.65228e-03  9.92255e-01  9.96893e-01
 1.03000e+01  9.95420e-01 -6.69962e-03  1.48856e+00 -6.73044e-03  9.92375e-01  9.96941e-01
 1.04000e+01  9.95492e-01 -6.77758e-03  1.48874e+00 -6.80827e-03  9.92495e-01  9.96989e-01
 1.05000e+01  9.95564e-01 -6.85519e-03  1.48892e+00 -6.88573e-03  9.92615e-01  9.97037e-01
 1.06000e+01  9.95637e-01 -6.93242e-03  1.48910e+00 -6.96280e-03  9.92735e-01  9.97086e-01
 1.07000e+01  9.95709e-01 -7.00924e-03  1.48928e+00 -7.03945e-03  9.92855e-01  9.97134e-01
 1.08000e+01  9.95781e-01 -7.08562e-03  1.48946e+00 -7.11564e-03  9.92975e-01  9.97182e-01
 1.09000e+01  9.95853e-01 -7.16152e-03  1.48964e+00 -7.19135e-03  9.93094e-01  9.97230e-01
 1.10000e+01  9.95925e-01 -7.23693e-03  1.48982e+00 -7.26654e-03  9.93214e-01  9.97278e-01
 1.11000e+01  9.95996e-01 -7.31181e-03  1.49000e+00 -7.34120e-03  9.93333e-01  9.97326e-01
 1.12000e+01  9.96068e-01 -7.38614e-03  1.49018e+00 -7.41530e-03  9.93452e-01  9.97374e-01
 1.13000e+01  9.96139e-01 -7.45989e-03  1.49036e+00 -7.48881e-03  9.93570e-01  9.97421e-01
 1.14000e+01  9.96210e-01 -7.53304e-03  1.49053e+00 -7.56170e-03  9.93689e-01  9.97469e-01
 1.15000e+01  9.96281e-01 -7.60556e-03  1.49071e+00 -7.63395e-03  9.93807e-01  9.97516e-01
 1.16000e+01  9.96352e-01 -7.67743e-03  1.49089e+00 -7.70554e-03  9.93924e-01  9.97563e-01
 1.17000e+01  9.96422e-01 -7.74862e-03  1.49106e+00 -7.77644e-03  9.94041e-01  9.97610e-01
 1.18000e+01  9.96492e-01 -7.81911e-03  1.49124e+00 -7.84663e-03  9.94158e-01  9.97657e-01
 1.19000e+01  9.96562e-01 -7.88889e-03  1.49141e+00 -7.91610e-03  9.94274e-01  9.97704e-01
 1.20000e+01  9.96631e-01 -7.95792e-03  1.49158e+00 -7.98482e-03  9.94389e-01  9.97750e-01
 1.21000e+01  9.96701e-01 -8.02620e-03  1.49176e+00 -8.05277e-03  9.94504e-01  9.97796e-01
 1.22000e+01  9.96769e-01 -8.09371e-03  1.49193e+00 -8.11994e-03  9.94618e-01  9.97842e-01
 1.23000e+01  9.96838e-01 -8.16042e-03  1.49210e+00 -8.18631e-03  9.94732e-01  9.97888e-01
 1.24000e+01  9.96905e-01 -8.22633e-03  1.49227e+00 -8.25186e-03  9.94845e-01  9.97933e-01
 1.25000e+01  9.96973e-01 -8.29141e-03  1.49244e+00 -8.31659e-03  9.94957e-01  9.97978e-01
 1.26000e+01  9.97040e-01 -8.35566e-03  1.49260e+00 -8.38046e-03  9.95069e-01  9.98023e-01
 1.27000e+01  9.97107e-01 -8.41905e-03  1.49277e+00 -8.44348e-03  9.95180e-01  9.98067e-01
 1.28000e+01  9.97173e-01 -8.48159e-03  1.49294e+00 -8.50563e-03  9.95290e-01  9.98112e-01
 1.29000e+01  9.97239e-01 -8.54325e-03  1.49310e+00 -8.56690e-03  9.95400e-01  9.98156e-01
 1.30000e+01  9.97304e-01 -8.60402e-03  1.49326e+00 -8.62728e-03  9.95508e-01  9.98199e-01
 1.31000e+01  9.97369e-01 -8.66391e-03  1.49342e+00 -8.68676e-03  9.95616e-01  9.98243e-01
 1.32000e+01  9.97433e-01 -8.72289e-03  1.49358e+00 -8.74534e-03  9.95723e-01  9.98286e-01
 1.33000e+01  9.97497e-01 -8.78097e-03  1.49374e+00 -8.80300e-03  9.95830e-01  9.98328e-01
 1.34000e+01  9.97560e-01 -8.83813e-03  1.49390e+00 -8.85974e-03  9.95935e-01  9.98371e-01
 1.35000e+01  9.97623e-01 -8.89437e-03  1.49406e+00 -8.91556e-03  9.96040e-01  9.98413e-01
 1.36000e+01  9.97686e-01 -8.94969e-03  1.49422e+00 -8.97045e-03  9.96144e-01  9.98454e-01
 1.37000e+01  9.97748e-01 -9.00407e-03  1.49437e+00 -9.02440e-03  9.96247e-01  9.98496e-01
 1.38000e+01  9.97809e-01 -9.05753e-03  1.49452e+00 -9.07742e-03  9.96349e-01  9.98537e-01
 1.39000e+01  9.97870e-01 -9.11005e-03  1.49468e+00 -9.12950e-03  9.96450e-01  9.98577e-01
 1.40000e+01  9.97930e-01 -9.16163e-03  1.49483e+00 -9.18064e-03  9.96551e-01  9.98618e-01
 1.41000e+01  9.97990e-01 -9.21228e-03  1.49498e+00 -9.23083e-03  9.96650e-01  9.98658e-01
 1.42000e+01  9.98049e-01 -9.26199e-03  1.49512e+00 -9.28009e-03  9.96749e-01  9.98697e-01
 1.43000e+01  9.98108e-01 -9.31076e-03  1.49527e+00 -9.32841e-03  9.96847e-01  9.98737e-01
 1.44000e+01  9.98166e-01 -9.35859e-03  1.49542e+00 -9.37578e-03  9.96944e-01  9.98775e-01
 1.45000e+01  9.98224e-01 -9.40548e-03  1.49556e+00 -9.42222e-03  9.97040e-01  9.98814e-01
 1.46000e+01  9.98281e-01 -9.45145e-03  1.49570e+00 -9.46772e-03  9.97135e-01  9.98852e-01
 1.47000e+01  9.98338e-01 -9.49647e-03  1.49584e+00 -9.51229e-03  9.97229e-01  9.98890e-01
 1.48000e+01  9.98394e-01 -9.54057e-03  1.49598e+00 -9.55592e-03  9.97323e-01  9.98928e-01
 1.49000e+01  9.98449e-01 -9.58374e-03  1.49612e+00 -9.59863e-03  9.97416e-01  9.98965e-01
 1.50000e+01  9.98504e-01 -9.62599e-03  1.49626e+00 -9.64041e-03  9.97507e-01  9.99002e-01
 1.51000e+01  9.98559e-01 -9.66732e-03  1.49640e+00 -9.68127e-03  9.97598e-01  9.99038e-01
 1.52000e+01  9.98613e-01 -9.70773e-03  1.49653e+00 -9.72122e-03  9.97688e-01  9.99074e-01
 1.53000e+01  9.98666e-01 -9.74723e-03  1.49667e+00 -9.76025e-03  9.97777e-01  9.99110e-01
 1.54000e+01  9.98719e-01 -9.78583e-03  1.49680e+00 -9.79838e-03  9.97866e-01  9.99145e-01
 1.55000e+01  9.98772e-01 -9.82352e-03  1.49693e+00 -9.83560e-03  9.97953e-01  9.99180e-01
 1.56000e+01  9.98824e-01 -9.86032e-03  1.49706e+00 -9.87193e-03  9.98040e-01  9.99215e-01
 1.57000e+01  9.98875e-01 -9.89623e-03  1.49719e+00 -9.90737e-03  9.98125e-01  9.99250e-01
 1.58000e+01  9.98926e-01 -9.93125e-03  1.49732e+00 -9.94193e-03  9.98210e-01  9.99284e-01
 1.59000e+01  9.98976e-01 -9.96540e-03  1.49744e+00 -9.97561e-03  9.98294e-01  9.99317e-01
 1.60000e+01  9.99026e-01 -9.99867e-03  1.49757e+00 -1.00084e-02  9.98378e-01  9.99351e-01
 1.61000e+01  9.99076e-01 -1.00311e-02  1.49769e+00 -1.00404e-02  9.98460e-01  9.99384e-01
 1.62000e+01  9.99125e-01 -1.00626e-02  1.49781e+00 -1.00714e-02  9.98542e-01  9.99416e-01
 1.63000e+01  9.99173e-01 -1.00933e-02  1.49793e+00 -1.01017e-02  9.98622e-01  9.99449e-01
 1.64000e+01  9.99221e-01 -1.01232e-02  1.49805e+00 -1.01311e-02  9.98702e-01  9.99481e-01
 1.65000e+01  9.99268e-01 -1.01522e-02  1.49817e+00 -1.01596e-02  9.98782e-01  9.99513e-01
 1.66000e+01  9.99315e-01 -1.01804e-02  1.49829e+00 -1.01873e-02  9.98860e-01  9.99544e-01
 1.67000e+01  9.99362e-01 -1.02077e-02  1.49841e+00 -1.02142e-02  9.98937e-01  9.99575e-01
 1.68000e+01  9.99408e-01 -1.02342e-02  1.49852e+00 -1.02403e-02  9.99014e-01  9.99606e-01
 1.69000e+01  9.99454e-01 -1.02600e-02  1.49864e+00 -1.02656e-02  9.99090e-01  9.99637e-01
 1.70000e+01  9.99499e-01 -1.02849e-02  1.49875e+00 -1.02900e-02  9.99166e-01  9.99667e-01
 1.71000e+01  9.99543e-01 -1.03090e-02  1.49886e+00 -1.03137e-02  9.99240e-01  9.99697e-01
 1.72000e+01  9.99588e-01 -1.03324e-02  1.49897e+00 -1.03366e-02  9.99314e-01  9.99726e-01
 1.73000e+01  9.99631e-01 -1.03549e-02  1.49908e+00 -1.03587e-02  9.99387e-01  9.99756e-01
 1.74000e+01  9.99675e-01 -1.03767e-02  1.49919e+00 -1.03801e-02  9.99459e-01  9.99785e-01
 1.75000e+01  9.99718e-01 -1.03977e-02  1.49930e+00 -1.04006e-02  9.99531e-01  9.99813e-01
 1.76000e+01  9.99760e-01 -1.04180e-02  1.49940e+00 -1.04205e-02  9.99602e-01  9.99842e-01
 1.77000e+01  9.99802e-01 -1.04375e-02  1.49951e+00 -1.04395e-02  9.99672e-01  9.99870e-01
 1.78000e+01  9.99844e-01 -1.04562e-02  1.49961e+00 -1.04579e-02  9.99741e-01  9.99898e-01
 1.79000e+01  9.99885e-01 -1.04742e-02  1.49972e+00 -1.04754e-02  9.99810e-01  9.99925e-01
 1.80000e+01  9.99926e-01 -1.04915e-02  1.49982e+00 -1.04923e-02  9.99878e-01  9.99952e-01
 1.81000e+01  9.99966e-01 -1.05081e-02  1.49992e+00 -1.05085e-02  9.99946e-01  9.99980e-01
 1.82000e+01  1.00001e+00 -1.05240e-02  1.50002e+00 -1.05239e-02  1.00001e+00  1.00001e+00
 1.83000e+01  1.00005e+00 -1.05391e-02  1.50012e+00 -1.05386e-02  1.00008e+00  1.00003e+00
 1.84000e+01  1.00008e+00 -1.05535e-02  1.50022e+00 -1.05526e-02  1.00014e+00  1.00006e+00
 1.85000e+01  1.00012e+00 -1.05673e-02  1.50031e+00 -1.05660e-02  1.00021e+00  1.00008e+00
 1.86000e+01  1.00016e+00 -1.05804e-02  1.50041e+00 -1.05786e-02  1.00027e+00  1.00011e+00
 1.87000e+01  1.00020e+00 -1.05927e-02  1.50050e+00 -1.05906e-02  1.00034e+00  1.00014e+00
 1.88000e+01  1.00024e+00 -1.06045e-02  1.50060e+00 -1.06019e-02  1.00040e+00  1.00016e+00
 1.89000e+01  1.00027e+00 -1.06155e-02  1.50069e+00 -1.06126e-02  1.00046e+00  1.00019e+00
 1.90000e+01  1.00031e+00 -1.06259e-02  1.50078e+00 -1.06226e-02  1.00052e+00  1.00021e+00
 1.91000e+01  1.00035e+00 -1.06356e-02  1.50088e+00 -1.06319e-02  1.00058e+00  1.00024e+00
 1.92000e+01  1.00038e+00 -1.06447e-02  1.50097e+00 -1.06406e-02  1.00064e+00  1.00026e+00
 1.93000e+01  1.00042e+00 -1.06532e-02  1.50106e+00 -1.06487e-02  1.00070e+00  1.00028e+00
 1.94000e+01  1.00046e+00 -1.06610e-02  1.50114e+00 -1.06562e-02  1.00076e+00  1.00031e+00
 1.95000e+01  1.00049e+00 -1.06682e-02  1.50123e+00 -1.06630e-02  1.00082e+00  1.00033e+00
 1.96000e+01  1.00053e+00 -1.06748e-02  1.50132e+00 -1.06692e-02  1.00088e+00  1.00035e+00
 1.97000e+01  1.00056e+00 -1.06808e-02  1.50141e+00 -1.06748e-02  1.00094e+00  1.00038e+00
 1.98000e+01  1.00059e+00 -1.06861e-02  1.50149e+00 -1.06798e-02  1.00099e+00  1.00040e+00
 1.99000e+01  1.00063e+00 -1.06909e-02  1.50158e+00 -1.06842e-02  1.00105e+00  1.00042e+00
 2.00000e+01  1.00066e+00 -1.06951e-02  1.50166e+00 -1.06880e-02  1.00111e+00  1.00044e+00
 2.01000e+01  1.00069e+00 -1.06987e-02  1.50174e+00 -1.06913e-02  1.00116e+00  1.00047e+00
 2.02000e+01  1.00073e+00 -1.07017e-02  1.50182e+00 -1.06939e-02  1.00122e+00  1.00049e+00
 2.03000e+01  1.00076e+00 -1.07041e-02  1.50191e+00 -1.06960e-02  1.00127e+00  1.00051e+00
 2.04000e+01  1.00079e+00 -1.07060e-02  1.50199e+00 -1.06976e-02  1.00132e+00  1.00053e+00
 2.05000e+01  1.00082e+00 -1.07073e-02  1.50207e+00 -1.06985e-02  1.00138e+00  1.00055e+00
 2.06000e+01  1.00085e+00 -1.07081e-02  1.50214e+00 -1.06990e-02  1.00143e+00  1.00057e+00
 2.07000e+01  1.00089e+00 -1.07083e-02  1.50222e+00 -1.06988e-02  1.00148e+00  1.00060e+00
 2.08000e+01  1.00092e+00 -1.07080e-02  1.50230e+00 -1.06982e-02  1.00153e+00  1.00062e+00
 2.09000e+01  1.00095e+00 -1.07071e-02  1.50238e+00 -1.06970e-02  1.00158e+00  1.00064e+00
 2.10000e+01  1.00098e+00 -1.07057e-02  1.50245e+00 -1.06953e-02  1.00163e+00  1.00066e+00
 2.11000e+01  1.00101e+00 -1.07038e-02  1.50253e+00 -1.06930e-02  1.00169e+00  1.00068e+00
 2.12000e+01  1.00104e+00 -1.07013e-02  1.50260e+00 -1.06902e-02  1.00173e+00  1.00070e+00
 2.13000e+01  1.00107e+00 -1.06984e-02  1.50268e+00 -1.06870e-02  1.00178e+00  1.00072e+00
 2.14000e+01  1.00110e+00 -1.06949e-02  1.50275e+00 -1.06832e-02  1.00183e+00  1.00074e+00
 2.15000e+01  1.00113e+00 -1.06909e-02  1.50282e+00 -1.06789e-02  1.00188e+00  1.00075e+00
 2.16000e+01  1.00115e+00 -1.06865e-02  1.50289e+00 -1.06741e-02  1.00193e+00  1.00077e+00
 2.17000e+01  1.00118e+00 -1.06815e-02  1.50296e+00 -1.06689e-02  1.00198e+00  1.00079e+00
 2.18000e+01  1.00121e+00 -1.06760e-02  1.50303e+00 -1.06631e-02  1.00202e+00  1.00081e+00
 2.19000e+01  1.00124e+00 -1.06701e-02  1.50310e+00 -1.06569e-02  1.00207e+00  1.00083e+00
 2.20000e+01  1.00127e+00 -1.06637e-02  1.50317e+00 -1.06502e-02  1.00212e+00  1.00085e+00
 2.21000e+01  1.00129e+00 -1.06568e-02  1.50324e+00 -1.06430e-02  1.00216e+00  1.00087e+00
 2.22000e+01  1.00132e+00 -1.06494e-02  1.50331e+00 -1.06354e-02  1.00221e+00  1.00089e+00
 2.23000e+01  1.00135e+00 -1.06416e-02  1.50338e+00 -1.06273e-02  1.00225e+00  1.00090e+00
 2.24000e+01  1.00137e+00 -1.06333e-02  1.50344e+00 -1.06188e-02  1.00230e+00  1.00092e+00
 2.25000e+01  1.00140e+00 -1.06246e-02  1.50351e+00 -1.06098e-02  1.00234e+00  1.00094e+00
 2.26000e+01  1.00143e+00 -1.06154e-02  1.50357e+00 -1.06003e-02  1.00238e+00  1.00096e+00
 2.27000e+01  1.00145e+00 -1.06058e-02  1.50364e+00 -1.05904e-02  1.00243e+00  1.00097e+00
 2.28000e+01  1.00148e+00 -1.05957e-02  1.50370e+00 -1.05801e-02  1.00247e+00  1.00099e+00
 2.29000e+01  1.00150e+00 -1.05852e-02  1.50377e+00 -1.05694e-02  1.00251e+00  1.00101e+00
 2.30000e+01  1.00153e+00 -1.05743e-02  1.50383e+00 -1.05582e-02  1.00255e+00  1.00102e+00
 2.31000e+01  1.00155e+00 -1.05630e-02  1.50389e+00 -1.05466e-02  1.00259e+00  1.00104e+00
 2.32000e+01  1.00158e+00 -1.05512e-02  1.50395e+00 -1.05346e-02  1.00264e+00  1.00106e+00
 2.33000e+01  1.00160e+00 -1.05390e-02  1.50401e+00 -1.05222e-02  1.00268e+00  1.00107e+00
 2.34000e+01  1.00163e+00 -1.05264e-02  1.50408e+00 -1.05093e-02  1.00272e+00  1.00109e+00
 2.35000e+01  1.00165e+00 -1.05134e-02  1.50414e+00 -1.04961e-02  1.00276e+00  1.00111e+00
 2.36000e+01  1.00167e+00 -1.05000e-02  1.50420e+00 -1.04824e-02  1.00280e+00  1.00112e+00
 2.37000e+01  1.00170e+00 -1.04862e-02  1.50425e+00 -1.04684e-02  1.00284e+00  1.00114e+00
 2.38000e+01  1.00172e+00 -1.04719e-02  1.50431e+00 -1.04540e-02  1.00288e+00  1.00115e+00
 2.39000e+01  1.00174e+00 -1.04573e-02  1.50437e+00 -1.04391e-02  1.00291e+00  1.00117e+00
 2.40000e+01  1.00177e+00 -1.04423e-02  1.50443e+00 -1.04239e-02  1.00295e+00  1.00118e+00
 2.41000e+01  1.00179e+00 -1.04270e-02  1.50448e+00 -1.04083e-02  1.00299e+00  1.00120e+00
 2.42000e+01  1.00181e+00 -1.04112e-02  1.50454e+00 -1.03924e-02  1.00303e+00  1.00121e+00
 2.43000e+01  1.00183e+00 -1.03951e-02  1.50460e+00 -1.03761e-02  1.00306e+00  1.00123e+00
 2.44000e+01  1.00186e+00 -1.03786e-02  1.50465e+00 -1.03593e-02  1.00310e+00  1.00124e+00
 2.45000e+01  1.00188e+00 -1.03617e-02  1.50471e+00 -1.03423e-02  1.00314e+00  1.00126e+00
 2.46000e+01  1.00190e+00 -1.03445e-02  1.50476e+00 -1.03248e-02  1.00317e+00  1.00127e+00
 2.47000e+01  1.00192e+00 -1.03269e-02  1.50482e+00 -1.03071e-02  1.00321e+00  1.00129e+00
 2.48000e+01  1.00194e+00 -1.03089e-02  1.50487e+00 -1.02889e-02  1.00325e+00  1.00130e+00
 2.49000e+01  1.00196e+00 -1.02906e-02  1.50492e+00 -1.02704e-02  1.00328e+00  1.00132e+00
 2.50000e+01  1.00198e+00 -1.02719e-02  1.50497e+00 -1.02516e-02  1.00332e+00  1.00133e+00
 2.51000e+01  1.00201e+00 -1.02529e-02  1.50503e+00 -1.02324e-02  1.00335e+00  1.00134e+00
 2.52000e+01  1.00203e+00 -1.02336e-02  1.50508e+00 -1.02129e-02  1.00339e+00  1.00136e+00
 2.53000e+01  1.00205e+00 -1.02139e-02  1.50513e+00 -1.01930e-02  1.00342e+00  1.00137e+00
 2.54000e+01  1.00207e+00 -1.01938e-02  1.50518e+00 -1.01728e-02  1.00345e+00  1.00138e+00
 2.55000e+01  1.00209e+00 -1.01735e-02  1.50523e+00 -1.01523e-02  1.00349e+00  1.00140e+00
 2.56000e+01  1.00211e+00 -1.01528e-02  1.50528e+00 -1.01314e-02  1.00352e+00  1.00141e+00
 2.57000e+01  1.00213e+00 -1.01318e-02  1.50533e+00 -1.01103e-02  1.00355e+00  1.00142e+00
 2.58000e+01  1.00215e+00 -1.01104e-02  1.50538e+00 -1.00888e-02  1.00359e+00  1.00144e+00
 2.59000e+01  1.00217e+00 -1.00887e-02  1.50543e+00 -1.00669e-02  1.00362e+00  1.00145e+00
 2.60000e+01  1.00219e+00 -1.00668e-02  1.50548e+00 -1.00448e-02  1.00365e+00  1.00146e+00
 2.61000e+01  1.00220e+00 -1.00445e-02  1.50552e+00 -1.00224e-02  1.00368e+00  1.00147e+00
 2.62000e+01  1.00222e+00 -1.00219e-02  1.50557e+00 -9.99963e-03  1.00371e+00  1.00149e+00
 2.63000e+01  1.00224e+00 -9.99894e-03  1.50562e+00 -9.97658e-03  1.00374e+00  1.00150e+00
 2.64000e+01  1.00226e+00 -9.97572e-03  1.50566e+00 -9.95322e-03  1.00378e+00  1.00151e+00
 2.65000e+01  1.00228e+00 -9.95219e-03  1.50571e+00 -9.92957e-03  1.00381e+00  1.00152e+00
 2.66000e+01  1.00230e+00 -9.92837e-03  1.50576e+00 -9.90562e-03  1.00384e+00  1.00154e+00
 2.67000e+01  1.00232e+00 -9.90425e-03  1.50580e+00 -9.88137e-03  1.00387e+00  1.00155e+00
 2.68000e+01  1.00233e+00 -9.87983e-03  1.50585e+00 -9.85684e-03  1.00390e+00  1.00156e+00
 2.69000e+01  1.00235e+00 -9.85513e-03  1.50589e+00 -9.83201e-03  1.00393e+00  1.00157e+00
 2.70000e+01  1.00237e+00 -9.83013e-03  1.50593e+00 -9.80691e-03  1.00396e+00  1.00158e+00
 2.71000e+01  1.00239e+00 -9.80485e-03  1.50598e+00 -9.78152e-03  1.00399e+00  1.00160e+00
 2.72000e+01  1.00240e+00 -9.77929e-03  1.50602e+00 -9.75585e-03  1.00401e+00  1.00161e+00
 2.73000e+01  1.00242e+00 -9.75345e-03  1.50606e+00 -9.72990e-03  1.00404e+00  1.00162e+00
 2.74000e+01  1.00244e+00 -9.72733e-03  1.50611e+00 -9.70368e-03  1.00407e+00  1.00163e+00
 2.75000e+01  1.00245e+00 -9.70094e-03  1.50615e+00 -9.67719e-03  1.00410e+00  1.00164e+00
 2.76000e+01  1.00247e+00 -9.67428e-03  1.50619e+00 -9.65043e-03  1.00413e+00  1.00165e+00
 2.77000e+01  1.00249e+00 -9.64734e-03  1.50623e+00 -9.62340e-03  1.00415e+00  1.00166e+00
 2.78000e+01  1.00250e+00 -9.62014e-03  1.50627e+00 -9.59611e-03  1.00418e+00  1.00167e+00
 2.79000e+01  1.00252e+00 -9.59268e-03  1.50631e+00 -9.56856e-03  1.00421e+00  1.00168e+00
 2.80000e+01  1.00254e+00 -9.56495e-03  1.50635e+00 -9.54075e-03  1.00424e+00  1.00170e+00
 2.81000e+01  1.00255e+00 -9.53697e-03  1.50639e+00 -9.51268e-03  1.00426e+00  1.00171e+00
 2.82000e+01  1.00257e+00 -9.50873e-03  1.50643e+00 -9.48436e-03  1.00429e+00  1.00172e+00
 2.83000e+01  1.00258e+00 -9.48023e-03  1.50647e+00 -9.45579e-03  1.00432e+00  1.00173e+00
 2.84000e+01  1.00260e+00 -9.45148e-03  1.50651e+00 -9.42697e-03  1.00434e+00  1.00174e+00
 2.85000e+01  1.00262e+00 -9.42248e-03  1.50655e+00 -9.39790e-03  1.00437e+00  1.00175e+00
 2.86000e+01  1.00263e+00 -9.39324e-03  1.50659e+00 -9.36859e-03  1.00439e+00  1.00176e+00
 2.87000e+01  1.00265e+00 -9.36375e-03  1.50663e+00 -9.33904e-03  1.00442e+00  1.00177e+00
 2.88000e+01  1.00266e+00 -9.33402e-03  1.50667e+00 -9.30924e-03  1.00444e+00  1.00178e+00
 2.89000e+01  1.00268e+00 -9.30404e-03  1.50670e+00 -9.27921e-03  1.00447e+00  1.00179e+00
 2.90000e+01  1.00269e+00 -9.27383e-03  1.50674e+00 -9.24894e-03  1.00449e+00  1.00180e+00
 2.91000e+01  1.00271e+00 -9.24339e-03  1.50678e+00 -9.21844e-03  1.00452e+00  1.00181e+00
 2.92000e+01  1.00272e+00 -9.21271e-03  1.50681e+00 -9.18771e-03  1.00454e+00  1.00182e+00
 2.93000e+01  1.00274e+00 -9.18180e-03  1.50685e+00 -9.15675e-03  1.00457e+00  1.00183e+00
 2.94000e+01  1.00275e+00 -9.15066e-03  1.50689e+00 -9.12557e-03  1.00459e+00  1.00184e+00
 2.95000e+01  1.00276e+00 -9.11929e-03  1.50692e+00 -9.09415e-03  1.00461e+00  1.00185e+00
 2.96000e+01  1.00278e+00 -9.08770e-03  1.50696e+00 -9.06252e-03  1.00464e+00  1.00185e+00
 2.97000e+01  1.00279e+00 -9.05588e-03  1.50699e+00 -9.03067e-03  1.00466e+00  1.00186e+00
 2.98000e+01  1.00281e+00 -9.02385e-03  1.50703e+00 -8.99860e-03  1.00468e+00  1.00187e+00
 2.99000e+01  1.00282e+00 -8.99159e-03  1.50706e+00 -8.96631e-03  1.00471e+00  1.00188e+00
 3.00000e+01  1.00283e+00 -8.95912e-03  1.50710e+00 -8.93381e-03  1.00473e+00  1.00189e+00
 3.01000e+01  1.00285e+00 -8.92643e-03  1.50713e+00 -8.90109e-03  1.00475e+00  1.00190e+00
 3.02000e+01  1.00286e+00 -8.89354e-03  1.50716e+00 -8.86817e-03  1.00477e+00  1.00191e+00
 3.03000e+01  1.00287e+00 -8.86043e-03  1.50720e+00 -8.83504e-03  1.00480e+00  1.00192e+00
 3.04000e+01  1.00289e+00 -8.82711e-03  1.50723e+00 -8.80170e-03  1.00482e+00  1.00193e+00
 3.05000e+01  1.00290e+00 -8.79358e-03  1.50726e+00 -8.76816e-03  1.00484e+00  1.00194e+00
 3.06000e+01  1.00291e+00 -8.75985e-03  1.50729e+00 -8.73441e-03  1.00486e+00  1.00194e+00
 3.07000e+01  1.00293e+00 -8.72592e-03  1.50733e+00 -8.70046e-03  1.00488e+00  1.00195e+00
 3.08000e+01  1.00294e+00 -8.69179e-03  1.50736e+00 -8.66632e-03  1.00491e+00  1.00196e+00
 3.09000e+01  1.00295e+00 -8.65745e-03  1.50739e+00 -8.63198e-03  1.00493e+00  1.00197e+00
 3.10000e+01  1.00296e+00 -8.62292e-03  1.50742e+00 -8.59744e-03  1.00495e+00  1.00198e+00
 3.11000e+01  1.00298e+00 -8.58820e-03  1.50745e+00 -8.56271e-03  1.00497e+00  1.00199e+00
 3.12000e+01  1.00299e+00 -8.55328e-03  1.50748e+00 -8.52779e-03  1.00499e+00  1.00199e+00
 3.13000e+01  1.00300e+00 -8.51816e-03  1.50751e+00 -8.49268e-03  1.00501e+00  1.00200e+00
 3.14000e+01  1.00301e+00 -8.48286e-03  1.50754e+00 -8.45738e-03  1.00503e+00  1.00201e+00
 3.15000e+01  1.00303e+00 -8.44737e-03  1.50757e+00 -8.42189e-03  1.00505e+00  1.00202e+00
 3.16000e+01  1.00304e+00 -8.41169e-03  1.50760e+00 -8.38622e-03  1.00507e+00  1.00203e+00
 3.17000e+01  1.00305e+00 -8.37583e-03  1.50763e+00 -8.35037e-03  1.00509e+00  1.00203e+00
 3.18000e+01  1.00306e+00 -8.33979e-03  1.50766e+00 -8.31434e-03  1.00511e+00  1.00204e+00
 3.19000e+01  1.00307e+00 -8.30356e-03  1.50769e+00 -8.27812e-03  1.00513e+00  1.00205e+00
 3.20000e+01  1.00308e+00 -8.26715e-03  1.50772e+00 -8.24173e-03  1.00515e+00  1.00206e+00
 3.21000e+01  1.00310e+00 -8.23057e-03  1.50775e+00 -8.20517e-03  1.00517e+00  1.00206e+00
 3.22000e+01  1.00311e+00 -8.19380e-03  1.50778e+00 -8.16843e-03  1.00518e+00  1.00207e+00
 3.23000e+01  1.00312e+00 -8.15687e-03  1.50780e+00 -8.13151e-03  1.00520e+00  1.00208e+00
 3.24000e+01  1.00313e+00 -8.11976e-03  1.50783e+00 -8.09443e-03  1.00522e+00  1.00209e+00
 3.25000e+01  1.00314e+00 -8.08248e-03  1.50786e+00 -8.05717e-03  1.00524e+00  1.00209e+00
 3.26000e+01  1.00315e+00 -8.04502e-03  1.50789e+00 -8.01975e-03  1.00526e+00  1.00210e+00
 3.27000e+01  1.00316e+00 -8.00740e-03  1.50791e+00 -7.98216e-03  1.00528e+00  1.00211e+00
 3.28000e+01  1.00317e+00 -7.96962e-03  1.50794e+00 -7.94441e-03  1.00529e+00  1.00211e+00
 3.29000e+01  1.00318e+00 -7.93166e-03  1.50797e+00 -7.90649e-03  1.00531e+00  1.00212e+00
 3.30000e+01  1.00319e+00 -7.89355e-03  1.50799e+00 -7.86841e-03  1.00533e+00  1.00213e+00
 3.31000e+01  1.00320e+00 -7.85527e-03  1.50802e+00 -7.83018e-03  1.00535e+00  1.00214e+00
 3.32000e+01  1.00321e+00 -7.81683e-03  1.50805e+00 -7.79178e-03  1.00536e+00  1.00214e+00
 3.33000e+01  1.00323e+00 -7.77823e-03  1.50807e+00 -7.75322e-03  1.00538e+00  1.00215e+00
 3.34000e+01  1.00324e+00 -7.73947e-03  1.50810e+00 -7.71451e-03  1.00540e+00  1.00216e+00
 3.35000e+01  1.00325e+00 -7.70056e-03  1.50812e+00 -7.67565e-03  1.00541e+00  1.00216e+00
 3.36000e+01  1.00326e+00 -7.66149e-03  1.50815e+00 -7.63663e-03  1.00543e+00  1.00217e+00
 3.37000e+01  1.00327e+00 -7.62227e-03  1.50817e+00 -7.59746e-03  1.00545e+00  1.00218e+00
 3.38000e+01  1.00328e+00 -7.58289e-03  1.50820e+00 -7.55814e-03  1.00546e+00  1.00218e+00
 3.39000e+01  1.00329e+00 -7.54337e-03  1.50822e+00 -7.51867e-03  1.00548e+00  1.00219e+00
 3.40000e+01  1.00329e+00 -7.50370e-03  1.50824e+00 -7.47905e-03  1.00550e+00  1.00219e+00
 3.41000e+01  1.00330e+00 -7.46388e-03  1.50827e+00 -7.43929e-03  1.00551e+00  1.00220e+00
 3.42000e+01  1.00331e+00 -7.42391e-03  1.50829e+00 -7.39939e-03  1.00553e+00  1.00221e+00
 3.43000e+01  1.00332e+00 -7.38380e-03  1.50832e+00 -7.35934e-03  1.00554e+00  1.00221e+00
 3.44000e+01  1.00333e+00 -7.34354e-03  1.50834e+00 -7.31915e-03  1.00556e+00  1.00222e+00
 3.45000e+01  1.00334e+00 -7.30314e-03  1.50836e+00 -7.27881e-03  1.00557e+00  1.00223e+00
 3.46000e+01  1.00335e+00 -7.26260e-03  1.50839e+00 -7.23834e-03  1.00559e+00  1.00223e+00
 3.47000e+01  1.00336e+00 -7.22192e-03  1.50841e+00 -7.19773e-03  1.00561e+00  1.00224e+00
 3.48000e+01  1.00337e+00 -7.18111e-03  1.50843e+00 -7.15699e-03  1.00562e+00  1.00224e+00
 3.49000e+01  1.00338e+00 -7.14015e-03  1.50845e+00 -7.11611e-03  1.00564e+00  1.00225e+00
 3.50000e+01  1.00339e+00 -7.09906e-03  1.50847e+00 -7.07510e-03  1.00565e+00  1.00225e+00
 3.51000e+01  1.00340e+00 -7.05784e-03  1.50850e+00 -7.03395e-03  1.00566e+00  1.00226e+00
 3.52000e+01  1.00340e+00 -7.01648e-03  1.50852e+00 -6.99267e-03  1.00568e+00  1.00227e+00
 3.53000e+01  1.00341e+00 -6.97499e-03  1.50854e+00 -6.95126e-03  1.00569e+00  1.00227e+00
 3.54000e+01  1.00342e+00 -6.93337e-03  1.50856e+00 -6.90973e-03  1.00571e+00  1.00228e+00
 3.55000e+01  1.00343e+00 -6.89162e-03  1.50858e+00 -6.86806e-03  1.00572e+00  1.00228e+00
 3.56000e+01  1.00344e+00 -6.84975e-03  1.50860e+00 -6.82627e-03  1.00574e+00  1.00229e+00
 3.57000e+01  1.00345e+00 -6.80775e-03  1.50862e+00 -6.78436e-03  1.00575e+00  1.00229e+00
 3.58000e+01  1.00346e+00 -6.76562e-03  1.50864e+00 -6.74232e-03  1.00576e+00  1.00230e+00
 3.59000e+01  1.00346e+00 -6.72336e-03  1.50866e+00 -6.70016e-03  1.00578e+00  1.00230e+00
 3.60000e+01  1.00347e+00 -6.68099e-03  1.50868e+00 -6.65787e-03  1.00579e+00  1.00231e+00
 3.61000e+01  1.00348e+00 -6.63849e-03  1.50870e+00 -6.61547e-03  1.00580e+00  1.00232e+00
 3.62000e+01  1.00349e+00 -6.59587e-03  1.50872e+00 -6.57295e-03  1.00582e+00  1.00232e+00
 3.63000e+01  1.00350e+00 -6.55313e-03  1.50874e+00 -6.53031e-03  1.00583e+00  1.00233e+00
 3.64000e+01  1.00350e+00 -6.51028e-03  1.50876e+00 -6.48755e-03  1.00584e+00  1.00233e+00
 3.65000e+01  1.00351e+00 -6.46731e-03  1.50878e+00 -6.44468e-03  1.00585e+00  1.00234e+00
 3.66000e+01  1.00352e+00 -6.42422e-03  1.50880e+00 -6.40169e-03  1.00587e+00  1.00234e+00
 3.67000e+01  1.00353e+00 -6.38101e-03  1.50882e+00 -6.35859e-03  1.00588e+00  1.00235e+00
 3.68000e+01  1.00353e+00 -6.33770e-03  1.50884e+00 -6.31538e-03  1.00589e+00  1.00235e+00
 3.69000e+01  1.00354e+00 -6.29427e-03  1.50886e+00 -6.27206e-03  1.00590e+00  1.00236e+00
 3.70000e+01  1.00355e+00 -6.25072e-03  1.50888e+00 -6.22862e-03  1.00592e+00  1.00236e+00
 3.71000e+01  1.00356e+00 -6.20707e-03  1.50889e+00 -6.18508e-03  1.00593e+00  1.00237e+00
 3.72000e+01  1.00356e+00 -6.16331e-03  1.50891e+00 -6.14143e-03  1.00594e+00  1.00237e+00
 3.73000e+01  1.00357e+00 -6.11944e-03  1.50893e+00 -6.09768e-03  1.00595e+00  1.00237e+00
 3.74000e+01  1.00358e+00 -6.07547e-03  1.50895e+00 -6.05381e-03  1.00596e+00  1.00238e+00
 3.75000e+01  1.00358e+00 -6.03139e-03  1.50896e+00 -6.00985e-03  1.00598e+00  1.00238e+00
 3.76000e+01  1.00359e+00 -5.98720e-03  1.50898e+00 -5.96578e-03  1.00599e+00  1.00239e+00
 3.77000e+01  1.00360e+00 -5.94291e-03  1.50900e+00 -5.92161e-03  1.00600e+00  1.00239e+00
 3.78000e+01  1.00360e+00 -5.89852e-03  1.50902e+00 -5.87734e-03  1.00601e+00  1.00240e+00
 3.79000e+01  1.00361e+00 -5.85403e-03  1.50903e+00 -5.83296e-03  1.00602e+00  1.00240e+00
 3.80000e+01  1.00362e+00 -5.80943e-03  1.50905e+00 -5.78849e-03  1.00603e+00  1.00241e+00
 3.81000e+01  1.00362e+00 -5.76474e-03  1.50907e+00 -5.74392e-03  1.00604e+00  1.00241e+00
 3.82000e+01  1.00363e+00 -5.71995e-03  1.50908e+00 -5.69926e-03  1.00605e+00  1.00241e+00
 3.83000e+01  1.00364e+00 -5.67506e-03  1.50910e+00 -5.65449e-03  1.00607e+00  1.00242e+00
 3.84000e+01  1.00364e+00 -5.63008e-03  1.50911e+00 -5.60964e-03  1.00608e+00  1.00242e+00
 3.85000e+01  1.00365e+00 -5.58500e-03  1.50913e+00 -5.56469e-03  1.00609e+00  1.00243e+00
 3.86000e+01  1.00366e+00 -5.53982e-03  1.50914e+00 -5.51964e-03  1.00610e+00  1.00243e+00
 3.87000e+01  1.00366e+00 -5.49455e-03  1.50916e+00 -5.47451e-03  1.00611e+00  1.00244e+00
 3.88000e+01  1.00367e+00 -5.44920e-03  1.50918e+00 -5.42928e-03  1.00612e+00  1.00244e+00
 3.89000e+01  1.00367e+00 -5.40374e-03  1.50919e+00 -5.38396e-03  1.00613e+00  1.00244e+00
 3.90000e+01  1.00368e+00 -5.35820e-03  1.50921e+00 -5.33856e-03  1.00614e+00  1.00245e+00
 3.91000e+01  1.00369e+00 -5.31257e-03  1.50922e+00 -5.29306e-03  1.00615e+00  1.00245e+00
 3.92000e+01  1.00369e+00 -5.26686e-03  1.50923e+00 -5.24748e-03  1.00616e+00  1.00246e+00
 3.93000e+01  1.00370e+00 -5.22105e-03  1.50925e+00 -5.20182e-03  1.00617e+00  1.00246e+00
 3.94000e+01  1.00370e+00 -5.17516e-03  1.50926e+00 -5.15606e-03  1.00618e+00  1.00246e+00
 3.95000e+01  1.00371e+00 -5.12918e-03  1.50928e+00 -5.11023e-03  1.00619e+00  1.00247e+00
 3.96000e+01  1.00371e+00 -5.08312e-03  1.50929e+00 -5.06431e-03  1.00619e+00  1.00247e+00
 3.97000e+01  1.00372e+00 -5.03698e-03  1.50931e+00 -5.01831e-03  1.00620e+00  1.00247e+00
 3.98000e+01  1.00373e+00 -4.99076e-03  1.50932e+00 -4.97223e-03  1.00621e+00  1.00248e+00
 3.99000e+01  1.00373e+00 -4.94445e-03  1.50933e+00 -4.92607e-03  1.00622e+00  1.00248e+00
 4.00000e+01  1.00374e+00 -4.89806e-03  1.50935e+00 -4.87983e-03  1.00623e+00  1.00248e+00
 4.01000e+01  1.00374e+00 -4.85159e-03  1.50936e+00 -4.83351e-03  1.00624e+00  1.00249e+00
 4.02000e+01  1.00375e+00 -4.80505e-03  1.50937e+00 -4.78711e-03  1.00625e+00  1.00249e+00
 4.03000e+01  1.00375e+00 -4.75842e-03  1.50939e+00 -4.74064e-03  1.00626e+00  1.00250e+00
 4.04000e+01  1.00376e+00 -4.71172e-03  1.50940e+00 -4.69409e-03  1.00627e+00  1.00250e+00
 4.05000e+01  1.00376e+00 -4.66495e-03  1.50941e+00 -4.64746e-03  1.00627e+00  1.00250e+00
 4.06000e+01  1.00377e+00 -4.61810e-03  1.50942e+00 -4.60077e-03  1.00628e+00  1.00251e+00
 4.07000e+01  1.00377e+00 -4.57118e-03  1.50944e+00 -4.55400e-03  1.00629e+00  1.00251e+00
 4.08000e+01  1.00378e+00 -4.52418e-03  1.50945e+00 -4.50716e-03  1.00630e+00  1.00251e+00
 4.09000e+01  1.00378e+00 -4.47711e-03  1.50946e+00 -4.46024e-03  1.00631e+00  1.00251e+00
 4.10000e+01  1.00379e+00 -4.42997e-03  1.50947e+00 -4.41326e-03  1.00631e+00  1.00252e+00
 4.11000e+01  1.00379e+00 -4.38276e-03  1.50948e+00 -4.36621e-03  1.00632e+00  1.00252e+00
 4.12000e+01  1.00380e+00 -4.33548e-03  1.50949e+00 -4.31909e-03  1.00633e+00  1.00252e+00
 4.13000e+01  1.00380e+00 -4.28813e-03  1.50951e+00 -4.27190e-03  1.00634e+00  1.00253e+00
 4.14000e+01  1.00380e+00 -4.24071e-03  1.50952e+00 -4.22464e-03  1.00634e+00  1.00253e+00
 4.15000e+01  1.00381e+00 -4.19323e-03  1.50953e+00 -4.17732e-03  1.00635e+00  1.00253e+00
 4.16000e+01  1.00381e+00 -4.14568e-03  1.50954e+00 -4.12993e-03  1.00636e+00  1.00254e+00
 4.17000e+01  1.00382e+00 -4.09807e-03  1.50955e+00 -4.08249e-03  1.00637e+00  1.00254e+00
 4.18000e+01  1.00382e+00 -4.05039e-03  1.50956e+00 -4.03497e-03  1.00637e+00  1.00254e+00
 4.19000e+01  1.00383e+00 -4.00265e-03  1.50957e+00 -3.98740e-03  1.00638e+00  1.00254e+00
 4.20000e+01  1.00383e+00 -3.95485e-03  1.50958e+00 -3.93976e-03  1.00639e+00  1.00255e+00
 4.21000e+01  1.00383e+00 -3.90699e-03  1.50959e+00 -3.89206e-03  1.00639e+00  1.00255e+00
 4.22000e+01  1.00384e+00 -3.85906e-03  1.50960e+00 -3.84431e-03  1.00640e+00  1.00255e+00
 4.23000e+01  1.00384e+00 -3.81108e-03  1.50961e+00 -3.79649e-03  1.00641e+00  1.00256e+00
 4.24000e+01  1.00385e+00 -3.76303e-03  1.50962e+00 -3.74861e-03  1.00641e+00  1.00256e+00
 4.25000e+01  1.00385e+00 -3.71493e-03  1.50963e+00 -3.70068e-03  1.00642e+00  1.00256e+00
 4.26000e+01  1.00385e+00 -3.66677e-03  1.50964e+00 -3.65270e-03  1.00643e+00  1.00256e+00
 4.27000e+01  1.00386e+00 -3.61856e-03  1.50965e+00 -3.60465e-03  1.00643e+00  1.00257e+00
 4.28000e+01  1.00386e+00 -3.57029e-03  1.50966e+00 -3.55655e-03  1.00644e+00  1.00257e+00
 4.29000e+01  1.00386e+00 -3.52196e-03  1.50967e+00 -3.50840e-03  1.00645e+00  1.00257e+00
 4.30000e+01  1.00387e+00 -3.47358e-03  1.50968e+00 -3.46020e-03  1.00645e+00  1.00257e+00
 4.31000e+01  1.00387e+00 -3.42515e-03  1.50969e+00 -3.41194e-03  1.00646e+00  1.00258e+00
 4.32000e+01  1.00388e+00 -3.37666e-03  1.50970e+00 -3.36363e-03  1.00646e+00  1.00258e+00
 4.33000e+01  1.00388e+00 -3.32813e-03  1.50970e+00 -3.31527e-03  1.00647e+00  1.00258e+00
 4.34000e+01  1.00388e+00 -3.27954e-03  1.50971e+00 -3.26686e-03  1.00647e+00  1.00258e+00
 4.35000e+01  1.00389e+00 -3.23090e-03  1.50972e+00 -3.21840e-03  1.00648e+00  1.00259e+00
 4.36000e+01  1.00389e+00 -3.18222e-03  1.50973e+00 -3.16989e-03  1.00649e+00  1.00259e+00
 4.37000e+01  1.00389e+00 -3.13348e-03  1.50974e+00 -3.12134e-03  1.00649e+00  1.00259e+00
 4.38000e+01  1.00389e+00 -3.08470e-03  1.50974e+00 -3.07274e-03  1.00650e+00  1.00259e+00
 4.39000e+01  1.00390e+00 -3.03588e-03  1.50975e+00 -3.02409e-03  1.00650e+00  1.00259e+00
 4.40000e+01  1.00390e+00 -2.98700e-03  1.50976e+00 -2.97540e-03  1.00651e+00  1.00260e+00
 4.41000e+01  1.00390e+00 -2.93808e-03  1.50977e+00 -2.92666e-03  1.00651e+00  1.00260e+00
 4.42000e+01  1.00391e+00 -2.88912e-03  1.50978e+00 -2.87788e-03  1.00652e+00  1.00260e+00
 4.43000e+01  1.00391e+00 -2.84012e-03  1.50978e+00 -2.82906e-03  1.00652e+00  1.00260e+00
 4.44000e+01  1.00391e+00 -2.79107e-03  1.50979e+00 -2.78019e-03  1.00653e+00  1.00260e+00
 4.45000e+01  1.00391e+00 -2.74198e-03  1.50980e+00 -2.73129e-03  1.00653e+00  1.00261e+00
 4.46000e+01  1.00392e+00 -2.69285e-03  1.50980e+00 -2.68234e-03  1.00654e+00  1.00261e+00
 4.47000e+01  1.00392e+00 -2.64368e-03  1.50981e+00 -2.63335e-03  1.00654e+00  1.00261e+00
 4.48000e+01  1.00392e+00 -2.59446e-03  1.50982e+00 -2.58433e-03  1.00654e+00  1.00261e+00
 4.49000e+01  1.00393e+00 -2.54522e-03  1.50982e+00 -2.53526e-03  1.00655e+00  1.00261e+00
 4.50000e+01  1.00393e+00 -2.49593e-03  1.50983e+00 -2.48616e-03  1.00655e+00  1.00261e+00
 4.51000e+01  1.00393e+00 -2.44660e-03  1.50984e+00 -2.43703e-03  1.00656e+00  1.00262e+00
 4.52000e+01  1.00393e+00 -2.39724e-03  1.50984e+00 -2.38785e-03  1.00656e+00  1.00262e+00
 4.53000e+01  1.00393e+00 -2.34785e-03  1.50985e+00 -2.33864e-03  1.00657e+00  1.00262e+00
 4.54000e+01  1.00394e+00 -2.29842e-03  1.50985e+00 -2.28940e-03  1.00657e+00  1.00262e+00
 4.55000e+01  1.00394e+00 -2.24895e-03  1.50986e+00 -2.24013e-03  1.00657e+00  1.00262e+00
 4.56000e+01  1.00394e+00 -2.19945e-03  1.50986e+00 -2.19082e-03  1.00658e+00  1.00262e+00
 4.57000e+01  1.00394e+00 -2.14992e-03  1.50987e+00 -2.14148e-03  1.00658e+00  1.00263e+00
 4.58000e+01  1.00395e+00 -2.10036e-03  1.50988e+00 -2.09210e-03  1.00658e+00  1.00263e+00
 4.59000e+01  1.00395e+00 -2.05077e-03  1.50988e+00 -2.04270e-03  1.00659e+00  1.00263e+00
 4.60000e+01  1.00395e+00 -2.00114e-03  1.50989e+00 -1.99327e-03  1.00659e+00  1.00263e+00
 4.61000e+01  1.00395e+00 -1.95149e-03  1.50989e+00 -1.94381e-03  1.00659e+00  1.00263e+00
 4.62000e+01  1.00395e+00 -1.90181e-03  1.50990e+00 -1.89432e-03  1.00660e+00  1.00263e+00
 4.63000e+01  1.00396e+00 -1.85210e-03  1.50990e+00 -1.84480e-03  1.00660e+00  1.00263e+00
 4.64000e+01  1.00396e+00 -1.80236e-03  1.50990e+00 -1.79526e-03  1.00660e+00  1.00264e+00
 4.65000e+01  1.00396e+00 -1.75260e-03  1.50991e+00 -1.74569e-03  1.00661e+00  1.00264e+00
 4.66000e+01  1.00396e+00 -1.70281e-03  1.50991e+00 -1.69609e-03  1.00661e+00  1.00264e+00
 4.67000e+01  1.00396e+00 -1.65300e-03  1.50992e+00 -1.64647e-03  1.00661e+00  1.00264e+00
 4.68000e+01  1.00396e+00 -1.60316e-03  1.50992e+00 -1.59683e-03  1.00661e+00  1.00264e+00
 4.69000e+01  1.00397e+00 -1.55330e-03  1.50993e+00 -1.54716e-03  1.00662e+00  1.00264e+00
 4.70000e+01  1.00397e+00 -1.50341e-03  1.50993e+00 -1.49747e-03  1.00662e+00  1.00264e+00
 4.71000e+01  1.00397e+00 -1.45351e-03  1.50993e+00 -1.44776e-03  1.00662e+00  1.00264e+00
 4.72000e+01  1.00397e+00 -1.40358e-03  1.50994e+00 -1.39803e-03  1.00662e+00  1.00264e+00
 4.73000e+01  1.00397e+00 -1.35363e-03  1.50994e+00 -1.34828e-03  1.00663e+00  1.00265e+00
 4.74000e+01  1.00397e+00 -1.30366e-03  1.50994e+00 -1.29851e-03  1.00663e+00  1.00265e+00
 4.75000e+01  1.00397e+00 -1.25368e-03  1.50995e+00 -1.24872e-03  1.00663e+00  1.00265e+00
 4.76000e+01  1.00397e+00 -1.20367e-03  1.50995e+00 -1.19891e-03  1.00663e+00  1.00265e+00
 4.77000e+01  1.00398e+00 -1.15365e-03  1.50995e+00 -1.14908e-03  1.00663e+00  1.00265e+00
 4.78000e+01  1.00398e+00 -1.10361e-03  1.50996e+00 -1.09924e-03  1.00664e+00  1.00265e+00
 4.79000e+01  1.00398e+00 -1.05356e-03  1.50996e+00 -1.04938e-03  1.00664e+00  1.00265e+00
 4.80000e+01  1.00398e+00 -1.00349e-03  1.50996e+00 -9.99512e-04  1.00664e+00  1.00265e+00
 4.81000e+01  1.00398e+00 -9.53404e-04  1.50996e+00 -9.49625e-04  1.00664e+00  1.00265e+00
 4.82000e+01  1.00398e+00 -9.03305e-04  1.50996e+00 -8.99724e-04  1.00664e+00  1.00265e+00
 4.83000e+01  1.00398e+00 -8.53194e-04  1.50997e+00 -8.49810e-04  1.00664e+00  1.00265e+00
 4.84000e+01  1.00398e+00 -8.03070e-04  1.50997e+00 -7.99885e-04  1.00665e+00  1.00265e+00
 4.85000e+01  1.00398e+00 -7.52934e-04  1.50997e+00 -7.49947e-04  1.00665e+00  1.00265e+00
 4.86000e+01  1.00398e+00 -7.02788e-04  1.50997e+00 -6.99999e-04  1.00665e+00  1.00265e+00
 4.87000e+01  1.00398e+00 -6.52631e-04  1.50997e+00 -6.50041e-04  1.00665e+00  1.00266e+00
 4.88000e+01  1.00398e+00 -6.02465e-04  1.50998e+00 -6.00074e-04  1.00665e+00  1.00266e+00
 4.89000e+01  1.00399e+00 -5.52290e-04  1.50998e+00 -5.50098e-04  1.00665e+00  1.00266e+00
 4.90000e+01  1.00399e+00 -5.02107e-04  1.50998e+00 -5.00114e-04  1.00665e+00  1.00266e+00
 4.91000e+01  1.00399e+00 -4.51917e-04  1.50998e+00 -4.50123e-04  1.00665e+00  1.00266e+00
 4.92000e+01  1.00399e+00 -4.01721e-04  1.50998e+00 -4.00126e-04  1.00665e+00  1.00266e+00
 4.93000e+01  1.00399e+00 -3.51518e-04  1.50998e+00 -3.50122e-04  1.00665e+00  1.00266e+00
 4.94000e+01  1.00399e+00 -3.01311e-04  1.50998e+00 -3.00114e-04  1.00666e+00  1.00266e+00
 4.95000e+01  1.00399e+00 -2.51099e-04  1.50998e+00 -2.50102e-04  1.00666e+00  1.00266e+00
 4.96000e+01  1.00399e+00 -2.00884e-04  1.50998e+00 -2.00086e-04  1.00666e+00  1.00266e+00
 4.97000e+01  1.00399e+00 -1.50665e-04  1.50998e+00 -1.50067e-04  1.00666e+00  1.00266e+00
 4.98000e+01  1.00399e+00 -1.00445e-04  1.50998e+00 -1.00046e-04  1.00666e+00  1.00266e+00
 4.99000e+01  1.00399e+00 -5.02227e-05  1.50998e+00 -5.00232e-05  1.00666e+00  1.00266e+00
 5.00000e+01  1.00399e+00  1.64035e-14  1.50998e+00  1.63384e-14  1.00666e+00  1.00266e+00
 5.01000e+01  1.00399e+00  5.02227e-05  1.50998e+00  5.00232e-05  1.00666e+00  1.00266e+00
 5.02000e+01  1.00399e+00  1.00445e-04  1.50998e+00  1.00046e-04  1.00666e+00  1.00266e+00
 5.03000e+01  1.00399e+00  1.50665e-04  1.50998e+00  1.50067e-04  1.00666e+00  1.00266e+00
 5.04000e+01  1.00399e+00  2.00884e-04  1.50998e+00  2.00086e-04  1.00666e+00  1.00266e+00
 5.05000e+01  1.00399e+00  2.51099e-04  1.50998e+00  2.50102e-04  1.00666e+00  1.00266e+00
 5.06000e+01  1.00399e+00  3.01311e-04  1.50998e+00  3.00114e-04  1.00666e+00  1.00266e+00
 5.07000e+01  1.00399e+00  3.51518e-04  1.50998e+00  3.50122e-04  1.00665e+00  1.00266e+00
 5.08000e+01  1.00399e+00  4.01721e-04  1.50998e+00  4.00126e-04  1.00665e+00  1.00266e+00
 5.09000e+01  1.00399e+00  4.51917e-04  1.50998e+00  4.50123e-04  1.00665e+00  1.00266e+00
 5.10000e+01  1.00399e+00  5.02107e-04  1.50998e+00  5.00114e-04  1.00665e+00  1.00266e+00
 5.11000e+01  1.00399e+00  5.52290e-04  1.50998e+00  5.50098e-04  1.00665e+00  1.00266e+00
 5.12000e+01  1.00398e+00  6.02465e-04  1.50998e+00  6.00074e-04  1.00665e+00  1.00266e+00
 5.13000e+01  1.00398e+00  6.52631e-04  1.50997e+00  6.50041e-04  1.00665e+00  1.00266e+00
 5.14000e+01  1.00398e+00  7.02788e-04  1.50997e+00  6.99999e-04  1.00665e+00  1.00265e+00
 5.15000e+01  1.00398e+00  7.52934e-04  1.50997e+00  7.49947e-04  1.00665e+00  1.00265e+00
 5.16000e+01  1.00398e+00  8.03070e-04  1.50997e+00  7.99885e-04  1.00665e+00  1.00265e+00
 5.17000e+01  1.00398e+00  8.53194e-04  1.50997e+00  8.49810e-04  1.00664e+00  1.00265e+00
 5.18000e+01  1.00398e+00  9.03305e-04  1.50996e+00  8.99724e-04  1.00664e+00  1.00265e+00
 5.19000e+01  1.00398e+00  9.53404e-04  1.50996e+00  9.49625e-04  1.00664e+00  1.00265e+00
 5.20000e+01  1.00398e+00  1.00349e-03  1.50996e+00  9.99512e-04  1.00664e+00  1.00265e+00
 5.21000e+01  1.00398e+00  1.05356e-03  1.50996e+00  1.04938e-03  1.00664e+00  1.00265e+00
 5.22000e+01  1.00398e+00  1.10361e-03  1.50996e+00  1.09924e-03  1.00664e+00  1.00265e+00
 5.23000e+01  1.00398e+00  1.15365e-03  1.50995e+00  1.14908e-03  1.00663e+00  1.00265e+00
 5.24000e+01  1.00397e+00  1.20367e-03  1.50995e+00  1.19891e-03  1.00663e+00  1.00265e+00
 5.25000e+01  1.00397e+00  1.25368e-03  1.50995e+00  1.24872e-03  1.00663e+00  1.00265e+00
 5.26000e+01  1.00397e+00  1.30366e-03  1.50994e+00  1.29851e-03  1.00663e+00  1.00265e+00
 5.27000e+01  1.00397e+00  1.35363e-03  1.50994e+00  1.34828e-03  1.00663e+00  1.00265e+00
 5.28000e+01  1.00397e+00  1.40358e-03  1.50994e+00  1.39803e-03  1.00662e+00  1.00264e+00
 5.29000e+01  1.00397e+00  1.45351e-03  1.50993e+00  1.44776e-03  1.00662e+00  1.00264e+00
 5.30000e+01  1.00397e+00  1.50341e-03  1.50993e+00  1.49747e-03  1.00662e+00  1.00264e+00
 5.31000e+01  1.00397e+00  1.55330e-03  1.50993e+00  1.54716e-03  1.00662e+00  1.00264e+00
 5.32000e+01  1.00396e+00  1.60316e-03  1.50992e+00  1.59683e-03  1.00661e+00  1.00264e+00
 5.33000e+01  1.00396e+00  1.65300e-03  1.50992e+00  1.64647e-03  1.00661e+00  1.00264e+00
 5.34000e+01  1.00396e+00  1.70281e-03  1.50991e+00  1.69609e-03  1.00661e+00  1.00264e+00
 5.35000e+01  1.00396e+00  1.75260e-03  1.50991e+00  1.74569e-03  1.00661e+00  1.00264e+00
 5.36000e+01  1.00396e+00  1.80236e-03  1.50990e+00  1.79526e-03  1.00660e+00  1.00264e+00
 5.37000e+01  1.00396e+00  1.85210e-03  1.50990e+00  1.84480e-03  1.00660e+00  1.00263e+00
 5.38000e+01  1.00395e+00  1.90181e-03  1.50990e+00  1.89432e-03  1.00660e+00  1.00263e+00
 5.39000e+01  1.00395e+00  1.95149e-03  1.50989e+00  1.94381e-03  1.00659e+00  1.00263e+00
 5.40000e+01  1.00395e+00  2.00114e-03  1.50989e+00  1.99327e-03  1.00659e+00  1.00263e+00
 5.41000e+01  1.00395e+00  2.05077e-03  1.50988e+00  2.04270e-03  1.00659e+00  1.00263e+00
 5.42000e+01  1.00395e+00  2.10036e-03  1.50988e+00  2.09210e-03  1.00658e+00  1.00263e+00
 5.43000e+01  1.00394e+00  2.14992e-03  1.50987e+00  2.14148e-03  1.00658e+00  1.00263e+00
 5.44000e+01  1.00394e+00  2.19945e-03  1.50986e+00  2.19082e-03  1.00658e+00  1.00262e+00
 5.45000e+01  1.00394e+00  2.24895e-03  1.50986e+00  2.24013e-03  1.00657e+00  1.00262e+00
 5.46000e+01  1.00394e+00  2.29842e-03  1.50985e+00  2.28940e-03  1.00657e+00  1.00262e+00
 5.47000e+01  1.00393e+00  2.34785e-03  1.50985e+00  2.33864e-03  1.00657e+00  1.00262e+00
 5.48000e+01  1.00393e+00  2.39724e-03  1.50984e+00  2.38785e-03  1.00656e+00  1.00262e+00
 5.49000e+01  1.00393e+00  2.44660e-03  1.50984e+00  2.43703e-03  1.00656e+00  1.00262e+00
 5.50000e+01  1.00393e+00  2.49593e-03  1.50983e+00  2.48616e-03  1.00655e+00  1.00261e+00
 5.51000e+01  1.00393e+00  2.54522e-03  1.50982e+00  2.53526e-03  1.00655e+00  1.00261e+00
 5.52000e+01  1.00392e+00  2.59446e-03  1.50982e+00  2.58433e-03  1.00654e+00  1.00261e+00
 5.53000e+01  1.00392e+00  2.64368e-03  1.50981e+00  2.63335e-03  1.00654e+00  1.00261e+00
 5.54000e+01  1.00392e+00  2.69285e-03  1.50980e+00  2.68234e-03  1.00654e+00  1.00261e+00
 5.55000e+01  1.00391e+00  2.74198e-03  1.50980e+00  2.73129e-03  1.00653e+00  1.00261e+00
 5.56000e+01  1.00391e+00  2.79107e-03  1.50979e+00  2.78019e-03  1.00653e+00  1.00260e+00
 5.57000e+01  1.00391e+00  2.84012e-03  1.50978e+00  2.82906e-03  1.00652e+00  1.00260e+00
 5.58000e+01  1.00391e+00  2.88912e-03  1.50978e+00  2.87788e-03  1.00652e+00  1.00260e+00
 5.59000e+01  1.00390e+00  2.93808e-03  1.50977e+00  2.92666e-03  1.00651e+00  1.00260e+00
 5.60000e+01  1.00390e+00  2.98700e-03  1.50976e+00  2.97540e-03  1.00651e+00  1.00260e+00
 5.61000e+01  1.00390e+00  3.03588e-03  1.50975e+00  3.02409e-03  1.00650e+00  1.00259e+00
 5.62000e+01  1.00389e+00  3.08470e-03  1.50974e+00  3.07274e-03  1.00650e+00  1.00259e+00
 5.63000e+01  1.00389e+00  3.13348e-03  1.50974e+00  3.12134e-03  1.00649e+00  1.00259e+00
 5.64000e+01  1.00389e+00  3.18222e-03  1.50973e+00  3.16989e-03  1.00649e+00  1.00259e+00
 5.65000e+01  1.00389e+00  3.23090e-03  1.50972e+00  3.21840e-03  1.00648e+00  1.00259e+00
 5.66000e+01  1.00388e+00  3.27954e-03  1.50971e+00  3.26686e-03  1.00647e+00  1.00258e+00
 5.67000e+01  1.00388e+00  3.32813e-03  1.50970e+00  3.31527e-03  1.00647e+00  1.00258e+00
 5.68000e+01  1.00388e+00  3.37666e-03  1.50970e+00  3.36363e-03  1.00646e+00  1.00258e+00
 5.69000e+01  1.00387e+00  3.42515e-03  1.50969e+00  3.41194e-03  1.00646e+00  1.00258e+00
 5.70000e+01  1.00387e+00  3.47358e-03  1.50968e+00  3.46020e-03  1.00645e+00  1.00257e+00
 5.71000e+01  1.00386e+00  3.52196e-03  1.50967e+00  3.50840e-03  1.00645e+00  1.00257e+00
 5.72000e+01  1.00386e+00  3.57029e-03  1.50966e+00  3.55655e-03  1.00644e+00  1.00257e+00
 5.73000e+01  1.00386e+00  3.61856e-03  1.50965e+00  3.60465e-03  1.00643e+00  1.00257e+00
 5.74000e+01  1.00385e+00  3.66677e-03  1.50964e+00  3.65270e-03  1.00643e+00  1.00256e+00
 5.75000e+01  1.00385e+00  3.71493e-03  1.50963e+00  3.70068e-03  1.00642e+00  1.00256e+00
 5.76000e+01  1.00385e+00  3.76303e-03  1.50962e+00  3.74861e-03  1.00641e+00  1.00256e+00
 5.77000e+01  1.00384e+00  3.81108e-03  1.50961e+00  3.79649e-03  1.00641e+00  1.00256e+00
 5.78000e+01  1.00384e+00  3.85906e-03  1.50960e+00  3.84431e-03  1.00640e+00  1.00255e+00
 5.79000e+01  1.00383e+00  3.90699e-03  1.50959e+00  3.89206e-03  1.00639e+00  1.00255e+00
 5.80000e+01  1.00383e+00  3.95485e-03  1.50958e+00  3.93976e-03  1.00639e+00  1.00255e+00
 5.81000e+01  1.00383e+00  4.00265e-03  1.50957e+00  3.98740e-03  1.00638e+00  1.00254e+00
 5.82000e+01  1.00382e+00  4.05039e-03  1.50956e+00  4.03497e-03  1.00637e+00  1.00254e+00
 5.83000e+01  1.00382e+00  4.09807e-03  1.50955e+00  4.08249e-03  1.00637e+00  1.00254e+00
 5.84000e+01  1.00381e+00  4.14568e-03  1.50954e+00  4.12993e-03  1.00636e+00  1.00254e+00
 5.85000e+01  1.00381e+00  4.19323e-03  1.50953e+00  4.17732e-03  1.00635e+00  1.00253e+00
 5.86000e+01  1.00380e+00  4.24071e-03  1.50952e+00  4.22464e-03  1.00634e+00  1.00253e+00
 5.87000e+01  1.00380e+00  4.28813e-03  1.50951e+00  4.27190e-03  1.00634e+00  1.00253e+00
 5.88000e+01  1.00380e+00  4.33548e-03  1.50949e+00  4.31909e-03  1.00633e+00  1.00252e+00
 5.89000e+01  1.00379e+00  4.38276e-03  1.50948e+00  4.36621e-03  1.00632e+00  1.00252e+00
 5.90000e+01  1.00379e+00  4.42997e-03  1.50947e+00  4.41326e-03  1.00631e+00  1.00252e+00
 5.91000e+01  1.00378e+00  4.47711e-03  1.50946e+00  4.46024e-03  1.00631e+00  1.00251e+00
 5.92000e+01  1.00378e+00  4.52418e-03  1.50945e+00  4.50716e-03  1.00630e+00  1.00251e+00
 5.93000e+01  1.00377e+00  4.57118e-03  1.50944e+00  4.55400e-03  1.00629e+00  1.00251e+00
 5.94000e+01  1.00377e+00  4.61810e-03  1.50942e+00  4.60077e-03  1.00628e+00  1.00251e+00
 5.95000e+01  1.00376e+00  4.66495e-03  1.50941e+00  4.64746e-03  1.00627e+00  1.00250e+00
 5.96000e+01  1.00376e+00  4.71172e-03  1.50940e+00  4.69409e-03  1.00627e+00  1.00250e+00
 5.97000e+01  1.00375e+00  4.75842e-03  1.50939e+00  4.74064e-03  1.00626e+00  1.00250e+00
 5.98000e+01  1.00375e+00  4.80505e-03  1.50937e+00  4.78711e-03  1.00625e+00  1.00249e+00
 5.99000e+01  1.00374e+00  4.85159e-03  1.50936e+00  4.83351e-03  1.00624e+00  1.00249e+00
 6.00000e+01  1.00374e+00  4.89806e-03  1.50935e+00  4.87983e-03  1.00623e+00  1.00248e+00
 6.01000e+01  1.00373e+00  4.94445e-03  1.50933e+00  4.92607e-03  1.00622e+00  1.00248e+00
 6.02000e+01  1.00373e+00  4.99076e-03  1.50932e+00  4.97223e-03  1.00621e+00  1.00248e+00
 6.03000e+01  1.00372e+00  5.03698e-03  1.50931e+00  5.01831e-03  1.00620e+00  1.00247e+00
 6.04000e+01  1.00371e+00  5.08312e-03  1.50929e+00  5.06431e-03  1.00619e+00  1.00247e+00
 6.05000e+01  1.00371e+00  5.12918e-03  1.50928e+00  5.11023e-03  1.00619e+00  1.00247e+00
 6.06000e+01  1.00370e+00  5.17516e-03  1.50926e+00  5.15606e-03  1.00618e+00  1.00246e+00
 6.07000e+01  1.00370e+00  5.22105e-03  1.50925e+00  5.20182e-03  1.00617e+00  1.00246e+00
 6.08000e+01  1.00369e+00  5.26686e-03  1.50923e+00  5.24748e-03  1.00616e+00  1.00246e+00
 6.09000e+01  1.00369e+00  5.31257e-03  1.50922e+00  5.29306e-03  1.00615e+00  1.00245e+00
 6.10000e+01  1.00368e+00  5.35820e-03  1.50921e+00  5.33856e-03  1.00614e+00  1.00245e+00
 6.11000e+01  1.00367e+00  5.40374e-03  1.50919e+00  5.38396e-03  1.00613e+00  1.00244e+00
 6.12000e+01  1.00367e+00  5.44920e-03  1.50918e+00  5.42928e-03  1.00612e+00  1.00244e+00
 6.13000e+01  1.00366e+00  5.49455e-03  1.50916e+00  5.47451e-03  1.00611e+00  1.00244e+00
 6.14000e+01  1.00366e+00  5.53982e-03  1.50914e+00  5.51964e-03  1.00610e+00  1.00243e+00
 6.15000e+01  1.00365e+00  5.58500e-03  1.50913e+00  5.56469e-03  1.00609e+00  1.00243e+00
 6.16000e+01  1.00364e+00  5.63008e-03  1.50911e+00  5.60964e-03  1.00608e+00  1.00242e+00
 6.17000e+01  1.00364e+00  5.67506e-03  1.50910e+00  5.65449e-03  1.00607e+00  1.00242e+00
 6.18000e+01  1.00363e+00  5.71995e-03  1.50908e+00  5.69926e-03  1.00605e+00  1.00241e+00
 6.19000e+01  1.00362e+00  5.76474e-03  1.50907e+00  5.74392e-03  1.00604e+00  1.00241e+00
 6.20000e+01  1.00362e+00  5.80943e-03  1.50905e+00  5.78849e-03  1.00603e+00  1.00241e+00
 6.21000e+01  1.00361e+00  5.85403e-03  1.50903e+00  5.83296e-03  1.00602e+00  1.00240e+00
 6.22000e+01  1.00360e+00  5.89852e-03  1.50902e+00  5.87734e-03  1.00601e+00  1.00240e+00
 6.23000e+01  1.00360e+00  5.94291e-03  1.50900e+00  5.92161e-03  1.00600e+00  1.00239e+00
 6.24000e+01  1.00359e+00  5.98720e-03  1.50898e+00  5.96578e-03  1.00599e+00  1.00239e+00
 6.25000e+01  1.00358e+00  6.03139e-03  1.50896e+00  6.00985e-03  1.00598e+00  1.00238e+00
 6.26000e+01  1.00358e+00  6.07547e-03  1.50895e+00  6.05381e-03  1.00596e+00  1.00238e+00
 6.27000e+01  1.00357e+00  6.11944e-03  1.50893e+00  6.09768e-03  1.00595e+00  1.00237e+00
 6.28000e+01  1.00356e+00  6.16331e-03  1.50891e+00  6.14143e-03  1.00594e+00  1.00237e+00
 6.29000e+01  1.00356e+00  6.20707e-03  1.50889e+00  6.18508e-03  1.00593e+00  1.00237e+00
 6.30000e+01  1.00355e+00  6.25072e-03  1.50888e+00  6.22862e-03  1.00592e+00  1.00236e+00
 6.31000e+01  1.00354e+00  6.29427e-03  1.50886e+00  6.27206e-03  1.00590e+00  1.00236e+00
 6.32000e+01  1.00353e+00  6.33770e-03  1.50884e+00  6.31538e-03  1.00589e+00  1.00235e+00
 6.33000e+01  1.00353e+00  6.38101e-03  1.50882e+00  6.35859e-03  1.00588e+00  1.00235e+00
 6.34000e+01  1.00352e+00  6.42422e-03  1.50880e+00  6.40169e-03  1.00587e+00  1.00234e+00
 6.35000e+01  1.00351e+00  6.46731e-03  1.50878e+00  6.44468e-03  1.00585e+00  1.00234e+00
 6.36000e+01  1.00350e+00  6.51028e-03  1.50876e+00  6.48755e-03  1.00584e+00  1.00233e+00
 6.37000e+01  1.00350e+00  6.55313e-03  1.50874e+00  6.53031e-03  1.00583e+00  1.00233e+00
 6.38000e+01  1.00349e+00  6.59587e-03  1.50872e+00  6.57295e-03  1.00582e+00  1.00232e+00
 6.39000e+01  1.00348e+00  6.63849e-03  1.50870e+00  6.61547e-03  1.00580e+00  1.00232e+00
 6.40000e+01  1.00347e+00  6.68099e-03  1.50868e+00  6.65787e-03  1.00579e+00  1.00231e+00
 6.41000e+01  1.00346e+00  6.72336e-03  1.50866e+00  6.70016e-03  1.00578e+00  1.00230e+00
 6.42000e+01  1.00346e+00  6.76562e-03  1.50864e+00  6.74232e-03  1.00576e+00  1.00230e+00
 6.43000e+01  1.00345e+00  6.80775e-03  1.50862e+00  6.78436e-03  1.00575e+00  1.00229e+00
 6.44000e+01  1.00344e+00  6.84975e-03  1.50860e+00  6.82627e-03  1.00574e+00  1.00229e+00
 6.45000e+01  1.00343e+00  6.89162e-03  1.50858e+00  6.86806e-03  1.00572e+00  1.00228e+00
 6.46000e+01  1.00342e+00  6.93337e-03  1.50856e+00  6.90973e-03  1.00571e+00  1.00228e+00
 6.47000e+01  1.00341e+00  6.97499e-03  1.50854e+00  6.95126e-03  1.00569e+00  1.00227e+00
 6.48000e+01  1.00340e+00  7.01648e-03  1.50852e+00  6.99267e-03  1.00568e+00  1.00227e+00
 6.49000e+01  1.00340e+00  7.05784e-03  1.50850e+00  7.03395e-03  1.00566e+00  1.00226e+00
 6.50000e+01  1.00339e+00  7.09906e-03  1.50847e+00  7.07510e-03  1.00565e+00  1.00225e+00
 6.51000e+01  1.00338e+00  7.14015e-03  1.50845e+00  7.11611e-03  1.00564e+00  1.00225e+00
 6.52000e+01  1.00337e+00  7.18111e-03  1.50843e+00  7.15699e-03  1.00562e+00  1.00224e+00
 6.53000e+01  1.00336e+00  7.22192e-03  1.50841e+00  7.19773e-03  1.00561e+00  1.00224e+00
 6.54000e+01  1.00335e+00  7.26260e-03  1.50839e+00  7.23834e-03  1.00559e+00  1.00223e+00
 6.55000e+01  1.00334e+00  7.30314e-03  1.50836e+00  7.27881e-03  1.00557e+00  1.00223e+00
 6.56000e+01  1.00333e+00  7.34354e-03  1.50834e+00  7.31915e-03  1.00556e+00  1.00222e+00
 6.57000e+01  1.00332e+00  7.38380e-03  1.50832e+00  7.35934e-03  1.00554e+00  1.00221e+00
 6.58000e+01  1.00331e+00  7.42391e-03  1.50829e+00  7.39939e-03  1.00553e+00  1.00221e+00
 6.59000e+01  1.00330e+00  7.46388e-03  1.50827e+00  7.43929e-03  1.00551e+00  1.00220e+00
 6.60000e+01  1.00329e+00  7.50370e-03  1.50824e+00  7.47905e-03  1.00550e+00  1.00219e+00
 6.61000e+01  1.00329e+00  7.54337e-03  1.50822e+00  7.51867e-03  1.00548e+00  1.00219e+00
 6.62000e+01  1.00328e+00  7.58289e-03  1.50820e+00  7.55814e-03  1.00546e+00  1.00218e+00
 6.63000e+01  1.00327e+00  7.62227e-03  1.50817e+00  7.59746e-03  1.00545e+00  1.00218e+00
 6.64000e+01  1.00326e+00  7.66149e-03  1.50815e+00  7.63663e-03  1.00543e+00  1.00217e+00
 6.65000e+01  1.00325e+00  7.70056e-03  1.50812e+00  7.67565e-03  1.00541e+00  1.00216e+00
 6.66000e+01  1.00324e+00  7.73947e-03  1.50810e+00  7.71451e-03  1.00540e+00  1.00216e+00
 6.67000e+01  1.00323e+00  7.77823e-03  1.50807e+00  7.75322e-03  1.00538e+00  1.00215e+00
 6.68000e+01  1.00321e+00  7.81683e-03  1.50805e+00  7.79178e-03  1.00536e+00  1.00214e+00
 6.69000e+01  1.00320e+00  7.85527e-03  1.50802e+00  7.83018e-03  1.00535e+00  1.00214e+00
 6.70000e+01  1.00319e+00  7.89355e-03  1.50799e+00  7.86841e-03  1.00533e+00  1.00213e+00
 6.71000e+01  1.00318e+00  7.93166e-03  1.50797e+00  7.90649e-03  1.00531e+00  1.00212e+00
 6.72000e+01  1.00317e+00  7.96962e-03  1.50794e+00  7.94441e-03  1.00529e+00  1.00211e+00
 6.73000e+01  1.00316e+00  8.00740e-03  1.50791e+00  7.98216e-03  1.00528e+00  1.00211e+00
 6.74000e+01  1.00315e+00  8.04502e-03  1.50789e+00  8.01975e-03  1.00526e+00  1.00210e+00
 6.75000e+01  1.00314e+00  8.08248e-03  1.50786e+00  8.05717e-03  1.00524e+00  1.00209e+00
 6.76000e+01  1.00313e+00  8.11976e-03  1.50783e+00  8.09443e-03  1.00522e+00  1.00209e+00
 6.77000e+01  1.00312e+00  8.15687e-03  1.50780e+00  8.13151e-03  1.00520e+00  1.00208e+00
 6.78000e+01  1.00311e+00  8.19380e-03  1.50778e+00  8.16843e-03  1.00518e+00  1.00207e+00
 6.79000e+01  1.00310e+00  8.23057e-03  1.50775e+00  8.20517e-03  1.00517e+00  1.00206e+00
 6.80000e+01  1.00308e+00  8.26715e-03  1.50772e+00  8.24173e-03  1.00515e+00  1.00206e+00
 6.81000e+01  1.00307e+00  8.30356e-03  1.50769e+00  8.27812e-03  1.00513e+00  1.00205e+00
 6.82000e+01  1.00306e+00  8.33979e-03  1.50766e+00  8.31434e-03  1.00511e+00  1.00204e+00
 6.83000e+01  1.00305e+00  8.37583e-03  1.50763e+00  8.35037e-03  1.00509e+00  1.00203e+00
 6.84000e+01  1.00304e+00  8.41169e-03  1.50760e+00  8.38622e-03  1.00507e+00  1.00203e+00
 6.85000e+01  1.00303e+00  8.44737e-03  1.50757e+00  8.42189e-03  1.00505e+00  1.00202e+00
 6.86000e+01  1.00301e+00  8.48286e-03  1.50754e+00  8.45738e-03  1.00503e+00  1.00201e+00
 6.87000e+01  1.00300e+00  8.51816e-03  1.50751e+00  8.49268e-03  1.00501e+00  1.00200e+00
 6.88000e+01  1.00299e+00  8.55328e-03  1.50748e+00  8.52779e-03  1.00499e+00  1.00199e+00
 6.89000e+01  1.00298e+00  8.58820e-03  1.50745e+00  8.56271e-03  1.00497e+00  1.00199e+00
 6.90000e+01  1.00296e+00  8.62292e-03  1.50742e+00  8.59744e-03  1.00495e+00  1.00198e+00
 6.91000e+01  1.00295e+00  8.65745e-03  1.50739e+00  8.63198e-03  1.00493e+00  1.00197e+00
 6.92000e+01  1.00294e+00  8.69179e-03  1.50736e+00  8.66632e-03  1.00491e+00  1.00196e+00
 6.93000e+01  1.00293e+00  8.72592e-03  1.50733e+00  8.70046e-03  1.00488e+00  1.00195e+00
 6.94000e+01  1.00291e+00  8.75985e-03  1.50729e+00  8.73441e-03  1.00486e+00  1.00194e+00
 6.95000e+01  1.00290e+00  8.79358e-03  1.50726e+00  8.76816e-03  1.00484e+00  1.00194e+00
 6.96000e+01  1.00289e+00  8.82711e-03  1.50723e+00  8.80170e-03  1.00482e+00  1.00193e+00
 6.97000e+01  1.00287e+00  8.86043e-03  1.50720e+00  8.83504e-03  1.00480e+00  1.00192e+00
 6.98000e+01  1.00286e+00  8.89354e-03  1.50716e+00  8.86817e-03  1.00477e+00  1.00191e+00
 6.99000e+01  1.00285e+00  8.92643e-03  1.50713e+00  8.90109e-03  1.00475e+00  1.00190e+00
 7.00000e+01  1.00283e+00  8.95912e-03  1.50710e+00  8.93381e-03  1.00473e+00  1.00189e+00
 7.01000e+01  1.00282e+00  8.99159e-03  1.50706e+00  8.96631e-03  1.00471e+00  1.00188e+00
 7.02000e+01  1.00281e+00  9.02385e-03  1.50703e+00  8.99860e-03  1.00468e+00  1.00187e+00
 7.03000e+01  1.00279e+00  9.05588e-03  1.50699e+00  9.03067e-03  1.00466e+00  1.00186e+00
 7.04000e+01  1.00278e+00  9.08770e-03  1.50696e+00  9.06252e-03  1.00464e+00  1.00185e+00
 7.05000e+01  1.00276e+00  9.11929e-03  1.50692e+00  9.09415e-03  1.00461e+00  1.00185e+00
 7.06000e+01  1.00275e+00  9.15066e-03  1.50689e+00  9.12557e-03  1.00459e+00  1.00184e+00
 7.07000e+01  1.00274e+00  9.18180e-03  1.50685e+00  9.15675e-03  1.00457e+00  1.00183e+00
 7.08000e+01  1.00272e+00  9.21271e-03  1.50681e+00  9.18771e-03  1.00454e+00  1.00182e+00
 7.09000e+01  1.00271e+00  9.24339e-03  1.50678e+00  9.21844e-03  1.00452e+00  1.00181e+00
 7.10000e+01  1.00269e+00  9.27383e-03  1.50674e+00  9.24894e-03  1.00449e+00  1.00180e+00
 7.11000e+01  1.00268e+00  9.30404e-03  1.50670e+00  9.27921e-03  1.00447e+00  1.00179e+00
 7.12000e+01  1.00266e+00  9.33402e-03  1.50667e+00  9.30924e-03  1.00444e+00  1.00178e+00
 7.13000e+01  1.00265e+00  9.36375e-03  1.50663e+00  9.33904e-03  1.00442e+00  1.00177e+00
 7.14000e+01  1.00263e+00  9.39324e-03  1.50659e+00  9.36859e-03  1.00439e+00  1.00176e+00
 7.15000e+01  1.00262e+00  9.42248e-03  1.50655e+00  9.39790e-03  1.00437e+00  1.00175e+00
 7.16000e+01  1.00260e+00  9.45148e-03  1.50651e+00  9.42697e-03  1.00434e+00  1.00174e+00
 7.17000e+01  1.00258e+00  9.48023e-03  1.50647e+00  9.45579e-03  1.00432e+00  1.00173e+00
 7.18000e+01  1.00257e+00  9.50873e-03  1.50643e+00  9.48436e-03  1.00429e+00  1.00172e+00
 7.19000e+01  1.00255e+00  9.53697e-03  1.50639e+00  9.51268e-03  1.00426e+00  1.00171e+00
 7.20000e+01  1.00254e+00  9.56495e-03  1.50635e+00  9.54075e-03  1.00424e+00  1.00170e+00
 7.21000e+01  1.00252e+00  9.59268e-03  1.50631e+00  9.56856e-03  1.00421e+00  1.00168e+00
 7.22000e+01  1.00250e+00  9.62014e-03  1.50627e+00  9.59611e-03  1.00418e+00  1.00167e+00
 7.23000e+01  1.00249e+00  9.64734e-03  1.50623e+00  9.62340e-03  1.00415e+00  1.00166e+00
 7.24000e+01  1.00247e+00  9.67428e-03  1.50619e+00  9.65043e-03  1.00413e+00  1.00165e+00
 7.25000e+01  1.00245e+00  9.70094e-03  1.50615e+00  9.67719e-03  1.00410e+00  1.00164e+00
 7.26000e+01  1.00244e+00  9.72733e-03  1.50611e+00  9.70368e-03  1.00407e+00  1.00163e+00
 7.27000e+01  1.00242e+00  9.75345e-03  1.50606e+00  9.72990e-03  1.00404e+00  1.00162e+00
 7.28000e+01  1.00240e+00  9.77929e-03  1.50602e+00  9.75585e-03  1.00401e+00  1.00161e+00
 7.29000e+01  1.00239e+00  9.80485e-03  1.50598e+00  9.78152e-03  1.00399e+00  1.00160e+00
 7.30000e+01  1.00237e+00  9.83013e-03  1.50593e+00  9.80691e-03  1.00396e+00  1.00158e+00
 7.31000e+01  1.00235e+00  9.85513e-03  1.50589e+00  9.83201e-03  1.00393e+00  1.00157e+00
 7.32000e+01  1.00233e+00  9.87983e-03  1.50585e+00  9.85684e-03  1.00390e+00  1.00156e+00
 7.33000e+01  1.00232e+00  9.90425e-03  1.50580e+00  9.88137e-03  1.00387e+00  1.00155e+00
 7.34000e+01  1.00230e+00  9.92837e-03  1.50576e+00  9.90562e-03  1.00384e+00  1.00154e+00
 7.35000e+01  1.00228e+00  9.95219e-03  1.50571e+00  9.92957e-03  1.00381e+00  1.00152e+00
 7.36000e+01  1.00226e+00  9.97572e-03  1.50566e+00  9.95322e-03  1.00378e+00  1.00151e+00
 7.37000e+01  1.00224e+00  9.99894e-03  1.50562e+00  9.97658e-03  1.00374e+00  1.00150e+00
 7.38000e+01  1.00222e+00  1.00219e-02  1.50557e+00  9.99963e-03  1.00371e+00  1.00149e+00
 7.39000e+01  1.00220e+00  1.00445e-02  1.50552e+00  1.00224e-02  1.00368e+00  1.00147e+00
 7.40000e+01  1.00219e+00  1.00668e-02  1.50548e+00  1.00448e-02  1.00365e+00  1.00146e+00
 7.41000e+01  1.00217e+00  1.00887e-02  1.50543e+00  1.00669e-02  1.00362e+00  1.00145e+00
 7.42000e+01  1.00215e+00  1.01104e-02  1.50538e+00  1.00888e-02  1.00359e+00  1.00144e+00
 7.43000e+01  1.00213e+00  1.01318e-02  1.50533e+00  1.01103e-02  1.00355e+00  1.00142e+00
 7.44000e+01  1.00211e+00  1.01528e-02  1.50528e+00  1.01314e-02  1.00352e+00  1.00141e+00
 7.45000e+01  1.00209e+00  1.01735e-02  1.50523e+00  1.01523e-02  1.00349e+00  1.00140e+00
 7.46000e+01  1.00207e+00  1.01938e-02  1.50518e+00  1.01728e-02  1.00345e+00  1.00138e+00
 7.47000e+01  1.00205e+00  1.02139e-02  1.50513e+00  1.01930e-02  1.00342e+00  1.00137e+00
 7.48000e+01  1.00203e+00  1.02336e-02  1.50508e+00  1.02129e-02  1.00339e+00  1.00136e+00
 7.49000e+01  1.00201e+00  1.02529e-02  1.50503e+00  1.02324e-02  1.00335e+00  1.00134e+00
 7.50000e+01  1.00198e+00  1.02719e-02  1.50497e+00  1.02516e-02  1.00332e+00  1.00133e+00
 7.51000e+01  1.00196e+00  1.02906e-02  1.50492e+00  1.02704e-02  1.00328e+00  1.00132e+00
 7.52000e+01  1.00194e+00  1.03089e-02  1.50487e+00  1.02889e-02  1.00325e+00  1.00130e+00
 7.53000e+01  1.00192e+00  1.03269e-02  1.50482e+00  1.03071e-02  1.00321e+00  1.00129e+00
 7.54000e+01  1.00190e+00  1.03445e-02  1.50476e+00  1.03248e-02  1.00317e+00  1.00127e+00
 7.55000e+01  1.00188e+00  1.03617e-02  1.50471e+00  1.03423e-02  1.00314e+00  1.00126e+00
 7.56000e+01  1.00186e+00  1.03786e-02  1.50465e+00  1.03593e-02  1.00310e+00  1.00124e+00
 7.57000e+01  1.00183e+00  1.03951e-02  1.50460e+00  1.03761e-02  1.00306e+00  1.00123e+00
 7.58000e+01  1.00181e+00  1.04112e-02  1.50454e+00  1.03924e-02  1.00303e+00  1.00121e+00
 7.59000e+01  1.00179e+00  1.04270e-02  1.50448e+00  1.04083e-02  1.00299e+00  1.00120e+00
 7.60000e+01  1.00177e+00  1.04423e-02  1.50443e+00  1.04239e-02  1.00295e+00  1.00118e+00
 7.61000e+01  1.00174e+00  1.04573e-02  1.50437e+00  1.04391e-02  1.00291e+00  1.00117e+00
 7.62000e+01  1.00172e+00  1.04719e-02  1.50431e+00  1.04540e-02  1.00288e+00  1.00115e+00
 7.63000e+01  1.00170e+00  1.04862e-02  1.50425e+00  1.04684e-02  1.00284e+00  1.00114e+00
 7.64000e+01  1.00167e+00  1.05000e-02  1.50420e+00  1.04824e-02  1.00280e+00  1.00112e+00
 7.65000e+01  1.00165e+00  1.05134e-02  1.50414e+00  1.04961e-02  1.00276e+00  1.00111e+00
 7.66000e+01  1.00163e+00  1.05264e-02  1.50408e+00  1.05093e-02  1.00272e+00  1.00109e+00
 7.67000e+01  1.00160e+00  1.05390e-02  1.50401e+00  1.05222e-02  1.00268e+00  1.00107e+00
 7.68000e+01  1.00158e+00  1.05512e-02  1.50395e+00  1.05346e-02  1.00264e+00  1.00106e+00
 7.69000e+01  1.00155e+00  1.05630e-02  1.50389e+00  1.05466e-02  1.00259e+00  1.00104e+00
 7.70000e+01  1.00153e+00  1.05743e-02  1.50383e+00  1.05582e-02  1.00255e+00  1.00102e+00
 7.71000e+01  1.00150e+00  1.05852e-02  1.50377e+00  1.05694e-02  1.00251e+00  1.00101e+00
 7.72000e+01  1.00148e+00  1.05957e-02  1.50370e+00  1.05801e-02  1.00247e+00  1.00099e+00
 7.73000e+01  1.00145e+00  1.06058e-02  1.50364e+00  1.05904e-02  1.00243e+00  1.00097e+00
 7.74000e+01  1.00143e+00  1.06154e-02  1.50357e+00  1.06003e-02  1.00238e+00  1.00096e+00
 7.75000e+01  1.00140e+00  1.06246e-02  1.50351e+00  1.06098e-02  1.00234e+00  1.00094e+00
 7.76000e+01  1.00137e+00  1.06333e-02  1.50344e+00  1.06188e-02  1.00230e+00  1.00092e+00
 7.77000e+01  1.00135e+00  1.06416e-02  1.50338e+00  1.06273e-02  1.00225e+00  1.00090e+00
 7.78000e+01  1.00132e+00  1.06494e-02  1.50331e+00  1.06354e-02  1.00221e+00  1.00089e+00
 7.79000e+01  1.00129e+00  1.06568e-02  1.50324e+00  1.06430e-02  1.00216e+00  1.00087e+00
 7.80000e+01  1.00127e+00  1.06637e-02  1.50317e+00  1.06502e-02  1.00212e+00  1.00085e+00
 7.81000e+01  1.00124e+00  1.06701e-02  1.50310e+00  1.06569e-02  1.00207e+00  1.00083e+00
 7.82000e+01  1.00121e+00  1.06760e-02  1.50303e+00  1.06631e-02  1.00202e+00  1.00081e+00
 7.83000e+01  1.00118e+00  1.06815e-02  1.50296e+00  1.06689e-02  1.00198e+00  1.00079e+00
 7.84000e+01  1.00115e+00  1.06865e-02  1.50289e+00  1.06741e-02  1.00193e+00  1.00077e+00
 7.85000e+01  1.00113e+00  1.06909e-02  1.50282e+00  1.06789e-02  1.00188e+00  1.00075e+00
 7.86000e+01  1.00110e+00  1.06949e-02  1.50275e+00  1.06832e-02  1.00183e+00  1.00074e+00
 7.87000e+01  1.00107e+00  1.06984e-02  1.50268e+00  1.06870e-02  1.00178e+00  1.00072e+00
 7.88000e+01  1.00104e+00  1.07013e-02  1.50260e+00  1.06902e-02  1.00173e+00  1.00070e+00
 7.89000e+01  1.00101e+00  1.07038e-02  1.50253e+00  1.06930e-02  1.00169e+00  1.00068e+00
 7.90000e+01  1.00098e+00  1.07057e-02  1.50245e+00  1.06953e-02  1.00163e+00  1.00066e+00
 7.91000e+01  1.00095e+00  1.07071e-02  1.50238e+00  1.06970e-02  1.00158e+00  1.00064e+00
 7.92000e+01  1.00092e+00  1.07080e-02  1.50230e+00  1.06982e-02  1.00153e+00  1.00062e+00
 7.93000e+01  1.00089e+00  1.07083e-02  1.50222e+00  1.06988e-02  1.00148e+00  1.00060e+00
 7.94000e+01  1.00085e+00  1.07081e-02  1.50214e+00  1.06990e-02  1.00143e+00  1.00057e+00
 7.95000e+01  1.00082e+00  1.07073e-02  1.50207e+00  1.06985e-02  1.00138e+00  1.00055e+00
 7.96000e+01  1.00079e+00  1.07060e-02  1.50199e+00  1.06976e-02  1.00132e+00  1.00053e+00
 7.97000e+01  1.00076e+00  1.07041e-02  1.50191e+00  1.06960e-02  1.00127e+00  1.00051e+00
 7.98000e+01  1.00073e+00  1.07017e-02  1.50182e+00  1.06939e-02  1.00122e+00  1.00049e+00
 7.99000e+01  1.00069e+00  1.06987e-02  1.50174e+00  1.06913e-02  1.00116e+00  1.00047e+00
 8.00000e+01  1.00066e+00  1.06951e-02  1.50166e+00  1.06880e-02  1.00111e+00  1.00044e+00
 8.01000e+01  1.00063e+00  1.06909e-02  1.50158e+00  1.06842e-02  1.00105e+00  1.00042e+00
 8.02000e+01  1.00059e+00  1.06861e-02  1.50149e+00  1.06798e-02  1.00099e+00  1.00040e+00
 8.03000e+01  1.00056e+00  1.06808e-02  1.50141e+00  1.06748e-02  1.00094e+00  1.00038e+00
 8.04000e+01  1.00053e+00  1.06748e-02  1.50132e+00  1.06692e-02  1.00088e+00  1.00035e+00
 8.05000e+01  1.00049e+00  1.06682e-02  1.50123e+00  1.06630e-02  1.00082e+00  1.00033e+00
 8.06000e+01  1.00046e+00  1.06610e-02  1.50114e+00  1.06562e-02  1.00076e+00  1.00031e+00
 8.07000e+01  1.00042e+00  1.06532e-02  1.50106e+00  1.06487e-02  1.00070e+00  1.00028e+00
 8.08000e+01  1.00038e+00  1.06447e-02  1.50097e+00  1.06406e-02  1.00064e+00  1.00026e+00
 8.09000e+01  1.00035e+00  1.06356e-02  1.50088e+00  1.06319e-02  1.00058e+00  1.00024e+00
 8.10000e+01  1.00031e+00  1.06259e-02  1.50078e+00  1.06226e-02  1.00052e+00  1.00021e+00
 8.11000e+01  1.00027e+00  1.06155e-02  1.50069e+00  1.06126e-02  1.00046e+00  1.00019e+00
 8.12000e+01  1.00024e+00  1.06045e-02  1.50060e+00  1.06019e-02  1.00040e+00  1.00016e+00
 8.13000e+01  1.00020e+00  1.05927e-02  1.50050e+00  1.05906e-02  1.00034e+00  1.00014e+00
 8.14000e+01  1.00016e+00  1.05804e-02  1.50041e+00  1.05786e-02  1.00027e+00  1.00011e+00
 8.15000e+01  1.00012e+00  1.05673e-02  1.50031e+00  1.05660e-02  1.00021e+00  1.00008e+00
 8.16000e+01  1.00008e+00  1.05535e-02  1.50022e+00  1.05526e-02  1.00014e+00  1.00006e+00
 8.17000e+01  1.00005e+00  1.05391e-02  1.50012e+00  1.05386e-02  1.00008e+00  1.00003e+00
 8.18000e+01  1.00001e+00  1.05240e-02  1.50002e+00  1.05239e-02  1.00001e+00  1.00001e+00
 8.19000e+01  9.99966e-01  1.05081e-02  1.49992e+00  1.05085e-02  9.99946e-01  9.99980e-01
 8.20000e+01  9.99926e-01  1.04915e-02  1.49982e+00  1.04923e-02  9.99878e-01  9.99952e-01
 8.21000e+01  9.99885e-01  1.04742e-02  1.49972e+00  1.04754e-02  9.99810e-01  9.99925e-01
 8.22000e+01  9.99844e-01  1.04562e-02  1.49961e+00  1.04579e-02  9.99741e-01  9.99898e-01
 8.23000e+01  9.99802e-01  1.04375e-02  1.49951e+00  1.04395e-02  9.99672e-01  9.99870e-01
 8.24000e+01  9.99760e-01  1.04180e-02  1.49940e+00  1.04205e-02  9.99602e-01  9.99842e-01
 8.25000e+01  9.99718e-01  1.03977e-02  1.49930e+00  1.04006e-02  9.99531e-01  9.99813e-01
 8.26000e+01  9.99675e-01  1.03767e-02  1.49919e+00  1.03801e-02  9.99459e-01  9.99785e-01
 8.27000e+01  9.99631e-01  1.03549e-02  1.49908e+00  1.03587e-02  9.99387e-01  9.99756e-01
 8.28000e+01  9.99588e-01  1.03324e-02  1.49897e+00  1.03366e-02  9.99314e-01  9.99726e-01
 8.29000e+01  9.99543e-01  1.03090e-02  1.49886e+00  1.03137e-02  9.99240e-01  9.99697e-01
 8.30000e+01  9.99499e-01  1.02849e-02  1.49875e+00  1.02900e-02  9.99166e-01  9.99667e-01
 8.31000e+01  9.99454e-01  1.02600e-02  1.49864e+00  1.02656e-02  9.99090e-01  9.99637e-01
 8.32000e+01  9.99408e-01  1.02342e-02  1.49852e+00  1.02403e-02  9.99014e-01  9.99606e-01
 8.33000e+01  9.99362e-01  1.02077e-02  1.49841e+00  1.02142e-02  9.98937e-01  9.99575e-01
 8.34000e+01  9.99315e-01  1.01804e-02  1.49829e+00  1.01873e-02  9.98860e-01  9.99544e-01
 8.35000e+01  9.99268e-01  1.01522e-02  1.49817e+00  1.01596e-02  9.98782e-01  9.99513e-01
 8.36000e+01  9.99221e-01  1.01232e-02  1.49805e+00  1.01311e-02  9.98702e-01  9.99481e-01
 8.37000e+01  9.99173e-01  1.00933e-02  1.49793e+00  1.01017e-02  9.98622e-01  9.99449e-01
 8.38000e+01  9.99125e-01  1.00626e-02  1.49781e+00  1.00714e-02  9.98542e-01  9.99416e-01
 8.39000e+01  9.99076e-01  1.00311e-02  1.49769e+00  1.00404e-02  9.98460e-01  9.99384e-01
 8.40000e+01  9.99026e-01  9.99867e-03  1.49757e+00  1.00084e-02  9.98378e-01  9.99351e-01
 8.41000e+01  9.98976e-01  9.96540e-03  1.49744e+00  9.97561e-03  9.98294e-01  9.99317e-01
 8.42000e+01  9.98926e-01  9.93125e-03  1.49732e+00  9.94193e-03  9.98210e-01  9.99284e-01
 8.43000e+01  9.98875e-01  9.89623e-03  1.49719e+00  9.90737e-03  9.98125e-01  9.99250e-01
 8.44000e+01  9.98824e-01  9.86032e-03  1.49706e+00  9.87193e-03  9.98040e-01  9.99215e-01
 8.45000e+01  9.98772e-01  9.82352e-03  1.49693e+00  9.83560e-03  9.97953e-01  9.99180e-01
 8.46000e+01  9.98719e-01  9.78583e-03  1.49680e+00  9.79838e-03  9.97866e-01  9.99145e-01
 8.47000e+01  9.98666e-01  9.74723e-03  1.49667e+00  9.76025e-03  9.97777e-01  9.99110e-01
 8.48000e+01  9.98613e-01  9.70773e-03  1.49653e+00  9.72122e-03  9.97688e-01  9.99074e-01
 8.49000e+01  9.98559e-01  9.66732e-03  1.49640e+00  9.68127e-03  9.97598e-01  9.99038e-01
 8.50000e+01  9.98504e-01  9.62599e-03  1.49626e+00  9.64041e-03  9.97507e-01  9.99002e-01
 8.51000e+01  9.98449e-01  9.58374e-03  1.49612e+00  9.59863e-03  9.97416e-01  9.98965e-01
 8.52000e+01  9.98394e-01  9.54057e-03  1.49598e+00  9.55592e-03  9.97323e-01  9.98928e-01
 8.53000e+01  9.98338e-01  9.49647e-03  1.49584e+00  9.51229e-03  9.97229e-01  9.98890e-01
 8.54000e+01  9.98281e-01  9.45145e-03  1.49570e+00  9.46772e-03  9.97135e-01  9.98852e-01
 8.55000e+01  9.98224e-01  9.40548e-03  1.49556e+00  9.42222e-03  9.97040e-01  9.98814e-01
 8.56000e+01  9.98166e-01  9.35859e-03  1.49542e+00  9.37578e-03  9.96944e-01  9.98775e-01
 8.57000e+01  9.98108e-01  9.31076e-03  1.49527e+00  9.32841e-03  9.96847e-01  9.98737e-01
 8.58000e+01  9.98049e-01  9.26199e-03  1.49512e+00  9.28009e-03  9.96749e-01  9.98697e-01
 8.59000e+01  9.97990e-01  9.21228e-03  1.49498e+00  9.23083e-03  9.96650e-01  9.98658e-01
 8.60000e+01  9.97930e-01  9.16163e-03  1.49483e+00  9.18064e-03  9.96551e-01  9.98618e-01
 8.61000e+01  9.97870e-01  9.11005e-03  1.49468e+00  9.12950e-03  9.96450e-01  9.98577e-01
 8.62000e+01  9.97809e-01  9.05753e-03  1.49452e+00  9.07742e-03  9.96349e-01  9.98537e-01
 8.63000e+01  9.97748e-01  9.00407e-03  1.49437e+00  9.02440e-03  9.96247e-01  9.98496e-01
 8.64000e+01  9.97686e-01  8.94969e-03  1.49422e+00  8.97045e-03  9.96144e-01  9.98454e-01
 8.65000e+01  9.97623e-01  8.89437e-03  1.49406e+00  8.91556e-03  9.96040e-01  9.98413e-01
 8.66000e+01  9.97560e-01  8.83813e-03  1.49390e+00  8.85974e-03  9.95935e-01  9.98371e-01
 8.67000e+01  9.97497e-01  8.78097e-03  1.49374e+00  8.80300e-03  9.95830e-01  9.98328e-01
 8.68000e+01  9.97433e-01  8.72289e-03  1.49358e+00  8.74534e-03  9.95723e-01  9.98286e-01
 8.69000e+01  9.97369e-01  8.66391e-03  1.49342e+00  8.68676e-03  9.95616e-01  9.98243e-01
 8.70000e+01  9.97304e-01  8.60402e-03  1.49326e+00  8.62728e-03  9.95508e-01  9.98199e-01
 8.71000e+01  9.97239e-01  8.54325e-03  1.49310e+00  8.56690e-03  9.95400e-01  9.98156e-01
 8.72000e+01  9.97173e-01  8.48159e-03  1.49294e+00  8.50563e-03  9.95290e-01  9.98112e-01
 8.73000e+01  9.97107e-01  8.41905e-03  1.49277e+00  8.44348e-03  9.95180e-01  9.98067e-01
 8.74000e+01  9.97040e-01  8.35566e-03  1.49260e+00  8.38046e-03  9.95069e-01  9.98023e-01
 8.75000e+01  9.96973e-01  8.29141e-03  1.49244e+00  8.31659e-03  9.94957e-01  9.97978e-01
 8.76000e+01  9.96905e-01  8.22633e-03  1.49227e+00  8.25186e-03  9.94845e-01  9.97933e-01
 8.77000e+01  9.96838e-01  8.16042e-03  1.49210e+00  8.18631e-03  9.94732e-01  9.97888e-01
 8.78000e+01  9.96769e-01  8.09371e-03  1.49193e+00  8.11994e-03  9.94618e-01  9.97842e-01
 8.79000e+01  9.96701e-01  8.02620e-03  1.49176e+00  8.05277e-03  9.94504e-01  9.97796e-01
 8.80000e+01  9.96631e-01  7.95792e-03  1.49158e+00  7.98482e-03  9.94389e-01  9.97750e-01
 8.81000e+01  9.96562e-01  7.88889e-03  1.49141e+00  7.91610e-03  9.94274e-01  9.97704e-01
 8.82000e+01  9.96492e-01  7.81911e-03  1.49124e+00  7.84663e-03  9.94158e-01  9.97657e-01
 8.83000e+01  9.96422e-01  7.74862e-03  1.49106e+00  7.77644e-03  9.94041e-01  9.97610e-01
 8.84000e+01  9.96352e-01  7.67743e-03  1.49089e+00  7.70554e-03  9.93924e-01  9.97563e-01
 8.85000e+01  9.96281e-01  7.60556e-03  1.49071e+00  7.63395e-03  9.93807e-01  9.97516e-01
 8.86000e+01  9.96210e-01  7.53304e-03  1.49053e+00  7.56170e-03  9.93689e-01  9.97469e-01
 8.87000e+01  9.96139e-01  7.45989e-03  1.49036e+00  7.48881e-03  9.93570e-01  9.97421e-01
 8.88000e+01  9.96068e-01  7.38614e-03  1.49018e+00  7.41530e-03  9.93452e-01  9.97374e-01
 8.89000e+01  9.95996e-01  7.31181e-03  1.49000e+00  7.34120e-03  9.93333e-01  9.97326e-01
 8.90000e+01  9.95925e-01  7.23693e-03  1.48982e+00  7.26654e-03  9.93214e-01  9.97278e-01
 8.91000e+01  9.95853e-01  7.16152e-03  1.48964e+00  7.19135e-03  9.93094e-01  9.97230e-01
 8.92000e+01  9.95781e-01  7.08562e-03  1.48946e+00  7.11564e-03  9.92975e-01  9.97182e-01
 8.93000e+01  9.95709e-01  7.00924e-03  1.48928e+00  7.03945e-03  9.92855e-01  9.97134e-01
 8.94000e+01  9.95637e-01  6.93242e-03  1.48910e+00  6.96280e-03  9.92735e-01  9.97086e-01
 8.95000e+01  9.95564e-01  6.85519e-03  1.48892e+00  6.88573e-03  9.92615e-01  9.97037e-01
 8.96000e+01  9.95492e-01  6.77758e-03  1.48874e+00  6.80827e-03  9.92495e-01  9.96989e-01
 8.97000e+01  9.95420e-01  6.69962e-03  1.48856e+00  6.73044e-03  9.92375e-01  9.96941e-01
 8.98000e+01  9.95348e-01  6.62133e-03  1.48838e+00  6.65228e-03  9.92255e-01  9.96893e-01
 8.99000e+01  9.95276e-01  6.54275e-03  1.48820e+00  6.57381e-03  9.92135e-01  9.96844e-01
 9.00000e+01  9.95204e-01  6.46391e-03  1.48802e+00  6.49506e-03  9.92015e-01  9.96796e-01
 9.01000e+01  9.95132e-01  6.38484e-03  1.48784e+00  6.41607e-03  9.91896e-01  9.96748e-01
 9.02000e+01  9.95060e-01  6.30557e-03  1.48766e+00  6.33687e-03  9.91776e-01  9.96700e-01
 9.03000e+01  9.94988e-01  6.22613e-03  1.48749e+00  6.25749e-03  9.91657e-01  9.96652e-01
 9.04000e+01  9.94917e-01  6.14655e-03  1.48731e+00  6.17796e-03  9.91538e-01  9.96605e-01
 9.05000e+01  9.94845e-01  6.06687e-03  1.48713e+00  6.09830e-03  9.91420e-01  9.96557e-01
 9.06000e+01  9.94774e-01  5.98711e-03  1.48695e+00  6.01856e-03  9.91302e-01  9.96510e-01
 9.07000e+01  9.94703e-01  5.90730e-03  1.48678e+00  5.93875e-03  9.91184e-01  9.96462e-01
 9.08000e+01  9.94633e-01  5.82747e-03  1.48660e+00  5.85891e-03  9.91067e-01  9.96415e-01
 9.09000e+01  9.94563e-01  5.74765e-03  1.48643e+00  5.77907e-03  9.90951e-01  9.96368e-01
 9.10000e+01  9.94493e-01  5.66788e-03  1.48625e+00  5.69926e-03  9.90835e-01  9.96322e-01
 9.11000e+01  9.94423e-01  5.58817e-03  1.48608e+00  5.61950e-03  9.90719e-01  9.96275e-01
 9.12000e+01  9.94354e-01  5.50855e-03  1.48591e+00  5.53983e-03  9.90605e-01  9.96229e-01
 9.13000e+01  9.94285e-01  5.42906e-03  1.48574e+00  5.46026e-03  9.90491e-01  9.96183e-01
 9.14000e+01  9.94217e-01  5.34972e-03  1.48557e+00  5.38083e-03  9.90377e-01  9.96138e-01
 9.15000e+01  9.94149e-01  5.27054e-03  1.48540e+00  5.30156e-03  9.90265e-01  9.96092e-01
 9.16000e+01  9.94082e-01  5.19157e-03  1.48523e+00  5.22248e-03  9.90153e-01  9.96048e-01
 9.17000e+01  9.94015e-01  5.11282e-03  1.48506e+00  5.14360e-03  9.90042e-01  9.96003e-01
 9.18000e+01  9.93949e-01  5.03431e-03  1.48490e+00  5.06496e-03  9.89932e-01  9.95959e-01
 9.19000e+01  9.93883e-01  4.95607e-03  1.48473e+00  4.98657e-03  9.89823e-01  9.95915e-01
 9.20000e+01  9.93818e-01  4.87812e-03  1.48457e+00  4.90846e-03  9.89715e-01  9.95871e-01
 9.21000e+01  9.93753e-01  4.80047e-03  1.48441e+00  4.83064e-03  9.89607e-01  9.95828e-01
 9.22000e+01  9.93689e-01  4.72315e-03  1.48425e+00  4.75314e-03  9.89501e-01  9.95785e-01
 9.23000e+01  9.93626e-01  4.64617e-03  1.48409e+00  4.67598e-03  9.89396e-01  9.95743e-01
 9.24000e+01  9.93563e-01  4.56956e-03  1.48394e+00  4.59916e-03  9.89292e-01  9.95701e-01
 9.25000e+01  9.93501e-01  4.49333e-03  1.48378e+00  4.52272e-03  9.89189e-01  9.95660e-01
 9.26000e+01  9.93439e-01  4.41749e-03  1.48363e+00  4.44666e-03  9.89087e-01  9.95619e-01
 9.27000e+01  9.93379e-01  4.34205e-03  1.48348e+00  4.37100e-03  9.88986e-01  9.95578e-01
 9.28000e+01  9.93318e-01  4.26704e-03  1.48333e+00  4.29575e-03  9.88886e-01  9.95538e-01
 9.29000e+01  9.93259e-01  4.19247e-03  1.48318e+00  4.22092e-03  9.88788e-01  9.95498e-01
 9.30000e+01  9.93200e-01  4.11834e-03  1.48304e+00  4.14653e-03  9.88690e-01  9.95459e-01
 9.31000e+01  9.93142e-01  4.04466e-03  1.48289e+00  4.07259e-03  9.88594e-01  9.95420e-01
 9.32000e+01  9.93085e-01  3.97146e-03  1.48275e+00  3.99911e-03  9.88499e-01  9.95382e-01
 9.33000e+01  9.93029e-01  3.89872e-03  1.48261e+00  3.92609e-03  9.88406e-01  9.95345e-01
 9.34000e+01  9.92973e-01  3.82647e-03  1.48247e+00  3.85355e-03  9.88314e-01  9.95307e-01
 9.35000e+01  9.92918e-01  3.75471e-03  1.48233e+00  3.78149e-03  9.88223e-01  9.95271e-01
 9.36000e+01  9.92864e-01  3.68345e-03  1.48220e+00  3.70992e-03  9.88133e-01  9.95235e-01
 9.37000e+01  9.92811e-01  3.61268e-03  1.48207e+00  3.63884e-03  9.88044e-01  9.95199e-01
 9.38000e+01  9.92758e-01  3.54243e-03  1.48194e+00  3.56827e-03  9.87957e-01  9.95164e-01
 9.39000e+01  9.92706e-01  3.47268e-03  1.48181e+00  3.49819e-03  9.87872e-01  9.95130e-01
 9.40000e+01  9.92656e-01  3.40344e-03  1.48168e+00  3.42862e-03  9.87787e-01  9.95096e-01
 9.41000e+01  9.92605e-01  3.33471e-03  1.48156e+00  3.35956e-03  9.87704e-01  9.95062e-01
 9.42000e+01  9.92556e-01  3.26651e-03  1.48143e+00  3.29100e-03  9.87623e-01  9.95029e-01
 9.43000e+01  9.92508e-01  3.19881e-03  1.48131e+00  3.22296e-03  9.87542e-01  9.94997e-01
 9.44000e+01  9.92460e-01  3.13164e-03  1.48120e+00  3.15543e-03  9.87463e-01  9.94965e-01
 9.45000e+01  9.92413e-01  3.06497e-03  1.48108e+00  3.08841e-03  9.87386e-01  9.94934e-01
 9.46000e+01  9.92367e-01  2.99883e-03  1.48096e+00  3.02189e-03  9.87310e-01  9.94903e-01
 9.47000e+01  9.92322e-01  2.93319e-03  1.48085e+00  2.95589e-03  9.87235e-01  9.94873e-01
 9.48000e+01  9.92278e-01  2.86807e-03  1.48074e+00  2.89039e-03  9.87162e-01  9.94844e-01
 9.49000e+01  9.92235e-01  2.80345e-03  1.48063e+00  2.82539e-03  9.87090e-01  9.94815e-01
 9.50000e+01  9.92192e-01  2.73933e-03  1.48053e+00  2.76089e-03  9.87019e-01  9.94787e-01
 9.51000e+01  9.92150e-01  2.67571e-03  1.48043e+00  2.69688e-03  9.86950e-01  9.94759e-01
 9.52000e+01  9.92110e-01  2.61259e-03  1.48032e+00  2.63337e-03  9.86883e-01  9.94732e-01
 9.53000e+01  9.92070e-01  2.54996e-03  1.48023e+00  2.57034e-03  9.86817e-01  9.94705e-01
 9.54000e+01  9.92031e-01  2.48781e-03  1.48013e+00  2.50779e-03  9.86752e-01  9.94679e-01
 9.55000e+01  9.91992e-01  2.42614e-03  1.48003e+00  2.44572e-03  9.86689e-01  9.94653e-01
 9.56000e+01  9.91955e-01  2.36494e-03  1.47994e+00  2.38412e-03  9.86627e-01  9.94629e-01
 9.57000e+01  9.91918e-01  2.30420e-03  1.47985e+00  2.32297e-03  9.86566e-01  9.94604e-01
 9.58000e+01  9.91883e-01  2.24392e-03  1.47976e+00  2.26229e-03  9.86507e-01  9.94580e-01
 9.59000e+01  9.91848e-01  2.18410e-03  1.47967e+00  2.20205e-03  9.86450e-01  9.94557e-01
 9.60000e+01  9.91814e-01  2.12471e-03  1.47959e+00  2.14225e-03  9.86393e-01  9.94535e-01
 9.61000e+01  9.91781e-01  2.06576e-03  1.47951e+00  2.08288e-03  9.86339e-01  9.94513e-01
 9.62000e+01  9.91749e-01  2.00724e-03  1.47943e+00  2.02394e-03  9.86285e-01  9.94491e-01
 9.63000e+01  9.91717e-01  1.94914e-03  1.47935e+00  1.96542e-03  9.86233e-01  9.94470e-01
 9.64000e+01  9.91687e-01  1.89145e-03  1.47927e+00  1.90730e-03  9.86183e-01  9.94450e-01
 9.65000e+01  9.91657e-01  1.83415e-03  1.47920e+00  1.84958e-03  9.86134e-01  9.94430e-01
 9.66000e+01  9.91628e-01  1.77725e-03  1.47913e+00  1.79225e-03  9.86086e-01  9.94411e-01
 9.67000e+01  9.91600e-01  1.72073e-03  1.47906e+00  1.73530e-03  9.86040e-01  9.94392e-01
 9.68000e+01  9.91573e-01  1.66458e-03  1.47899e+00  1.67873e-03  9.85995e-01  9.94374e-01
 9.69000e+01  9.91547e-01  1.60879e-03  1.47893e+00  1.62251e-03  9.85952e-01  9.94357e-01
 9.70000e+01  9.91522e-01  1.55336e-03  1.47886e+00  1.56664e-03  9.85910e-01  9.94340e-01
 9.71000e+01  9.91497e-01  1.49827e-03  1.47880e+00  1.51112e-03  9.85869e-01  9.94324e-01
 9.72000e+01  9.91474e-01  1.44351e-03  1.47874e+00  1.45592e-03  9.85830e-01  9.94308e-01
 9.73000e+01  9.91451e-01  1.38907e-03  1.47869e+00  1.40105e-03  9.85792e-01  9.94293e-01
 9.74000e+01  9.91429e-01  1.33494e-03  1.47863e+00  1.34648e-03  9.85756e-01  9.94278e-01
 9.75000e+01  9.91408e-01  1.28111e-03  1.47858e+00  1.29221e-03  9.85721e-01  9.94264e-01
 9.76000e+01  9.91387e-01  1.22757e-03  1.47853e+00  1.23824e-03  9.85687e-01  9.94250e-01
 9.77000e+01  9.91368e-01  1.17431e-03  1.47848e+00  1.18454e-03  9.85655e-01  9.94237e-01
 9.78000e+01  9.91349e-01  1.12132e-03  1.47844e+00  1.13110e-03  9.85624e-01  9.94225e-01
 9.79000e+01  9.91331e-01  1.06858e-03  1.47839e+00  1.07793e-03  9.85595e-01  9.94213e-01
 9.80000e+01  9.91314e-01  1.01609e-03  1.47835e+00  1.02499e-03  9.85567e-01  9.94202e-01
 9.81000e+01  9.91298e-01  9.63831e-04  1.47831e+00  9.72291e-04  9.85540e-01  9.94191e-01
 9.82000e+01  9.91283e-01  9.11795e-04  1.47827e+00  9.19813e-04  9.85515e-01  9.94181e-01
 9.83000e+01  9.91269e-01  8.59971e-04  1.47824e+00  8.67545e-04  9.85491e-01  9.94171e-01
 9.84000e+01  9.91255e-01  8.08346e-04  1.47820e+00  8.15477e-04  9.85468e-01  9.94162e-01
 9.85000e+01  9.91242e-01  7.56909e-04  1.47817e+00  7.63596e-04  9.85447e-01  9.94154e-01
 9.86000e+01  9.91230e-01  7.05649e-04  1.47814e+00  7.11892e-04  9.85427e-01  9.94146e-01
 9.87000e+01  9.91219e-01  6.54554e-04  1.47811e+00  6.60352e-04  9.85409e-01  9.94138e-01
 9.88000e+01  9.91209e-01  6.03612e-04  1.47809e+00  6.08965e-04  9.85392e-01  9.94132e-01
 9.89000e+01  9.91199e-01  5.52812e-04  1.47806e+00  5.57720e-04  9.85376e-01  9.94125e-01
 9.90000e+01  9.91191e-01  5.02142e-04  1.47804e+00  5.06604e-04  9.85362e-01  9.94120e-01
 9.91000e+01  9.91183e-01  4.51590e-04  1.47802e+00  4.55607e-04  9.85349e-01  9.94114e-01
 9.92000e+01  9.91176e-01  4.01145e-04  1.47801e+00  4.04716e-04  9.85338e-01  9.94110e-01
 9.93000e+01  9.91170e-01  3.50794e-04  1.47799e+00  3.53919e-04  9.85327e-01  9.94106e-01
 9.94000e+01  9.91164e-01  3.00526e-04  1.47798e+00  3.03205e-04  9.85319e-01  9.94102e-01
 9.95000e+01  9.91160e-01  2.50330e-04  1.47797e+00  2.52563e-04  9.85311e-01  9.94099e-01
 9.96000e+01  9.91156e-01  2.00193e-04  1.47796e+00  2.01979e-04  9.85305e-01  9.94097e-01
 9.97000e+01  9.91153e-01  1.50103e-04  1.47795e+00  1.51443e-04  9.85300e-01  9.94095e-01
 9.98000e+01  9.91151e-01  1.00049e-04  1.47795e+00  1.00942e-04  9.85297e-01  9.94093e-01
 9.99000e+01  9.91150e-01  5.00185e-05  1.47794e+00  5.04652e-05  9.85295e-01  9.94092e-01
