 0.00000e+00  9.76728e-02  5.81477e-16  5.47272e-03  5.95331e-15  1.55186e-03  2.59208e-04  1.02469e-01
 5.00000e-01  9.77555e-02  3.98164e-04  5.47178e-03  4.07305e-03  1.54796e-03  2.59073e-04  1.02486e-01
 1.00000e+00  9.80034e-02  7.95800e-04  5.46896e-03  8.12013e-03  1.53627e-03  2.58656e-04  1.02538e-01
 1.50000e+00  9.84156e-02  1.19235e-03  5.46435e-03  1.21154e-02  1.51686e-03  2.57922e-04  1.02626e-01
 2.00000e+00  9.89908e-02  1.58718e-03  5.45808e-03  1.60336e-02  1.48984e-03  2.56816e-04  1.02752e-01
 2.50000e+00  9.97271e-02  1.97957e-03  5.45033e-03  1.98499e-02  1.45536e-03  2.55263e-04  1.02920e-01
 3.00000e+00  1.00622e-01  2.36867e-03  5.44134e-03  2.35403e-02  1.41365e-03  2.53170e-04  1.03133e-01
 3.50000e+00  1.01673e-01  2.75349e-03  5.43142e-03  2.70819e-02  1.36497e-03  2.50431e-04  1.03396e-01
 4.00000e+00  1.02876e-01  3.13288e-03  5.42094e-03  3.04530e-02  1.30965e-03  2.46931e-04  1.03713e-01
 4.50000e+00  1.04228e-01  3.50552e-03  5.41032e-03  3.36333e-02  1.24810e-03  2.42549e-04  1.04091e-01
 5.00000e+00  1.05724e-01  3.86995e-03  5.40006e-03  3.66042e-02  1.18075e-03  2.37162e-04  1.04534e-01
 5.50000e+00  1.07360e-01  4.22453e-03  5.39065e-03  3.93491e-02  1.10812e-03  2.30653e-04  1.05047e-01
 6.00000e+00  1.09132e-01  4.56749e-03  5.38265e-03  4.18531e-02  1.03075e-03  2.22911e-04  1.05636e-01
 6.50000e+00  1.11033e-01  4.89697e-03  5.37658e-03  4.41039e-02  9.49200e-04  2.13837e-04  1.06304e-01
 7.00000e+00  1.13058e-01  5.21100e-03  5.37293e-03  4.60913e-02  8.64052e-04  2.03350e-04  1.07055e-01
 7.50000e+00  1.15203e-01  5.50759e-03  5.37215e-03  4.78078e-02  7.75865e-04  1.91386e-04  1.07890e-01
 8.00000e+00  1.17460e-01  5.78472e-03  5.37458e-03  4.92484e-02  6.85161e-04  1.77904e-04  1.08811e-01
 8.50000e+00  1.19824e-01  6.04043e-03  5.38045e-03  5.04107e-02  5.92409e-04  1.62884e-04  1.09818e-01
 9.00000e+00  1.22290e-01  6.27284e-03  5.38982e-03  5.12949e-02  4.98002e-04  1.46333e-04  1.10909e-01
 9.50000e+00  1.24850e-01  6.48020e-03  5.40265e-03  5.19039e-02  4.02254e-04  1.28276e-04  1.12082e-01
 1.00000e+01  1.27498e-01  6.66090e-03  5.41869e-03  5.22432e-02  3.05385e-04  1.08762e-04  1.13332e-01
 1.05000e+01  1.30228e-01  6.81358e-03  5.43756e-03  5.23203e-02  2.07533e-04  8.78593e-05  1.14655e-01
 1.10000e+01  1.33033e-01  6.93707e-03  5.45875e-03  5.21454e-02  1.08757e-04  6.56499e-05  1.16044e-01
 1.15000e+01  1.35907e-01  7.03050e-03  5.48163e-03  5.17303e-02  9.05402e-06  4.22284e-05  1.17494e-01
 1.20000e+01  1.38842e-01  7.09325e-03  5.50548e-03  5.10888e-02 -9.16176e-05  1.76966e-05  1.18996e-01
 1.25000e+01  1.41831e-01  7.12501e-03  5.52955e-03  5.02359e-02 -1.93315e-04 -7.84107e-06  1.20545e-01
 1.30000e+01  1.44867e-01  7.12576e-03  5.55309e-03  4.91881e-02 -2.96086e-04 -3.42817e-05  1.22133e-01
 1.35000e+01  1.47944e-01  7.09578e-03  5.57538e-03  4.79627e-02 -3.99942e-04 -6.15288e-05  1.23753e-01
 1.40000e+01  1.51053e-01  7.03565e-03  5.59576e-03  4.65774e-02 -5.04835e-04 -8.94961e-05  1.25399e-01
 1.45000e+01  1.54187e-01  6.94620e-03  5.61368e-03  4.50506e-02 -6.10645e-04 -1.18111e-04  1.27063e-01
 1.50000e+01  1.57338e-01  6.82853e-03  5.62872e-03  4.34004e-02 -7.17162e-04 -1.47317e-04  1.28742e-01
 1.55000e+01  1.60499e-01  6.68398e-03  5.64058e-03  4.16450e-02 -8.24085e-04 -1.77079e-04  1.30429e-01
 1.60000e+01  1.63663e-01  6.51409e-03  5.64910e-03  3.98019e-02 -9.31021e-04 -2.07378e-04  1.32120e-01
 1.65000e+01  1.66822e-01  6.32059e-03  5.65427e-03  3.78883e-02 -1.03750e-03 -2.38220e-04  1.33810e-01
 1.70000e+01  1.69968e-01  6.10534e-03  5.65618e-03  3.59205e-02 -1.14297e-03 -2.69629e-04  1.35497e-01
 1.75000e+01  1.73096e-01  5.87035e-03  5.65505e-03  3.39139e-02 -1.24685e-03 -3.01650e-04  1.37177e-01
 1.80000e+01  1.76197e-01  5.61770e-03  5.65117e-03  3.18830e-02 -1.34853e-03 -3.34347e-04  1.38847e-01
 1.85000e+01  1.79267e-01  5.34955e-03  5.64490e-03  2.98413e-02 -1.44737e-03 -3.67800e-04  1.40504e-01
 1.90000e+01  1.82298e-01  5.06809e-03  5.63664e-03  2.78011e-02 -1.54277e-03 -4.02103e-04  1.42145e-01
 1.95000e+01  1.85285e-01  4.77553e-03  5.62679e-03  2.57739e-02 -1.63418e-03 -4.37358e-04  1.43769e-01
 2.00000e+01  1.88224e-01  4.47406e-03  5.61575e-03  2.37699e-02 -1.72109e-03 -4.73678e-04  1.45373e-01
 2.05000e+01  1.91110e-01  4.16586e-03  5.60391e-03  2.17983e-02 -1.80306e-03 -5.11177e-04  1.46955e-01
 2.10000e+01  1.93938e-01  3.85306e-03  5.59161e-03  1.98675e-02 -1.87974e-03 -5.49970e-04  1.48513e-01
 2.15000e+01  1.96706e-01  3.53772e-03  5.57914e-03  1.79849e-02 -1.95087e-03 -5.90167e-04  1.50046e-01
 2.20000e+01  1.99410e-01  3.22184e-03  5.56675e-03  1.61569e-02 -2.01627e-03 -6.31870e-04  1.51551e-01
 2.25000e+01  2.02049e-01  2.90733e-03  5.55465e-03  1.43893e-02 -2.07584e-03 -6.75171e-04  1.53027e-01
 2.30000e+01  2.04620e-01  2.59602e-03  5.54297e-03  1.26870e-02 -2.12959e-03 -7.20144e-04  1.54473e-01
 2.35000e+01  2.07123e-01  2.28964e-03  5.53181e-03  1.10545e-02 -2.17757e-03 -7.66848e-04  1.55887e-01
 2.40000e+01  2.09557e-01  1.98981e-03  5.52122e-03  9.49532e-03 -2.21991e-03 -8.15318e-04  1.57269e-01
 2.45000e+01  2.11922e-01  1.69806e-03  5.51121e-03  8.01266e-03 -2.25683e-03 -8.65566e-04  1.58619e-01
 2.50000e+01  2.14219e-01  1.41581e-03  5.50174e-03  6.60915e-03 -2.28856e-03 -9.17578e-04  1.59935e-01
 2.55000e+01  2.16448e-01  1.14435e-03  5.49272e-03  5.28692e-03 -2.31540e-03 -9.71311e-04  1.61217e-01
 2.60000e+01  2.18611e-01  8.84864e-04  5.48405e-03  4.04765e-03 -2.33768e-03 -1.02669e-03  1.62465e-01
 2.65000e+01  2.20710e-01  6.38429e-04  5.47558e-03  2.89261e-03 -2.35577e-03 -1.08363e-03  1.63679e-01
 2.70000e+01  2.22747e-01  4.05987e-04  5.46711e-03  1.82264e-03 -2.37006e-03 -1.14197e-03  1.64861e-01
 2.75000e+01  2.24723e-01  1.88354e-04  5.45841e-03  8.38160e-04 -2.38099e-03 -1.20157e-03  1.66009e-01
 2.80000e+01  2.26643e-01 -1.37778e-05  5.44923e-03 -6.07906e-05 -2.38900e-03 -1.26223e-03  1.67124e-01
 2.85000e+01  2.28508e-01 -1.99851e-04  5.43927e-03 -8.74588e-04 -2.39454e-03 -1.32373e-03  1.68208e-01
 2.90000e+01  2.30322e-01 -3.69441e-04  5.42820e-03 -1.60402e-03 -2.39811e-03 -1.38581e-03  1.69260e-01
 2.95000e+01  2.32089e-01 -5.22262e-04  5.41565e-03 -2.25027e-03 -2.40018e-03 -1.44820e-03  1.70282e-01
 3.00000e+01  2.33810e-01 -6.58166e-04  5.40124e-03 -2.81496e-03 -2.40127e-03 -1.51060e-03  1.71274e-01
 3.05000e+01  2.35490e-01 -7.77143e-04  5.38454e-03 -3.30011e-03 -2.40188e-03 -1.57269e-03  1.72237e-01
 3.10000e+01  2.37132e-01 -8.79323e-04  5.36513e-03 -3.70815e-03 -2.40251e-03 -1.63414e-03  1.73172e-01
 3.15000e+01  2.38740e-01 -9.64971e-04  5.34255e-03 -4.04194e-03 -2.40367e-03 -1.69459e-03  1.74079e-01
 3.20000e+01  2.40316e-01 -1.03449e-03  5.31634e-03 -4.30470e-03 -2.40586e-03 -1.75369e-03  1.74959e-01
 3.25000e+01  2.41863e-01 -1.08839e-03  5.28604e-03 -4.50004e-03 -2.40957e-03 -1.81107e-03  1.75812e-01
 3.30000e+01  2.43384e-01 -1.12734e-03  5.25119e-03 -4.63192e-03 -2.41526e-03 -1.86637e-03  1.76640e-01
 3.35000e+01  2.44882e-01 -1.15208e-03  5.21135e-03 -4.70461e-03 -2.42338e-03 -1.91923e-03  1.77442e-01
 3.40000e+01  2.46359e-01 -1.16347e-03  5.16611e-03 -4.72266e-03 -2.43436e-03 -1.96931e-03  1.78219e-01
 3.45000e+01  2.47818e-01 -1.16247e-03  5.11507e-03 -4.69083e-03 -2.44858e-03 -2.01627e-03  1.78972e-01
 3.50000e+01  2.49259e-01 -1.15010e-03  5.05791e-03 -4.61409e-03 -2.46638e-03 -2.05981e-03  1.79700e-01
 3.55000e+01  2.50683e-01 -1.12745e-03  4.99432e-03 -4.49751e-03 -2.48808e-03 -2.09964e-03  1.80404e-01
 3.60000e+01  2.52093e-01 -1.09565e-03  4.92407e-03 -4.34622e-03 -2.51391e-03 -2.13553e-03  1.81084e-01
 3.65000e+01  2.53488e-01 -1.05588e-03  4.84702e-03 -4.16539e-03 -2.54409e-03 -2.16725e-03  1.81740e-01
 3.70000e+01  2.54869e-01 -1.00930e-03  4.76309e-03 -3.96009e-03 -2.57875e-03 -2.19466e-03  1.82372e-01
 3.75000e+01  2.56235e-01 -9.57114e-04  4.67228e-03 -3.73530e-03 -2.61796e-03 -2.21762e-03  1.82979e-01
 3.80000e+01  2.57585e-01 -9.00476e-04  4.57471e-03 -3.49584e-03 -2.66173e-03 -2.23609e-03  1.83563e-01
 3.85000e+01  2.58918e-01 -8.40523e-04  4.47058e-03 -3.24629e-03 -2.70998e-03 -2.25003e-03  1.84123e-01
 3.90000e+01  2.60232e-01 -7.78345e-04  4.36023e-03 -2.99097e-03 -2.76257e-03 -2.25950e-03  1.84658e-01
 3.95000e+01  2.61525e-01 -7.14976e-04  4.24408e-03 -2.73387e-03 -2.81927e-03 -2.26461e-03  1.85169e-01
 4.00000e+01  2.62795e-01 -6.51378e-04  4.12268e-03 -2.47865e-03 -2.87979e-03 -2.26550e-03  1.85655e-01
 4.05000e+01  2.64039e-01 -5.88435e-04  3.99670e-03 -2.22859e-03 -2.94375e-03 -2.26240e-03  1.86117e-01
 4.10000e+01  2.65254e-01 -5.26945e-04  3.86691e-03 -1.98657e-03 -3.01069e-03 -2.25558e-03  1.86555e-01
 4.15000e+01  2.66436e-01 -4.67611e-04  3.73420e-03 -1.75506e-03 -3.08010e-03 -2.24536e-03  1.86968e-01
 4.20000e+01  2.67581e-01 -4.11038e-04  3.59956e-03 -1.53612e-03 -3.15137e-03 -2.23210e-03  1.87356e-01
 4.25000e+01  2.68686e-01 -3.57728e-04  3.46407e-03 -1.33140e-03 -3.22385e-03 -2.21622e-03  1.87719e-01
 4.30000e+01  2.69746e-01 -3.08080e-04  3.32889e-03 -1.14211e-03 -3.29685e-03 -2.19816e-03  1.88058e-01
 4.35000e+01  2.70757e-01 -2.62393e-04  3.19524e-03 -9.69108e-04 -3.36960e-03 -2.17839e-03  1.88372e-01
 4.40000e+01  2.71715e-01 -2.20861e-04  3.06442e-03 -8.12839e-04 -3.44133e-03 -2.15740e-03  1.88662e-01
 4.45000e+01  2.72616e-01 -1.83581e-04  2.93772e-03 -6.73405e-04 -3.51123e-03 -2.13569e-03  1.88928e-01
 4.50000e+01  2.73455e-01 -1.50556e-04  2.81646e-03 -5.50569e-04 -3.57849e-03 -2.11378e-03  1.89169e-01
 4.55000e+01  2.74228e-01 -1.21699e-04  2.70197e-03 -4.43787e-04 -3.64230e-03 -2.09215e-03  1.89387e-01
 4.60000e+01  2.74931e-01 -9.68406e-05  2.59552e-03 -3.52236e-04 -3.70187e-03 -2.07130e-03  1.89581e-01
 4.65000e+01  2.75561e-01 -7.57355e-05  2.49833e-03 -2.74841e-04 -3.75645e-03 -2.05169e-03  1.89752e-01
 4.70000e+01  2.76114e-01 -5.80685e-05  2.41154e-03 -2.10306e-04 -3.80534e-03 -2.03375e-03  1.89899e-01
 4.75000e+01  2.76588e-01 -4.34637e-05  2.33620e-03 -1.57142e-04 -3.84788e-03 -2.01786e-03  1.90023e-01
 4.80000e+01  2.76979e-01 -3.14926e-05  2.27323e-03 -1.13700e-04 -3.88350e-03 -2.00437e-03  1.90124e-01
 4.85000e+01  2.77286e-01 -2.16819e-05  2.22341e-03 -7.81934e-05 -3.91174e-03 -1.99356e-03  1.90203e-01
 4.90000e+01  2.77506e-01 -1.35230e-05  2.18736e-03 -4.87305e-05 -3.93219e-03 -1.98568e-03  1.90259e-01
 4.95000e+01  2.77639e-01 -6.48024e-06  2.16555e-03 -2.33405e-05 -3.94457e-03 -1.98088e-03  1.90293e-01
 5.00000e+01  2.77683e-01 -9.39000e-17  2.15825e-03 -3.38155e-16 -3.94872e-03 -1.97927e-03  1.90304e-01
 5.05000e+01  2.77639e-01  6.48024e-06  2.16555e-03  2.33405e-05 -3.94457e-03 -1.98088e-03  1.90293e-01
 5.10000e+01  2.77506e-01  1.35230e-05  2.18736e-03  4.87305e-05 -3.93219e-03 -1.98568e-03  1.90259e-01
 5.15000e+01  2.77286e-01  2.16819e-05  2.22341e-03  7.81934e-05 -3.91174e-03 -1.99356e-03  1.90203e-01
 5.20000e+01  2.76979e-01  3.14926e-05  2.27323e-03  1.13700e-04 -3.88350e-03 -2.00437e-03  1.90124e-01
 5.25000e+01  2.76588e-01  4.34637e-05  2.33620e-03  1.57142e-04 -3.84788e-03 -2.01786e-03  1.90023e-01
 5.30000e+01  2.76114e-01  5.80685e-05  2.41154e-03  2.10306e-04 -3.80534e-03 -2.03375e-03  1.89899e-01
 5.35000e+01  2.75561e-01  7.57355e-05  2.49833e-03  2.74841e-04 -3.75645e-03 -2.05169e-03  1.89752e-01
 5.40000e+01  2.74931e-01  9.68406e-05  2.59552e-03  3.52236e-04 -3.70187e-03 -2.07130e-03  1.89581e-01
 5.45000e+01  2.74228e-01  1.21699e-04  2.70197e-03  4.43787e-04 -3.64230e-03 -2.09215e-03  1.89387e-01
 5.50000e+01  2.73455e-01  1.50556e-04  2.81646e-03  5.50569e-04 -3.57849e-03 -2.11378e-03  1.89169e-01
 5.55000e+01  2.72616e-01  1.83581e-04  2.93772e-03  6.73405e-04 -3.51123e-03 -2.13569e-03  1.88928e-01
 5.60000e+01  2.71715e-01  2.20861e-04  3.06442e-03  8.12839e-04 -3.44133e-03 -2.15740e-03  1.88662e-01
 5.65000e+01  2.70757e-01  2.62393e-04  3.19524e-03  9.69108e-04 -3.36960e-03 -2.17839e-03  1.88372e-01
 5.70000e+01  2.69746e-01  3.08080e-04  3.32889e-03  1.14211e-03 -3.29685e-03 -2.19816e-03  1.88058e-01
 5.75000e+01  2.68686e-01  3.57728e-04  3.46407e-03  1.33140e-03 -3.22385e-03 -2.21622e-03  1.87719e-01
 5.80000e+01  2.67581e-01  4.11038e-04  3.59956e-03  1.53612e-03 -3.15137e-03 -2.23210e-03  1.87356e-01
 5.85000e+01  2.66436e-01  4.67611e-04  3.73420e-03  1.75506e-03 -3.08010e-03 -2.24536e-03  1.86968e-01
 5.90000e+01  2.65254e-01  5.26945e-04  3.86691e-03  1.98657e-03 -3.01069e-03 -2.25558e-03  1.86555e-01
 5.95000e+01  2.64039e-01  5.88435e-04  3.99670e-03  2.22859e-03 -2.94375e-03 -2.26240e-03  1.86117e-01
 6.00000e+01  2.62795e-01  6.51378e-04  4.12268e-03  2.47865e-03 -2.87979e-03 -2.26550e-03  1.85655e-01
 6.05000e+01  2.61525e-01  7.14976e-04  4.24408e-03  2.73387e-03 -2.81927e-03 -2.26461e-03  1.85169e-01
 6.10000e+01  2.60232e-01  7.78345e-04  4.36023e-03  2.99097e-03 -2.76257e-03 -2.25950e-03  1.84658e-01
 6.15000e+01  2.58918e-01  8.40523e-04  4.47058e-03  3.24629e-03 -2.70998e-03 -2.25003e-03  1.84123e-01
 6.20000e+01  2.57585e-01  9.00476e-04  4.57471e-03  3.49584e-03 -2.66173e-03 -2.23609e-03  1.83563e-01
 6.25000e+01  2.56235e-01  9.57114e-04  4.67228e-03  3.73530e-03 -2.61796e-03 -2.21762e-03  1.82979e-01
 6.30000e+01  2.54869e-01  1.00930e-03  4.76309e-03  3.96009e-03 -2.57875e-03 -2.19466e-03  1.82372e-01
 6.35000e+01  2.53488e-01  1.05588e-03  4.84702e-03  4.16539e-03 -2.54409e-03 -2.16725e-03  1.81740e-01
 6.40000e+01  2.52093e-01  1.09565e-03  4.92407e-03  4.34622e-03 -2.51391e-03 -2.13553e-03  1.81084e-01
 6.45000e+01  2.50683e-01  1.12745e-03  4.99432e-03  4.49751e-03 -2.48808e-03 -2.09964e-03  1.80404e-01
 6.50000e+01  2.49259e-01  1.15010e-03  5.05791e-03  4.61409e-03 -2.46638e-03 -2.05981e-03  1.79700e-01
 6.55000e+01  2.47818e-01  1.16247e-03  5.11507e-03  4.69083e-03 -2.44858e-03 -2.01627e-03  1.78972e-01
 6.60000e+01  2.46359e-01  1.16347e-03  5.16611e-03  4.72266e-03 -2.43436e-03 -1.96931e-03  1.78219e-01
 6.65000e+01  2.44882e-01  1.15208e-03  5.21135e-03  4.70461e-03 -2.42338e-03 -1.91923e-03  1.77442e-01
 6.70000e+01  2.43384e-01  1.12734e-03  5.25119e-03  4.63192e-03 -2.41526e-03 -1.86637e-03  1.76640e-01
 6.75000e+01  2.41863e-01  1.08839e-03  5.28604e-03  4.50004e-03 -2.40957e-03 -1.81107e-03  1.75812e-01
 6.80000e+01  2.40316e-01  1.03449e-03  5.31634e-03  4.30470e-03 -2.40586e-03 -1.75369e-03  1.74959e-01
 6.85000e+01  2.38740e-01  9.64971e-04  5.34255e-03  4.04194e-03 -2.40367e-03 -1.69459e-03  1.74079e-01
 6.90000e+01  2.37132e-01  8.79323e-04  5.36513e-03  3.70815e-03 -2.40251e-03 -1.63414e-03  1.73172e-01
 6.95000e+01  2.35490e-01  7.77143e-04  5.38454e-03  3.30011e-03 -2.40188e-03 -1.57269e-03  1.72237e-01
 7.00000e+01  2.33810e-01  6.58166e-04  5.40124e-03  2.81496e-03 -2.40127e-03 -1.51060e-03  1.71274e-01
 7.05000e+01  2.32089e-01  5.22262e-04  5.41565e-03  2.25027e-03 -2.40018e-03 -1.44820e-03  1.70282e-01
 7.10000e+01  2.30322e-01  3.69441e-04  5.42820e-03  1.60402e-03 -2.39811e-03 -1.38581e-03  1.69260e-01
 7.15000e+01  2.28508e-01  1.99851e-04  5.43927e-03  8.74588e-04 -2.39454e-03 -1.32373e-03  1.68208e-01
 7.20000e+01  2.26643e-01  1.37778e-05  5.44923e-03  6.07906e-05 -2.38900e-03 -1.26223e-03  1.67124e-01
 7.25000e+01  2.24723e-01 -1.88354e-04  5.45841e-03 -8.38160e-04 -2.38099e-03 -1.20157e-03  1.66009e-01
 7.30000e+01  2.22747e-01 -4.05987e-04  5.46711e-03 -1.82264e-03 -2.37006e-03 -1.14197e-03  1.64861e-01
 7.35000e+01  2.20710e-01 -6.38429e-04  5.47558e-03 -2.89261e-03 -2.35577e-03 -1.08363e-03  1.63679e-01
 7.40000e+01  2.18611e-01 -8.84864e-04  5.48405e-03 -4.04765e-03 -2.33768e-03 -1.02669e-03  1.62465e-01
 7.45000e+01  2.16448e-01 -1.14435e-03  5.49272e-03 -5.28692e-03 -2.31540e-03 -9.71311e-04  1.61217e-01
 7.50000e+01  2.14219e-01 -1.41581e-03  5.50174e-03 -6.60915e-03 -2.28856e-03 -9.17578e-04  1.59935e-01
 7.55000e+01  2.11922e-01 -1.69806e-03  5.51121e-03 -8.01266e-03 -2.25683e-03 -8.65566e-04  1.58619e-01
 7.60000e+01  2.09557e-01 -1.98981e-03  5.52122e-03 -9.49532e-03 -2.21991e-03 -8.15318e-04  1.57269e-01
 7.65000e+01  2.07123e-01 -2.28964e-03  5.53181e-03 -1.10545e-02 -2.17757e-03 -7.66848e-04  1.55887e-01
 7.70000e+01  2.04620e-01 -2.59602e-03  5.54297e-03 -1.26870e-02 -2.12959e-03 -7.20144e-04  1.54473e-01
 7.75000e+01  2.02049e-01 -2.90733e-03  5.55465e-03 -1.43893e-02 -2.07584e-03 -6.75171e-04  1.53027e-01
 7.80000e+01  1.99410e-01 -3.22184e-03  5.56675e-03 -1.61569e-02 -2.01627e-03 -6.31870e-04  1.51551e-01
 7.85000e+01  1.96706e-01 -3.53772e-03  5.57914e-03 -1.79849e-02 -1.95087e-03 -5.90167e-04  1.50046e-01
 7.90000e+01  1.93938e-01 -3.85306e-03  5.59161e-03 -1.98675e-02 -1.87974e-03 -5.49970e-04  1.48513e-01
 7.95000e+01  1.91110e-01 -4.16586e-03  5.60391e-03 -2.17983e-02 -1.80306e-03 -5.11177e-04  1.46955e-01
 8.00000e+01  1.88224e-01 -4.47406e-03  5.61575e-03 -2.37699e-02 -1.72109e-03 -4.73678e-04  1.45373e-01
 8.05000e+01  1.85285e-01 -4.77553e-03  5.62679e-03 -2.57739e-02 -1.63418e-03 -4.37358e-04  1.43769e-01
 8.10000e+01  1.82298e-01 -5.06809e-03  5.63664e-03 -2.78011e-02 -1.54277e-03 -4.02103e-04  1.42145e-01
 8.15000e+01  1.79267e-01 -5.34955e-03  5.64490e-03 -2.98413e-02 -1.44737e-03 -3.67800e-04  1.40504e-01
 8.20000e+01  1.76197e-01 -5.61770e-03  5.65117e-03 -3.18830e-02 -1.34853e-03 -3.34347e-04  1.38847e-01
 8.25000e+01  1.73096e-01 -5.87035e-03  5.65505e-03 -3.39139e-02 -1.24685e-03 -3.01650e-04  1.37177e-01
 8.30000e+01  1.69968e-01 -6.10534e-03  5.65618e-03 -3.59205e-02 -1.14297e-03 -2.69629e-04  1.35497e-01
 8.35000e+01  1.66822e-01 -6.32059e-03  5.65427e-03 -3.78883e-02 -1.03750e-03 -2.38220e-04  1.33810e-01
 8.40000e+01  1.63663e-01 -6.51409e-03  5.64910e-03 -3.98019e-02 -9.31021e-04 -2.07378e-04  1.32120e-01
 8.45000e+01  1.60499e-01 -6.68398e-03  5.64058e-03 -4.16450e-02 -8.24085e-04 -1.77079e-04  1.30429e-01
 8.50000e+01  1.57338e-01 -6.82853e-03  5.62872e-03 -4.34004e-02 -7.17162e-04 -1.47317e-04  1.28742e-01
 8.55000e+01  1.54187e-01 -6.94620e-03  5.61368e-03 -4.50506e-02 -6.10645e-04 -1.18111e-04  1.27063e-01
 8.60000e+01  1.51053e-01 -7.03565e-03  5.59576e-03 -4.65774e-02 -5.04835e-04 -8.94961e-05  1.25399e-01
 8.65000e+01  1.47944e-01 -7.09578e-03  5.57538e-03 -4.79627e-02 -3.99942e-04 -6.15288e-05  1.23753e-01
 8.70000e+01  1.44867e-01 -7.12576e-03  5.55309e-03 -4.91881e-02 -2.96086e-04 -3.42817e-05  1.22133e-01
 8.75000e+01  1.41831e-01 -7.12501e-03  5.52955e-03 -5.02359e-02 -1.93315e-04 -7.84107e-06  1.20545e-01
 8.80000e+01  1.38842e-01 -7.09325e-03  5.50548e-03 -5.10888e-02 -9.16176e-05  1.76966e-05  1.18996e-01
 8.85000e+01  1.35907e-01 -7.03050e-03  5.48163e-03 -5.17303e-02  9.05402e-06  4.22284e-05  1.17494e-01
 8.90000e+01  1.33033e-01 -6.93707e-03  5.45875e-03 -5.21454e-02  1.08757e-04  6.56499e-05  1.16044e-01
 8.95000e+01  1.30228e-01 -6.81358e-03  5.43756e-03 -5.23203e-02  2.07533e-04  8.78593e-05  1.14655e-01
 9.00000e+01  1.27498e-01 -6.66090e-03  5.41869e-03 -5.22432e-02  3.05385e-04  1.08762e-04  1.13332e-01
 9.05000e+01  1.24850e-01 -6.48020e-03  5.40265e-03 -5.19039e-02  4.02254e-04  1.28276e-04  1.12082e-01
 9.10000e+01  1.22290e-01 -6.27284e-03  5.38982e-03 -5.12949e-02  4.98002e-04  1.46333e-04  1.10909e-01
 9.15000e+01  1.19824e-01 -6.04043e-03  5.38045e-03 -5.04107e-02  5.92409e-04  1.62884e-04  1.09818e-01
 9.20000e+01  1.17460e-01 -5.78472e-03  5.37458e-03 -4.92484e-02  6.85161e-04  1.77904e-04  1.08811e-01
 9.25000e+01  1.15203e-01 -5.50759e-03  5.37215e-03 -4.78078e-02  7.75865e-04  1.91386e-04  1.07890e-01
 9.30000e+01  1.13058e-01 -5.21100e-03  5.37293e-03 -4.60913e-02  8.64052e-04  2.03350e-04  1.07055e-01
 9.35000e+01  1.11033e-01 -4.89697e-03  5.37658e-03 -4.41039e-02  9.49200e-04  2.13837e-04  1.06304e-01
 9.40000e+01  1.09132e-01 -4.56749e-03  5.38265e-03 -4.18531e-02  1.03075e-03  2.22911e-04  1.05636e-01
 9.45000e+01  1.07360e-01 -4.22453e-03  5.39065e-03 -3.93491e-02  1.10812e-03  2.30653e-04  1.05047e-01
 9.50000e+01  1.05724e-01 -3.86995e-03  5.40006e-03 -3.66042e-02  1.18075e-03  2.37162e-04  1.04534e-01
 9.55000e+01  1.04228e-01 -3.50552e-03  5.41032e-03 -3.36333e-02  1.24810e-03  2.42549e-04  1.04091e-01
 9.60000e+01  1.02876e-01 -3.13288e-03  5.42094e-03 -3.04530e-02  1.30965e-03  2.46931e-04  1.03713e-01
 9.65000e+01  1.01673e-01 -2.75349e-03  5.43142e-03 -2.70819e-02  1.36497e-03  2.50431e-04  1.03396e-01
 9.70000e+01  1.00622e-01 -2.36867e-03  5.44134e-03 -2.35403e-02  1.41365e-03  2.53170e-04  1.03133e-01
 9.75000e+01  9.97271e-02 -1.97957e-03  5.45033e-03 -1.98499e-02  1.45536e-03  2.55263e-04  1.02920e-01
 9.80000e+01  9.89908e-02 -1.58718e-03  5.45808e-03 -1.60336e-02  1.48984e-03  2.56816e-04  1.02752e-01
 9.85000e+01  9.84156e-02 -1.19235e-03  5.46435e-03 -1.21154e-02  1.51686e-03  2.57922e-04  1.02626e-01
 9.90000e+01  9.80034e-02 -7.95800e-04  5.46896e-03 -8.12013e-03  1.53627e-03  2.58656e-04  1.02538e-01
 9.95000e+01  9.77555e-02 -3.98164e-04  5.47178e-03 -4.07305e-03  1.54796e-03  2.59073e-04  1.02486e-01
