 0.00000e+00  4.95395e-01 -4.79616e-15  1.68739e+00 -9.68149e-15  2.30817e+00  2.60106e+00
 1.00000e-01  4.95395e-01  1.12892e-04  1.68739e+00  2.27883e-04  2.30817e+00  2.60106e+00
 2.00000e-01  4.95396e-01  2.25780e-04  1.68740e+00  4.55757e-04  2.30818e+00  2.60106e+00
 3.00000e-01  4.95396e-01  3.38659e-04  1.68740e+00  6.83612e-04  2.30819e+00  2.60107e+00
 4.00000e-01  4.95396e-01  4.51524e-04  1.68741e+00  9.11439e-04  2.30820e+00  2.60108e+00
 5.00000e-01  4.95397e-01  5.64370e-04  1.68742e+00  1.13923e-03  2.30822e+00  2.60109e+00
 6.00000e-01  4.95398e-01  6.77193e-04  1.68743e+00  1.36697e-03  2.30824e+00  2.60110e+00
 7.00000e-01  4.95399e-01  7.89989e-04  1.68745e+00  1.59465e-03  2.30826e+00  2.60112e+00
 8.00000e-01  4.95400e-01  9.02753e-04  1.68746e+00  1.82227e-03  2.30829e+00  2.60114e+00
 9.00000e-01  4.95402e-01  1.01548e-03  1.68748e+00  2.04981e-03  2.30833e+00  2.60116e+00
 1.00000e+00  4.95403e-01  1.12817e-03  1.68750e+00  2.27727e-03  2.30836e+00  2.60118e+00
 1.10000e+00  4.95405e-01  1.24081e-03  1.68753e+00  2.50463e-03  2.30840e+00  2.60120e+00
 1.20000e+00  4.95407e-01  1.35339e-03  1.68755e+00  2.73188e-03  2.30845e+00  2.60123e+00
 1.30000e+00  4.95409e-01  1.46593e-03  1.68758e+00  2.95903e-03  2.30849e+00  2.60126e+00
 1.40000e+00  4.95411e-01  1.57840e-03  1.68761e+00  3.18605e-03  2.30855e+00  2.60129e+00
 1.50000e+00  4.95413e-01  1.69081e-03  1.68764e+00  3.41293e-03  2.30860e+00  2.60133e+00
 1.60000e+00  4.95416e-01  1.80315e-03  1.68768e+00  3.63968e-03  2.30866e+00  2.60136e+00
 1.70000e+00  4.95419e-01  1.91542e-03  1.68771e+00  3.86627e-03  2.30872e+00  2.60140e+00
 1.80000e+00  4.95421e-01  2.02761e-03  1.68775e+00  4.09270e-03  2.30879e+00  2.60144e+00
 1.90000e+00  4.95424e-01  2.13972e-03  1.68779e+00  4.31896e-03  2.30886e+00  2.60149e+00
 2.00000e+00  4.95428e-01  2.25174e-03  1.68784e+00  4.54504e-03  2.30893e+00  2.60153e+00
 2.10000e+00  4.95431e-01  2.36367e-03  1.68788e+00  4.77093e-03  2.30901e+00  2.60158e+00
 2.20000e+00  4.95434e-01  2.47550e-03  1.68793e+00  4.99662e-03  2.30910e+00  2.60163e+00
 2.30000e+00  4.95438e-01  2.58723e-03  1.68798e+00  5.22210e-03  2.30918e+00  2.60169e+00
 2.40000e+00  4.95442e-01  2.69885e-03  1.68803e+00  5.44737e-03  2.30927e+00  2.60174e+00
 2.50000e+00  4.95446e-01  2.81037e-03  1.68809e+00  5.67240e-03  2.30936e+00  2.60180e+00
 2.60000e+00  4.95450e-01  2.92177e-03  1.68815e+00  5.89721e-03  2.30946e+00  2.60186e+00
 2.70000e+00  4.95454e-01  3.03305e-03  1.68821e+00  6.12176e-03  2.30956e+00  2.60192e+00
 2.80000e+00  4.95459e-01  3.14421e-03  1.68827e+00  6.34606e-03  2.30967e+00  2.60199e+00
 2.90000e+00  4.95463e-01  3.25524e-03  1.68833e+00  6.57009e-03  2.30978e+00  2.60205e+00
 3.00000e+00  4.95468e-01  3.36614e-03  1.68840e+00  6.79386e-03  2.30989e+00  2.60212e+00
 3.10000e+00  4.95473e-01  3.47690e-03  1.68846e+00  7.01733e-03  2.31001e+00  2.60220e+00
 3.20000e+00  4.95478e-01  3.58752e-03  1.68853e+00  7.24052e-03  2.31013e+00  2.60227e+00
 3.30000e+00  4.95483e-01  3.69799e-03  1.68861e+00  7.46340e-03  2.31025e+00  2.60235e+00
 3.40000e+00  4.95489e-01  3.80831e-03  1.68868e+00  7.68597e-03  2.31038e+00  2.60243e+00
 3.50000e+00  4.95494e-01  3.91848e-03  1.68876e+00  7.90822e-03  2.31051e+00  2.60251e+00
 3.60000e+00  4.95500e-01  4.02849e-03  1.68884e+00  8.13014e-03  2.31064e+00  2.60259e+00
 3.70000e+00  4.95506e-01  4.13833e-03  1.68892e+00  8.35173e-03  2.31078e+00  2.60268e+00
 3.80000e+00  4.95512e-01  4.24801e-03  1.68900e+00  8.57296e-03  2.31093e+00  2.60277e+00
 3.90000e+00  4.95518e-01  4.35751e-03  1.68909e+00  8.79384e-03  2.31107e+00  2.60286e+00
 4.00000e+00  4.95525e-01  4.46683e-03  1.68917e+00  9.01434e-03  2.31122e+00  2.60295e+00
 4.10000e+00  4.95531e-01  4.57597e-03  1.68926e+00  9.23448e-03  2.31138e+00  2.60304e+00
 4.20000e+00  4.95538e-01  4.68493e-03  1.68936e+00  9.45423e-03  2.31153e+00  2.60314e+00
 4.30000e+00  4.95545e-01  4.79369e-03  1.68945e+00  9.67358e-03  2.31170e+00  2.60324e+00
 4.40000e+00  4.95552e-01  4.90226e-03  1.68955e+00  9.89253e-03  2.31186e+00  2.60334e+00
 4.50000e+00  4.95559e-01  5.01063e-03  1.68965e+00  1.01111e-02  2.31203e+00  2.60345e+00
 4.60000e+00  4.95566e-01  5.11879e-03  1.68975e+00  1.03292e-02  2.31220e+00  2.60356e+00
 4.70000e+00  4.95574e-01  5.22675e-03  1.68985e+00  1.05469e-02  2.31238e+00  2.60366e+00
 4.80000e+00  4.95582e-01  5.33449e-03  1.68995e+00  1.07641e-02  2.31256e+00  2.60378e+00
 4.90000e+00  4.95589e-01  5.44202e-03  1.69006e+00  1.09809e-02  2.31274e+00  2.60389e+00
 5.00000e+00  4.95597e-01  5.54932e-03  1.69017e+00  1.11972e-02  2.31293e+00  2.60401e+00
 5.10000e+00  4.95605e-01  5.65640e-03  1.69028e+00  1.14131e-02  2.31312e+00  2.60412e+00
 5.20000e+00  4.95614e-01  5.76325e-03  1.69040e+00  1.16285e-02  2.31332e+00  2.60424e+00
 5.30000e+00  4.95622e-01  5.86986e-03  1.69051e+00  1.18434e-02  2.31352e+00  2.60437e+00
 5.40000e+00  4.95631e-01  5.97623e-03  1.69063e+00  1.20578e-02  2.31372e+00  2.60449e+00
 5.50000e+00  4.95640e-01  6.08236e-03  1.69075e+00  1.22717e-02  2.31392e+00  2.60462e+00
 5.60000e+00  4.95648e-01  6.18824e-03  1.69087e+00  1.24851e-02  2.31413e+00  2.60475e+00
 5.70000e+00  4.95657e-01  6.29387e-03  1.69100e+00  1.26980e-02  2.31435e+00  2.60488e+00
 5.80000e+00  4.95667e-01  6.39924e-03  1.69112e+00  1.29104e-02  2.31457e+00  2.60502e+00
 5.90000e+00  4.95676e-01  6.50436e-03  1.69125e+00  1.31222e-02  2.31479e+00  2.60515e+00
 6.00000e+00  4.95686e-01  6.60920e-03  1.69138e+00  1.33335e-02  2.31501e+00  2.60529e+00
 6.10000e+00  4.95695e-01  6.71378e-03  1.69152e+00  1.35442e-02  2.31524e+00  2.60543e+00
 6.20000e+00  4.95705e-01  6.81808e-03  1.69165e+00  1.37543e-02  2.31547e+00  2.60558e+00
 6.30000e+00  4.95715e-01  6.92210e-03  1.69179e+00  1.39639e-02  2.31571e+00  2.60572e+00
 6.40000e+00  4.95725e-01  7.02585e-03  1.69193e+00  1.41729e-02  2.31595e+00  2.60587e+00
 6.50000e+00  4.95736e-01  7.12930e-03  1.69207e+00  1.43813e-02  2.31619e+00  2.60602e+00
 6.60000e+00  4.95746e-01  7.23247e-03  1.69222e+00  1.45891e-02  2.31644e+00  2.60617e+00
 6.70000e+00  4.95757e-01  7.33534e-03  1.69236e+00  1.47962e-02  2.31669e+00  2.60633e+00
 6.80000e+00  4.95768e-01  7.43791e-03  1.69251e+00  1.50028e-02  2.31694e+00  2.60648e+00
 6.90000e+00  4.95779e-01  7.54017e-03  1.69266e+00  1.52088e-02  2.31720e+00  2.60664e+00
 7.00000e+00  4.95790e-01  7.64213e-03  1.69281e+00  1.54141e-02  2.31746e+00  2.60680e+00
 7.10000e+00  4.95801e-01  7.74378e-03  1.69297e+00  1.56187e-02  2.31772e+00  2.60697e+00
 7.20000e+00  4.95812e-01  7.84511e-03  1.69312e+00  1.58228e-02  2.31799e+00  2.60713e+00
 7.30000e+00  4.95824e-01  7.94613e-03  1.69328e+00  1.60261e-02  2.31827e+00  2.60730e+00
 7.40000e+00  4.95836e-01  8.04681e-03  1.69344e+00  1.62288e-02  2.31854e+00  2.60747e+00
 7.50000e+00  4.95847e-01  8.14717e-03  1.69361e+00  1.64308e-02  2.31882e+00  2.60764e+00
 7.60000e+00  4.95859e-01  8.24720e-03  1.69377e+00  1.66321e-02  2.31910e+00  2.60782e+00
 7.70000e+00  4.95872e-01  8.34689e-03  1.69394e+00  1.68328e-02  2.31939e+00  2.60799e+00
 7.80000e+00  4.95884e-01  8.44624e-03  1.69411e+00  1.70327e-02  2.31968e+00  2.60817e+00
 7.90000e+00  4.95896e-01  8.54524e-03  1.69428e+00  1.72319e-02  2.31997e+00  2.60835e+00
 8.00000e+00  4.95909e-01  8.64390e-03  1.69445e+00  1.74304e-02  2.32027e+00  2.60854e+00
 8.10000e+00  4.95922e-01  8.74220e-03  1.69463e+00  1.76282e-02  2.32057e+00  2.60872e+00
 8.20000e+00  4.95935e-01  8.84015e-03  1.69480e+00  1.78252e-02  2.32087e+00  2.60891e+00
 8.30000e+00  4.95948e-01  8.93774e-03  1.69498e+00  1.80215e-02  2.32118e+00  2.60910e+00
 8.40000e+00  4.95961e-01  9.03496e-03  1.69516e+00  1.82171e-02  2.32149e+00  2.60929e+00
 8.50000e+00  4.95974e-01  9.13181e-03  1.69535e+00  1.84119e-02  2.32181e+00  2.60948e+00
 8.60000e+00  4.95988e-01  9.22829e-03  1.69553e+00  1.86059e-02  2.32213e+00  2.60968e+00
 8.70000e+00  4.96001e-01  9.32439e-03  1.69572e+00  1.87991e-02  2.32245e+00  2.60988e+00
 8.80000e+00  4.96015e-01  9.42011e-03  1.69591e+00  1.89916e-02  2.32277e+00  2.61008e+00
 8.90000e+00  4.96029e-01  9.51545e-03  1.69610e+00  1.91832e-02  2.32310e+00  2.61028e+00
 9.00000e+00  4.96043e-01  9.61040e-03  1.69629e+00  1.93741e-02  2.32344e+00  2.61048e+00
 9.10000e+00  4.96058e-01  9.70495e-03  1.69649e+00  1.95642e-02  2.32377e+00  2.61069e+00
 9.20000e+00  4.96072e-01  9.79911e-03  1.69669e+00  1.97534e-02  2.32411e+00  2.61090e+00
 9.30000e+00  4.96087e-01  9.89288e-03  1.69689e+00  1.99418e-02  2.32445e+00  2.61111e+00
 9.40000e+00  4.96101e-01  9.98623e-03  1.69709e+00  2.01294e-02  2.32480e+00  2.61132e+00
 9.50000e+00  4.96116e-01  1.00792e-02  1.69729e+00  2.03162e-02  2.32515e+00  2.61154e+00
 9.60000e+00  4.96131e-01  1.01717e-02  1.69750e+00  2.05021e-02  2.32550e+00  2.61176e+00
 9.70000e+00  4.96146e-01  1.02638e-02  1.69770e+00  2.06871e-02  2.32586e+00  2.61198e+00
 9.80000e+00  4.96162e-01  1.03555e-02  1.69791e+00  2.08713e-02  2.32622e+00  2.61220e+00
 9.90000e+00  4.96177e-01  1.04468e-02  1.69812e+00  2.10546e-02  2.32658e+00  2.61242e+00
 1.00000e+01  4.96193e-01  1.05377e-02  1.69834e+00  2.12371e-02  2.32695e+00  2.61265e+00
 1.01000e+01  4.96208e-01  1.06281e-02  1.69855e+00  2.14186e-02  2.32732e+00  2.61287e+00
 1.02000e+01  4.96224e-01  1.07181e-02  1.69877e+00  2.15993e-02  2.32769e+00  2.61310e+00
 1.03000e+01  4.96240e-01  1.08076e-02  1.69899e+00  2.17790e-02  2.32807e+00  2.61333e+00
 1.04000e+01  4.96256e-01  1.08967e-02  1.69921e+00  2.19579e-02  2.32845e+00  2.61357e+00
 1.05000e+01  4.96273e-01  1.09854e-02  1.69943e+00  2.21358e-02  2.32883e+00  2.61380e+00
 1.06000e+01  4.96289e-01  1.10736e-02  1.69966e+00  2.23128e-02  2.32922e+00  2.61404e+00
 1.07000e+01  4.96306e-01  1.11614e-02  1.69989e+00  2.24889e-02  2.32961e+00  2.61428e+00
 1.08000e+01  4.96322e-01  1.12487e-02  1.70011e+00  2.26641e-02  2.33001e+00  2.61452e+00
 1.09000e+01  4.96339e-01  1.13355e-02  1.70035e+00  2.28383e-02  2.33040e+00  2.61476e+00
 1.10000e+01  4.96356e-01  1.14219e-02  1.70058e+00  2.30115e-02  2.33080e+00  2.61501e+00
 1.11000e+01  4.96373e-01  1.15078e-02  1.70081e+00  2.31838e-02  2.33121e+00  2.61526e+00
 1.12000e+01  4.96391e-01  1.15933e-02  1.70105e+00  2.33552e-02  2.33161e+00  2.61551e+00
 1.13000e+01  4.96408e-01  1.16783e-02  1.70129e+00  2.35255e-02  2.33202e+00  2.61576e+00
 1.14000e+01  4.96426e-01  1.17628e-02  1.70153e+00  2.36949e-02  2.33244e+00  2.61601e+00
 1.15000e+01  4.96443e-01  1.18468e-02  1.70177e+00  2.38633e-02  2.33285e+00  2.61627e+00
 1.16000e+01  4.96461e-01  1.19303e-02  1.70201e+00  2.40307e-02  2.33327e+00  2.61652e+00
 1.17000e+01  4.96479e-01  1.20133e-02  1.70226e+00  2.41971e-02  2.33370e+00  2.61678e+00
 1.18000e+01  4.96497e-01  1.20959e-02  1.70251e+00  2.43625e-02  2.33412e+00  2.61704e+00
 1.19000e+01  4.96515e-01  1.21780e-02  1.70276e+00  2.45269e-02  2.33455e+00  2.61731e+00
 1.20000e+01  4.96534e-01  1.22595e-02  1.70301e+00  2.46902e-02  2.33499e+00  2.61757e+00
 1.21000e+01  4.96552e-01  1.23406e-02  1.70326e+00  2.48525e-02  2.33542e+00  2.61784e+00
 1.22000e+01  4.96571e-01  1.24211e-02  1.70352e+00  2.50138e-02  2.33586e+00  2.61811e+00
 1.23000e+01  4.96590e-01  1.25012e-02  1.70377e+00  2.51741e-02  2.33630e+00  2.61838e+00
 1.24000e+01  4.96609e-01  1.25807e-02  1.70403e+00  2.53333e-02  2.33675e+00  2.61865e+00
 1.25000e+01  4.96628e-01  1.26598e-02  1.70429e+00  2.54914e-02  2.33720e+00  2.61893e+00
 1.26000e+01  4.96647e-01  1.27383e-02  1.70455e+00  2.56485e-02  2.33765e+00  2.61920e+00
 1.27000e+01  4.96666e-01  1.28162e-02  1.70482e+00  2.58045e-02  2.33810e+00  2.61948e+00
 1.28000e+01  4.96686e-01  1.28937e-02  1.70508e+00  2.59595e-02  2.33856e+00  2.61976e+00
 1.29000e+01  4.96705e-01  1.29706e-02  1.70535e+00  2.61134e-02  2.33902e+00  2.62004e+00
 1.30000e+01  4.96725e-01  1.30470e-02  1.70562e+00  2.62661e-02  2.33949e+00  2.62033e+00
 1.31000e+01  4.96745e-01  1.31229e-02  1.70589e+00  2.64178e-02  2.33996e+00  2.62061e+00
 1.32000e+01  4.96765e-01  1.31983e-02  1.70616e+00  2.65684e-02  2.34043e+00  2.62090e+00
 1.33000e+01  4.96785e-01  1.32731e-02  1.70644e+00  2.67179e-02  2.34090e+00  2.62119e+00
 1.34000e+01  4.96805e-01  1.33473e-02  1.70672e+00  2.68663e-02  2.34138e+00  2.62148e+00
 1.35000e+01  4.96826e-01  1.34210e-02  1.70699e+00  2.70135e-02  2.34186e+00  2.62177e+00
 1.36000e+01  4.96846e-01  1.34942e-02  1.70727e+00  2.71597e-02  2.34234e+00  2.62207e+00
 1.37000e+01  4.96867e-01  1.35668e-02  1.70755e+00  2.73047e-02  2.34282e+00  2.62236e+00
 1.38000e+01  4.96887e-01  1.36388e-02  1.70784e+00  2.74486e-02  2.34331e+00  2.62266e+00
 1.39000e+01  4.96908e-01  1.37103e-02  1.70812e+00  2.75913e-02  2.34380e+00  2.62296e+00
 1.40000e+01  4.96929e-01  1.37813e-02  1.70841e+00  2.77329e-02  2.34430e+00  2.62326e+00
 1.41000e+01  4.96950e-01  1.38517e-02  1.70870e+00  2.78733e-02  2.34480e+00  2.62356e+00
 1.42000e+01  4.96972e-01  1.39215e-02  1.70899e+00  2.80126e-02  2.34530e+00  2.62387e+00
 1.43000e+01  4.96993e-01  1.39907e-02  1.70928e+00  2.81507e-02  2.34580e+00  2.62418e+00
 1.44000e+01  4.97014e-01  1.40594e-02  1.70957e+00  2.82876e-02  2.34631e+00  2.62448e+00
 1.45000e+01  4.97036e-01  1.41275e-02  1.70987e+00  2.84234e-02  2.34682e+00  2.62479e+00
 1.46000e+01  4.97058e-01  1.41950e-02  1.71016e+00  2.85580e-02  2.34733e+00  2.62511e+00
 1.47000e+01  4.97080e-01  1.42619e-02  1.71046e+00  2.86914e-02  2.34784e+00  2.62542e+00
 1.48000e+01  4.97102e-01  1.43283e-02  1.71076e+00  2.88236e-02  2.34836e+00  2.62574e+00
 1.49000e+01  4.97124e-01  1.43940e-02  1.71106e+00  2.89546e-02  2.34888e+00  2.62605e+00
 1.50000e+01  4.97146e-01  1.44592e-02  1.71137e+00  2.90844e-02  2.34940e+00  2.62637e+00
 1.51000e+01  4.97168e-01  1.45238e-02  1.71167e+00  2.92130e-02  2.34993e+00  2.62669e+00
 1.52000e+01  4.97191e-01  1.45878e-02  1.71198e+00  2.93404e-02  2.35046e+00  2.62701e+00
 1.53000e+01  4.97213e-01  1.46512e-02  1.71228e+00  2.94666e-02  2.35099e+00  2.62734e+00
 1.54000e+01  4.97236e-01  1.47140e-02  1.71259e+00  2.95916e-02  2.35152e+00  2.62766e+00
 1.55000e+01  4.97259e-01  1.47762e-02  1.71290e+00  2.97153e-02  2.35206e+00  2.62799e+00
 1.56000e+01  4.97282e-01  1.48378e-02  1.71322e+00  2.98378e-02  2.35260e+00  2.62831e+00
 1.57000e+01  4.97305e-01  1.48988e-02  1.71353e+00  2.99591e-02  2.35314e+00  2.62864e+00
 1.58000e+01  4.97328e-01  1.49592e-02  1.71385e+00  3.00791e-02  2.35369e+00  2.62898e+00
 1.59000e+01  4.97351e-01  1.50189e-02  1.71416e+00  3.01979e-02  2.35424e+00  2.62931e+00
 1.60000e+01  4.97375e-01  1.50781e-02  1.71448e+00  3.03154e-02  2.35479e+00  2.62964e+00
 1.61000e+01  4.97398e-01  1.51366e-02  1.71480e+00  3.04317e-02  2.35534e+00  2.62998e+00
 1.62000e+01  4.97422e-01  1.51946e-02  1.71512e+00  3.05467e-02  2.35590e+00  2.63032e+00
 1.63000e+01  4.97445e-01  1.52519e-02  1.71544e+00  3.06604e-02  2.35646e+00  2.63065e+00
 1.64000e+01  4.97469e-01  1.53086e-02  1.71577e+00  3.07729e-02  2.35702e+00  2.63099e+00
 1.65000e+01  4.97493e-01  1.53646e-02  1.71609e+00  3.08841e-02  2.35758e+00  2.63134e+00
 1.66000e+01  4.97517e-01  1.54200e-02  1.71642e+00  3.09940e-02  2.35815e+00  2.63168e+00
 1.67000e+01  4.97541e-01  1.54748e-02  1.71675e+00  3.11026e-02  2.35872e+00  2.63202e+00
 1.68000e+01  4.97565e-01  1.55290e-02  1.71708e+00  3.12100e-02  2.35929e+00  2.63237e+00
 1.69000e+01  4.97590e-01  1.55826e-02  1.71741e+00  3.13161e-02  2.35986e+00  2.63272e+00
 1.70000e+01  4.97614e-01  1.56355e-02  1.71775e+00  3.14208e-02  2.36044e+00  2.63307e+00
 1.71000e+01  4.97639e-01  1.56877e-02  1.71808e+00  3.15243e-02  2.36102e+00  2.63342e+00
 1.72000e+01  4.97664e-01  1.57393e-02  1.71842e+00  3.16265e-02  2.36160e+00  2.63377e+00
 1.73000e+01  4.97688e-01  1.57903e-02  1.71875e+00  3.17273e-02  2.36218e+00  2.63412e+00
 1.74000e+01  4.97713e-01  1.58407e-02  1.71909e+00  3.18269e-02  2.36277e+00  2.63448e+00
 1.75000e+01  4.97738e-01  1.58903e-02  1.71943e+00  3.19251e-02  2.36336e+00  2.63483e+00
 1.76000e+01  4.97763e-01  1.59394e-02  1.71977e+00  3.20220e-02  2.36395e+00  2.63519e+00
 1.77000e+01  4.97788e-01  1.59878e-02  1.72011e+00  3.21176e-02  2.36454e+00  2.63555e+00
 1.78000e+01  4.97814e-01  1.60355e-02  1.72046e+00  3.22119e-02  2.36514e+00  2.63591e+00
 1.79000e+01  4.97839e-01  1.60826e-02  1.72080e+00  3.23048e-02  2.36574e+00  2.63627e+00
 1.80000e+01  4.97864e-01  1.61290e-02  1.72115e+00  3.23964e-02  2.36634e+00  2.63664e+00
 1.81000e+01  4.97890e-01  1.61748e-02  1.72150e+00  3.24867e-02  2.36694e+00  2.63700e+00
 1.82000e+01  4.97916e-01  1.62199e-02  1.72185e+00  3.25756e-02  2.36755e+00  2.63736e+00
 1.83000e+01  4.97941e-01  1.62644e-02  1.72220e+00  3.26632e-02  2.36816e+00  2.63773e+00
 1.84000e+01  4.97967e-01  1.63082e-02  1.72255e+00  3.27495e-02  2.36876e+00  2.63810e+00
 1.85000e+01  4.97993e-01  1.63513e-02  1.72290e+00  3.28344e-02  2.36938e+00  2.63847e+00
 1.86000e+01  4.98019e-01  1.63937e-02  1.72325e+00  3.29179e-02  2.36999e+00  2.63884e+00
 1.87000e+01  4.98045e-01  1.64355e-02  1.72361e+00  3.30001e-02  2.37061e+00  2.63921e+00
 1.88000e+01  4.98072e-01  1.64767e-02  1.72397e+00  3.30809e-02  2.37123e+00  2.63958e+00
 1.89000e+01  4.98098e-01  1.65171e-02  1.72432e+00  3.31604e-02  2.37185e+00  2.63996e+00
 1.90000e+01  4.98124e-01  1.65569e-02  1.72468e+00  3.32385e-02  2.37247e+00  2.64033e+00
 1.91000e+01  4.98151e-01  1.65960e-02  1.72504e+00  3.33152e-02  2.37309e+00  2.64071e+00
 1.92000e+01  4.98177e-01  1.66344e-02  1.72540e+00  3.33906e-02  2.37372e+00  2.64109e+00
 1.93000e+01  4.98204e-01  1.66722e-02  1.72577e+00  3.34646e-02  2.37435e+00  2.64147e+00
 1.94000e+01  4.98231e-01  1.67093e-02  1.72613e+00  3.35372e-02  2.37498e+00  2.64185e+00
 1.95000e+01  4.98258e-01  1.67457e-02  1.72649e+00  3.36084e-02  2.37562e+00  2.64223e+00
 1.96000e+01  4.98285e-01  1.67814e-02  1.72686e+00  3.36783e-02  2.37625e+00  2.64261e+00
 1.97000e+01  4.98312e-01  1.68164e-02  1.72723e+00  3.37468e-02  2.37689e+00  2.64299e+00
 1.98000e+01  4.98339e-01  1.68508e-02  1.72759e+00  3.38139e-02  2.37753e+00  2.64338e+00
 1.99000e+01  4.98366e-01  1.68844e-02  1.72796e+00  3.38796e-02  2.37817e+00  2.64376e+00
 2.00000e+01  4.98393e-01  1.69174e-02  1.72833e+00  3.39439e-02  2.37881e+00  2.64415e+00
 2.01000e+01  4.98420e-01  1.69497e-02  1.72870e+00  3.40068e-02  2.37946e+00  2.64454e+00
 2.02000e+01  4.98448e-01  1.69813e-02  1.72908e+00  3.40683e-02  2.38010e+00  2.64492e+00
 2.03000e+01  4.98475e-01  1.70122e-02  1.72945e+00  3.41285e-02  2.38075e+00  2.64531e+00
 2.04000e+01  4.98503e-01  1.70424e-02  1.72982e+00  3.41872e-02  2.38140e+00  2.64570e+00
 2.05000e+01  4.98530e-01  1.70719e-02  1.73020e+00  3.42445e-02  2.38205e+00  2.64610e+00
 2.06000e+01  4.98558e-01  1.71008e-02  1.73057e+00  3.43005e-02  2.38271e+00  2.64649e+00
 2.07000e+01  4.98586e-01  1.71289e-02  1.73095e+00  3.43550e-02  2.38337e+00  2.64688e+00
 2.08000e+01  4.98614e-01  1.71564e-02  1.73133e+00  3.44081e-02  2.38402e+00  2.64728e+00
 2.09000e+01  4.98642e-01  1.71831e-02  1.73171e+00  3.44598e-02  2.38468e+00  2.64767e+00
 2.10000e+01  4.98670e-01  1.72092e-02  1.73209e+00  3.45101e-02  2.38534e+00  2.64807e+00
 2.11000e+01  4.98698e-01  1.72345e-02  1.73247e+00  3.45590e-02  2.38601e+00  2.64847e+00
 2.12000e+01  4.98726e-01  1.72592e-02  1.73285e+00  3.46065e-02  2.38667e+00  2.64886e+00
 2.13000e+01  4.98754e-01  1.72831e-02  1.73323e+00  3.46526e-02  2.38734e+00  2.64926e+00
 2.14000e+01  4.98782e-01  1.73064e-02  1.73362e+00  3.46973e-02  2.38801e+00  2.64966e+00
 2.15000e+01  4.98811e-01  1.73289e-02  1.73400e+00  3.47405e-02  2.38867e+00  2.65006e+00
 2.16000e+01  4.98839e-01  1.73508e-02  1.73439e+00  3.47824e-02  2.38935e+00  2.65047e+00
 2.17000e+01  4.98868e-01  1.73719e-02  1.73477e+00  3.48228e-02  2.39002e+00  2.65087e+00
 2.18000e+01  4.98896e-01  1.73924e-02  1.73516e+00  3.48618e-02  2.39069e+00  2.65127e+00
 2.19000e+01  4.98925e-01  1.74121e-02  1.73555e+00  3.48993e-02  2.39137e+00  2.65168e+00
 2.20000e+01  4.98953e-01  1.74312e-02  1.73593e+00  3.49355e-02  2.39205e+00  2.65208e+00
 2.21000e+01  4.98982e-01  1.74495e-02  1.73632e+00  3.49702e-02  2.39272e+00  2.65249e+00
 2.22000e+01  4.99011e-01  1.74671e-02  1.73671e+00  3.50035e-02  2.39340e+00  2.65289e+00
 2.23000e+01  4.99040e-01  1.74841e-02  1.73710e+00  3.50354e-02  2.39409e+00  2.65330e+00
 2.24000e+01  4.99068e-01  1.75003e-02  1.73750e+00  3.50659e-02  2.39477e+00  2.65371e+00
 2.25000e+01  4.99097e-01  1.75158e-02  1.73789e+00  3.50949e-02  2.39545e+00  2.65412e+00
 2.26000e+01  4.99126e-01  1.75306e-02  1.73828e+00  3.51225e-02  2.39614e+00  2.65452e+00
 2.27000e+01  4.99155e-01  1.75447e-02  1.73867e+00  3.51487e-02  2.39682e+00  2.65493e+00
 2.28000e+01  4.99185e-01  1.75581e-02  1.73907e+00  3.51735e-02  2.39751e+00  2.65534e+00
 2.29000e+01  4.99214e-01  1.75707e-02  1.73946e+00  3.51968e-02  2.39820e+00  2.65576e+00
 2.30000e+01  4.99243e-01  1.75827e-02  1.73986e+00  3.52187e-02  2.39889e+00  2.65617e+00
 2.31000e+01  4.99272e-01  1.75940e-02  1.74026e+00  3.52392e-02  2.39958e+00  2.65658e+00
 2.32000e+01  4.99301e-01  1.76045e-02  1.74065e+00  3.52583e-02  2.40028e+00  2.65699e+00
 2.33000e+01  4.99331e-01  1.76143e-02  1.74105e+00  3.52759e-02  2.40097e+00  2.65741e+00
 2.34000e+01  4.99360e-01  1.76235e-02  1.74145e+00  3.52921e-02  2.40167e+00  2.65782e+00
 2.35000e+01  4.99390e-01  1.76319e-02  1.74185e+00  3.53069e-02  2.40236e+00  2.65824e+00
 2.36000e+01  4.99419e-01  1.76396e-02  1.74225e+00  3.53202e-02  2.40306e+00  2.65865e+00
 2.37000e+01  4.99449e-01  1.76466e-02  1.74265e+00  3.53322e-02  2.40376e+00  2.65907e+00
 2.38000e+01  4.99478e-01  1.76529e-02  1.74305e+00  3.53427e-02  2.40446e+00  2.65948e+00
 2.39000e+01  4.99508e-01  1.76585e-02  1.74345e+00  3.53517e-02  2.40516e+00  2.65990e+00
 2.40000e+01  4.99537e-01  1.76633e-02  1.74385e+00  3.53594e-02  2.40586e+00  2.66032e+00
 2.41000e+01  4.99567e-01  1.76675e-02  1.74425e+00  3.53656e-02  2.40656e+00  2.66074e+00
 2.42000e+01  4.99597e-01  1.76709e-02  1.74465e+00  3.53704e-02  2.40727e+00  2.66115e+00
 2.43000e+01  4.99626e-01  1.76737e-02  1.74506e+00  3.53738e-02  2.40797e+00  2.66157e+00
 2.44000e+01  4.99656e-01  1.76757e-02  1.74546e+00  3.53757e-02  2.40868e+00  2.66199e+00
 2.45000e+01  4.99686e-01  1.76770e-02  1.74586e+00  3.53762e-02  2.40938e+00  2.66241e+00
 2.46000e+01  4.99716e-01  1.76776e-02  1.74627e+00  3.53754e-02  2.41009e+00  2.66283e+00
 2.47000e+01  4.99746e-01  1.76775e-02  1.74667e+00  3.53730e-02  2.41080e+00  2.66325e+00
 2.48000e+01  4.99776e-01  1.76767e-02  1.74708e+00  3.53693e-02  2.41151e+00  2.66367e+00
 2.49000e+01  4.99806e-01  1.76752e-02  1.74748e+00  3.53642e-02  2.41221e+00  2.66409e+00
 2.50000e+01  4.99836e-01  1.76730e-02  1.74789e+00  3.53576e-02  2.41292e+00  2.66451e+00
 2.51000e+01  4.99866e-01  1.76700e-02  1.74829e+00  3.53496e-02  2.41364e+00  2.66493e+00
 2.52000e+01  4.99896e-01  1.76664e-02  1.74870e+00  3.53402e-02  2.41435e+00  2.66536e+00
 2.53000e+01  4.99926e-01  1.76621e-02  1.74911e+00  3.53294e-02  2.41506e+00  2.66578e+00
 2.54000e+01  4.99956e-01  1.76570e-02  1.74951e+00  3.53171e-02  2.41577e+00  2.66620e+00
 2.55000e+01  4.99986e-01  1.76512e-02  1.74992e+00  3.53035e-02  2.41648e+00  2.66662e+00
 2.56000e+01  5.00016e-01  1.76448e-02  1.75033e+00  3.52884e-02  2.41720e+00  2.66705e+00
 2.57000e+01  5.00046e-01  1.76376e-02  1.75074e+00  3.52720e-02  2.41791e+00  2.66747e+00
 2.58000e+01  5.00076e-01  1.76297e-02  1.75114e+00  3.52541e-02  2.41863e+00  2.66789e+00
 2.59000e+01  5.00106e-01  1.76211e-02  1.75155e+00  3.52348e-02  2.41934e+00  2.66831e+00
 2.60000e+01  5.00136e-01  1.76119e-02  1.75196e+00  3.52141e-02  2.42006e+00  2.66874e+00
 2.61000e+01  5.00167e-01  1.76019e-02  1.75237e+00  3.51920e-02  2.42077e+00  2.66916e+00
 2.62000e+01  5.00197e-01  1.75912e-02  1.75278e+00  3.51686e-02  2.42149e+00  2.66959e+00
 2.63000e+01  5.00227e-01  1.75798e-02  1.75319e+00  3.51437e-02  2.42221e+00  2.67001e+00
 2.64000e+01  5.00257e-01  1.75677e-02  1.75360e+00  3.51174e-02  2.42292e+00  2.67043e+00
 2.65000e+01  5.00287e-01  1.75549e-02  1.75401e+00  3.50897e-02  2.42364e+00  2.67086e+00
 2.66000e+01  5.00318e-01  1.75415e-02  1.75441e+00  3.50606e-02  2.42436e+00  2.67128e+00
 2.67000e+01  5.00348e-01  1.75273e-02  1.75482e+00  3.50302e-02  2.42508e+00  2.67170e+00
 2.68000e+01  5.00378e-01  1.75124e-02  1.75523e+00  3.49983e-02  2.42580e+00  2.67213e+00
 2.69000e+01  5.00408e-01  1.74968e-02  1.75564e+00  3.49651e-02  2.42651e+00  2.67255e+00
 2.70000e+01  5.00439e-01  1.74805e-02  1.75605e+00  3.49305e-02  2.42723e+00  2.67298e+00
 2.71000e+01  5.00469e-01  1.74636e-02  1.75646e+00  3.48945e-02  2.42795e+00  2.67340e+00
 2.72000e+01  5.00499e-01  1.74459e-02  1.75687e+00  3.48571e-02  2.42867e+00  2.67382e+00
 2.73000e+01  5.00529e-01  1.74276e-02  1.75728e+00  3.48183e-02  2.42939e+00  2.67425e+00
 2.74000e+01  5.00560e-01  1.74085e-02  1.75769e+00  3.47782e-02  2.43011e+00  2.67467e+00
 2.75000e+01  5.00590e-01  1.73888e-02  1.75810e+00  3.47367e-02  2.43082e+00  2.67510e+00
 2.76000e+01  5.00620e-01  1.73684e-02  1.75851e+00  3.46938e-02  2.43154e+00  2.67552e+00
 2.77000e+01  5.00650e-01  1.73473e-02  1.75892e+00  3.46495e-02  2.43226e+00  2.67594e+00
 2.78000e+01  5.00681e-01  1.73255e-02  1.75933e+00  3.46039e-02  2.43298e+00  2.67637e+00
 2.79000e+01  5.00711e-01  1.73030e-02  1.75974e+00  3.45569e-02  2.43370e+00  2.67679e+00
 2.80000e+01  5.00741e-01  1.72799e-02  1.76014e+00  3.45086e-02  2.43442e+00  2.67721e+00
 2.81000e+01  5.00771e-01  1.72560e-02  1.76055e+00  3.44589e-02  2.43514e+00  2.67763e+00
 2.82000e+01  5.00801e-01  1.72315e-02  1.76096e+00  3.44079e-02  2.43585e+00  2.67806e+00
 2.83000e+01  5.00832e-01  1.72063e-02  1.76137e+00  3.43555e-02  2.43657e+00  2.67848e+00
 2.84000e+01  5.00862e-01  1.71804e-02  1.76178e+00  3.43018e-02  2.43729e+00  2.67890e+00
 2.85000e+01  5.00892e-01  1.71539e-02  1.76219e+00  3.42467e-02  2.43801e+00  2.67932e+00
 2.86000e+01  5.00922e-01  1.71267e-02  1.76259e+00  3.41903e-02  2.43872e+00  2.67974e+00
 2.87000e+01  5.00952e-01  1.70987e-02  1.76300e+00  3.41325e-02  2.43944e+00  2.68017e+00
 2.88000e+01  5.00982e-01  1.70702e-02  1.76341e+00  3.40734e-02  2.44015e+00  2.68059e+00
 2.89000e+01  5.01012e-01  1.70409e-02  1.76381e+00  3.40130e-02  2.44087e+00  2.68101e+00
 2.90000e+01  5.01042e-01  1.70110e-02  1.76422e+00  3.39512e-02  2.44159e+00  2.68143e+00
 2.91000e+01  5.01072e-01  1.69804e-02  1.76463e+00  3.38882e-02  2.44230e+00  2.68185e+00
 2.92000e+01  5.01102e-01  1.69492e-02  1.76503e+00  3.38238e-02  2.44301e+00  2.68226e+00
 2.93000e+01  5.01132e-01  1.69173e-02  1.76544e+00  3.37581e-02  2.44373e+00  2.68268e+00
 2.94000e+01  5.01162e-01  1.68847e-02  1.76584e+00  3.36910e-02  2.44444e+00  2.68310e+00
 2.95000e+01  5.01192e-01  1.68514e-02  1.76625e+00  3.36227e-02  2.44515e+00  2.68352e+00
 2.96000e+01  5.01222e-01  1.68175e-02  1.76665e+00  3.35531e-02  2.44586e+00  2.68394e+00
 2.97000e+01  5.01252e-01  1.67830e-02  1.76706e+00  3.34821e-02  2.44658e+00  2.68435e+00
 2.98000e+01  5.01282e-01  1.67478e-02  1.76746e+00  3.34099e-02  2.44729e+00  2.68477e+00
 2.99000e+01  5.01311e-01  1.67119e-02  1.76786e+00  3.33364e-02  2.44800e+00  2.68519e+00
 3.00000e+01  5.01341e-01  1.66754e-02  1.76827e+00  3.32615e-02  2.44870e+00  2.68560e+00
 3.01000e+01  5.01371e-01  1.66382e-02  1.76867e+00  3.31854e-02  2.44941e+00  2.68602e+00
 3.02000e+01  5.01401e-01  1.66004e-02  1.76907e+00  3.31080e-02  2.45012e+00  2.68643e+00
 3.03000e+01  5.01430e-01  1.65619e-02  1.76947e+00  3.30294e-02  2.45083e+00  2.68684e+00
 3.04000e+01  5.01460e-01  1.65228e-02  1.76987e+00  3.29494e-02  2.45153e+00  2.68726e+00
 3.05000e+01  5.01489e-01  1.64831e-02  1.77027e+00  3.28682e-02  2.45224e+00  2.68767e+00
 3.06000e+01  5.01519e-01  1.64427e-02  1.77067e+00  3.27857e-02  2.45294e+00  2.68808e+00
 3.07000e+01  5.01548e-01  1.64016e-02  1.77107e+00  3.27020e-02  2.45364e+00  2.68849e+00
 3.08000e+01  5.01578e-01  1.63600e-02  1.77147e+00  3.26170e-02  2.45434e+00  2.68890e+00
 3.09000e+01  5.01607e-01  1.63176e-02  1.77186e+00  3.25307e-02  2.45504e+00  2.68931e+00
 3.10000e+01  5.01636e-01  1.62747e-02  1.77226e+00  3.24432e-02  2.45574e+00  2.68972e+00
 3.11000e+01  5.01666e-01  1.62311e-02  1.77266e+00  3.23545e-02  2.45644e+00  2.69013e+00
 3.12000e+01  5.01695e-01  1.61869e-02  1.77305e+00  3.22645e-02  2.45714e+00  2.69054e+00
 3.13000e+01  5.01724e-01  1.61421e-02  1.77345e+00  3.21733e-02  2.45784e+00  2.69094e+00
 3.14000e+01  5.01753e-01  1.60967e-02  1.77384e+00  3.20808e-02  2.45853e+00  2.69135e+00
 3.15000e+01  5.01782e-01  1.60506e-02  1.77423e+00  3.19872e-02  2.45922e+00  2.69175e+00
 3.16000e+01  5.01811e-01  1.60039e-02  1.77462e+00  3.18923e-02  2.45992e+00  2.69216e+00
 3.17000e+01  5.01840e-01  1.59566e-02  1.77502e+00  3.17962e-02  2.46061e+00  2.69256e+00
 3.18000e+01  5.01869e-01  1.59087e-02  1.77541e+00  3.16988e-02  2.46130e+00  2.69296e+00
 3.19000e+01  5.01898e-01  1.58601e-02  1.77580e+00  3.16003e-02  2.46199e+00  2.69336e+00
 3.20000e+01  5.01926e-01  1.58110e-02  1.77619e+00  3.15006e-02  2.46267e+00  2.69377e+00
 3.21000e+01  5.01955e-01  1.57612e-02  1.77657e+00  3.13997e-02  2.46336e+00  2.69417e+00
 3.22000e+01  5.01984e-01  1.57109e-02  1.77696e+00  3.12975e-02  2.46404e+00  2.69456e+00
 3.23000e+01  5.02012e-01  1.56599e-02  1.77735e+00  3.11942e-02  2.46472e+00  2.69496e+00
 3.24000e+01  5.02041e-01  1.56083e-02  1.77773e+00  3.10897e-02  2.46541e+00  2.69536e+00
 3.25000e+01  5.02069e-01  1.55561e-02  1.77812e+00  3.09841e-02  2.46609e+00  2.69575e+00
 3.26000e+01  5.02097e-01  1.55034e-02  1.77850e+00  3.08772e-02  2.46676e+00  2.69615e+00
 3.27000e+01  5.02126e-01  1.54500e-02  1.77888e+00  3.07692e-02  2.46744e+00  2.69654e+00
 3.28000e+01  5.02154e-01  1.53961e-02  1.77927e+00  3.06601e-02  2.46811e+00  2.69694e+00
 3.29000e+01  5.02182e-01  1.53415e-02  1.77965e+00  3.05497e-02  2.46879e+00  2.69733e+00
 3.30000e+01  5.02210e-01  1.52864e-02  1.78003e+00  3.04383e-02  2.46946e+00  2.69772e+00
 3.31000e+01  5.02238e-01  1.52307e-02  1.78041e+00  3.03256e-02  2.47013e+00  2.69811e+00
 3.32000e+01  5.02266e-01  1.51744e-02  1.78078e+00  3.02119e-02  2.47080e+00  2.69850e+00
 3.33000e+01  5.02294e-01  1.51175e-02  1.78116e+00  3.00970e-02  2.47146e+00  2.69888e+00
 3.34000e+01  5.02322e-01  1.50601e-02  1.78153e+00  2.99809e-02  2.47212e+00  2.69927e+00
 3.35000e+01  5.02349e-01  1.50021e-02  1.78191e+00  2.98638e-02  2.47279e+00  2.69965e+00
 3.36000e+01  5.02377e-01  1.49435e-02  1.78228e+00  2.97455e-02  2.47345e+00  2.70004e+00
 3.37000e+01  5.02404e-01  1.48843e-02  1.78265e+00  2.96261e-02  2.47411e+00  2.70042e+00
 3.38000e+01  5.02432e-01  1.48246e-02  1.78303e+00  2.95057e-02  2.47476e+00  2.70080e+00
 3.39000e+01  5.02459e-01  1.47643e-02  1.78340e+00  2.93841e-02  2.47542e+00  2.70118e+00
 3.40000e+01  5.02486e-01  1.47034e-02  1.78376e+00  2.92614e-02  2.47607e+00  2.70156e+00
 3.41000e+01  5.02513e-01  1.46420e-02  1.78413e+00  2.91376e-02  2.47672e+00  2.70194e+00
 3.42000e+01  5.02540e-01  1.45801e-02  1.78450e+00  2.90127e-02  2.47737e+00  2.70231e+00
 3.43000e+01  5.02567e-01  1.45175e-02  1.78486e+00  2.88868e-02  2.47801e+00  2.70269e+00
 3.44000e+01  5.02594e-01  1.44545e-02  1.78523e+00  2.87598e-02  2.47866e+00  2.70306e+00
 3.45000e+01  5.02621e-01  1.43909e-02  1.78559e+00  2.86317e-02  2.47930e+00  2.70344e+00
 3.46000e+01  5.02647e-01  1.43267e-02  1.78595e+00  2.85025e-02  2.47994e+00  2.70381e+00
 3.47000e+01  5.02674e-01  1.42620e-02  1.78631e+00  2.83723e-02  2.48057e+00  2.70418e+00
 3.48000e+01  5.02701e-01  1.41968e-02  1.78667e+00  2.82410e-02  2.48121e+00  2.70454e+00
 3.49000e+01  5.02727e-01  1.41310e-02  1.78702e+00  2.81087e-02  2.48184e+00  2.70491e+00
 3.50000e+01  5.02753e-01  1.40647e-02  1.78738e+00  2.79754e-02  2.48247e+00  2.70528e+00
 3.51000e+01  5.02779e-01  1.39979e-02  1.78774e+00  2.78410e-02  2.48310e+00  2.70564e+00
 3.52000e+01  5.02805e-01  1.39305e-02  1.78809e+00  2.77056e-02  2.48372e+00  2.70600e+00
 3.53000e+01  5.02831e-01  1.38627e-02  1.78844e+00  2.75692e-02  2.48435e+00  2.70636e+00
 3.54000e+01  5.02857e-01  1.37943e-02  1.78879e+00  2.74318e-02  2.48497e+00  2.70672e+00
 3.55000e+01  5.02883e-01  1.37253e-02  1.78914e+00  2.72933e-02  2.48559e+00  2.70708e+00
 3.56000e+01  5.02908e-01  1.36559e-02  1.78949e+00  2.71539e-02  2.48620e+00  2.70744e+00
 3.57000e+01  5.02934e-01  1.35860e-02  1.78983e+00  2.70134e-02  2.48681e+00  2.70779e+00
 3.58000e+01  5.02959e-01  1.35155e-02  1.79018e+00  2.68720e-02  2.48742e+00  2.70814e+00
 3.59000e+01  5.02985e-01  1.34446e-02  1.79052e+00  2.67296e-02  2.48803e+00  2.70850e+00
 3.60000e+01  5.03010e-01  1.33731e-02  1.79086e+00  2.65862e-02  2.48864e+00  2.70885e+00
 3.61000e+01  5.03035e-01  1.33011e-02  1.79120e+00  2.64418e-02  2.48924e+00  2.70919e+00
 3.62000e+01  5.03060e-01  1.32287e-02  1.79154e+00  2.62965e-02  2.48984e+00  2.70954e+00
 3.63000e+01  5.03085e-01  1.31557e-02  1.79187e+00  2.61502e-02  2.49043e+00  2.70989e+00
 3.64000e+01  5.03109e-01  1.30823e-02  1.79221e+00  2.60029e-02  2.49103e+00  2.71023e+00
 3.65000e+01  5.03134e-01  1.30084e-02  1.79254e+00  2.58547e-02  2.49162e+00  2.71057e+00
 3.66000e+01  5.03158e-01  1.29340e-02  1.79287e+00  2.57056e-02  2.49221e+00  2.71091e+00
 3.67000e+01  5.03183e-01  1.28591e-02  1.79320e+00  2.55555e-02  2.49279e+00  2.71125e+00
 3.68000e+01  5.03207e-01  1.27837e-02  1.79353e+00  2.54045e-02  2.49338e+00  2.71159e+00
 3.69000e+01  5.03231e-01  1.27079e-02  1.79386e+00  2.52526e-02  2.49396e+00  2.71192e+00
 3.70000e+01  5.03255e-01  1.26316e-02  1.79418e+00  2.50998e-02  2.49453e+00  2.71225e+00
 3.71000e+01  5.03279e-01  1.25548e-02  1.79451e+00  2.49460e-02  2.49511e+00  2.71258e+00
 3.72000e+01  5.03303e-01  1.24776e-02  1.79483e+00  2.47914e-02  2.49568e+00  2.71291e+00
 3.73000e+01  5.03326e-01  1.23999e-02  1.79515e+00  2.46358e-02  2.49624e+00  2.71324e+00
 3.74000e+01  5.03350e-01  1.23217e-02  1.79546e+00  2.44794e-02  2.49681e+00  2.71357e+00
 3.75000e+01  5.03373e-01  1.22431e-02  1.79578e+00  2.43221e-02  2.49737e+00  2.71389e+00
 3.76000e+01  5.03396e-01  1.21640e-02  1.79610e+00  2.41639e-02  2.49793e+00  2.71421e+00
 3.77000e+01  5.03419e-01  1.20845e-02  1.79641e+00  2.40048e-02  2.49848e+00  2.71453e+00
 3.78000e+01  5.03442e-01  1.20045e-02  1.79672e+00  2.38449e-02  2.49903e+00  2.71485e+00
 3.79000e+01  5.03465e-01  1.19241e-02  1.79703e+00  2.36841e-02  2.49958e+00  2.71517e+00
 3.80000e+01  5.03487e-01  1.18433e-02  1.79733e+00  2.35225e-02  2.50013e+00  2.71548e+00
 3.81000e+01  5.03510e-01  1.17620e-02  1.79764e+00  2.33600e-02  2.50067e+00  2.71579e+00
 3.82000e+01  5.03532e-01  1.16803e-02  1.79794e+00  2.31967e-02  2.50121e+00  2.71611e+00
 3.83000e+01  5.03554e-01  1.15982e-02  1.79824e+00  2.30326e-02  2.50175e+00  2.71641e+00
 3.84000e+01  5.03577e-01  1.15156e-02  1.79854e+00  2.28676e-02  2.50228e+00  2.71672e+00
 3.85000e+01  5.03598e-01  1.14326e-02  1.79884e+00  2.27019e-02  2.50281e+00  2.71703e+00
 3.86000e+01  5.03620e-01  1.13492e-02  1.79914e+00  2.25353e-02  2.50333e+00  2.71733e+00
 3.87000e+01  5.03642e-01  1.12654e-02  1.79943e+00  2.23679e-02  2.50385e+00  2.71763e+00
 3.88000e+01  5.03663e-01  1.11812e-02  1.79972e+00  2.21997e-02  2.50437e+00  2.71793e+00
 3.89000e+01  5.03685e-01  1.10965e-02  1.80001e+00  2.20307e-02  2.50489e+00  2.71822e+00
 3.90000e+01  5.03706e-01  1.10115e-02  1.80030e+00  2.18610e-02  2.50540e+00  2.71852e+00
 3.91000e+01  5.03727e-01  1.09261e-02  1.80058e+00  2.16904e-02  2.50590e+00  2.71881e+00
 3.92000e+01  5.03748e-01  1.08402e-02  1.80087e+00  2.15191e-02  2.50641e+00  2.71910e+00
 3.93000e+01  5.03769e-01  1.07540e-02  1.80115e+00  2.13471e-02  2.50691e+00  2.71939e+00
 3.94000e+01  5.03789e-01  1.06674e-02  1.80143e+00  2.11743e-02  2.50741e+00  2.71967e+00
 3.95000e+01  5.03810e-01  1.05804e-02  1.80171e+00  2.10007e-02  2.50790e+00  2.71996e+00
 3.96000e+01  5.03830e-01  1.04930e-02  1.80198e+00  2.08264e-02  2.50839e+00  2.72024e+00
 3.97000e+01  5.03850e-01  1.04052e-02  1.80225e+00  2.06513e-02  2.50887e+00  2.72052e+00
 3.98000e+01  5.03870e-01  1.03170e-02  1.80253e+00  2.04756e-02  2.50936e+00  2.72080e+00
 3.99000e+01  5.03890e-01  1.02285e-02  1.80279e+00  2.02991e-02  2.50983e+00  2.72107e+00
 4.00000e+01  5.03909e-01  1.01396e-02  1.80306e+00  2.01219e-02  2.51031e+00  2.72134e+00
 4.01000e+01  5.03929e-01  1.00503e-02  1.80333e+00  1.99440e-02  2.51078e+00  2.72161e+00
 4.02000e+01  5.03948e-01  9.96071e-03  1.80359e+00  1.97653e-02  2.51125e+00  2.72188e+00
 4.03000e+01  5.03967e-01  9.87072e-03  1.80385e+00  1.95860e-02  2.51171e+00  2.72215e+00
 4.04000e+01  5.03986e-01  9.78038e-03  1.80411e+00  1.94060e-02  2.51217e+00  2.72241e+00
 4.05000e+01  5.04005e-01  9.68968e-03  1.80436e+00  1.92254e-02  2.51262e+00  2.72267e+00
 4.06000e+01  5.04024e-01  9.59864e-03  1.80462e+00  1.90440e-02  2.51307e+00  2.72293e+00
 4.07000e+01  5.04042e-01  9.50725e-03  1.80487e+00  1.88620e-02  2.51352e+00  2.72319e+00
 4.08000e+01  5.04061e-01  9.41551e-03  1.80512e+00  1.86793e-02  2.51397e+00  2.72344e+00
 4.09000e+01  5.04079e-01  9.32344e-03  1.80536e+00  1.84960e-02  2.51440e+00  2.72370e+00
 4.10000e+01  5.04097e-01  9.23104e-03  1.80561e+00  1.83120e-02  2.51484e+00  2.72395e+00
 4.11000e+01  5.04115e-01  9.13830e-03  1.80585e+00  1.81274e-02  2.51527e+00  2.72419e+00
 4.12000e+01  5.04132e-01  9.04523e-03  1.80609e+00  1.79422e-02  2.51570e+00  2.72444e+00
 4.13000e+01  5.04150e-01  8.95184e-03  1.80633e+00  1.77563e-02  2.51612e+00  2.72468e+00
 4.14000e+01  5.04167e-01  8.85813e-03  1.80656e+00  1.75698e-02  2.51654e+00  2.72492e+00
 4.15000e+01  5.04184e-01  8.76411e-03  1.80679e+00  1.73827e-02  2.51695e+00  2.72516e+00
 4.16000e+01  5.04201e-01  8.66976e-03  1.80702e+00  1.71951e-02  2.51736e+00  2.72540e+00
 4.17000e+01  5.04218e-01  8.57511e-03  1.80725e+00  1.70068e-02  2.51777e+00  2.72563e+00
 4.18000e+01  5.04235e-01  8.48016e-03  1.80748e+00  1.68179e-02  2.51817e+00  2.72586e+00
 4.19000e+01  5.04251e-01  8.38490e-03  1.80770e+00  1.66284e-02  2.51857e+00  2.72609e+00
 4.20000e+01  5.04267e-01  8.28934e-03  1.80792e+00  1.64384e-02  2.51896e+00  2.72631e+00
 4.21000e+01  5.04283e-01  8.19348e-03  1.80814e+00  1.62478e-02  2.51935e+00  2.72654e+00
 4.22000e+01  5.04299e-01  8.09734e-03  1.80836e+00  1.60566e-02  2.51974e+00  2.72676e+00
 4.23000e+01  5.04315e-01  8.00090e-03  1.80857e+00  1.58649e-02  2.52012e+00  2.72697e+00
 4.24000e+01  5.04330e-01  7.90418e-03  1.80878e+00  1.56726e-02  2.52049e+00  2.72719e+00
 4.25000e+01  5.04346e-01  7.80718e-03  1.80899e+00  1.54798e-02  2.52087e+00  2.72740e+00
 4.26000e+01  5.04361e-01  7.70991e-03  1.80920e+00  1.52865e-02  2.52123e+00  2.72761e+00
 4.27000e+01  5.04376e-01  7.61236e-03  1.80940e+00  1.50926e-02  2.52160e+00  2.72782e+00
 4.28000e+01  5.04391e-01  7.51453e-03  1.80960e+00  1.48982e-02  2.52195e+00  2.72803e+00
 4.29000e+01  5.04405e-01  7.41645e-03  1.80980e+00  1.47033e-02  2.52231e+00  2.72823e+00
 4.30000e+01  5.04420e-01  7.31810e-03  1.81000e+00  1.45079e-02  2.52266e+00  2.72843e+00
 4.31000e+01  5.04434e-01  7.21949e-03  1.81019e+00  1.43121e-02  2.52300e+00  2.72863e+00
 4.32000e+01  5.04448e-01  7.12062e-03  1.81038e+00  1.41157e-02  2.52334e+00  2.72882e+00
 4.33000e+01  5.04462e-01  7.02150e-03  1.81057e+00  1.39188e-02  2.52368e+00  2.72902e+00
 4.34000e+01  5.04476e-01  6.92214e-03  1.81075e+00  1.37215e-02  2.52401e+00  2.72921e+00
 4.35000e+01  5.04489e-01  6.82253e-03  1.81094e+00  1.35236e-02  2.52434e+00  2.72939e+00
 4.36000e+01  5.04502e-01  6.72268e-03  1.81112e+00  1.33254e-02  2.52466e+00  2.72958e+00
 4.37000e+01  5.04515e-01  6.62259e-03  1.81130e+00  1.31266e-02  2.52498e+00  2.72976e+00
 4.38000e+01  5.04528e-01  6.52227e-03  1.81147e+00  1.29275e-02  2.52529e+00  2.72994e+00
 4.39000e+01  5.04541e-01  6.42171e-03  1.81165e+00  1.27278e-02  2.52560e+00  2.73012e+00
 4.40000e+01  5.04554e-01  6.32094e-03  1.81182e+00  1.25278e-02  2.52590e+00  2.73029e+00
 4.41000e+01  5.04566e-01  6.21993e-03  1.81198e+00  1.23273e-02  2.52620e+00  2.73046e+00
 4.42000e+01  5.04578e-01  6.11872e-03  1.81215e+00  1.21264e-02  2.52650e+00  2.73063e+00
 4.43000e+01  5.04590e-01  6.01728e-03  1.81231e+00  1.19251e-02  2.52679e+00  2.73079e+00
 4.44000e+01  5.04602e-01  5.91563e-03  1.81247e+00  1.17234e-02  2.52707e+00  2.73096e+00
 4.45000e+01  5.04613e-01  5.81378e-03  1.81263e+00  1.15213e-02  2.52735e+00  2.73112e+00
 4.46000e+01  5.04625e-01  5.71172e-03  1.81278e+00  1.13188e-02  2.52763e+00  2.73128e+00
 4.47000e+01  5.04636e-01  5.60946e-03  1.81293e+00  1.11159e-02  2.52790e+00  2.73143e+00
 4.48000e+01  5.04647e-01  5.50701e-03  1.81308e+00  1.09126e-02  2.52816e+00  2.73158e+00
 4.49000e+01  5.04658e-01  5.40436e-03  1.81323e+00  1.07090e-02  2.52842e+00  2.73173e+00
 4.50000e+01  5.04668e-01  5.30152e-03  1.81337e+00  1.05050e-02  2.52868e+00  2.73188e+00
 4.51000e+01  5.04678e-01  5.19850e-03  1.81351e+00  1.03006e-02  2.52893e+00  2.73202e+00
 4.52000e+01  5.04689e-01  5.09529e-03  1.81365e+00  1.00959e-02  2.52918e+00  2.73216e+00
 4.53000e+01  5.04699e-01  4.99191e-03  1.81379e+00  9.89087e-03  2.52942e+00  2.73230e+00
 4.54000e+01  5.04708e-01  4.88835e-03  1.81392e+00  9.68549e-03  2.52966e+00  2.73244e+00
 4.55000e+01  5.04718e-01  4.78462e-03  1.81405e+00  9.47978e-03  2.52989e+00  2.73257e+00
 4.56000e+01  5.04727e-01  4.68072e-03  1.81418e+00  9.27376e-03  2.53011e+00  2.73270e+00
 4.57000e+01  5.04736e-01  4.57666e-03  1.81430e+00  9.06742e-03  2.53034e+00  2.73283e+00
 4.58000e+01  5.04745e-01  4.47244e-03  1.81442e+00  8.86078e-03  2.53055e+00  2.73295e+00
 4.59000e+01  5.04754e-01  4.36806e-03  1.81454e+00  8.65384e-03  2.53077e+00  2.73307e+00
 4.60000e+01  5.04763e-01  4.26353e-03  1.81466e+00  8.44661e-03  2.53097e+00  2.73319e+00
 4.61000e+01  5.04771e-01  4.15885e-03  1.81477e+00  8.23909e-03  2.53118e+00  2.73331e+00
 4.62000e+01  5.04779e-01  4.05403e-03  1.81488e+00  8.03130e-03  2.53137e+00  2.73342e+00
 4.63000e+01  5.04787e-01  3.94907e-03  1.81499e+00  7.82324e-03  2.53157e+00  2.73353e+00
 4.64000e+01  5.04795e-01  3.84397e-03  1.81510e+00  7.61491e-03  2.53175e+00  2.73364e+00
 4.65000e+01  5.04802e-01  3.73873e-03  1.81520e+00  7.40633e-03  2.53194e+00  2.73374e+00
 4.66000e+01  5.04809e-01  3.63336e-03  1.81530e+00  7.19750e-03  2.53211e+00  2.73384e+00
 4.67000e+01  5.04817e-01  3.52787e-03  1.81539e+00  6.98842e-03  2.53229e+00  2.73394e+00
 4.68000e+01  5.04823e-01  3.42226e-03  1.81549e+00  6.77912e-03  2.53245e+00  2.73404e+00
 4.69000e+01  5.04830e-01  3.31652e-03  1.81558e+00  6.56958e-03  2.53261e+00  2.73413e+00
 4.70000e+01  5.04837e-01  3.21067e-03  1.81567e+00  6.35983e-03  2.53277e+00  2.73422e+00
 4.71000e+01  5.04843e-01  3.10471e-03  1.81575e+00  6.14986e-03  2.53292e+00  2.73430e+00
 4.72000e+01  5.04849e-01  2.99864e-03  1.81583e+00  5.93968e-03  2.53307e+00  2.73439e+00
 4.73000e+01  5.04855e-01  2.89247e-03  1.81591e+00  5.72931e-03  2.53321e+00  2.73447e+00
 4.74000e+01  5.04860e-01  2.78620e-03  1.81599e+00  5.51874e-03  2.53335e+00  2.73455e+00
 4.75000e+01  5.04866e-01  2.67983e-03  1.81606e+00  5.30800e-03  2.53348e+00  2.73462e+00
 4.76000e+01  5.04871e-01  2.57336e-03  1.81613e+00  5.09707e-03  2.53361e+00  2.73470e+00
 4.77000e+01  5.04876e-01  2.46681e-03  1.81620e+00  4.88597e-03  2.53373e+00  2.73477e+00
 4.78000e+01  5.04881e-01  2.36017e-03  1.81627e+00  4.67471e-03  2.53385e+00  2.73483e+00
 4.79000e+01  5.04885e-01  2.25345e-03  1.81633e+00  4.46329e-03  2.53396e+00  2.73490e+00
 4.80000e+01  5.04890e-01  2.14665e-03  1.81639e+00  4.25172e-03  2.53406e+00  2.73496e+00
 4.81000e+01  5.04894e-01  2.03978e-03  1.81645e+00  4.04002e-03  2.53416e+00  2.73501e+00
 4.82000e+01  5.04898e-01  1.93284e-03  1.81650e+00  3.82817e-03  2.53426e+00  2.73507e+00
 4.83000e+01  5.04902e-01  1.82582e-03  1.81655e+00  3.61620e-03  2.53435e+00  2.73512e+00
 4.84000e+01  5.04905e-01  1.71875e-03  1.81660e+00  3.40411e-03  2.53444e+00  2.73517e+00
 4.85000e+01  5.04908e-01  1.61162e-03  1.81664e+00  3.19190e-03  2.53452e+00  2.73522e+00
 4.86000e+01  5.04911e-01  1.50443e-03  1.81669e+00  2.97959e-03  2.53459e+00  2.73526e+00
 4.87000e+01  5.04914e-01  1.39719e-03  1.81673e+00  2.76718e-03  2.53466e+00  2.73530e+00
 4.88000e+01  5.04917e-01  1.28990e-03  1.81676e+00  2.55467e-03  2.53473e+00  2.73534e+00
 4.89000e+01  5.04919e-01  1.18256e-03  1.81680e+00  2.34208e-03  2.53479e+00  2.73537e+00
 4.90000e+01  5.04922e-01  1.07519e-03  1.81683e+00  2.12941e-03  2.53484e+00  2.73540e+00
 4.91000e+01  5.04924e-01  9.67775e-04  1.81685e+00  1.91667e-03  2.53489e+00  2.73543e+00
 4.92000e+01  5.04926e-01  8.60329e-04  1.81688e+00  1.70387e-03  2.53493e+00  2.73545e+00
 4.93000e+01  5.04927e-01  7.52853e-04  1.81690e+00  1.49101e-03  2.53497e+00  2.73548e+00
 4.94000e+01  5.04929e-01  6.45351e-04  1.81692e+00  1.27810e-03  2.53501e+00  2.73550e+00
 4.95000e+01  5.04930e-01  5.37826e-04  1.81693e+00  1.06515e-03  2.53504e+00  2.73551e+00
 4.96000e+01  5.04931e-01  4.30283e-04  1.81695e+00  8.52163e-04  2.53506e+00  2.73553e+00
 4.97000e+01  5.04931e-01  3.22726e-04  1.81696e+00  6.39147e-04  2.53508e+00  2.73554e+00
 4.98000e+01  5.04932e-01  2.15157e-04  1.81697e+00  4.26110e-04  2.53509e+00  2.73554e+00
 4.99000e+01  5.04932e-01  1.07580e-04  1.81697e+00  2.13059e-04  2.53510e+00  2.73555e+00
 5.00000e+01  5.04932e-01  3.86358e-15  1.81697e+00  7.65167e-15  2.53510e+00  2.73555e+00
 5.01000e+01  5.04932e-01 -1.07580e-04  1.81697e+00 -2.13059e-04  2.53510e+00  2.73555e+00
 5.02000e+01  5.04932e-01 -2.15157e-04  1.81697e+00 -4.26110e-04  2.53509e+00  2.73554e+00
 5.03000e+01  5.04931e-01 -3.22726e-04  1.81696e+00 -6.39147e-04  2.53508e+00  2.73554e+00
 5.04000e+01  5.04931e-01 -4.30283e-04  1.81695e+00 -8.52163e-04  2.53506e+00  2.73553e+00
 5.05000e+01  5.04930e-01 -5.37826e-04  1.81693e+00 -1.06515e-03  2.53504e+00  2.73551e+00
 5.06000e+01  5.04929e-01 -6.45351e-04  1.81692e+00 -1.27810e-03  2.53501e+00  2.73550e+00
 5.07000e+01  5.04927e-01 -7.52853e-04  1.81690e+00 -1.49101e-03  2.53497e+00  2.73548e+00
 5.08000e+01  5.04926e-01 -8.60329e-04  1.81688e+00 -1.70387e-03  2.53493e+00  2.73545e+00
 5.09000e+01  5.04924e-01 -9.67775e-04  1.81685e+00 -1.91667e-03  2.53489e+00  2.73543e+00
 5.10000e+01  5.04922e-01 -1.07519e-03  1.81683e+00 -2.12941e-03  2.53484e+00  2.73540e+00
 5.11000e+01  5.04919e-01 -1.18256e-03  1.81680e+00 -2.34208e-03  2.53479e+00  2.73537e+00
 5.12000e+01  5.04917e-01 -1.28990e-03  1.81676e+00 -2.55467e-03  2.53473e+00  2.73534e+00
 5.13000e+01  5.04914e-01 -1.39719e-03  1.81673e+00 -2.76718e-03  2.53466e+00  2.73530e+00
 5.14000e+01  5.04911e-01 -1.50443e-03  1.81669e+00 -2.97959e-03  2.53459e+00  2.73526e+00
 5.15000e+01  5.04908e-01 -1.61162e-03  1.81664e+00 -3.19190e-03  2.53452e+00  2.73522e+00
 5.16000e+01  5.04905e-01 -1.71875e-03  1.81660e+00 -3.40411e-03  2.53444e+00  2.73517e+00
 5.17000e+01  5.04902e-01 -1.82582e-03  1.81655e+00 -3.61620e-03  2.53435e+00  2.73512e+00
 5.18000e+01  5.04898e-01 -1.93284e-03  1.81650e+00 -3.82817e-03  2.53426e+00  2.73507e+00
 5.19000e+01  5.04894e-01 -2.03978e-03  1.81645e+00 -4.04002e-03  2.53416e+00  2.73501e+00
 5.20000e+01  5.04890e-01 -2.14665e-03  1.81639e+00 -4.25172e-03  2.53406e+00  2.73496e+00
 5.21000e+01  5.04885e-01 -2.25345e-03  1.81633e+00 -4.46329e-03  2.53396e+00  2.73490e+00
 5.22000e+01  5.04881e-01 -2.36017e-03  1.81627e+00 -4.67471e-03  2.53385e+00  2.73483e+00
 5.23000e+01  5.04876e-01 -2.46681e-03  1.81620e+00 -4.88597e-03  2.53373e+00  2.73477e+00
 5.24000e+01  5.04871e-01 -2.57336e-03  1.81613e+00 -5.09707e-03  2.53361e+00  2.73470e+00
 5.25000e+01  5.04866e-01 -2.67983e-03  1.81606e+00 -5.30800e-03  2.53348e+00  2.73462e+00
 5.26000e+01  5.04860e-01 -2.78620e-03  1.81599e+00 -5.51874e-03  2.53335e+00  2.73455e+00
 5.27000e+01  5.04855e-01 -2.89247e-03  1.81591e+00 -5.72931e-03  2.53321e+00  2.73447e+00
 5.28000e+01  5.04849e-01 -2.99864e-03  1.81583e+00 -5.93968e-03  2.53307e+00  2.73439e+00
 5.29000e+01  5.04843e-01 -3.10471e-03  1.81575e+00 -6.14986e-03  2.53292e+00  2.73430e+00
 5.30000e+01  5.04837e-01 -3.21067e-03  1.81567e+00 -6.35983e-03  2.53277e+00  2.73422e+00
 5.31000e+01  5.04830e-01 -3.31652e-03  1.81558e+00 -6.56958e-03  2.53261e+00  2.73413e+00
 5.32000e+01  5.04823e-01 -3.42226e-03  1.81549e+00 -6.77912e-03  2.53245e+00  2.73404e+00
 5.33000e+01  5.04817e-01 -3.52787e-03  1.81539e+00 -6.98842e-03  2.53229e+00  2.73394e+00
 5.34000e+01  5.04809e-01 -3.63336e-03  1.81530e+00 -7.19750e-03  2.53211e+00  2.73384e+00
 5.35000e+01  5.04802e-01 -3.73873e-03  1.81520e+00 -7.40633e-03  2.53194e+00  2.73374e+00
 5.36000e+01  5.04795e-01 -3.84397e-03  1.81510e+00 -7.61491e-03  2.53175e+00  2.73364e+00
 5.37000e+01  5.04787e-01 -3.94907e-03  1.81499e+00 -7.82324e-03  2.53157e+00  2.73353e+00
 5.38000e+01  5.04779e-01 -4.05403e-03  1.81488e+00 -8.03130e-03  2.53137e+00  2.73342e+00
 5.39000e+01  5.04771e-01 -4.15885e-03  1.81477e+00 -8.23909e-03  2.53118e+00  2.73331e+00
 5.40000e+01  5.04763e-01 -4.26353e-03  1.81466e+00 -8.44661e-03  2.53097e+00  2.73319e+00
 5.41000e+01  5.04754e-01 -4.36806e-03  1.81454e+00 -8.65384e-03  2.53077e+00  2.73307e+00
 5.42000e+01  5.04745e-01 -4.47244e-03  1.81442e+00 -8.86078e-03  2.53055e+00  2.73295e+00
 5.43000e+01  5.04736e-01 -4.57666e-03  1.81430e+00 -9.06742e-03  2.53034e+00  2.73283e+00
 5.44000e+01  5.04727e-01 -4.68072e-03  1.81418e+00 -9.27376e-03  2.53011e+00  2.73270e+00
 5.45000e+01  5.04718e-01 -4.78462e-03  1.81405e+00 -9.47978e-03  2.52989e+00  2.73257e+00
 5.46000e+01  5.04708e-01 -4.88835e-03  1.81392e+00 -9.68549e-03  2.52966e+00  2.73244e+00
 5.47000e+01  5.04699e-01 -4.99191e-03  1.81379e+00 -9.89087e-03  2.52942e+00  2.73230e+00
 5.48000e+01  5.04689e-01 -5.09529e-03  1.81365e+00 -1.00959e-02  2.52918e+00  2.73216e+00
 5.49000e+01  5.04678e-01 -5.19850e-03  1.81351e+00 -1.03006e-02  2.52893e+00  2.73202e+00
 5.50000e+01  5.04668e-01 -5.30152e-03  1.81337e+00 -1.05050e-02  2.52868e+00  2.73188e+00
 5.51000e+01  5.04658e-01 -5.40436e-03  1.81323e+00 -1.07090e-02  2.52842e+00  2.73173e+00
 5.52000e+01  5.04647e-01 -5.50701e-03  1.81308e+00 -1.09126e-02  2.52816e+00  2.73158e+00
 5.53000e+01  5.04636e-01 -5.60946e-03  1.81293e+00 -1.11159e-02  2.52790e+00  2.73143e+00
 5.54000e+01  5.04625e-01 -5.71172e-03  1.81278e+00 -1.13188e-02  2.52763e+00  2.73128e+00
 5.55000e+01  5.04613e-01 -5.81378e-03  1.81263e+00 -1.15213e-02  2.52735e+00  2.73112e+00
 5.56000e+01  5.04602e-01 -5.91563e-03  1.81247e+00 -1.17234e-02  2.52707e+00  2.73096e+00
 5.57000e+01  5.04590e-01 -6.01728e-03  1.81231e+00 -1.19251e-02  2.52679e+00  2.73079e+00
 5.58000e+01  5.04578e-01 -6.11872e-03  1.81215e+00 -1.21264e-02  2.52650e+00  2.73063e+00
 5.59000e+01  5.04566e-01 -6.21993e-03  1.81198e+00 -1.23273e-02  2.52620e+00  2.73046e+00
 5.60000e+01  5.04554e-01 -6.32094e-03  1.81182e+00 -1.25278e-02  2.52590e+00  2.73029e+00
 5.61000e+01  5.04541e-01 -6.42171e-03  1.81165e+00 -1.27278e-02  2.52560e+00  2.73012e+00
 5.62000e+01  5.04528e-01 -6.52227e-03  1.81147e+00 -1.29275e-02  2.52529e+00  2.72994e+00
 5.63000e+01  5.04515e-01 -6.62259e-03  1.81130e+00 -1.31266e-02  2.52498e+00  2.72976e+00
 5.64000e+01  5.04502e-01 -6.72268e-03  1.81112e+00 -1.33254e-02  2.52466e+00  2.72958e+00
 5.65000e+01  5.04489e-01 -6.82253e-03  1.81094e+00 -1.35236e-02  2.52434e+00  2.72939e+00
 5.66000e+01  5.04476e-01 -6.92214e-03  1.81075e+00 -1.37215e-02  2.52401e+00  2.72921e+00
 5.67000e+01  5.04462e-01 -7.02150e-03  1.81057e+00 -1.39188e-02  2.52368e+00  2.72902e+00
 5.68000e+01  5.04448e-01 -7.12062e-03  1.81038e+00 -1.41157e-02  2.52334e+00  2.72882e+00
 5.69000e+01  5.04434e-01 -7.21949e-03  1.81019e+00 -1.43121e-02  2.52300e+00  2.72863e+00
 5.70000e+01  5.04420e-01 -7.31810e-03  1.81000e+00 -1.45079e-02  2.52266e+00  2.72843e+00
 5.71000e+01  5.04405e-01 -7.41645e-03  1.80980e+00 -1.47033e-02  2.52231e+00  2.72823e+00
 5.72000e+01  5.04391e-01 -7.51453e-03  1.80960e+00 -1.48982e-02  2.52195e+00  2.72803e+00
 5.73000e+01  5.04376e-01 -7.61236e-03  1.80940e+00 -1.50926e-02  2.52160e+00  2.72782e+00
 5.74000e+01  5.04361e-01 -7.70991e-03  1.80920e+00 -1.52865e-02  2.52123e+00  2.72761e+00
 5.75000e+01  5.04346e-01 -7.80718e-03  1.80899e+00 -1.54798e-02  2.52087e+00  2.72740e+00
 5.76000e+01  5.04330e-01 -7.90418e-03  1.80878e+00 -1.56726e-02  2.52049e+00  2.72719e+00
 5.77000e+01  5.04315e-01 -8.00090e-03  1.80857e+00 -1.58649e-02  2.52012e+00  2.72697e+00
 5.78000e+01  5.04299e-01 -8.09734e-03  1.80836e+00 -1.60566e-02  2.51974e+00  2.72676e+00
 5.79000e+01  5.04283e-01 -8.19348e-03  1.80814e+00 -1.62478e-02  2.51935e+00  2.72654e+00
 5.80000e+01  5.04267e-01 -8.28934e-03  1.80792e+00 -1.64384e-02  2.51896e+00  2.72631e+00
 5.81000e+01  5.04251e-01 -8.38490e-03  1.80770e+00 -1.66284e-02  2.51857e+00  2.72609e+00
 5.82000e+01  5.04235e-01 -8.48016e-03  1.80748e+00 -1.68179e-02  2.51817e+00  2.72586e+00
 5.83000e+01  5.04218e-01 -8.57511e-03  1.80725e+00 -1.70068e-02  2.51777e+00  2.72563e+00
 5.84000e+01  5.04201e-01 -8.66976e-03  1.80702e+00 -1.71951e-02  2.51736e+00  2.72540e+00
 5.85000e+01  5.04184e-01 -8.76411e-03  1.80679e+00 -1.73827e-02  2.51695e+00  2.72516e+00
 5.86000e+01  5.04167e-01 -8.85813e-03  1.80656e+00 -1.75698e-02  2.51654e+00  2.72492e+00
 5.87000e+01  5.04150e-01 -8.95184e-03  1.80633e+00 -1.77563e-02  2.51612e+00  2.72468e+00
 5.88000e+01  5.04132e-01 -9.04523e-03  1.80609e+00 -1.79422e-02  2.51570e+00  2.72444e+00
 5.89000e+01  5.04115e-01 -9.13830e-03  1.80585e+00 -1.81274e-02  2.51527e+00  2.72419e+00
 5.90000e+01  5.04097e-01 -9.23104e-03  1.80561e+00 -1.83120e-02  2.51484e+00  2.72395e+00
 5.91000e+01  5.04079e-01 -9.32344e-03  1.80536e+00 -1.84960e-02  2.51440e+00  2.72370e+00
 5.92000e+01  5.04061e-01 -9.41551e-03  1.80512e+00 -1.86793e-02  2.51397e+00  2.72344e+00
 5.93000e+01  5.04042e-01 -9.50725e-03  1.80487e+00 -1.88620e-02  2.51352e+00  2.72319e+00
 5.94000e+01  5.04024e-01 -9.59864e-03  1.80462e+00 -1.90440e-02  2.51307e+00  2.72293e+00
 5.95000e+01  5.04005e-01 -9.68968e-03  1.80436e+00 -1.92254e-02  2.51262e+00  2.72267e+00
 5.96000e+01  5.03986e-01 -9.78038e-03  1.80411e+00 -1.94060e-02  2.51217e+00  2.72241e+00
 5.97000e+01  5.03967e-01 -9.87072e-03  1.80385e+00 -1.95860e-02  2.51171e+00  2.72215e+00
 5.98000e+01  5.03948e-01 -9.96071e-03  1.80359e+00 -1.97653e-02  2.51125e+00  2.72188e+00
 5.99000e+01  5.03929e-01 -1.00503e-02  1.80333e+00 -1.99440e-02  2.51078e+00  2.72161e+00
 6.00000e+01  5.03909e-01 -1.01396e-02  1.80306e+00 -2.01219e-02  2.51031e+00  2.72134e+00
 6.01000e+01  5.03890e-01 -1.02285e-02  1.80279e+00 -2.02991e-02  2.50983e+00  2.72107e+00
 6.02000e+01  5.03870e-01 -1.03170e-02  1.80253e+00 -2.04756e-02  2.50936e+00  2.72080e+00
 6.03000e+01  5.03850e-01 -1.04052e-02  1.80225e+00 -2.06513e-02  2.50887e+00  2.72052e+00
 6.04000e+01  5.03830e-01 -1.04930e-02  1.80198e+00 -2.08264e-02  2.50839e+00  2.72024e+00
 6.05000e+01  5.03810e-01 -1.05804e-02  1.80171e+00 -2.10007e-02  2.50790e+00  2.71996e+00
 6.06000e+01  5.03789e-01 -1.06674e-02  1.80143e+00 -2.11743e-02  2.50741e+00  2.71967e+00
 6.07000e+01  5.03769e-01 -1.07540e-02  1.80115e+00 -2.13471e-02  2.50691e+00  2.71939e+00
 6.08000e+01  5.03748e-01 -1.08402e-02  1.80087e+00 -2.15191e-02  2.50641e+00  2.71910e+00
 6.09000e+01  5.03727e-01 -1.09261e-02  1.80058e+00 -2.16904e-02  2.50590e+00  2.71881e+00
 6.10000e+01  5.03706e-01 -1.10115e-02  1.80030e+00 -2.18610e-02  2.50540e+00  2.71852e+00
 6.11000e+01  5.03685e-01 -1.10965e-02  1.80001e+00 -2.20307e-02  2.50489e+00  2.71822e+00
 6.12000e+01  5.03663e-01 -1.11812e-02  1.79972e+00 -2.21997e-02  2.50437e+00  2.71793e+00
 6.13000e+01  5.03642e-01 -1.12654e-02  1.79943e+00 -2.23679e-02  2.50385e+00  2.71763e+00
 6.14000e+01  5.03620e-01 -1.13492e-02  1.79914e+00 -2.25353e-02  2.50333e+00  2.71733e+00
 6.15000e+01  5.03598e-01 -1.14326e-02  1.79884e+00 -2.27019e-02  2.50281e+00  2.71703e+00
 6.16000e+01  5.03577e-01 -1.15156e-02  1.79854e+00 -2.28676e-02  2.50228e+00  2.71672e+00
 6.17000e+01  5.03554e-01 -1.15982e-02  1.79824e+00 -2.30326e-02  2.50175e+00  2.71641e+00
 6.18000e+01  5.03532e-01 -1.16803e-02  1.79794e+00 -2.31967e-02  2.50121e+00  2.71611e+00
 6.19000e+01  5.03510e-01 -1.17620e-02  1.79764e+00 -2.33600e-02  2.50067e+00  2.71579e+00
 6.20000e+01  5.03487e-01 -1.18433e-02  1.79733e+00 -2.35225e-02  2.50013e+00  2.71548e+00
 6.21000e+01  5.03465e-01 -1.19241e-02  1.79703e+00 -2.36841e-02  2.49958e+00  2.71517e+00
 6.22000e+01  5.03442e-01 -1.20045e-02  1.79672e+00 -2.38449e-02  2.49903e+00  2.71485e+00
 6.23000e+01  5.03419e-01 -1.20845e-02  1.79641e+00 -2.40048e-02  2.49848e+00  2.71453e+00
 6.24000e+01  5.03396e-01 -1.21640e-02  1.79610e+00 -2.41639e-02  2.49793e+00  2.71421e+00
 6.25000e+01  5.03373e-01 -1.22431e-02  1.79578e+00 -2.43221e-02  2.49737e+00  2.71389e+00
 6.26000e+01  5.03350e-01 -1.23217e-02  1.79546e+00 -2.44794e-02  2.49681e+00  2.71357e+00
 6.27000e+01  5.03326e-01 -1.23999e-02  1.79515e+00 -2.46358e-02  2.49624e+00  2.71324e+00
 6.28000e+01  5.03303e-01 -1.24776e-02  1.79483e+00 -2.47914e-02  2.49568e+00  2.71291e+00
 6.29000e+01  5.03279e-01 -1.25548e-02  1.79451e+00 -2.49460e-02  2.49511e+00  2.71258e+00
 6.30000e+01  5.03255e-01 -1.26316e-02  1.79418e+00 -2.50998e-02  2.49453e+00  2.71225e+00
 6.31000e+01  5.03231e-01 -1.27079e-02  1.79386e+00 -2.52526e-02  2.49396e+00  2.71192e+00
 6.32000e+01  5.03207e-01 -1.27837e-02  1.79353e+00 -2.54045e-02  2.49338e+00  2.71159e+00
 6.33000e+01  5.03183e-01 -1.28591e-02  1.79320e+00 -2.55555e-02  2.49279e+00  2.71125e+00
 6.34000e+01  5.03158e-01 -1.29340e-02  1.79287e+00 -2.57056e-02  2.49221e+00  2.71091e+00
 6.35000e+01  5.03134e-01 -1.30084e-02  1.79254e+00 -2.58547e-02  2.49162e+00  2.71057e+00
 6.36000e+01  5.03109e-01 -1.30823e-02  1.79221e+00 -2.60029e-02  2.49103e+00  2.71023e+00
 6.37000e+01  5.03085e-01 -1.31557e-02  1.79187e+00 -2.61502e-02  2.49043e+00  2.70989e+00
 6.38000e+01  5.03060e-01 -1.32287e-02  1.79154e+00 -2.62965e-02  2.48984e+00  2.70954e+00
 6.39000e+01  5.03035e-01 -1.33011e-02  1.79120e+00 -2.64418e-02  2.48924e+00  2.70919e+00
 6.40000e+01  5.03010e-01 -1.33731e-02  1.79086e+00 -2.65862e-02  2.48864e+00  2.70885e+00
 6.41000e+01  5.02985e-01 -1.34446e-02  1.79052e+00 -2.67296e-02  2.48803e+00  2.70850e+00
 6.42000e+01  5.02959e-01 -1.35155e-02  1.79018e+00 -2.68720e-02  2.48742e+00  2.70814e+00
 6.43000e+01  5.02934e-01 -1.35860e-02  1.78983e+00 -2.70134e-02  2.48681e+00  2.70779e+00
 6.44000e+01  5.02908e-01 -1.36559e-02  1.78949e+00 -2.71539e-02  2.48620e+00  2.70744e+00
 6.45000e+01  5.02883e-01 -1.37253e-02  1.78914e+00 -2.72933e-02  2.48559e+00  2.70708e+00
 6.46000e+01  5.02857e-01 -1.37943e-02  1.78879e+00 -2.74318e-02  2.48497e+00  2.70672e+00
 6.47000e+01  5.02831e-01 -1.38627e-02  1.78844e+00 -2.75692e-02  2.48435e+00  2.70636e+00
 6.48000e+01  5.02805e-01 -1.39305e-02  1.78809e+00 -2.77056e-02  2.48372e+00  2.70600e+00
 6.49000e+01  5.02779e-01 -1.39979e-02  1.78774e+00 -2.78410e-02  2.48310e+00  2.70564e+00
 6.50000e+01  5.02753e-01 -1.40647e-02  1.78738e+00 -2.79754e-02  2.48247e+00  2.70528e+00
 6.51000e+01  5.02727e-01 -1.41310e-02  1.78702e+00 -2.81087e-02  2.48184e+00  2.70491e+00
 6.52000e+01  5.02701e-01 -1.41968e-02  1.78667e+00 -2.82410e-02  2.48121e+00  2.70454e+00
 6.53000e+01  5.02674e-01 -1.42620e-02  1.78631e+00 -2.83723e-02  2.48057e+00  2.70418e+00
 6.54000e+01  5.02647e-01 -1.43267e-02  1.78595e+00 -2.85025e-02  2.47994e+00  2.70381e+00
 6.55000e+01  5.02621e-01 -1.43909e-02  1.78559e+00 -2.86317e-02  2.47930e+00  2.70344e+00
 6.56000e+01  5.02594e-01 -1.44545e-02  1.78523e+00 -2.87598e-02  2.47866e+00  2.70306e+00
 6.57000e+01  5.02567e-01 -1.45175e-02  1.78486e+00 -2.88868e-02  2.47801e+00  2.70269e+00
 6.58000e+01  5.02540e-01 -1.45801e-02  1.78450e+00 -2.90127e-02  2.47737e+00  2.70231e+00
 6.59000e+01  5.02513e-01 -1.46420e-02  1.78413e+00 -2.91376e-02  2.47672e+00  2.70194e+00
 6.60000e+01  5.02486e-01 -1.47034e-02  1.78376e+00 -2.92614e-02  2.47607e+00  2.70156e+00
 6.61000e+01  5.02459e-01 -1.47643e-02  1.78340e+00 -2.93841e-02  2.47542e+00  2.70118e+00
 6.62000e+01  5.02432e-01 -1.48246e-02  1.78303e+00 -2.95057e-02  2.47476e+00  2.70080e+00
 6.63000e+01  5.02404e-01 -1.48843e-02  1.78265e+00 -2.96261e-02  2.47411e+00  2.70042e+00
 6.64000e+01  5.02377e-01 -1.49435e-02  1.78228e+00 -2.97455e-02  2.47345e+00  2.70004e+00
 6.65000e+01  5.02349e-01 -1.50021e-02  1.78191e+00 -2.98638e-02  2.47279e+00  2.69965e+00
 6.66000e+01  5.02322e-01 -1.50601e-02  1.78153e+00 -2.99809e-02  2.47212e+00  2.69927e+00
 6.67000e+01  5.02294e-01 -1.51175e-02  1.78116e+00 -3.00970e-02  2.47146e+00  2.69888e+00
 6.68000e+01  5.02266e-01 -1.51744e-02  1.78078e+00 -3.02119e-02  2.47080e+00  2.69850e+00
 6.69000e+01  5.02238e-01 -1.52307e-02  1.78041e+00 -3.03256e-02  2.47013e+00  2.69811e+00
 6.70000e+01  5.02210e-01 -1.52864e-02  1.78003e+00 -3.04383e-02  2.46946e+00  2.69772e+00
 6.71000e+01  5.02182e-01 -1.53415e-02  1.77965e+00 -3.05497e-02  2.46879e+00  2.69733e+00
 6.72000e+01  5.02154e-01 -1.53961e-02  1.77927e+00 -3.06601e-02  2.46811e+00  2.69694e+00
 6.73000e+01  5.02126e-01 -1.54500e-02  1.77888e+00 -3.07692e-02  2.46744e+00  2.69654e+00
 6.74000e+01  5.02097e-01 -1.55034e-02  1.77850e+00 -3.08772e-02  2.46676e+00  2.69615e+00
 6.75000e+01  5.02069e-01 -1.55561e-02  1.77812e+00 -3.09841e-02  2.46609e+00  2.69575e+00
 6.76000e+01  5.02041e-01 -1.56083e-02  1.77773e+00 -3.10897e-02  2.46541e+00  2.69536e+00
 6.77000e+01  5.02012e-01 -1.56599e-02  1.77735e+00 -3.11942e-02  2.46472e+00  2.69496e+00
 6.78000e+01  5.01984e-01 -1.57109e-02  1.77696e+00 -3.12975e-02  2.46404e+00  2.69456e+00
 6.79000e+01  5.01955e-01 -1.57612e-02  1.77657e+00 -3.13997e-02  2.46336e+00  2.69417e+00
 6.80000e+01  5.01926e-01 -1.58110e-02  1.77619e+00 -3.15006e-02  2.46267e+00  2.69377e+00
 6.81000e+01  5.01898e-01 -1.58601e-02  1.77580e+00 -3.16003e-02  2.46199e+00  2.69336e+00
 6.82000e+01  5.01869e-01 -1.59087e-02  1.77541e+00 -3.16988e-02  2.46130e+00  2.69296e+00
 6.83000e+01  5.01840e-01 -1.59566e-02  1.77502e+00 -3.17962e-02  2.46061e+00  2.69256e+00
 6.84000e+01  5.01811e-01 -1.60039e-02  1.77462e+00 -3.18923e-02  2.45992e+00  2.69216e+00
 6.85000e+01  5.01782e-01 -1.60506e-02  1.77423e+00 -3.19872e-02  2.45922e+00  2.69175e+00
 6.86000e+01  5.01753e-01 -1.60967e-02  1.77384e+00 -3.20808e-02  2.45853e+00  2.69135e+00
 6.87000e+01  5.01724e-01 -1.61421e-02  1.77345e+00 -3.21733e-02  2.45784e+00  2.69094e+00
 6.88000e+01  5.01695e-01 -1.61869e-02  1.77305e+00 -3.22645e-02  2.45714e+00  2.69054e+00
 6.89000e+01  5.01666e-01 -1.62311e-02  1.77266e+00 -3.23545e-02  2.45644e+00  2.69013e+00
 6.90000e+01  5.01636e-01 -1.62747e-02  1.77226e+00 -3.24432e-02  2.45574e+00  2.68972e+00
 6.91000e+01  5.01607e-01 -1.63176e-02  1.77186e+00 -3.25307e-02  2.45504e+00  2.68931e+00
 6.92000e+01  5.01578e-01 -1.63600e-02  1.77147e+00 -3.26170e-02  2.45434e+00  2.68890e+00
 6.93000e+01  5.01548e-01 -1.64016e-02  1.77107e+00 -3.27020e-02  2.45364e+00  2.68849e+00
 6.94000e+01  5.01519e-01 -1.64427e-02  1.77067e+00 -3.27857e-02  2.45294e+00  2.68808e+00
 6.95000e+01  5.01489e-01 -1.64831e-02  1.77027e+00 -3.28682e-02  2.45224e+00  2.68767e+00
 6.96000e+01  5.01460e-01 -1.65228e-02  1.76987e+00 -3.29494e-02  2.45153e+00  2.68726e+00
 6.97000e+01  5.01430e-01 -1.65619e-02  1.76947e+00 -3.30294e-02  2.45083e+00  2.68684e+00
 6.98000e+01  5.01401e-01 -1.66004e-02  1.76907e+00 -3.31080e-02  2.45012e+00  2.68643e+00
 6.99000e+01  5.01371e-01 -1.66382e-02  1.76867e+00 -3.31854e-02  2.44941e+00  2.68602e+00
 7.00000e+01  5.01341e-01 -1.66754e-02  1.76827e+00 -3.32615e-02  2.44870e+00  2.68560e+00
 7.01000e+01  5.01311e-01 -1.67119e-02  1.76786e+00 -3.33364e-02  2.44800e+00  2.68519e+00
 7.02000e+01  5.01282e-01 -1.67478e-02  1.76746e+00 -3.34099e-02  2.44729e+00  2.68477e+00
 7.03000e+01  5.01252e-01 -1.67830e-02  1.76706e+00 -3.34821e-02  2.44658e+00  2.68435e+00
 7.04000e+01  5.01222e-01 -1.68175e-02  1.76665e+00 -3.35531e-02  2.44586e+00  2.68394e+00
 7.05000e+01  5.01192e-01 -1.68514e-02  1.76625e+00 -3.36227e-02  2.44515e+00  2.68352e+00
 7.06000e+01  5.01162e-01 -1.68847e-02  1.76584e+00 -3.36910e-02  2.44444e+00  2.68310e+00
 7.07000e+01  5.01132e-01 -1.69173e-02  1.76544e+00 -3.37581e-02  2.44373e+00  2.68268e+00
 7.08000e+01  5.01102e-01 -1.69492e-02  1.76503e+00 -3.38238e-02  2.44301e+00  2.68226e+00
 7.09000e+01  5.01072e-01 -1.69804e-02  1.76463e+00 -3.38882e-02  2.44230e+00  2.68185e+00
 7.10000e+01  5.01042e-01 -1.70110e-02  1.76422e+00 -3.39512e-02  2.44159e+00  2.68143e+00
 7.11000e+01  5.01012e-01 -1.70409e-02  1.76381e+00 -3.40130e-02  2.44087e+00  2.68101e+00
 7.12000e+01  5.00982e-01 -1.70702e-02  1.76341e+00 -3.40734e-02  2.44015e+00  2.68059e+00
 7.13000e+01  5.00952e-01 -1.70987e-02  1.76300e+00 -3.41325e-02  2.43944e+00  2.68017e+00
 7.14000e+01  5.00922e-01 -1.71267e-02  1.76259e+00 -3.41903e-02  2.43872e+00  2.67974e+00
 7.15000e+01  5.00892e-01 -1.71539e-02  1.76219e+00 -3.42467e-02  2.43801e+00  2.67932e+00
 7.16000e+01  5.00862e-01 -1.71804e-02  1.76178e+00 -3.43018e-02  2.43729e+00  2.67890e+00
 7.17000e+01  5.00832e-01 -1.72063e-02  1.76137e+00 -3.43555e-02  2.43657e+00  2.67848e+00
 7.18000e+01  5.00801e-01 -1.72315e-02  1.76096e+00 -3.44079e-02  2.43585e+00  2.67806e+00
 7.19000e+01  5.00771e-01 -1.72560e-02  1.76055e+00 -3.44589e-02  2.43514e+00  2.67763e+00
 7.20000e+01  5.00741e-01 -1.72799e-02  1.76014e+00 -3.45086e-02  2.43442e+00  2.67721e+00
 7.21000e+01  5.00711e-01 -1.73030e-02  1.75974e+00 -3.45569e-02  2.43370e+00  2.67679e+00
 7.22000e+01  5.00681e-01 -1.73255e-02  1.75933e+00 -3.46039e-02  2.43298e+00  2.67637e+00
 7.23000e+01  5.00650e-01 -1.73473e-02  1.75892e+00 -3.46495e-02  2.43226e+00  2.67594e+00
 7.24000e+01  5.00620e-01 -1.73684e-02  1.75851e+00 -3.46938e-02  2.43154e+00  2.67552e+00
 7.25000e+01  5.00590e-01 -1.73888e-02  1.75810e+00 -3.47367e-02  2.43082e+00  2.67510e+00
 7.26000e+01  5.00560e-01 -1.74085e-02  1.75769e+00 -3.47782e-02  2.43011e+00  2.67467e+00
 7.27000e+01  5.00529e-01 -1.74276e-02  1.75728e+00 -3.48183e-02  2.42939e+00  2.67425e+00
 7.28000e+01  5.00499e-01 -1.74459e-02  1.75687e+00 -3.48571e-02  2.42867e+00  2.67382e+00
 7.29000e+01  5.00469e-01 -1.74636e-02  1.75646e+00 -3.48945e-02  2.42795e+00  2.67340e+00
 7.30000e+01  5.00439e-01 -1.74805e-02  1.75605e+00 -3.49305e-02  2.42723e+00  2.67298e+00
 7.31000e+01  5.00408e-01 -1.74968e-02  1.75564e+00 -3.49651e-02  2.42651e+00  2.67255e+00
 7.32000e+01  5.00378e-01 -1.75124e-02  1.75523e+00 -3.49983e-02  2.42580e+00  2.67213e+00
 7.33000e+01  5.00348e-01 -1.75273e-02  1.75482e+00 -3.50302e-02  2.42508e+00  2.67170e+00
 7.34000e+01  5.00318e-01 -1.75415e-02  1.75441e+00 -3.50606e-02  2.42436e+00  2.67128e+00
 7.35000e+01  5.00287e-01 -1.75549e-02  1.75401e+00 -3.50897e-02  2.42364e+00  2.67086e+00
 7.36000e+01  5.00257e-01 -1.75677e-02  1.75360e+00 -3.51174e-02  2.42292e+00  2.67043e+00
 7.37000e+01  5.00227e-01 -1.75798e-02  1.75319e+00 -3.51437e-02  2.42221e+00  2.67001e+00
 7.38000e+01  5.00197e-01 -1.75912e-02  1.75278e+00 -3.51686e-02  2.42149e+00  2.66959e+00
 7.39000e+01  5.00167e-01 -1.76019e-02  1.75237e+00 -3.51920e-02  2.42077e+00  2.66916e+00
 7.40000e+01  5.00136e-01 -1.76119e-02  1.75196e+00 -3.52141e-02  2.42006e+00  2.66874e+00
 7.41000e+01  5.00106e-01 -1.76211e-02  1.75155e+00 -3.52348e-02  2.41934e+00  2.66831e+00
 7.42000e+01  5.00076e-01 -1.76297e-02  1.75114e+00 -3.52541e-02  2.41863e+00  2.66789e+00
 7.43000e+01  5.00046e-01 -1.76376e-02  1.75074e+00 -3.52720e-02  2.41791e+00  2.66747e+00
 7.44000e+01  5.00016e-01 -1.76448e-02  1.75033e+00 -3.52884e-02  2.41720e+00  2.66705e+00
 7.45000e+01  4.99986e-01 -1.76512e-02  1.74992e+00 -3.53035e-02  2.41648e+00  2.66662e+00
 7.46000e+01  4.99956e-01 -1.76570e-02  1.74951e+00 -3.53171e-02  2.41577e+00  2.66620e+00
 7.47000e+01  4.99926e-01 -1.76621e-02  1.74911e+00 -3.53294e-02  2.41506e+00  2.66578e+00
 7.48000e+01  4.99896e-01 -1.76664e-02  1.74870e+00 -3.53402e-02  2.41435e+00  2.66536e+00
 7.49000e+01  4.99866e-01 -1.76700e-02  1.74829e+00 -3.53496e-02  2.41364e+00  2.66493e+00
 7.50000e+01  4.99836e-01 -1.76730e-02  1.74789e+00 -3.53576e-02  2.41292e+00  2.66451e+00
 7.51000e+01  4.99806e-01 -1.76752e-02  1.74748e+00 -3.53642e-02  2.41221e+00  2.66409e+00
 7.52000e+01  4.99776e-01 -1.76767e-02  1.74708e+00 -3.53693e-02  2.41151e+00  2.66367e+00
 7.53000e+01  4.99746e-01 -1.76775e-02  1.74667e+00 -3.53730e-02  2.41080e+00  2.66325e+00
 7.54000e+01  4.99716e-01 -1.76776e-02  1.74627e+00 -3.53754e-02  2.41009e+00  2.66283e+00
 7.55000e+01  4.99686e-01 -1.76770e-02  1.74586e+00 -3.53762e-02  2.40938e+00  2.66241e+00
 7.56000e+01  4.99656e-01 -1.76757e-02  1.74546e+00 -3.53757e-02  2.40868e+00  2.66199e+00
 7.57000e+01  4.99626e-01 -1.76737e-02  1.74506e+00 -3.53738e-02  2.40797e+00  2.66157e+00
 7.58000e+01  4.99597e-01 -1.76709e-02  1.74465e+00 -3.53704e-02  2.40727e+00  2.66115e+00
 7.59000e+01  4.99567e-01 -1.76675e-02  1.74425e+00 -3.53656e-02  2.40656e+00  2.66074e+00
 7.60000e+01  4.99537e-01 -1.76633e-02  1.74385e+00 -3.53594e-02  2.40586e+00  2.66032e+00
 7.61000e+01  4.99508e-01 -1.76585e-02  1.74345e+00 -3.53517e-02  2.40516e+00  2.65990e+00
 7.62000e+01  4.99478e-01 -1.76529e-02  1.74305e+00 -3.53427e-02  2.40446e+00  2.65948e+00
 7.63000e+01  4.99449e-01 -1.76466e-02  1.74265e+00 -3.53322e-02  2.40376e+00  2.65907e+00
 7.64000e+01  4.99419e-01 -1.76396e-02  1.74225e+00 -3.53202e-02  2.40306e+00  2.65865e+00
 7.65000e+01  4.99390e-01 -1.76319e-02  1.74185e+00 -3.53069e-02  2.40236e+00  2.65824e+00
 7.66000e+01  4.99360e-01 -1.76235e-02  1.74145e+00 -3.52921e-02  2.40167e+00  2.65782e+00
 7.67000e+01  4.99331e-01 -1.76143e-02  1.74105e+00 -3.52759e-02  2.40097e+00  2.65741e+00
 7.68000e+01  4.99301e-01 -1.76045e-02  1.74065e+00 -3.52583e-02  2.40028e+00  2.65699e+00
 7.69000e+01  4.99272e-01 -1.75940e-02  1.74026e+00 -3.52392e-02  2.39958e+00  2.65658e+00
 7.70000e+01  4.99243e-01 -1.75827e-02  1.73986e+00 -3.52187e-02  2.39889e+00  2.65617e+00
 7.71000e+01  4.99214e-01 -1.75707e-02  1.73946e+00 -3.51968e-02  2.39820e+00  2.65576e+00
 7.72000e+01  4.99185e-01 -1.75581e-02  1.73907e+00 -3.51735e-02  2.39751e+00  2.65534e+00
 7.73000e+01  4.99155e-01 -1.75447e-02  1.73867e+00 -3.51487e-02  2.39682e+00  2.65493e+00
 7.74000e+01  4.99126e-01 -1.75306e-02  1.73828e+00 -3.51225e-02  2.39614e+00  2.65452e+00
 7.75000e+01  4.99097e-01 -1.75158e-02  1.73789e+00 -3.50949e-02  2.39545e+00  2.65412e+00
 7.76000e+01  4.99068e-01 -1.75003e-02  1.73750e+00 -3.50659e-02  2.39477e+00  2.65371e+00
 7.77000e+01  4.99040e-01 -1.74841e-02  1.73710e+00 -3.50354e-02  2.39409e+00  2.65330e+00
 7.78000e+01  4.99011e-01 -1.74671e-02  1.73671e+00 -3.50035e-02  2.39340e+00  2.65289e+00
 7.79000e+01  4.98982e-01 -1.74495e-02  1.73632e+00 -3.49702e-02  2.39272e+00  2.65249e+00
 7.80000e+01  4.98953e-01 -1.74312e-02  1.73593e+00 -3.49355e-02  2.39205e+00  2.65208e+00
 7.81000e+01  4.98925e-01 -1.74121e-02  1.73555e+00 -3.48993e-02  2.39137e+00  2.65168e+00
 7.82000e+01  4.98896e-01 -1.73924e-02  1.73516e+00 -3.48618e-02  2.39069e+00  2.65127e+00
 7.83000e+01  4.98868e-01 -1.73719e-02  1.73477e+00 -3.48228e-02  2.39002e+00  2.65087e+00
 7.84000e+01  4.98839e-01 -1.73508e-02  1.73439e+00 -3.47824e-02  2.38935e+00  2.65047e+00
 7.85000e+01  4.98811e-01 -1.73289e-02  1.73400e+00 -3.47405e-02  2.38867e+00  2.65006e+00
 7.86000e+01  4.98782e-01 -1.73064e-02  1.73362e+00 -3.46973e-02  2.38801e+00  2.64966e+00
 7.87000e+01  4.98754e-01 -1.72831e-02  1.73323e+00 -3.46526e-02  2.38734e+00  2.64926e+00
 7.88000e+01  4.98726e-01 -1.72592e-02  1.73285e+00 -3.46065e-02  2.38667e+00  2.64886e+00
 7.89000e+01  4.98698e-01 -1.72345e-02  1.73247e+00 -3.45590e-02  2.38601e+00  2.64847e+00
 7.90000e+01  4.98670e-01 -1.72092e-02  1.73209e+00 -3.45101e-02  2.38534e+00  2.64807e+00
 7.91000e+01  4.98642e-01 -1.71831e-02  1.73171e+00 -3.44598e-02  2.38468e+00  2.64767e+00
 7.92000e+01  4.98614e-01 -1.71564e-02  1.73133e+00 -3.44081e-02  2.38402e+00  2.64728e+00
 7.93000e+01  4.98586e-01 -1.71289e-02  1.73095e+00 -3.43550e-02  2.38337e+00  2.64688e+00
 7.94000e+01  4.98558e-01 -1.71008e-02  1.73057e+00 -3.43005e-02  2.38271e+00  2.64649e+00
 7.95000e+01  4.98530e-01 -1.70719e-02  1.73020e+00 -3.42445e-02  2.38205e+00  2.64610e+00
 7.96000e+01  4.98503e-01 -1.70424e-02  1.72982e+00 -3.41872e-02  2.38140e+00  2.64570e+00
 7.97000e+01  4.98475e-01 -1.70122e-02  1.72945e+00 -3.41285e-02  2.38075e+00  2.64531e+00
 7.98000e+01  4.98448e-01 -1.69813e-02  1.72908e+00 -3.40683e-02  2.38010e+00  2.64492e+00
 7.99000e+01  4.98420e-01 -1.69497e-02  1.72870e+00 -3.40068e-02  2.37946e+00  2.64454e+00
 8.00000e+01  4.98393e-01 -1.69174e-02  1.72833e+00 -3.39439e-02  2.37881e+00  2.64415e+00
 8.01000e+01  4.98366e-01 -1.68844e-02  1.72796e+00 -3.38796e-02  2.37817e+00  2.64376e+00
 8.02000e+01  4.98339e-01 -1.68508e-02  1.72759e+00 -3.38139e-02  2.37753e+00  2.64338e+00
 8.03000e+01  4.98312e-01 -1.68164e-02  1.72723e+00 -3.37468e-02  2.37689e+00  2.64299e+00
 8.04000e+01  4.98285e-01 -1.67814e-02  1.72686e+00 -3.36783e-02  2.37625e+00  2.64261e+00
 8.05000e+01  4.98258e-01 -1.67457e-02  1.72649e+00 -3.36084e-02  2.37562e+00  2.64223e+00
 8.06000e+01  4.98231e-01 -1.67093e-02  1.72613e+00 -3.35372e-02  2.37498e+00  2.64185e+00
 8.07000e+01  4.98204e-01 -1.66722e-02  1.72577e+00 -3.34646e-02  2.37435e+00  2.64147e+00
 8.08000e+01  4.98177e-01 -1.66344e-02  1.72540e+00 -3.33906e-02  2.37372e+00  2.64109e+00
 8.09000e+01  4.98151e-01 -1.65960e-02  1.72504e+00 -3.33152e-02  2.37309e+00  2.64071e+00
 8.10000e+01  4.98124e-01 -1.65569e-02  1.72468e+00 -3.32385e-02  2.37247e+00  2.64033e+00
 8.11000e+01  4.98098e-01 -1.65171e-02  1.72432e+00 -3.31604e-02  2.37185e+00  2.63996e+00
 8.12000e+01  4.98072e-01 -1.64767e-02  1.72397e+00 -3.30809e-02  2.37123e+00  2.63958e+00
 8.13000e+01  4.98045e-01 -1.64355e-02  1.72361e+00 -3.30001e-02  2.37061e+00  2.63921e+00
 8.14000e+01  4.98019e-01 -1.63937e-02  1.72325e+00 -3.29179e-02  2.36999e+00  2.63884e+00
 8.15000e+01  4.97993e-01 -1.63513e-02  1.72290e+00 -3.28344e-02  2.36938e+00  2.63847e+00
 8.16000e+01  4.97967e-01 -1.63082e-02  1.72255e+00 -3.27495e-02  2.36876e+00  2.63810e+00
 8.17000e+01  4.97941e-01 -1.62644e-02  1.72220e+00 -3.26632e-02  2.36816e+00  2.63773e+00
 8.18000e+01  4.97916e-01 -1.62199e-02  1.72185e+00 -3.25756e-02  2.36755e+00  2.63736e+00
 8.19000e+01  4.97890e-01 -1.61748e-02  1.72150e+00 -3.24867e-02  2.36694e+00  2.63700e+00
 8.20000e+01  4.97864e-01 -1.61290e-02  1.72115e+00 -3.23964e-02  2.36634e+00  2.63664e+00
 8.21000e+01  4.97839e-01 -1.60826e-02  1.72080e+00 -3.23048e-02  2.36574e+00  2.63627e+00
 8.22000e+01  4.97814e-01 -1.60355e-02  1.72046e+00 -3.22119e-02  2.36514e+00  2.63591e+00
 8.23000e+01  4.97788e-01 -1.59878e-02  1.72011e+00 -3.21176e-02  2.36454e+00  2.63555e+00
 8.24000e+01  4.97763e-01 -1.59394e-02  1.71977e+00 -3.20220e-02  2.36395e+00  2.63519e+00
 8.25000e+01  4.97738e-01 -1.58903e-02  1.71943e+00 -3.19251e-02  2.36336e+00  2.63483e+00
 8.26000e+01  4.97713e-01 -1.58407e-02  1.71909e+00 -3.18269e-02  2.36277e+00  2.63448e+00
 8.27000e+01  4.97688e-01 -1.57903e-02  1.71875e+00 -3.17273e-02  2.36218e+00  2.63412e+00
 8.28000e+01  4.97664e-01 -1.57393e-02  1.71842e+00 -3.16265e-02  2.36160e+00  2.63377e+00
 8.29000e+01  4.97639e-01 -1.56877e-02  1.71808e+00 -3.15243e-02  2.36102e+00  2.63342e+00
 8.30000e+01  4.97614e-01 -1.56355e-02  1.71775e+00 -3.14208e-02  2.36044e+00  2.63307e+00
 8.31000e+01  4.97590e-01 -1.55826e-02  1.71741e+00 -3.13161e-02  2.35986e+00  2.63272e+00
 8.32000e+01  4.97565e-01 -1.55290e-02  1.71708e+00 -3.12100e-02  2.35929e+00  2.63237e+00
 8.33000e+01  4.97541e-01 -1.54748e-02  1.71675e+00 -3.11026e-02  2.35872e+00  2.63202e+00
 8.34000e+01  4.97517e-01 -1.54200e-02  1.71642e+00 -3.09940e-02  2.35815e+00  2.63168e+00
 8.35000e+01  4.97493e-01 -1.53646e-02  1.71609e+00 -3.08841e-02  2.35758e+00  2.63134e+00
 8.36000e+01  4.97469e-01 -1.53086e-02  1.71577e+00 -3.07729e-02  2.35702e+00  2.63099e+00
 8.37000e+01  4.97445e-01 -1.52519e-02  1.71544e+00 -3.06604e-02  2.35646e+00  2.63065e+00
 8.38000e+01  4.97422e-01 -1.51946e-02  1.71512e+00 -3.05467e-02  2.35590e+00  2.63032e+00
 8.39000e+01  4.97398e-01 -1.51366e-02  1.71480e+00 -3.04317e-02  2.35534e+00  2.62998e+00
 8.40000e+01  4.97375e-01 -1.50781e-02  1.71448e+00 -3.03154e-02  2.35479e+00  2.62964e+00
 8.41000e+01  4.97351e-01 -1.50189e-02  1.71416e+00 -3.01979e-02  2.35424e+00  2.62931e+00
 8.42000e+01  4.97328e-01 -1.49592e-02  1.71385e+00 -3.00791e-02  2.35369e+00  2.62898e+00
 8.43000e+01  4.97305e-01 -1.48988e-02  1.71353e+00 -2.99591e-02  2.35314e+00  2.62864e+00
 8.44000e+01  4.97282e-01 -1.48378e-02  1.71322e+00 -2.98378e-02  2.35260e+00  2.62831e+00
 8.45000e+01  4.97259e-01 -1.47762e-02  1.71290e+00 -2.97153e-02  2.35206e+00  2.62799e+00
 8.46000e+01  4.97236e-01 -1.47140e-02  1.71259e+00 -2.95916e-02  2.35152e+00  2.62766e+00
 8.47000e+01  4.97213e-01 -1.46512e-02  1.71228e+00 -2.94666e-02  2.35099e+00  2.62734e+00
 8.48000e+01  4.97191e-01 -1.45878e-02  1.71198e+00 -2.93404e-02  2.35046e+00  2.62701e+00
 8.49000e+01  4.97168e-01 -1.45238e-02  1.71167e+00 -2.92130e-02  2.34993e+00  2.62669e+00
 8.50000e+01  4.97146e-01 -1.44592e-02  1.71137e+00 -2.90844e-02  2.34940e+00  2.62637e+00
 8.51000e+01  4.97124e-01 -1.43940e-02  1.71106e+00 -2.89546e-02  2.34888e+00  2.62605e+00
 8.52000e+01  4.97102e-01 -1.43283e-02  1.71076e+00 -2.88236e-02  2.34836e+00  2.62574e+00
 8.53000e+01  4.97080e-01 -1.42619e-02  1.71046e+00 -2.86914e-02  2.34784e+00  2.62542e+00
 8.54000e+01  4.97058e-01 -1.41950e-02  1.71016e+00 -2.85580e-02  2.34733e+00  2.62511e+00
 8.55000e+01  4.97036e-01 -1.41275e-02  1.70987e+00 -2.84234e-02  2.34682e+00  2.62479e+00
 8.56000e+01  4.97014e-01 -1.40594e-02  1.70957e+00 -2.82876e-02  2.34631e+00  2.62448e+00
 8.57000e+01  4.96993e-01 -1.39907e-02  1.70928e+00 -2.81507e-02  2.34580e+00  2.62418e+00
 8.58000e+01  4.96972e-01 -1.39215e-02  1.70899e+00 -2.80126e-02  2.34530e+00  2.62387e+00
 8.59000e+01  4.96950e-01 -1.38517e-02  1.70870e+00 -2.78733e-02  2.34480e+00  2.62356e+00
 8.60000e+01  4.96929e-01 -1.37813e-02  1.70841e+00 -2.77329e-02  2.34430e+00  2.62326e+00
 8.61000e+01  4.96908e-01 -1.37103e-02  1.70812e+00 -2.75913e-02  2.34380e+00  2.62296e+00
 8.62000e+01  4.96887e-01 -1.36388e-02  1.70784e+00 -2.74486e-02  2.34331e+00  2.62266e+00
 8.63000e+01  4.96867e-01 -1.35668e-02  1.70755e+00 -2.73047e-02  2.34282e+00  2.62236e+00
 8.64000e+01  4.96846e-01 -1.34942e-02  1.70727e+00 -2.71597e-02  2.34234e+00  2.62207e+00
 8.65000e+01  4.96826e-01 -1.34210e-02  1.70699e+00 -2.70135e-02  2.34186e+00  2.62177e+00
 8.66000e+01  4.96805e-01 -1.33473e-02  1.70672e+00 -2.68663e-02  2.34138e+00  2.62148e+00
 8.67000e+01  4.96785e-01 -1.32731e-02  1.70644e+00 -2.67179e-02  2.34090e+00  2.62119e+00
 8.68000e+01  4.96765e-01 -1.31983e-02  1.70616e+00 -2.65684e-02  2.34043e+00  2.62090e+00
 8.69000e+01  4.96745e-01 -1.31229e-02  1.70589e+00 -2.64178e-02  2.33996e+00  2.62061e+00
 8.70000e+01  4.96725e-01 -1.30470e-02  1.70562e+00 -2.62661e-02  2.33949e+00  2.62033e+00
 8.71000e+01  4.96705e-01 -1.29706e-02  1.70535e+00 -2.61134e-02  2.33902e+00  2.62004e+00
 8.72000e+01  4.96686e-01 -1.28937e-02  1.70508e+00 -2.59595e-02  2.33856e+00  2.61976e+00
 8.73000e+01  4.96666e-01 -1.28162e-02  1.70482e+00 -2.58045e-02  2.33810e+00  2.61948e+00
 8.74000e+01  4.96647e-01 -1.27383e-02  1.70455e+00 -2.56485e-02  2.33765e+00  2.61920e+00
 8.75000e+01  4.96628e-01 -1.26598e-02  1.70429e+00 -2.54914e-02  2.33720e+00  2.61893e+00
 8.76000e+01  4.96609e-01 -1.25807e-02  1.70403e+00 -2.53333e-02  2.33675e+00  2.61865e+00
 8.77000e+01  4.96590e-01 -1.25012e-02  1.70377e+00 -2.51741e-02  2.33630e+00  2.61838e+00
 8.78000e+01  4.96571e-01 -1.24211e-02  1.70352e+00 -2.50138e-02  2.33586e+00  2.61811e+00
 8.79000e+01  4.96552e-01 -1.23406e-02  1.70326e+00 -2.48525e-02  2.33542e+00  2.61784e+00
 8.80000e+01  4.96534e-01 -1.22595e-02  1.70301e+00 -2.46902e-02  2.33499e+00  2.61757e+00
 8.81000e+01  4.96515e-01 -1.21780e-02  1.70276e+00 -2.45269e-02  2.33455e+00  2.61731e+00
 8.82000e+01  4.96497e-01 -1.20959e-02  1.70251e+00 -2.43625e-02  2.33412e+00  2.61704e+00
 8.83000e+01  4.96479e-01 -1.20133e-02  1.70226e+00 -2.41971e-02  2.33370e+00  2.61678e+00
 8.84000e+01  4.96461e-01 -1.19303e-02  1.70201e+00 -2.40307e-02  2.33327e+00  2.61652e+00
 8.85000e+01  4.96443e-01 -1.18468e-02  1.70177e+00 -2.38633e-02  2.33285e+00  2.61627e+00
 8.86000e+01  4.96426e-01 -1.17628e-02  1.70153e+00 -2.36949e-02  2.33244e+00  2.61601e+00
 8.87000e+01  4.96408e-01 -1.16783e-02  1.70129e+00 -2.35255e-02  2.33202e+00  2.61576e+00
 8.88000e+01  4.96391e-01 -1.15933e-02  1.70105e+00 -2.33552e-02  2.33161e+00  2.61551e+00
 8.89000e+01  4.96373e-01 -1.15078e-02  1.70081e+00 -2.31838e-02  2.33121e+00  2.61526e+00
 8.90000e+01  4.96356e-01 -1.14219e-02  1.70058e+00 -2.30115e-02  2.33080e+00  2.61501e+00
 8.91000e+01  4.96339e-01 -1.13355e-02  1.70035e+00 -2.28383e-02  2.33040e+00  2.61476e+00
 8.92000e+01  4.96322e-01 -1.12487e-02  1.70011e+00 -2.26641e-02  2.33001e+00  2.61452e+00
 8.93000e+01  4.96306e-01 -1.11614e-02  1.69989e+00 -2.24889e-02  2.32961e+00  2.61428e+00
 8.94000e+01  4.96289e-01 -1.10736e-02  1.69966e+00 -2.23128e-02  2.32922e+00  2.61404e+00
 8.95000e+01  4.96273e-01 -1.09854e-02  1.69943e+00 -2.21358e-02  2.32883e+00  2.61380e+00
 8.96000e+01  4.96256e-01 -1.08967e-02  1.69921e+00 -2.19579e-02  2.32845e+00  2.61357e+00
 8.97000e+01  4.96240e-01 -1.08076e-02  1.69899e+00 -2.17790e-02  2.32807e+00  2.61333e+00
 8.98000e+01  4.96224e-01 -1.07181e-02  1.69877e+00 -2.15993e-02  2.32769e+00  2.61310e+00
 8.99000e+01  4.96208e-01 -1.06281e-02  1.69855e+00 -2.14186e-02  2.32732e+00  2.61287e+00
 9.00000e+01  4.96193e-01 -1.05377e-02  1.69834e+00 -2.12371e-02  2.32695e+00  2.61265e+00
 9.01000e+01  4.96177e-01 -1.04468e-02  1.69812e+00 -2.10546e-02  2.32658e+00  2.61242e+00
 9.02000e+01  4.96162e-01 -1.03555e-02  1.69791e+00 -2.08713e-02  2.32622e+00  2.61220e+00
 9.03000e+01  4.96146e-01 -1.02638e-02  1.69770e+00 -2.06871e-02  2.32586e+00  2.61198e+00
 9.04000e+01  4.96131e-01 -1.01717e-02  1.69750e+00 -2.05021e-02  2.32550e+00  2.61176e+00
 9.05000e+01  4.96116e-01 -1.00792e-02  1.69729e+00 -2.03162e-02  2.32515e+00  2.61154e+00
 9.06000e+01  4.96101e-01 -9.98623e-03  1.69709e+00 -2.01294e-02  2.32480e+00  2.61132e+00
 9.07000e+01  4.96087e-01 -9.89288e-03  1.69689e+00 -1.99418e-02  2.32445e+00  2.61111e+00
 9.08000e+01  4.96072e-01 -9.79911e-03  1.69669e+00 -1.97534e-02  2.32411e+00  2.61090e+00
 9.09000e+01  4.96058e-01 -9.70495e-03  1.69649e+00 -1.95642e-02  2.32377e+00  2.61069e+00
 9.10000e+01  4.96043e-01 -9.61040e-03  1.69629e+00 -1.93741e-02  2.32344e+00  2.61048e+00
 9.11000e+01  4.96029e-01 -9.51545e-03  1.69610e+00 -1.91832e-02  2.32310e+00  2.61028e+00
 9.12000e+01  4.96015e-01 -9.42011e-03  1.69591e+00 -1.89916e-02  2.32277e+00  2.61008e+00
 9.13000e+01  4.96001e-01 -9.32439e-03  1.69572e+00 -1.87991e-02  2.32245e+00  2.60988e+00
 9.14000e+01  4.95988e-01 -9.22829e-03  1.69553e+00 -1.86059e-02  2.32213e+00  2.60968e+00
 9.15000e+01  4.95974e-01 -9.13181e-03  1.69535e+00 -1.84119e-02  2.32181e+00  2.60948e+00
 9.16000e+01  4.95961e-01 -9.03496e-03  1.69516e+00 -1.82171e-02  2.32149e+00  2.60929e+00
 9.17000e+01  4.95948e-01 -8.93774e-03  1.69498e+00 -1.80215e-02  2.32118e+00  2.60910e+00
 9.18000e+01  4.95935e-01 -8.84015e-03  1.69480e+00 -1.78252e-02  2.32087e+00  2.60891e+00
 9.19000e+01  4.95922e-01 -8.74220e-03  1.69463e+00 -1.76282e-02  2.32057e+00  2.60872e+00
 9.20000e+01  4.95909e-01 -8.64390e-03  1.69445e+00 -1.74304e-02  2.32027e+00  2.60854e+00
 9.21000e+01  4.95896e-01 -8.54524e-03  1.69428e+00 -1.72319e-02  2.31997e+00  2.60835e+00
 9.22000e+01  4.95884e-01 -8.44624e-03  1.69411e+00 -1.70327e-02  2.31968e+00  2.60817e+00
 9.23000e+01  4.95872e-01 -8.34689e-03  1.69394e+00 -1.68328e-02  2.31939e+00  2.60799e+00
 9.24000e+01  4.95859e-01 -8.24720e-03  1.69377e+00 -1.66321e-02  2.31910e+00  2.60782e+00
 9.25000e+01  4.95847e-01 -8.14717e-03  1.69361e+00 -1.64308e-02  2.31882e+00  2.60764e+00
 9.26000e+01  4.95836e-01 -8.04681e-03  1.69344e+00 -1.62288e-02  2.31854e+00  2.60747e+00
 9.27000e+01  4.95824e-01 -7.94613e-03  1.69328e+00 -1.60261e-02  2.31827e+00  2.60730e+00
 9.28000e+01  4.95812e-01 -7.84511e-03  1.69312e+00 -1.58228e-02  2.31799e+00  2.60713e+00
 9.29000e+01  4.95801e-01 -7.74378e-03  1.69297e+00 -1.56187e-02  2.31772e+00  2.60697e+00
 9.30000e+01  4.95790e-01 -7.64213e-03  1.69281e+00 -1.54141e-02  2.31746e+00  2.60680e+00
 9.31000e+01  4.95779e-01 -7.54017e-03  1.69266e+00 -1.52088e-02  2.31720e+00  2.60664e+00
 9.32000e+01  4.95768e-01 -7.43791e-03  1.69251e+00 -1.50028e-02  2.31694e+00  2.60648e+00
 9.33000e+01  4.95757e-01 -7.33534e-03  1.69236e+00 -1.47962e-02  2.31669e+00  2.60633e+00
 9.34000e+01  4.95746e-01 -7.23247e-03  1.69222e+00 -1.45891e-02  2.31644e+00  2.60617e+00
 9.35000e+01  4.95736e-01 -7.12930e-03  1.69207e+00 -1.43813e-02  2.31619e+00  2.60602e+00
 9.36000e+01  4.95725e-01 -7.02585e-03  1.69193e+00 -1.41729e-02  2.31595e+00  2.60587e+00
 9.37000e+01  4.95715e-01 -6.92210e-03  1.69179e+00 -1.39639e-02  2.31571e+00  2.60572e+00
 9.38000e+01  4.95705e-01 -6.81808e-03  1.69165e+00 -1.37543e-02  2.31547e+00  2.60558e+00
 9.39000e+01  4.95695e-01 -6.71378e-03  1.69152e+00 -1.35442e-02  2.31524e+00  2.60543e+00
 9.40000e+01  4.95686e-01 -6.60920e-03  1.69138e+00 -1.33335e-02  2.31501e+00  2.60529e+00
 9.41000e+01  4.95676e-01 -6.50436e-03  1.69125e+00 -1.31222e-02  2.31479e+00  2.60515e+00
 9.42000e+01  4.95667e-01 -6.39924e-03  1.69112e+00 -1.29104e-02  2.31457e+00  2.60502e+00
 9.43000e+01  4.95657e-01 -6.29387e-03  1.69100e+00 -1.26980e-02  2.31435e+00  2.60488e+00
 9.44000e+01  4.95648e-01 -6.18824e-03  1.69087e+00 -1.24851e-02  2.31413e+00  2.60475e+00
 9.45000e+01  4.95640e-01 -6.08236e-03  1.69075e+00 -1.22717e-02  2.31392e+00  2.60462e+00
 9.46000e+01  4.95631e-01 -5.97623e-03  1.69063e+00 -1.20578e-02  2.31372e+00  2.60449e+00
 9.47000e+01  4.95622e-01 -5.86986e-03  1.69051e+00 -1.18434e-02  2.31352e+00  2.60437e+00
 9.48000e+01  4.95614e-01 -5.76325e-03  1.69040e+00 -1.16285e-02  2.31332e+00  2.60424e+00
 9.49000e+01  4.95605e-01 -5.65640e-03  1.69028e+00 -1.14131e-02  2.31312e+00  2.60412e+00
 9.50000e+01  4.95597e-01 -5.54932e-03  1.69017e+00 -1.11972e-02  2.31293e+00  2.60401e+00
 9.51000e+01  4.95589e-01 -5.44202e-03  1.69006e+00 -1.09809e-02  2.31274e+00  2.60389e+00
 9.52000e+01  4.95582e-01 -5.33449e-03  1.68995e+00 -1.07641e-02  2.31256e+00  2.60378e+00
 9.53000e+01  4.95574e-01 -5.22675e-03  1.68985e+00 -1.05469e-02  2.31238e+00  2.60366e+00
 9.54000e+01  4.95566e-01 -5.11879e-03  1.68975e+00 -1.03292e-02  2.31220e+00  2.60356e+00
 9.55000e+01  4.95559e-01 -5.01063e-03  1.68965e+00 -1.01111e-02  2.31203e+00  2.60345e+00
 9.56000e+01  4.95552e-01 -4.90226e-03  1.68955e+00 -9.89253e-03  2.31186e+00  2.60334e+00
 9.57000e+01  4.95545e-01 -4.79369e-03  1.68945e+00 -9.67358e-03  2.31170e+00  2.60324e+00
 9.58000e+01  4.95538e-01 -4.68493e-03  1.68936e+00 -9.45423e-03  2.31153e+00  2.60314e+00
 9.59000e+01  4.95531e-01 -4.57597e-03  1.68926e+00 -9.23448e-03  2.31138e+00  2.60304e+00
 9.60000e+01  4.95525e-01 -4.46683e-03  1.68917e+00 -9.01434e-03  2.31122e+00  2.60295e+00
 9.61000e+01  4.95518e-01 -4.35751e-03  1.68909e+00 -8.79384e-03  2.31107e+00  2.60286e+00
 9.62000e+01  4.95512e-01 -4.24801e-03  1.68900e+00 -8.57296e-03  2.31093e+00  2.60277e+00
 9.63000e+01  4.95506e-01 -4.13833e-03  1.68892e+00 -8.35173e-03  2.31078e+00  2.60268e+00
 9.64000e+01  4.95500e-01 -4.02849e-03  1.68884e+00 -8.13014e-03  2.31064e+00  2.60259e+00
 9.65000e+01  4.95494e-01 -3.91848e-03  1.68876e+00 -7.90822e-03  2.31051e+00  2.60251e+00
 9.66000e+01  4.95489e-01 -3.80831e-03  1.68868e+00 -7.68597e-03  2.31038e+00  2.60243e+00
 9.67000e+01  4.95483e-01 -3.69799e-03  1.68861e+00 -7.46340e-03  2.31025e+00  2.60235e+00
 9.68000e+01  4.95478e-01 -3.58752e-03  1.68853e+00 -7.24052e-03  2.31013e+00  2.60227e+00
 9.69000e+01  4.95473e-01 -3.47690e-03  1.68846e+00 -7.01733e-03  2.31001e+00  2.60220e+00
 9.70000e+01  4.95468e-01 -3.36614e-03  1.68840e+00 -6.79386e-03  2.30989e+00  2.60212e+00
 9.71000e+01  4.95463e-01 -3.25524e-03  1.68833e+00 -6.57009e-03  2.30978e+00  2.60205e+00
 9.72000e+01  4.95459e-01 -3.14421e-03  1.68827e+00 -6.34606e-03  2.30967e+00  2.60199e+00
 9.73000e+01  4.95454e-01 -3.03305e-03  1.68821e+00 -6.12176e-03  2.30956e+00  2.60192e+00
 9.74000e+01  4.95450e-01 -2.92177e-03  1.68815e+00 -5.89721e-03  2.30946e+00  2.60186e+00
 9.75000e+01  4.95446e-01 -2.81037e-03  1.68809e+00 -5.67240e-03  2.30936e+00  2.60180e+00
 9.76000e+01  4.95442e-01 -2.69885e-03  1.68803e+00 -5.44737e-03  2.30927e+00  2.60174e+00
 9.77000e+01  4.95438e-01 -2.58723e-03  1.68798e+00 -5.22210e-03  2.30918e+00  2.60169e+00
 9.78000e+01  4.95434e-01 -2.47550e-03  1.68793e+00 -4.99662e-03  2.30910e+00  2.60163e+00
 9.79000e+01  4.95431e-01 -2.36367e-03  1.68788e+00 -4.77093e-03  2.30901e+00  2.60158e+00
 9.80000e+01  4.95428e-01 -2.25174e-03  1.68784e+00 -4.54504e-03  2.30893e+00  2.60153e+00
 9.81000e+01  4.95424e-01 -2.13972e-03  1.68779e+00 -4.31896e-03  2.30886e+00  2.60149e+00
 9.82000e+01  4.95421e-01 -2.02761e-03  1.68775e+00 -4.09270e-03  2.30879e+00  2.60144e+00
 9.83000e+01  4.95419e-01 -1.91542e-03  1.68771e+00 -3.86627e-03  2.30872e+00  2.60140e+00
 9.84000e+01  4.95416e-01 -1.80315e-03  1.68768e+00 -3.63968e-03  2.30866e+00  2.60136e+00
 9.85000e+01  4.95413e-01 -1.69081e-03  1.68764e+00 -3.41293e-03  2.30860e+00  2.60133e+00
 9.86000e+01  4.95411e-01 -1.57840e-03  1.68761e+00 -3.18605e-03  2.30855e+00  2.60129e+00
 9.87000e+01  4.95409e-01 -1.46593e-03  1.68758e+00 -2.95903e-03  2.30849e+00  2.60126e+00
 9.88000e+01  4.95407e-01 -1.35339e-03  1.68755e+00 -2.73188e-03  2.30845e+00  2.60123e+00
 9.89000e+01  4.95405e-01 -1.24081e-03  1.68753e+00 -2.50463e-03  2.30840e+00  2.60120e+00
 9.90000e+01  4.95403e-01 -1.12817e-03  1.68750e+00 -2.27727e-03  2.30836e+00  2.60118e+00
 9.91000e+01  4.95402e-01 -1.01548e-03  1.68748e+00 -2.04981e-03  2.30833e+00  2.60116e+00
 9.92000e+01  4.95400e-01 -9.02753e-04  1.68746e+00 -1.82227e-03  2.30829e+00  2.60114e+00
 9.93000e+01  4.95399e-01 -7.89989e-04  1.68745e+00 -1.59465e-03  2.30826e+00  2.60112e+00
 9.94000e+01  4.95398e-01 -6.77193e-04  1.68743e+00 -1.36697e-03  2.30824e+00  2.60110e+00
 9.95000e+01  4.95397e-01 -5.64370e-04  1.68742e+00 -1.13923e-03  2.30822e+00  2.60109e+00
 9.96000e+01  4.95396e-01 -4.51524e-04  1.68741e+00 -9.11439e-04  2.30820e+00  2.60108e+00
 9.97000e+01  4.95396e-01 -3.38659e-04  1.68740e+00 -6.83612e-04  2.30819e+00  2.60107e+00
 9.98000e+01  4.95396e-01 -2.25780e-04  1.68740e+00 -4.55757e-04  2.30818e+00  2.60106e+00
 9.99000e+01  4.95395e-01 -1.12892e-04  1.68739e+00 -2.27883e-04  2.30817e+00  2.60106e+00
