 0.00000e+00  4.85390e-01  1.00449e-13  1.60824e+00  2.06944e-13  2.16317e+00  2.54318e+00
 1.00000e-01  4.85422e-01  1.61298e-03  1.60847e+00  3.32284e-03  2.16358e+00  2.54332e+00
 2.00000e-01  4.85518e-01  3.21613e-03  1.60916e+00  6.62411e-03  2.16484e+00  2.54377e+00
 3.00000e-01  4.85678e-01  4.80068e-03  1.61030e+00  9.88450e-03  2.16690e+00  2.54449e+00
 4.00000e-01  4.85899e-01  6.35591e-03  1.61189e+00  1.30807e-02  2.16978e+00  2.54551e+00
 5.00000e-01  4.86181e-01  7.87196e-03  1.61393e+00  1.61914e-02  2.17345e+00  2.54682e+00
 6.00000e-01  4.86520e-01  9.33912e-03  1.61639e+00  1.91958e-02  2.17789e+00  2.54840e+00
 7.00000e-01  4.86914e-01  1.07489e-02  1.61926e+00  2.20756e-02  2.18310e+00  2.55027e+00
 8.00000e-01  4.87360e-01  1.20911e-02  1.62253e+00  2.48094e-02  2.18901e+00  2.55240e+00
 9.00000e-01  4.87854e-01  1.33571e-02  1.62618e+00  2.73792e-02  2.19565e+00  2.55483e+00
 1.00000e+00  4.88392e-01  1.45397e-02  1.63019e+00  2.97706e-02  2.20291e+00  2.55749e+00
 1.10000e+00  4.88970e-01  1.56303e-02  1.63453e+00  3.19658e-02  2.21079e+00  2.56041e+00
 1.20000e+00  4.89584e-01  1.66210e-02  1.63918e+00  3.39492e-02  2.21928e+00  2.56360e+00
 1.30000e+00  4.90228e-01  1.75059e-02  1.64412e+00  3.57097e-02  2.22829e+00  2.56703e+00
 1.40000e+00  4.90899e-01  1.82806e-02  1.64930e+00  3.72390e-02  2.23785e+00  2.57074e+00
 1.50000e+00  4.91591e-01  1.89394e-02  1.65472e+00  3.85267e-02  2.24784e+00  2.57467e+00
 1.60000e+00  4.92301e-01  1.94822e-02  1.66033e+00  3.95738e-02  2.25826e+00  2.57883e+00
 1.70000e+00  4.93024e-01  1.99089e-02  1.66608e+00  4.03812e-02  2.26900e+00  2.58316e+00
 1.80000e+00  4.93757e-01  2.02184e-02  1.67195e+00  4.09482e-02  2.27996e+00  2.58758e+00
 1.90000e+00  4.94495e-01  2.04119e-02  1.67792e+00  4.12783e-02  2.29119e+00  2.59217e+00
 2.00000e+00  4.95236e-01  2.04924e-02  1.68393e+00  4.13790e-02  2.30252e+00  2.59680e+00
 2.10000e+00  4.95975e-01  2.04641e-02  1.68995e+00  4.12603e-02  2.31390e+00  2.60143e+00
 2.20000e+00  4.96710e-01  2.03286e-02  1.69595e+00  4.09264e-02  2.32527e+00  2.60606e+00
 2.30000e+00  4.97437e-01  2.00902e-02  1.70188e+00  4.03875e-02  2.33647e+00  2.61053e+00
 2.40000e+00  4.98153e-01  1.97509e-02  1.70772e+00  3.96483e-02  2.34753e+00  2.61493e+00
 2.50000e+00  4.98852e-01  1.93122e-02  1.71346e+00  3.87132e-02  2.35849e+00  2.61934e+00
 2.60000e+00  4.99534e-01  1.87785e-02  1.71909e+00  3.75922e-02  2.36930e+00  2.62373e+00
 2.70000e+00  5.00194e-01  1.81570e-02  1.72456e+00  3.63000e-02  2.37993e+00  2.62808e+00
 2.80000e+00  5.00830e-01  1.74597e-02  1.72986e+00  3.48616e-02  2.39029e+00  2.63237e+00
 2.90000e+00  5.01441e-01  1.66971e-02  1.73494e+00  3.32982e-02  2.40025e+00  2.63645e+00
 3.00000e+00  5.02026e-01  1.58808e-02  1.73982e+00  3.16334e-02  2.40981e+00  2.64035e+00
 3.10000e+00  5.02582e-01  1.50203e-02  1.74446e+00  2.98863e-02  2.41898e+00  2.64412e+00
 3.20000e+00  5.03109e-01  1.41259e-02  1.74888e+00  2.80771e-02  2.42776e+00  2.64774e+00
 3.30000e+00  5.03605e-01  1.32073e-02  1.75306e+00  2.62254e-02  2.43614e+00  2.65124e+00
 3.40000e+00  5.04070e-01  1.22723e-02  1.75701e+00  2.43464e-02  2.44411e+00  2.65462e+00
 3.50000e+00  5.04505e-01  1.13304e-02  1.76073e+00  2.24585e-02  2.45167e+00  2.65787e+00
 3.60000e+00  5.04908e-01  1.03900e-02  1.76423e+00  2.05781e-02  2.45879e+00  2.66097e+00
 3.70000e+00  5.05280e-01  9.46014e-03  1.76750e+00  1.87226e-02  2.46547e+00  2.66391e+00
 3.80000e+00  5.05623e-01  8.54710e-03  1.77056e+00  1.69041e-02  2.47172e+00  2.66672e+00
 3.90000e+00  5.05937e-01  7.65819e-03  1.77340e+00  1.51366e-02  2.47758e+00  2.66941e+00
 4.00000e+00  5.06222e-01  6.80109e-03  1.77603e+00  1.34350e-02  2.48293e+00  2.67185e+00
 4.10000e+00  5.06481e-01  5.98170e-03  1.77844e+00  1.18103e-02  2.48772e+00  2.67402e+00
 4.20000e+00  5.06711e-01  5.20418e-03  1.78063e+00  1.02705e-02  2.49206e+00  2.67600e+00
 4.30000e+00  5.06915e-01  4.46773e-03  1.78259e+00  8.81356e-03  2.49583e+00  2.67769e+00
 4.40000e+00  5.07091e-01  3.76768e-03  1.78432e+00  7.42998e-03  2.49917e+00  2.67923e+00
 4.50000e+00  5.07239e-01  3.09537e-03  1.78582e+00  6.10238e-03  2.50212e+00  2.68065e+00
 4.60000e+00  5.07359e-01  2.44403e-03  1.78707e+00  4.81717e-03  2.50461e+00  2.68190e+00
 4.70000e+00  5.07452e-01  1.80828e-03  1.78808e+00  3.56345e-03  2.50673e+00  2.68305e+00
 4.80000e+00  5.07519e-01  1.18689e-03  1.78885e+00  2.33862e-03  2.50831e+00  2.68393e+00
 4.90000e+00  5.07561e-01  5.80413e-04  1.78937e+00  1.14353e-03  2.50936e+00  2.68454e+00
 5.00000e+00  5.07578e-01 -1.36230e-05  1.78966e+00 -2.68393e-05  2.50987e+00  2.68487e+00
 5.10000e+00  5.07570e-01 -5.99726e-04  1.78971e+00 -1.18156e-03  2.50987e+00  2.68495e+00
 5.20000e+00  5.07537e-01 -1.18868e-03  1.78954e+00 -2.34206e-03  2.50940e+00  2.68481e+00
 5.30000e+00  5.07480e-01 -1.79226e-03  1.78913e+00 -3.53168e-03  2.50843e+00  2.68443e+00
 5.40000e+00  5.07397e-01 -2.42434e-03  1.78850e+00 -4.77799e-03  2.50709e+00  2.68394e+00
 5.50000e+00  5.07289e-01 -3.09645e-03  1.78763e+00 -6.10391e-03  2.50533e+00  2.68329e+00
 5.60000e+00  5.07155e-01 -3.81374e-03  1.78653e+00 -7.51987e-03  2.50318e+00  2.68250e+00
 5.70000e+00  5.06998e-01 -4.57891e-03  1.78521e+00 -9.03141e-03  2.50055e+00  2.68147e+00
 5.80000e+00  5.06817e-01 -5.38861e-03  1.78368e+00 -1.06323e-02  2.49741e+00  2.68019e+00
 5.90000e+00  5.06612e-01 -6.23861e-03  1.78193e+00 -1.23144e-02  2.49392e+00  2.67878e+00
 6.00000e+00  5.06384e-01 -7.12586e-03  1.77999e+00 -1.40721e-02  2.49003e+00  2.67721e+00
 6.10000e+00  5.06133e-01 -8.04803e-03  1.77784e+00 -1.59010e-02  2.48576e+00  2.67548e+00
 6.20000e+00  5.05860e-01 -9.00421e-03  1.77549e+00 -1.77998e-02  2.48112e+00  2.67360e+00
 6.30000e+00  5.05566e-01 -9.99070e-03  1.77294e+00 -1.97614e-02  2.47607e+00  2.67151e+00
 6.40000e+00  5.05252e-01 -1.10005e-02  1.77019e+00 -2.17722e-02  2.47063e+00  2.66925e+00
 6.50000e+00  5.04917e-01 -1.20269e-02  1.76726e+00 -2.38195e-02  2.46486e+00  2.66683e+00
 6.60000e+00  5.04564e-01 -1.30634e-02  1.76415e+00 -2.58905e-02  2.45871e+00  2.66421e+00
 6.70000e+00  5.04192e-01 -1.41010e-02  1.76089e+00 -2.79675e-02  2.45221e+00  2.66141e+00
 6.80000e+00  5.03802e-01 -1.51322e-02  1.75747e+00 -3.00360e-02  2.44541e+00  2.65849e+00
 6.90000e+00  5.03394e-01 -1.61518e-02  1.75388e+00 -3.20858e-02  2.43820e+00  2.65531e+00
 7.00000e+00  5.02967e-01 -1.71479e-02  1.75013e+00 -3.40934e-02  2.43063e+00  2.65194e+00
 7.10000e+00  5.02522e-01 -1.81056e-02  1.74624e+00 -3.60294e-02  2.42284e+00  2.64851e+00
 7.20000e+00  5.02058e-01 -1.90128e-02  1.74220e+00 -3.78696e-02  2.41477e+00  2.64497e+00
 7.30000e+00  5.01576e-01 -1.98542e-02  1.73803e+00 -3.95837e-02  2.40646e+00  2.64134e+00
 7.40000e+00  5.01074e-01 -2.06143e-02  1.73374e+00 -4.11401e-02  2.39797e+00  2.63769e+00
 7.50000e+00  5.00554e-01 -2.12791e-02  1.72934e+00 -4.25110e-02  2.38932e+00  2.63403e+00
 7.60000e+00  5.00017e-01 -2.18354e-02  1.72485e+00 -4.36693e-02  2.38053e+00  2.63037e+00
 7.70000e+00  4.99464e-01 -2.22725e-02  1.72027e+00 -4.45928e-02  2.37160e+00  2.62670e+00
 7.80000e+00  4.98896e-01 -2.25824e-02  1.71561e+00 -4.52648e-02  2.36249e+00  2.62295e+00
 7.90000e+00  4.98314e-01 -2.27562e-02  1.71089e+00 -4.56663e-02  2.35326e+00  2.61918e+00
 8.00000e+00  4.97722e-01 -2.27833e-02  1.70615e+00 -4.57752e-02  2.34407e+00  2.61552e+00
 8.10000e+00  4.97119e-01 -2.26623e-02  1.70138e+00 -4.55872e-02  2.33488e+00  2.61194e+00
 8.20000e+00  4.96510e-01 -2.23913e-02  1.69658e+00 -4.50973e-02  2.32563e+00  2.60831e+00
 8.30000e+00  4.95897e-01 -2.19659e-02  1.69180e+00 -4.42953e-02  2.31635e+00  2.60467e+00
 8.40000e+00  4.95282e-01 -2.13868e-02  1.68703e+00 -4.31811e-02  2.30715e+00  2.60108e+00
 8.50000e+00  4.94667e-01 -2.06504e-02  1.68232e+00 -4.17461e-02  2.29804e+00  2.59756e+00
 8.60000e+00  4.94056e-01 -1.97577e-02  1.67768e+00 -3.99909e-02  2.28909e+00  2.59414e+00
 8.70000e+00  4.93450e-01 -1.87109e-02  1.67314e+00 -3.79185e-02  2.28036e+00  2.59086e+00
 8.80000e+00  4.92853e-01 -1.75110e-02  1.66870e+00 -3.55298e-02  2.27186e+00  2.58770e+00
 8.90000e+00  4.92267e-01 -1.61651e-02  1.66439e+00 -3.28380e-02  2.26362e+00  2.58468e+00
 9.00000e+00  4.91696e-01 -1.46769e-02  1.66023e+00 -2.98495e-02  2.25572e+00  2.58184e+00
 9.10000e+00  4.91143e-01 -1.30547e-02  1.65623e+00 -2.65802e-02  2.24813e+00  2.57913e+00
 9.20000e+00  4.90612e-01 -1.13075e-02  1.65240e+00 -2.30478e-02  2.24089e+00  2.57656e+00
 9.30000e+00  4.90105e-01 -9.44296e-03  1.64877e+00 -1.92672e-02  2.23407e+00  2.57418e+00
 9.40000e+00  4.89627e-01 -7.47434e-03  1.64534e+00 -1.52654e-02  2.22763e+00  2.57191e+00
 9.50000e+00  4.89180e-01 -5.41181e-03  1.64214e+00 -1.10630e-02  2.22164e+00  2.56981e+00
 9.60000e+00  4.88767e-01 -3.26714e-03  1.63917e+00 -6.68444e-03  2.21612e+00  2.56785e+00
 9.70000e+00  4.88392e-01 -1.05286e-03  1.63646e+00 -2.15577e-03  2.21104e+00  2.56601e+00
 9.80000e+00  4.88056e-01  1.21793e-03  1.63401e+00  2.49547e-03  2.20652e+00  2.56438e+00
 9.90000e+00  4.87763e-01  3.52939e-03  1.63184e+00  7.23588e-03  2.20250e+00  2.56286e+00
 1.00000e+01  4.87513e-01  5.86844e-03  1.62996e+00  1.20375e-02  2.19901e+00  2.56150e+00
 1.01000e+01  4.87308e-01  8.22048e-03  1.62837e+00  1.68691e-02  2.19613e+00  2.56036e+00
 1.02000e+01  4.87151e-01  1.05699e-02  1.62709e+00  2.16974e-02  2.19379e+00  2.55935e+00
 1.03000e+01  4.87040e-01  1.29003e-02  1.62615e+00  2.64871e-02  2.19206e+00  2.55855e+00
 1.04000e+01  4.86978e-01  1.51982e-02  1.62554e+00  3.12093e-02  2.19100e+00  2.55801e+00
 1.05000e+01  4.86963e-01  1.74492e-02  1.62526e+00  3.58327e-02  2.19057e+00  2.55769e+00
 1.06000e+01  4.86997e-01  1.96361e-02  1.62536e+00  4.03209e-02  2.19080e+00  2.55762e+00
 1.07000e+01  4.87078e-01  2.17485e-02  1.62581e+00  4.46510e-02  2.19173e+00  2.55785e+00
 1.08000e+01  4.87207e-01  2.37727e-02  1.62663e+00  4.87938e-02  2.19331e+00  2.55833e+00
 1.09000e+01  4.87382e-01  2.56971e-02  1.62781e+00  5.27248e-02  2.19557e+00  2.55909e+00
 1.10000e+01  4.87602e-01  2.75114e-02  1.62933e+00  5.64218e-02  2.19847e+00  2.56011e+00
 1.11000e+01  4.87867e-01  2.92029e-02  1.63121e+00  5.98582e-02  2.20197e+00  2.56134e+00
 1.12000e+01  4.88174e-01  3.07625e-02  1.63343e+00  6.30154e-02  2.20608e+00  2.56283e+00
 1.13000e+01  4.88521e-01  3.21795e-02  1.63596e+00  6.58711e-02  2.21072e+00  2.56448e+00
 1.14000e+01  4.88906e-01  3.34459e-02  1.63881e+00  6.84097e-02  2.21594e+00  2.56638e+00
 1.15000e+01  4.89326e-01  3.45533e-02  1.64196e+00  7.06142e-02  2.22173e+00  2.56855e+00
 1.16000e+01  4.89777e-01  3.54960e-02  1.64541e+00  7.24738e-02  2.22809e+00  2.57099e+00
 1.17000e+01  4.90257e-01  3.62708e-02  1.64913e+00  7.39832e-02  2.23501e+00  2.57375e+00
 1.18000e+01  4.90764e-01  3.68766e-02  1.65309e+00  7.51412e-02  2.24229e+00  2.57660e+00
 1.19000e+01  4.91293e-01  3.73147e-02  1.65723e+00  7.59520e-02  2.24987e+00  2.57954e+00
 1.20000e+01  4.91842e-01  3.75819e-02  1.66156e+00  7.64105e-02  2.25773e+00  2.58256e+00
 1.21000e+01  4.92405e-01  3.76783e-02  1.66608e+00  7.65189e-02  2.26597e+00  2.58581e+00
 1.22000e+01  4.92980e-01  3.76036e-02  1.67079e+00  7.62781e-02  2.27467e+00  2.58940e+00
 1.23000e+01  4.93562e-01  3.73620e-02  1.67566e+00  7.56986e-02  2.28373e+00  2.59326e+00
 1.24000e+01  4.94150e-01  3.69618e-02  1.68060e+00  7.47988e-02  2.29290e+00  2.59716e+00
 1.25000e+01  4.94740e-01  3.64083e-02  1.68560e+00  7.35909e-02  2.30206e+00  2.60098e+00
 1.26000e+01  4.95329e-01  3.57069e-02  1.69065e+00  7.20874e-02  2.31141e+00  2.60499e+00
 1.27000e+01  4.95913e-01  3.48628e-02  1.69575e+00  7.03003e-02  2.32090e+00  2.60914e+00
 1.28000e+01  4.96491e-01  3.38867e-02  1.70082e+00  6.82523e-02  2.33040e+00  2.61333e+00
 1.29000e+01  4.97060e-01  3.27869e-02  1.70584e+00  6.59617e-02  2.33973e+00  2.61740e+00
 1.30000e+01  4.97618e-01  3.15728e-02  1.71077e+00  6.34477e-02  2.34888e+00  2.62136e+00
 1.31000e+01  4.98162e-01  3.02505e-02  1.71565e+00  6.07241e-02  2.35808e+00  2.62547e+00
 1.32000e+01  4.98691e-01  2.88314e-02  1.72045e+00  5.78142e-02  2.36722e+00  2.62965e+00
 1.33000e+01  4.99203e-01  2.73339e-02  1.72510e+00  5.47552e-02  2.37614e+00  2.63373e+00
 1.34000e+01  4.99697e-01  2.57707e-02  1.72958e+00  5.15725e-02  2.38467e+00  2.63756e+00
 1.35000e+01  5.00173e-01  2.41586e-02  1.73388e+00  4.83005e-02  2.39288e+00  2.64122e+00
 1.36000e+01  5.00630e-01  2.25102e-02  1.73800e+00  4.49637e-02  2.40082e+00  2.64478e+00
 1.37000e+01  5.01066e-01  2.08390e-02  1.74194e+00  4.15893e-02  2.40838e+00  2.64813e+00
 1.38000e+01  5.01481e-01  1.91622e-02  1.74566e+00  3.82113e-02  2.41552e+00  2.65125e+00
 1.39000e+01  5.01873e-01  1.74884e-02  1.74917e+00  3.48462e-02  2.42219e+00  2.65411e+00
 1.40000e+01  5.02241e-01  1.58274e-02  1.75247e+00  3.15135e-02  2.42847e+00  2.65679e+00
 1.41000e+01  5.02584e-01  1.41857e-02  1.75556e+00  2.82256e-02  2.43437e+00  2.65933e+00
 1.42000e+01  5.02901e-01  1.25694e-02  1.75842e+00  2.49939e-02  2.43986e+00  2.66170e+00
 1.43000e+01  5.03189e-01  1.09862e-02  1.76104e+00  2.18332e-02  2.44489e+00  2.66388e+00
 1.44000e+01  5.03450e-01  9.43551e-03  1.76342e+00  1.87417e-02  2.44946e+00  2.66588e+00
 1.45000e+01  5.03681e-01  7.92026e-03  1.76555e+00  1.57248e-02  2.45360e+00  2.66772e+00
 1.46000e+01  5.03883e-01  6.44169e-03  1.76742e+00  1.27841e-02  2.45725e+00  2.66936e+00
 1.47000e+01  5.04054e-01  4.99789e-03  1.76903e+00  9.91537e-03  2.46038e+00  2.67078e+00
 1.48000e+01  5.04196e-01  3.59007e-03  1.77037e+00  7.12039e-03  2.46300e+00  2.67199e+00
 1.49000e+01  5.04308e-01  2.21428e-03  1.77144e+00  4.39073e-03  2.46514e+00  2.67300e+00
 1.50000e+01  5.04390e-01  8.70376e-04  1.77225e+00  1.72560e-03  2.46671e+00  2.67375e+00
 1.51000e+01  5.04443e-01 -4.44344e-04  1.77278e+00 -8.80862e-04  2.46782e+00  2.67433e+00
 1.52000e+01  5.04466e-01 -1.73356e-03  1.77305e+00 -3.43641e-03  2.46846e+00  2.67473e+00
 1.53000e+01  5.04461e-01 -2.99975e-03  1.77308e+00 -5.94643e-03  2.46860e+00  2.67492e+00
 1.54000e+01  5.04429e-01 -4.24941e-03  1.77288e+00 -8.42419e-03  2.46836e+00  2.67499e+00
 1.55000e+01  5.04370e-01 -5.48468e-03  1.77246e+00 -1.08743e-02  2.46768e+00  2.67489e+00
 1.56000e+01  5.04287e-01 -6.71149e-03  1.77183e+00 -1.33089e-02  2.46662e+00  2.67467e+00
 1.57000e+01  5.04180e-01 -7.93272e-03  1.77101e+00 -1.57339e-02  2.46521e+00  2.67432e+00
 1.58000e+01  5.04051e-01 -9.14961e-03  1.77002e+00 -1.81521e-02  2.46345e+00  2.67383e+00
 1.59000e+01  5.03904e-01 -1.03633e-02  1.76887e+00 -2.05661e-02  2.46137e+00  2.67322e+00
 1.60000e+01  5.03738e-01 -1.15727e-02  1.76759e+00 -2.29737e-02  2.45900e+00  2.67250e+00
 1.61000e+01  5.03557e-01 -1.27793e-02  1.76618e+00 -2.53780e-02  2.45640e+00  2.67168e+00
 1.62000e+01  5.03362e-01 -1.39818e-02  1.76465e+00 -2.77769e-02  2.45356e+00  2.67078e+00
 1.63000e+01  5.03155e-01 -1.51805e-02  1.76302e+00 -3.01706e-02  2.45051e+00  2.66977e+00
 1.64000e+01  5.02938e-01 -1.63732e-02  1.76129e+00 -3.25550e-02  2.44727e+00  2.66867e+00
 1.65000e+01  5.02714e-01 -1.75564e-02  1.75950e+00 -3.49232e-02  2.44396e+00  2.66756e+00
 1.66000e+01  5.02485e-01 -1.87277e-02  1.75765e+00 -3.72703e-02  2.44053e+00  2.66639e+00
 1.67000e+01  5.02252e-01 -1.98837e-02  1.75576e+00 -3.95890e-02  2.43704e+00  2.66518e+00
 1.68000e+01  5.02018e-01 -2.10195e-02  1.75384e+00 -4.18701e-02  2.43348e+00  2.66392e+00
 1.69000e+01  5.01785e-01 -2.21307e-02  1.75194e+00 -4.41040e-02  2.42992e+00  2.66264e+00
 1.70000e+01  5.01555e-01 -2.32121e-02  1.75005e+00 -4.62802e-02  2.42645e+00  2.66140e+00
 1.71000e+01  5.01330e-01 -2.42591e-02  1.74820e+00 -4.83894e-02  2.42295e+00  2.66009e+00
 1.72000e+01  5.01112e-01 -2.52668e-02  1.74640e+00 -5.04215e-02  2.41952e+00  2.65877e+00
 1.73000e+01  5.00902e-01 -2.62276e-02  1.74467e+00 -5.23608e-02  2.41620e+00  2.65749e+00
 1.74000e+01  5.00702e-01 -2.71357e-02  1.74302e+00 -5.41953e-02  2.41300e+00  2.65623e+00
 1.75000e+01  5.00511e-01 -2.79827e-02  1.74149e+00 -5.59083e-02  2.41004e+00  2.65512e+00
 1.76000e+01  5.00331e-01 -2.87634e-02  1.74007e+00 -5.74888e-02  2.40736e+00  2.65417e+00
 1.77000e+01  5.00163e-01 -2.94741e-02  1.73876e+00 -5.89290e-02  2.40479e+00  2.65322e+00
 1.78000e+01  5.00009e-01 -3.01090e-02  1.73758e+00 -6.02170e-02  2.40240e+00  2.65232e+00
 1.79000e+01  4.99868e-01 -3.06618e-02  1.73656e+00 -6.13397e-02  2.40048e+00  2.65174e+00
 1.80000e+01  4.99742e-01 -3.11298e-02  1.73570e+00 -6.22918e-02  2.39885e+00  2.65133e+00
 1.81000e+01  4.99632e-01 -3.15162e-02  1.73493e+00 -6.30788e-02  2.39728e+00  2.65081e+00
 1.82000e+01  4.99539e-01 -3.18164e-02  1.73431e+00 -6.36916e-02  2.39591e+00  2.65033e+00
 1.83000e+01  4.99462e-01 -3.20262e-02  1.73388e+00 -6.41213e-02  2.39503e+00  2.65018e+00
 1.84000e+01  4.99403e-01 -3.21486e-02  1.73359e+00 -6.43740e-02  2.39435e+00  2.65008e+00
 1.85000e+01  4.99361e-01 -3.21873e-02  1.73342e+00 -6.44570e-02  2.39381e+00  2.64993e+00
 1.86000e+01  4.99336e-01 -3.21382e-02  1.73346e+00 -6.43618e-02  2.39379e+00  2.65015e+00
 1.87000e+01  4.99329e-01 -3.20063e-02  1.73368e+00 -6.40986e-02  2.39423e+00  2.65066e+00
 1.88000e+01  4.99340e-01 -3.18040e-02  1.73399e+00 -6.36921e-02  2.39465e+00  2.65097e+00
 1.89000e+01  4.99370e-01 -3.15316e-02  1.73442e+00 -6.31427e-02  2.39515e+00  2.65119e+00
 1.90000e+01  4.99416e-01 -3.11891e-02  1.73503e+00 -6.24512e-02  2.39619e+00  2.65179e+00
 1.91000e+01  4.99479e-01 -3.07818e-02  1.73580e+00 -6.16277e-02  2.39750e+00  2.65249e+00
 1.92000e+01  4.99558e-01 -3.03170e-02  1.73664e+00 -6.06876e-02  2.39881e+00  2.65305e+00
 1.93000e+01  4.99652e-01 -2.97931e-02  1.73763e+00 -5.96277e-02  2.40044e+00  2.65379e+00
 1.94000e+01  4.99759e-01 -2.92100e-02  1.73879e+00 -5.84482e-02  2.40253e+00  2.65484e+00
 1.95000e+01  4.99879e-01 -2.85773e-02  1.74006e+00 -5.71683e-02  2.40482e+00  2.65598e+00
 1.96000e+01  5.00012e-01 -2.78993e-02  1.74141e+00 -5.57973e-02  2.40726e+00  2.65715e+00
 1.97000e+01  5.00156e-01 -2.71795e-02  1.74289e+00 -5.43420e-02  2.40999e+00  2.65849e+00
 1.98000e+01  5.00313e-01 -2.64263e-02  1.74444e+00 -5.28196e-02  2.41282e+00  2.65980e+00
 1.99000e+01  5.00479e-01 -2.56474e-02  1.74603e+00 -5.12456e-02  2.41566e+00  2.66103e+00
 2.00000e+01  5.00656e-01 -2.48426e-02  1.74770e+00 -4.96201e-02  2.41870e+00  2.66237e+00
 2.01000e+01  5.00840e-01 -2.40175e-02  1.74943e+00 -4.79544e-02  2.42185e+00  2.66373e+00
 2.02000e+01  5.01031e-01 -2.31800e-02  1.75117e+00 -4.62646e-02  2.42489e+00  2.66491e+00
 2.03000e+01  5.01228e-01 -2.23282e-02  1.75294e+00 -4.45470e-02  2.42805e+00  2.66616e+00
 2.04000e+01  5.01427e-01 -2.14624e-02  1.75478e+00 -4.28027e-02  2.43144e+00  2.66760e+00
 2.05000e+01  5.01628e-01 -2.05910e-02  1.75662e+00 -4.10485e-02  2.43486e+00  2.66906e+00
 2.06000e+01  5.01829e-01 -1.97185e-02  1.75844e+00 -3.92932e-02  2.43818e+00  2.67040e+00
 2.07000e+01  5.02029e-01 -1.88474e-02  1.76025e+00 -3.75424e-02  2.44145e+00  2.67171e+00
 2.08000e+01  5.02226e-01 -1.79793e-02  1.76205e+00 -3.57993e-02  2.44478e+00  2.67310e+00
 2.09000e+01  5.02419e-01 -1.71162e-02  1.76383e+00 -3.40676e-02  2.44805e+00  2.67447e+00
 2.10000e+01  5.02606e-01 -1.62630e-02  1.76557e+00 -3.23573e-02  2.45132e+00  2.67589e+00
 2.11000e+01  5.02788e-01 -1.54205e-02  1.76727e+00 -3.06699e-02  2.45454e+00  2.67731e+00
 2.12000e+01  5.02962e-01 -1.45959e-02  1.76890e+00 -2.90199e-02  2.45764e+00  2.67869e+00
 2.13000e+01  5.03128e-01 -1.37908e-02  1.77047e+00 -2.74102e-02  2.46062e+00  2.68001e+00
 2.14000e+01  5.03286e-01 -1.30064e-02  1.77199e+00 -2.58430e-02  2.46347e+00  2.68128e+00
 2.15000e+01  5.03436e-01 -1.22475e-02  1.77343e+00 -2.43278e-02  2.46633e+00  2.68265e+00
 2.16000e+01  5.03577e-01 -1.15164e-02  1.77480e+00 -2.28692e-02  2.46902e+00  2.68394e+00
 2.17000e+01  5.03710e-01 -1.08217e-02  1.77609e+00 -2.14840e-02  2.47149e+00  2.68507e+00
 2.18000e+01  5.03834e-01 -1.01634e-02  1.77729e+00 -2.01721e-02  2.47377e+00  2.68610e+00
 2.19000e+01  5.03950e-01 -9.54202e-03  1.77841e+00 -1.89345e-02  2.47591e+00  2.68708e+00
 2.20000e+01  5.04056e-01 -8.95954e-03  1.77946e+00 -1.77749e-02  2.47787e+00  2.68797e+00
 2.21000e+01  5.04153e-01 -8.41556e-03  1.78042e+00 -1.66925e-02  2.47970e+00  2.68883e+00
 2.22000e+01  5.04240e-01 -7.90892e-03  1.78130e+00 -1.56848e-02  2.48139e+00  2.68964e+00
 2.23000e+01  5.04318e-01 -7.44204e-03  1.78211e+00 -1.47567e-02  2.48296e+00  2.69042e+00
 2.24000e+01  5.04386e-01 -7.01862e-03  1.78284e+00 -1.39152e-02  2.48435e+00  2.69113e+00
 2.25000e+01  5.04444e-01 -6.63809e-03  1.78350e+00 -1.31592e-02  2.48551e+00  2.69170e+00
 2.26000e+01  5.04493e-01 -6.30426e-03  1.78407e+00 -1.24962e-02  2.48655e+00  2.69225e+00
 2.27000e+01  5.04531e-01 -6.01345e-03  1.78458e+00 -1.19189e-02  2.48743e+00  2.69273e+00
 2.28000e+01  5.04560e-01 -5.76996e-03  1.78501e+00 -1.14356e-02  2.48819e+00  2.69320e+00
 2.29000e+01  5.04578e-01 -5.57746e-03  1.78536e+00 -1.10537e-02  2.48877e+00  2.69359e+00
 2.30000e+01  5.04586e-01 -5.43665e-03  1.78563e+00 -1.07745e-02  2.48914e+00  2.69387e+00
 2.31000e+01  5.04584e-01 -5.35425e-03  1.78580e+00 -1.06112e-02  2.48938e+00  2.69413e+00
 2.32000e+01  5.04572e-01 -5.32712e-03  1.78588e+00 -1.05577e-02  2.48937e+00  2.69423e+00
 2.33000e+01  5.04549e-01 -5.35786e-03  1.78587e+00 -1.06191e-02  2.48916e+00  2.69426e+00
 2.34000e+01  5.04516e-01 -5.44230e-03  1.78575e+00 -1.07872e-02  2.48876e+00  2.69419e+00
 2.35000e+01  5.04471e-01 -5.57414e-03  1.78553e+00 -1.10495e-02  2.48822e+00  2.69410e+00
 2.36000e+01  5.04416e-01 -5.75289e-03  1.78521e+00 -1.14051e-02  2.48748e+00  2.69391e+00
 2.37000e+01  5.04350e-01 -5.97293e-03  1.78479e+00 -1.18428e-02  2.48658e+00  2.69368e+00
 2.38000e+01  5.04273e-01 -6.23378e-03  1.78428e+00 -1.23619e-02  2.48553e+00  2.69340e+00
 2.39000e+01  5.04186e-01 -6.53246e-03  1.78369e+00 -1.29564e-02  2.48429e+00  2.69302e+00
 2.40000e+01  5.04089e-01 -6.86597e-03  1.78301e+00 -1.36206e-02  2.48292e+00  2.69262e+00
 2.41000e+01  5.03984e-01 -7.23570e-03  1.78225e+00 -1.43570e-02  2.48133e+00  2.69208e+00
 2.42000e+01  5.03870e-01 -7.63601e-03  1.78143e+00 -1.51547e-02  2.47966e+00  2.69155e+00
 2.43000e+01  5.03747e-01 -8.06225e-03  1.78054e+00 -1.60046e-02  2.47787e+00  2.69099e+00
 2.44000e+01  5.03617e-01 -8.51337e-03  1.77959e+00 -1.69044e-02  2.47598e+00  2.69040e+00
 2.45000e+01  5.03481e-01 -8.98307e-03  1.77860e+00 -1.78419e-02  2.47401e+00  2.68979e+00
 2.46000e+01  5.03339e-01 -9.47146e-03  1.77756e+00 -1.88172e-02  2.47194e+00  2.68913e+00
 2.47000e+01  5.03193e-01 -9.97395e-03  1.77647e+00 -1.98213e-02  2.46979e+00  2.68844e+00
 2.48000e+01  5.03042e-01 -1.04831e-02  1.77536e+00 -2.08394e-02  2.46753e+00  2.68767e+00
 2.49000e+01  5.02889e-01 -1.09992e-02  1.77421e+00 -2.18720e-02  2.46525e+00  2.68692e+00
 2.50000e+01  5.02733e-01 -1.15156e-02  1.77304e+00 -2.29060e-02  2.46289e+00  2.68611e+00
 2.51000e+01  5.02576e-01 -1.20286e-02  1.77186e+00 -2.39339e-02  2.46056e+00  2.68533e+00
 2.52000e+01  5.02418e-01 -1.25363e-02  1.77067e+00 -2.49520e-02  2.45821e+00  2.68454e+00
 2.53000e+01  5.02261e-01 -1.30355e-02  1.76948e+00 -2.59535e-02  2.45582e+00  2.68371e+00
 2.54000e+01  5.02104e-01 -1.35242e-02  1.76830e+00 -2.69350e-02  2.45356e+00  2.68299e+00
 2.55000e+01  5.01951e-01 -1.40021e-02  1.76715e+00 -2.78954e-02  2.45125e+00  2.68219e+00
 2.56000e+01  5.01800e-01 -1.44680e-02  1.76602e+00 -2.88323e-02  2.44899e+00  2.68142e+00
 2.57000e+01  5.01653e-01 -1.49211e-02  1.76493e+00 -2.97440e-02  2.44679e+00  2.68066e+00
 2.58000e+01  5.01510e-01 -1.53636e-02  1.76387e+00 -3.06346e-02  2.44458e+00  2.67986e+00
 2.59000e+01  5.01372e-01 -1.57920e-02  1.76286e+00 -3.14976e-02  2.44250e+00  2.67912e+00
 2.60000e+01  5.01239e-01 -1.62065e-02  1.76191e+00 -3.23328e-02  2.44054e+00  2.67847e+00
 2.61000e+01  5.01112e-01 -1.66068e-02  1.76102e+00 -3.31398e-02  2.43871e+00  2.67788e+00
 2.62000e+01  5.00990e-01 -1.69948e-02  1.76018e+00 -3.39224e-02  2.43700e+00  2.67736e+00
 2.63000e+01  5.00876e-01 -1.73724e-02  1.75938e+00 -3.46842e-02  2.43533e+00  2.67681e+00
 2.64000e+01  5.00768e-01 -1.77366e-02  1.75863e+00 -3.54188e-02  2.43375e+00  2.67629e+00
 2.65000e+01  5.00667e-01 -1.80859e-02  1.75795e+00 -3.61236e-02  2.43230e+00  2.67582e+00
 2.66000e+01  5.00573e-01 -1.84184e-02  1.75733e+00 -3.67946e-02  2.43092e+00  2.67535e+00
 2.67000e+01  5.00487e-01 -1.87334e-02  1.75674e+00 -3.74304e-02  2.42965e+00  2.67491e+00
 2.68000e+01  5.00409e-01 -1.90267e-02  1.75621e+00 -3.80224e-02  2.42845e+00  2.67449e+00
 2.69000e+01  5.00337e-01 -1.92954e-02  1.75574e+00 -3.85647e-02  2.42740e+00  2.67413e+00
 2.70000e+01  5.00272e-01 -1.95369e-02  1.75532e+00 -3.90526e-02  2.42645e+00  2.67381e+00
 2.71000e+01  5.00214e-01 -1.97503e-02  1.75494e+00 -3.94837e-02  2.42557e+00  2.67349e+00
 2.72000e+01  5.00163e-01 -1.99333e-02  1.75459e+00 -3.98537e-02  2.42471e+00  2.67313e+00
 2.73000e+01  5.00117e-01 -2.00783e-02  1.75429e+00 -4.01472e-02  2.42393e+00  2.67279e+00
 2.74000e+01  5.00077e-01 -2.01809e-02  1.75407e+00 -4.03555e-02  2.42342e+00  2.67267e+00
 2.75000e+01  5.00042e-01 -2.02399e-02  1.75391e+00 -4.04763e-02  2.42305e+00  2.67264e+00
 2.76000e+01  5.00013e-01 -2.02563e-02  1.75380e+00 -4.05115e-02  2.42276e+00  2.67263e+00
 2.77000e+01  4.99990e-01 -2.02282e-02  1.75375e+00 -4.04573e-02  2.42256e+00  2.67266e+00
 2.78000e+01  4.99972e-01 -2.01552e-02  1.75378e+00 -4.03127e-02  2.42261e+00  2.67289e+00
 2.79000e+01  4.99960e-01 -2.00390e-02  1.75389e+00 -4.00813e-02  2.42294e+00  2.67332e+00
 2.80000e+01  4.99957e-01 -1.98871e-02  1.75405e+00 -3.97777e-02  2.42328e+00  2.67370e+00
 2.81000e+01  4.99962e-01 -1.97037e-02  1.75426e+00 -3.94105e-02  2.42363e+00  2.67400e+00
 2.82000e+01  4.99976e-01 -1.94852e-02  1.75453e+00 -3.89722e-02  2.42406e+00  2.67429e+00
 2.83000e+01  4.99999e-01 -1.92336e-02  1.75489e+00 -3.84673e-02  2.42471e+00  2.67472e+00
 2.84000e+01  5.00032e-01 -1.89473e-02  1.75532e+00 -3.78922e-02  2.42546e+00  2.67515e+00
 2.85000e+01  5.00073e-01 -1.86287e-02  1.75582e+00 -3.72519e-02  2.42628e+00  2.67557e+00
 2.86000e+01  5.00123e-01 -1.82787e-02  1.75638e+00 -3.65484e-02  2.42720e+00  2.67600e+00
 2.87000e+01  5.00181e-01 -1.78955e-02  1.75700e+00 -3.57781e-02  2.42812e+00  2.67636e+00
 2.88000e+01  5.00246e-01 -1.74803e-02  1.75769e+00 -3.49435e-02  2.42924e+00  2.67686e+00
 2.89000e+01  5.00316e-01 -1.70300e-02  1.75847e+00 -3.40385e-02  2.43065e+00  2.67758e+00
 2.90000e+01  5.00391e-01 -1.65545e-02  1.75930e+00 -3.30832e-02  2.43218e+00  2.67838e+00
 2.91000e+01  5.00472e-01 -1.60620e-02  1.76017e+00 -3.20937e-02  2.43374e+00  2.67915e+00
 2.92000e+01  5.00557e-01 -1.55572e-02  1.76108e+00 -3.10798e-02  2.43537e+00  2.67994e+00
 2.93000e+01  5.00647e-01 -1.50484e-02  1.76202e+00 -3.00578e-02  2.43705e+00  2.68075e+00
 2.94000e+01  5.00742e-01 -1.45375e-02  1.76301e+00 -2.90319e-02  2.43880e+00  2.68157e+00
 2.95000e+01  5.00839e-01 -1.40307e-02  1.76402e+00 -2.80145e-02  2.44058e+00  2.68240e+00
 2.96000e+01  5.00939e-01 -1.35314e-02  1.76505e+00 -2.70122e-02  2.44238e+00  2.68323e+00
 2.97000e+01  5.01040e-01 -1.30399e-02  1.76609e+00 -2.60256e-02  2.44421e+00  2.68406e+00
 2.98000e+01  5.01143e-01 -1.25598e-02  1.76714e+00 -2.50624e-02  2.44600e+00  2.68484e+00
 2.99000e+01  5.01245e-01 -1.20900e-02  1.76818e+00 -2.41200e-02  2.44776e+00  2.68561e+00
 3.00000e+01  5.01345e-01 -1.16296e-02  1.76921e+00 -2.31967e-02  2.44952e+00  2.68638e+00
 3.01000e+01  5.01442e-01 -1.11787e-02  1.77022e+00 -2.22931e-02  2.45132e+00  2.68721e+00
 3.02000e+01  5.01536e-01 -1.07383e-02  1.77120e+00 -2.14108e-02  2.45306e+00  2.68803e+00
 3.03000e+01  5.01626e-01 -1.03134e-02  1.77212e+00 -2.05599e-02  2.45468e+00  2.68877e+00
 3.04000e+01  5.01711e-01 -9.90316e-03  1.77300e+00 -1.97388e-02  2.45623e+00  2.68947e+00
 3.05000e+01  5.01790e-01 -9.51028e-03  1.77382e+00 -1.89527e-02  2.45767e+00  2.69013e+00
 3.06000e+01  5.01863e-01 -9.13968e-03  1.77457e+00 -1.82115e-02  2.45900e+00  2.69074e+00
 3.07000e+01  5.01929e-01 -8.78866e-03  1.77526e+00 -1.75098e-02  2.46019e+00  2.69128e+00
 3.08000e+01  5.01987e-01 -8.46135e-03  1.77589e+00 -1.68557e-02  2.46132e+00  2.69183e+00
 3.09000e+01  5.02038e-01 -8.15855e-03  1.77645e+00 -1.62509e-02  2.46234e+00  2.69235e+00
 3.10000e+01  5.02080e-01 -7.87921e-03  1.77694e+00 -1.56931e-02  2.46322e+00  2.69281e+00
 3.11000e+01  5.02115e-01 -7.62469e-03  1.77736e+00 -1.51852e-02  2.46403e+00  2.69327e+00
 3.12000e+01  5.02141e-01 -7.39156e-03  1.77773e+00 -1.47201e-02  2.46470e+00  2.69368e+00
 3.13000e+01  5.02160e-01 -7.17930e-03  1.77804e+00 -1.42968e-02  2.46530e+00  2.69409e+00
 3.14000e+01  5.02172e-01 -6.98826e-03  1.77828e+00 -1.39161e-02  2.46582e+00  2.69449e+00
 3.15000e+01  5.02177e-01 -6.81823e-03  1.77848e+00 -1.35773e-02  2.46621e+00  2.69482e+00
 3.16000e+01  5.02176e-01 -6.67004e-03  1.77861e+00 -1.32823e-02  2.46649e+00  2.69510e+00
 3.17000e+01  5.02170e-01 -6.54618e-03  1.77869e+00 -1.30358e-02  2.46668e+00  2.69536e+00
 3.18000e+01  5.02160e-01 -6.44608e-03  1.77872e+00 -1.28367e-02  2.46670e+00  2.69548e+00
 3.19000e+01  5.02145e-01 -6.36868e-03  1.77870e+00 -1.26830e-02  2.46662e+00  2.69555e+00
 3.20000e+01  5.02126e-01 -6.31270e-03  1.77863e+00 -1.25720e-02  2.46646e+00  2.69558e+00
 3.21000e+01  5.02103e-01 -6.27379e-03  1.77852e+00 -1.24950e-02  2.46620e+00  2.69554e+00
 3.22000e+01  5.02076e-01 -6.25188e-03  1.77837e+00 -1.24521e-02  2.46594e+00  2.69554e+00
 3.23000e+01  5.02046e-01 -6.24531e-03  1.77820e+00 -1.24397e-02  2.46558e+00  2.69548e+00
 3.24000e+01  5.02013e-01 -6.25458e-03  1.77801e+00 -1.24590e-02  2.46520e+00  2.69543e+00
 3.25000e+01  5.01978e-01 -6.28233e-03  1.77780e+00 -1.25151e-02  2.46479e+00  2.69536e+00
 3.26000e+01  5.01941e-01 -6.32731e-03  1.77757e+00 -1.26057e-02  2.46430e+00  2.69524e+00
 3.27000e+01  5.01901e-01 -6.39070e-03  1.77734e+00 -1.27330e-02  2.46381e+00  2.69514e+00
 3.28000e+01  5.01860e-01 -6.47154e-03  1.77711e+00 -1.28951e-02  2.46327e+00  2.69500e+00
 3.29000e+01  5.01818e-01 -6.56741e-03  1.77688e+00 -1.30872e-02  2.46270e+00  2.69486e+00
 3.30000e+01  5.01774e-01 -6.67869e-03  1.77664e+00 -1.33102e-02  2.46218e+00  2.69478e+00
 3.31000e+01  5.01728e-01 -6.80429e-03  1.77640e+00 -1.35617e-02  2.46163e+00  2.69467e+00
 3.32000e+01  5.01681e-01 -6.94312e-03  1.77616e+00 -1.38397e-02  2.46103e+00  2.69453e+00
 3.33000e+01  5.01634e-01 -7.09538e-03  1.77592e+00 -1.41446e-02  2.46046e+00  2.69443e+00
 3.34000e+01  5.01585e-01 -7.26063e-03  1.77566e+00 -1.44754e-02  2.45979e+00  2.69424e+00
 3.35000e+01  5.01535e-01 -7.43758e-03  1.77538e+00 -1.48296e-02  2.45906e+00  2.69401e+00
 3.36000e+01  5.01483e-01 -7.62271e-03  1.77509e+00 -1.52003e-02  2.45832e+00  2.69378e+00
 3.37000e+01  5.01429e-01 -7.81421e-03  1.77477e+00 -1.55839e-02  2.45752e+00  2.69351e+00
 3.38000e+01  5.01373e-01 -8.00930e-03  1.77444e+00 -1.59747e-02  2.45673e+00  2.69327e+00
 3.39000e+01  5.01314e-01 -8.20556e-03  1.77408e+00 -1.63681e-02  2.45589e+00  2.69301e+00
 3.40000e+01  5.01253e-01 -8.40304e-03  1.77371e+00 -1.67641e-02  2.45506e+00  2.69278e+00
 3.41000e+01  5.01190e-01 -8.59863e-03  1.77331e+00 -1.71564e-02  2.45418e+00  2.69253e+00
 3.42000e+01  5.01123e-01 -8.79249e-03  1.77290e+00 -1.75455e-02  2.45328e+00  2.69228e+00
 3.43000e+01  5.01055e-01 -8.98352e-03  1.77248e+00 -1.79292e-02  2.45231e+00  2.69198e+00
 3.44000e+01  5.00984e-01 -9.16858e-03  1.77205e+00 -1.83011e-02  2.45132e+00  2.69168e+00
 3.45000e+01  5.00911e-01 -9.34599e-03  1.77161e+00 -1.86580e-02  2.45039e+00  2.69147e+00
 3.46000e+01  5.00836e-01 -9.51413e-03  1.77117e+00 -1.89965e-02  2.44945e+00  2.69127e+00
 3.47000e+01  5.00760e-01 -9.67394e-03  1.77073e+00 -1.93185e-02  2.44856e+00  2.69113e+00
 3.48000e+01  5.00683e-01 -9.82545e-03  1.77029e+00 -1.96241e-02  2.44769e+00  2.69101e+00
 3.49000e+01  5.00607e-01 -9.96895e-03  1.76984e+00 -1.99137e-02  2.44683e+00  2.69090e+00
 3.50000e+01  5.00531e-01 -1.01055e-02  1.76940e+00 -2.01895e-02  2.44593e+00  2.69073e+00
 3.51000e+01  5.00458e-01 -1.02342e-02  1.76896e+00 -2.04496e-02  2.44502e+00  2.69055e+00
 3.52000e+01  5.00388e-01 -1.03531e-02  1.76852e+00 -2.06901e-02  2.44419e+00  2.69040e+00
 3.53000e+01  5.00321e-01 -1.04636e-02  1.76810e+00 -2.09138e-02  2.44333e+00  2.69019e+00
 3.54000e+01  5.00259e-01 -1.05637e-02  1.76768e+00 -2.11164e-02  2.44255e+00  2.69002e+00
 3.55000e+01  5.00201e-01 -1.06521e-02  1.76729e+00 -2.12956e-02  2.44180e+00  2.68983e+00
 3.56000e+01  5.00149e-01 -1.07311e-02  1.76693e+00 -2.14559e-02  2.44111e+00  2.68966e+00
 3.57000e+01  5.00103e-01 -1.07986e-02  1.76660e+00 -2.15927e-02  2.44049e+00  2.68949e+00
 3.58000e+01  5.00064e-01 -1.08544e-02  1.76631e+00 -2.17060e-02  2.43987e+00  2.68924e+00
 3.59000e+01  5.00031e-01 -1.08962e-02  1.76607e+00 -2.17911e-02  2.43935e+00  2.68904e+00
 3.60000e+01  5.00005e-01 -1.09223e-02  1.76588e+00 -2.18444e-02  2.43890e+00  2.68885e+00
 3.61000e+01  4.99985e-01 -1.09288e-02  1.76576e+00 -2.18583e-02  2.43861e+00  2.68875e+00
 3.62000e+01  4.99971e-01 -1.09143e-02  1.76572e+00 -2.18299e-02  2.43850e+00  2.68879e+00
 3.63000e+01  4.99963e-01 -1.08826e-02  1.76572e+00 -2.17669e-02  2.43850e+00  2.68886e+00
 3.64000e+01  4.99962e-01 -1.08333e-02  1.76579e+00 -2.16683e-02  2.43864e+00  2.68901e+00
 3.65000e+01  4.99968e-01 -1.07696e-02  1.76592e+00 -2.15405e-02  2.43886e+00  2.68918e+00
 3.66000e+01  4.99980e-01 -1.06924e-02  1.76610e+00 -2.13857e-02  2.43910e+00  2.68929e+00
 3.67000e+01  4.99999e-01 -1.06033e-02  1.76631e+00 -2.12066e-02  2.43937e+00  2.68938e+00
 3.68000e+01  5.00024e-01 -1.05008e-02  1.76657e+00 -2.10006e-02  2.43969e+00  2.68946e+00
 3.69000e+01  5.00053e-01 -1.03832e-02  1.76686e+00 -2.07643e-02  2.44003e+00  2.68951e+00
 3.70000e+01  5.00086e-01 -1.02508e-02  1.76717e+00 -2.04980e-02  2.44044e+00  2.68960e+00
 3.71000e+01  5.00121e-01 -1.01008e-02  1.76749e+00 -2.01966e-02  2.44089e+00  2.68971e+00
 3.72000e+01  5.00158e-01 -9.93612e-03  1.76783e+00 -1.98660e-02  2.44140e+00  2.68986e+00
 3.73000e+01  5.00195e-01 -9.75539e-03  1.76817e+00 -1.95032e-02  2.44195e+00  2.69004e+00
 3.74000e+01  5.00232e-01 -9.56226e-03  1.76851e+00 -1.91157e-02  2.44249e+00  2.69023e+00
 3.75000e+01  5.00267e-01 -9.35862e-03  1.76885e+00 -1.87072e-02  2.44306e+00  2.69045e+00
 3.76000e+01  5.00301e-01 -9.14420e-03  1.76919e+00 -1.82774e-02  2.44356e+00  2.69062e+00
 3.77000e+01  5.00332e-01 -8.92298e-03  1.76953e+00 -1.78341e-02  2.44405e+00  2.69081e+00
 3.78000e+01  5.00360e-01 -8.69022e-03  1.76987e+00 -1.73679e-02  2.44458e+00  2.69106e+00
 3.79000e+01  5.00385e-01 -8.44950e-03  1.77020e+00 -1.68860e-02  2.44511e+00  2.69135e+00
 3.80000e+01  5.00405e-01 -8.20104e-03  1.77053e+00 -1.63888e-02  2.44568e+00  2.69173e+00
 3.81000e+01  5.00421e-01 -7.94610e-03  1.77085e+00 -1.58788e-02  2.44628e+00  2.69217e+00
 3.82000e+01  5.00433e-01 -7.69326e-03  1.77116e+00 -1.53732e-02  2.44686e+00  2.69262e+00
 3.83000e+01  5.00443e-01 -7.44308e-03  1.77145e+00 -1.48730e-02  2.44742e+00  2.69309e+00
 3.84000e+01  5.00450e-01 -7.20209e-03  1.77172e+00 -1.43912e-02  2.44792e+00  2.69352e+00
 3.85000e+01  5.00455e-01 -6.97129e-03  1.77198e+00 -1.39299e-02  2.44838e+00  2.69393e+00
 3.86000e+01  5.00460e-01 -6.75022e-03  1.77222e+00 -1.34880e-02  2.44883e+00  2.69433e+00
 3.87000e+01  5.00463e-01 -6.54492e-03  1.77244e+00 -1.30777e-02  2.44922e+00  2.69468e+00
 3.88000e+01  5.00467e-01 -6.35204e-03  1.77265e+00 -1.26922e-02  2.44957e+00  2.69500e+00
 3.89000e+01  5.00470e-01 -6.17312e-03  1.77286e+00 -1.23346e-02  2.44991e+00  2.69531e+00
 3.90000e+01  5.00474e-01 -6.01016e-03  1.77306e+00 -1.20089e-02  2.45028e+00  2.69563e+00
 3.91000e+01  5.00479e-01 -5.86039e-03  1.77327e+00 -1.17096e-02  2.45063e+00  2.69593e+00
 3.92000e+01  5.00485e-01 -5.72646e-03  1.77348e+00 -1.14418e-02  2.45098e+00  2.69622e+00
 3.93000e+01  5.00493e-01 -5.60357e-03  1.77370e+00 -1.11961e-02  2.45137e+00  2.69655e+00
 3.94000e+01  5.00502e-01 -5.48975e-03  1.77395e+00 -1.09685e-02  2.45174e+00  2.69683e+00
 3.95000e+01  5.00512e-01 -5.38412e-03  1.77421e+00 -1.07572e-02  2.45215e+00  2.69713e+00
 3.96000e+01  5.00524e-01 -5.28002e-03  1.77448e+00 -1.05490e-02  2.45259e+00  2.69745e+00
 3.97000e+01  5.00538e-01 -5.17996e-03  1.77477e+00 -1.03488e-02  2.45302e+00  2.69775e+00
 3.98000e+01  5.00554e-01 -5.08121e-03  1.77506e+00 -1.01512e-02  2.45349e+00  2.69806e+00
 3.99000e+01  5.00570e-01 -4.98069e-03  1.77535e+00 -9.95002e-03  2.45393e+00  2.69834e+00
 4.00000e+01  5.00588e-01 -4.88073e-03  1.77563e+00 -9.74999e-03  2.45441e+00  2.69865e+00
 4.01000e+01  5.00607e-01 -4.77885e-03  1.77589e+00 -9.54611e-03  2.45488e+00  2.69892e+00
 4.02000e+01  5.00627e-01 -4.67772e-03  1.77614e+00 -9.34371e-03  2.45527e+00  2.69912e+00
 4.03000e+01  5.00649e-01 -4.58074e-03  1.77636e+00 -9.14961e-03  2.45564e+00  2.69928e+00
 4.04000e+01  5.00670e-01 -4.48801e-03  1.77656e+00 -8.96400e-03  2.45585e+00  2.69928e+00
 4.05000e+01  5.00692e-01 -4.39979e-03  1.77672e+00 -8.78743e-03  2.45604e+00  2.69925e+00
 4.06000e+01  5.00711e-01 -4.31617e-03  1.77684e+00 -8.62007e-03  2.45619e+00  2.69920e+00
 4.07000e+01  5.00729e-01 -4.23627e-03  1.77693e+00 -8.46019e-03  2.45626e+00  2.69910e+00
 4.08000e+01  5.00744e-01 -4.15815e-03  1.77699e+00 -8.30395e-03  2.45638e+00  2.69908e+00
 4.09000e+01  5.00755e-01 -4.08226e-03  1.77701e+00 -8.15222e-03  2.45640e+00  2.69899e+00
 4.10000e+01  5.00763e-01 -4.00783e-03  1.77700e+00 -8.00344e-03  2.45639e+00  2.69891e+00
 4.11000e+01  5.00767e-01 -3.93601e-03  1.77697e+00 -7.85997e-03  2.45639e+00  2.69887e+00
 4.12000e+01  5.00766e-01 -3.87129e-03  1.77691e+00 -7.73074e-03  2.45624e+00  2.69873e+00
 4.13000e+01  5.00762e-01 -3.81496e-03  1.77682e+00 -7.61832e-03  2.45610e+00  2.69863e+00
 4.14000e+01  5.00753e-01 -3.76891e-03  1.77671e+00 -7.52649e-03  2.45590e+00  2.69851e+00
 4.15000e+01  5.00740e-01 -3.73516e-03  1.77657e+00 -7.45929e-03  2.45560e+00  2.69834e+00
 4.16000e+01  5.00723e-01 -3.71184e-03  1.77641e+00 -7.41297e-03  2.45532e+00  2.69823e+00
 4.17000e+01  5.00701e-01 -3.69808e-03  1.77622e+00 -7.38581e-03  2.45496e+00  2.69809e+00
 4.18000e+01  5.00675e-01 -3.69572e-03  1.77600e+00 -7.38146e-03  2.45459e+00  2.69797e+00
 4.19000e+01  5.00646e-01 -3.70385e-03  1.77576e+00 -7.39816e-03  2.45419e+00  2.69786e+00
 4.20000e+01  5.00613e-01 -3.72311e-03  1.77549e+00 -7.43710e-03  2.45371e+00  2.69771e+00
 4.21000e+01  5.00577e-01 -3.75597e-03  1.77521e+00 -7.50327e-03  2.45326e+00  2.69760e+00
 4.22000e+01  5.00540e-01 -3.79975e-03  1.77491e+00 -7.59130e-03  2.45279e+00  2.69750e+00
 4.23000e+01  5.00501e-01 -3.85470e-03  1.77461e+00 -7.70168e-03  2.45226e+00  2.69735e+00
 4.24000e+01  5.00462e-01 -3.91847e-03  1.77432e+00 -7.82970e-03  2.45176e+00  2.69723e+00
 4.25000e+01  5.00423e-01 -3.98530e-03  1.77404e+00 -7.96387e-03  2.45127e+00  2.69713e+00
 4.26000e+01  5.00384e-01 -4.05604e-03  1.77379e+00 -8.10585e-03  2.45078e+00  2.69701e+00
 4.27000e+01  5.00347e-01 -4.12504e-03  1.77358e+00 -8.24435e-03  2.45030e+00  2.69691e+00
 4.28000e+01  5.00311e-01 -4.18875e-03  1.77340e+00 -8.37229e-03  2.44991e+00  2.69687e+00
 4.29000e+01  5.00277e-01 -4.24840e-03  1.77326e+00 -8.49211e-03  2.44955e+00  2.69685e+00
 4.30000e+01  5.00244e-01 -4.29854e-03  1.77317e+00 -8.59288e-03  2.44926e+00  2.69687e+00
 4.31000e+01  5.00213e-01 -4.33979e-03  1.77311e+00 -8.67588e-03  2.44905e+00  2.69697e+00
 4.32000e+01  5.00184e-01 -4.37318e-03  1.77308e+00 -8.74313e-03  2.44890e+00  2.69709e+00
 4.33000e+01  5.00158e-01 -4.39660e-03  1.77309e+00 -8.79042e-03  2.44880e+00  2.69726e+00
 4.34000e+01  5.00134e-01 -4.41364e-03  1.77312e+00 -8.82492e-03  2.44872e+00  2.69741e+00
 4.35000e+01  5.00113e-01 -4.42650e-03  1.77316e+00 -8.85100e-03  2.44864e+00  2.69754e+00
 4.36000e+01  5.00095e-01 -4.43448e-03  1.77322e+00 -8.86728e-03  2.44859e+00  2.69766e+00
 4.37000e+01  5.00079e-01 -4.43874e-03  1.77328e+00 -8.87609e-03  2.44853e+00  2.69775e+00
 4.38000e+01  5.00065e-01 -4.43833e-03  1.77334e+00 -8.87550e-03  2.44843e+00  2.69779e+00
 4.39000e+01  5.00054e-01 -4.42853e-03  1.77340e+00 -8.85610e-03  2.44837e+00  2.69785e+00
 4.40000e+01  5.00043e-01 -4.40931e-03  1.77346e+00 -8.81786e-03  2.44833e+00  2.69791e+00
 4.41000e+01  5.00033e-01 -4.38101e-03  1.77351e+00 -8.76145e-03  2.44829e+00  2.69796e+00
 4.42000e+01  5.00024e-01 -4.34125e-03  1.77356e+00 -8.68208e-03  2.44829e+00  2.69805e+00
 4.43000e+01  5.00015e-01 -4.29216e-03  1.77361e+00 -8.58407e-03  2.44829e+00  2.69814e+00
 4.44000e+01  5.00006e-01 -4.23482e-03  1.77365e+00 -8.46954e-03  2.44828e+00  2.69822e+00
 4.45000e+01  4.99998e-01 -4.16853e-03  1.77367e+00 -8.33709e-03  2.44826e+00  2.69828e+00
 4.46000e+01  4.99990e-01 -4.09355e-03  1.77369e+00 -8.18727e-03  2.44824e+00  2.69834e+00
 4.47000e+01  4.99982e-01 -4.00858e-03  1.77370e+00 -8.01745e-03  2.44820e+00  2.69838e+00
 4.48000e+01  4.99974e-01 -3.91345e-03  1.77369e+00 -7.82730e-03  2.44813e+00  2.69838e+00
 4.49000e+01  4.99967e-01 -3.80901e-03  1.77365e+00 -7.61852e-03  2.44807e+00  2.69839e+00
 4.50000e+01  4.99960e-01 -3.69489e-03  1.77360e+00 -7.39038e-03  2.44797e+00  2.69836e+00
 4.51000e+01  4.99953e-01 -3.57328e-03  1.77352e+00 -7.14723e-03  2.44789e+00  2.69834e+00
 4.52000e+01  4.99947e-01 -3.44843e-03  1.77342e+00 -6.89758e-03  2.44777e+00  2.69828e+00
 4.53000e+01  4.99943e-01 -3.32202e-03  1.77330e+00 -6.64480e-03  2.44763e+00  2.69820e+00
 4.54000e+01  4.99939e-01 -3.19623e-03  1.77316e+00 -6.39324e-03  2.44747e+00  2.69807e+00
 4.55000e+01  4.99937e-01 -3.07370e-03  1.77301e+00 -6.14818e-03  2.44724e+00  2.69786e+00
 4.56000e+01  4.99937e-01 -2.95591e-03  1.77286e+00 -5.91257e-03  2.44707e+00  2.69769e+00
 4.57000e+01  4.99938e-01 -2.84384e-03  1.77271e+00 -5.68838e-03  2.44685e+00  2.69745e+00
 4.58000e+01  4.99941e-01 -2.73881e-03  1.77256e+00 -5.47826e-03  2.44665e+00  2.69723e+00
 4.59000e+01  4.99945e-01 -2.64080e-03  1.77243e+00 -5.28217e-03  2.44650e+00  2.69704e+00
 4.60000e+01  4.99951e-01 -2.54816e-03  1.77232e+00 -5.09682e-03  2.44633e+00  2.69681e+00
 4.61000e+01  4.99958e-01 -2.46314e-03  1.77224e+00 -4.92670e-03  2.44625e+00  2.69667e+00
 4.62000e+01  4.99966e-01 -2.38421e-03  1.77219e+00 -4.76875e-03  2.44619e+00  2.69652e+00
 4.63000e+01  4.99975e-01 -2.31109e-03  1.77217e+00 -4.62242e-03  2.44618e+00  2.69643e+00
 4.64000e+01  4.99984e-01 -2.24610e-03  1.77219e+00 -4.49235e-03  2.44626e+00  2.69642e+00
 4.65000e+01  4.99994e-01 -2.18451e-03  1.77224e+00 -4.36908e-03  2.44638e+00  2.69644e+00
 4.66000e+01  5.00005e-01 -2.12727e-03  1.77233e+00 -4.25450e-03  2.44662e+00  2.69657e+00
 4.67000e+01  5.00016e-01 -2.07149e-03  1.77246e+00 -4.14285e-03  2.44688e+00  2.69673e+00
 4.68000e+01  5.00028e-01 -2.01282e-03  1.77263e+00 -4.02542e-03  2.44721e+00  2.69693e+00
 4.69000e+01  5.00042e-01 -1.95333e-03  1.77282e+00 -3.90632e-03  2.44758e+00  2.69717e+00
 4.70000e+01  5.00057e-01 -1.88875e-03  1.77305e+00 -3.77707e-03  2.44796e+00  2.69740e+00
 4.71000e+01  5.00074e-01 -1.82079e-03  1.77330e+00 -3.64104e-03  2.44837e+00  2.69764e+00
 4.72000e+01  5.00092e-01 -1.75014e-03  1.77357e+00 -3.49965e-03  2.44876e+00  2.69786e+00
 4.73000e+01  5.00110e-01 -1.67315e-03  1.77384e+00 -3.34557e-03  2.44918e+00  2.69810e+00
 4.74000e+01  5.00130e-01 -1.59234e-03  1.77410e+00 -3.18386e-03  2.44957e+00  2.69830e+00
 4.75000e+01  5.00149e-01 -1.50639e-03  1.77436e+00 -3.01187e-03  2.45000e+00  2.69854e+00
 4.76000e+01  5.00169e-01 -1.41431e-03  1.77460e+00 -2.82767e-03  2.45041e+00  2.69876e+00
 4.77000e+01  5.00188e-01 -1.31645e-03  1.77482e+00 -2.63191e-03  2.45077e+00  2.69893e+00
 4.78000e+01  5.00207e-01 -1.21291e-03  1.77502e+00 -2.42482e-03  2.45114e+00  2.69912e+00
 4.79000e+01  5.00225e-01 -1.10650e-03  1.77519e+00 -2.21201e-03  2.45140e+00  2.69919e+00
 4.80000e+01  5.00243e-01 -9.96680e-04  1.77534e+00 -1.99239e-03  2.45164e+00  2.69926e+00
 4.81000e+01  5.00259e-01 -8.84286e-04  1.77546e+00 -1.76766e-03  2.45179e+00  2.69926e+00
 4.82000e+01  5.00274e-01 -7.71383e-04  1.77556e+00 -1.54192e-03  2.45182e+00  2.69914e+00
 4.83000e+01  5.00285e-01 -6.56874e-04  1.77564e+00 -1.31300e-03  2.45188e+00  2.69909e+00
 4.84000e+01  5.00293e-01 -5.44300e-04  1.77569e+00 -1.08796e-03  2.45182e+00  2.69895e+00
 4.85000e+01  5.00296e-01 -4.35660e-04  1.77571e+00 -8.70804e-04  2.45181e+00  2.69891e+00
 4.86000e+01  5.00294e-01 -3.29480e-04  1.77571e+00 -6.58573e-04  2.45182e+00  2.69894e+00
 4.87000e+01  5.00287e-01 -2.29956e-04  1.77570e+00 -4.59648e-04  2.45182e+00  2.69901e+00
 4.88000e+01  5.00276e-01 -1.37234e-04  1.77567e+00 -2.74316e-04  2.45187e+00  2.69917e+00
 4.89000e+01  5.00261e-01 -5.18694e-05  1.77564e+00 -1.03685e-04  2.45187e+00  2.69931e+00
 4.90000e+01  5.00243e-01  2.07963e-05  1.77562e+00  4.15724e-05  2.45192e+00  2.69954e+00
 4.91000e+01  5.00223e-01  7.98898e-05  1.77559e+00  1.59708e-04  2.45193e+00  2.69974e+00
 4.92000e+01  5.00203e-01  1.21642e-04  1.77558e+00  2.43186e-04  2.45194e+00  2.69996e+00
 4.93000e+01  5.00182e-01  1.45995e-04  1.77558e+00  2.91883e-04  2.45197e+00  2.70018e+00
 4.94000e+01  5.00163e-01  1.55398e-04  1.77558e+00  3.10695e-04  2.45196e+00  2.70036e+00
 4.95000e+01  5.00145e-01  1.48423e-04  1.77559e+00  2.96760e-04  2.45201e+00  2.70059e+00
 4.96000e+01  5.00129e-01  1.30973e-04  1.77561e+00  2.61879e-04  2.45200e+00  2.70074e+00
 4.97000e+01  5.00116e-01  1.05171e-04  1.77562e+00  2.10293e-04  2.45203e+00  2.70090e+00
 4.98000e+01  5.00106e-01  7.17203e-05  1.77563e+00  1.43410e-04  2.45207e+00  2.70104e+00
 4.99000e+01  5.00100e-01  3.68045e-05  1.77564e+00  7.35944e-05  2.45208e+00  2.70110e+00
 5.00000e+01  5.00098e-01 -8.75788e-14  1.77564e+00 -1.75123e-13  2.45212e+00  2.70116e+00
 5.01000e+01  5.00100e-01 -3.68045e-05  1.77564e+00 -7.35944e-05  2.45208e+00  2.70110e+00
 5.02000e+01  5.00106e-01 -7.17203e-05  1.77563e+00 -1.43410e-04  2.45207e+00  2.70104e+00
 5.03000e+01  5.00116e-01 -1.05171e-04  1.77562e+00 -2.10293e-04  2.45203e+00  2.70090e+00
 5.04000e+01  5.00129e-01 -1.30973e-04  1.77561e+00 -2.61879e-04  2.45200e+00  2.70074e+00
 5.05000e+01  5.00145e-01 -1.48423e-04  1.77559e+00 -2.96760e-04  2.45201e+00  2.70059e+00
 5.06000e+01  5.00163e-01 -1.55398e-04  1.77558e+00 -3.10695e-04  2.45196e+00  2.70036e+00
 5.07000e+01  5.00182e-01 -1.45995e-04  1.77558e+00 -2.91883e-04  2.45197e+00  2.70018e+00
 5.08000e+01  5.00203e-01 -1.21642e-04  1.77558e+00 -2.43186e-04  2.45194e+00  2.69996e+00
 5.09000e+01  5.00223e-01 -7.98898e-05  1.77559e+00 -1.59708e-04  2.45193e+00  2.69974e+00
 5.10000e+01  5.00243e-01 -2.07963e-05  1.77562e+00 -4.15724e-05  2.45192e+00  2.69954e+00
 5.11000e+01  5.00261e-01  5.18694e-05  1.77564e+00  1.03685e-04  2.45187e+00  2.69931e+00
 5.12000e+01  5.00276e-01  1.37234e-04  1.77567e+00  2.74316e-04  2.45187e+00  2.69917e+00
 5.13000e+01  5.00287e-01  2.29956e-04  1.77570e+00  4.59648e-04  2.45182e+00  2.69901e+00
 5.14000e+01  5.00294e-01  3.29480e-04  1.77571e+00  6.58573e-04  2.45182e+00  2.69894e+00
 5.15000e+01  5.00296e-01  4.35660e-04  1.77571e+00  8.70804e-04  2.45181e+00  2.69891e+00
 5.16000e+01  5.00293e-01  5.44300e-04  1.77569e+00  1.08796e-03  2.45182e+00  2.69895e+00
 5.17000e+01  5.00285e-01  6.56874e-04  1.77564e+00  1.31300e-03  2.45188e+00  2.69909e+00
 5.18000e+01  5.00274e-01  7.71383e-04  1.77556e+00  1.54192e-03  2.45182e+00  2.69914e+00
 5.19000e+01  5.00259e-01  8.84286e-04  1.77546e+00  1.76766e-03  2.45179e+00  2.69926e+00
 5.20000e+01  5.00243e-01  9.96680e-04  1.77534e+00  1.99239e-03  2.45164e+00  2.69926e+00
 5.21000e+01  5.00225e-01  1.10650e-03  1.77519e+00  2.21201e-03  2.45140e+00  2.69919e+00
 5.22000e+01  5.00207e-01  1.21291e-03  1.77502e+00  2.42482e-03  2.45114e+00  2.69912e+00
 5.23000e+01  5.00188e-01  1.31645e-03  1.77482e+00  2.63191e-03  2.45077e+00  2.69893e+00
 5.24000e+01  5.00169e-01  1.41431e-03  1.77460e+00  2.82767e-03  2.45041e+00  2.69876e+00
 5.25000e+01  5.00149e-01  1.50639e-03  1.77436e+00  3.01187e-03  2.45000e+00  2.69854e+00
 5.26000e+01  5.00130e-01  1.59234e-03  1.77410e+00  3.18386e-03  2.44957e+00  2.69830e+00
 5.27000e+01  5.00110e-01  1.67315e-03  1.77384e+00  3.34557e-03  2.44918e+00  2.69810e+00
 5.28000e+01  5.00092e-01  1.75014e-03  1.77357e+00  3.49965e-03  2.44876e+00  2.69786e+00
 5.29000e+01  5.00074e-01  1.82079e-03  1.77330e+00  3.64104e-03  2.44837e+00  2.69764e+00
 5.30000e+01  5.00057e-01  1.88875e-03  1.77305e+00  3.77707e-03  2.44796e+00  2.69740e+00
 5.31000e+01  5.00042e-01  1.95333e-03  1.77282e+00  3.90632e-03  2.44758e+00  2.69717e+00
 5.32000e+01  5.00028e-01  2.01282e-03  1.77263e+00  4.02542e-03  2.44721e+00  2.69693e+00
 5.33000e+01  5.00016e-01  2.07149e-03  1.77246e+00  4.14285e-03  2.44688e+00  2.69673e+00
 5.34000e+01  5.00005e-01  2.12727e-03  1.77233e+00  4.25450e-03  2.44662e+00  2.69657e+00
 5.35000e+01  4.99994e-01  2.18451e-03  1.77224e+00  4.36908e-03  2.44638e+00  2.69644e+00
 5.36000e+01  4.99984e-01  2.24610e-03  1.77219e+00  4.49235e-03  2.44626e+00  2.69642e+00
 5.37000e+01  4.99975e-01  2.31109e-03  1.77217e+00  4.62242e-03  2.44618e+00  2.69643e+00
 5.38000e+01  4.99966e-01  2.38421e-03  1.77219e+00  4.76875e-03  2.44619e+00  2.69652e+00
 5.39000e+01  4.99958e-01  2.46314e-03  1.77224e+00  4.92670e-03  2.44625e+00  2.69667e+00
 5.40000e+01  4.99951e-01  2.54816e-03  1.77232e+00  5.09682e-03  2.44633e+00  2.69681e+00
 5.41000e+01  4.99945e-01  2.64080e-03  1.77243e+00  5.28217e-03  2.44650e+00  2.69704e+00
 5.42000e+01  4.99941e-01  2.73881e-03  1.77256e+00  5.47826e-03  2.44665e+00  2.69723e+00
 5.43000e+01  4.99938e-01  2.84384e-03  1.77271e+00  5.68838e-03  2.44685e+00  2.69745e+00
 5.44000e+01  4.99937e-01  2.95591e-03  1.77286e+00  5.91257e-03  2.44707e+00  2.69769e+00
 5.45000e+01  4.99937e-01  3.07370e-03  1.77301e+00  6.14818e-03  2.44724e+00  2.69786e+00
 5.46000e+01  4.99939e-01  3.19623e-03  1.77316e+00  6.39324e-03  2.44747e+00  2.69807e+00
 5.47000e+01  4.99943e-01  3.32202e-03  1.77330e+00  6.64480e-03  2.44763e+00  2.69820e+00
 5.48000e+01  4.99947e-01  3.44843e-03  1.77342e+00  6.89758e-03  2.44777e+00  2.69828e+00
 5.49000e+01  4.99953e-01  3.57328e-03  1.77352e+00  7.14723e-03  2.44789e+00  2.69834e+00
 5.50000e+01  4.99960e-01  3.69489e-03  1.77360e+00  7.39038e-03  2.44797e+00  2.69836e+00
 5.51000e+01  4.99967e-01  3.80901e-03  1.77365e+00  7.61852e-03  2.44807e+00  2.69839e+00
 5.52000e+01  4.99974e-01  3.91345e-03  1.77369e+00  7.82730e-03  2.44813e+00  2.69838e+00
 5.53000e+01  4.99982e-01  4.00858e-03  1.77370e+00  8.01745e-03  2.44820e+00  2.69838e+00
 5.54000e+01  4.99990e-01  4.09355e-03  1.77369e+00  8.18727e-03  2.44824e+00  2.69834e+00
 5.55000e+01  4.99998e-01  4.16853e-03  1.77367e+00  8.33709e-03  2.44826e+00  2.69828e+00
 5.56000e+01  5.00006e-01  4.23482e-03  1.77365e+00  8.46954e-03  2.44828e+00  2.69822e+00
 5.57000e+01  5.00015e-01  4.29216e-03  1.77361e+00  8.58407e-03  2.44829e+00  2.69814e+00
 5.58000e+01  5.00024e-01  4.34125e-03  1.77356e+00  8.68208e-03  2.44829e+00  2.69805e+00
 5.59000e+01  5.00033e-01  4.38101e-03  1.77351e+00  8.76145e-03  2.44829e+00  2.69796e+00
 5.60000e+01  5.00043e-01  4.40931e-03  1.77346e+00  8.81786e-03  2.44833e+00  2.69791e+00
 5.61000e+01  5.00054e-01  4.42853e-03  1.77340e+00  8.85610e-03  2.44837e+00  2.69785e+00
 5.62000e+01  5.00065e-01  4.43833e-03  1.77334e+00  8.87550e-03  2.44843e+00  2.69779e+00
 5.63000e+01  5.00079e-01  4.43874e-03  1.77328e+00  8.87609e-03  2.44853e+00  2.69775e+00
 5.64000e+01  5.00095e-01  4.43448e-03  1.77322e+00  8.86728e-03  2.44859e+00  2.69766e+00
 5.65000e+01  5.00113e-01  4.42650e-03  1.77316e+00  8.85100e-03  2.44864e+00  2.69754e+00
 5.66000e+01  5.00134e-01  4.41364e-03  1.77312e+00  8.82492e-03  2.44872e+00  2.69741e+00
 5.67000e+01  5.00158e-01  4.39660e-03  1.77309e+00  8.79042e-03  2.44880e+00  2.69726e+00
 5.68000e+01  5.00184e-01  4.37318e-03  1.77308e+00  8.74313e-03  2.44890e+00  2.69709e+00
 5.69000e+01  5.00213e-01  4.33979e-03  1.77311e+00  8.67588e-03  2.44905e+00  2.69697e+00
 5.70000e+01  5.00244e-01  4.29854e-03  1.77317e+00  8.59288e-03  2.44926e+00  2.69687e+00
 5.71000e+01  5.00277e-01  4.24840e-03  1.77326e+00  8.49211e-03  2.44955e+00  2.69685e+00
 5.72000e+01  5.00311e-01  4.18875e-03  1.77340e+00  8.37229e-03  2.44991e+00  2.69687e+00
 5.73000e+01  5.00347e-01  4.12504e-03  1.77358e+00  8.24435e-03  2.45030e+00  2.69691e+00
 5.74000e+01  5.00384e-01  4.05604e-03  1.77379e+00  8.10585e-03  2.45078e+00  2.69701e+00
 5.75000e+01  5.00423e-01  3.98530e-03  1.77404e+00  7.96387e-03  2.45127e+00  2.69713e+00
 5.76000e+01  5.00462e-01  3.91847e-03  1.77432e+00  7.82970e-03  2.45176e+00  2.69723e+00
 5.77000e+01  5.00501e-01  3.85470e-03  1.77461e+00  7.70168e-03  2.45226e+00  2.69735e+00
 5.78000e+01  5.00540e-01  3.79975e-03  1.77491e+00  7.59130e-03  2.45279e+00  2.69750e+00
 5.79000e+01  5.00577e-01  3.75597e-03  1.77521e+00  7.50327e-03  2.45326e+00  2.69760e+00
 5.80000e+01  5.00613e-01  3.72311e-03  1.77549e+00  7.43710e-03  2.45371e+00  2.69771e+00
 5.81000e+01  5.00646e-01  3.70385e-03  1.77576e+00  7.39816e-03  2.45419e+00  2.69786e+00
 5.82000e+01  5.00675e-01  3.69572e-03  1.77600e+00  7.38146e-03  2.45459e+00  2.69797e+00
 5.83000e+01  5.00701e-01  3.69808e-03  1.77622e+00  7.38581e-03  2.45496e+00  2.69809e+00
 5.84000e+01  5.00723e-01  3.71184e-03  1.77641e+00  7.41297e-03  2.45532e+00  2.69823e+00
 5.85000e+01  5.00740e-01  3.73516e-03  1.77657e+00  7.45929e-03  2.45560e+00  2.69834e+00
 5.86000e+01  5.00753e-01  3.76891e-03  1.77671e+00  7.52649e-03  2.45590e+00  2.69851e+00
 5.87000e+01  5.00762e-01  3.81496e-03  1.77682e+00  7.61832e-03  2.45610e+00  2.69863e+00
 5.88000e+01  5.00766e-01  3.87129e-03  1.77691e+00  7.73074e-03  2.45624e+00  2.69873e+00
 5.89000e+01  5.00767e-01  3.93601e-03  1.77697e+00  7.85997e-03  2.45639e+00  2.69887e+00
 5.90000e+01  5.00763e-01  4.00783e-03  1.77700e+00  8.00344e-03  2.45639e+00  2.69891e+00
 5.91000e+01  5.00755e-01  4.08226e-03  1.77701e+00  8.15222e-03  2.45640e+00  2.69899e+00
 5.92000e+01  5.00744e-01  4.15815e-03  1.77699e+00  8.30395e-03  2.45638e+00  2.69908e+00
 5.93000e+01  5.00729e-01  4.23627e-03  1.77693e+00  8.46019e-03  2.45626e+00  2.69910e+00
 5.94000e+01  5.00711e-01  4.31617e-03  1.77684e+00  8.62007e-03  2.45619e+00  2.69920e+00
 5.95000e+01  5.00692e-01  4.39979e-03  1.77672e+00  8.78743e-03  2.45604e+00  2.69925e+00
 5.96000e+01  5.00670e-01  4.48801e-03  1.77656e+00  8.96400e-03  2.45585e+00  2.69928e+00
 5.97000e+01  5.00649e-01  4.58074e-03  1.77636e+00  9.14961e-03  2.45564e+00  2.69928e+00
 5.98000e+01  5.00627e-01  4.67772e-03  1.77614e+00  9.34371e-03  2.45527e+00  2.69912e+00
 5.99000e+01  5.00607e-01  4.77885e-03  1.77589e+00  9.54611e-03  2.45488e+00  2.69892e+00
 6.00000e+01  5.00588e-01  4.88073e-03  1.77563e+00  9.74999e-03  2.45441e+00  2.69865e+00
 6.01000e+01  5.00570e-01  4.98069e-03  1.77535e+00  9.95002e-03  2.45393e+00  2.69834e+00
 6.02000e+01  5.00554e-01  5.08121e-03  1.77506e+00  1.01512e-02  2.45349e+00  2.69806e+00
 6.03000e+01  5.00538e-01  5.17996e-03  1.77477e+00  1.03488e-02  2.45302e+00  2.69775e+00
 6.04000e+01  5.00524e-01  5.28002e-03  1.77448e+00  1.05490e-02  2.45259e+00  2.69745e+00
 6.05000e+01  5.00512e-01  5.38412e-03  1.77421e+00  1.07572e-02  2.45215e+00  2.69713e+00
 6.06000e+01  5.00502e-01  5.48975e-03  1.77395e+00  1.09685e-02  2.45174e+00  2.69683e+00
 6.07000e+01  5.00493e-01  5.60357e-03  1.77370e+00  1.11961e-02  2.45137e+00  2.69655e+00
 6.08000e+01  5.00485e-01  5.72646e-03  1.77348e+00  1.14418e-02  2.45098e+00  2.69622e+00
 6.09000e+01  5.00479e-01  5.86039e-03  1.77327e+00  1.17096e-02  2.45063e+00  2.69593e+00
 6.10000e+01  5.00474e-01  6.01016e-03  1.77306e+00  1.20089e-02  2.45028e+00  2.69563e+00
 6.11000e+01  5.00470e-01  6.17312e-03  1.77286e+00  1.23346e-02  2.44991e+00  2.69531e+00
 6.12000e+01  5.00467e-01  6.35204e-03  1.77265e+00  1.26922e-02  2.44957e+00  2.69500e+00
 6.13000e+01  5.00463e-01  6.54492e-03  1.77244e+00  1.30777e-02  2.44922e+00  2.69468e+00
 6.14000e+01  5.00460e-01  6.75022e-03  1.77222e+00  1.34880e-02  2.44883e+00  2.69433e+00
 6.15000e+01  5.00455e-01  6.97129e-03  1.77198e+00  1.39299e-02  2.44838e+00  2.69393e+00
 6.16000e+01  5.00450e-01  7.20209e-03  1.77172e+00  1.43912e-02  2.44792e+00  2.69352e+00
 6.17000e+01  5.00443e-01  7.44308e-03  1.77145e+00  1.48730e-02  2.44742e+00  2.69309e+00
 6.18000e+01  5.00433e-01  7.69326e-03  1.77116e+00  1.53732e-02  2.44686e+00  2.69262e+00
 6.19000e+01  5.00421e-01  7.94610e-03  1.77085e+00  1.58788e-02  2.44628e+00  2.69217e+00
 6.20000e+01  5.00405e-01  8.20104e-03  1.77053e+00  1.63888e-02  2.44568e+00  2.69173e+00
 6.21000e+01  5.00385e-01  8.44950e-03  1.77020e+00  1.68860e-02  2.44511e+00  2.69135e+00
 6.22000e+01  5.00360e-01  8.69022e-03  1.76987e+00  1.73679e-02  2.44458e+00  2.69106e+00
 6.23000e+01  5.00332e-01  8.92298e-03  1.76953e+00  1.78341e-02  2.44405e+00  2.69081e+00
 6.24000e+01  5.00301e-01  9.14420e-03  1.76919e+00  1.82774e-02  2.44356e+00  2.69062e+00
 6.25000e+01  5.00267e-01  9.35862e-03  1.76885e+00  1.87072e-02  2.44306e+00  2.69045e+00
 6.26000e+01  5.00232e-01  9.56226e-03  1.76851e+00  1.91157e-02  2.44249e+00  2.69023e+00
 6.27000e+01  5.00195e-01  9.75539e-03  1.76817e+00  1.95032e-02  2.44195e+00  2.69004e+00
 6.28000e+01  5.00158e-01  9.93612e-03  1.76783e+00  1.98660e-02  2.44140e+00  2.68986e+00
 6.29000e+01  5.00121e-01  1.01008e-02  1.76749e+00  2.01966e-02  2.44089e+00  2.68971e+00
 6.30000e+01  5.00086e-01  1.02508e-02  1.76717e+00  2.04980e-02  2.44044e+00  2.68960e+00
 6.31000e+01  5.00053e-01  1.03832e-02  1.76686e+00  2.07643e-02  2.44003e+00  2.68951e+00
 6.32000e+01  5.00024e-01  1.05008e-02  1.76657e+00  2.10006e-02  2.43969e+00  2.68946e+00
 6.33000e+01  4.99999e-01  1.06033e-02  1.76631e+00  2.12066e-02  2.43937e+00  2.68938e+00
 6.34000e+01  4.99980e-01  1.06924e-02  1.76610e+00  2.13857e-02  2.43910e+00  2.68929e+00
 6.35000e+01  4.99968e-01  1.07696e-02  1.76592e+00  2.15405e-02  2.43886e+00  2.68918e+00
 6.36000e+01  4.99962e-01  1.08333e-02  1.76579e+00  2.16683e-02  2.43864e+00  2.68901e+00
 6.37000e+01  4.99963e-01  1.08826e-02  1.76572e+00  2.17669e-02  2.43850e+00  2.68886e+00
 6.38000e+01  4.99971e-01  1.09143e-02  1.76572e+00  2.18299e-02  2.43850e+00  2.68879e+00
 6.39000e+01  4.99985e-01  1.09288e-02  1.76576e+00  2.18583e-02  2.43861e+00  2.68875e+00
 6.40000e+01  5.00005e-01  1.09223e-02  1.76588e+00  2.18444e-02  2.43890e+00  2.68885e+00
 6.41000e+01  5.00031e-01  1.08962e-02  1.76607e+00  2.17911e-02  2.43935e+00  2.68904e+00
 6.42000e+01  5.00064e-01  1.08544e-02  1.76631e+00  2.17060e-02  2.43987e+00  2.68924e+00
 6.43000e+01  5.00103e-01  1.07986e-02  1.76660e+00  2.15927e-02  2.44049e+00  2.68949e+00
 6.44000e+01  5.00149e-01  1.07311e-02  1.76693e+00  2.14559e-02  2.44111e+00  2.68966e+00
 6.45000e+01  5.00201e-01  1.06521e-02  1.76729e+00  2.12956e-02  2.44180e+00  2.68983e+00
 6.46000e+01  5.00259e-01  1.05637e-02  1.76768e+00  2.11164e-02  2.44255e+00  2.69002e+00
 6.47000e+01  5.00321e-01  1.04636e-02  1.76810e+00  2.09138e-02  2.44333e+00  2.69019e+00
 6.48000e+01  5.00388e-01  1.03531e-02  1.76852e+00  2.06901e-02  2.44419e+00  2.69040e+00
 6.49000e+01  5.00458e-01  1.02342e-02  1.76896e+00  2.04496e-02  2.44502e+00  2.69055e+00
 6.50000e+01  5.00531e-01  1.01055e-02  1.76940e+00  2.01895e-02  2.44593e+00  2.69073e+00
 6.51000e+01  5.00607e-01  9.96895e-03  1.76984e+00  1.99137e-02  2.44683e+00  2.69090e+00
 6.52000e+01  5.00683e-01  9.82545e-03  1.77029e+00  1.96241e-02  2.44769e+00  2.69101e+00
 6.53000e+01  5.00760e-01  9.67394e-03  1.77073e+00  1.93185e-02  2.44856e+00  2.69113e+00
 6.54000e+01  5.00836e-01  9.51413e-03  1.77117e+00  1.89965e-02  2.44945e+00  2.69127e+00
 6.55000e+01  5.00911e-01  9.34599e-03  1.77161e+00  1.86580e-02  2.45039e+00  2.69147e+00
 6.56000e+01  5.00984e-01  9.16858e-03  1.77205e+00  1.83011e-02  2.45132e+00  2.69168e+00
 6.57000e+01  5.01055e-01  8.98352e-03  1.77248e+00  1.79292e-02  2.45231e+00  2.69198e+00
 6.58000e+01  5.01123e-01  8.79249e-03  1.77290e+00  1.75455e-02  2.45328e+00  2.69228e+00
 6.59000e+01  5.01190e-01  8.59863e-03  1.77331e+00  1.71564e-02  2.45418e+00  2.69253e+00
 6.60000e+01  5.01253e-01  8.40304e-03  1.77371e+00  1.67641e-02  2.45506e+00  2.69278e+00
 6.61000e+01  5.01314e-01  8.20556e-03  1.77408e+00  1.63681e-02  2.45589e+00  2.69301e+00
 6.62000e+01  5.01373e-01  8.00930e-03  1.77444e+00  1.59747e-02  2.45673e+00  2.69327e+00
 6.63000e+01  5.01429e-01  7.81421e-03  1.77477e+00  1.55839e-02  2.45752e+00  2.69351e+00
 6.64000e+01  5.01483e-01  7.62271e-03  1.77509e+00  1.52003e-02  2.45832e+00  2.69378e+00
 6.65000e+01  5.01535e-01  7.43758e-03  1.77538e+00  1.48296e-02  2.45906e+00  2.69401e+00
 6.66000e+01  5.01585e-01  7.26063e-03  1.77566e+00  1.44754e-02  2.45979e+00  2.69424e+00
 6.67000e+01  5.01634e-01  7.09538e-03  1.77592e+00  1.41446e-02  2.46046e+00  2.69443e+00
 6.68000e+01  5.01681e-01  6.94312e-03  1.77616e+00  1.38397e-02  2.46103e+00  2.69453e+00
 6.69000e+01  5.01728e-01  6.80429e-03  1.77640e+00  1.35617e-02  2.46163e+00  2.69467e+00
 6.70000e+01  5.01774e-01  6.67869e-03  1.77664e+00  1.33102e-02  2.46218e+00  2.69478e+00
 6.71000e+01  5.01818e-01  6.56741e-03  1.77688e+00  1.30872e-02  2.46270e+00  2.69486e+00
 6.72000e+01  5.01860e-01  6.47154e-03  1.77711e+00  1.28951e-02  2.46327e+00  2.69500e+00
 6.73000e+01  5.01901e-01  6.39070e-03  1.77734e+00  1.27330e-02  2.46381e+00  2.69514e+00
 6.74000e+01  5.01941e-01  6.32731e-03  1.77757e+00  1.26057e-02  2.46430e+00  2.69524e+00
 6.75000e+01  5.01978e-01  6.28233e-03  1.77780e+00  1.25151e-02  2.46479e+00  2.69536e+00
 6.76000e+01  5.02013e-01  6.25458e-03  1.77801e+00  1.24590e-02  2.46520e+00  2.69543e+00
 6.77000e+01  5.02046e-01  6.24531e-03  1.77820e+00  1.24397e-02  2.46558e+00  2.69548e+00
 6.78000e+01  5.02076e-01  6.25188e-03  1.77837e+00  1.24521e-02  2.46594e+00  2.69554e+00
 6.79000e+01  5.02103e-01  6.27379e-03  1.77852e+00  1.24950e-02  2.46620e+00  2.69554e+00
 6.80000e+01  5.02126e-01  6.31270e-03  1.77863e+00  1.25720e-02  2.46646e+00  2.69558e+00
 6.81000e+01  5.02145e-01  6.36868e-03  1.77870e+00  1.26830e-02  2.46662e+00  2.69555e+00
 6.82000e+01  5.02160e-01  6.44608e-03  1.77872e+00  1.28367e-02  2.46670e+00  2.69548e+00
 6.83000e+01  5.02170e-01  6.54618e-03  1.77869e+00  1.30358e-02  2.46668e+00  2.69536e+00
 6.84000e+01  5.02176e-01  6.67004e-03  1.77861e+00  1.32823e-02  2.46649e+00  2.69510e+00
 6.85000e+01  5.02177e-01  6.81823e-03  1.77848e+00  1.35773e-02  2.46621e+00  2.69482e+00
 6.86000e+01  5.02172e-01  6.98826e-03  1.77828e+00  1.39161e-02  2.46582e+00  2.69449e+00
 6.87000e+01  5.02160e-01  7.17930e-03  1.77804e+00  1.42968e-02  2.46530e+00  2.69409e+00
 6.88000e+01  5.02141e-01  7.39156e-03  1.77773e+00  1.47201e-02  2.46470e+00  2.69368e+00
 6.89000e+01  5.02115e-01  7.62469e-03  1.77736e+00  1.51852e-02  2.46403e+00  2.69327e+00
 6.90000e+01  5.02080e-01  7.87921e-03  1.77694e+00  1.56931e-02  2.46322e+00  2.69281e+00
 6.91000e+01  5.02038e-01  8.15855e-03  1.77645e+00  1.62509e-02  2.46234e+00  2.69235e+00
 6.92000e+01  5.01987e-01  8.46135e-03  1.77589e+00  1.68557e-02  2.46132e+00  2.69183e+00
 6.93000e+01  5.01929e-01  8.78866e-03  1.77526e+00  1.75098e-02  2.46019e+00  2.69128e+00
 6.94000e+01  5.01863e-01  9.13968e-03  1.77457e+00  1.82115e-02  2.45900e+00  2.69074e+00
 6.95000e+01  5.01790e-01  9.51028e-03  1.77382e+00  1.89527e-02  2.45767e+00  2.69013e+00
 6.96000e+01  5.01711e-01  9.90316e-03  1.77300e+00  1.97388e-02  2.45623e+00  2.68947e+00
 6.97000e+01  5.01626e-01  1.03134e-02  1.77212e+00  2.05599e-02  2.45468e+00  2.68877e+00
 6.98000e+01  5.01536e-01  1.07383e-02  1.77120e+00  2.14108e-02  2.45306e+00  2.68803e+00
 6.99000e+01  5.01442e-01  1.11787e-02  1.77022e+00  2.22931e-02  2.45132e+00  2.68721e+00
 7.00000e+01  5.01345e-01  1.16296e-02  1.76921e+00  2.31967e-02  2.44952e+00  2.68638e+00
 7.01000e+01  5.01245e-01  1.20900e-02  1.76818e+00  2.41200e-02  2.44776e+00  2.68561e+00
 7.02000e+01  5.01143e-01  1.25598e-02  1.76714e+00  2.50624e-02  2.44600e+00  2.68484e+00
 7.03000e+01  5.01040e-01  1.30399e-02  1.76609e+00  2.60256e-02  2.44421e+00  2.68406e+00
 7.04000e+01  5.00939e-01  1.35314e-02  1.76505e+00  2.70122e-02  2.44238e+00  2.68323e+00
 7.05000e+01  5.00839e-01  1.40307e-02  1.76402e+00  2.80145e-02  2.44058e+00  2.68240e+00
 7.06000e+01  5.00742e-01  1.45375e-02  1.76301e+00  2.90319e-02  2.43880e+00  2.68157e+00
 7.07000e+01  5.00647e-01  1.50484e-02  1.76202e+00  3.00578e-02  2.43705e+00  2.68075e+00
 7.08000e+01  5.00557e-01  1.55572e-02  1.76108e+00  3.10798e-02  2.43537e+00  2.67994e+00
 7.09000e+01  5.00472e-01  1.60620e-02  1.76017e+00  3.20937e-02  2.43374e+00  2.67915e+00
 7.10000e+01  5.00391e-01  1.65545e-02  1.75930e+00  3.30832e-02  2.43218e+00  2.67838e+00
 7.11000e+01  5.00316e-01  1.70300e-02  1.75847e+00  3.40385e-02  2.43065e+00  2.67758e+00
 7.12000e+01  5.00246e-01  1.74803e-02  1.75769e+00  3.49435e-02  2.42924e+00  2.67686e+00
 7.13000e+01  5.00181e-01  1.78955e-02  1.75700e+00  3.57781e-02  2.42812e+00  2.67636e+00
 7.14000e+01  5.00123e-01  1.82787e-02  1.75638e+00  3.65484e-02  2.42720e+00  2.67600e+00
 7.15000e+01  5.00073e-01  1.86287e-02  1.75582e+00  3.72519e-02  2.42628e+00  2.67557e+00
 7.16000e+01  5.00032e-01  1.89473e-02  1.75532e+00  3.78922e-02  2.42546e+00  2.67515e+00
 7.17000e+01  4.99999e-01  1.92336e-02  1.75489e+00  3.84673e-02  2.42471e+00  2.67472e+00
 7.18000e+01  4.99976e-01  1.94852e-02  1.75453e+00  3.89722e-02  2.42406e+00  2.67429e+00
 7.19000e+01  4.99962e-01  1.97037e-02  1.75426e+00  3.94105e-02  2.42363e+00  2.67400e+00
 7.20000e+01  4.99957e-01  1.98871e-02  1.75405e+00  3.97777e-02  2.42328e+00  2.67370e+00
 7.21000e+01  4.99960e-01  2.00390e-02  1.75389e+00  4.00813e-02  2.42294e+00  2.67332e+00
 7.22000e+01  4.99972e-01  2.01552e-02  1.75378e+00  4.03127e-02  2.42261e+00  2.67289e+00
 7.23000e+01  4.99990e-01  2.02282e-02  1.75375e+00  4.04573e-02  2.42256e+00  2.67266e+00
 7.24000e+01  5.00013e-01  2.02563e-02  1.75380e+00  4.05115e-02  2.42276e+00  2.67263e+00
 7.25000e+01  5.00042e-01  2.02399e-02  1.75391e+00  4.04763e-02  2.42305e+00  2.67264e+00
 7.26000e+01  5.00077e-01  2.01809e-02  1.75407e+00  4.03555e-02  2.42342e+00  2.67267e+00
 7.27000e+01  5.00117e-01  2.00783e-02  1.75429e+00  4.01472e-02  2.42393e+00  2.67279e+00
 7.28000e+01  5.00163e-01  1.99333e-02  1.75459e+00  3.98537e-02  2.42471e+00  2.67313e+00
 7.29000e+01  5.00214e-01  1.97503e-02  1.75494e+00  3.94837e-02  2.42557e+00  2.67349e+00
 7.30000e+01  5.00272e-01  1.95369e-02  1.75532e+00  3.90526e-02  2.42645e+00  2.67381e+00
 7.31000e+01  5.00337e-01  1.92954e-02  1.75574e+00  3.85647e-02  2.42740e+00  2.67413e+00
 7.32000e+01  5.00409e-01  1.90267e-02  1.75621e+00  3.80224e-02  2.42845e+00  2.67449e+00
 7.33000e+01  5.00487e-01  1.87334e-02  1.75674e+00  3.74304e-02  2.42965e+00  2.67491e+00
 7.34000e+01  5.00573e-01  1.84184e-02  1.75733e+00  3.67946e-02  2.43092e+00  2.67535e+00
 7.35000e+01  5.00667e-01  1.80859e-02  1.75795e+00  3.61236e-02  2.43230e+00  2.67582e+00
 7.36000e+01  5.00768e-01  1.77366e-02  1.75863e+00  3.54188e-02  2.43375e+00  2.67629e+00
 7.37000e+01  5.00876e-01  1.73724e-02  1.75938e+00  3.46842e-02  2.43533e+00  2.67681e+00
 7.38000e+01  5.00990e-01  1.69948e-02  1.76018e+00  3.39224e-02  2.43700e+00  2.67736e+00
 7.39000e+01  5.01112e-01  1.66068e-02  1.76102e+00  3.31398e-02  2.43871e+00  2.67788e+00
 7.40000e+01  5.01239e-01  1.62065e-02  1.76191e+00  3.23328e-02  2.44054e+00  2.67847e+00
 7.41000e+01  5.01372e-01  1.57920e-02  1.76286e+00  3.14976e-02  2.44250e+00  2.67912e+00
 7.42000e+01  5.01510e-01  1.53636e-02  1.76387e+00  3.06346e-02  2.44458e+00  2.67986e+00
 7.43000e+01  5.01653e-01  1.49211e-02  1.76493e+00  2.97440e-02  2.44679e+00  2.68066e+00
 7.44000e+01  5.01800e-01  1.44680e-02  1.76602e+00  2.88323e-02  2.44899e+00  2.68142e+00
 7.45000e+01  5.01951e-01  1.40021e-02  1.76715e+00  2.78954e-02  2.45125e+00  2.68219e+00
 7.46000e+01  5.02104e-01  1.35242e-02  1.76830e+00  2.69350e-02  2.45356e+00  2.68299e+00
 7.47000e+01  5.02261e-01  1.30355e-02  1.76948e+00  2.59535e-02  2.45582e+00  2.68371e+00
 7.48000e+01  5.02418e-01  1.25363e-02  1.77067e+00  2.49520e-02  2.45821e+00  2.68454e+00
 7.49000e+01  5.02576e-01  1.20286e-02  1.77186e+00  2.39339e-02  2.46056e+00  2.68533e+00
 7.50000e+01  5.02733e-01  1.15156e-02  1.77304e+00  2.29060e-02  2.46289e+00  2.68611e+00
 7.51000e+01  5.02889e-01  1.09992e-02  1.77421e+00  2.18720e-02  2.46525e+00  2.68692e+00
 7.52000e+01  5.03042e-01  1.04831e-02  1.77536e+00  2.08394e-02  2.46753e+00  2.68767e+00
 7.53000e+01  5.03193e-01  9.97395e-03  1.77647e+00  1.98213e-02  2.46979e+00  2.68844e+00
 7.54000e+01  5.03339e-01  9.47146e-03  1.77756e+00  1.88172e-02  2.47194e+00  2.68913e+00
 7.55000e+01  5.03481e-01  8.98307e-03  1.77860e+00  1.78419e-02  2.47401e+00  2.68979e+00
 7.56000e+01  5.03617e-01  8.51337e-03  1.77959e+00  1.69044e-02  2.47598e+00  2.69040e+00
 7.57000e+01  5.03747e-01  8.06225e-03  1.78054e+00  1.60046e-02  2.47787e+00  2.69099e+00
 7.58000e+01  5.03870e-01  7.63601e-03  1.78143e+00  1.51547e-02  2.47966e+00  2.69155e+00
 7.59000e+01  5.03984e-01  7.23570e-03  1.78225e+00  1.43570e-02  2.48133e+00  2.69208e+00
 7.60000e+01  5.04089e-01  6.86597e-03  1.78301e+00  1.36206e-02  2.48292e+00  2.69262e+00
 7.61000e+01  5.04186e-01  6.53246e-03  1.78369e+00  1.29564e-02  2.48429e+00  2.69302e+00
 7.62000e+01  5.04273e-01  6.23378e-03  1.78428e+00  1.23619e-02  2.48553e+00  2.69340e+00
 7.63000e+01  5.04350e-01  5.97293e-03  1.78479e+00  1.18428e-02  2.48658e+00  2.69368e+00
 7.64000e+01  5.04416e-01  5.75289e-03  1.78521e+00  1.14051e-02  2.48748e+00  2.69391e+00
 7.65000e+01  5.04471e-01  5.57414e-03  1.78553e+00  1.10495e-02  2.48822e+00  2.69410e+00
 7.66000e+01  5.04516e-01  5.44230e-03  1.78575e+00  1.07872e-02  2.48876e+00  2.69419e+00
 7.67000e+01  5.04549e-01  5.35786e-03  1.78587e+00  1.06191e-02  2.48916e+00  2.69426e+00
 7.68000e+01  5.04572e-01  5.32712e-03  1.78588e+00  1.05577e-02  2.48937e+00  2.69423e+00
 7.69000e+01  5.04584e-01  5.35425e-03  1.78580e+00  1.06112e-02  2.48938e+00  2.69413e+00
 7.70000e+01  5.04586e-01  5.43665e-03  1.78563e+00  1.07745e-02  2.48914e+00  2.69387e+00
 7.71000e+01  5.04578e-01  5.57746e-03  1.78536e+00  1.10537e-02  2.48877e+00  2.69359e+00
 7.72000e+01  5.04560e-01  5.76996e-03  1.78501e+00  1.14356e-02  2.48819e+00  2.69320e+00
 7.73000e+01  5.04531e-01  6.01345e-03  1.78458e+00  1.19189e-02  2.48743e+00  2.69273e+00
 7.74000e+01  5.04493e-01  6.30426e-03  1.78407e+00  1.24962e-02  2.48655e+00  2.69225e+00
 7.75000e+01  5.04444e-01  6.63809e-03  1.78350e+00  1.31592e-02  2.48551e+00  2.69170e+00
 7.76000e+01  5.04386e-01  7.01862e-03  1.78284e+00  1.39152e-02  2.48435e+00  2.69113e+00
 7.77000e+01  5.04318e-01  7.44204e-03  1.78211e+00  1.47567e-02  2.48296e+00  2.69042e+00
 7.78000e+01  5.04240e-01  7.90892e-03  1.78130e+00  1.56848e-02  2.48139e+00  2.68964e+00
 7.79000e+01  5.04153e-01  8.41556e-03  1.78042e+00  1.66925e-02  2.47970e+00  2.68883e+00
 7.80000e+01  5.04056e-01  8.95954e-03  1.77946e+00  1.77749e-02  2.47787e+00  2.68797e+00
 7.81000e+01  5.03950e-01  9.54202e-03  1.77841e+00  1.89345e-02  2.47591e+00  2.68708e+00
 7.82000e+01  5.03834e-01  1.01634e-02  1.77729e+00  2.01721e-02  2.47377e+00  2.68610e+00
 7.83000e+01  5.03710e-01  1.08217e-02  1.77609e+00  2.14840e-02  2.47149e+00  2.68507e+00
 7.84000e+01  5.03577e-01  1.15164e-02  1.77480e+00  2.28692e-02  2.46902e+00  2.68394e+00
 7.85000e+01  5.03436e-01  1.22475e-02  1.77343e+00  2.43278e-02  2.46633e+00  2.68265e+00
 7.86000e+01  5.03286e-01  1.30064e-02  1.77199e+00  2.58430e-02  2.46347e+00  2.68128e+00
 7.87000e+01  5.03128e-01  1.37908e-02  1.77047e+00  2.74102e-02  2.46062e+00  2.68001e+00
 7.88000e+01  5.02962e-01  1.45959e-02  1.76890e+00  2.90199e-02  2.45764e+00  2.67869e+00
 7.89000e+01  5.02788e-01  1.54205e-02  1.76727e+00  3.06699e-02  2.45454e+00  2.67731e+00
 7.90000e+01  5.02606e-01  1.62630e-02  1.76557e+00  3.23573e-02  2.45132e+00  2.67589e+00
 7.91000e+01  5.02419e-01  1.71162e-02  1.76383e+00  3.40676e-02  2.44805e+00  2.67447e+00
 7.92000e+01  5.02226e-01  1.79793e-02  1.76205e+00  3.57993e-02  2.44478e+00  2.67310e+00
 7.93000e+01  5.02029e-01  1.88474e-02  1.76025e+00  3.75424e-02  2.44145e+00  2.67171e+00
 7.94000e+01  5.01829e-01  1.97185e-02  1.75844e+00  3.92932e-02  2.43818e+00  2.67040e+00
 7.95000e+01  5.01628e-01  2.05910e-02  1.75662e+00  4.10485e-02  2.43486e+00  2.66906e+00
 7.96000e+01  5.01427e-01  2.14624e-02  1.75478e+00  4.28027e-02  2.43144e+00  2.66760e+00
 7.97000e+01  5.01228e-01  2.23282e-02  1.75294e+00  4.45470e-02  2.42805e+00  2.66616e+00
 7.98000e+01  5.01031e-01  2.31800e-02  1.75117e+00  4.62646e-02  2.42489e+00  2.66491e+00
 7.99000e+01  5.00840e-01  2.40175e-02  1.74943e+00  4.79544e-02  2.42185e+00  2.66373e+00
 8.00000e+01  5.00656e-01  2.48426e-02  1.74770e+00  4.96201e-02  2.41870e+00  2.66237e+00
 8.01000e+01  5.00479e-01  2.56474e-02  1.74603e+00  5.12456e-02  2.41566e+00  2.66103e+00
 8.02000e+01  5.00313e-01  2.64263e-02  1.74444e+00  5.28196e-02  2.41282e+00  2.65980e+00
 8.03000e+01  5.00156e-01  2.71795e-02  1.74289e+00  5.43420e-02  2.40999e+00  2.65849e+00
 8.04000e+01  5.00012e-01  2.78993e-02  1.74141e+00  5.57973e-02  2.40726e+00  2.65715e+00
 8.05000e+01  4.99879e-01  2.85773e-02  1.74006e+00  5.71683e-02  2.40482e+00  2.65598e+00
 8.06000e+01  4.99759e-01  2.92100e-02  1.73879e+00  5.84482e-02  2.40253e+00  2.65484e+00
 8.07000e+01  4.99652e-01  2.97931e-02  1.73763e+00  5.96277e-02  2.40044e+00  2.65379e+00
 8.08000e+01  4.99558e-01  3.03170e-02  1.73664e+00  6.06876e-02  2.39881e+00  2.65305e+00
 8.09000e+01  4.99479e-01  3.07818e-02  1.73580e+00  6.16277e-02  2.39750e+00  2.65249e+00
 8.10000e+01  4.99416e-01  3.11891e-02  1.73503e+00  6.24512e-02  2.39619e+00  2.65179e+00
 8.11000e+01  4.99370e-01  3.15316e-02  1.73442e+00  6.31427e-02  2.39515e+00  2.65119e+00
 8.12000e+01  4.99340e-01  3.18040e-02  1.73399e+00  6.36921e-02  2.39465e+00  2.65097e+00
 8.13000e+01  4.99329e-01  3.20063e-02  1.73368e+00  6.40986e-02  2.39423e+00  2.65066e+00
 8.14000e+01  4.99336e-01  3.21382e-02  1.73346e+00  6.43618e-02  2.39379e+00  2.65015e+00
 8.15000e+01  4.99361e-01  3.21873e-02  1.73342e+00  6.44570e-02  2.39381e+00  2.64993e+00
 8.16000e+01  4.99403e-01  3.21486e-02  1.73359e+00  6.43740e-02  2.39435e+00  2.65008e+00
 8.17000e+01  4.99462e-01  3.20262e-02  1.73388e+00  6.41213e-02  2.39503e+00  2.65018e+00
 8.18000e+01  4.99539e-01  3.18164e-02  1.73431e+00  6.36916e-02  2.39591e+00  2.65033e+00
 8.19000e+01  4.99632e-01  3.15162e-02  1.73493e+00  6.30788e-02  2.39728e+00  2.65081e+00
 8.20000e+01  4.99742e-01  3.11298e-02  1.73570e+00  6.22918e-02  2.39885e+00  2.65133e+00
 8.21000e+01  4.99868e-01  3.06618e-02  1.73656e+00  6.13397e-02  2.40048e+00  2.65174e+00
 8.22000e+01  5.00009e-01  3.01090e-02  1.73758e+00  6.02170e-02  2.40240e+00  2.65232e+00
 8.23000e+01  5.00163e-01  2.94741e-02  1.73876e+00  5.89290e-02  2.40479e+00  2.65322e+00
 8.24000e+01  5.00331e-01  2.87634e-02  1.74007e+00  5.74888e-02  2.40736e+00  2.65417e+00
 8.25000e+01  5.00511e-01  2.79827e-02  1.74149e+00  5.59083e-02  2.41004e+00  2.65512e+00
 8.26000e+01  5.00702e-01  2.71357e-02  1.74302e+00  5.41953e-02  2.41300e+00  2.65623e+00
 8.27000e+01  5.00902e-01  2.62276e-02  1.74467e+00  5.23608e-02  2.41620e+00  2.65749e+00
 8.28000e+01  5.01112e-01  2.52668e-02  1.74640e+00  5.04215e-02  2.41952e+00  2.65877e+00
 8.29000e+01  5.01330e-01  2.42591e-02  1.74820e+00  4.83894e-02  2.42295e+00  2.66009e+00
 8.30000e+01  5.01555e-01  2.32121e-02  1.75005e+00  4.62802e-02  2.42645e+00  2.66140e+00
 8.31000e+01  5.01785e-01  2.21307e-02  1.75194e+00  4.41040e-02  2.42992e+00  2.66264e+00
 8.32000e+01  5.02018e-01  2.10195e-02  1.75384e+00  4.18701e-02  2.43348e+00  2.66392e+00
 8.33000e+01  5.02252e-01  1.98837e-02  1.75576e+00  3.95890e-02  2.43704e+00  2.66518e+00
 8.34000e+01  5.02485e-01  1.87277e-02  1.75765e+00  3.72703e-02  2.44053e+00  2.66639e+00
 8.35000e+01  5.02714e-01  1.75564e-02  1.75950e+00  3.49232e-02  2.44396e+00  2.66756e+00
 8.36000e+01  5.02938e-01  1.63732e-02  1.76129e+00  3.25550e-02  2.44727e+00  2.66867e+00
 8.37000e+01  5.03155e-01  1.51805e-02  1.76302e+00  3.01706e-02  2.45051e+00  2.66977e+00
 8.38000e+01  5.03362e-01  1.39818e-02  1.76465e+00  2.77769e-02  2.45356e+00  2.67078e+00
 8.39000e+01  5.03557e-01  1.27793e-02  1.76618e+00  2.53780e-02  2.45640e+00  2.67168e+00
 8.40000e+01  5.03738e-01  1.15727e-02  1.76759e+00  2.29737e-02  2.45900e+00  2.67250e+00
 8.41000e+01  5.03904e-01  1.03633e-02  1.76887e+00  2.05661e-02  2.46137e+00  2.67322e+00
 8.42000e+01  5.04051e-01  9.14961e-03  1.77002e+00  1.81521e-02  2.46345e+00  2.67383e+00
 8.43000e+01  5.04180e-01  7.93272e-03  1.77101e+00  1.57339e-02  2.46521e+00  2.67432e+00
 8.44000e+01  5.04287e-01  6.71149e-03  1.77183e+00  1.33089e-02  2.46662e+00  2.67467e+00
 8.45000e+01  5.04370e-01  5.48468e-03  1.77246e+00  1.08743e-02  2.46768e+00  2.67489e+00
 8.46000e+01  5.04429e-01  4.24941e-03  1.77288e+00  8.42419e-03  2.46836e+00  2.67499e+00
 8.47000e+01  5.04461e-01  2.99975e-03  1.77308e+00  5.94643e-03  2.46860e+00  2.67492e+00
 8.48000e+01  5.04466e-01  1.73356e-03  1.77305e+00  3.43641e-03  2.46846e+00  2.67473e+00
 8.49000e+01  5.04443e-01  4.44344e-04  1.77278e+00  8.80862e-04  2.46782e+00  2.67433e+00
 8.50000e+01  5.04390e-01 -8.70376e-04  1.77225e+00 -1.72560e-03  2.46671e+00  2.67375e+00
 8.51000e+01  5.04308e-01 -2.21428e-03  1.77144e+00 -4.39073e-03  2.46514e+00  2.67300e+00
 8.52000e+01  5.04196e-01 -3.59007e-03  1.77037e+00 -7.12039e-03  2.46300e+00  2.67199e+00
 8.53000e+01  5.04054e-01 -4.99789e-03  1.76903e+00 -9.91537e-03  2.46038e+00  2.67078e+00
 8.54000e+01  5.03883e-01 -6.44169e-03  1.76742e+00 -1.27841e-02  2.45725e+00  2.66936e+00
 8.55000e+01  5.03681e-01 -7.92026e-03  1.76555e+00 -1.57248e-02  2.45360e+00  2.66772e+00
 8.56000e+01  5.03450e-01 -9.43551e-03  1.76342e+00 -1.87417e-02  2.44946e+00  2.66588e+00
 8.57000e+01  5.03189e-01 -1.09862e-02  1.76104e+00 -2.18332e-02  2.44489e+00  2.66388e+00
 8.58000e+01  5.02901e-01 -1.25694e-02  1.75842e+00 -2.49939e-02  2.43986e+00  2.66170e+00
 8.59000e+01  5.02584e-01 -1.41857e-02  1.75556e+00 -2.82256e-02  2.43437e+00  2.65933e+00
 8.60000e+01  5.02241e-01 -1.58274e-02  1.75247e+00 -3.15135e-02  2.42847e+00  2.65679e+00
 8.61000e+01  5.01873e-01 -1.74884e-02  1.74917e+00 -3.48462e-02  2.42219e+00  2.65411e+00
 8.62000e+01  5.01481e-01 -1.91622e-02  1.74566e+00 -3.82113e-02  2.41552e+00  2.65125e+00
 8.63000e+01  5.01066e-01 -2.08390e-02  1.74194e+00 -4.15893e-02  2.40838e+00  2.64813e+00
 8.64000e+01  5.00630e-01 -2.25102e-02  1.73800e+00 -4.49637e-02  2.40082e+00  2.64478e+00
 8.65000e+01  5.00173e-01 -2.41586e-02  1.73388e+00 -4.83005e-02  2.39288e+00  2.64122e+00
 8.66000e+01  4.99697e-01 -2.57707e-02  1.72958e+00 -5.15725e-02  2.38467e+00  2.63756e+00
 8.67000e+01  4.99203e-01 -2.73339e-02  1.72510e+00 -5.47552e-02  2.37614e+00  2.63373e+00
 8.68000e+01  4.98691e-01 -2.88314e-02  1.72045e+00 -5.78142e-02  2.36722e+00  2.62965e+00
 8.69000e+01  4.98162e-01 -3.02505e-02  1.71565e+00 -6.07241e-02  2.35808e+00  2.62547e+00
 8.70000e+01  4.97618e-01 -3.15728e-02  1.71077e+00 -6.34477e-02  2.34888e+00  2.62136e+00
 8.71000e+01  4.97060e-01 -3.27869e-02  1.70584e+00 -6.59617e-02  2.33973e+00  2.61740e+00
 8.72000e+01  4.96491e-01 -3.38867e-02  1.70082e+00 -6.82523e-02  2.33040e+00  2.61333e+00
 8.73000e+01  4.95913e-01 -3.48628e-02  1.69575e+00 -7.03003e-02  2.32090e+00  2.60914e+00
 8.74000e+01  4.95329e-01 -3.57069e-02  1.69065e+00 -7.20874e-02  2.31141e+00  2.60499e+00
 8.75000e+01  4.94740e-01 -3.64083e-02  1.68560e+00 -7.35909e-02  2.30206e+00  2.60098e+00
 8.76000e+01  4.94150e-01 -3.69618e-02  1.68060e+00 -7.47988e-02  2.29290e+00  2.59716e+00
 8.77000e+01  4.93562e-01 -3.73620e-02  1.67566e+00 -7.56986e-02  2.28373e+00  2.59326e+00
 8.78000e+01  4.92980e-01 -3.76036e-02  1.67079e+00 -7.62781e-02  2.27467e+00  2.58940e+00
 8.79000e+01  4.92405e-01 -3.76783e-02  1.66608e+00 -7.65189e-02  2.26597e+00  2.58581e+00
 8.80000e+01  4.91842e-01 -3.75819e-02  1.66156e+00 -7.64105e-02  2.25773e+00  2.58256e+00
 8.81000e+01  4.91293e-01 -3.73147e-02  1.65723e+00 -7.59520e-02  2.24987e+00  2.57954e+00
 8.82000e+01  4.90764e-01 -3.68766e-02  1.65309e+00 -7.51412e-02  2.24229e+00  2.57660e+00
 8.83000e+01  4.90257e-01 -3.62708e-02  1.64913e+00 -7.39832e-02  2.23501e+00  2.57375e+00
 8.84000e+01  4.89777e-01 -3.54960e-02  1.64541e+00 -7.24738e-02  2.22809e+00  2.57099e+00
 8.85000e+01  4.89326e-01 -3.45533e-02  1.64196e+00 -7.06142e-02  2.22173e+00  2.56855e+00
 8.86000e+01  4.88906e-01 -3.34459e-02  1.63881e+00 -6.84097e-02  2.21594e+00  2.56638e+00
 8.87000e+01  4.88521e-01 -3.21795e-02  1.63596e+00 -6.58711e-02  2.21072e+00  2.56448e+00
 8.88000e+01  4.88174e-01 -3.07625e-02  1.63343e+00 -6.30154e-02  2.20608e+00  2.56283e+00
 8.89000e+01  4.87867e-01 -2.92029e-02  1.63121e+00 -5.98582e-02  2.20197e+00  2.56134e+00
 8.90000e+01  4.87602e-01 -2.75114e-02  1.62933e+00 -5.64218e-02  2.19847e+00  2.56011e+00
 8.91000e+01  4.87382e-01 -2.56971e-02  1.62781e+00 -5.27248e-02  2.19557e+00  2.55909e+00
 8.92000e+01  4.87207e-01 -2.37727e-02  1.62663e+00 -4.87938e-02  2.19331e+00  2.55833e+00
 8.93000e+01  4.87078e-01 -2.17485e-02  1.62581e+00 -4.46510e-02  2.19173e+00  2.55785e+00
 8.94000e+01  4.86997e-01 -1.96361e-02  1.62536e+00 -4.03209e-02  2.19080e+00  2.55762e+00
 8.95000e+01  4.86963e-01 -1.74492e-02  1.62526e+00 -3.58327e-02  2.19057e+00  2.55769e+00
 8.96000e+01  4.86978e-01 -1.51982e-02  1.62554e+00 -3.12093e-02  2.19100e+00  2.55801e+00
 8.97000e+01  4.87040e-01 -1.29003e-02  1.62615e+00 -2.64871e-02  2.19206e+00  2.55855e+00
 8.98000e+01  4.87151e-01 -1.05699e-02  1.62709e+00 -2.16974e-02  2.19379e+00  2.55935e+00
 8.99000e+01  4.87308e-01 -8.22048e-03  1.62837e+00 -1.68691e-02  2.19613e+00  2.56036e+00
 9.00000e+01  4.87513e-01 -5.86844e-03  1.62996e+00 -1.20375e-02  2.19901e+00  2.56150e+00
 9.01000e+01  4.87763e-01 -3.52939e-03  1.63184e+00 -7.23588e-03  2.20250e+00  2.56286e+00
 9.02000e+01  4.88056e-01 -1.21793e-03  1.63401e+00 -2.49547e-03  2.20652e+00  2.56438e+00
 9.03000e+01  4.88392e-01  1.05286e-03  1.63646e+00  2.15577e-03  2.21104e+00  2.56601e+00
 9.04000e+01  4.88767e-01  3.26714e-03  1.63917e+00  6.68444e-03  2.21612e+00  2.56785e+00
 9.05000e+01  4.89180e-01  5.41181e-03  1.64214e+00  1.10630e-02  2.22164e+00  2.56981e+00
 9.06000e+01  4.89627e-01  7.47434e-03  1.64534e+00  1.52654e-02  2.22763e+00  2.57191e+00
 9.07000e+01  4.90105e-01  9.44296e-03  1.64877e+00  1.92672e-02  2.23407e+00  2.57418e+00
 9.08000e+01  4.90612e-01  1.13075e-02  1.65240e+00  2.30478e-02  2.24089e+00  2.57656e+00
 9.09000e+01  4.91143e-01  1.30547e-02  1.65623e+00  2.65802e-02  2.24813e+00  2.57913e+00
 9.10000e+01  4.91696e-01  1.46769e-02  1.66023e+00  2.98495e-02  2.25572e+00  2.58184e+00
 9.11000e+01  4.92267e-01  1.61651e-02  1.66439e+00  3.28380e-02  2.26362e+00  2.58468e+00
 9.12000e+01  4.92853e-01  1.75110e-02  1.66870e+00  3.55298e-02  2.27186e+00  2.58770e+00
 9.13000e+01  4.93450e-01  1.87109e-02  1.67314e+00  3.79185e-02  2.28036e+00  2.59086e+00
 9.14000e+01  4.94056e-01  1.97577e-02  1.67768e+00  3.99909e-02  2.28909e+00  2.59414e+00
 9.15000e+01  4.94667e-01  2.06504e-02  1.68232e+00  4.17461e-02  2.29804e+00  2.59756e+00
 9.16000e+01  4.95282e-01  2.13868e-02  1.68703e+00  4.31811e-02  2.30715e+00  2.60108e+00
 9.17000e+01  4.95897e-01  2.19659e-02  1.69180e+00  4.42953e-02  2.31635e+00  2.60467e+00
 9.18000e+01  4.96510e-01  2.23913e-02  1.69658e+00  4.50973e-02  2.32563e+00  2.60831e+00
 9.19000e+01  4.97119e-01  2.26623e-02  1.70138e+00  4.55872e-02  2.33488e+00  2.61194e+00
 9.20000e+01  4.97722e-01  2.27833e-02  1.70615e+00  4.57752e-02  2.34407e+00  2.61552e+00
 9.21000e+01  4.98314e-01  2.27562e-02  1.71089e+00  4.56663e-02  2.35326e+00  2.61918e+00
 9.22000e+01  4.98896e-01  2.25824e-02  1.71561e+00  4.52648e-02  2.36249e+00  2.62295e+00
 9.23000e+01  4.99464e-01  2.22725e-02  1.72027e+00  4.45928e-02  2.37160e+00  2.62670e+00
 9.24000e+01  5.00017e-01  2.18354e-02  1.72485e+00  4.36693e-02  2.38053e+00  2.63037e+00
 9.25000e+01  5.00554e-01  2.12791e-02  1.72934e+00  4.25110e-02  2.38932e+00  2.63403e+00
 9.26000e+01  5.01074e-01  2.06143e-02  1.73374e+00  4.11401e-02  2.39797e+00  2.63769e+00
 9.27000e+01  5.01576e-01  1.98542e-02  1.73803e+00  3.95837e-02  2.40646e+00  2.64134e+00
 9.28000e+01  5.02058e-01  1.90128e-02  1.74220e+00  3.78696e-02  2.41477e+00  2.64497e+00
 9.29000e+01  5.02522e-01  1.81056e-02  1.74624e+00  3.60294e-02  2.42284e+00  2.64851e+00
 9.30000e+01  5.02967e-01  1.71479e-02  1.75013e+00  3.40934e-02  2.43063e+00  2.65194e+00
 9.31000e+01  5.03394e-01  1.61518e-02  1.75388e+00  3.20858e-02  2.43820e+00  2.65531e+00
 9.32000e+01  5.03802e-01  1.51322e-02  1.75747e+00  3.00360e-02  2.44541e+00  2.65849e+00
 9.33000e+01  5.04192e-01  1.41010e-02  1.76089e+00  2.79675e-02  2.45221e+00  2.66141e+00
 9.34000e+01  5.04564e-01  1.30634e-02  1.76415e+00  2.58905e-02  2.45871e+00  2.66421e+00
 9.35000e+01  5.04917e-01  1.20269e-02  1.76726e+00  2.38195e-02  2.46486e+00  2.66683e+00
 9.36000e+01  5.05252e-01  1.10005e-02  1.77019e+00  2.17722e-02  2.47063e+00  2.66925e+00
 9.37000e+01  5.05566e-01  9.99070e-03  1.77294e+00  1.97614e-02  2.47607e+00  2.67151e+00
 9.38000e+01  5.05860e-01  9.00421e-03  1.77549e+00  1.77998e-02  2.48112e+00  2.67360e+00
 9.39000e+01  5.06133e-01  8.04803e-03  1.77784e+00  1.59010e-02  2.48576e+00  2.67548e+00
 9.40000e+01  5.06384e-01  7.12586e-03  1.77999e+00  1.40721e-02  2.49003e+00  2.67721e+00
 9.41000e+01  5.06612e-01  6.23861e-03  1.78193e+00  1.23144e-02  2.49392e+00  2.67878e+00
 9.42000e+01  5.06817e-01  5.38861e-03  1.78368e+00  1.06323e-02  2.49741e+00  2.68019e+00
 9.43000e+01  5.06998e-01  4.57891e-03  1.78521e+00  9.03141e-03  2.50055e+00  2.68147e+00
 9.44000e+01  5.07155e-01  3.81374e-03  1.78653e+00  7.51987e-03  2.50318e+00  2.68250e+00
 9.45000e+01  5.07289e-01  3.09645e-03  1.78763e+00  6.10391e-03  2.50533e+00  2.68329e+00
 9.46000e+01  5.07397e-01  2.42434e-03  1.78850e+00  4.77799e-03  2.50709e+00  2.68394e+00
 9.47000e+01  5.07480e-01  1.79226e-03  1.78913e+00  3.53168e-03  2.50843e+00  2.68443e+00
 9.48000e+01  5.07537e-01  1.18868e-03  1.78954e+00  2.34206e-03  2.50940e+00  2.68481e+00
 9.49000e+01  5.07570e-01  5.99726e-04  1.78971e+00  1.18156e-03  2.50987e+00  2.68495e+00
 9.50000e+01  5.07578e-01  1.36230e-05  1.78966e+00  2.68393e-05  2.50987e+00  2.68487e+00
 9.51000e+01  5.07561e-01 -5.80413e-04  1.78937e+00 -1.14353e-03  2.50936e+00  2.68454e+00
 9.52000e+01  5.07519e-01 -1.18689e-03  1.78885e+00 -2.33862e-03  2.50831e+00  2.68393e+00
 9.53000e+01  5.07452e-01 -1.80828e-03  1.78808e+00 -3.56345e-03  2.50673e+00  2.68305e+00
 9.54000e+01  5.07359e-01 -2.44403e-03  1.78707e+00 -4.81717e-03  2.50461e+00  2.68190e+00
 9.55000e+01  5.07239e-01 -3.09537e-03  1.78582e+00 -6.10238e-03  2.50212e+00  2.68065e+00
 9.56000e+01  5.07091e-01 -3.76768e-03  1.78432e+00 -7.42998e-03  2.49917e+00  2.67923e+00
 9.57000e+01  5.06915e-01 -4.46773e-03  1.78259e+00 -8.81356e-03  2.49583e+00  2.67769e+00
 9.58000e+01  5.06711e-01 -5.20418e-03  1.78063e+00 -1.02705e-02  2.49206e+00  2.67600e+00
 9.59000e+01  5.06481e-01 -5.98170e-03  1.77844e+00 -1.18103e-02  2.48772e+00  2.67402e+00
 9.60000e+01  5.06222e-01 -6.80109e-03  1.77603e+00 -1.34350e-02  2.48293e+00  2.67185e+00
 9.61000e+01  5.05937e-01 -7.65819e-03  1.77340e+00 -1.51366e-02  2.47758e+00  2.66941e+00
 9.62000e+01  5.05623e-01 -8.54710e-03  1.77056e+00 -1.69041e-02  2.47172e+00  2.66672e+00
 9.63000e+01  5.05280e-01 -9.46014e-03  1.76750e+00 -1.87226e-02  2.46547e+00  2.66391e+00
 9.64000e+01  5.04908e-01 -1.03900e-02  1.76423e+00 -2.05781e-02  2.45879e+00  2.66097e+00
 9.65000e+01  5.04505e-01 -1.13304e-02  1.76073e+00 -2.24585e-02  2.45167e+00  2.65787e+00
 9.66000e+01  5.04070e-01 -1.22723e-02  1.75701e+00 -2.43464e-02  2.44411e+00  2.65462e+00
 9.67000e+01  5.03605e-01 -1.32073e-02  1.75306e+00 -2.62254e-02  2.43614e+00  2.65124e+00
 9.68000e+01  5.03109e-01 -1.41259e-02  1.74888e+00 -2.80771e-02  2.42776e+00  2.64774e+00
 9.69000e+01  5.02582e-01 -1.50203e-02  1.74446e+00 -2.98863e-02  2.41898e+00  2.64412e+00
 9.70000e+01  5.02026e-01 -1.58808e-02  1.73982e+00 -3.16334e-02  2.40981e+00  2.64035e+00
 9.71000e+01  5.01441e-01 -1.66971e-02  1.73494e+00 -3.32982e-02  2.40025e+00  2.63645e+00
 9.72000e+01  5.00830e-01 -1.74597e-02  1.72986e+00 -3.48616e-02  2.39029e+00  2.63237e+00
 9.73000e+01  5.00194e-01 -1.81570e-02  1.72456e+00 -3.63000e-02  2.37993e+00  2.62808e+00
 9.74000e+01  4.99534e-01 -1.87785e-02  1.71909e+00 -3.75922e-02  2.36930e+00  2.62373e+00
 9.75000e+01  4.98852e-01 -1.93122e-02  1.71346e+00 -3.87132e-02  2.35849e+00  2.61934e+00
 9.76000e+01  4.98153e-01 -1.97509e-02  1.70772e+00 -3.96483e-02  2.34753e+00  2.61493e+00
 9.77000e+01  4.97437e-01 -2.00902e-02  1.70188e+00 -4.03875e-02  2.33647e+00  2.61053e+00
 9.78000e+01  4.96710e-01 -2.03286e-02  1.69595e+00 -4.09264e-02  2.32527e+00  2.60606e+00
 9.79000e+01  4.95975e-01 -2.04641e-02  1.68995e+00 -4.12603e-02  2.31390e+00  2.60143e+00
 9.80000e+01  4.95236e-01 -2.04924e-02  1.68393e+00 -4.13790e-02  2.30252e+00  2.59680e+00
 9.81000e+01  4.94495e-01 -2.04119e-02  1.67792e+00 -4.12783e-02  2.29119e+00  2.59217e+00
 9.82000e+01  4.93757e-01 -2.02184e-02  1.67195e+00 -4.09482e-02  2.27996e+00  2.58758e+00
 9.83000e+01  4.93024e-01 -1.99089e-02  1.66608e+00 -4.03812e-02  2.26900e+00  2.58316e+00
 9.84000e+01  4.92301e-01 -1.94822e-02  1.66033e+00 -3.95738e-02  2.25826e+00  2.57883e+00
 9.85000e+01  4.91591e-01 -1.89394e-02  1.65472e+00 -3.85267e-02  2.24784e+00  2.57467e+00
 9.86000e+01  4.90899e-01 -1.82806e-02  1.64930e+00 -3.72390e-02  2.23785e+00  2.57074e+00
 9.87000e+01  4.90228e-01 -1.75059e-02  1.64412e+00 -3.57097e-02  2.22829e+00  2.56703e+00
 9.88000e+01  4.89584e-01 -1.66210e-02  1.63918e+00 -3.39492e-02  2.21928e+00  2.56360e+00
 9.89000e+01  4.88970e-01 -1.56303e-02  1.63453e+00 -3.19658e-02  2.21079e+00  2.56041e+00
 9.90000e+01  4.88392e-01 -1.45397e-02  1.63019e+00 -2.97706e-02  2.20291e+00  2.55749e+00
 9.91000e+01  4.87854e-01 -1.33571e-02  1.62618e+00 -2.73792e-02  2.19565e+00  2.55483e+00
 9.92000e+01  4.87360e-01 -1.20911e-02  1.62253e+00 -2.48094e-02  2.18901e+00  2.55240e+00
 9.93000e+01  4.86914e-01 -1.07489e-02  1.61926e+00 -2.20756e-02  2.18310e+00  2.55027e+00
 9.94000e+01  4.86520e-01 -9.33912e-03  1.61639e+00 -1.91958e-02  2.17789e+00  2.54840e+00
 9.95000e+01  4.86181e-01 -7.87196e-03  1.61393e+00 -1.61914e-02  2.17345e+00  2.54682e+00
 9.96000e+01  4.85899e-01 -6.35591e-03  1.61189e+00 -1.30807e-02  2.16978e+00  2.54551e+00
 9.97000e+01  4.85678e-01 -4.80068e-03  1.61030e+00 -9.88450e-03  2.16690e+00  2.54449e+00
 9.98000e+01  4.85518e-01 -3.21613e-03  1.60916e+00 -6.62411e-03  2.16484e+00  2.54377e+00
 9.99000e+01  4.85422e-01 -1.61298e-03  1.60847e+00 -3.32284e-03  2.16358e+00  2.54332e+00
