 0.00000e+00  1.82106e-01 -8.40914e-16  4.84716e-03 -4.61772e-15 -2.18078e-03 -4.83671e-04  1.39149e-01
 5.00000e-01  1.82048e-01 -2.15236e-05  4.84671e-03 -1.18231e-04 -2.17943e-03 -4.84820e-04  1.39114e-01
 1.00000e+00  1.81873e-01 -4.10328e-05  4.84540e-03 -2.25612e-04 -2.17534e-03 -4.88264e-04  1.39010e-01
 1.50000e+00  1.81583e-01 -5.65257e-05  4.84327e-03 -3.11294e-04 -2.16848e-03 -4.94002e-04  1.38837e-01
 2.00000e+00  1.81177e-01 -6.60250e-05  4.84039e-03 -3.64422e-04 -2.15874e-03 -5.02032e-04  1.38596e-01
 2.50000e+00  1.80658e-01 -6.75912e-05  4.83688e-03 -3.74138e-04 -2.14604e-03 -5.12349e-04  1.38288e-01
 3.00000e+00  1.80027e-01 -5.93344e-05  4.83286e-03 -3.29585e-04 -2.13021e-03 -5.24948e-04  1.37915e-01
 3.50000e+00  1.79286e-01 -3.94272e-05  4.82852e-03 -2.19912e-04 -2.11109e-03 -5.39818e-04  1.37479e-01
 4.00000e+00  1.78437e-01 -6.11762e-06  4.82402e-03 -3.42845e-05 -2.08851e-03 -5.56951e-04  1.36981e-01
 4.50000e+00  1.77483e-01  4.22582e-05  4.81959e-03  2.38097e-04 -2.06227e-03 -5.76331e-04  1.36425e-01
 5.00000e+00  1.76427e-01  1.07263e-04  4.81546e-03  6.07976e-04 -2.03216e-03 -5.97941e-04  1.35814e-01
 5.50000e+00  1.75273e-01  1.90347e-04  4.81188e-03  1.08600e-03 -1.99798e-03 -6.21758e-04  1.35151e-01
 6.00000e+00  1.74025e-01  2.92832e-04  4.80910e-03  1.68270e-03 -1.95955e-03 -6.47752e-04  1.34440e-01
 6.50000e+00  1.72687e-01  4.15902e-04  4.80739e-03  2.40841e-03 -1.91667e-03 -6.75889e-04  1.33684e-01
 7.00000e+00  1.71266e-01  5.60588e-04  4.80704e-03  3.27321e-03 -1.86919e-03 -7.06126e-04  1.32889e-01
 7.50000e+00  1.69765e-01  7.27759e-04  4.80832e-03  4.28685e-03 -1.81699e-03 -7.38410e-04  1.32059e-01
 8.00000e+00  1.68193e-01  9.18107e-04  4.81151e-03  5.45865e-03 -1.75998e-03 -7.72680e-04  1.31200e-01
 8.50000e+00  1.66555e-01  1.13214e-03  4.81686e-03  6.79736e-03 -1.69812e-03 -8.08861e-04  1.30317e-01
 9.00000e+00  1.64860e-01  1.37016e-03  4.82464e-03  8.31104e-03 -1.63142e-03 -8.46868e-04  1.29417e-01
 9.50000e+00  1.63114e-01  1.63226e-03  4.83508e-03  1.00069e-02 -1.55996e-03 -8.86599e-04  1.28504e-01
 1.00000e+01  1.61328e-01  1.91835e-03  4.84840e-03  1.18910e-02 -1.48387e-03 -9.27939e-04  1.27588e-01
 1.05000e+01  1.59511e-01  2.22807e-03  4.86479e-03  1.39681e-02 -1.40335e-03 -9.70753e-04  1.26673e-01
 1.10000e+01  1.57673e-01  2.56087e-03  4.88440e-03  1.62417e-02 -1.31870e-03 -1.01489e-03  1.25767e-01
 1.15000e+01  1.55824e-01  2.91593e-03  4.90737e-03  1.87129e-02 -1.23026e-03 -1.06018e-03  1.24878e-01
 1.20000e+01  1.53978e-01  3.29222e-03  4.93380e-03  2.13812e-02 -1.13847e-03 -1.10644e-03  1.24013e-01
 1.25000e+01  1.52145e-01  3.68848e-03  4.96372e-03  2.42431e-02 -1.04385e-03 -1.15344e-03  1.23180e-01
 1.30000e+01  1.50340e-01  4.10317e-03  4.99715e-03  2.72926e-02 -9.46974e-04 -1.20097e-03  1.22386e-01
 1.35000e+01  1.48576e-01  4.53457e-03  5.03405e-03  3.05202e-02 -8.48513e-04 -1.24877e-03  1.21639e-01
 1.40000e+01  1.46867e-01  4.98070e-03  5.07435e-03  3.39130e-02 -7.49199e-04 -1.29655e-03  1.20945e-01
 1.45000e+01  1.45229e-01  5.43936e-03  5.11789e-03  3.74538e-02 -6.49835e-04 -1.34404e-03  1.20313e-01
 1.50000e+01  1.43676e-01  5.90818e-03  5.16450e-03  4.11214e-02 -5.51282e-04 -1.39091e-03  1.19748e-01
 1.55000e+01  1.42226e-01  6.38456e-03  5.21392e-03  4.48902e-02 -4.54461e-04 -1.43683e-03  1.19257e-01
 1.60000e+01  1.40894e-01  6.86575e-03  5.26586e-03  4.87298e-02 -3.60342e-04 -1.48145e-03  1.18846e-01
 1.65000e+01  1.39697e-01  7.34883e-03  5.31997e-03  5.26054e-02 -2.69935e-04 -1.52441e-03  1.18520e-01
 1.70000e+01  1.38652e-01  7.83078e-03  5.37581e-03  5.64781e-02 -1.84288e-04 -1.56533e-03  1.18282e-01
 1.75000e+01  1.37774e-01  8.30846e-03  5.43292e-03  6.03052e-02 -1.04471e-04 -1.60385e-03  1.18138e-01
 1.80000e+01  1.37079e-01  8.77869e-03  5.49077e-03  6.40410e-02 -3.15712e-05 -1.63956e-03  1.18090e-01
 1.85000e+01  1.36584e-01  9.23825e-03  5.54876e-03  6.76378e-02  3.33222e-05 -1.67209e-03  1.18140e-01
 1.90000e+01  1.36303e-01  9.68393e-03  5.60626e-03  7.10472e-02  8.91288e-05 -1.70106e-03  1.18289e-01
 1.95000e+01  1.36249e-01  1.01126e-02  5.66259e-03  7.42214e-02  1.34792e-04 -1.72611e-03  1.18540e-01
 2.00000e+01  1.36435e-01  1.05212e-02  5.71703e-03  7.71151e-02  1.69298e-04 -1.74689e-03  1.18892e-01
 2.05000e+01  1.36871e-01  1.09068e-02  5.76885e-03  7.96869e-02  1.91688e-04 -1.76307e-03  1.19346e-01
 2.10000e+01  1.37566e-01  1.12667e-02  5.81729e-03  8.19006e-02  2.01087e-04 -1.77436e-03  1.19902e-01
 2.15000e+01  1.38526e-01  1.15985e-02  5.86160e-03  8.37273e-02  1.96718e-04 -1.78049e-03  1.20560e-01
 2.20000e+01  1.39758e-01  1.18998e-02  5.90104e-03  8.51458e-02  1.77929e-04 -1.78124e-03  1.21321e-01
 2.25000e+01  1.41261e-01  1.21688e-02  5.93490e-03  8.61438e-02  1.44219e-04 -1.77644e-03  1.22183e-01
 2.30000e+01  1.43038e-01  1.24039e-02  5.96255e-03  8.67178e-02  9.52556e-05 -1.76593e-03  1.23148e-01
 2.35000e+01  1.45083e-01  1.26038e-02  5.98337e-03  8.68734e-02  3.09056e-05 -1.74966e-03  1.24216e-01
 2.40000e+01  1.47392e-01  1.27677e-02  5.99687e-03  8.66242e-02 -4.87479e-05 -1.72757e-03  1.25386e-01
 2.45000e+01  1.49958e-01  1.28951e-02  6.00264e-03  8.59912e-02 -1.43385e-04 -1.69970e-03  1.26658e-01
 2.50000e+01  1.52770e-01  1.29857e-02  6.00037e-03  8.50016e-02 -2.52436e-04 -1.66612e-03  1.28032e-01
 2.55000e+01  1.55817e-01  1.30399e-02  5.98990e-03  8.36873e-02 -3.75071e-04 -1.62695e-03  1.29506e-01
 2.60000e+01  1.59083e-01  1.30580e-02  5.97116e-03  8.20832e-02 -5.10200e-04 -1.58235e-03  1.31078e-01
 2.65000e+01  1.62553e-01  1.30410e-02  5.94426e-03  8.02264e-02 -6.56475e-04 -1.53255e-03  1.32747e-01
 2.70000e+01  1.66210e-01  1.29901e-02  5.90942e-03  7.81546e-02 -8.12312e-04 -1.47779e-03  1.34509e-01
 2.75000e+01  1.70036e-01  1.29065e-02  5.86697e-03  7.59046e-02 -9.75904e-04 -1.41837e-03  1.36360e-01
 2.80000e+01  1.74011e-01  1.27919e-02  5.81740e-03  7.35121e-02 -1.14526e-03 -1.35461e-03  1.38295e-01
 2.85000e+01  1.78115e-01  1.26480e-02  5.76126e-03  7.10106e-02 -1.31825e-03 -1.28686e-03  1.40307e-01
 2.90000e+01  1.82329e-01  1.24769e-02  5.69921e-03  6.84308e-02 -1.49263e-03 -1.21547e-03  1.42391e-01
 2.95000e+01  1.86632e-01  1.22805e-02  5.63197e-03  6.58006e-02 -1.66613e-03 -1.14084e-03  1.44539e-01
 3.00000e+01  1.91004e-01  1.20609e-02  5.56027e-03  6.31447e-02 -1.83646e-03 -1.06336e-03  1.46743e-01
 3.05000e+01  1.95426e-01  1.18203e-02  5.48487e-03  6.04848e-02 -2.00141e-03 -9.83425e-04  1.48995e-01
 3.10000e+01  1.99880e-01  1.15609e-02  5.40653e-03  5.78394e-02 -2.15889e-03 -9.01434e-04  1.51286e-01
 3.15000e+01  2.04346e-01  1.12848e-02  5.32594e-03  5.52241e-02 -2.30694e-03 -8.17786e-04  1.53606e-01
 3.20000e+01  2.08808e-01  1.09941e-02  5.24377e-03  5.26519e-02 -2.44385e-03 -7.32870e-04  1.55947e-01
 3.25000e+01  2.13249e-01  1.06909e-02  5.16057e-03  5.01333e-02 -2.56813e-03 -6.47069e-04  1.58299e-01
 3.30000e+01  2.17656e-01  1.03771e-02  5.07684e-03  4.76766e-02 -2.67855e-03 -5.60751e-04  1.60654e-01
 3.35000e+01  2.22013e-01  1.00545e-02  4.99299e-03  4.52881e-02 -2.77421e-03 -4.74270e-04  1.63002e-01
 3.40000e+01  2.26308e-01  9.72502e-03  4.90929e-03  4.29724e-02 -2.85446e-03 -3.87965e-04  1.65334e-01
 3.45000e+01  2.30531e-01  9.39014e-03  4.82597e-03  4.07327e-02 -2.91899e-03 -3.02153e-04  1.67643e-01
 3.50000e+01  2.34670e-01  9.05140e-03  4.74311e-03  3.85707e-02 -2.96776e-03 -2.17137e-04  1.69921e-01
 3.55000e+01  2.38717e-01  8.71016e-03  4.66071e-03  3.64874e-02 -3.00104e-03 -1.33195e-04  1.72161e-01
 3.60000e+01  2.42664e-01  8.36765e-03  4.57871e-03  3.44824e-02 -3.01935e-03 -5.05891e-05  1.74355e-01
 3.65000e+01  2.46504e-01  8.02496e-03  4.49691e-03  3.25551e-02 -3.02347e-03  3.04424e-05  1.76498e-01
 3.70000e+01  2.50232e-01  7.68306e-03  4.41507e-03  3.07038e-02 -3.01441e-03  1.09680e-04  1.78584e-01
 3.75000e+01  2.53842e-01  7.34279e-03  4.33283e-03  2.89266e-02 -2.99338e-03  1.86924e-04  1.80607e-01
 3.80000e+01  2.57331e-01  7.00484e-03  4.24978e-03  2.72212e-02 -2.96180e-03  2.61996e-04  1.82564e-01
 3.85000e+01  2.60695e-01  6.66983e-03  4.16540e-03  2.55848e-02 -2.92127e-03  3.34732e-04  1.84449e-01
 3.90000e+01  2.63932e-01  6.33823e-03  4.07910e-03  2.40146e-02 -2.87351e-03  4.04991e-04  1.86258e-01
 3.95000e+01  2.67041e-01  6.01043e-03  3.99021e-03  2.25076e-02 -2.82041e-03  4.72645e-04  1.87989e-01
 4.00000e+01  2.70018e-01  5.68673e-03  3.89800e-03  2.10605e-02 -2.76394e-03  5.37583e-04  1.89636e-01
 4.05000e+01  2.72864e-01  5.36732e-03  3.80168e-03  1.96703e-02 -2.70617e-03  5.99707e-04  1.91198e-01
 4.10000e+01  2.75578e-01  5.05234e-03  3.70044e-03  1.83336e-02 -2.64922e-03  6.58935e-04  1.92671e-01
 4.15000e+01  2.78159e-01  4.74185e-03  3.59349e-03  1.70473e-02 -2.59520e-03  7.15195e-04  1.94052e-01
 4.20000e+01  2.80606e-01  4.43584e-03  3.48009e-03  1.58081e-02 -2.54616e-03  7.68426e-04  1.95339e-01
 4.25000e+01  2.82918e-01  4.13426e-03  3.35967e-03  1.46129e-02 -2.50402e-03  8.18578e-04  1.96529e-01
 4.30000e+01  2.85095e-01  3.83700e-03  3.23187e-03  1.34587e-02 -2.47051e-03  8.65608e-04  1.97621e-01
 4.35000e+01  2.87136e-01  3.54391e-03  3.09665e-03  1.23423e-02 -2.44702e-03  9.09482e-04  1.98614e-01
 4.40000e+01  2.89040e-01  3.25482e-03  2.95440e-03  1.12608e-02 -2.43454e-03  9.50172e-04  1.99507e-01
 4.45000e+01  2.90804e-01  2.96950e-03  2.80603e-03  1.02113e-02 -2.43356e-03  9.87656e-04  2.00302e-01
 4.50000e+01  2.92428e-01  2.68772e-03  2.65306e-03  9.19106e-03 -2.44395e-03  1.02192e-03  2.01000e-01
 4.55000e+01  2.93909e-01  2.40923e-03  2.49766e-03  8.19720e-03 -2.46495e-03  1.05294e-03  2.01605e-01
 4.60000e+01  2.95244e-01  2.13374e-03  2.34266e-03  7.22703e-03 -2.49508e-03  1.08071e-03  2.02119e-01
 4.65000e+01  2.96431e-01  1.86095e-03  2.19151e-03  6.27785e-03 -2.53226e-03  1.10523e-03  2.02550e-01
 4.70000e+01  2.97468e-01  1.59056e-03  2.04816e-03  5.34700e-03 -2.57381e-03  1.12649e-03  2.02902e-01
 4.75000e+01  2.98351e-01  1.32225e-03  1.91686e-03  4.43186e-03 -2.61669e-03  1.14448e-03  2.03184e-01
 4.80000e+01  2.99078e-01  1.05568e-03  1.80194e-03  3.52979e-03 -2.65764e-03  1.15920e-03  2.03402e-01
 4.85000e+01  2.99646e-01  7.90521e-04  1.70752e-03  2.63819e-03 -2.69348e-03  1.17065e-03  2.03563e-01
 4.90000e+01  3.00053e-01  5.26422e-04  1.63722e-03  1.75443e-03 -2.72138e-03  1.17884e-03  2.03673e-01
 4.95000e+01  3.00298e-01  2.63033e-04  1.59383e-03  8.75907e-04 -2.73909e-03  1.18374e-03  2.03737e-01
 5.00000e+01  3.00380e-01 -6.61754e-16  1.57917e-03 -2.20306e-15 -2.74515e-03  1.18538e-03  2.03758e-01
 5.05000e+01  3.00298e-01 -2.63033e-04  1.59383e-03 -8.75907e-04 -2.73909e-03  1.18374e-03  2.03737e-01
 5.10000e+01  3.00053e-01 -5.26422e-04  1.63722e-03 -1.75443e-03 -2.72138e-03  1.17884e-03  2.03673e-01
 5.15000e+01  2.99646e-01 -7.90521e-04  1.70752e-03 -2.63819e-03 -2.69348e-03  1.17065e-03  2.03563e-01
 5.20000e+01  2.99078e-01 -1.05568e-03  1.80194e-03 -3.52979e-03 -2.65764e-03  1.15920e-03  2.03402e-01
 5.25000e+01  2.98351e-01 -1.32225e-03  1.91686e-03 -4.43186e-03 -2.61669e-03  1.14448e-03  2.03184e-01
 5.30000e+01  2.97468e-01 -1.59056e-03  2.04816e-03 -5.34700e-03 -2.57381e-03  1.12649e-03  2.02902e-01
 5.35000e+01  2.96431e-01 -1.86095e-03  2.19151e-03 -6.27785e-03 -2.53226e-03  1.10523e-03  2.02550e-01
 5.40000e+01  2.95244e-01 -2.13374e-03  2.34266e-03 -7.22703e-03 -2.49508e-03  1.08071e-03  2.02119e-01
 5.45000e+01  2.93909e-01 -2.40923e-03  2.49766e-03 -8.19720e-03 -2.46495e-03  1.05294e-03  2.01605e-01
 5.50000e+01  2.92428e-01 -2.68772e-03  2.65306e-03 -9.19106e-03 -2.44395e-03  1.02192e-03  2.01000e-01
 5.55000e+01  2.90804e-01 -2.96950e-03  2.80603e-03 -1.02113e-02 -2.43356e-03  9.87656e-04  2.00302e-01
 5.60000e+01  2.89040e-01 -3.25482e-03  2.95440e-03 -1.12608e-02 -2.43454e-03  9.50172e-04  1.99507e-01
 5.65000e+01  2.87136e-01 -3.54391e-03  3.09665e-03 -1.23423e-02 -2.44702e-03  9.09482e-04  1.98614e-01
 5.70000e+01  2.85095e-01 -3.83700e-03  3.23187e-03 -1.34587e-02 -2.47051e-03  8.65608e-04  1.97621e-01
 5.75000e+01  2.82918e-01 -4.13426e-03  3.35967e-03 -1.46129e-02 -2.50402e-03  8.18578e-04  1.96529e-01
 5.80000e+01  2.80606e-01 -4.43584e-03  3.48009e-03 -1.58081e-02 -2.54616e-03  7.68426e-04  1.95339e-01
 5.85000e+01  2.78159e-01 -4.74185e-03  3.59349e-03 -1.70473e-02 -2.59520e-03  7.15195e-04  1.94052e-01
 5.90000e+01  2.75578e-01 -5.05234e-03  3.70044e-03 -1.83336e-02 -2.64922e-03  6.58935e-04  1.92671e-01
 5.95000e+01  2.72864e-01 -5.36732e-03  3.80168e-03 -1.96703e-02 -2.70617e-03  5.99707e-04  1.91198e-01
 6.00000e+01  2.70018e-01 -5.68673e-03  3.89800e-03 -2.10605e-02 -2.76394e-03  5.37583e-04  1.89636e-01
 6.05000e+01  2.67041e-01 -6.01043e-03  3.99021e-03 -2.25076e-02 -2.82041e-03  4.72645e-04  1.87989e-01
 6.10000e+01  2.63932e-01 -6.33823e-03  4.07910e-03 -2.40146e-02 -2.87351e-03  4.04991e-04  1.86258e-01
 6.15000e+01  2.60695e-01 -6.66983e-03  4.16540e-03 -2.55848e-02 -2.92127e-03  3.34732e-04  1.84449e-01
 6.20000e+01  2.57331e-01 -7.00484e-03  4.24978e-03 -2.72212e-02 -2.96180e-03  2.61996e-04  1.82564e-01
 6.25000e+01  2.53842e-01 -7.34279e-03  4.33283e-03 -2.89266e-02 -2.99338e-03  1.86924e-04  1.80607e-01
 6.30000e+01  2.50232e-01 -7.68306e-03  4.41507e-03 -3.07038e-02 -3.01441e-03  1.09680e-04  1.78584e-01
 6.35000e+01  2.46504e-01 -8.02496e-03  4.49691e-03 -3.25551e-02 -3.02347e-03  3.04424e-05  1.76498e-01
 6.40000e+01  2.42664e-01 -8.36765e-03  4.57871e-03 -3.44824e-02 -3.01935e-03 -5.05891e-05  1.74355e-01
 6.45000e+01  2.38717e-01 -8.71016e-03  4.66071e-03 -3.64874e-02 -3.00104e-03 -1.33195e-04  1.72161e-01
 6.50000e+01  2.34670e-01 -9.05140e-03  4.74311e-03 -3.85707e-02 -2.96776e-03 -2.17137e-04  1.69921e-01
 6.55000e+01  2.30531e-01 -9.39014e-03  4.82597e-03 -4.07327e-02 -2.91899e-03 -3.02153e-04  1.67643e-01
 6.60000e+01  2.26308e-01 -9.72502e-03  4.90929e-03 -4.29724e-02 -2.85446e-03 -3.87965e-04  1.65334e-01
 6.65000e+01  2.22013e-01 -1.00545e-02  4.99299e-03 -4.52881e-02 -2.77421e-03 -4.74270e-04  1.63002e-01
 6.70000e+01  2.17656e-01 -1.03771e-02  5.07684e-03 -4.76766e-02 -2.67855e-03 -5.60751e-04  1.60654e-01
 6.75000e+01  2.13249e-01 -1.06909e-02  5.16057e-03 -5.01333e-02 -2.56813e-03 -6.47069e-04  1.58299e-01
 6.80000e+01  2.08808e-01 -1.09941e-02  5.24377e-03 -5.26519e-02 -2.44385e-03 -7.32870e-04  1.55947e-01
 6.85000e+01  2.04346e-01 -1.12848e-02  5.32594e-03 -5.52241e-02 -2.30694e-03 -8.17786e-04  1.53606e-01
 6.90000e+01  1.99880e-01 -1.15609e-02  5.40653e-03 -5.78394e-02 -2.15889e-03 -9.01434e-04  1.51286e-01
 6.95000e+01  1.95426e-01 -1.18203e-02  5.48487e-03 -6.04848e-02 -2.00141e-03 -9.83425e-04  1.48995e-01
 7.00000e+01  1.91004e-01 -1.20609e-02  5.56027e-03 -6.31447e-02 -1.83646e-03 -1.06336e-03  1.46743e-01
 7.05000e+01  1.86632e-01 -1.22805e-02  5.63197e-03 -6.58006e-02 -1.66613e-03 -1.14084e-03  1.44539e-01
 7.10000e+01  1.82329e-01 -1.24769e-02  5.69921e-03 -6.84308e-02 -1.49263e-03 -1.21547e-03  1.42391e-01
 7.15000e+01  1.78115e-01 -1.26480e-02  5.76126e-03 -7.10106e-02 -1.31825e-03 -1.28686e-03  1.40307e-01
 7.20000e+01  1.74011e-01 -1.27919e-02  5.81740e-03 -7.35121e-02 -1.14526e-03 -1.35461e-03  1.38295e-01
 7.25000e+01  1.70036e-01 -1.29065e-02  5.86697e-03 -7.59046e-02 -9.75904e-04 -1.41837e-03  1.36360e-01
 7.30000e+01  1.66210e-01 -1.29901e-02  5.90942e-03 -7.81546e-02 -8.12312e-04 -1.47779e-03  1.34509e-01
 7.35000e+01  1.62553e-01 -1.30410e-02  5.94426e-03 -8.02264e-02 -6.56475e-04 -1.53255e-03  1.32747e-01
 7.40000e+01  1.59083e-01 -1.30580e-02  5.97116e-03 -8.20832e-02 -5.10200e-04 -1.58235e-03  1.31078e-01
 7.45000e+01  1.55817e-01 -1.30399e-02  5.98990e-03 -8.36873e-02 -3.75071e-04 -1.62695e-03  1.29506e-01
 7.50000e+01  1.52770e-01 -1.29857e-02  6.00037e-03 -8.50016e-02 -2.52436e-04 -1.66612e-03  1.28032e-01
 7.55000e+01  1.49958e-01 -1.28951e-02  6.00264e-03 -8.59912e-02 -1.43385e-04 -1.69970e-03  1.26658e-01
 7.60000e+01  1.47392e-01 -1.27677e-02  5.99687e-03 -8.66242e-02 -4.87479e-05 -1.72757e-03  1.25386e-01
 7.65000e+01  1.45083e-01 -1.26038e-02  5.98337e-03 -8.68734e-02  3.09056e-05 -1.74966e-03  1.24216e-01
 7.70000e+01  1.43038e-01 -1.24039e-02  5.96255e-03 -8.67178e-02  9.52556e-05 -1.76593e-03  1.23148e-01
 7.75000e+01  1.41261e-01 -1.21688e-02  5.93490e-03 -8.61438e-02  1.44219e-04 -1.77644e-03  1.22183e-01
 7.80000e+01  1.39758e-01 -1.18998e-02  5.90104e-03 -8.51458e-02  1.77929e-04 -1.78124e-03  1.21321e-01
 7.85000e+01  1.38526e-01 -1.15985e-02  5.86160e-03 -8.37273e-02  1.96718e-04 -1.78049e-03  1.20560e-01
 7.90000e+01  1.37566e-01 -1.12667e-02  5.81729e-03 -8.19006e-02  2.01087e-04 -1.77436e-03  1.19902e-01
 7.95000e+01  1.36871e-01 -1.09068e-02  5.76885e-03 -7.96869e-02  1.91688e-04 -1.76307e-03  1.19346e-01
 8.00000e+01  1.36435e-01 -1.05212e-02  5.71703e-03 -7.71151e-02  1.69298e-04 -1.74689e-03  1.18892e-01
 8.05000e+01  1.36249e-01 -1.01126e-02  5.66259e-03 -7.42214e-02  1.34792e-04 -1.72611e-03  1.18540e-01
 8.10000e+01  1.36303e-01 -9.68393e-03  5.60626e-03 -7.10472e-02  8.91288e-05 -1.70106e-03  1.18289e-01
 8.15000e+01  1.36584e-01 -9.23825e-03  5.54876e-03 -6.76378e-02  3.33222e-05 -1.67209e-03  1.18140e-01
 8.20000e+01  1.37079e-01 -8.77869e-03  5.49077e-03 -6.40410e-02 -3.15712e-05 -1.63956e-03  1.18090e-01
 8.25000e+01  1.37774e-01 -8.30846e-03  5.43292e-03 -6.03052e-02 -1.04471e-04 -1.60385e-03  1.18138e-01
 8.30000e+01  1.38652e-01 -7.83078e-03  5.37581e-03 -5.64781e-02 -1.84288e-04 -1.56533e-03  1.18282e-01
 8.35000e+01  1.39697e-01 -7.34883e-03  5.31997e-03 -5.26054e-02 -2.69935e-04 -1.52441e-03  1.18520e-01
 8.40000e+01  1.40894e-01 -6.86575e-03  5.26586e-03 -4.87298e-02 -3.60342e-04 -1.48145e-03  1.18846e-01
 8.45000e+01  1.42226e-01 -6.38456e-03  5.21392e-03 -4.48902e-02 -4.54461e-04 -1.43683e-03  1.19257e-01
 8.50000e+01  1.43676e-01 -5.90818e-03  5.16450e-03 -4.11214e-02 -5.51282e-04 -1.39091e-03  1.19748e-01
 8.55000e+01  1.45229e-01 -5.43936e-03  5.11789e-03 -3.74538e-02 -6.49835e-04 -1.34404e-03  1.20313e-01
 8.60000e+01  1.46867e-01 -4.98070e-03  5.07435e-03 -3.39130e-02 -7.49199e-04 -1.29655e-03  1.20945e-01
 8.65000e+01  1.48576e-01 -4.53457e-03  5.03405e-03 -3.05202e-02 -8.48513e-04 -1.24877e-03  1.21639e-01
 8.70000e+01  1.50340e-01 -4.10317e-03  4.99715e-03 -2.72926e-02 -9.46974e-04 -1.20097e-03  1.22386e-01
 8.75000e+01  1.52145e-01 -3.68848e-03  4.96372e-03 -2.42431e-02 -1.04385e-03 -1.15344e-03  1.23180e-01
 8.80000e+01  1.53978e-01 -3.29222e-03  4.93380e-03 -2.13812e-02 -1.13847e-03 -1.10644e-03  1.24013e-01
 8.85000e+01  1.55824e-01 -2.91593e-03  4.90737e-03 -1.87129e-02 -1.23026e-03 -1.06018e-03  1.24878e-01
 8.90000e+01  1.57673e-01 -2.56087e-03  4.88440e-03 -1.62417e-02 -1.31870e-03 -1.01489e-03  1.25767e-01
 8.95000e+01  1.59511e-01 -2.22807e-03  4.86479e-03 -1.39681e-02 -1.40335e-03 -9.70753e-04  1.26673e-01
 9.00000e+01  1.61328e-01 -1.91835e-03  4.84840e-03 -1.18910e-02 -1.48387e-03 -9.27939e-04  1.27588e-01
 9.05000e+01  1.63114e-01 -1.63226e-03  4.83508e-03 -1.00069e-02 -1.55996e-03 -8.86599e-04  1.28504e-01
 9.10000e+01  1.64860e-01 -1.37016e-03  4.82464e-03 -8.31104e-03 -1.63142e-03 -8.46868e-04  1.29417e-01
 9.15000e+01  1.66555e-01 -1.13214e-03  4.81686e-03 -6.79736e-03 -1.69812e-03 -8.08861e-04  1.30317e-01
 9.20000e+01  1.68193e-01 -9.18107e-04  4.81151e-03 -5.45865e-03 -1.75998e-03 -7.72680e-04  1.31200e-01
 9.25000e+01  1.69765e-01 -7.27759e-04  4.80832e-03 -4.28685e-03 -1.81699e-03 -7.38410e-04  1.32059e-01
 9.30000e+01  1.71266e-01 -5.60588e-04  4.80704e-03 -3.27321e-03 -1.86919e-03 -7.06126e-04  1.32889e-01
 9.35000e+01  1.72687e-01 -4.15902e-04  4.80739e-03 -2.40841e-03 -1.91667e-03 -6.75889e-04  1.33684e-01
 9.40000e+01  1.74025e-01 -2.92832e-04  4.80910e-03 -1.68270e-03 -1.95955e-03 -6.47752e-04  1.34440e-01
 9.45000e+01  1.75273e-01 -1.90347e-04  4.81188e-03 -1.08600e-03 -1.99798e-03 -6.21758e-04  1.35151e-01
 9.50000e+01  1.76427e-01 -1.07263e-04  4.81546e-03 -6.07976e-04 -2.03216e-03 -5.97941e-04  1.35814e-01
 9.55000e+01  1.77483e-01 -4.22582e-05  4.81959e-03 -2.38097e-04 -2.06227e-03 -5.76331e-04  1.36425e-01
 9.60000e+01  1.78437e-01  6.11762e-06  4.82402e-03  3.42845e-05 -2.08851e-03 -5.56951e-04  1.36981e-01
 9.65000e+01  1.79286e-01  3.94272e-05  4.82852e-03  2.19912e-04 -2.11109e-03 -5.39818e-04  1.37479e-01
 9.70000e+01  1.80027e-01  5.93344e-05  4.83286e-03  3.29585e-04 -2.13021e-03 -5.24948e-04  1.37915e-01
 9.75000e+01  1.80658e-01  6.75912e-05  4.83688e-03  3.74138e-04 -2.14604e-03 -5.12349e-04  1.38288e-01
 9.80000e+01  1.81177e-01  6.60250e-05  4.84039e-03  3.64422e-04 -2.15874e-03 -5.02032e-04  1.38596e-01
 9.85000e+01  1.81583e-01  5.65257e-05  4.84327e-03  3.11294e-04 -2.16848e-03 -4.94002e-04  1.38837e-01
 9.90000e+01  1.81873e-01  4.10328e-05  4.84540e-03  2.25612e-04 -2.17534e-03 -4.88264e-04  1.39010e-01
 9.95000e+01  1.82048e-01  2.15236e-05  4.84671e-03  1.18231e-04 -2.17943e-03 -4.84820e-04  1.39114e-01
