 0.00000e+00  2.08966e-01 -1.32139e-16  6.28547e-03 -6.32349e-16 -1.56809e-03 -1.71671e-03  1.59363e-01
 5.00000e-01  2.08971e-01  2.20047e-04  6.28532e-03  1.05300e-03 -1.56827e-03 -1.71679e-03  1.59365e-01
 1.00000e+00  2.08984e-01  4.40038e-04  6.28487e-03  2.10560e-03 -1.56881e-03 -1.71706e-03  1.59372e-01
 1.50000e+00  2.09006e-01  6.59915e-04  6.28412e-03  3.15739e-03 -1.56972e-03 -1.71751e-03  1.59382e-01
 2.00000e+00  2.09037e-01  8.79616e-04  6.28307e-03  4.20793e-03 -1.57100e-03 -1.71814e-03  1.59396e-01
 2.50000e+00  2.09078e-01  1.09907e-03  6.28170e-03  5.25674e-03 -1.57265e-03 -1.71894e-03  1.59415e-01
 3.00000e+00  2.09127e-01  1.31819e-03  6.28002e-03  6.30329e-03 -1.57468e-03 -1.71993e-03  1.59438e-01
 3.50000e+00  2.09186e-01  1.53688e-03  6.27802e-03  7.34698e-03 -1.57709e-03 -1.72108e-03  1.59465e-01
 4.00000e+00  2.09253e-01  1.75504e-03  6.27569e-03  8.38715e-03 -1.57989e-03 -1.72241e-03  1.59496e-01
 4.50000e+00  2.09331e-01  1.97253e-03  6.27300e-03  9.42306e-03 -1.58311e-03 -1.72391e-03  1.59532e-01
 5.00000e+00  2.09417e-01  2.18922e-03  6.26995e-03  1.04539e-02 -1.58674e-03 -1.72557e-03  1.59572e-01
 5.50000e+00  2.09514e-01  2.40493e-03  6.26651e-03  1.14786e-02 -1.59081e-03 -1.72738e-03  1.59616e-01
 6.00000e+00  2.09620e-01  2.61948e-03  6.26265e-03  1.24963e-02 -1.59535e-03 -1.72933e-03  1.59664e-01
 6.50000e+00  2.09736e-01  2.83266e-03  6.25834e-03  1.35058e-02 -1.60038e-03 -1.73141e-03  1.59717e-01
 7.00000e+00  2.09863e-01  3.04424e-03  6.25353e-03  1.45059e-02 -1.60594e-03 -1.73359e-03  1.59774e-01
 7.50000e+00  2.09999e-01  3.25398e-03  6.24819e-03  1.54952e-02 -1.61206e-03 -1.73587e-03  1.59835e-01
 8.00000e+00  2.10146e-01  3.46159e-03  6.24226e-03  1.64723e-02 -1.61880e-03 -1.73820e-03  1.59900e-01
 8.50000e+00  2.10304e-01  3.66678e-03  6.23568e-03  1.74356e-02 -1.62619e-03 -1.74057e-03  1.59970e-01
 9.00000e+00  2.10472e-01  3.86925e-03  6.22837e-03  1.83837e-02 -1.63430e-03 -1.74294e-03  1.60043e-01
 9.50000e+00  2.10651e-01  4.06866e-03  6.22026e-03  1.93147e-02 -1.64319e-03 -1.74528e-03  1.60120e-01
 1.00000e+01  2.10841e-01  4.26467e-03  6.21127e-03  2.02269e-02 -1.65293e-03 -1.74754e-03  1.60200e-01
 1.05000e+01  2.11042e-01  4.45692e-03  6.20129e-03  2.11187e-02 -1.66359e-03 -1.74968e-03  1.60284e-01
 1.10000e+01  2.11253e-01  4.64504e-03  6.19023e-03  2.19880e-02 -1.67527e-03 -1.75166e-03  1.60370e-01
 1.15000e+01  2.11475e-01  4.82865e-03  6.17797e-03  2.28332e-02 -1.68804e-03 -1.75342e-03  1.60459e-01
 1.20000e+01  2.11708e-01  5.00739e-03  6.16441e-03  2.36524e-02 -1.70200e-03 -1.75493e-03  1.60550e-01
 1.25000e+01  2.11951e-01  5.18085e-03  6.14940e-03  2.44437e-02 -1.71725e-03 -1.75612e-03  1.60643e-01
 1.30000e+01  2.12203e-01  5.34866e-03  6.13283e-03  2.52054e-02 -1.73390e-03 -1.75695e-03  1.60736e-01
 1.35000e+01  2.12465e-01  5.51046e-03  6.11456e-03  2.59358e-02 -1.75204e-03 -1.75738e-03  1.60830e-01
 1.40000e+01  2.12737e-01  5.66587e-03  6.09445e-03  2.66333e-02 -1.77178e-03 -1.75734e-03  1.60923e-01
 1.45000e+01  2.13016e-01  5.81454e-03  6.07237e-03  2.72963e-02 -1.79324e-03 -1.75681e-03  1.61015e-01
 1.50000e+01  2.13302e-01  5.95615e-03  6.04815e-03  2.79235e-02 -1.81652e-03 -1.75573e-03  1.61105e-01
 1.55000e+01  2.13595e-01  6.09038e-03  6.02168e-03  2.85136e-02 -1.84174e-03 -1.75409e-03  1.61192e-01
 1.60000e+01  2.13894e-01  6.21693e-03  5.99280e-03  2.90655e-02 -1.86899e-03 -1.75184e-03  1.61274e-01
 1.65000e+01  2.14196e-01  6.33555e-03  5.96137e-03  2.95783e-02 -1.89839e-03 -1.74898e-03  1.61352e-01
 1.70000e+01  2.14500e-01  6.44600e-03  5.92727e-03  3.00512e-02 -1.93003e-03 -1.74550e-03  1.61422e-01
 1.75000e+01  2.14806e-01  6.54809e-03  5.89037e-03  3.04838e-02 -1.96401e-03 -1.74139e-03  1.61485e-01
 1.80000e+01  2.15110e-01  6.64165e-03  5.85056e-03  3.08756e-02 -2.00040e-03 -1.73667e-03  1.61539e-01
 1.85000e+01  2.15411e-01  6.72654e-03  5.80772e-03  3.12265e-02 -2.03930e-03 -1.73136e-03  1.61581e-01
 1.90000e+01  2.15707e-01  6.80269e-03  5.76176e-03  3.15367e-02 -2.08075e-03 -1.72550e-03  1.61612e-01
 1.95000e+01  2.15994e-01  6.87002e-03  5.71261e-03  3.18065e-02 -2.12483e-03 -1.71914e-03  1.61628e-01
 2.00000e+01  2.16271e-01  6.92854e-03  5.66019e-03  3.20363e-02 -2.17156e-03 -1.71234e-03  1.61629e-01
 2.05000e+01  2.16535e-01  6.97826e-03  5.60448e-03  3.22270e-02 -2.22097e-03 -1.70519e-03  1.61612e-01
 2.10000e+01  2.16781e-01  7.01924e-03  5.54543e-03  3.23793e-02 -2.27307e-03 -1.69778e-03  1.61575e-01
 2.15000e+01  2.17008e-01  7.05159e-03  5.48305e-03  3.24946e-02 -2.32784e-03 -1.69021e-03  1.61517e-01
 2.20000e+01  2.17212e-01  7.07545e-03  5.41737e-03  3.25740e-02 -2.38525e-03 -1.68261e-03  1.61435e-01
 2.25000e+01  2.17388e-01  7.09097e-03  5.34844e-03  3.26190e-02 -2.44523e-03 -1.67510e-03  1.61327e-01
 2.30000e+01  2.17533e-01  7.09837e-03  5.27633e-03  3.26312e-02 -2.50770e-03 -1.66785e-03  1.61192e-01
 2.35000e+01  2.17644e-01  7.09788e-03  5.20116e-03  3.26123e-02 -2.57253e-03 -1.66100e-03  1.61028e-01
 2.40000e+01  2.17715e-01  7.08974e-03  5.12308e-03  3.25643e-02 -2.63958e-03 -1.65473e-03  1.60831e-01
 2.45000e+01  2.17744e-01  7.07425e-03  5.04227e-03  3.24889e-02 -2.70865e-03 -1.64922e-03  1.60600e-01
 2.50000e+01  2.17724e-01  7.05169e-03  4.95896e-03  3.23882e-02 -2.77951e-03 -1.64466e-03  1.60334e-01
 2.55000e+01  2.17653e-01  7.02238e-03  4.87340e-03  3.22642e-02 -2.85189e-03 -1.64124e-03  1.60029e-01
 2.60000e+01  2.17525e-01  6.98665e-03  4.78590e-03  3.21189e-02 -2.92548e-03 -1.63917e-03  1.59684e-01
 2.65000e+01  2.17336e-01  6.94482e-03  4.69681e-03  3.19543e-02 -2.99990e-03 -1.63865e-03  1.59298e-01
 2.70000e+01  2.17081e-01  6.89723e-03  4.60653e-03  3.17725e-02 -3.07475e-03 -1.63988e-03  1.58868e-01
 2.75000e+01  2.16757e-01  6.84420e-03  4.51548e-03  3.15754e-02 -3.14954e-03 -1.64307e-03  1.58393e-01
 2.80000e+01  2.16359e-01  6.78606e-03  4.42415e-03  3.13649e-02 -3.22377e-03 -1.64843e-03  1.57871e-01
 2.85000e+01  2.15882e-01  6.72314e-03  4.33307e-03  3.11426e-02 -3.29684e-03 -1.65616e-03  1.57303e-01
 2.90000e+01  2.15324e-01  6.65572e-03  4.24279e-03  3.09103e-02 -3.36815e-03 -1.66644e-03  1.56685e-01
 2.95000e+01  2.14679e-01  6.58409e-03  4.15391e-03  3.06695e-02 -3.43701e-03 -1.67945e-03  1.56019e-01
 3.00000e+01  2.13944e-01  6.50852e-03  4.06706e-03  3.04215e-02 -3.50270e-03 -1.69538e-03  1.55303e-01
 3.05000e+01  2.13118e-01  6.42923e-03  3.98290e-03  3.01675e-02 -3.56448e-03 -1.71437e-03  1.54538e-01
 3.10000e+01  2.12195e-01  6.34643e-03  3.90210e-03  2.99084e-02 -3.62154e-03 -1.73657e-03  1.53723e-01
 3.15000e+01  2.11175e-01  6.26030e-03  3.82532e-03  2.96450e-02 -3.67309e-03 -1.76210e-03  1.52860e-01
 3.20000e+01  2.10056e-01  6.17098e-03  3.75326e-03  2.93778e-02 -3.71831e-03 -1.79107e-03  1.51949e-01
 3.25000e+01  2.08836e-01  6.07858e-03  3.68657e-03  2.91069e-02 -3.75640e-03 -1.82354e-03  1.50993e-01
 3.30000e+01  2.07515e-01  5.98316e-03  3.62587e-03  2.88324e-02 -3.78657e-03 -1.85959e-03  1.49992e-01
 3.35000e+01  2.06093e-01  5.88476e-03  3.57177e-03  2.85539e-02 -3.80808e-03 -1.89923e-03  1.48949e-01
 3.40000e+01  2.04570e-01  5.78335e-03  3.52479e-03  2.82708e-02 -3.82025e-03 -1.94247e-03  1.47867e-01
 3.45000e+01  2.02949e-01  5.67890e-03  3.48541e-03  2.79819e-02 -3.82246e-03 -1.98928e-03  1.46748e-01
 3.50000e+01  2.01231e-01  5.57131e-03  3.45400e-03  2.76861e-02 -3.81421e-03 -2.03960e-03  1.45597e-01
 3.55000e+01  1.99421e-01  5.46045e-03  3.43085e-03  2.73816e-02 -3.79510e-03 -2.09333e-03  1.44416e-01
 3.60000e+01  1.97521e-01  5.34617e-03  3.41615e-03  2.70663e-02 -3.76487e-03 -2.15035e-03  1.43211e-01
 3.65000e+01  1.95539e-01  5.22827e-03  3.40995e-03  2.67378e-02 -3.72340e-03 -2.21050e-03  1.41985e-01
 3.70000e+01  1.93479e-01  5.10652e-03  3.41220e-03  2.63932e-02 -3.67072e-03 -2.27359e-03  1.40743e-01
 3.75000e+01  1.91348e-01  4.98068e-03  3.42272e-03  2.60294e-02 -3.60706e-03 -2.33937e-03  1.39491e-01
 3.80000e+01  1.89156e-01  4.85047e-03  3.44120e-03  2.56427e-02 -3.53278e-03 -2.40759e-03  1.38232e-01
 3.85000e+01  1.86911e-01  4.71560e-03  3.46720e-03  2.52292e-02 -3.44845e-03 -2.47796e-03  1.36974e-01
 3.90000e+01  1.84622e-01  4.57577e-03  3.50017e-03  2.47846e-02 -3.35478e-03 -2.55014e-03  1.35720e-01
 3.95000e+01  1.82301e-01  4.43070e-03  3.53948e-03  2.43043e-02 -3.25266e-03 -2.62377e-03  1.34478e-01
 4.00000e+01  1.79959e-01  4.28007e-03  3.58436e-03  2.37836e-02 -3.14312e-03 -2.69846e-03  1.33251e-01
 4.05000e+01  1.77608e-01  4.12361e-03  3.63401e-03  2.32175e-02 -3.02730e-03 -2.77380e-03  1.32046e-01
 4.10000e+01  1.75262e-01  3.96106e-03  3.68754e-03  2.26008e-02 -2.90649e-03 -2.84934e-03  1.30868e-01
 4.15000e+01  1.72934e-01  3.79218e-03  3.74403e-03  2.19285e-02 -2.78202e-03 -2.92463e-03  1.29723e-01
 4.20000e+01  1.70638e-01  3.61677e-03  3.80256e-03  2.11956e-02 -2.65530e-03 -2.99920e-03  1.28615e-01
 4.25000e+01  1.68387e-01  3.43468e-03  3.86219e-03  2.03975e-02 -2.52778e-03 -3.07254e-03  1.27549e-01
 4.30000e+01  1.66197e-01  3.24581e-03  3.92201e-03  1.95298e-02 -2.40090e-03 -3.14418e-03  1.26531e-01
 4.35000e+01  1.64082e-01  3.05011e-03  3.98115e-03  1.85890e-02 -2.27609e-03 -3.21360e-03  1.25563e-01
 4.40000e+01  1.62055e-01  2.84762e-03  4.03880e-03  1.75719e-02 -2.15474e-03 -3.28031e-03  1.24652e-01
 4.45000e+01  1.60131e-01  2.63843e-03  4.09420e-03  1.64767e-02 -2.03815e-03 -3.34382e-03  1.23799e-01
 4.50000e+01  1.58323e-01  2.42271e-03  4.14667e-03  1.53023e-02 -1.92758e-03 -3.40365e-03  1.23010e-01
 4.55000e+01  1.56645e-01  2.20072e-03  4.19562e-03  1.40491e-02 -1.82417e-03 -3.45935e-03  1.22286e-01
 4.60000e+01  1.55107e-01  1.97279e-03  4.24055e-03  1.27189e-02 -1.72894e-03 -3.51047e-03  1.21631e-01
 4.65000e+01  1.53722e-01  1.73933e-03  4.28102e-03  1.13148e-02 -1.64282e-03 -3.55662e-03  1.21047e-01
 4.70000e+01  1.52500e-01  1.50084e-03  4.31667e-03  9.84159e-03 -1.56662e-03 -3.59742e-03  1.20537e-01
 4.75000e+01  1.51449e-01  1.25788e-03  4.34724e-03  8.30560e-03 -1.50102e-03 -3.63253e-03  1.20102e-01
 4.80000e+01  1.50579e-01  1.01108e-03  4.37250e-03  6.71461e-03 -1.44660e-03 -3.66167e-03  1.19744e-01
 4.85000e+01  1.49895e-01  7.61130e-04  4.39229e-03  5.07777e-03 -1.40380e-03 -3.68459e-03  1.19465e-01
 4.90000e+01  1.49402e-01  5.08777e-04  4.40650e-03  3.40542e-03 -1.37299e-03 -3.70111e-03  1.19264e-01
 4.95000e+01  1.49105e-01  2.54799e-04  4.41506e-03  1.70885e-03 -1.35440e-03 -3.71107e-03  1.19144e-01
 5.00000e+01  1.49006e-01  4.80117e-16  4.41791e-03  3.22213e-15 -1.34819e-03 -3.71440e-03  1.19103e-01
 5.05000e+01  1.49105e-01 -2.54799e-04  4.41506e-03 -1.70885e-03 -1.35440e-03 -3.71107e-03  1.19144e-01
 5.10000e+01  1.49402e-01 -5.08777e-04  4.40650e-03 -3.40542e-03 -1.37299e-03 -3.70111e-03  1.19264e-01
 5.15000e+01  1.49895e-01 -7.61130e-04  4.39229e-03 -5.07777e-03 -1.40380e-03 -3.68459e-03  1.19465e-01
 5.20000e+01  1.50579e-01 -1.01108e-03  4.37250e-03 -6.71461e-03 -1.44660e-03 -3.66167e-03  1.19744e-01
 5.25000e+01  1.51449e-01 -1.25788e-03  4.34724e-03 -8.30560e-03 -1.50102e-03 -3.63253e-03  1.20102e-01
 5.30000e+01  1.52500e-01 -1.50084e-03  4.31667e-03 -9.84159e-03 -1.56662e-03 -3.59742e-03  1.20537e-01
 5.35000e+01  1.53722e-01 -1.73933e-03  4.28102e-03 -1.13148e-02 -1.64282e-03 -3.55662e-03  1.21047e-01
 5.40000e+01  1.55107e-01 -1.97279e-03  4.24055e-03 -1.27189e-02 -1.72894e-03 -3.51047e-03  1.21631e-01
 5.45000e+01  1.56645e-01 -2.20072e-03  4.19562e-03 -1.40491e-02 -1.82417e-03 -3.45935e-03  1.22286e-01
 5.50000e+01  1.58323e-01 -2.42271e-03  4.14667e-03 -1.53023e-02 -1.92758e-03 -3.40365e-03  1.23010e-01
 5.55000e+01  1.60131e-01 -2.63843e-03  4.09420e-03 -1.64767e-02 -2.03815e-03 -3.34382e-03  1.23799e-01
 5.60000e+01  1.62055e-01 -2.84762e-03  4.03880e-03 -1.75719e-02 -2.15474e-03 -3.28031e-03  1.24652e-01
 5.65000e+01  1.64082e-01 -3.05011e-03  3.98115e-03 -1.85890e-02 -2.27609e-03 -3.21360e-03  1.25563e-01
 5.70000e+01  1.66197e-01 -3.24581e-03  3.92201e-03 -1.95298e-02 -2.40090e-03 -3.14418e-03  1.26531e-01
 5.75000e+01  1.68387e-01 -3.43468e-03  3.86219e-03 -2.03975e-02 -2.52778e-03 -3.07254e-03  1.27549e-01
 5.80000e+01  1.70638e-01 -3.61677e-03  3.80256e-03 -2.11956e-02 -2.65530e-03 -2.99920e-03  1.28615e-01
 5.85000e+01  1.72934e-01 -3.79218e-03  3.74403e-03 -2.19285e-02 -2.78202e-03 -2.92463e-03  1.29723e-01
 5.90000e+01  1.75262e-01 -3.96106e-03  3.68754e-03 -2.26008e-02 -2.90649e-03 -2.84934e-03  1.30868e-01
 5.95000e+01  1.77608e-01 -4.12361e-03  3.63401e-03 -2.32175e-02 -3.02730e-03 -2.77380e-03  1.32046e-01
 6.00000e+01  1.79959e-01 -4.28007e-03  3.58436e-03 -2.37836e-02 -3.14312e-03 -2.69846e-03  1.33251e-01
 6.05000e+01  1.82301e-01 -4.43070e-03  3.53948e-03 -2.43043e-02 -3.25266e-03 -2.62377e-03  1.34478e-01
 6.10000e+01  1.84622e-01 -4.57577e-03  3.50017e-03 -2.47846e-02 -3.35478e-03 -2.55014e-03  1.35720e-01
 6.15000e+01  1.86911e-01 -4.71560e-03  3.46720e-03 -2.52292e-02 -3.44845e-03 -2.47796e-03  1.36974e-01
 6.20000e+01  1.89156e-01 -4.85047e-03  3.44120e-03 -2.56427e-02 -3.53278e-03 -2.40759e-03  1.38232e-01
 6.25000e+01  1.91348e-01 -4.98068e-03  3.42272e-03 -2.60294e-02 -3.60706e-03 -2.33937e-03  1.39491e-01
 6.30000e+01  1.93479e-01 -5.10652e-03  3.41220e-03 -2.63932e-02 -3.67072e-03 -2.27359e-03  1.40743e-01
 6.35000e+01  1.95539e-01 -5.22827e-03  3.40995e-03 -2.67378e-02 -3.72340e-03 -2.21050e-03  1.41985e-01
 6.40000e+01  1.97521e-01 -5.34617e-03  3.41615e-03 -2.70663e-02 -3.76487e-03 -2.15035e-03  1.43211e-01
 6.45000e+01  1.99421e-01 -5.46045e-03  3.43085e-03 -2.73816e-02 -3.79510e-03 -2.09333e-03  1.44416e-01
 6.50000e+01  2.01231e-01 -5.57131e-03  3.45400e-03 -2.76861e-02 -3.81421e-03 -2.03960e-03  1.45597e-01
 6.55000e+01  2.02949e-01 -5.67890e-03  3.48541e-03 -2.79819e-02 -3.82246e-03 -1.98928e-03  1.46748e-01
 6.60000e+01  2.04570e-01 -5.78335e-03  3.52479e-03 -2.82708e-02 -3.82025e-03 -1.94247e-03  1.47867e-01
 6.65000e+01  2.06093e-01 -5.88476e-03  3.57177e-03 -2.85539e-02 -3.80808e-03 -1.89923e-03  1.48949e-01
 6.70000e+01  2.07515e-01 -5.98316e-03  3.62587e-03 -2.88324e-02 -3.78657e-03 -1.85959e-03  1.49992e-01
 6.75000e+01  2.08836e-01 -6.07858e-03  3.68657e-03 -2.91069e-02 -3.75640e-03 -1.82354e-03  1.50993e-01
 6.80000e+01  2.10056e-01 -6.17098e-03  3.75326e-03 -2.93778e-02 -3.71831e-03 -1.79107e-03  1.51949e-01
 6.85000e+01  2.11175e-01 -6.26030e-03  3.82532e-03 -2.96450e-02 -3.67309e-03 -1.76210e-03  1.52860e-01
 6.90000e+01  2.12195e-01 -6.34643e-03  3.90210e-03 -2.99084e-02 -3.62154e-03 -1.73657e-03  1.53723e-01
 6.95000e+01  2.13118e-01 -6.42923e-03  3.98290e-03 -3.01675e-02 -3.56448e-03 -1.71437e-03  1.54538e-01
 7.00000e+01  2.13944e-01 -6.50852e-03  4.06706e-03 -3.04215e-02 -3.50270e-03 -1.69538e-03  1.55303e-01
 7.05000e+01  2.14679e-01 -6.58409e-03  4.15391e-03 -3.06695e-02 -3.43701e-03 -1.67945e-03  1.56019e-01
 7.10000e+01  2.15324e-01 -6.65572e-03  4.24279e-03 -3.09103e-02 -3.36815e-03 -1.66644e-03  1.56685e-01
 7.15000e+01  2.15882e-01 -6.72314e-03  4.33307e-03 -3.11426e-02 -3.29684e-03 -1.65616e-03  1.57303e-01
 7.20000e+01  2.16359e-01 -6.78606e-03  4.42415e-03 -3.13649e-02 -3.22377e-03 -1.64843e-03  1.57871e-01
 7.25000e+01  2.16757e-01 -6.84420e-03  4.51548e-03 -3.15754e-02 -3.14954e-03 -1.64307e-03  1.58393e-01
 7.30000e+01  2.17081e-01 -6.89723e-03  4.60653e-03 -3.17725e-02 -3.07475e-03 -1.63988e-03  1.58868e-01
 7.35000e+01  2.17336e-01 -6.94482e-03  4.69681e-03 -3.19543e-02 -2.99990e-03 -1.63865e-03  1.59298e-01
 7.40000e+01  2.17525e-01 -6.98665e-03  4.78590e-03 -3.21189e-02 -2.92548e-03 -1.63917e-03  1.59684e-01
 7.45000e+01  2.17653e-01 -7.02238e-03  4.87340e-03 -3.22642e-02 -2.85189e-03 -1.64124e-03  1.60029e-01
 7.50000e+01  2.17724e-01 -7.05169e-03  4.95896e-03 -3.23882e-02 -2.77951e-03 -1.64466e-03  1.60334e-01
 7.55000e+01  2.17744e-01 -7.07425e-03  5.04227e-03 -3.24889e-02 -2.70865e-03 -1.64922e-03  1.60600e-01
 7.60000e+01  2.17715e-01 -7.08974e-03  5.12308e-03 -3.25643e-02 -2.63958e-03 -1.65473e-03  1.60831e-01
 7.65000e+01  2.17644e-01 -7.09788e-03  5.20116e-03 -3.26123e-02 -2.57253e-03 -1.66100e-03  1.61028e-01
 7.70000e+01  2.17533e-01 -7.09837e-03  5.27633e-03 -3.26312e-02 -2.50770e-03 -1.66785e-03  1.61192e-01
 7.75000e+01  2.17388e-01 -7.09097e-03  5.34844e-03 -3.26190e-02 -2.44523e-03 -1.67510e-03  1.61327e-01
 7.80000e+01  2.17212e-01 -7.07545e-03  5.41737e-03 -3.25740e-02 -2.38525e-03 -1.68261e-03  1.61435e-01
 7.85000e+01  2.17008e-01 -7.05159e-03  5.48305e-03 -3.24946e-02 -2.32784e-03 -1.69021e-03  1.61517e-01
 7.90000e+01  2.16781e-01 -7.01924e-03  5.54543e-03 -3.23793e-02 -2.27307e-03 -1.69778e-03  1.61575e-01
 7.95000e+01  2.16535e-01 -6.97826e-03  5.60448e-03 -3.22270e-02 -2.22097e-03 -1.70519e-03  1.61612e-01
 8.00000e+01  2.16271e-01 -6.92854e-03  5.66019e-03 -3.20363e-02 -2.17156e-03 -1.71234e-03  1.61629e-01
 8.05000e+01  2.15994e-01 -6.87002e-03  5.71261e-03 -3.18065e-02 -2.12483e-03 -1.71914e-03  1.61628e-01
 8.10000e+01  2.15707e-01 -6.80269e-03  5.76176e-03 -3.15367e-02 -2.08075e-03 -1.72550e-03  1.61612e-01
 8.15000e+01  2.15411e-01 -6.72654e-03  5.80772e-03 -3.12265e-02 -2.03930e-03 -1.73136e-03  1.61581e-01
 8.20000e+01  2.15110e-01 -6.64165e-03  5.85056e-03 -3.08756e-02 -2.00040e-03 -1.73667e-03  1.61539e-01
 8.25000e+01  2.14806e-01 -6.54809e-03  5.89037e-03 -3.04838e-02 -1.96401e-03 -1.74139e-03  1.61485e-01
 8.30000e+01  2.14500e-01 -6.44600e-03  5.92727e-03 -3.00512e-02 -1.93003e-03 -1.74550e-03  1.61422e-01
 8.35000e+01  2.14196e-01 -6.33555e-03  5.96137e-03 -2.95783e-02 -1.89839e-03 -1.74898e-03  1.61352e-01
 8.40000e+01  2.13894e-01 -6.21693e-03  5.99280e-03 -2.90655e-02 -1.86899e-03 -1.75184e-03  1.61274e-01
 8.45000e+01  2.13595e-01 -6.09038e-03  6.02168e-03 -2.85136e-02 -1.84174e-03 -1.75409e-03  1.61192e-01
 8.50000e+01  2.13302e-01 -5.95615e-03  6.04815e-03 -2.79235e-02 -1.81652e-03 -1.75573e-03  1.61105e-01
 8.55000e+01  2.13016e-01 -5.81454e-03  6.07237e-03 -2.72963e-02 -1.79324e-03 -1.75681e-03  1.61015e-01
 8.60000e+01  2.12737e-01 -5.66587e-03  6.09445e-03 -2.66333e-02 -1.77178e-03 -1.75734e-03  1.60923e-01
 8.65000e+01  2.12465e-01 -5.51046e-03  6.11456e-03 -2.59358e-02 -1.75204e-03 -1.75738e-03  1.60830e-01
 8.70000e+01  2.12203e-01 -5.34866e-03  6.13283e-03 -2.52054e-02 -1.73390e-03 -1.75695e-03  1.60736e-01
 8.75000e+01  2.11951e-01 -5.18085e-03  6.14940e-03 -2.44437e-02 -1.71725e-03 -1.75612e-03  1.60643e-01
 8.80000e+01  2.11708e-01 -5.00739e-03  6.16441e-03 -2.36524e-02 -1.70200e-03 -1.75493e-03  1.60550e-01
 8.85000e+01  2.11475e-01 -4.82865e-03  6.17797e-03 -2.28332e-02 -1.68804e-03 -1.75342e-03  1.60459e-01
 8.90000e+01  2.11253e-01 -4.64504e-03  6.19023e-03 -2.19880e-02 -1.67527e-03 -1.75166e-03  1.60370e-01
 8.95000e+01  2.11042e-01 -4.45692e-03  6.20129e-03 -2.11187e-02 -1.66359e-03 -1.74968e-03  1.60284e-01
 9.00000e+01  2.10841e-01 -4.26467e-03  6.21127e-03 -2.02269e-02 -1.65293e-03 -1.74754e-03  1.60200e-01
 9.05000e+01  2.10651e-01 -4.06866e-03  6.22026e-03 -1.93147e-02 -1.64319e-03 -1.74528e-03  1.60120e-01
 9.10000e+01  2.10472e-01 -3.86925e-03  6.22837e-03 -1.83837e-02 -1.63430e-03 -1.74294e-03  1.60043e-01
 9.15000e+01  2.10304e-01 -3.66678e-03  6.23568e-03 -1.74356e-02 -1.62619e-03 -1.74057e-03  1.59970e-01
 9.20000e+01  2.10146e-01 -3.46159e-03  6.24226e-03 -1.64723e-02 -1.61880e-03 -1.73820e-03  1.59900e-01
 9.25000e+01  2.09999e-01 -3.25398e-03  6.24819e-03 -1.54952e-02 -1.61206e-03 -1.73587e-03  1.59835e-01
 9.30000e+01  2.09863e-01 -3.04424e-03  6.25353e-03 -1.45059e-02 -1.60594e-03 -1.73359e-03  1.59774e-01
 9.35000e+01  2.09736e-01 -2.83266e-03  6.25834e-03 -1.35058e-02 -1.60038e-03 -1.73141e-03  1.59717e-01
 9.40000e+01  2.09620e-01 -2.61948e-03  6.26265e-03 -1.24963e-02 -1.59535e-03 -1.72933e-03  1.59664e-01
 9.45000e+01  2.09514e-01 -2.40493e-03  6.26651e-03 -1.14786e-02 -1.59081e-03 -1.72738e-03  1.59616e-01
 9.50000e+01  2.09417e-01 -2.18922e-03  6.26995e-03 -1.04539e-02 -1.58674e-03 -1.72557e-03  1.59572e-01
 9.55000e+01  2.09331e-01 -1.97253e-03  6.27300e-03 -9.42306e-03 -1.58311e-03 -1.72391e-03  1.59532e-01
 9.60000e+01  2.09253e-01 -1.75504e-03  6.27569e-03 -8.38715e-03 -1.57989e-03 -1.72241e-03  1.59496e-01
 9.65000e+01  2.09186e-01 -1.53688e-03  6.27802e-03 -7.34698e-03 -1.57709e-03 -1.72108e-03  1.59465e-01
 9.70000e+01  2.09127e-01 -1.31819e-03  6.28002e-03 -6.30329e-03 -1.57468e-03 -1.71993e-03  1.59438e-01
 9.75000e+01  2.09078e-01 -1.09907e-03  6.28170e-03 -5.25674e-03 -1.57265e-03 -1.71894e-03  1.59415e-01
 9.80000e+01  2.09037e-01 -8.79616e-04  6.28307e-03 -4.20793e-03 -1.57100e-03 -1.71814e-03  1.59396e-01
 9.85000e+01  2.09006e-01 -6.59915e-04  6.28412e-03 -3.15739e-03 -1.56972e-03 -1.71751e-03  1.59382e-01
 9.90000e+01  2.08984e-01 -4.40038e-04  6.28487e-03 -2.10560e-03 -1.56881e-03 -1.71706e-03  1.59372e-01
 9.95000e+01  2.08971e-01 -2.20047e-04  6.28532e-03 -1.05300e-03 -1.56827e-03 -1.71679e-03  1.59365e-01
