 0.00000e+00  5.15752e-01 -5.25140e-16 -8.64298e-02 -1.01820e-15 -1.87844e-02  8.32321e-03  2.32115e-01
 5.00000e-01  5.15424e-01 -3.01987e-04 -8.62155e-02 -5.85900e-04 -1.87844e-02  8.33920e-03  2.32102e-01
 1.00000e+00  5.14438e-01 -5.98850e-04 -8.55733e-02 -1.16409e-03 -1.87826e-02  8.38686e-03  2.32063e-01
 1.50000e+00  5.12794e-01 -8.85484e-04 -8.45055e-02 -1.72678e-03 -1.87735e-02  8.46523e-03  2.32000e-01
 2.00000e+00  5.10489e-01 -1.15682e-03 -8.30164e-02 -2.26611e-03 -1.87484e-02  8.57277e-03  2.31912e-01
 2.50000e+00  5.07523e-01 -1.40787e-03 -8.11121e-02 -2.77401e-03 -1.86957e-02  8.70740e-03  2.31802e-01
 3.00000e+00  5.03892e-01 -1.63376e-03 -7.88013e-02 -3.24229e-03 -1.86011e-02  8.86652e-03  2.31671e-01
 3.50000e+00  4.99596e-01 -1.82981e-03 -7.60952e-02 -3.66258e-03 -1.84487e-02  9.04714e-03  2.31521e-01
 4.00000e+00  4.94633e-01 -1.99160e-03 -7.30083e-02 -4.02642e-03 -1.82212e-02  9.24594e-03  2.31355e-01
 4.50000e+00  4.89004e-01 -2.11509e-03 -6.95586e-02 -4.32530e-03 -1.79013e-02  9.45934e-03  2.31173e-01
 5.00000e+00  4.82713e-01 -2.19673e-03 -6.57682e-02 -4.55081e-03 -1.74721e-02  9.68363e-03  2.30978e-01
 5.50000e+00  4.75765e-01 -2.23361e-03 -6.16631e-02 -4.69477e-03 -1.69182e-02  9.91505e-03  2.30771e-01
 6.00000e+00  4.68167e-01 -2.22352e-03 -5.72738e-02 -4.74943e-03 -1.62264e-02  1.01499e-02  2.30554e-01
 6.50000e+00  4.59932e-01 -2.16520e-03 -5.26353e-02 -4.70766e-03 -1.53867e-02  1.03844e-02  2.30327e-01
 7.00000e+00  4.51076e-01 -2.05835e-03 -4.77867e-02 -4.56319e-03 -1.43930e-02  1.06153e-02  2.30091e-01
 7.50000e+00  4.41621e-01 -1.90379e-03 -4.27711e-02 -4.31090e-03 -1.32434e-02  1.08393e-02  2.29847e-01
 8.00000e+00  4.31591e-01 -1.70351e-03 -3.76350e-02 -3.94705e-03 -1.19410e-02  1.10534e-02  2.29594e-01
 8.50000e+00  4.21019e-01 -1.46075e-03 -3.24278e-02 -3.46955e-03 -1.04936e-02  1.12551e-02  2.29331e-01
 9.00000e+00  4.09941e-01 -1.17993e-03 -2.72007e-02 -2.87829e-03 -8.91414e-03  1.14421e-02  2.29058e-01
 9.50000e+00  3.98397e-01 -8.66646e-04 -2.20060e-02 -2.17533e-03 -7.22017e-03  1.16124e-02  2.28774e-01
 1.00000e+01  3.86437e-01 -5.27569e-04 -1.68957e-02 -1.36522e-03 -5.43339e-03  1.17645e-02  2.28477e-01
 1.05000e+01  3.74110e-01 -1.70278e-04 -1.19207e-02 -4.55154e-04 -3.57895e-03  1.18972e-02  2.28164e-01
 1.10000e+01  3.61475e-01  1.96930e-04 -7.12919e-03  5.44796e-04 -1.68458e-03  1.20097e-02  2.27835e-01
 1.15000e+01  3.48592e-01  5.65278e-04 -2.56575e-03  1.62160e-03  2.20526e-04  1.21015e-02  2.27488e-01
 1.20000e+01  3.35524e-01  9.25782e-04  1.72994e-03  2.75921e-03  2.10676e-03  1.21724e-02  2.27120e-01
 1.25000e+01  3.22338e-01  1.26956e-03  5.72407e-03  3.93860e-03  3.94531e-03  1.22227e-02  2.26730e-01
 1.30000e+01  3.09102e-01  1.58814e-03  9.38949e-03  5.13791e-03  5.70919e-03  1.22528e-02  2.26319e-01
 1.35000e+01  2.95884e-01  1.87376e-03  1.27064e-02  6.33274e-03  7.37425e-03  1.22636e-02  2.25885e-01
 1.40000e+01  2.82754e-01  2.11970e-03  1.56624e-02  7.49662e-03  8.91995e-03  1.22563e-02  2.25431e-01
 1.45000e+01  2.69778e-01  2.32052e-03  1.82530e-02  8.60157e-03  1.03299e-02  1.22324e-02  2.24958e-01
 1.50000e+01  2.57022e-01  2.47229e-03  2.04809e-02  9.61899e-03  1.15922e-02  1.21936e-02  2.24472e-01
 1.55000e+01  2.44547e-01  2.57278e-03  2.23555e-02  1.05206e-02  1.26996e-02  1.21421e-02  2.23975e-01
 1.60000e+01  2.32412e-01  2.62154e-03  2.38923e-02  1.12797e-02  1.36491e-02  1.20803e-02  2.23476e-01
 1.65000e+01  2.20670e-01  2.61994e-03  2.51120e-02  1.18727e-02  1.44421e-02  1.20107e-02  2.22979e-01
 1.70000e+01  2.09367e-01  2.57113e-03  2.60391e-02  1.22805e-02  1.50833e-02  1.19363e-02  2.22492e-01
 1.75000e+01  1.98547e-01  2.47989e-03  2.67011e-02  1.24902e-02  1.55809e-02  1.18600e-02  2.22020e-01
 1.80000e+01  1.88244e-01  2.35250e-03  2.71273e-02  1.24971e-02  1.59451e-02  1.17849e-02  2.21567e-01
 1.85000e+01  1.78486e-01  2.19639e-03  2.73479e-02  1.23057e-02  1.61883e-02  1.17139e-02  2.21138e-01
 1.90000e+01  1.69295e-01  2.01992e-03  2.73926e-02  1.19314e-02  1.63238e-02  1.16500e-02  2.20733e-01
 1.95000e+01  1.60685e-01  1.83194e-03  2.72907e-02  1.14008e-02  1.63658e-02  1.15958e-02  2.20350e-01
 2.00000e+01  1.52663e-01  1.64144e-03  2.70696e-02  1.07521e-02  1.63284e-02  1.15536e-02  2.19986e-01
 2.05000e+01  1.45228e-01  1.45716e-03  2.67547e-02  1.00336e-02  1.62255e-02  1.15251e-02  2.19636e-01
 2.10000e+01  1.38376e-01  1.28720e-03  2.63693e-02  9.30223e-03  1.60702e-02  1.15117e-02  2.19293e-01
 2.15000e+01  1.32092e-01  1.13870e-03  2.59342e-02  8.62051e-03  1.58751e-02  1.15139e-02  2.18951e-01
 2.20000e+01  1.26358e-01  1.01750e-03  2.54676e-02  8.05250e-03  1.56514e-02  1.15317e-02  2.18606e-01
 2.25000e+01  1.21151e-01  9.27962e-04  2.49853e-02  7.65955e-03  1.54094e-02  1.15643e-02  2.18256e-01
 2.30000e+01  1.16443e-01  8.72824e-04  2.45008e-02  7.49572e-03  1.51581e-02  1.16103e-02  2.17902e-01
 2.35000e+01  1.12202e-01  8.53144e-04  2.40251e-02  7.60361e-03  1.49052e-02  1.16675e-02  2.17550e-01
 2.40000e+01  1.08396e-01  8.68354e-04  2.35670e-02  8.01098e-03  1.46572e-02  1.17337e-02  2.17208e-01
 2.45000e+01  1.04987e-01  9.16393e-04  2.31334e-02  8.72867e-03  1.44192e-02  1.18058e-02  2.16888e-01
 2.50000e+01  1.01939e-01  9.93904e-04  2.27289e-02  9.74996e-03  1.41951e-02  1.18809e-02  2.16603e-01
 2.55000e+01  9.92179e-02  1.09648e-03  2.23567e-02  1.10513e-02  1.39876e-02  1.19559e-02  2.16365e-01
 2.60000e+01  9.67874e-02  1.21896e-03  2.20180e-02  1.25942e-02  1.37982e-02  1.20279e-02  2.16184e-01
 2.65000e+01  9.46148e-02  1.35569e-03  2.17127e-02  1.43286e-02  1.36275e-02  1.20944e-02  2.16067e-01
 2.70000e+01  9.26698e-02  1.50083e-03  2.14399e-02  1.61955e-02  1.34752e-02  1.21532e-02  2.16018e-01
 2.75000e+01  9.09247e-02  1.64858e-03  2.11976e-02  1.81313e-02  1.33406e-02  1.22027e-02  2.16038e-01
 2.80000e+01  8.93553e-02  1.79343e-03  2.09835e-02  2.00708e-02  1.32225e-02  1.22420e-02  2.16125e-01
 2.85000e+01  8.79405e-02  1.93029e-03  2.07952e-02  2.19500e-02  1.31195e-02  1.22707e-02  2.16273e-01
 2.90000e+01  8.66628e-02  2.05469e-03  2.06301e-02  2.37090e-02  1.30300e-02  1.22891e-02  2.16476e-01
 2.95000e+01  8.55074e-02  2.16282e-03  2.04858e-02  2.52939e-02  1.29528e-02  1.22981e-02  2.16724e-01
 3.00000e+01  8.44628e-02  2.25161e-03  2.03599e-02  2.66580e-02  1.28863e-02  1.22988e-02  2.17010e-01
 3.05000e+01  8.35199e-02  2.31878e-03  2.02505e-02  2.77632e-02  1.28292e-02  1.22930e-02  2.17322e-01
 3.10000e+01  8.26717e-02  2.36281e-03  2.01555e-02  2.85807e-02  1.27804e-02  1.22825e-02  2.17649e-01
 3.15000e+01  8.19129e-02  2.38293e-03  2.00731e-02  2.90910e-02  1.27386e-02  1.22692e-02  2.17978e-01
 3.20000e+01  8.12394e-02  2.37906e-03  2.00017e-02  2.92845e-02  1.27026e-02  1.22550e-02  2.18297e-01
 3.25000e+01  8.06479e-02  2.35181e-03  1.99394e-02  2.91614e-02  1.26713e-02  1.22414e-02  2.18592e-01
 3.30000e+01  8.01356e-02  2.30238e-03  1.98845e-02  2.87310e-02  1.26436e-02  1.22300e-02  2.18848e-01
 3.35000e+01  7.96996e-02  2.23250e-03  1.98358e-02  2.80114e-02  1.26185e-02  1.22219e-02  2.19055e-01
 3.40000e+01  7.93365e-02  2.14438e-03  1.97920e-02  2.70289e-02  1.25952e-02  1.22179e-02  2.19204e-01
 3.45000e+01  7.90427e-02  2.04062e-03  1.97522e-02  2.58167e-02  1.25732e-02  1.22183e-02  2.19291e-01
 3.50000e+01  7.88138e-02  1.92410e-03  1.97160e-02  2.44133e-02  1.25523e-02  1.22234e-02  2.19315e-01
 3.55000e+01  7.86448e-02  1.79792e-03  1.96829e-02  2.28612e-02  1.25323e-02  1.22328e-02  2.19280e-01
 3.60000e+01  7.85300e-02  1.66523e-03  1.96526e-02  2.12050e-02  1.25130e-02  1.22464e-02  2.19191e-01
 3.65000e+01  7.84634e-02  1.52921e-03  1.96248e-02  1.94894e-02  1.24945e-02  1.22633e-02  2.19052e-01
 3.70000e+01  7.84383e-02  1.39290e-03  1.95991e-02  1.77579e-02  1.24765e-02  1.22830e-02  2.18870e-01
 3.75000e+01  7.84480e-02  1.25915e-03  1.95752e-02  1.60507e-02  1.24590e-02  1.23046e-02  2.18653e-01
 3.80000e+01  7.84856e-02  1.13051e-03  1.95533e-02  1.44041e-02  1.24422e-02  1.23271e-02  2.18412e-01
 3.85000e+01  7.85440e-02  1.00916e-03  1.95339e-02  1.28484e-02  1.24268e-02  1.23496e-02  2.18163e-01
 3.90000e+01  7.86169e-02  8.96779e-04  1.95181e-02  1.14069e-02  1.24137e-02  1.23710e-02  2.17924e-01
 3.95000e+01  7.86982e-02  7.94461e-04  1.95070e-02  1.00950e-02  1.24037e-02  1.23906e-02  2.17712e-01
 4.00000e+01  7.87829e-02  7.02664e-04  1.95012e-02  8.91899e-03  1.23976e-02  1.24075e-02  2.17543e-01
 4.05000e+01  7.88671e-02  6.21176e-04  1.95011e-02  7.87623e-03  1.23956e-02  1.24212e-02  2.17422e-01
 4.10000e+01  7.89480e-02  5.49175e-04  1.95057e-02  6.95616e-03  1.23970e-02  1.24311e-02  2.17346e-01
 4.15000e+01  7.90242e-02  4.85364e-04  1.95133e-02  6.14197e-03  1.24007e-02  1.24372e-02  2.17302e-01
 4.20000e+01  7.90951e-02  4.28167e-04  1.95214e-02  5.41331e-03  1.24049e-02  1.24394e-02  2.17270e-01
 4.25000e+01  7.91610e-02  3.75963e-04  1.95277e-02  4.74935e-03  1.24079e-02  1.24379e-02  2.17229e-01
 4.30000e+01  7.92224e-02  3.27321e-04  1.95300e-02  4.13167e-03  1.24081e-02  1.24332e-02  2.17162e-01
 4.35000e+01  7.92802e-02  2.81175e-04  1.95273e-02  3.54659e-03  1.24048e-02  1.24256e-02  2.17058e-01
 4.40000e+01  7.93348e-02  2.36931e-04  1.95195e-02  2.98647e-03  1.23979e-02  1.24156e-02  2.16916e-01
 4.45000e+01  7.93868e-02  1.94487e-04  1.95069e-02  2.44987e-03  1.23876e-02  1.24038e-02  2.16738e-01
 4.50000e+01  7.94363e-02  1.54170e-04  1.94903e-02  1.94081e-03  1.23744e-02  1.23907e-02  2.16529e-01
 4.55000e+01  7.94833e-02  1.16632e-04  1.94704e-02  1.46738e-03  1.23589e-02  1.23769e-02  2.16297e-01
 4.60000e+01  7.95275e-02  8.27171e-05  1.94481e-02  1.04011e-03  1.23417e-02  1.23630e-02  2.16049e-01
 4.65000e+01  7.95684e-02  5.33289e-05  1.94246e-02  6.70227e-04  1.23237e-02  1.23494e-02  2.15795e-01
 4.70000e+01  7.96053e-02  2.92874e-05  1.94015e-02  3.67908e-04  1.23061e-02  1.23366e-02  2.15551e-01
 4.75000e+01  7.96374e-02  1.11862e-05  1.93808e-02  1.40464e-04  1.22903e-02  1.23250e-02  2.15333e-01
 4.80000e+01  7.96641e-02 -7.48217e-07  1.93639e-02 -9.39215e-06  1.22775e-02  1.23149e-02  2.15156e-01
 4.85000e+01  7.96848e-02 -6.77285e-06  1.93518e-02 -8.49955e-05  1.22682e-02  1.23067e-02  2.15026e-01
 4.90000e+01  7.96996e-02 -7.69306e-06  1.93442e-02 -9.65257e-05  1.22624e-02  1.23005e-02  2.14943e-01
 4.95000e+01  7.97083e-02 -4.84730e-06  1.93404e-02 -6.08129e-05  1.22594e-02  1.22967e-02  2.14898e-01
 5.00000e+01  7.97112e-02 -5.86814e-16  1.93392e-02 -7.36174e-15  1.22585e-02  1.22955e-02  2.14885e-01
 5.05000e+01  7.97083e-02  4.84730e-06  1.93404e-02  6.08129e-05  1.22594e-02  1.22967e-02  2.14898e-01
 5.10000e+01  7.96996e-02  7.69306e-06  1.93442e-02  9.65257e-05  1.22624e-02  1.23005e-02  2.14943e-01
 5.15000e+01  7.96848e-02  6.77285e-06  1.93518e-02  8.49955e-05  1.22682e-02  1.23067e-02  2.15026e-01
 5.20000e+01  7.96641e-02  7.48217e-07  1.93639e-02  9.39215e-06  1.22775e-02  1.23149e-02  2.15156e-01
 5.25000e+01  7.96374e-02 -1.11862e-05  1.93808e-02 -1.40464e-04  1.22903e-02  1.23250e-02  2.15333e-01
 5.30000e+01  7.96053e-02 -2.92874e-05  1.94015e-02 -3.67908e-04  1.23061e-02  1.23366e-02  2.15551e-01
 5.35000e+01  7.95684e-02 -5.33289e-05  1.94246e-02 -6.70227e-04  1.23237e-02  1.23494e-02  2.15795e-01
 5.40000e+01  7.95275e-02 -8.27171e-05  1.94481e-02 -1.04011e-03  1.23417e-02  1.23630e-02  2.16049e-01
 5.45000e+01  7.94833e-02 -1.16632e-04  1.94704e-02 -1.46738e-03  1.23589e-02  1.23769e-02  2.16297e-01
 5.50000e+01  7.94363e-02 -1.54170e-04  1.94903e-02 -1.94081e-03  1.23744e-02  1.23907e-02  2.16529e-01
 5.55000e+01  7.93868e-02 -1.94487e-04  1.95069e-02 -2.44987e-03  1.23876e-02  1.24038e-02  2.16738e-01
 5.60000e+01  7.93348e-02 -2.36931e-04  1.95195e-02 -2.98647e-03  1.23979e-02  1.24156e-02  2.16916e-01
 5.65000e+01  7.92802e-02 -2.81175e-04  1.95273e-02 -3.54659e-03  1.24048e-02  1.24256e-02  2.17058e-01
 5.70000e+01  7.92224e-02 -3.27321e-04  1.95300e-02 -4.13167e-03  1.24081e-02  1.24332e-02  2.17162e-01
 5.75000e+01  7.91610e-02 -3.75963e-04  1.95277e-02 -4.74935e-03  1.24079e-02  1.24379e-02  2.17229e-01
 5.80000e+01  7.90951e-02 -4.28167e-04  1.95214e-02 -5.41331e-03  1.24049e-02  1.24394e-02  2.17270e-01
 5.85000e+01  7.90242e-02 -4.85364e-04  1.95133e-02 -6.14197e-03  1.24007e-02  1.24372e-02  2.17302e-01
 5.90000e+01  7.89480e-02 -5.49175e-04  1.95057e-02 -6.95616e-03  1.23970e-02  1.24311e-02  2.17346e-01
 5.95000e+01  7.88671e-02 -6.21176e-04  1.95011e-02 -7.87623e-03  1.23956e-02  1.24212e-02  2.17422e-01
 6.00000e+01  7.87829e-02 -7.02664e-04  1.95012e-02 -8.91899e-03  1.23976e-02  1.24075e-02  2.17543e-01
 6.05000e+01  7.86982e-02 -7.94461e-04  1.95070e-02 -1.00950e-02  1.24037e-02  1.23906e-02  2.17712e-01
 6.10000e+01  7.86169e-02 -8.96779e-04  1.95181e-02 -1.14069e-02  1.24137e-02  1.23710e-02  2.17924e-01
 6.15000e+01  7.85440e-02 -1.00916e-03  1.95339e-02 -1.28484e-02  1.24268e-02  1.23496e-02  2.18163e-01
 6.20000e+01  7.84856e-02 -1.13051e-03  1.95533e-02 -1.44041e-02  1.24422e-02  1.23271e-02  2.18412e-01
 6.25000e+01  7.84480e-02 -1.25915e-03  1.95752e-02 -1.60507e-02  1.24590e-02  1.23046e-02  2.18653e-01
 6.30000e+01  7.84383e-02 -1.39290e-03  1.95991e-02 -1.77579e-02  1.24765e-02  1.22830e-02  2.18870e-01
 6.35000e+01  7.84634e-02 -1.52921e-03  1.96248e-02 -1.94894e-02  1.24945e-02  1.22633e-02  2.19052e-01
 6.40000e+01  7.85300e-02 -1.66523e-03  1.96526e-02 -2.12050e-02  1.25130e-02  1.22464e-02  2.19191e-01
 6.45000e+01  7.86448e-02 -1.79792e-03  1.96829e-02 -2.28612e-02  1.25323e-02  1.22328e-02  2.19280e-01
 6.50000e+01  7.88138e-02 -1.92410e-03  1.97160e-02 -2.44133e-02  1.25523e-02  1.22234e-02  2.19315e-01
 6.55000e+01  7.90427e-02 -2.04062e-03  1.97522e-02 -2.58167e-02  1.25732e-02  1.22183e-02  2.19291e-01
 6.60000e+01  7.93365e-02 -2.14438e-03  1.97920e-02 -2.70289e-02  1.25952e-02  1.22179e-02  2.19204e-01
 6.65000e+01  7.96996e-02 -2.23250e-03  1.98358e-02 -2.80114e-02  1.26185e-02  1.22219e-02  2.19055e-01
 6.70000e+01  8.01356e-02 -2.30238e-03  1.98845e-02 -2.87310e-02  1.26436e-02  1.22300e-02  2.18848e-01
 6.75000e+01  8.06479e-02 -2.35181e-03  1.99394e-02 -2.91614e-02  1.26713e-02  1.22414e-02  2.18592e-01
 6.80000e+01  8.12394e-02 -2.37906e-03  2.00017e-02 -2.92845e-02  1.27026e-02  1.22550e-02  2.18297e-01
 6.85000e+01  8.19129e-02 -2.38293e-03  2.00731e-02 -2.90910e-02  1.27386e-02  1.22692e-02  2.17978e-01
 6.90000e+01  8.26717e-02 -2.36281e-03  2.01555e-02 -2.85807e-02  1.27804e-02  1.22825e-02  2.17649e-01
 6.95000e+01  8.35199e-02 -2.31878e-03  2.02505e-02 -2.77632e-02  1.28292e-02  1.22930e-02  2.17322e-01
 7.00000e+01  8.44628e-02 -2.25161e-03  2.03599e-02 -2.66580e-02  1.28863e-02  1.22988e-02  2.17010e-01
 7.05000e+01  8.55074e-02 -2.16282e-03  2.04858e-02 -2.52939e-02  1.29528e-02  1.22981e-02  2.16724e-01
 7.10000e+01  8.66628e-02 -2.05469e-03  2.06301e-02 -2.37090e-02  1.30300e-02  1.22891e-02  2.16476e-01
 7.15000e+01  8.79405e-02 -1.93029e-03  2.07952e-02 -2.19500e-02  1.31195e-02  1.22707e-02  2.16273e-01
 7.20000e+01  8.93553e-02 -1.79343e-03  2.09835e-02 -2.00708e-02  1.32225e-02  1.22420e-02  2.16125e-01
 7.25000e+01  9.09247e-02 -1.64858e-03  2.11976e-02 -1.81313e-02  1.33406e-02  1.22027e-02  2.16038e-01
 7.30000e+01  9.26698e-02 -1.50083e-03  2.14399e-02 -1.61955e-02  1.34752e-02  1.21532e-02  2.16018e-01
 7.35000e+01  9.46148e-02 -1.35569e-03  2.17127e-02 -1.43286e-02  1.36275e-02  1.20944e-02  2.16067e-01
 7.40000e+01  9.67874e-02 -1.21896e-03  2.20180e-02 -1.25942e-02  1.37982e-02  1.20279e-02  2.16184e-01
 7.45000e+01  9.92179e-02 -1.09648e-03  2.23567e-02 -1.10513e-02  1.39876e-02  1.19559e-02  2.16365e-01
 7.50000e+01  1.01939e-01 -9.93904e-04  2.27289e-02 -9.74996e-03  1.41951e-02  1.18809e-02  2.16603e-01
 7.55000e+01  1.04987e-01 -9.16393e-04  2.31334e-02 -8.72867e-03  1.44192e-02  1.18058e-02  2.16888e-01
 7.60000e+01  1.08396e-01 -8.68354e-04  2.35670e-02 -8.01098e-03  1.46572e-02  1.17337e-02  2.17208e-01
 7.65000e+01  1.12202e-01 -8.53144e-04  2.40251e-02 -7.60361e-03  1.49052e-02  1.16675e-02  2.17550e-01
 7.70000e+01  1.16443e-01 -8.72824e-04  2.45008e-02 -7.49572e-03  1.51581e-02  1.16103e-02  2.17902e-01
 7.75000e+01  1.21151e-01 -9.27962e-04  2.49853e-02 -7.65955e-03  1.54094e-02  1.15643e-02  2.18256e-01
 7.80000e+01  1.26358e-01 -1.01750e-03  2.54676e-02 -8.05250e-03  1.56514e-02  1.15317e-02  2.18606e-01
 7.85000e+01  1.32092e-01 -1.13870e-03  2.59342e-02 -8.62051e-03  1.58751e-02  1.15139e-02  2.18951e-01
 7.90000e+01  1.38376e-01 -1.28720e-03  2.63693e-02 -9.30223e-03  1.60702e-02  1.15117e-02  2.19293e-01
 7.95000e+01  1.45228e-01 -1.45716e-03  2.67547e-02 -1.00336e-02  1.62255e-02  1.15251e-02  2.19636e-01
 8.00000e+01  1.52663e-01 -1.64144e-03  2.70696e-02 -1.07521e-02  1.63284e-02  1.15536e-02  2.19986e-01
 8.05000e+01  1.60685e-01 -1.83194e-03  2.72907e-02 -1.14008e-02  1.63658e-02  1.15958e-02  2.20350e-01
 8.10000e+01  1.69295e-01 -2.01992e-03  2.73926e-02 -1.19314e-02  1.63238e-02  1.16500e-02  2.20733e-01
 8.15000e+01  1.78486e-01 -2.19639e-03  2.73479e-02 -1.23057e-02  1.61883e-02  1.17139e-02  2.21138e-01
 8.20000e+01  1.88244e-01 -2.35250e-03  2.71273e-02 -1.24971e-02  1.59451e-02  1.17849e-02  2.21567e-01
 8.25000e+01  1.98547e-01 -2.47989e-03  2.67011e-02 -1.24902e-02  1.55809e-02  1.18600e-02  2.22020e-01
 8.30000e+01  2.09367e-01 -2.57113e-03  2.60391e-02 -1.22805e-02  1.50833e-02  1.19363e-02  2.22492e-01
 8.35000e+01  2.20670e-01 -2.61994e-03  2.51120e-02 -1.18727e-02  1.44421e-02  1.20107e-02  2.22979e-01
 8.40000e+01  2.32412e-01 -2.62154e-03  2.38923e-02 -1.12797e-02  1.36491e-02  1.20803e-02  2.23476e-01
 8.45000e+01  2.44547e-01 -2.57278e-03  2.23555e-02 -1.05206e-02  1.26996e-02  1.21421e-02  2.23975e-01
 8.50000e+01  2.57022e-01 -2.47229e-03  2.04809e-02 -9.61899e-03  1.15922e-02  1.21936e-02  2.24472e-01
 8.55000e+01  2.69778e-01 -2.32052e-03  1.82530e-02 -8.60157e-03  1.03299e-02  1.22324e-02  2.24958e-01
 8.60000e+01  2.82754e-01 -2.11970e-03  1.56624e-02 -7.49662e-03  8.91995e-03  1.22563e-02  2.25431e-01
 8.65000e+01  2.95884e-01 -1.87376e-03  1.27064e-02 -6.33274e-03  7.37425e-03  1.22636e-02  2.25885e-01
 8.70000e+01  3.09102e-01 -1.58814e-03  9.38949e-03 -5.13791e-03  5.70919e-03  1.22528e-02  2.26319e-01
 8.75000e+01  3.22338e-01 -1.26956e-03  5.72407e-03 -3.93860e-03  3.94531e-03  1.22227e-02  2.26730e-01
 8.80000e+01  3.35524e-01 -9.25782e-04  1.72994e-03 -2.75921e-03  2.10676e-03  1.21724e-02  2.27120e-01
 8.85000e+01  3.48592e-01 -5.65278e-04 -2.56575e-03 -1.62160e-03  2.20526e-04  1.21015e-02  2.27488e-01
 8.90000e+01  3.61475e-01 -1.96930e-04 -7.12919e-03 -5.44796e-04 -1.68458e-03  1.20097e-02  2.27835e-01
 8.95000e+01  3.74110e-01  1.70278e-04 -1.19207e-02  4.55154e-04 -3.57895e-03  1.18972e-02  2.28164e-01
 9.00000e+01  3.86437e-01  5.27569e-04 -1.68957e-02  1.36522e-03 -5.43339e-03  1.17645e-02  2.28477e-01
 9.05000e+01  3.98397e-01  8.66646e-04 -2.20060e-02  2.17533e-03 -7.22017e-03  1.16124e-02  2.28774e-01
 9.10000e+01  4.09941e-01  1.17993e-03 -2.72007e-02  2.87829e-03 -8.91414e-03  1.14421e-02  2.29058e-01
 9.15000e+01  4.21019e-01  1.46075e-03 -3.24278e-02  3.46955e-03 -1.04936e-02  1.12551e-02  2.29331e-01
 9.20000e+01  4.31591e-01  1.70351e-03 -3.76350e-02  3.94705e-03 -1.19410e-02  1.10534e-02  2.29594e-01
 9.25000e+01  4.41621e-01  1.90379e-03 -4.27711e-02  4.31090e-03 -1.32434e-02  1.08393e-02  2.29847e-01
 9.30000e+01  4.51076e-01  2.05835e-03 -4.77867e-02  4.56319e-03 -1.43930e-02  1.06153e-02  2.30091e-01
 9.35000e+01  4.59932e-01  2.16520e-03 -5.26353e-02  4.70766e-03 -1.53867e-02  1.03844e-02  2.30327e-01
 9.40000e+01  4.68167e-01  2.22352e-03 -5.72738e-02  4.74943e-03 -1.62264e-02  1.01499e-02  2.30554e-01
 9.45000e+01  4.75765e-01  2.23361e-03 -6.16631e-02  4.69477e-03 -1.69182e-02  9.91505e-03  2.30771e-01
 9.50000e+01  4.82713e-01  2.19673e-03 -6.57682e-02  4.55081e-03 -1.74721e-02  9.68363e-03  2.30978e-01
 9.55000e+01  4.89004e-01  2.11509e-03 -6.95586e-02  4.32530e-03 -1.79013e-02  9.45934e-03  2.31173e-01
 9.60000e+01  4.94633e-01  1.99160e-03 -7.30083e-02  4.02642e-03 -1.82212e-02  9.24594e-03  2.31355e-01
 9.65000e+01  4.99596e-01  1.82981e-03 -7.60952e-02  3.66258e-03 -1.84487e-02  9.04714e-03  2.31521e-01
 9.70000e+01  5.03892e-01  1.63376e-03 -7.88013e-02  3.24229e-03 -1.86011e-02  8.86652e-03  2.31671e-01
 9.75000e+01  5.07523e-01  1.40787e-03 -8.11121e-02  2.77401e-03 -1.86957e-02  8.70740e-03  2.31802e-01
 9.80000e+01  5.10489e-01  1.15682e-03 -8.30164e-02  2.26611e-03 -1.87484e-02  8.57277e-03  2.31912e-01
 9.85000e+01  5.12794e-01  8.85484e-04 -8.45055e-02  1.72678e-03 -1.87735e-02  8.46523e-03  2.32000e-01
 9.90000e+01  5.14438e-01  5.98850e-04 -8.55733e-02  1.16409e-03 -1.87826e-02  8.38686e-03  2.32063e-01
 9.95000e+01  5.15424e-01  3.01987e-04 -8.62155e-02  5.85900e-04 -1.87844e-02  8.33920e-03  2.32102e-01
