 0.00000e+00  5.05709e-01  1.46949e-14  1.77233e+00  2.90580e-14  2.47954e+00  2.67352e+00
 1.00000e-01  5.05709e-01 -2.05450e-04  1.77233e+00 -4.06262e-04  2.47954e+00  2.67352e+00
 2.00000e-01  5.05709e-01 -4.10890e-04  1.77233e+00 -8.12504e-04  2.47954e+00  2.67352e+00
 3.00000e-01  5.05708e-01 -6.16309e-04  1.77232e+00 -1.21871e-03  2.47953e+00  2.67352e+00
 4.00000e-01  5.05707e-01 -8.21696e-04  1.77232e+00 -1.62485e-03  2.47952e+00  2.67352e+00
 5.00000e-01  5.05706e-01 -1.02704e-03  1.77231e+00 -2.03090e-03  2.47950e+00  2.67351e+00
 6.00000e-01  5.05704e-01 -1.23233e-03  1.77231e+00 -2.43686e-03  2.47948e+00  2.67351e+00
 7.00000e-01  5.05703e-01 -1.43756e-03  1.77230e+00 -2.84270e-03  2.47946e+00  2.67351e+00
 8.00000e-01  5.05701e-01 -1.64272e-03  1.77229e+00 -3.24839e-03  2.47943e+00  2.67350e+00
 9.00000e-01  5.05698e-01 -1.84779e-03  1.77228e+00 -3.65393e-03  2.47941e+00  2.67350e+00
 1.00000e+00  5.05696e-01 -2.05276e-03  1.77227e+00 -4.05928e-03  2.47937e+00  2.67349e+00
 1.10000e+00  5.05693e-01 -2.25763e-03  1.77225e+00 -4.46443e-03  2.47934e+00  2.67348e+00
 1.20000e+00  5.05690e-01 -2.46238e-03  1.77224e+00 -4.86935e-03  2.47930e+00  2.67348e+00
 1.30000e+00  5.05686e-01 -2.66701e-03  1.77222e+00 -5.27404e-03  2.47926e+00  2.67347e+00
 1.40000e+00  5.05682e-01 -2.87150e-03  1.77220e+00 -5.67846e-03  2.47921e+00  2.67346e+00
 1.50000e+00  5.05678e-01 -3.07584e-03  1.77218e+00 -6.08260e-03  2.47916e+00  2.67345e+00
 1.60000e+00  5.05674e-01 -3.28002e-03  1.77216e+00 -6.48643e-03  2.47911e+00  2.67344e+00
 1.70000e+00  5.05670e-01 -3.48403e-03  1.77214e+00 -6.88994e-03  2.47905e+00  2.67343e+00
 1.80000e+00  5.05665e-01 -3.68787e-03  1.77212e+00 -7.29311e-03  2.47900e+00  2.67342e+00
 1.90000e+00  5.05660e-01 -3.89152e-03  1.77210e+00 -7.69592e-03  2.47893e+00  2.67341e+00
 2.00000e+00  5.05655e-01 -4.09496e-03  1.77207e+00 -8.09834e-03  2.47887e+00  2.67340e+00
 2.10000e+00  5.05649e-01 -4.29820e-03  1.77204e+00 -8.50036e-03  2.47880e+00  2.67338e+00
 2.20000e+00  5.05643e-01 -4.50121e-03  1.77202e+00 -8.90195e-03  2.47873e+00  2.67337e+00
 2.30000e+00  5.05637e-01 -4.70399e-03  1.77199e+00 -9.30311e-03  2.47865e+00  2.67336e+00
 2.40000e+00  5.05630e-01 -4.90653e-03  1.77196e+00 -9.70380e-03  2.47857e+00  2.67334e+00
 2.50000e+00  5.05624e-01 -5.10882e-03  1.77192e+00 -1.01040e-02  2.47849e+00  2.67333e+00
 2.60000e+00  5.05617e-01 -5.31085e-03  1.77189e+00 -1.05037e-02  2.47841e+00  2.67331e+00
 2.70000e+00  5.05610e-01 -5.51261e-03  1.77186e+00 -1.09029e-02  2.47832e+00  2.67329e+00
 2.80000e+00  5.05602e-01 -5.71408e-03  1.77182e+00 -1.13015e-02  2.47823e+00  2.67328e+00
 2.90000e+00  5.05594e-01 -5.91526e-03  1.77178e+00 -1.16996e-02  2.47813e+00  2.67326e+00
 3.00000e+00  5.05586e-01 -6.11613e-03  1.77175e+00 -1.20971e-02  2.47803e+00  2.67324e+00
 3.10000e+00  5.05578e-01 -6.31669e-03  1.77171e+00 -1.24940e-02  2.47793e+00  2.67322e+00
 3.20000e+00  5.05569e-01 -6.51693e-03  1.77167e+00 -1.28903e-02  2.47783e+00  2.67320e+00
 3.30000e+00  5.05561e-01 -6.71684e-03  1.77162e+00 -1.32859e-02  2.47772e+00  2.67318e+00
 3.40000e+00  5.05552e-01 -6.91640e-03  1.77158e+00 -1.36809e-02  2.47761e+00  2.67316e+00
 3.50000e+00  5.05542e-01 -7.11561e-03  1.77154e+00 -1.40752e-02  2.47749e+00  2.67314e+00
 3.60000e+00  5.05533e-01 -7.31445e-03  1.77149e+00 -1.44688e-02  2.47737e+00  2.67312e+00
 3.70000e+00  5.05523e-01 -7.51292e-03  1.77145e+00 -1.48617e-02  2.47725e+00  2.67310e+00
 3.80000e+00  5.05513e-01 -7.71100e-03  1.77140e+00 -1.52538e-02  2.47713e+00  2.67307e+00
 3.90000e+00  5.05502e-01 -7.90869e-03  1.77135e+00 -1.56452e-02  2.47700e+00  2.67305e+00
 4.00000e+00  5.05492e-01 -8.10598e-03  1.77130e+00 -1.60358e-02  2.47687e+00  2.67303e+00
 4.10000e+00  5.05481e-01 -8.30285e-03  1.77125e+00 -1.64257e-02  2.47674e+00  2.67300e+00
 4.20000e+00  5.05470e-01 -8.49930e-03  1.77119e+00 -1.68147e-02  2.47660e+00  2.67298e+00
 4.30000e+00  5.05458e-01 -8.69531e-03  1.77114e+00 -1.72028e-02  2.47646e+00  2.67295e+00
 4.40000e+00  5.05446e-01 -8.89089e-03  1.77109e+00 -1.75902e-02  2.47632e+00  2.67292e+00
 4.50000e+00  5.05434e-01 -9.08600e-03  1.77103e+00 -1.79766e-02  2.47617e+00  2.67290e+00
 4.60000e+00  5.05422e-01 -9.28066e-03  1.77097e+00 -1.83622e-02  2.47603e+00  2.67287e+00
 4.70000e+00  5.05410e-01 -9.47484e-03  1.77091e+00 -1.87468e-02  2.47587e+00  2.67284e+00
 4.80000e+00  5.05397e-01 -9.66854e-03  1.77085e+00 -1.91306e-02  2.47572e+00  2.67281e+00
 4.90000e+00  5.05384e-01 -9.86175e-03  1.77079e+00 -1.95134e-02  2.47556e+00  2.67278e+00
 5.00000e+00  5.05371e-01 -1.00545e-02  1.77073e+00 -1.98952e-02  2.47540e+00  2.67275e+00
 5.10000e+00  5.05358e-01 -1.02467e-02  1.77067e+00 -2.02760e-02  2.47524e+00  2.67272e+00
 5.20000e+00  5.05344e-01 -1.04383e-02  1.77060e+00 -2.06559e-02  2.47507e+00  2.67269e+00
 5.30000e+00  5.05330e-01 -1.06295e-02  1.77054e+00 -2.10347e-02  2.47490e+00  2.67266e+00
 5.40000e+00  5.05316e-01 -1.08201e-02  1.77047e+00 -2.14125e-02  2.47473e+00  2.67263e+00
 5.50000e+00  5.05301e-01 -1.10101e-02  1.77040e+00 -2.17892e-02  2.47455e+00  2.67260e+00
 5.60000e+00  5.05287e-01 -1.11996e-02  1.77034e+00 -2.21649e-02  2.47437e+00  2.67257e+00
 5.70000e+00  5.05272e-01 -1.13886e-02  1.77027e+00 -2.25395e-02  2.47419e+00  2.67253e+00
 5.80000e+00  5.05257e-01 -1.15769e-02  1.77019e+00 -2.29130e-02  2.47401e+00  2.67250e+00
 5.90000e+00  5.05241e-01 -1.17647e-02  1.77012e+00 -2.32853e-02  2.47382e+00  2.67247e+00
 6.00000e+00  5.05226e-01 -1.19519e-02  1.77005e+00 -2.36565e-02  2.47363e+00  2.67243e+00
 6.10000e+00  5.05210e-01 -1.21384e-02  1.76998e+00 -2.40265e-02  2.47344e+00  2.67240e+00
 6.20000e+00  5.05194e-01 -1.23244e-02  1.76990e+00 -2.43954e-02  2.47324e+00  2.67236e+00
 6.30000e+00  5.05177e-01 -1.25097e-02  1.76982e+00 -2.47631e-02  2.47304e+00  2.67233e+00
 6.40000e+00  5.05161e-01 -1.26944e-02  1.76975e+00 -2.51295e-02  2.47284e+00  2.67229e+00
 6.50000e+00  5.05144e-01 -1.28785e-02  1.76967e+00 -2.54947e-02  2.47264e+00  2.67225e+00
 6.60000e+00  5.05127e-01 -1.30619e-02  1.76959e+00 -2.58587e-02  2.47243e+00  2.67222e+00
 6.70000e+00  5.05110e-01 -1.32447e-02  1.76951e+00 -2.62214e-02  2.47222e+00  2.67218e+00
 6.80000e+00  5.05092e-01 -1.34268e-02  1.76943e+00 -2.65828e-02  2.47201e+00  2.67214e+00
 6.90000e+00  5.05074e-01 -1.36082e-02  1.76935e+00 -2.69429e-02  2.47180e+00  2.67210e+00
 7.00000e+00  5.05056e-01 -1.37889e-02  1.76926e+00 -2.73018e-02  2.47158e+00  2.67207e+00
 7.10000e+00  5.05038e-01 -1.39690e-02  1.76918e+00 -2.76592e-02  2.47136e+00  2.67203e+00
 7.20000e+00  5.05020e-01 -1.41483e-02  1.76909e+00 -2.80154e-02  2.47114e+00  2.67199e+00
 7.30000e+00  5.05001e-01 -1.43269e-02  1.76901e+00 -2.83701e-02  2.47091e+00  2.67195e+00
 7.40000e+00  5.04982e-01 -1.45049e-02  1.76892e+00 -2.87235e-02  2.47069e+00  2.67191e+00
 7.50000e+00  5.04963e-01 -1.46821e-02  1.76883e+00 -2.90755e-02  2.47046e+00  2.67187e+00
 7.60000e+00  5.04944e-01 -1.48585e-02  1.76874e+00 -2.94261e-02  2.47022e+00  2.67183e+00
 7.70000e+00  5.04925e-01 -1.50342e-02  1.76865e+00 -2.97752e-02  2.46999e+00  2.67178e+00
 7.80000e+00  5.04905e-01 -1.52092e-02  1.76856e+00 -3.01229e-02  2.46975e+00  2.67174e+00
 7.90000e+00  5.04885e-01 -1.53834e-02  1.76847e+00 -3.04691e-02  2.46951e+00  2.67170e+00
 8.00000e+00  5.04865e-01 -1.55568e-02  1.76838e+00 -3.08139e-02  2.46927e+00  2.67166e+00
 8.10000e+00  5.04844e-01 -1.57295e-02  1.76828e+00 -3.11571e-02  2.46902e+00  2.67161e+00
 8.20000e+00  5.04824e-01 -1.59014e-02  1.76819e+00 -3.14989e-02  2.46877e+00  2.67157e+00
 8.30000e+00  5.04803e-01 -1.60725e-02  1.76809e+00 -3.18391e-02  2.46853e+00  2.67153e+00
 8.40000e+00  5.04782e-01 -1.62428e-02  1.76800e+00 -3.21778e-02  2.46827e+00  2.67148e+00
 8.50000e+00  5.04761e-01 -1.64122e-02  1.76790e+00 -3.25149e-02  2.46802e+00  2.67144e+00
 8.60000e+00  5.04739e-01 -1.65809e-02  1.76780e+00 -3.28504e-02  2.46776e+00  2.67140e+00
 8.70000e+00  5.04718e-01 -1.67488e-02  1.76770e+00 -3.31844e-02  2.46750e+00  2.67135e+00
 8.80000e+00  5.04696e-01 -1.69158e-02  1.76760e+00 -3.35168e-02  2.46724e+00  2.67131e+00
 8.90000e+00  5.04674e-01 -1.70820e-02  1.76750e+00 -3.38475e-02  2.46698e+00  2.67126e+00
 9.00000e+00  5.04652e-01 -1.72473e-02  1.76740e+00 -3.41767e-02  2.46671e+00  2.67121e+00
 9.10000e+00  5.04629e-01 -1.74118e-02  1.76730e+00 -3.45041e-02  2.46644e+00  2.67117e+00
 9.20000e+00  5.04607e-01 -1.75754e-02  1.76720e+00 -3.48300e-02  2.46617e+00  2.67112e+00
 9.30000e+00  5.04584e-01 -1.77382e-02  1.76709e+00 -3.51541e-02  2.46590e+00  2.67108e+00
 9.40000e+00  5.04561e-01 -1.79001e-02  1.76699e+00 -3.54766e-02  2.46563e+00  2.67103e+00
 9.50000e+00  5.04538e-01 -1.80611e-02  1.76688e+00 -3.57973e-02  2.46535e+00  2.67098e+00
 9.60000e+00  5.04515e-01 -1.82212e-02  1.76678e+00 -3.61164e-02  2.46507e+00  2.67093e+00
 9.70000e+00  5.04491e-01 -1.83805e-02  1.76667e+00 -3.64337e-02  2.46479e+00  2.67089e+00
 9.80000e+00  5.04467e-01 -1.85388e-02  1.76656e+00 -3.67493e-02  2.46451e+00  2.67084e+00
 9.90000e+00  5.04443e-01 -1.86962e-02  1.76645e+00 -3.70631e-02  2.46422e+00  2.67079e+00
 1.00000e+01  5.04419e-01 -1.88527e-02  1.76635e+00 -3.73751e-02  2.46394e+00  2.67074e+00
 1.01000e+01  5.04395e-01 -1.90083e-02  1.76624e+00 -3.76854e-02  2.46365e+00  2.67069e+00
 1.02000e+01  5.04371e-01 -1.91630e-02  1.76613e+00 -3.79939e-02  2.46336e+00  2.67065e+00
 1.03000e+01  5.04346e-01 -1.93167e-02  1.76601e+00 -3.83005e-02  2.46306e+00  2.67060e+00
 1.04000e+01  5.04321e-01 -1.94695e-02  1.76590e+00 -3.86054e-02  2.46277e+00  2.67055e+00
 1.05000e+01  5.04296e-01 -1.96213e-02  1.76579e+00 -3.89083e-02  2.46247e+00  2.67050e+00
 1.06000e+01  5.04271e-01 -1.97722e-02  1.76568e+00 -3.92095e-02  2.46217e+00  2.67045e+00
 1.07000e+01  5.04246e-01 -1.99221e-02  1.76556e+00 -3.95088e-02  2.46187e+00  2.67040e+00
 1.08000e+01  5.04220e-01 -2.00711e-02  1.76545e+00 -3.98062e-02  2.46157e+00  2.67035e+00
 1.09000e+01  5.04194e-01 -2.02191e-02  1.76533e+00 -4.01017e-02  2.46127e+00  2.67030e+00
 1.10000e+01  5.04169e-01 -2.03661e-02  1.76522e+00 -4.03954e-02  2.46096e+00  2.67025e+00
 1.11000e+01  5.04143e-01 -2.05121e-02  1.76510e+00 -4.06871e-02  2.46066e+00  2.67020e+00
 1.12000e+01  5.04116e-01 -2.06571e-02  1.76499e+00 -4.09769e-02  2.46035e+00  2.67015e+00
 1.13000e+01  5.04090e-01 -2.08012e-02  1.76487e+00 -4.12648e-02  2.46004e+00  2.67010e+00
 1.14000e+01  5.04064e-01 -2.09442e-02  1.76475e+00 -4.15507e-02  2.45972e+00  2.67005e+00
 1.15000e+01  5.04037e-01 -2.10862e-02  1.76463e+00 -4.18347e-02  2.45941e+00  2.67000e+00
 1.16000e+01  5.04010e-01 -2.12272e-02  1.76451e+00 -4.21167e-02  2.45909e+00  2.66995e+00
 1.17000e+01  5.03983e-01 -2.13672e-02  1.76439e+00 -4.23967e-02  2.45878e+00  2.66989e+00
 1.18000e+01  5.03956e-01 -2.15062e-02  1.76427e+00 -4.26747e-02  2.45846e+00  2.66984e+00
 1.19000e+01  5.03929e-01 -2.16441e-02  1.76415e+00 -4.29508e-02  2.45814e+00  2.66979e+00
 1.20000e+01  5.03901e-01 -2.17810e-02  1.76403e+00 -4.32248e-02  2.45782e+00  2.66974e+00
 1.21000e+01  5.03874e-01 -2.19169e-02  1.76391e+00 -4.34968e-02  2.45749e+00  2.66969e+00
 1.22000e+01  5.03846e-01 -2.20517e-02  1.76379e+00 -4.37667e-02  2.45717e+00  2.66964e+00
 1.23000e+01  5.03818e-01 -2.21855e-02  1.76366e+00 -4.40347e-02  2.45684e+00  2.66959e+00
 1.24000e+01  5.03790e-01 -2.23182e-02  1.76354e+00 -4.43005e-02  2.45651e+00  2.66953e+00
 1.25000e+01  5.03762e-01 -2.24498e-02  1.76342e+00 -4.45643e-02  2.45618e+00  2.66948e+00
 1.26000e+01  5.03734e-01 -2.25804e-02  1.76329e+00 -4.48261e-02  2.45585e+00  2.66943e+00
 1.27000e+01  5.03706e-01 -2.27099e-02  1.76317e+00 -4.50857e-02  2.45552e+00  2.66938e+00
 1.28000e+01  5.03677e-01 -2.28384e-02  1.76304e+00 -4.53433e-02  2.45519e+00  2.66933e+00
 1.29000e+01  5.03648e-01 -2.29657e-02  1.76292e+00 -4.55987e-02  2.45485e+00  2.66927e+00
 1.30000e+01  5.03620e-01 -2.30920e-02  1.76279e+00 -4.58520e-02  2.45452e+00  2.66922e+00
 1.31000e+01  5.03591e-01 -2.32172e-02  1.76267e+00 -4.61033e-02  2.45418e+00  2.66917e+00
 1.32000e+01  5.03562e-01 -2.33413e-02  1.76254e+00 -4.63523e-02  2.45384e+00  2.66912e+00
 1.33000e+01  5.03532e-01 -2.34642e-02  1.76241e+00 -4.65993e-02  2.45350e+00  2.66907e+00
 1.34000e+01  5.03503e-01 -2.35861e-02  1.76229e+00 -4.68441e-02  2.45316e+00  2.66901e+00
 1.35000e+01  5.03474e-01 -2.37069e-02  1.76216e+00 -4.70867e-02  2.45282e+00  2.66896e+00
 1.36000e+01  5.03444e-01 -2.38266e-02  1.76203e+00 -4.73272e-02  2.45248e+00  2.66891e+00
 1.37000e+01  5.03414e-01 -2.39451e-02  1.76190e+00 -4.75655e-02  2.45213e+00  2.66886e+00
 1.38000e+01  5.03385e-01 -2.40626e-02  1.76177e+00 -4.78016e-02  2.45179e+00  2.66881e+00
 1.39000e+01  5.03355e-01 -2.41789e-02  1.76164e+00 -4.80355e-02  2.45144e+00  2.66875e+00
 1.40000e+01  5.03325e-01 -2.42941e-02  1.76151e+00 -4.82672e-02  2.45109e+00  2.66870e+00
 1.41000e+01  5.03294e-01 -2.44081e-02  1.76138e+00 -4.84967e-02  2.45074e+00  2.66865e+00
 1.42000e+01  5.03264e-01 -2.45210e-02  1.76125e+00 -4.87240e-02  2.45040e+00  2.66860e+00
 1.43000e+01  5.03234e-01 -2.46328e-02  1.76112e+00 -4.89491e-02  2.45004e+00  2.66855e+00
 1.44000e+01  5.03203e-01 -2.47435e-02  1.76099e+00 -4.91719e-02  2.44969e+00  2.66849e+00
 1.45000e+01  5.03173e-01 -2.48530e-02  1.76086e+00 -4.93925e-02  2.44934e+00  2.66844e+00
 1.46000e+01  5.03142e-01 -2.49613e-02  1.76073e+00 -4.96109e-02  2.44899e+00  2.66839e+00
 1.47000e+01  5.03111e-01 -2.50685e-02  1.76060e+00 -4.98270e-02  2.44863e+00  2.66834e+00
 1.48000e+01  5.03080e-01 -2.51745e-02  1.76047e+00 -5.00408e-02  2.44828e+00  2.66829e+00
 1.49000e+01  5.03049e-01 -2.52794e-02  1.76034e+00 -5.02524e-02  2.44792e+00  2.66824e+00
 1.50000e+01  5.03018e-01 -2.53831e-02  1.76020e+00 -5.04617e-02  2.44757e+00  2.66818e+00
 1.51000e+01  5.02987e-01 -2.54857e-02  1.76007e+00 -5.06687e-02  2.44721e+00  2.66813e+00
 1.52000e+01  5.02956e-01 -2.55871e-02  1.75994e+00 -5.08734e-02  2.44685e+00  2.66808e+00
 1.53000e+01  5.02924e-01 -2.56873e-02  1.75981e+00 -5.10759e-02  2.44649e+00  2.66803e+00
 1.54000e+01  5.02893e-01 -2.57863e-02  1.75967e+00 -5.12760e-02  2.44613e+00  2.66798e+00
 1.55000e+01  5.02861e-01 -2.58842e-02  1.75954e+00 -5.14739e-02  2.44577e+00  2.66793e+00
 1.56000e+01  5.02830e-01 -2.59809e-02  1.75941e+00 -5.16694e-02  2.44541e+00  2.66788e+00
 1.57000e+01  5.02798e-01 -2.60764e-02  1.75927e+00 -5.18626e-02  2.44505e+00  2.66783e+00
 1.58000e+01  5.02766e-01 -2.61707e-02  1.75914e+00 -5.20535e-02  2.44469e+00  2.66778e+00
 1.59000e+01  5.02734e-01 -2.62639e-02  1.75900e+00 -5.22421e-02  2.44432e+00  2.66773e+00
 1.60000e+01  5.02702e-01 -2.63558e-02  1.75887e+00 -5.24283e-02  2.44396e+00  2.66768e+00
 1.61000e+01  5.02670e-01 -2.64466e-02  1.75874e+00 -5.26122e-02  2.44359e+00  2.66763e+00
 1.62000e+01  5.02638e-01 -2.65361e-02  1.75860e+00 -5.27937e-02  2.44323e+00  2.66758e+00
 1.63000e+01  5.02606e-01 -2.66245e-02  1.75847e+00 -5.29729e-02  2.44286e+00  2.66753e+00
 1.64000e+01  5.02574e-01 -2.67117e-02  1.75833e+00 -5.31498e-02  2.44250e+00  2.66748e+00
 1.65000e+01  5.02541e-01 -2.67976e-02  1.75820e+00 -5.33243e-02  2.44213e+00  2.66743e+00
 1.66000e+01  5.02509e-01 -2.68824e-02  1.75806e+00 -5.34964e-02  2.44176e+00  2.66738e+00
 1.67000e+01  5.02476e-01 -2.69660e-02  1.75793e+00 -5.36662e-02  2.44140e+00  2.66733e+00
 1.68000e+01  5.02444e-01 -2.70483e-02  1.75779e+00 -5.38336e-02  2.44103e+00  2.66728e+00
 1.69000e+01  5.02411e-01 -2.71295e-02  1.75766e+00 -5.39986e-02  2.44066e+00  2.66723e+00
 1.70000e+01  5.02378e-01 -2.72094e-02  1.75752e+00 -5.41612e-02  2.44029e+00  2.66718e+00
 1.71000e+01  5.02346e-01 -2.72882e-02  1.75739e+00 -5.43215e-02  2.43992e+00  2.66713e+00
 1.72000e+01  5.02313e-01 -2.73657e-02  1.75725e+00 -5.44794e-02  2.43955e+00  2.66708e+00
 1.73000e+01  5.02280e-01 -2.74420e-02  1.75712e+00 -5.46348e-02  2.43918e+00  2.66704e+00
 1.74000e+01  5.02247e-01 -2.75171e-02  1.75698e+00 -5.47879e-02  2.43881e+00  2.66699e+00
 1.75000e+01  5.02214e-01 -2.75909e-02  1.75685e+00 -5.49386e-02  2.43844e+00  2.66694e+00
 1.76000e+01  5.02181e-01 -2.76636e-02  1.75671e+00 -5.50869e-02  2.43807e+00  2.66689e+00
 1.77000e+01  5.02148e-01 -2.77350e-02  1.75658e+00 -5.52328e-02  2.43770e+00  2.66684e+00
 1.78000e+01  5.02115e-01 -2.78053e-02  1.75644e+00 -5.53763e-02  2.43733e+00  2.66680e+00
 1.79000e+01  5.02081e-01 -2.78742e-02  1.75631e+00 -5.55174e-02  2.43696e+00  2.66675e+00
 1.80000e+01  5.02048e-01 -2.79420e-02  1.75617e+00 -5.56561e-02  2.43659e+00  2.66670e+00
 1.81000e+01  5.02015e-01 -2.80086e-02  1.75604e+00 -5.57923e-02  2.43622e+00  2.66666e+00
 1.82000e+01  5.01981e-01 -2.80739e-02  1.75590e+00 -5.59261e-02  2.43584e+00  2.66661e+00
 1.83000e+01  5.01948e-01 -2.81380e-02  1.75577e+00 -5.60576e-02  2.43547e+00  2.66656e+00
 1.84000e+01  5.01915e-01 -2.82009e-02  1.75563e+00 -5.61866e-02  2.43510e+00  2.66652e+00
 1.85000e+01  5.01881e-01 -2.82625e-02  1.75550e+00 -5.63131e-02  2.43473e+00  2.66647e+00
 1.86000e+01  5.01848e-01 -2.83229e-02  1.75536e+00 -5.64373e-02  2.43436e+00  2.66643e+00
 1.87000e+01  5.01814e-01 -2.83821e-02  1.75523e+00 -5.65590e-02  2.43398e+00  2.66638e+00
 1.88000e+01  5.01781e-01 -2.84401e-02  1.75510e+00 -5.66783e-02  2.43361e+00  2.66634e+00
 1.89000e+01  5.01747e-01 -2.84968e-02  1.75496e+00 -5.67952e-02  2.43324e+00  2.66629e+00
 1.90000e+01  5.01713e-01 -2.85523e-02  1.75483e+00 -5.69097e-02  2.43287e+00  2.66625e+00
 1.91000e+01  5.01680e-01 -2.86066e-02  1.75469e+00 -5.70217e-02  2.43249e+00  2.66620e+00
 1.92000e+01  5.01646e-01 -2.86597e-02  1.75456e+00 -5.71312e-02  2.43212e+00  2.66616e+00
 1.93000e+01  5.01612e-01 -2.87115e-02  1.75442e+00 -5.72384e-02  2.43175e+00  2.66612e+00
 1.94000e+01  5.01578e-01 -2.87621e-02  1.75429e+00 -5.73431e-02  2.43138e+00  2.66607e+00
 1.95000e+01  5.01545e-01 -2.88114e-02  1.75416e+00 -5.74454e-02  2.43101e+00  2.66603e+00
 1.96000e+01  5.01511e-01 -2.88595e-02  1.75402e+00 -5.75452e-02  2.43063e+00  2.66599e+00
 1.97000e+01  5.01477e-01 -2.89064e-02  1.75389e+00 -5.76426e-02  2.43026e+00  2.66594e+00
 1.98000e+01  5.01443e-01 -2.89521e-02  1.75375e+00 -5.77376e-02  2.42989e+00  2.66590e+00
 1.99000e+01  5.01409e-01 -2.89965e-02  1.75362e+00 -5.78301e-02  2.42952e+00  2.66586e+00
 2.00000e+01  5.01375e-01 -2.90397e-02  1.75349e+00 -5.79202e-02  2.42915e+00  2.66582e+00
 2.01000e+01  5.01341e-01 -2.90817e-02  1.75336e+00 -5.80078e-02  2.42877e+00  2.66578e+00
 2.02000e+01  5.01307e-01 -2.91225e-02  1.75322e+00 -5.80931e-02  2.42840e+00  2.66574e+00
 2.03000e+01  5.01273e-01 -2.91620e-02  1.75309e+00 -5.81758e-02  2.42803e+00  2.66570e+00
 2.04000e+01  5.01239e-01 -2.92003e-02  1.75296e+00 -5.82562e-02  2.42766e+00  2.66565e+00
 2.05000e+01  5.01205e-01 -2.92374e-02  1.75282e+00 -5.83341e-02  2.42729e+00  2.66561e+00
 2.06000e+01  5.01171e-01 -2.92732e-02  1.75269e+00 -5.84095e-02  2.42692e+00  2.66557e+00
 2.07000e+01  5.01137e-01 -2.93078e-02  1.75256e+00 -5.84826e-02  2.42655e+00  2.66553e+00
 2.08000e+01  5.01103e-01 -2.93412e-02  1.75243e+00 -5.85532e-02  2.42618e+00  2.66550e+00
 2.09000e+01  5.01069e-01 -2.93734e-02  1.75230e+00 -5.86213e-02  2.42581e+00  2.66546e+00
 2.10000e+01  5.01035e-01 -2.94043e-02  1.75217e+00 -5.86871e-02  2.42544e+00  2.66542e+00
 2.11000e+01  5.01001e-01 -2.94340e-02  1.75204e+00 -5.87504e-02  2.42507e+00  2.66538e+00
 2.12000e+01  5.00967e-01 -2.94625e-02  1.75190e+00 -5.88112e-02  2.42471e+00  2.66534e+00
 2.13000e+01  5.00933e-01 -2.94898e-02  1.75177e+00 -5.88697e-02  2.42434e+00  2.66530e+00
 2.14000e+01  5.00899e-01 -2.95158e-02  1.75164e+00 -5.89257e-02  2.42397e+00  2.66527e+00
 2.15000e+01  5.00865e-01 -2.95407e-02  1.75151e+00 -5.89792e-02  2.42360e+00  2.66523e+00
 2.16000e+01  5.00831e-01 -2.95643e-02  1.75138e+00 -5.90304e-02  2.42324e+00  2.66519e+00
 2.17000e+01  5.00797e-01 -2.95867e-02  1.75125e+00 -5.90791e-02  2.42287e+00  2.66515e+00
 2.18000e+01  5.00763e-01 -2.96079e-02  1.75113e+00 -5.91254e-02  2.42251e+00  2.66512e+00
 2.19000e+01  5.00729e-01 -2.96278e-02  1.75100e+00 -5.91693e-02  2.42214e+00  2.66508e+00
 2.20000e+01  5.00695e-01 -2.96466e-02  1.75087e+00 -5.92108e-02  2.42177e+00  2.66505e+00
 2.21000e+01  5.00662e-01 -2.96641e-02  1.75074e+00 -5.92499e-02  2.42141e+00  2.66501e+00
 2.22000e+01  5.00628e-01 -2.96805e-02  1.75061e+00 -5.92865e-02  2.42105e+00  2.66498e+00
 2.23000e+01  5.00594e-01 -2.96956e-02  1.75048e+00 -5.93207e-02  2.42068e+00  2.66494e+00
 2.24000e+01  5.00560e-01 -2.97095e-02  1.75036e+00 -5.93526e-02  2.42032e+00  2.66491e+00
 2.25000e+01  5.00526e-01 -2.97222e-02  1.75023e+00 -5.93820e-02  2.41996e+00  2.66487e+00
 2.26000e+01  5.00492e-01 -2.97337e-02  1.75010e+00 -5.94090e-02  2.41960e+00  2.66484e+00
 2.27000e+01  5.00458e-01 -2.97440e-02  1.74997e+00 -5.94336e-02  2.41923e+00  2.66481e+00
 2.28000e+01  5.00424e-01 -2.97531e-02  1.74985e+00 -5.94558e-02  2.41887e+00  2.66477e+00
 2.29000e+01  5.00390e-01 -2.97610e-02  1.74972e+00 -5.94756e-02  2.41851e+00  2.66474e+00
 2.30000e+01  5.00357e-01 -2.97677e-02  1.74960e+00 -5.94930e-02  2.41815e+00  2.66471e+00
 2.31000e+01  5.00323e-01 -2.97733e-02  1.74947e+00 -5.95081e-02  2.41780e+00  2.66467e+00
 2.32000e+01  5.00289e-01 -2.97776e-02  1.74935e+00 -5.95207e-02  2.41744e+00  2.66464e+00
 2.33000e+01  5.00255e-01 -2.97807e-02  1.74922e+00 -5.95310e-02  2.41708e+00  2.66461e+00
 2.34000e+01  5.00222e-01 -2.97826e-02  1.74910e+00 -5.95389e-02  2.41672e+00  2.66458e+00
 2.35000e+01  5.00188e-01 -2.97834e-02  1.74897e+00 -5.95444e-02  2.41637e+00  2.66455e+00
 2.36000e+01  5.00154e-01 -2.97830e-02  1.74885e+00 -5.95475e-02  2.41601e+00  2.66452e+00
 2.37000e+01  5.00121e-01 -2.97813e-02  1.74872e+00 -5.95483e-02  2.41566e+00  2.66449e+00
 2.38000e+01  5.00087e-01 -2.97786e-02  1.74860e+00 -5.95467e-02  2.41530e+00  2.66446e+00
 2.39000e+01  5.00054e-01 -2.97746e-02  1.74848e+00 -5.95428e-02  2.41495e+00  2.66443e+00
 2.40000e+01  5.00020e-01 -2.97694e-02  1.74836e+00 -5.95364e-02  2.41460e+00  2.66440e+00
 2.41000e+01  4.99987e-01 -2.97631e-02  1.74823e+00 -5.95278e-02  2.41424e+00  2.66437e+00
 2.42000e+01  4.99953e-01 -2.97556e-02  1.74811e+00 -5.95168e-02  2.41389e+00  2.66434e+00
 2.43000e+01  4.99920e-01 -2.97469e-02  1.74799e+00 -5.95034e-02  2.41354e+00  2.66432e+00
 2.44000e+01  4.99887e-01 -2.97371e-02  1.74787e+00 -5.94877e-02  2.41319e+00  2.66429e+00
 2.45000e+01  4.99853e-01 -2.97261e-02  1.74775e+00 -5.94697e-02  2.41284e+00  2.66426e+00
 2.46000e+01  4.99820e-01 -2.97139e-02  1.74763e+00 -5.94493e-02  2.41250e+00  2.66423e+00
 2.47000e+01  4.99787e-01 -2.97006e-02  1.74751e+00 -5.94266e-02  2.41215e+00  2.66421e+00
 2.48000e+01  4.99754e-01 -2.96862e-02  1.74739e+00 -5.94016e-02  2.41180e+00  2.66418e+00
 2.49000e+01  4.99721e-01 -2.96705e-02  1.74727e+00 -5.93742e-02  2.41146e+00  2.66415e+00
 2.50000e+01  4.99687e-01 -2.96537e-02  1.74715e+00 -5.93446e-02  2.41111e+00  2.66413e+00
 2.51000e+01  4.99654e-01 -2.96358e-02  1.74703e+00 -5.93126e-02  2.41077e+00  2.66410e+00
 2.52000e+01  4.99621e-01 -2.96167e-02  1.74692e+00 -5.92784e-02  2.41042e+00  2.66408e+00
 2.53000e+01  4.99589e-01 -2.95965e-02  1.74680e+00 -5.92418e-02  2.41008e+00  2.66405e+00
 2.54000e+01  4.99556e-01 -2.95752e-02  1.74668e+00 -5.92029e-02  2.40974e+00  2.66403e+00
 2.55000e+01  4.99523e-01 -2.95527e-02  1.74657e+00 -5.91618e-02  2.40940e+00  2.66400e+00
 2.56000e+01  4.99490e-01 -2.95290e-02  1.74645e+00 -5.91184e-02  2.40906e+00  2.66398e+00
 2.57000e+01  4.99457e-01 -2.95043e-02  1.74633e+00 -5.90726e-02  2.40872e+00  2.66396e+00
 2.58000e+01  4.99425e-01 -2.94784e-02  1.74622e+00 -5.90247e-02  2.40838e+00  2.66393e+00
 2.59000e+01  4.99392e-01 -2.94514e-02  1.74610e+00 -5.89744e-02  2.40805e+00  2.66391e+00
 2.60000e+01  4.99359e-01 -2.94232e-02  1.74599e+00 -5.89219e-02  2.40771e+00  2.66389e+00
 2.61000e+01  4.99327e-01 -2.93940e-02  1.74588e+00 -5.88671e-02  2.40738e+00  2.66387e+00
 2.62000e+01  4.99295e-01 -2.93636e-02  1.74576e+00 -5.88101e-02  2.40704e+00  2.66384e+00
 2.63000e+01  4.99262e-01 -2.93321e-02  1.74565e+00 -5.87509e-02  2.40671e+00  2.66382e+00
 2.64000e+01  4.99230e-01 -2.92995e-02  1.74554e+00 -5.86894e-02  2.40638e+00  2.66380e+00
 2.65000e+01  4.99198e-01 -2.92658e-02  1.74542e+00 -5.86256e-02  2.40605e+00  2.66378e+00
 2.66000e+01  4.99165e-01 -2.92310e-02  1.74531e+00 -5.85597e-02  2.40572e+00  2.66376e+00
 2.67000e+01  4.99133e-01 -2.91950e-02  1.74520e+00 -5.84915e-02  2.40539e+00  2.66374e+00
 2.68000e+01  4.99101e-01 -2.91580e-02  1.74509e+00 -5.84211e-02  2.40506e+00  2.66372e+00
 2.69000e+01  4.99069e-01 -2.91199e-02  1.74498e+00 -5.83485e-02  2.40473e+00  2.66370e+00
 2.70000e+01  4.99037e-01 -2.90807e-02  1.74487e+00 -5.82737e-02  2.40441e+00  2.66368e+00
 2.71000e+01  4.99006e-01 -2.90405e-02  1.74476e+00 -5.81967e-02  2.40408e+00  2.66366e+00
 2.72000e+01  4.98974e-01 -2.89991e-02  1.74465e+00 -5.81175e-02  2.40376e+00  2.66364e+00
 2.73000e+01  4.98942e-01 -2.89566e-02  1.74454e+00 -5.80361e-02  2.40343e+00  2.66363e+00
 2.74000e+01  4.98910e-01 -2.89131e-02  1.74443e+00 -5.79525e-02  2.40311e+00  2.66361e+00
 2.75000e+01  4.98879e-01 -2.88685e-02  1.74432e+00 -5.78668e-02  2.40279e+00  2.66359e+00
 2.76000e+01  4.98847e-01 -2.88228e-02  1.74422e+00 -5.77789e-02  2.40247e+00  2.66357e+00
 2.77000e+01  4.98816e-01 -2.87761e-02  1.74411e+00 -5.76888e-02  2.40215e+00  2.66356e+00
 2.78000e+01  4.98785e-01 -2.87283e-02  1.74400e+00 -5.75966e-02  2.40184e+00  2.66354e+00
 2.79000e+01  4.98753e-01 -2.86794e-02  1.74390e+00 -5.75023e-02  2.40152e+00  2.66352e+00
 2.80000e+01  4.98722e-01 -2.86295e-02  1.74379e+00 -5.74058e-02  2.40120e+00  2.66351e+00
 2.81000e+01  4.98691e-01 -2.85786e-02  1.74369e+00 -5.73072e-02  2.40089e+00  2.66349e+00
 2.82000e+01  4.98660e-01 -2.85266e-02  1.74358e+00 -5.72064e-02  2.40058e+00  2.66348e+00
 2.83000e+01  4.98629e-01 -2.84735e-02  1.74348e+00 -5.71036e-02  2.40026e+00  2.66346e+00
 2.84000e+01  4.98598e-01 -2.84194e-02  1.74337e+00 -5.69986e-02  2.39995e+00  2.66345e+00
 2.85000e+01  4.98567e-01 -2.83643e-02  1.74327e+00 -5.68915e-02  2.39964e+00  2.66343e+00
 2.86000e+01  4.98537e-01 -2.83081e-02  1.74317e+00 -5.67823e-02  2.39933e+00  2.66342e+00
 2.87000e+01  4.98506e-01 -2.82509e-02  1.74306e+00 -5.66711e-02  2.39903e+00  2.66340e+00
 2.88000e+01  4.98476e-01 -2.81927e-02  1.74296e+00 -5.65577e-02  2.39872e+00  2.66339e+00
 2.89000e+01  4.98445e-01 -2.81334e-02  1.74286e+00 -5.64423e-02  2.39841e+00  2.66338e+00
 2.90000e+01  4.98415e-01 -2.80731e-02  1.74276e+00 -5.63249e-02  2.39811e+00  2.66336e+00
 2.91000e+01  4.98385e-01 -2.80119e-02  1.74266e+00 -5.62053e-02  2.39781e+00  2.66335e+00
 2.92000e+01  4.98354e-01 -2.79496e-02  1.74256e+00 -5.60837e-02  2.39751e+00  2.66334e+00
 2.93000e+01  4.98324e-01 -2.78863e-02  1.74246e+00 -5.59601e-02  2.39721e+00  2.66332e+00
 2.94000e+01  4.98294e-01 -2.78220e-02  1.74236e+00 -5.58344e-02  2.39691e+00  2.66331e+00
 2.95000e+01  4.98264e-01 -2.77567e-02  1.74226e+00 -5.57067e-02  2.39661e+00  2.66330e+00
 2.96000e+01  4.98235e-01 -2.76904e-02  1.74217e+00 -5.55770e-02  2.39631e+00  2.66329e+00
 2.97000e+01  4.98205e-01 -2.76231e-02  1.74207e+00 -5.54452e-02  2.39601e+00  2.66328e+00
 2.98000e+01  4.98175e-01 -2.75548e-02  1.74197e+00 -5.53115e-02  2.39572e+00  2.66327e+00
 2.99000e+01  4.98146e-01 -2.74856e-02  1.74187e+00 -5.51758e-02  2.39543e+00  2.66326e+00
 3.00000e+01  4.98116e-01 -2.74153e-02  1.74178e+00 -5.50380e-02  2.39513e+00  2.66325e+00
 3.01000e+01  4.98087e-01 -2.73441e-02  1.74168e+00 -5.48983e-02  2.39484e+00  2.66324e+00
 3.02000e+01  4.98058e-01 -2.72720e-02  1.74159e+00 -5.47566e-02  2.39455e+00  2.66323e+00
 3.03000e+01  4.98028e-01 -2.71988e-02  1.74149e+00 -5.46130e-02  2.39427e+00  2.66322e+00
 3.04000e+01  4.97999e-01 -2.71247e-02  1.74140e+00 -5.44673e-02  2.39398e+00  2.66321e+00
 3.05000e+01  4.97970e-01 -2.70496e-02  1.74131e+00 -5.43198e-02  2.39369e+00  2.66320e+00
 3.06000e+01  4.97942e-01 -2.69736e-02  1.74121e+00 -5.41703e-02  2.39341e+00  2.66319e+00
 3.07000e+01  4.97913e-01 -2.68967e-02  1.74112e+00 -5.40188e-02  2.39312e+00  2.66318e+00
 3.08000e+01  4.97884e-01 -2.68188e-02  1.74103e+00 -5.38655e-02  2.39284e+00  2.66318e+00
 3.09000e+01  4.97856e-01 -2.67399e-02  1.74094e+00 -5.37102e-02  2.39256e+00  2.66317e+00
 3.10000e+01  4.97827e-01 -2.66601e-02  1.74085e+00 -5.35530e-02  2.39228e+00  2.66316e+00
 3.11000e+01  4.97799e-01 -2.65794e-02  1.74075e+00 -5.33939e-02  2.39200e+00  2.66315e+00
 3.12000e+01  4.97771e-01 -2.64978e-02  1.74066e+00 -5.32329e-02  2.39173e+00  2.66315e+00
 3.13000e+01  4.97742e-01 -2.64152e-02  1.74058e+00 -5.30700e-02  2.39145e+00  2.66314e+00
 3.14000e+01  4.97714e-01 -2.63317e-02  1.74049e+00 -5.29052e-02  2.39118e+00  2.66313e+00
 3.15000e+01  4.97686e-01 -2.62473e-02  1.74040e+00 -5.27386e-02  2.39090e+00  2.66313e+00
 3.16000e+01  4.97659e-01 -2.61620e-02  1.74031e+00 -5.25701e-02  2.39063e+00  2.66312e+00
 3.17000e+01  4.97631e-01 -2.60758e-02  1.74022e+00 -5.23998e-02  2.39036e+00  2.66311e+00
 3.18000e+01  4.97603e-01 -2.59886e-02  1.74013e+00 -5.22276e-02  2.39009e+00  2.66311e+00
 3.19000e+01  4.97576e-01 -2.59006e-02  1.74005e+00 -5.20536e-02  2.38982e+00  2.66310e+00
 3.20000e+01  4.97549e-01 -2.58117e-02  1.73996e+00 -5.18778e-02  2.38956e+00  2.66310e+00
 3.21000e+01  4.97521e-01 -2.57219e-02  1.73988e+00 -5.17001e-02  2.38929e+00  2.66309e+00
 3.22000e+01  4.97494e-01 -2.56312e-02  1.73979e+00 -5.15207e-02  2.38903e+00  2.66309e+00
 3.23000e+01  4.97467e-01 -2.55397e-02  1.73971e+00 -5.13394e-02  2.38876e+00  2.66308e+00
 3.24000e+01  4.97440e-01 -2.54472e-02  1.73962e+00 -5.11564e-02  2.38850e+00  2.66308e+00
 3.25000e+01  4.97413e-01 -2.53539e-02  1.73954e+00 -5.09715e-02  2.38824e+00  2.66308e+00
 3.26000e+01  4.97387e-01 -2.52597e-02  1.73946e+00 -5.07849e-02  2.38798e+00  2.66307e+00
 3.27000e+01  4.97360e-01 -2.51647e-02  1.73937e+00 -5.05966e-02  2.38773e+00  2.66307e+00
 3.28000e+01  4.97334e-01 -2.50688e-02  1.73929e+00 -5.04064e-02  2.38747e+00  2.66306e+00
 3.29000e+01  4.97307e-01 -2.49721e-02  1.73921e+00 -5.02146e-02  2.38722e+00  2.66306e+00
 3.30000e+01  4.97281e-01 -2.48745e-02  1.73913e+00 -5.00210e-02  2.38696e+00  2.66306e+00
 3.31000e+01  4.97255e-01 -2.47760e-02  1.73905e+00 -4.98256e-02  2.38671e+00  2.66306e+00
 3.32000e+01  4.97229e-01 -2.46768e-02  1.73897e+00 -4.96286e-02  2.38646e+00  2.66305e+00
 3.33000e+01  4.97203e-01 -2.45767e-02  1.73889e+00 -4.94298e-02  2.38621e+00  2.66305e+00
 3.34000e+01  4.97177e-01 -2.44757e-02  1.73881e+00 -4.92294e-02  2.38596e+00  2.66305e+00
 3.35000e+01  4.97152e-01 -2.43739e-02  1.73873e+00 -4.90272e-02  2.38572e+00  2.66305e+00
 3.36000e+01  4.97126e-01 -2.42714e-02  1.73865e+00 -4.88234e-02  2.38547e+00  2.66305e+00
 3.37000e+01  4.97101e-01 -2.41680e-02  1.73858e+00 -4.86178e-02  2.38523e+00  2.66304e+00
 3.38000e+01  4.97075e-01 -2.40638e-02  1.73850e+00 -4.84107e-02  2.38499e+00  2.66304e+00
 3.39000e+01  4.97050e-01 -2.39587e-02  1.73842e+00 -4.82018e-02  2.38475e+00  2.66304e+00
 3.40000e+01  4.97025e-01 -2.38529e-02  1.73835e+00 -4.79914e-02  2.38451e+00  2.66304e+00
 3.41000e+01  4.97000e-01 -2.37463e-02  1.73827e+00 -4.77792e-02  2.38427e+00  2.66304e+00
 3.42000e+01  4.96976e-01 -2.36389e-02  1.73820e+00 -4.75655e-02  2.38403e+00  2.66304e+00
 3.43000e+01  4.96951e-01 -2.35307e-02  1.73812e+00 -4.73501e-02  2.38380e+00  2.66304e+00
 3.44000e+01  4.96926e-01 -2.34217e-02  1.73805e+00 -4.71332e-02  2.38356e+00  2.66304e+00
 3.45000e+01  4.96902e-01 -2.33120e-02  1.73798e+00 -4.69146e-02  2.38333e+00  2.66304e+00
 3.46000e+01  4.96878e-01 -2.32014e-02  1.73790e+00 -4.66944e-02  2.38310e+00  2.66304e+00
 3.47000e+01  4.96854e-01 -2.30901e-02  1.73783e+00 -4.64727e-02  2.38287e+00  2.66304e+00
 3.48000e+01  4.96830e-01 -2.29781e-02  1.73776e+00 -4.62494e-02  2.38264e+00  2.66304e+00
 3.49000e+01  4.96806e-01 -2.28652e-02  1.73769e+00 -4.60245e-02  2.38241e+00  2.66304e+00
 3.50000e+01  4.96782e-01 -2.27517e-02  1.73762e+00 -4.57981e-02  2.38219e+00  2.66304e+00
 3.51000e+01  4.96758e-01 -2.26373e-02  1.73755e+00 -4.55701e-02  2.38196e+00  2.66304e+00
 3.52000e+01  4.96735e-01 -2.25223e-02  1.73748e+00 -4.53406e-02  2.38174e+00  2.66304e+00
 3.53000e+01  4.96711e-01 -2.24065e-02  1.73741e+00 -4.51096e-02  2.38152e+00  2.66304e+00
 3.54000e+01  4.96688e-01 -2.22899e-02  1.73734e+00 -4.48771e-02  2.38130e+00  2.66304e+00
 3.55000e+01  4.96665e-01 -2.21726e-02  1.73727e+00 -4.46430e-02  2.38108e+00  2.66305e+00
 3.56000e+01  4.96642e-01 -2.20546e-02  1.73720e+00 -4.44075e-02  2.38086e+00  2.66305e+00
 3.57000e+01  4.96619e-01 -2.19359e-02  1.73713e+00 -4.41705e-02  2.38065e+00  2.66305e+00
 3.58000e+01  4.96597e-01 -2.18165e-02  1.73707e+00 -4.39320e-02  2.38043e+00  2.66305e+00
 3.59000e+01  4.96574e-01 -2.16963e-02  1.73700e+00 -4.36920e-02  2.38022e+00  2.66305e+00
 3.60000e+01  4.96552e-01 -2.15754e-02  1.73694e+00 -4.34506e-02  2.38001e+00  2.66305e+00
 3.61000e+01  4.96529e-01 -2.14539e-02  1.73687e+00 -4.32077e-02  2.37980e+00  2.66306e+00
 3.62000e+01  4.96507e-01 -2.13316e-02  1.73681e+00 -4.29634e-02  2.37959e+00  2.66306e+00
 3.63000e+01  4.96485e-01 -2.12087e-02  1.73674e+00 -4.27177e-02  2.37938e+00  2.66306e+00
 3.64000e+01  4.96463e-01 -2.10850e-02  1.73668e+00 -4.24705e-02  2.37918e+00  2.66306e+00
 3.65000e+01  4.96442e-01 -2.09607e-02  1.73661e+00 -4.22219e-02  2.37897e+00  2.66307e+00
 3.66000e+01  4.96420e-01 -2.08357e-02  1.73655e+00 -4.19720e-02  2.37877e+00  2.66307e+00
 3.67000e+01  4.96398e-01 -2.07101e-02  1.73649e+00 -4.17206e-02  2.37857e+00  2.66307e+00
 3.68000e+01  4.96377e-01 -2.05837e-02  1.73643e+00 -4.14679e-02  2.37837e+00  2.66308e+00
 3.69000e+01  4.96356e-01 -2.04567e-02  1.73637e+00 -4.12138e-02  2.37817e+00  2.66308e+00
 3.70000e+01  4.96335e-01 -2.03291e-02  1.73631e+00 -4.09584e-02  2.37798e+00  2.66308e+00
 3.71000e+01  4.96314e-01 -2.02008e-02  1.73625e+00 -4.07016e-02  2.37778e+00  2.66309e+00
 3.72000e+01  4.96293e-01 -2.00718e-02  1.73619e+00 -4.04434e-02  2.37759e+00  2.66309e+00
 3.73000e+01  4.96273e-01 -1.99422e-02  1.73613e+00 -4.01840e-02  2.37739e+00  2.66309e+00
 3.74000e+01  4.96252e-01 -1.98120e-02  1.73607e+00 -3.99232e-02  2.37720e+00  2.66310e+00
 3.75000e+01  4.96232e-01 -1.96811e-02  1.73601e+00 -3.96611e-02  2.37701e+00  2.66310e+00
 3.76000e+01  4.96212e-01 -1.95496e-02  1.73595e+00 -3.93977e-02  2.37683e+00  2.66310e+00
 3.77000e+01  4.96191e-01 -1.94175e-02  1.73589e+00 -3.91330e-02  2.37664e+00  2.66311e+00
 3.78000e+01  4.96172e-01 -1.92847e-02  1.73584e+00 -3.88670e-02  2.37645e+00  2.66311e+00
 3.79000e+01  4.96152e-01 -1.91514e-02  1.73578e+00 -3.85998e-02  2.37627e+00  2.66312e+00
 3.80000e+01  4.96132e-01 -1.90174e-02  1.73572e+00 -3.83313e-02  2.37609e+00  2.66312e+00
 3.81000e+01  4.96113e-01 -1.88828e-02  1.73567e+00 -3.80616e-02  2.37591e+00  2.66313e+00
 3.82000e+01  4.96093e-01 -1.87477e-02  1.73561e+00 -3.77906e-02  2.37573e+00  2.66313e+00
 3.83000e+01  4.96074e-01 -1.86119e-02  1.73556e+00 -3.75184e-02  2.37555e+00  2.66313e+00
 3.84000e+01  4.96055e-01 -1.84755e-02  1.73551e+00 -3.72449e-02  2.37537e+00  2.66314e+00
 3.85000e+01  4.96036e-01 -1.83386e-02  1.73545e+00 -3.69703e-02  2.37520e+00  2.66314e+00
 3.86000e+01  4.96018e-01 -1.82011e-02  1.73540e+00 -3.66945e-02  2.37503e+00  2.66315e+00
 3.87000e+01  4.95999e-01 -1.80630e-02  1.73535e+00 -3.64174e-02  2.37485e+00  2.66315e+00
 3.88000e+01  4.95980e-01 -1.79244e-02  1.73530e+00 -3.61392e-02  2.37468e+00  2.66316e+00
 3.89000e+01  4.95962e-01 -1.77851e-02  1.73524e+00 -3.58599e-02  2.37451e+00  2.66316e+00
 3.90000e+01  4.95944e-01 -1.76453e-02  1.73519e+00 -3.55793e-02  2.37435e+00  2.66317e+00
 3.91000e+01  4.95926e-01 -1.75050e-02  1.73514e+00 -3.52976e-02  2.37418e+00  2.66317e+00
 3.92000e+01  4.95908e-01 -1.73641e-02  1.73509e+00 -3.50148e-02  2.37402e+00  2.66318e+00
 3.93000e+01  4.95890e-01 -1.72227e-02  1.73504e+00 -3.47309e-02  2.37385e+00  2.66318e+00
 3.94000e+01  4.95873e-01 -1.70807e-02  1.73499e+00 -3.44458e-02  2.37369e+00  2.66319e+00
 3.95000e+01  4.95856e-01 -1.69382e-02  1.73495e+00 -3.41596e-02  2.37353e+00  2.66319e+00
 3.96000e+01  4.95838e-01 -1.67952e-02  1.73490e+00 -3.38723e-02  2.37337e+00  2.66320e+00
 3.97000e+01  4.95821e-01 -1.66516e-02  1.73485e+00 -3.35840e-02  2.37322e+00  2.66320e+00
 3.98000e+01  4.95804e-01 -1.65076e-02  1.73480e+00 -3.32945e-02  2.37306e+00  2.66321e+00
 3.99000e+01  4.95787e-01 -1.63630e-02  1.73476e+00 -3.30040e-02  2.37291e+00  2.66321e+00
 4.00000e+01  4.95771e-01 -1.62179e-02  1.73471e+00 -3.27125e-02  2.37275e+00  2.66322e+00
 4.01000e+01  4.95754e-01 -1.60723e-02  1.73467e+00 -3.24199e-02  2.37260e+00  2.66322e+00
 4.02000e+01  4.95738e-01 -1.59262e-02  1.73462e+00 -3.21262e-02  2.37245e+00  2.66323e+00
 4.03000e+01  4.95722e-01 -1.57796e-02  1.73458e+00 -3.18315e-02  2.37231e+00  2.66323e+00
 4.04000e+01  4.95706e-01 -1.56325e-02  1.73453e+00 -3.15358e-02  2.37216e+00  2.66324e+00
 4.05000e+01  4.95690e-01 -1.54849e-02  1.73449e+00 -3.12392e-02  2.37201e+00  2.66325e+00
 4.06000e+01  4.95674e-01 -1.53369e-02  1.73445e+00 -3.09415e-02  2.37187e+00  2.66325e+00
 4.07000e+01  4.95659e-01 -1.51884e-02  1.73440e+00 -3.06428e-02  2.37173e+00  2.66326e+00
 4.08000e+01  4.95643e-01 -1.50394e-02  1.73436e+00 -3.03431e-02  2.37159e+00  2.66326e+00
 4.09000e+01  4.95628e-01 -1.48899e-02  1.73432e+00 -3.00425e-02  2.37145e+00  2.66327e+00
 4.10000e+01  4.95613e-01 -1.47400e-02  1.73428e+00 -2.97409e-02  2.37131e+00  2.66327e+00
 4.11000e+01  4.95598e-01 -1.45896e-02  1.73424e+00 -2.94384e-02  2.37118e+00  2.66328e+00
 4.12000e+01  4.95583e-01 -1.44388e-02  1.73420e+00 -2.91350e-02  2.37104e+00  2.66328e+00
 4.13000e+01  4.95569e-01 -1.42875e-02  1.73416e+00 -2.88306e-02  2.37091e+00  2.66329e+00
 4.14000e+01  4.95554e-01 -1.41358e-02  1.73412e+00 -2.85253e-02  2.37078e+00  2.66329e+00
 4.15000e+01  4.95540e-01 -1.39837e-02  1.73408e+00 -2.82191e-02  2.37065e+00  2.66330e+00
 4.16000e+01  4.95526e-01 -1.38311e-02  1.73404e+00 -2.79121e-02  2.37052e+00  2.66331e+00
 4.17000e+01  4.95512e-01 -1.36782e-02  1.73400e+00 -2.76041e-02  2.37039e+00  2.66331e+00
 4.18000e+01  4.95498e-01 -1.35247e-02  1.73396e+00 -2.72953e-02  2.37027e+00  2.66332e+00
 4.19000e+01  4.95484e-01 -1.33709e-02  1.73393e+00 -2.69856e-02  2.37014e+00  2.66332e+00
 4.20000e+01  4.95471e-01 -1.32167e-02  1.73389e+00 -2.66750e-02  2.37002e+00  2.66333e+00
 4.21000e+01  4.95457e-01 -1.30621e-02  1.73385e+00 -2.63636e-02  2.36990e+00  2.66333e+00
 4.22000e+01  4.95444e-01 -1.29070e-02  1.73382e+00 -2.60514e-02  2.36978e+00  2.66334e+00
 4.23000e+01  4.95431e-01 -1.27516e-02  1.73378e+00 -2.57384e-02  2.36966e+00  2.66334e+00
 4.24000e+01  4.95418e-01 -1.25958e-02  1.73375e+00 -2.54245e-02  2.36954e+00  2.66335e+00
 4.25000e+01  4.95406e-01 -1.24396e-02  1.73372e+00 -2.51099e-02  2.36943e+00  2.66336e+00
 4.26000e+01  4.95393e-01 -1.22830e-02  1.73368e+00 -2.47945e-02  2.36932e+00  2.66336e+00
 4.27000e+01  4.95381e-01 -1.21260e-02  1.73365e+00 -2.44782e-02  2.36920e+00  2.66337e+00
 4.28000e+01  4.95369e-01 -1.19687e-02  1.73362e+00 -2.41613e-02  2.36909e+00  2.66337e+00
 4.29000e+01  4.95357e-01 -1.18110e-02  1.73358e+00 -2.38435e-02  2.36898e+00  2.66338e+00
 4.30000e+01  4.95345e-01 -1.16530e-02  1.73355e+00 -2.35250e-02  2.36888e+00  2.66338e+00
 4.31000e+01  4.95333e-01 -1.14946e-02  1.73352e+00 -2.32058e-02  2.36877e+00  2.66339e+00
 4.32000e+01  4.95321e-01 -1.13359e-02  1.73349e+00 -2.28859e-02  2.36867e+00  2.66339e+00
 4.33000e+01  4.95310e-01 -1.11768e-02  1.73346e+00 -2.25652e-02  2.36856e+00  2.66340e+00
 4.34000e+01  4.95299e-01 -1.10173e-02  1.73343e+00 -2.22438e-02  2.36846e+00  2.66340e+00
 4.35000e+01  4.95288e-01 -1.08576e-02  1.73340e+00 -2.19218e-02  2.36836e+00  2.66341e+00
 4.36000e+01  4.95277e-01 -1.06975e-02  1.73337e+00 -2.15990e-02  2.36826e+00  2.66341e+00
 4.37000e+01  4.95266e-01 -1.05371e-02  1.73334e+00 -2.12756e-02  2.36817e+00  2.66342e+00
 4.38000e+01  4.95255e-01 -1.03764e-02  1.73331e+00 -2.09515e-02  2.36807e+00  2.66342e+00
 4.39000e+01  4.95245e-01 -1.02153e-02  1.73329e+00 -2.06268e-02  2.36798e+00  2.66343e+00
 4.40000e+01  4.95235e-01 -1.00540e-02  1.73326e+00 -2.03014e-02  2.36789e+00  2.66343e+00
 4.41000e+01  4.95225e-01 -9.89230e-03  1.73323e+00 -1.99754e-02  2.36780e+00  2.66344e+00
 4.42000e+01  4.95215e-01 -9.73035e-03  1.73321e+00 -1.96487e-02  2.36771e+00  2.66344e+00
 4.43000e+01  4.95205e-01 -9.56810e-03  1.73318e+00 -1.93215e-02  2.36762e+00  2.66345e+00
 4.44000e+01  4.95195e-01 -9.40557e-03  1.73315e+00 -1.89937e-02  2.36753e+00  2.66345e+00
 4.45000e+01  4.95186e-01 -9.24275e-03  1.73313e+00 -1.86652e-02  2.36745e+00  2.66346e+00
 4.46000e+01  4.95177e-01 -9.07966e-03  1.73310e+00 -1.83362e-02  2.36736e+00  2.66346e+00
 4.47000e+01  4.95168e-01 -8.91629e-03  1.73308e+00 -1.80066e-02  2.36728e+00  2.66347e+00
 4.48000e+01  4.95159e-01 -8.75266e-03  1.73306e+00 -1.76765e-02  2.36720e+00  2.66347e+00
 4.49000e+01  4.95150e-01 -8.58876e-03  1.73303e+00 -1.73458e-02  2.36712e+00  2.66347e+00
 4.50000e+01  4.95141e-01 -8.42460e-03  1.73301e+00 -1.70145e-02  2.36705e+00  2.66348e+00
 4.51000e+01  4.95133e-01 -8.26020e-03  1.73299e+00 -1.66828e-02  2.36697e+00  2.66348e+00
 4.52000e+01  4.95125e-01 -8.09554e-03  1.73297e+00 -1.63505e-02  2.36690e+00  2.66349e+00
 4.53000e+01  4.95117e-01 -7.93064e-03  1.73295e+00 -1.60177e-02  2.36683e+00  2.66349e+00
 4.54000e+01  4.95109e-01 -7.76551e-03  1.73293e+00 -1.56845e-02  2.36675e+00  2.66349e+00
 4.55000e+01  4.95101e-01 -7.60014e-03  1.73291e+00 -1.53507e-02  2.36669e+00  2.66350e+00
 4.56000e+01  4.95093e-01 -7.43455e-03  1.73289e+00 -1.50165e-02  2.36662e+00  2.66350e+00
 4.57000e+01  4.95086e-01 -7.26873e-03  1.73287e+00 -1.46818e-02  2.36655e+00  2.66351e+00
 4.58000e+01  4.95079e-01 -7.10269e-03  1.73285e+00 -1.43466e-02  2.36649e+00  2.66351e+00
 4.59000e+01  4.95072e-01 -6.93645e-03  1.73283e+00 -1.40110e-02  2.36642e+00  2.66351e+00
 4.60000e+01  4.95065e-01 -6.76999e-03  1.73281e+00 -1.36750e-02  2.36636e+00  2.66352e+00
 4.61000e+01  4.95058e-01 -6.60334e-03  1.73279e+00 -1.33385e-02  2.36630e+00  2.66352e+00
 4.62000e+01  4.95051e-01 -6.43649e-03  1.73278e+00 -1.30017e-02  2.36624e+00  2.66352e+00
 4.63000e+01  4.95045e-01 -6.26944e-03  1.73276e+00 -1.26644e-02  2.36618e+00  2.66353e+00
 4.64000e+01  4.95039e-01 -6.10221e-03  1.73274e+00 -1.23267e-02  2.36613e+00  2.66353e+00
 4.65000e+01  4.95033e-01 -5.93480e-03  1.73273e+00 -1.19887e-02  2.36607e+00  2.66353e+00
 4.66000e+01  4.95027e-01 -5.76721e-03  1.73271e+00 -1.16503e-02  2.36602e+00  2.66354e+00
 4.67000e+01  4.95021e-01 -5.59944e-03  1.73270e+00 -1.13115e-02  2.36597e+00  2.66354e+00
 4.68000e+01  4.95015e-01 -5.43152e-03  1.73268e+00 -1.09724e-02  2.36592e+00  2.66354e+00
 4.69000e+01  4.95010e-01 -5.26342e-03  1.73267e+00 -1.06330e-02  2.36587e+00  2.66355e+00
 4.70000e+01  4.95005e-01 -5.09518e-03  1.73265e+00 -1.02932e-02  2.36583e+00  2.66355e+00
 4.71000e+01  4.95000e-01 -4.92678e-03  1.73264e+00 -9.95309e-03  2.36578e+00  2.66355e+00
 4.72000e+01  4.94995e-01 -4.75823e-03  1.73263e+00 -9.61269e-03  2.36574e+00  2.66356e+00
 4.73000e+01  4.94990e-01 -4.58955e-03  1.73262e+00 -9.27200e-03  2.36570e+00  2.66356e+00
 4.74000e+01  4.94986e-01 -4.42072e-03  1.73260e+00 -8.93101e-03  2.36566e+00  2.66356e+00
 4.75000e+01  4.94981e-01 -4.25177e-03  1.73259e+00 -8.58976e-03  2.36562e+00  2.66356e+00
 4.76000e+01  4.94977e-01 -4.08269e-03  1.73258e+00 -8.24824e-03  2.36558e+00  2.66356e+00
 4.77000e+01  4.94973e-01 -3.91349e-03  1.73257e+00 -7.90647e-03  2.36554e+00  2.66357e+00
 4.78000e+01  4.94969e-01 -3.74417e-03  1.73256e+00 -7.56445e-03  2.36551e+00  2.66357e+00
 4.79000e+01  4.94966e-01 -3.57474e-03  1.73255e+00 -7.22220e-03  2.36548e+00  2.66357e+00
 4.80000e+01  4.94962e-01 -3.40520e-03  1.73254e+00 -6.87973e-03  2.36544e+00  2.66357e+00
 4.81000e+01  4.94959e-01 -3.23557e-03  1.73253e+00 -6.53705e-03  2.36542e+00  2.66358e+00
 4.82000e+01  4.94955e-01 -3.06584e-03  1.73253e+00 -6.19417e-03  2.36539e+00  2.66358e+00
 4.83000e+01  4.94952e-01 -2.89601e-03  1.73252e+00 -5.85109e-03  2.36536e+00  2.66358e+00
 4.84000e+01  4.94950e-01 -2.72610e-03  1.73251e+00 -5.50784e-03  2.36533e+00  2.66358e+00
 4.85000e+01  4.94947e-01 -2.55611e-03  1.73250e+00 -5.16442e-03  2.36531e+00  2.66358e+00
 4.86000e+01  4.94945e-01 -2.38605e-03  1.73250e+00 -4.82084e-03  2.36529e+00  2.66358e+00
 4.87000e+01  4.94942e-01 -2.21591e-03  1.73249e+00 -4.47711e-03  2.36527e+00  2.66358e+00
 4.88000e+01  4.94940e-01 -2.04571e-03  1.73249e+00 -4.13325e-03  2.36525e+00  2.66359e+00
 4.89000e+01  4.94938e-01 -1.87545e-03  1.73248e+00 -3.78926e-03  2.36523e+00  2.66359e+00
 4.90000e+01  4.94936e-01 -1.70513e-03  1.73248e+00 -3.44515e-03  2.36522e+00  2.66359e+00
 4.91000e+01  4.94935e-01 -1.53476e-03  1.73247e+00 -3.10093e-03  2.36520e+00  2.66359e+00
 4.92000e+01  4.94933e-01 -1.36435e-03  1.73247e+00 -2.75662e-03  2.36519e+00  2.66359e+00
 4.93000e+01  4.94932e-01 -1.19389e-03  1.73246e+00 -2.41223e-03  2.36518e+00  2.66359e+00
 4.94000e+01  4.94931e-01 -1.02340e-03  1.73246e+00 -2.06776e-03  2.36517e+00  2.66359e+00
 4.95000e+01  4.94930e-01 -8.52880e-04  1.73246e+00 -1.72323e-03  2.36516e+00  2.66359e+00
 4.96000e+01  4.94929e-01 -6.82334e-04  1.73246e+00 -1.37865e-03  2.36515e+00  2.66359e+00
 4.97000e+01  4.94928e-01 -5.11768e-04  1.73246e+00 -1.03402e-03  2.36515e+00  2.66359e+00
 4.98000e+01  4.94928e-01 -3.41187e-04  1.73245e+00 -6.89368e-04  2.36514e+00  2.66359e+00
 4.99000e+01  4.94928e-01 -1.70596e-04  1.73245e+00 -3.44689e-04  2.36514e+00  2.66359e+00
 5.00000e+01  4.94928e-01 -4.61498e-14  1.73245e+00 -9.32454e-14  2.36514e+00  2.66359e+00
 5.01000e+01  4.94928e-01  1.70596e-04  1.73245e+00  3.44689e-04  2.36514e+00  2.66359e+00
 5.02000e+01  4.94928e-01  3.41187e-04  1.73245e+00  6.89368e-04  2.36514e+00  2.66359e+00
 5.03000e+01  4.94928e-01  5.11768e-04  1.73246e+00  1.03402e-03  2.36515e+00  2.66359e+00
 5.04000e+01  4.94929e-01  6.82334e-04  1.73246e+00  1.37865e-03  2.36515e+00  2.66359e+00
 5.05000e+01  4.94930e-01  8.52880e-04  1.73246e+00  1.72323e-03  2.36516e+00  2.66359e+00
 5.06000e+01  4.94931e-01  1.02340e-03  1.73246e+00  2.06776e-03  2.36517e+00  2.66359e+00
 5.07000e+01  4.94932e-01  1.19389e-03  1.73246e+00  2.41223e-03  2.36518e+00  2.66359e+00
 5.08000e+01  4.94933e-01  1.36435e-03  1.73247e+00  2.75662e-03  2.36519e+00  2.66359e+00
 5.09000e+01  4.94935e-01  1.53476e-03  1.73247e+00  3.10093e-03  2.36520e+00  2.66359e+00
 5.10000e+01  4.94936e-01  1.70513e-03  1.73248e+00  3.44515e-03  2.36522e+00  2.66359e+00
 5.11000e+01  4.94938e-01  1.87545e-03  1.73248e+00  3.78926e-03  2.36523e+00  2.66359e+00
 5.12000e+01  4.94940e-01  2.04571e-03  1.73249e+00  4.13325e-03  2.36525e+00  2.66359e+00
 5.13000e+01  4.94942e-01  2.21591e-03  1.73249e+00  4.47711e-03  2.36527e+00  2.66358e+00
 5.14000e+01  4.94945e-01  2.38605e-03  1.73250e+00  4.82084e-03  2.36529e+00  2.66358e+00
 5.15000e+01  4.94947e-01  2.55611e-03  1.73250e+00  5.16442e-03  2.36531e+00  2.66358e+00
 5.16000e+01  4.94950e-01  2.72610e-03  1.73251e+00  5.50784e-03  2.36533e+00  2.66358e+00
 5.17000e+01  4.94952e-01  2.89601e-03  1.73252e+00  5.85109e-03  2.36536e+00  2.66358e+00
 5.18000e+01  4.94955e-01  3.06584e-03  1.73253e+00  6.19417e-03  2.36539e+00  2.66358e+00
 5.19000e+01  4.94959e-01  3.23557e-03  1.73253e+00  6.53705e-03  2.36542e+00  2.66358e+00
 5.20000e+01  4.94962e-01  3.40520e-03  1.73254e+00  6.87973e-03  2.36544e+00  2.66357e+00
 5.21000e+01  4.94966e-01  3.57474e-03  1.73255e+00  7.22220e-03  2.36548e+00  2.66357e+00
 5.22000e+01  4.94969e-01  3.74417e-03  1.73256e+00  7.56445e-03  2.36551e+00  2.66357e+00
 5.23000e+01  4.94973e-01  3.91349e-03  1.73257e+00  7.90647e-03  2.36554e+00  2.66357e+00
 5.24000e+01  4.94977e-01  4.08269e-03  1.73258e+00  8.24824e-03  2.36558e+00  2.66356e+00
 5.25000e+01  4.94981e-01  4.25177e-03  1.73259e+00  8.58976e-03  2.36562e+00  2.66356e+00
 5.26000e+01  4.94986e-01  4.42072e-03  1.73260e+00  8.93101e-03  2.36566e+00  2.66356e+00
 5.27000e+01  4.94990e-01  4.58955e-03  1.73262e+00  9.27200e-03  2.36570e+00  2.66356e+00
 5.28000e+01  4.94995e-01  4.75823e-03  1.73263e+00  9.61269e-03  2.36574e+00  2.66356e+00
 5.29000e+01  4.95000e-01  4.92678e-03  1.73264e+00  9.95309e-03  2.36578e+00  2.66355e+00
 5.30000e+01  4.95005e-01  5.09518e-03  1.73265e+00  1.02932e-02  2.36583e+00  2.66355e+00
 5.31000e+01  4.95010e-01  5.26342e-03  1.73267e+00  1.06330e-02  2.36587e+00  2.66355e+00
 5.32000e+01  4.95015e-01  5.43152e-03  1.73268e+00  1.09724e-02  2.36592e+00  2.66354e+00
 5.33000e+01  4.95021e-01  5.59944e-03  1.73270e+00  1.13115e-02  2.36597e+00  2.66354e+00
 5.34000e+01  4.95027e-01  5.76721e-03  1.73271e+00  1.16503e-02  2.36602e+00  2.66354e+00
 5.35000e+01  4.95033e-01  5.93480e-03  1.73273e+00  1.19887e-02  2.36607e+00  2.66353e+00
 5.36000e+01  4.95039e-01  6.10221e-03  1.73274e+00  1.23267e-02  2.36613e+00  2.66353e+00
 5.37000e+01  4.95045e-01  6.26944e-03  1.73276e+00  1.26644e-02  2.36618e+00  2.66353e+00
 5.38000e+01  4.95051e-01  6.43649e-03  1.73278e+00  1.30017e-02  2.36624e+00  2.66352e+00
 5.39000e+01  4.95058e-01  6.60334e-03  1.73279e+00  1.33385e-02  2.36630e+00  2.66352e+00
 5.40000e+01  4.95065e-01  6.76999e-03  1.73281e+00  1.36750e-02  2.36636e+00  2.66352e+00
 5.41000e+01  4.95072e-01  6.93645e-03  1.73283e+00  1.40110e-02  2.36642e+00  2.66351e+00
 5.42000e+01  4.95079e-01  7.10269e-03  1.73285e+00  1.43466e-02  2.36649e+00  2.66351e+00
 5.43000e+01  4.95086e-01  7.26873e-03  1.73287e+00  1.46818e-02  2.36655e+00  2.66351e+00
 5.44000e+01  4.95093e-01  7.43455e-03  1.73289e+00  1.50165e-02  2.36662e+00  2.66350e+00
 5.45000e+01  4.95101e-01  7.60014e-03  1.73291e+00  1.53507e-02  2.36669e+00  2.66350e+00
 5.46000e+01  4.95109e-01  7.76551e-03  1.73293e+00  1.56845e-02  2.36675e+00  2.66349e+00
 5.47000e+01  4.95117e-01  7.93064e-03  1.73295e+00  1.60177e-02  2.36683e+00  2.66349e+00
 5.48000e+01  4.95125e-01  8.09554e-03  1.73297e+00  1.63505e-02  2.36690e+00  2.66349e+00
 5.49000e+01  4.95133e-01  8.26020e-03  1.73299e+00  1.66828e-02  2.36697e+00  2.66348e+00
 5.50000e+01  4.95141e-01  8.42460e-03  1.73301e+00  1.70145e-02  2.36705e+00  2.66348e+00
 5.51000e+01  4.95150e-01  8.58876e-03  1.73303e+00  1.73458e-02  2.36712e+00  2.66347e+00
 5.52000e+01  4.95159e-01  8.75266e-03  1.73306e+00  1.76765e-02  2.36720e+00  2.66347e+00
 5.53000e+01  4.95168e-01  8.91629e-03  1.73308e+00  1.80066e-02  2.36728e+00  2.66347e+00
 5.54000e+01  4.95177e-01  9.07966e-03  1.73310e+00  1.83362e-02  2.36736e+00  2.66346e+00
 5.55000e+01  4.95186e-01  9.24275e-03  1.73313e+00  1.86652e-02  2.36745e+00  2.66346e+00
 5.56000e+01  4.95195e-01  9.40557e-03  1.73315e+00  1.89937e-02  2.36753e+00  2.66345e+00
 5.57000e+01  4.95205e-01  9.56810e-03  1.73318e+00  1.93215e-02  2.36762e+00  2.66345e+00
 5.58000e+01  4.95215e-01  9.73035e-03  1.73321e+00  1.96487e-02  2.36771e+00  2.66344e+00
 5.59000e+01  4.95225e-01  9.89230e-03  1.73323e+00  1.99754e-02  2.36780e+00  2.66344e+00
 5.60000e+01  4.95235e-01  1.00540e-02  1.73326e+00  2.03014e-02  2.36789e+00  2.66343e+00
 5.61000e+01  4.95245e-01  1.02153e-02  1.73329e+00  2.06268e-02  2.36798e+00  2.66343e+00
 5.62000e+01  4.95255e-01  1.03764e-02  1.73331e+00  2.09515e-02  2.36807e+00  2.66342e+00
 5.63000e+01  4.95266e-01  1.05371e-02  1.73334e+00  2.12756e-02  2.36817e+00  2.66342e+00
 5.64000e+01  4.95277e-01  1.06975e-02  1.73337e+00  2.15990e-02  2.36826e+00  2.66341e+00
 5.65000e+01  4.95288e-01  1.08576e-02  1.73340e+00  2.19218e-02  2.36836e+00  2.66341e+00
 5.66000e+01  4.95299e-01  1.10173e-02  1.73343e+00  2.22438e-02  2.36846e+00  2.66340e+00
 5.67000e+01  4.95310e-01  1.11768e-02  1.73346e+00  2.25652e-02  2.36856e+00  2.66340e+00
 5.68000e+01  4.95321e-01  1.13359e-02  1.73349e+00  2.28859e-02  2.36867e+00  2.66339e+00
 5.69000e+01  4.95333e-01  1.14946e-02  1.73352e+00  2.32058e-02  2.36877e+00  2.66339e+00
 5.70000e+01  4.95345e-01  1.16530e-02  1.73355e+00  2.35250e-02  2.36888e+00  2.66338e+00
 5.71000e+01  4.95357e-01  1.18110e-02  1.73358e+00  2.38435e-02  2.36898e+00  2.66338e+00
 5.72000e+01  4.95369e-01  1.19687e-02  1.73362e+00  2.41613e-02  2.36909e+00  2.66337e+00
 5.73000e+01  4.95381e-01  1.21260e-02  1.73365e+00  2.44782e-02  2.36920e+00  2.66337e+00
 5.74000e+01  4.95393e-01  1.22830e-02  1.73368e+00  2.47945e-02  2.36932e+00  2.66336e+00
 5.75000e+01  4.95406e-01  1.24396e-02  1.73372e+00  2.51099e-02  2.36943e+00  2.66336e+00
 5.76000e+01  4.95418e-01  1.25958e-02  1.73375e+00  2.54245e-02  2.36954e+00  2.66335e+00
 5.77000e+01  4.95431e-01  1.27516e-02  1.73378e+00  2.57384e-02  2.36966e+00  2.66334e+00
 5.78000e+01  4.95444e-01  1.29070e-02  1.73382e+00  2.60514e-02  2.36978e+00  2.66334e+00
 5.79000e+01  4.95457e-01  1.30621e-02  1.73385e+00  2.63636e-02  2.36990e+00  2.66333e+00
 5.80000e+01  4.95471e-01  1.32167e-02  1.73389e+00  2.66750e-02  2.37002e+00  2.66333e+00
 5.81000e+01  4.95484e-01  1.33709e-02  1.73393e+00  2.69856e-02  2.37014e+00  2.66332e+00
 5.82000e+01  4.95498e-01  1.35247e-02  1.73396e+00  2.72953e-02  2.37027e+00  2.66332e+00
 5.83000e+01  4.95512e-01  1.36782e-02  1.73400e+00  2.76041e-02  2.37039e+00  2.66331e+00
 5.84000e+01  4.95526e-01  1.38311e-02  1.73404e+00  2.79121e-02  2.37052e+00  2.66331e+00
 5.85000e+01  4.95540e-01  1.39837e-02  1.73408e+00  2.82191e-02  2.37065e+00  2.66330e+00
 5.86000e+01  4.95554e-01  1.41358e-02  1.73412e+00  2.85253e-02  2.37078e+00  2.66329e+00
 5.87000e+01  4.95569e-01  1.42875e-02  1.73416e+00  2.88306e-02  2.37091e+00  2.66329e+00
 5.88000e+01  4.95583e-01  1.44388e-02  1.73420e+00  2.91350e-02  2.37104e+00  2.66328e+00
 5.89000e+01  4.95598e-01  1.45896e-02  1.73424e+00  2.94384e-02  2.37118e+00  2.66328e+00
 5.90000e+01  4.95613e-01  1.47400e-02  1.73428e+00  2.97409e-02  2.37131e+00  2.66327e+00
 5.91000e+01  4.95628e-01  1.48899e-02  1.73432e+00  3.00425e-02  2.37145e+00  2.66327e+00
 5.92000e+01  4.95643e-01  1.50394e-02  1.73436e+00  3.03431e-02  2.37159e+00  2.66326e+00
 5.93000e+01  4.95659e-01  1.51884e-02  1.73440e+00  3.06428e-02  2.37173e+00  2.66326e+00
 5.94000e+01  4.95674e-01  1.53369e-02  1.73445e+00  3.09415e-02  2.37187e+00  2.66325e+00
 5.95000e+01  4.95690e-01  1.54849e-02  1.73449e+00  3.12392e-02  2.37201e+00  2.66325e+00
 5.96000e+01  4.95706e-01  1.56325e-02  1.73453e+00  3.15358e-02  2.37216e+00  2.66324e+00
 5.97000e+01  4.95722e-01  1.57796e-02  1.73458e+00  3.18315e-02  2.37231e+00  2.66323e+00
 5.98000e+01  4.95738e-01  1.59262e-02  1.73462e+00  3.21262e-02  2.37245e+00  2.66323e+00
 5.99000e+01  4.95754e-01  1.60723e-02  1.73467e+00  3.24199e-02  2.37260e+00  2.66322e+00
 6.00000e+01  4.95771e-01  1.62179e-02  1.73471e+00  3.27125e-02  2.37275e+00  2.66322e+00
 6.01000e+01  4.95787e-01  1.63630e-02  1.73476e+00  3.30040e-02  2.37291e+00  2.66321e+00
 6.02000e+01  4.95804e-01  1.65076e-02  1.73480e+00  3.32945e-02  2.37306e+00  2.66321e+00
 6.03000e+01  4.95821e-01  1.66516e-02  1.73485e+00  3.35840e-02  2.37322e+00  2.66320e+00
 6.04000e+01  4.95838e-01  1.67952e-02  1.73490e+00  3.38723e-02  2.37337e+00  2.66320e+00
 6.05000e+01  4.95856e-01  1.69382e-02  1.73495e+00  3.41596e-02  2.37353e+00  2.66319e+00
 6.06000e+01  4.95873e-01  1.70807e-02  1.73499e+00  3.44458e-02  2.37369e+00  2.66319e+00
 6.07000e+01  4.95890e-01  1.72227e-02  1.73504e+00  3.47309e-02  2.37385e+00  2.66318e+00
 6.08000e+01  4.95908e-01  1.73641e-02  1.73509e+00  3.50148e-02  2.37402e+00  2.66318e+00
 6.09000e+01  4.95926e-01  1.75050e-02  1.73514e+00  3.52976e-02  2.37418e+00  2.66317e+00
 6.10000e+01  4.95944e-01  1.76453e-02  1.73519e+00  3.55793e-02  2.37435e+00  2.66317e+00
 6.11000e+01  4.95962e-01  1.77851e-02  1.73524e+00  3.58599e-02  2.37451e+00  2.66316e+00
 6.12000e+01  4.95980e-01  1.79244e-02  1.73530e+00  3.61392e-02  2.37468e+00  2.66316e+00
 6.13000e+01  4.95999e-01  1.80630e-02  1.73535e+00  3.64174e-02  2.37485e+00  2.66315e+00
 6.14000e+01  4.96018e-01  1.82011e-02  1.73540e+00  3.66945e-02  2.37503e+00  2.66315e+00
 6.15000e+01  4.96036e-01  1.83386e-02  1.73545e+00  3.69703e-02  2.37520e+00  2.66314e+00
 6.16000e+01  4.96055e-01  1.84755e-02  1.73551e+00  3.72449e-02  2.37537e+00  2.66314e+00
 6.17000e+01  4.96074e-01  1.86119e-02  1.73556e+00  3.75184e-02  2.37555e+00  2.66313e+00
 6.18000e+01  4.96093e-01  1.87477e-02  1.73561e+00  3.77906e-02  2.37573e+00  2.66313e+00
 6.19000e+01  4.96113e-01  1.88828e-02  1.73567e+00  3.80616e-02  2.37591e+00  2.66313e+00
 6.20000e+01  4.96132e-01  1.90174e-02  1.73572e+00  3.83313e-02  2.37609e+00  2.66312e+00
 6.21000e+01  4.96152e-01  1.91514e-02  1.73578e+00  3.85998e-02  2.37627e+00  2.66312e+00
 6.22000e+01  4.96172e-01  1.92847e-02  1.73584e+00  3.88670e-02  2.37645e+00  2.66311e+00
 6.23000e+01  4.96191e-01  1.94175e-02  1.73589e+00  3.91330e-02  2.37664e+00  2.66311e+00
 6.24000e+01  4.96212e-01  1.95496e-02  1.73595e+00  3.93977e-02  2.37683e+00  2.66310e+00
 6.25000e+01  4.96232e-01  1.96811e-02  1.73601e+00  3.96611e-02  2.37701e+00  2.66310e+00
 6.26000e+01  4.96252e-01  1.98120e-02  1.73607e+00  3.99232e-02  2.37720e+00  2.66310e+00
 6.27000e+01  4.96273e-01  1.99422e-02  1.73613e+00  4.01840e-02  2.37739e+00  2.66309e+00
 6.28000e+01  4.96293e-01  2.00718e-02  1.73619e+00  4.04434e-02  2.37759e+00  2.66309e+00
 6.29000e+01  4.96314e-01  2.02008e-02  1.73625e+00  4.07016e-02  2.37778e+00  2.66309e+00
 6.30000e+01  4.96335e-01  2.03291e-02  1.73631e+00  4.09584e-02  2.37798e+00  2.66308e+00
 6.31000e+01  4.96356e-01  2.04567e-02  1.73637e+00  4.12138e-02  2.37817e+00  2.66308e+00
 6.32000e+01  4.96377e-01  2.05837e-02  1.73643e+00  4.14679e-02  2.37837e+00  2.66308e+00
 6.33000e+01  4.96398e-01  2.07101e-02  1.73649e+00  4.17206e-02  2.37857e+00  2.66307e+00
 6.34000e+01  4.96420e-01  2.08357e-02  1.73655e+00  4.19720e-02  2.37877e+00  2.66307e+00
 6.35000e+01  4.96442e-01  2.09607e-02  1.73661e+00  4.22219e-02  2.37897e+00  2.66307e+00
 6.36000e+01  4.96463e-01  2.10850e-02  1.73668e+00  4.24705e-02  2.37918e+00  2.66306e+00
 6.37000e+01  4.96485e-01  2.12087e-02  1.73674e+00  4.27177e-02  2.37938e+00  2.66306e+00
 6.38000e+01  4.96507e-01  2.13316e-02  1.73681e+00  4.29634e-02  2.37959e+00  2.66306e+00
 6.39000e+01  4.96529e-01  2.14539e-02  1.73687e+00  4.32077e-02  2.37980e+00  2.66306e+00
 6.40000e+01  4.96552e-01  2.15754e-02  1.73694e+00  4.34506e-02  2.38001e+00  2.66305e+00
 6.41000e+01  4.96574e-01  2.16963e-02  1.73700e+00  4.36920e-02  2.38022e+00  2.66305e+00
 6.42000e+01  4.96597e-01  2.18165e-02  1.73707e+00  4.39320e-02  2.38043e+00  2.66305e+00
 6.43000e+01  4.96619e-01  2.19359e-02  1.73713e+00  4.41705e-02  2.38065e+00  2.66305e+00
 6.44000e+01  4.96642e-01  2.20546e-02  1.73720e+00  4.44075e-02  2.38086e+00  2.66305e+00
 6.45000e+01  4.96665e-01  2.21726e-02  1.73727e+00  4.46430e-02  2.38108e+00  2.66305e+00
 6.46000e+01  4.96688e-01  2.22899e-02  1.73734e+00  4.48771e-02  2.38130e+00  2.66304e+00
 6.47000e+01  4.96711e-01  2.24065e-02  1.73741e+00  4.51096e-02  2.38152e+00  2.66304e+00
 6.48000e+01  4.96735e-01  2.25223e-02  1.73748e+00  4.53406e-02  2.38174e+00  2.66304e+00
 6.49000e+01  4.96758e-01  2.26373e-02  1.73755e+00  4.55701e-02  2.38196e+00  2.66304e+00
 6.50000e+01  4.96782e-01  2.27517e-02  1.73762e+00  4.57981e-02  2.38219e+00  2.66304e+00
 6.51000e+01  4.96806e-01  2.28652e-02  1.73769e+00  4.60245e-02  2.38241e+00  2.66304e+00
 6.52000e+01  4.96830e-01  2.29781e-02  1.73776e+00  4.62494e-02  2.38264e+00  2.66304e+00
 6.53000e+01  4.96854e-01  2.30901e-02  1.73783e+00  4.64727e-02  2.38287e+00  2.66304e+00
 6.54000e+01  4.96878e-01  2.32014e-02  1.73790e+00  4.66944e-02  2.38310e+00  2.66304e+00
 6.55000e+01  4.96902e-01  2.33120e-02  1.73798e+00  4.69146e-02  2.38333e+00  2.66304e+00
 6.56000e+01  4.96926e-01  2.34217e-02  1.73805e+00  4.71332e-02  2.38356e+00  2.66304e+00
 6.57000e+01  4.96951e-01  2.35307e-02  1.73812e+00  4.73501e-02  2.38380e+00  2.66304e+00
 6.58000e+01  4.96976e-01  2.36389e-02  1.73820e+00  4.75655e-02  2.38403e+00  2.66304e+00
 6.59000e+01  4.97000e-01  2.37463e-02  1.73827e+00  4.77792e-02  2.38427e+00  2.66304e+00
 6.60000e+01  4.97025e-01  2.38529e-02  1.73835e+00  4.79914e-02  2.38451e+00  2.66304e+00
 6.61000e+01  4.97050e-01  2.39587e-02  1.73842e+00  4.82018e-02  2.38475e+00  2.66304e+00
 6.62000e+01  4.97075e-01  2.40638e-02  1.73850e+00  4.84107e-02  2.38499e+00  2.66304e+00
 6.63000e+01  4.97101e-01  2.41680e-02  1.73858e+00  4.86178e-02  2.38523e+00  2.66304e+00
 6.64000e+01  4.97126e-01  2.42714e-02  1.73865e+00  4.88234e-02  2.38547e+00  2.66305e+00
 6.65000e+01  4.97152e-01  2.43739e-02  1.73873e+00  4.90272e-02  2.38572e+00  2.66305e+00
 6.66000e+01  4.97177e-01  2.44757e-02  1.73881e+00  4.92294e-02  2.38596e+00  2.66305e+00
 6.67000e+01  4.97203e-01  2.45767e-02  1.73889e+00  4.94298e-02  2.38621e+00  2.66305e+00
 6.68000e+01  4.97229e-01  2.46768e-02  1.73897e+00  4.96286e-02  2.38646e+00  2.66305e+00
 6.69000e+01  4.97255e-01  2.47760e-02  1.73905e+00  4.98256e-02  2.38671e+00  2.66306e+00
 6.70000e+01  4.97281e-01  2.48745e-02  1.73913e+00  5.00210e-02  2.38696e+00  2.66306e+00
 6.71000e+01  4.97307e-01  2.49721e-02  1.73921e+00  5.02146e-02  2.38722e+00  2.66306e+00
 6.72000e+01  4.97334e-01  2.50688e-02  1.73929e+00  5.04064e-02  2.38747e+00  2.66306e+00
 6.73000e+01  4.97360e-01  2.51647e-02  1.73937e+00  5.05966e-02  2.38773e+00  2.66307e+00
 6.74000e+01  4.97387e-01  2.52597e-02  1.73946e+00  5.07849e-02  2.38798e+00  2.66307e+00
 6.75000e+01  4.97413e-01  2.53539e-02  1.73954e+00  5.09715e-02  2.38824e+00  2.66308e+00
 6.76000e+01  4.97440e-01  2.54472e-02  1.73962e+00  5.11564e-02  2.38850e+00  2.66308e+00
 6.77000e+01  4.97467e-01  2.55397e-02  1.73971e+00  5.13394e-02  2.38876e+00  2.66308e+00
 6.78000e+01  4.97494e-01  2.56312e-02  1.73979e+00  5.15207e-02  2.38903e+00  2.66309e+00
 6.79000e+01  4.97521e-01  2.57219e-02  1.73988e+00  5.17001e-02  2.38929e+00  2.66309e+00
 6.80000e+01  4.97549e-01  2.58117e-02  1.73996e+00  5.18778e-02  2.38956e+00  2.66310e+00
 6.81000e+01  4.97576e-01  2.59006e-02  1.74005e+00  5.20536e-02  2.38982e+00  2.66310e+00
 6.82000e+01  4.97603e-01  2.59886e-02  1.74013e+00  5.22276e-02  2.39009e+00  2.66311e+00
 6.83000e+01  4.97631e-01  2.60758e-02  1.74022e+00  5.23998e-02  2.39036e+00  2.66311e+00
 6.84000e+01  4.97659e-01  2.61620e-02  1.74031e+00  5.25701e-02  2.39063e+00  2.66312e+00
 6.85000e+01  4.97686e-01  2.62473e-02  1.74040e+00  5.27386e-02  2.39090e+00  2.66313e+00
 6.86000e+01  4.97714e-01  2.63317e-02  1.74049e+00  5.29052e-02  2.39118e+00  2.66313e+00
 6.87000e+01  4.97742e-01  2.64152e-02  1.74058e+00  5.30700e-02  2.39145e+00  2.66314e+00
 6.88000e+01  4.97771e-01  2.64978e-02  1.74066e+00  5.32329e-02  2.39173e+00  2.66315e+00
 6.89000e+01  4.97799e-01  2.65794e-02  1.74075e+00  5.33939e-02  2.39200e+00  2.66315e+00
 6.90000e+01  4.97827e-01  2.66601e-02  1.74085e+00  5.35530e-02  2.39228e+00  2.66316e+00
 6.91000e+01  4.97856e-01  2.67399e-02  1.74094e+00  5.37102e-02  2.39256e+00  2.66317e+00
 6.92000e+01  4.97884e-01  2.68188e-02  1.74103e+00  5.38655e-02  2.39284e+00  2.66318e+00
 6.93000e+01  4.97913e-01  2.68967e-02  1.74112e+00  5.40188e-02  2.39312e+00  2.66318e+00
 6.94000e+01  4.97942e-01  2.69736e-02  1.74121e+00  5.41703e-02  2.39341e+00  2.66319e+00
 6.95000e+01  4.97970e-01  2.70496e-02  1.74131e+00  5.43198e-02  2.39369e+00  2.66320e+00
 6.96000e+01  4.97999e-01  2.71247e-02  1.74140e+00  5.44673e-02  2.39398e+00  2.66321e+00
 6.97000e+01  4.98028e-01  2.71988e-02  1.74149e+00  5.46130e-02  2.39427e+00  2.66322e+00
 6.98000e+01  4.98058e-01  2.72720e-02  1.74159e+00  5.47566e-02  2.39455e+00  2.66323e+00
 6.99000e+01  4.98087e-01  2.73441e-02  1.74168e+00  5.48983e-02  2.39484e+00  2.66324e+00
 7.00000e+01  4.98116e-01  2.74153e-02  1.74178e+00  5.50380e-02  2.39513e+00  2.66325e+00
 7.01000e+01  4.98146e-01  2.74856e-02  1.74187e+00  5.51758e-02  2.39543e+00  2.66326e+00
 7.02000e+01  4.98175e-01  2.75548e-02  1.74197e+00  5.53115e-02  2.39572e+00  2.66327e+00
 7.03000e+01  4.98205e-01  2.76231e-02  1.74207e+00  5.54452e-02  2.39601e+00  2.66328e+00
 7.04000e+01  4.98235e-01  2.76904e-02  1.74217e+00  5.55770e-02  2.39631e+00  2.66329e+00
 7.05000e+01  4.98264e-01  2.77567e-02  1.74226e+00  5.57067e-02  2.39661e+00  2.66330e+00
 7.06000e+01  4.98294e-01  2.78220e-02  1.74236e+00  5.58344e-02  2.39691e+00  2.66331e+00
 7.07000e+01  4.98324e-01  2.78863e-02  1.74246e+00  5.59601e-02  2.39721e+00  2.66332e+00
 7.08000e+01  4.98354e-01  2.79496e-02  1.74256e+00  5.60837e-02  2.39751e+00  2.66334e+00
 7.09000e+01  4.98385e-01  2.80119e-02  1.74266e+00  5.62053e-02  2.39781e+00  2.66335e+00
 7.10000e+01  4.98415e-01  2.80731e-02  1.74276e+00  5.63249e-02  2.39811e+00  2.66336e+00
 7.11000e+01  4.98445e-01  2.81334e-02  1.74286e+00  5.64423e-02  2.39841e+00  2.66338e+00
 7.12000e+01  4.98476e-01  2.81927e-02  1.74296e+00  5.65577e-02  2.39872e+00  2.66339e+00
 7.13000e+01  4.98506e-01  2.82509e-02  1.74306e+00  5.66711e-02  2.39903e+00  2.66340e+00
 7.14000e+01  4.98537e-01  2.83081e-02  1.74317e+00  5.67823e-02  2.39933e+00  2.66342e+00
 7.15000e+01  4.98567e-01  2.83643e-02  1.74327e+00  5.68915e-02  2.39964e+00  2.66343e+00
 7.16000e+01  4.98598e-01  2.84194e-02  1.74337e+00  5.69986e-02  2.39995e+00  2.66345e+00
 7.17000e+01  4.98629e-01  2.84735e-02  1.74348e+00  5.71036e-02  2.40026e+00  2.66346e+00
 7.18000e+01  4.98660e-01  2.85266e-02  1.74358e+00  5.72064e-02  2.40058e+00  2.66348e+00
 7.19000e+01  4.98691e-01  2.85786e-02  1.74369e+00  5.73072e-02  2.40089e+00  2.66349e+00
 7.20000e+01  4.98722e-01  2.86295e-02  1.74379e+00  5.74058e-02  2.40120e+00  2.66351e+00
 7.21000e+01  4.98753e-01  2.86794e-02  1.74390e+00  5.75023e-02  2.40152e+00  2.66352e+00
 7.22000e+01  4.98785e-01  2.87283e-02  1.74400e+00  5.75966e-02  2.40184e+00  2.66354e+00
 7.23000e+01  4.98816e-01  2.87761e-02  1.74411e+00  5.76888e-02  2.40215e+00  2.66356e+00
 7.24000e+01  4.98847e-01  2.88228e-02  1.74422e+00  5.77789e-02  2.40247e+00  2.66357e+00
 7.25000e+01  4.98879e-01  2.88685e-02  1.74432e+00  5.78668e-02  2.40279e+00  2.66359e+00
 7.26000e+01  4.98910e-01  2.89131e-02  1.74443e+00  5.79525e-02  2.40311e+00  2.66361e+00
 7.27000e+01  4.98942e-01  2.89566e-02  1.74454e+00  5.80361e-02  2.40343e+00  2.66363e+00
 7.28000e+01  4.98974e-01  2.89991e-02  1.74465e+00  5.81175e-02  2.40376e+00  2.66364e+00
 7.29000e+01  4.99006e-01  2.90405e-02  1.74476e+00  5.81967e-02  2.40408e+00  2.66366e+00
 7.30000e+01  4.99037e-01  2.90807e-02  1.74487e+00  5.82737e-02  2.40441e+00  2.66368e+00
 7.31000e+01  4.99069e-01  2.91199e-02  1.74498e+00  5.83485e-02  2.40473e+00  2.66370e+00
 7.32000e+01  4.99101e-01  2.91580e-02  1.74509e+00  5.84211e-02  2.40506e+00  2.66372e+00
 7.33000e+01  4.99133e-01  2.91950e-02  1.74520e+00  5.84915e-02  2.40539e+00  2.66374e+00
 7.34000e+01  4.99165e-01  2.92310e-02  1.74531e+00  5.85597e-02  2.40572e+00  2.66376e+00
 7.35000e+01  4.99198e-01  2.92658e-02  1.74542e+00  5.86256e-02  2.40605e+00  2.66378e+00
 7.36000e+01  4.99230e-01  2.92995e-02  1.74554e+00  5.86894e-02  2.40638e+00  2.66380e+00
 7.37000e+01  4.99262e-01  2.93321e-02  1.74565e+00  5.87509e-02  2.40671e+00  2.66382e+00
 7.38000e+01  4.99295e-01  2.93636e-02  1.74576e+00  5.88101e-02  2.40704e+00  2.66384e+00
 7.39000e+01  4.99327e-01  2.93940e-02  1.74588e+00  5.88671e-02  2.40738e+00  2.66387e+00
 7.40000e+01  4.99359e-01  2.94232e-02  1.74599e+00  5.89219e-02  2.40771e+00  2.66389e+00
 7.41000e+01  4.99392e-01  2.94514e-02  1.74610e+00  5.89744e-02  2.40805e+00  2.66391e+00
 7.42000e+01  4.99425e-01  2.94784e-02  1.74622e+00  5.90247e-02  2.40838e+00  2.66393e+00
 7.43000e+01  4.99457e-01  2.95043e-02  1.74633e+00  5.90726e-02  2.40872e+00  2.66396e+00
 7.44000e+01  4.99490e-01  2.95290e-02  1.74645e+00  5.91184e-02  2.40906e+00  2.66398e+00
 7.45000e+01  4.99523e-01  2.95527e-02  1.74657e+00  5.91618e-02  2.40940e+00  2.66400e+00
 7.46000e+01  4.99556e-01  2.95752e-02  1.74668e+00  5.92029e-02  2.40974e+00  2.66403e+00
 7.47000e+01  4.99589e-01  2.95965e-02  1.74680e+00  5.92418e-02  2.41008e+00  2.66405e+00
 7.48000e+01  4.99621e-01  2.96167e-02  1.74692e+00  5.92784e-02  2.41042e+00  2.66408e+00
 7.49000e+01  4.99654e-01  2.96358e-02  1.74703e+00  5.93126e-02  2.41077e+00  2.66410e+00
 7.50000e+01  4.99687e-01  2.96537e-02  1.74715e+00  5.93446e-02  2.41111e+00  2.66413e+00
 7.51000e+01  4.99721e-01  2.96705e-02  1.74727e+00  5.93742e-02  2.41146e+00  2.66415e+00
 7.52000e+01  4.99754e-01  2.96862e-02  1.74739e+00  5.94016e-02  2.41180e+00  2.66418e+00
 7.53000e+01  4.99787e-01  2.97006e-02  1.74751e+00  5.94266e-02  2.41215e+00  2.66421e+00
 7.54000e+01  4.99820e-01  2.97139e-02  1.74763e+00  5.94493e-02  2.41250e+00  2.66423e+00
 7.55000e+01  4.99853e-01  2.97261e-02  1.74775e+00  5.94697e-02  2.41284e+00  2.66426e+00
 7.56000e+01  4.99887e-01  2.97371e-02  1.74787e+00  5.94877e-02  2.41319e+00  2.66429e+00
 7.57000e+01  4.99920e-01  2.97469e-02  1.74799e+00  5.95034e-02  2.41354e+00  2.66432e+00
 7.58000e+01  4.99953e-01  2.97556e-02  1.74811e+00  5.95168e-02  2.41389e+00  2.66434e+00
 7.59000e+01  4.99987e-01  2.97631e-02  1.74823e+00  5.95278e-02  2.41424e+00  2.66437e+00
 7.60000e+01  5.00020e-01  2.97694e-02  1.74836e+00  5.95364e-02  2.41460e+00  2.66440e+00
 7.61000e+01  5.00054e-01  2.97746e-02  1.74848e+00  5.95428e-02  2.41495e+00  2.66443e+00
 7.62000e+01  5.00087e-01  2.97786e-02  1.74860e+00  5.95467e-02  2.41530e+00  2.66446e+00
 7.63000e+01  5.00121e-01  2.97813e-02  1.74872e+00  5.95483e-02  2.41566e+00  2.66449e+00
 7.64000e+01  5.00154e-01  2.97830e-02  1.74885e+00  5.95475e-02  2.41601e+00  2.66452e+00
 7.65000e+01  5.00188e-01  2.97834e-02  1.74897e+00  5.95444e-02  2.41637e+00  2.66455e+00
 7.66000e+01  5.00222e-01  2.97826e-02  1.74910e+00  5.95389e-02  2.41672e+00  2.66458e+00
 7.67000e+01  5.00255e-01  2.97807e-02  1.74922e+00  5.95310e-02  2.41708e+00  2.66461e+00
 7.68000e+01  5.00289e-01  2.97776e-02  1.74935e+00  5.95207e-02  2.41744e+00  2.66464e+00
 7.69000e+01  5.00323e-01  2.97733e-02  1.74947e+00  5.95081e-02  2.41780e+00  2.66467e+00
 7.70000e+01  5.00357e-01  2.97677e-02  1.74960e+00  5.94930e-02  2.41815e+00  2.66471e+00
 7.71000e+01  5.00390e-01  2.97610e-02  1.74972e+00  5.94756e-02  2.41851e+00  2.66474e+00
 7.72000e+01  5.00424e-01  2.97531e-02  1.74985e+00  5.94558e-02  2.41887e+00  2.66477e+00
 7.73000e+01  5.00458e-01  2.97440e-02  1.74997e+00  5.94336e-02  2.41923e+00  2.66481e+00
 7.74000e+01  5.00492e-01  2.97337e-02  1.75010e+00  5.94090e-02  2.41960e+00  2.66484e+00
 7.75000e+01  5.00526e-01  2.97222e-02  1.75023e+00  5.93820e-02  2.41996e+00  2.66487e+00
 7.76000e+01  5.00560e-01  2.97095e-02  1.75036e+00  5.93526e-02  2.42032e+00  2.66491e+00
 7.77000e+01  5.00594e-01  2.96956e-02  1.75048e+00  5.93207e-02  2.42068e+00  2.66494e+00
 7.78000e+01  5.00628e-01  2.96805e-02  1.75061e+00  5.92865e-02  2.42105e+00  2.66498e+00
 7.79000e+01  5.00662e-01  2.96641e-02  1.75074e+00  5.92499e-02  2.42141e+00  2.66501e+00
 7.80000e+01  5.00695e-01  2.96466e-02  1.75087e+00  5.92108e-02  2.42177e+00  2.66505e+00
 7.81000e+01  5.00729e-01  2.96278e-02  1.75100e+00  5.91693e-02  2.42214e+00  2.66508e+00
 7.82000e+01  5.00763e-01  2.96079e-02  1.75113e+00  5.91254e-02  2.42251e+00  2.66512e+00
 7.83000e+01  5.00797e-01  2.95867e-02  1.75125e+00  5.90791e-02  2.42287e+00  2.66515e+00
 7.84000e+01  5.00831e-01  2.95643e-02  1.75138e+00  5.90304e-02  2.42324e+00  2.66519e+00
 7.85000e+01  5.00865e-01  2.95407e-02  1.75151e+00  5.89792e-02  2.42360e+00  2.66523e+00
 7.86000e+01  5.00899e-01  2.95158e-02  1.75164e+00  5.89257e-02  2.42397e+00  2.66527e+00
 7.87000e+01  5.00933e-01  2.94898e-02  1.75177e+00  5.88697e-02  2.42434e+00  2.66530e+00
 7.88000e+01  5.00967e-01  2.94625e-02  1.75190e+00  5.88112e-02  2.42471e+00  2.66534e+00
 7.89000e+01  5.01001e-01  2.94340e-02  1.75204e+00  5.87504e-02  2.42507e+00  2.66538e+00
 7.90000e+01  5.01035e-01  2.94043e-02  1.75217e+00  5.86871e-02  2.42544e+00  2.66542e+00
 7.91000e+01  5.01069e-01  2.93734e-02  1.75230e+00  5.86213e-02  2.42581e+00  2.66546e+00
 7.92000e+01  5.01103e-01  2.93412e-02  1.75243e+00  5.85532e-02  2.42618e+00  2.66550e+00
 7.93000e+01  5.01137e-01  2.93078e-02  1.75256e+00  5.84826e-02  2.42655e+00  2.66553e+00
 7.94000e+01  5.01171e-01  2.92732e-02  1.75269e+00  5.84095e-02  2.42692e+00  2.66557e+00
 7.95000e+01  5.01205e-01  2.92374e-02  1.75282e+00  5.83341e-02  2.42729e+00  2.66561e+00
 7.96000e+01  5.01239e-01  2.92003e-02  1.75296e+00  5.82562e-02  2.42766e+00  2.66565e+00
 7.97000e+01  5.01273e-01  2.91620e-02  1.75309e+00  5.81758e-02  2.42803e+00  2.66570e+00
 7.98000e+01  5.01307e-01  2.91225e-02  1.75322e+00  5.80931e-02  2.42840e+00  2.66574e+00
 7.99000e+01  5.01341e-01  2.90817e-02  1.75336e+00  5.80078e-02  2.42877e+00  2.66578e+00
 8.00000e+01  5.01375e-01  2.90397e-02  1.75349e+00  5.79202e-02  2.42915e+00  2.66582e+00
 8.01000e+01  5.01409e-01  2.89965e-02  1.75362e+00  5.78301e-02  2.42952e+00  2.66586e+00
 8.02000e+01  5.01443e-01  2.89521e-02  1.75375e+00  5.77376e-02  2.42989e+00  2.66590e+00
 8.03000e+01  5.01477e-01  2.89064e-02  1.75389e+00  5.76426e-02  2.43026e+00  2.66594e+00
 8.04000e+01  5.01511e-01  2.88595e-02  1.75402e+00  5.75452e-02  2.43063e+00  2.66599e+00
 8.05000e+01  5.01545e-01  2.88114e-02  1.75416e+00  5.74454e-02  2.43101e+00  2.66603e+00
 8.06000e+01  5.01578e-01  2.87621e-02  1.75429e+00  5.73431e-02  2.43138e+00  2.66607e+00
 8.07000e+01  5.01612e-01  2.87115e-02  1.75442e+00  5.72384e-02  2.43175e+00  2.66612e+00
 8.08000e+01  5.01646e-01  2.86597e-02  1.75456e+00  5.71312e-02  2.43212e+00  2.66616e+00
 8.09000e+01  5.01680e-01  2.86066e-02  1.75469e+00  5.70217e-02  2.43249e+00  2.66620e+00
 8.10000e+01  5.01713e-01  2.85523e-02  1.75483e+00  5.69097e-02  2.43287e+00  2.66625e+00
 8.11000e+01  5.01747e-01  2.84968e-02  1.75496e+00  5.67952e-02  2.43324e+00  2.66629e+00
 8.12000e+01  5.01781e-01  2.84401e-02  1.75510e+00  5.66783e-02  2.43361e+00  2.66634e+00
 8.13000e+01  5.01814e-01  2.83821e-02  1.75523e+00  5.65590e-02  2.43398e+00  2.66638e+00
 8.14000e+01  5.01848e-01  2.83229e-02  1.75536e+00  5.64373e-02  2.43436e+00  2.66643e+00
 8.15000e+01  5.01881e-01  2.82625e-02  1.75550e+00  5.63131e-02  2.43473e+00  2.66647e+00
 8.16000e+01  5.01915e-01  2.82009e-02  1.75563e+00  5.61866e-02  2.43510e+00  2.66652e+00
 8.17000e+01  5.01948e-01  2.81380e-02  1.75577e+00  5.60576e-02  2.43547e+00  2.66656e+00
 8.18000e+01  5.01981e-01  2.80739e-02  1.75590e+00  5.59261e-02  2.43584e+00  2.66661e+00
 8.19000e+01  5.02015e-01  2.80086e-02  1.75604e+00  5.57923e-02  2.43622e+00  2.66666e+00
 8.20000e+01  5.02048e-01  2.79420e-02  1.75617e+00  5.56561e-02  2.43659e+00  2.66670e+00
 8.21000e+01  5.02081e-01  2.78742e-02  1.75631e+00  5.55174e-02  2.43696e+00  2.66675e+00
 8.22000e+01  5.02115e-01  2.78053e-02  1.75644e+00  5.53763e-02  2.43733e+00  2.66680e+00
 8.23000e+01  5.02148e-01  2.77350e-02  1.75658e+00  5.52328e-02  2.43770e+00  2.66684e+00
 8.24000e+01  5.02181e-01  2.76636e-02  1.75671e+00  5.50869e-02  2.43807e+00  2.66689e+00
 8.25000e+01  5.02214e-01  2.75909e-02  1.75685e+00  5.49386e-02  2.43844e+00  2.66694e+00
 8.26000e+01  5.02247e-01  2.75171e-02  1.75698e+00  5.47879e-02  2.43881e+00  2.66699e+00
 8.27000e+01  5.02280e-01  2.74420e-02  1.75712e+00  5.46348e-02  2.43918e+00  2.66704e+00
 8.28000e+01  5.02313e-01  2.73657e-02  1.75725e+00  5.44794e-02  2.43955e+00  2.66708e+00
 8.29000e+01  5.02346e-01  2.72882e-02  1.75739e+00  5.43215e-02  2.43992e+00  2.66713e+00
 8.30000e+01  5.02378e-01  2.72094e-02  1.75752e+00  5.41612e-02  2.44029e+00  2.66718e+00
 8.31000e+01  5.02411e-01  2.71295e-02  1.75766e+00  5.39986e-02  2.44066e+00  2.66723e+00
 8.32000e+01  5.02444e-01  2.70483e-02  1.75779e+00  5.38336e-02  2.44103e+00  2.66728e+00
 8.33000e+01  5.02476e-01  2.69660e-02  1.75793e+00  5.36662e-02  2.44140e+00  2.66733e+00
 8.34000e+01  5.02509e-01  2.68824e-02  1.75806e+00  5.34964e-02  2.44176e+00  2.66738e+00
 8.35000e+01  5.02541e-01  2.67976e-02  1.75820e+00  5.33243e-02  2.44213e+00  2.66743e+00
 8.36000e+01  5.02574e-01  2.67117e-02  1.75833e+00  5.31498e-02  2.44250e+00  2.66748e+00
 8.37000e+01  5.02606e-01  2.66245e-02  1.75847e+00  5.29729e-02  2.44286e+00  2.66753e+00
 8.38000e+01  5.02638e-01  2.65361e-02  1.75860e+00  5.27937e-02  2.44323e+00  2.66758e+00
 8.39000e+01  5.02670e-01  2.64466e-02  1.75874e+00  5.26122e-02  2.44359e+00  2.66763e+00
 8.40000e+01  5.02702e-01  2.63558e-02  1.75887e+00  5.24283e-02  2.44396e+00  2.66768e+00
 8.41000e+01  5.02734e-01  2.62639e-02  1.75900e+00  5.22421e-02  2.44432e+00  2.66773e+00
 8.42000e+01  5.02766e-01  2.61707e-02  1.75914e+00  5.20535e-02  2.44469e+00  2.66778e+00
 8.43000e+01  5.02798e-01  2.60764e-02  1.75927e+00  5.18626e-02  2.44505e+00  2.66783e+00
 8.44000e+01  5.02830e-01  2.59809e-02  1.75941e+00  5.16694e-02  2.44541e+00  2.66788e+00
 8.45000e+01  5.02861e-01  2.58842e-02  1.75954e+00  5.14739e-02  2.44577e+00  2.66793e+00
 8.46000e+01  5.02893e-01  2.57863e-02  1.75967e+00  5.12760e-02  2.44613e+00  2.66798e+00
 8.47000e+01  5.02924e-01  2.56873e-02  1.75981e+00  5.10759e-02  2.44649e+00  2.66803e+00
 8.48000e+01  5.02956e-01  2.55871e-02  1.75994e+00  5.08734e-02  2.44685e+00  2.66808e+00
 8.49000e+01  5.02987e-01  2.54857e-02  1.76007e+00  5.06687e-02  2.44721e+00  2.66813e+00
 8.50000e+01  5.03018e-01  2.53831e-02  1.76020e+00  5.04617e-02  2.44757e+00  2.66818e+00
 8.51000e+01  5.03049e-01  2.52794e-02  1.76034e+00  5.02524e-02  2.44792e+00  2.66824e+00
 8.52000e+01  5.03080e-01  2.51745e-02  1.76047e+00  5.00408e-02  2.44828e+00  2.66829e+00
 8.53000e+01  5.03111e-01  2.50685e-02  1.76060e+00  4.98270e-02  2.44863e+00  2.66834e+00
 8.54000e+01  5.03142e-01  2.49613e-02  1.76073e+00  4.96109e-02  2.44899e+00  2.66839e+00
 8.55000e+01  5.03173e-01  2.48530e-02  1.76086e+00  4.93925e-02  2.44934e+00  2.66844e+00
 8.56000e+01  5.03203e-01  2.47435e-02  1.76099e+00  4.91719e-02  2.44969e+00  2.66849e+00
 8.57000e+01  5.03234e-01  2.46328e-02  1.76112e+00  4.89491e-02  2.45004e+00  2.66855e+00
 8.58000e+01  5.03264e-01  2.45210e-02  1.76125e+00  4.87240e-02  2.45040e+00  2.66860e+00
 8.59000e+01  5.03294e-01  2.44081e-02  1.76138e+00  4.84967e-02  2.45074e+00  2.66865e+00
 8.60000e+01  5.03325e-01  2.42941e-02  1.76151e+00  4.82672e-02  2.45109e+00  2.66870e+00
 8.61000e+01  5.03355e-01  2.41789e-02  1.76164e+00  4.80355e-02  2.45144e+00  2.66875e+00
 8.62000e+01  5.03385e-01  2.40626e-02  1.76177e+00  4.78016e-02  2.45179e+00  2.66881e+00
 8.63000e+01  5.03414e-01  2.39451e-02  1.76190e+00  4.75655e-02  2.45213e+00  2.66886e+00
 8.64000e+01  5.03444e-01  2.38266e-02  1.76203e+00  4.73272e-02  2.45248e+00  2.66891e+00
 8.65000e+01  5.03474e-01  2.37069e-02  1.76216e+00  4.70867e-02  2.45282e+00  2.66896e+00
 8.66000e+01  5.03503e-01  2.35861e-02  1.76229e+00  4.68441e-02  2.45316e+00  2.66901e+00
 8.67000e+01  5.03532e-01  2.34642e-02  1.76241e+00  4.65993e-02  2.45350e+00  2.66907e+00
 8.68000e+01  5.03562e-01  2.33413e-02  1.76254e+00  4.63523e-02  2.45384e+00  2.66912e+00
 8.69000e+01  5.03591e-01  2.32172e-02  1.76267e+00  4.61033e-02  2.45418e+00  2.66917e+00
 8.70000e+01  5.03620e-01  2.30920e-02  1.76279e+00  4.58520e-02  2.45452e+00  2.66922e+00
 8.71000e+01  5.03648e-01  2.29657e-02  1.76292e+00  4.55987e-02  2.45485e+00  2.66927e+00
 8.72000e+01  5.03677e-01  2.28384e-02  1.76304e+00  4.53433e-02  2.45519e+00  2.66933e+00
 8.73000e+01  5.03706e-01  2.27099e-02  1.76317e+00  4.50857e-02  2.45552e+00  2.66938e+00
 8.74000e+01  5.03734e-01  2.25804e-02  1.76329e+00  4.48261e-02  2.45585e+00  2.66943e+00
 8.75000e+01  5.03762e-01  2.24498e-02  1.76342e+00  4.45643e-02  2.45618e+00  2.66948e+00
 8.76000e+01  5.03790e-01  2.23182e-02  1.76354e+00  4.43005e-02  2.45651e+00  2.66953e+00
 8.77000e+01  5.03818e-01  2.21855e-02  1.76366e+00  4.40347e-02  2.45684e+00  2.66959e+00
 8.78000e+01  5.03846e-01  2.20517e-02  1.76379e+00  4.37667e-02  2.45717e+00  2.66964e+00
 8.79000e+01  5.03874e-01  2.19169e-02  1.76391e+00  4.34968e-02  2.45749e+00  2.66969e+00
 8.80000e+01  5.03901e-01  2.17810e-02  1.76403e+00  4.32248e-02  2.45782e+00  2.66974e+00
 8.81000e+01  5.03929e-01  2.16441e-02  1.76415e+00  4.29508e-02  2.45814e+00  2.66979e+00
 8.82000e+01  5.03956e-01  2.15062e-02  1.76427e+00  4.26747e-02  2.45846e+00  2.66984e+00
 8.83000e+01  5.03983e-01  2.13672e-02  1.76439e+00  4.23967e-02  2.45878e+00  2.66989e+00
 8.84000e+01  5.04010e-01  2.12272e-02  1.76451e+00  4.21167e-02  2.45909e+00  2.66995e+00
 8.85000e+01  5.04037e-01  2.10862e-02  1.76463e+00  4.18347e-02  2.45941e+00  2.67000e+00
 8.86000e+01  5.04064e-01  2.09442e-02  1.76475e+00  4.15507e-02  2.45972e+00  2.67005e+00
 8.87000e+01  5.04090e-01  2.08012e-02  1.76487e+00  4.12648e-02  2.46004e+00  2.67010e+00
 8.88000e+01  5.04116e-01  2.06571e-02  1.76499e+00  4.09769e-02  2.46035e+00  2.67015e+00
 8.89000e+01  5.04143e-01  2.05121e-02  1.76510e+00  4.06871e-02  2.46066e+00  2.67020e+00
 8.90000e+01  5.04169e-01  2.03661e-02  1.76522e+00  4.03954e-02  2.46096e+00  2.67025e+00
 8.91000e+01  5.04194e-01  2.02191e-02  1.76533e+00  4.01017e-02  2.46127e+00  2.67030e+00
 8.92000e+01  5.04220e-01  2.00711e-02  1.76545e+00  3.98062e-02  2.46157e+00  2.67035e+00
 8.93000e+01  5.04246e-01  1.99221e-02  1.76556e+00  3.95088e-02  2.46187e+00  2.67040e+00
 8.94000e+01  5.04271e-01  1.97722e-02  1.76568e+00  3.92095e-02  2.46217e+00  2.67045e+00
 8.95000e+01  5.04296e-01  1.96213e-02  1.76579e+00  3.89083e-02  2.46247e+00  2.67050e+00
 8.96000e+01  5.04321e-01  1.94695e-02  1.76590e+00  3.86054e-02  2.46277e+00  2.67055e+00
 8.97000e+01  5.04346e-01  1.93167e-02  1.76601e+00  3.83005e-02  2.46306e+00  2.67060e+00
 8.98000e+01  5.04371e-01  1.91630e-02  1.76613e+00  3.79939e-02  2.46336e+00  2.67065e+00
 8.99000e+01  5.04395e-01  1.90083e-02  1.76624e+00  3.76854e-02  2.46365e+00  2.67069e+00
 9.00000e+01  5.04419e-01  1.88527e-02  1.76635e+00  3.73751e-02  2.46394e+00  2.67074e+00
 9.01000e+01  5.04443e-01  1.86962e-02  1.76645e+00  3.70631e-02  2.46422e+00  2.67079e+00
 9.02000e+01  5.04467e-01  1.85388e-02  1.76656e+00  3.67493e-02  2.46451e+00  2.67084e+00
 9.03000e+01  5.04491e-01  1.83805e-02  1.76667e+00  3.64337e-02  2.46479e+00  2.67089e+00
 9.04000e+01  5.04515e-01  1.82212e-02  1.76678e+00  3.61164e-02  2.46507e+00  2.67093e+00
 9.05000e+01  5.04538e-01  1.80611e-02  1.76688e+00  3.57973e-02  2.46535e+00  2.67098e+00
 9.06000e+01  5.04561e-01  1.79001e-02  1.76699e+00  3.54766e-02  2.46563e+00  2.67103e+00
 9.07000e+01  5.04584e-01  1.77382e-02  1.76709e+00  3.51541e-02  2.46590e+00  2.67108e+00
 9.08000e+01  5.04607e-01  1.75754e-02  1.76720e+00  3.48300e-02  2.46617e+00  2.67112e+00
 9.09000e+01  5.04629e-01  1.74118e-02  1.76730e+00  3.45041e-02  2.46644e+00  2.67117e+00
 9.10000e+01  5.04652e-01  1.72473e-02  1.76740e+00  3.41767e-02  2.46671e+00  2.67121e+00
 9.11000e+01  5.04674e-01  1.70820e-02  1.76750e+00  3.38475e-02  2.46698e+00  2.67126e+00
 9.12000e+01  5.04696e-01  1.69158e-02  1.76760e+00  3.35168e-02  2.46724e+00  2.67131e+00
 9.13000e+01  5.04718e-01  1.67488e-02  1.76770e+00  3.31844e-02  2.46750e+00  2.67135e+00
 9.14000e+01  5.04739e-01  1.65809e-02  1.76780e+00  3.28504e-02  2.46776e+00  2.67140e+00
 9.15000e+01  5.04761e-01  1.64122e-02  1.76790e+00  3.25149e-02  2.46802e+00  2.67144e+00
 9.16000e+01  5.04782e-01  1.62428e-02  1.76800e+00  3.21778e-02  2.46827e+00  2.67148e+00
 9.17000e+01  5.04803e-01  1.60725e-02  1.76809e+00  3.18391e-02  2.46853e+00  2.67153e+00
 9.18000e+01  5.04824e-01  1.59014e-02  1.76819e+00  3.14989e-02  2.46877e+00  2.67157e+00
 9.19000e+01  5.04844e-01  1.57295e-02  1.76828e+00  3.11571e-02  2.46902e+00  2.67161e+00
 9.20000e+01  5.04865e-01  1.55568e-02  1.76838e+00  3.08139e-02  2.46927e+00  2.67166e+00
 9.21000e+01  5.04885e-01  1.53834e-02  1.76847e+00  3.04691e-02  2.46951e+00  2.67170e+00
 9.22000e+01  5.04905e-01  1.52092e-02  1.76856e+00  3.01229e-02  2.46975e+00  2.67174e+00
 9.23000e+01  5.04925e-01  1.50342e-02  1.76865e+00  2.97752e-02  2.46999e+00  2.67178e+00
 9.24000e+01  5.04944e-01  1.48585e-02  1.76874e+00  2.94261e-02  2.47022e+00  2.67183e+00
 9.25000e+01  5.04963e-01  1.46821e-02  1.76883e+00  2.90755e-02  2.47046e+00  2.67187e+00
 9.26000e+01  5.04982e-01  1.45049e-02  1.76892e+00  2.87235e-02  2.47069e+00  2.67191e+00
 9.27000e+01  5.05001e-01  1.43269e-02  1.76901e+00  2.83701e-02  2.47091e+00  2.67195e+00
 9.28000e+01  5.05020e-01  1.41483e-02  1.76909e+00  2.80154e-02  2.47114e+00  2.67199e+00
 9.29000e+01  5.05038e-01  1.39690e-02  1.76918e+00  2.76592e-02  2.47136e+00  2.67203e+00
 9.30000e+01  5.05056e-01  1.37889e-02  1.76926e+00  2.73018e-02  2.47158e+00  2.67207e+00
 9.31000e+01  5.05074e-01  1.36082e-02  1.76935e+00  2.69429e-02  2.47180e+00  2.67210e+00
 9.32000e+01  5.05092e-01  1.34268e-02  1.76943e+00  2.65828e-02  2.47201e+00  2.67214e+00
 9.33000e+01  5.05110e-01  1.32447e-02  1.76951e+00  2.62214e-02  2.47222e+00  2.67218e+00
 9.34000e+01  5.05127e-01  1.30619e-02  1.76959e+00  2.58587e-02  2.47243e+00  2.67222e+00
 9.35000e+01  5.05144e-01  1.28785e-02  1.76967e+00  2.54947e-02  2.47264e+00  2.67225e+00
 9.36000e+01  5.05161e-01  1.26944e-02  1.76975e+00  2.51295e-02  2.47284e+00  2.67229e+00
 9.37000e+01  5.05177e-01  1.25097e-02  1.76982e+00  2.47631e-02  2.47304e+00  2.67233e+00
 9.38000e+01  5.05194e-01  1.23244e-02  1.76990e+00  2.43954e-02  2.47324e+00  2.67236e+00
 9.39000e+01  5.05210e-01  1.21384e-02  1.76998e+00  2.40265e-02  2.47344e+00  2.67240e+00
 9.40000e+01  5.05226e-01  1.19519e-02  1.77005e+00  2.36565e-02  2.47363e+00  2.67243e+00
 9.41000e+01  5.05241e-01  1.17647e-02  1.77012e+00  2.32853e-02  2.47382e+00  2.67247e+00
 9.42000e+01  5.05257e-01  1.15769e-02  1.77019e+00  2.29130e-02  2.47401e+00  2.67250e+00
 9.43000e+01  5.05272e-01  1.13886e-02  1.77027e+00  2.25395e-02  2.47419e+00  2.67253e+00
 9.44000e+01  5.05287e-01  1.11996e-02  1.77034e+00  2.21649e-02  2.47437e+00  2.67257e+00
 9.45000e+01  5.05301e-01  1.10101e-02  1.77040e+00  2.17892e-02  2.47455e+00  2.67260e+00
 9.46000e+01  5.05316e-01  1.08201e-02  1.77047e+00  2.14125e-02  2.47473e+00  2.67263e+00
 9.47000e+01  5.05330e-01  1.06295e-02  1.77054e+00  2.10347e-02  2.47490e+00  2.67266e+00
 9.48000e+01  5.05344e-01  1.04383e-02  1.77060e+00  2.06559e-02  2.47507e+00  2.67269e+00
 9.49000e+01  5.05358e-01  1.02467e-02  1.77067e+00  2.02760e-02  2.47524e+00  2.67272e+00
 9.50000e+01  5.05371e-01  1.00545e-02  1.77073e+00  1.98952e-02  2.47540e+00  2.67275e+00
 9.51000e+01  5.05384e-01  9.86175e-03  1.77079e+00  1.95134e-02  2.47556e+00  2.67278e+00
 9.52000e+01  5.05397e-01  9.66854e-03  1.77085e+00  1.91306e-02  2.47572e+00  2.67281e+00
 9.53000e+01  5.05410e-01  9.47484e-03  1.77091e+00  1.87468e-02  2.47587e+00  2.67284e+00
 9.54000e+01  5.05422e-01  9.28066e-03  1.77097e+00  1.83622e-02  2.47603e+00  2.67287e+00
 9.55000e+01  5.05434e-01  9.08600e-03  1.77103e+00  1.79766e-02  2.47617e+00  2.67290e+00
 9.56000e+01  5.05446e-01  8.89089e-03  1.77109e+00  1.75902e-02  2.47632e+00  2.67292e+00
 9.57000e+01  5.05458e-01  8.69531e-03  1.77114e+00  1.72028e-02  2.47646e+00  2.67295e+00
 9.58000e+01  5.05470e-01  8.49930e-03  1.77119e+00  1.68147e-02  2.47660e+00  2.67298e+00
 9.59000e+01  5.05481e-01  8.30285e-03  1.77125e+00  1.64257e-02  2.47674e+00  2.67300e+00
 9.60000e+01  5.05492e-01  8.10598e-03  1.77130e+00  1.60358e-02  2.47687e+00  2.67303e+00
 9.61000e+01  5.05502e-01  7.90869e-03  1.77135e+00  1.56452e-02  2.47700e+00  2.67305e+00
 9.62000e+01  5.05513e-01  7.71100e-03  1.77140e+00  1.52538e-02  2.47713e+00  2.67307e+00
 9.63000e+01  5.05523e-01  7.51292e-03  1.77145e+00  1.48617e-02  2.47725e+00  2.67310e+00
 9.64000e+01  5.05533e-01  7.31445e-03  1.77149e+00  1.44688e-02  2.47737e+00  2.67312e+00
 9.65000e+01  5.05542e-01  7.11561e-03  1.77154e+00  1.40752e-02  2.47749e+00  2.67314e+00
 9.66000e+01  5.05552e-01  6.91640e-03  1.77158e+00  1.36809e-02  2.47761e+00  2.67316e+00
 9.67000e+01  5.05561e-01  6.71684e-03  1.77162e+00  1.32859e-02  2.47772e+00  2.67318e+00
 9.68000e+01  5.05569e-01  6.51693e-03  1.77167e+00  1.28903e-02  2.47783e+00  2.67320e+00
 9.69000e+01  5.05578e-01  6.31669e-03  1.77171e+00  1.24940e-02  2.47793e+00  2.67322e+00
 9.70000e+01  5.05586e-01  6.11613e-03  1.77175e+00  1.20971e-02  2.47803e+00  2.67324e+00
 9.71000e+01  5.05594e-01  5.91526e-03  1.77178e+00  1.16996e-02  2.47813e+00  2.67326e+00
 9.72000e+01  5.05602e-01  5.71408e-03  1.77182e+00  1.13015e-02  2.47823e+00  2.67328e+00
 9.73000e+01  5.05610e-01  5.51261e-03  1.77186e+00  1.09029e-02  2.47832e+00  2.67329e+00
 9.74000e+01  5.05617e-01  5.31085e-03  1.77189e+00  1.05037e-02  2.47841e+00  2.67331e+00
 9.75000e+01  5.05624e-01  5.10882e-03  1.77192e+00  1.01040e-02  2.47849e+00  2.67333e+00
 9.76000e+01  5.05630e-01  4.90653e-03  1.77196e+00  9.70380e-03  2.47857e+00  2.67334e+00
 9.77000e+01  5.05637e-01  4.70399e-03  1.77199e+00  9.30311e-03  2.47865e+00  2.67336e+00
 9.78000e+01  5.05643e-01  4.50121e-03  1.77202e+00  8.90195e-03  2.47873e+00  2.67337e+00
 9.79000e+01  5.05649e-01  4.29820e-03  1.77204e+00  8.50036e-03  2.47880e+00  2.67338e+00
 9.80000e+01  5.05655e-01  4.09496e-03  1.77207e+00  8.09834e-03  2.47887e+00  2.67340e+00
 9.81000e+01  5.05660e-01  3.89152e-03  1.77210e+00  7.69592e-03  2.47893e+00  2.67341e+00
 9.82000e+01  5.05665e-01  3.68787e-03  1.77212e+00  7.29311e-03  2.47900e+00  2.67342e+00
 9.83000e+01  5.05670e-01  3.48403e-03  1.77214e+00  6.88994e-03  2.47905e+00  2.67343e+00
 9.84000e+01  5.05674e-01  3.28002e-03  1.77216e+00  6.48643e-03  2.47911e+00  2.67344e+00
 9.85000e+01  5.05678e-01  3.07584e-03  1.77218e+00  6.08260e-03  2.47916e+00  2.67345e+00
 9.86000e+01  5.05682e-01  2.87150e-03  1.77220e+00  5.67846e-03  2.47921e+00  2.67346e+00
 9.87000e+01  5.05686e-01  2.66701e-03  1.77222e+00  5.27404e-03  2.47926e+00  2.67347e+00
 9.88000e+01  5.05690e-01  2.46238e-03  1.77224e+00  4.86935e-03  2.47930e+00  2.67348e+00
 9.89000e+01  5.05693e-01  2.25763e-03  1.77225e+00  4.46443e-03  2.47934e+00  2.67348e+00
 9.90000e+01  5.05696e-01  2.05276e-03  1.77227e+00  4.05928e-03  2.47937e+00  2.67349e+00
 9.91000e+01  5.05698e-01  1.84779e-03  1.77228e+00  3.65393e-03  2.47941e+00  2.67350e+00
 9.92000e+01  5.05701e-01  1.64272e-03  1.77229e+00  3.24839e-03  2.47943e+00  2.67350e+00
 9.93000e+01  5.05703e-01  1.43756e-03  1.77230e+00  2.84270e-03  2.47946e+00  2.67351e+00
 9.94000e+01  5.05704e-01  1.23233e-03  1.77231e+00  2.43686e-03  2.47948e+00  2.67351e+00
 9.95000e+01  5.05706e-01  1.02704e-03  1.77231e+00  2.03090e-03  2.47950e+00  2.67351e+00
 9.96000e+01  5.05707e-01  8.21696e-04  1.77232e+00  1.62485e-03  2.47952e+00  2.67352e+00
 9.97000e+01  5.05708e-01  6.16309e-04  1.77232e+00  1.21871e-03  2.47953e+00  2.67352e+00
 9.98000e+01  5.05709e-01  4.10890e-04  1.77233e+00  8.12504e-04  2.47954e+00  2.67352e+00
 9.99000e+01  5.05709e-01  2.05450e-04  1.77233e+00  4.06262e-04  2.47954e+00  2.67352e+00
