 0.00000e+00  4.57302e-01 -5.33177e-16 -4.26519e-02 -1.16592e-15 -4.62465e-03  5.40395e-03  2.42689e-01
 5.00000e-01  4.57164e-01  1.08658e-04 -4.25999e-02  2.37679e-04 -4.64107e-03  5.42514e-03  2.42654e-01
 1.00000e+00  4.56752e-01  2.17362e-04 -4.24437e-02  4.75887e-04 -4.69001e-03  5.48840e-03  2.42551e-01
 1.50000e+00  4.56062e-01  3.26215e-04 -4.21822e-02  7.15288e-04 -4.77048e-03  5.59281e-03  2.42380e-01
 2.00000e+00  4.55088e-01  4.35433e-04 -4.18135e-02  9.56810e-04 -4.88081e-03  5.73681e-03  2.42139e-01
 2.50000e+00  4.53824e-01  5.45391e-04 -4.13353e-02  1.20177e-03 -5.01853e-03  5.91826e-03  2.41828e-01
 3.00000e+00  4.52261e-01  6.56663e-04 -4.07445e-02  1.45196e-03 -5.18034e-03  6.13441e-03  2.41447e-01
 3.50000e+00  4.50389e-01  7.70049e-04 -4.00376e-02  1.70974e-03 -5.36201e-03  6.38196e-03  2.40995e-01
 4.00000e+00  4.48195e-01  8.86582e-04 -3.92105e-02  1.97812e-03 -5.55827e-03  6.65707e-03  2.40473e-01
 4.50000e+00  4.45667e-01  1.00754e-03 -3.82591e-02  2.26074e-03 -5.76279e-03  6.95544e-03  2.39880e-01
 5.00000e+00  4.42790e-01  1.13440e-03 -3.71790e-02  2.56193e-03 -5.96812e-03  7.27230e-03  2.39217e-01
 5.50000e+00  4.39551e-01  1.26885e-03 -3.59658e-02  2.88669e-03 -6.16570e-03  7.60257e-03  2.38484e-01
 6.00000e+00  4.35933e-01  1.41270e-03 -3.46159e-02  3.24064e-03 -6.34598e-03  7.94088e-03  2.37684e-01
 6.50000e+00  4.31922e-01  1.56786e-03 -3.31260e-02  3.62996e-03 -6.49847e-03  8.28167e-03  2.36818e-01
 7.00000e+00  4.27504e-01  1.73626e-03 -3.14941e-02  4.06139e-03 -6.61202e-03  8.61935e-03  2.35890e-01
 7.50000e+00  4.22667e-01  1.91977e-03 -2.97193e-02  4.54205e-03 -6.67503e-03  8.94836e-03  2.34902e-01
 8.00000e+00  4.17397e-01  2.12015e-03 -2.78025e-02  5.07946e-03 -6.67585e-03  9.26332e-03  2.33859e-01
 8.50000e+00  4.11687e-01  2.33895e-03 -2.57469e-02  5.68139e-03 -6.60314e-03  9.55915e-03  2.32765e-01
 9.00000e+00  4.05529e-01  2.57746e-03 -2.35576e-02  6.35579e-03 -6.44640e-03  9.83119e-03  2.31625e-01
 9.50000e+00  3.98920e-01  2.83661e-03 -2.12428e-02  7.11072e-03 -6.19642e-03  1.00753e-02  2.30446e-01
 1.00000e+01  3.91861e-01  3.11695e-03 -1.88134e-02  7.95424e-03 -5.84582e-03  1.02880e-02  2.29234e-01
 1.05000e+01  3.84355e-01  3.41859e-03 -1.62832e-02  8.89436e-03 -5.38957e-03  1.04666e-02  2.27993e-01
 1.10000e+01  3.76412e-01  3.74113e-03 -1.36691e-02  9.93892e-03 -4.82537e-03  1.06090e-02  2.26732e-01
 1.15000e+01  3.68046e-01  4.08368e-03 -1.09910e-02  1.10956e-02 -4.15401e-03  1.07143e-02  2.25456e-01
 1.20000e+01  3.59277e-01  4.44480e-03 -8.27128e-03  1.23715e-02 -3.37959e-03  1.07822e-02  2.24170e-01
 1.25000e+01  3.50128e-01  4.82253e-03 -5.53467e-03  1.37736e-02 -2.50953e-03  1.08134e-02  2.22881e-01
 1.30000e+01  3.40631e-01  5.21440e-03 -2.80755e-03  1.53081e-02 -1.55451e-03  1.08095e-02  2.21592e-01
 1.35000e+01  3.30819e-01  5.61739e-03 -1.17378e-04  1.69803e-02 -5.28150e-04  1.07730e-02  2.20309e-01
 1.40000e+01  3.20733e-01  6.02803e-03  2.50807e-03  1.87945e-02  5.53380e-04  1.07072e-02  2.19035e-01
 1.45000e+01  3.10419e-01  6.44239e-03  5.04143e-03  2.07539e-02  1.67190e-03  1.06160e-02  2.17773e-01
 1.50000e+01  2.99924e-01  6.85611e-03  7.45659e-03  2.28595e-02  2.80788e-03  1.05040e-02  2.16524e-01
 1.55000e+01  2.89300e-01  7.26449e-03  9.72947e-03  2.51105e-02  3.94117e-03  1.03764e-02  2.15288e-01
 1.60000e+01  2.78603e-01  7.66252e-03  1.18388e-02  2.75033e-02  5.05184e-03  1.02387e-02  2.14064e-01
 1.65000e+01  2.67888e-01  8.04496e-03  1.37668e-02  3.00310e-02  6.12102e-03  1.00966e-02  2.12852e-01
 1.70000e+01  2.57213e-01  8.40646e-03  1.55000e-02  3.26829e-02  7.13170e-03  9.95582e-03  2.11650e-01
 1.75000e+01  2.46633e-01  8.74161e-03  1.70295e-02  3.54438e-02  8.06942e-03  9.82223e-03  2.10454e-01
 1.80000e+01  2.36204e-01  9.04508e-03  1.83514e-02  3.82935e-02  8.92280e-03  9.70127e-03  2.09265e-01
 1.85000e+01  2.25978e-01  9.31177e-03  1.94664e-02  4.12066e-02  9.68371e-03  9.59800e-03  2.08081e-01
 1.90000e+01  2.16003e-01  9.53690e-03  2.03799e-02  4.41517e-02  1.03474e-02  9.51689e-03  2.06902e-01
 1.95000e+01  2.06324e-01  9.71622e-03  2.11012e-02  4.70919e-02  1.09122e-02  9.46169e-03  2.05731e-01
 2.00000e+01  1.96981e-01  9.84616e-03  2.16432e-02  4.99854e-02  1.13797e-02  9.43523e-03  2.04570e-01
 2.05000e+01  1.88004e-01  9.92401e-03  2.20216e-02  5.27861e-02  1.17541e-02  9.43936e-03  2.03425e-01
 2.10000e+01  1.79422e-01  9.94809e-03  2.22546e-02  5.54453e-02  1.20423e-02  9.47476e-03  2.02305e-01
 2.15000e+01  1.71252e-01  9.91789e-03  2.23621e-02  5.79140e-02  1.22530e-02  9.54095e-03  2.01222e-01
 2.20000e+01  1.63507e-01  9.83421e-03  2.23647e-02  6.01454e-02  1.23965e-02  9.63623e-03  2.00192e-01
 2.25000e+01  1.56192e-01  9.69920e-03  2.22824e-02  6.20979e-02  1.24831e-02  9.75769e-03  1.99235e-01
 2.30000e+01  1.49304e-01  9.51637e-03  2.21339e-02  6.37381e-02  1.25234e-02  9.90130e-03  1.98368e-01
 2.35000e+01  1.42837e-01  9.29060e-03  2.19362e-02  6.50436e-02  1.25269e-02  1.00620e-02  1.97608e-01
 2.40000e+01  1.36775e-01  9.02796e-03  2.17038e-02  6.60061e-02  1.25021e-02  1.02340e-02  1.96972e-01
 2.45000e+01  1.31100e-01  8.73557e-03  2.14494e-02  6.66327e-02  1.24568e-02  1.04107e-02  1.96474e-01
 2.50000e+01  1.25792e-01  8.42134e-03  2.11829e-02  6.69468e-02  1.23973e-02  1.05854e-02  1.96125e-01
 2.55000e+01  1.20824e-01  8.09370e-03  2.09114e-02  6.69875e-02  1.23282e-02  1.07511e-02  1.95932e-01
 2.60000e+01  1.16171e-01  7.76118e-03  2.06387e-02  6.68081e-02  1.22517e-02  1.09012e-02  1.95886e-01
 2.65000e+01  1.11807e-01  7.43220e-03  2.03652e-02  6.64734e-02  1.21680e-02  1.10294e-02  1.95969e-01
 2.70000e+01  1.07706e-01  7.11471e-03  2.00895e-02  6.60569e-02  1.20763e-02  1.11304e-02  1.96152e-01
 2.75000e+01  1.03842e-01  6.81599e-03  1.98099e-02  6.56379e-02  1.19755e-02  1.11996e-02  1.96408e-01
 2.80000e+01  1.00194e-01  6.54239e-03  1.95245e-02  6.52972e-02  1.18647e-02  1.12335e-02  1.96707e-01
 2.85000e+01  9.67406e-02  6.29914e-03  1.92306e-02  6.51137e-02  1.17421e-02  1.12298e-02  1.97017e-01
 2.90000e+01  9.34650e-02  6.09022e-03  1.89249e-02  6.51604e-02  1.16059e-02  1.11876e-02  1.97297e-01
 2.95000e+01  9.03529e-02  5.91823e-03  1.86043e-02  6.55012e-02  1.14542e-02  1.11068e-02  1.97507e-01
 3.00000e+01  8.73936e-02  5.78443e-03  1.82681e-02  6.61883e-02  1.12868e-02  1.09888e-02  1.97618e-01
 3.05000e+01  8.45793e-02  5.68866e-03  1.79183e-02  6.72583e-02  1.11053e-02  1.08362e-02  1.97621e-01
 3.10000e+01  8.19058e-02  5.62925e-03  1.75575e-02  6.87284e-02  1.09120e-02  1.06523e-02  1.97512e-01
 3.15000e+01  7.93724e-02  5.60302e-03  1.71882e-02  7.05915e-02  1.07089e-02  1.04417e-02  1.97283e-01
 3.20000e+01  7.69815e-02  5.60526e-03  1.68134e-02  7.28131e-02  1.04979e-02  1.02097e-02  1.96927e-01
 3.25000e+01  7.47385e-02  5.62991e-03  1.64379e-02  7.53280e-02  1.02826e-02  9.96242e-03  1.96452e-01
 3.30000e+01  7.26514e-02  5.66965e-03  1.60679e-02  7.80391e-02  1.00674e-02  9.70650e-03  1.95877e-01
 3.35000e+01  7.07302e-02  5.71612e-03  1.57095e-02  8.08158e-02  9.85640e-03  9.44902e-03  1.95223e-01
 3.40000e+01  6.89863e-02  5.76019e-03  1.53673e-02  8.34975e-02  9.65270e-03  9.19721e-03  1.94496e-01
 3.45000e+01  6.74319e-02  5.79241e-03  1.50449e-02  8.59002e-02  9.45865e-03  8.95819e-03  1.93696e-01
 3.50000e+01  6.60781e-02  5.80365e-03  1.47457e-02  8.78301e-02  9.27650e-03  8.73856e-03  1.92822e-01
 3.55000e+01  6.49343e-02  5.78561e-03  1.44731e-02  8.90994e-02  9.10848e-03  8.54411e-03  1.91882e-01
 3.60000e+01  6.40067e-02  5.73145e-03  1.42288e-02  8.95445e-02  8.95568e-03  8.37939e-03  1.90872e-01
 3.65000e+01  6.32970e-02  5.63620e-03  1.40121e-02  8.90437e-02  8.81763e-03  8.24746e-03  1.89778e-01
 3.70000e+01  6.28020e-02  5.49714e-03  1.38210e-02  8.75314e-02  8.69294e-03  8.14959e-03  1.88583e-01
 3.75000e+01  6.25120e-02  5.31397e-03  1.36523e-02  8.50071e-02  8.57956e-03  8.08517e-03  1.87271e-01
 3.80000e+01  6.24116e-02  5.08866e-03  1.35007e-02  8.15339e-02  8.47404e-03  8.05174e-03  1.85819e-01
 3.85000e+01  6.24789e-02  4.82496e-03  1.33582e-02  7.72254e-02  8.37120e-03  8.04511e-03  1.84189e-01
 3.90000e+01  6.26860e-02  4.52741e-03  1.32159e-02  7.22235e-02  8.26516e-03  8.05950e-03  1.82341e-01
 3.95000e+01  6.30000e-02  4.20038e-03  1.30672e-02  6.66728e-02  8.15206e-03  8.08779e-03  1.80277e-01
 4.00000e+01  6.33832e-02  3.84736e-03  1.29132e-02  6.07000e-02  8.03345e-03  8.12193e-03  1.78076e-01
 4.05000e+01  6.37963e-02  3.47082e-03  1.27641e-02  5.44047e-02  7.91752e-03  8.15368e-03  1.75915e-01
 4.10000e+01  6.42014e-02  3.07279e-03  1.26350e-02  4.78617e-02  7.81583e-03  8.17546e-03  1.74003e-01
 4.15000e+01  6.45663e-02  2.65583e-03  1.25374e-02  4.11335e-02  7.73743e-03  8.18127e-03  1.72497e-01
 4.20000e+01  6.48673e-02  2.22388e-03  1.24741e-02  3.42835e-02  7.68489e-03  8.16730e-03  1.71446e-01
 4.25000e+01  6.50905e-02  1.78263e-03  1.24390e-02  2.73870e-02  7.65439e-03  8.13205e-03  1.70795e-01
 4.30000e+01  6.52316e-02  1.33960e-03  1.24218e-02  2.05360e-02  7.63866e-03  8.07616e-03  1.70438e-01
 4.35000e+01  6.52943e-02  9.03788e-04  1.24119e-02  1.38418e-02  7.63005e-03  8.00206e-03  1.70257e-01
 4.40000e+01  6.52881e-02  4.85488e-04  1.23999e-02  7.43608e-03  7.62169e-03  7.91345e-03  1.70143e-01
 4.45000e+01  6.52267e-02  9.60980e-05  1.23766e-02  1.47329e-03  7.60658e-03  7.81485e-03  1.69983e-01
 4.50000e+01  6.51256e-02 -2.52199e-04  1.23320e-02 -3.87250e-03  7.57721e-03  7.71105e-03  1.69655e-01
 4.55000e+01  6.49990e-02 -5.47251e-04  1.22585e-02 -8.41938e-03  7.52797e-03  7.60659e-03  1.69063e-01
 4.60000e+01  6.48583e-02 -7.78132e-04  1.21581e-02 -1.19974e-02  7.45985e-03  7.50528e-03  1.68209e-01
 4.65000e+01  6.47109e-02 -9.36237e-04  1.20451e-02 -1.44680e-02  7.38299e-03  7.40997e-03  1.67232e-01
 4.70000e+01  6.45610e-02 -1.01593e-03  1.19426e-02 -1.57359e-02  7.31364e-03  7.32267e-03  1.66362e-01
 4.75000e+01  6.44126e-02 -1.01478e-03  1.18712e-02 -1.57543e-02  7.26644e-03  7.24491e-03  1.65808e-01
 4.80000e+01  6.42717e-02 -9.33875e-04  1.18387e-02 -1.45301e-02  7.24680e-03  7.17811e-03  1.65647e-01
 4.85000e+01  6.41469e-02 -7.78505e-04  1.18371e-02 -1.21363e-02  7.24871e-03  7.12384e-03  1.65785e-01
 4.90000e+01  6.40484e-02 -5.59160e-04  1.18493e-02 -8.73027e-03  7.25983e-03  7.08369e-03  1.66035e-01
 4.95000e+01  6.39852e-02 -2.92312e-04  1.18607e-02 -4.56843e-03  7.26956e-03  7.05902e-03  1.66235e-01
 5.00000e+01  6.39635e-02  1.45834e-15  1.18650e-02  2.27995e-14  7.27311e-03  7.05070e-03  1.66306e-01
 5.05000e+01  6.39852e-02  2.92312e-04  1.18607e-02  4.56843e-03  7.26956e-03  7.05902e-03  1.66235e-01
 5.10000e+01  6.40484e-02  5.59160e-04  1.18493e-02  8.73027e-03  7.25983e-03  7.08369e-03  1.66035e-01
 5.15000e+01  6.41469e-02  7.78505e-04  1.18371e-02  1.21363e-02  7.24871e-03  7.12384e-03  1.65785e-01
 5.20000e+01  6.42717e-02  9.33875e-04  1.18387e-02  1.45301e-02  7.24680e-03  7.17811e-03  1.65647e-01
 5.25000e+01  6.44126e-02  1.01478e-03  1.18712e-02  1.57543e-02  7.26644e-03  7.24491e-03  1.65808e-01
 5.30000e+01  6.45610e-02  1.01593e-03  1.19426e-02  1.57359e-02  7.31364e-03  7.32267e-03  1.66362e-01
 5.35000e+01  6.47109e-02  9.36237e-04  1.20451e-02  1.44680e-02  7.38299e-03  7.40997e-03  1.67232e-01
 5.40000e+01  6.48583e-02  7.78132e-04  1.21581e-02  1.19974e-02  7.45985e-03  7.50528e-03  1.68209e-01
 5.45000e+01  6.49990e-02  5.47251e-04  1.22585e-02  8.41938e-03  7.52797e-03  7.60659e-03  1.69063e-01
 5.50000e+01  6.51256e-02  2.52199e-04  1.23320e-02  3.87250e-03  7.57721e-03  7.71105e-03  1.69655e-01
 5.55000e+01  6.52267e-02 -9.60980e-05  1.23766e-02 -1.47329e-03  7.60658e-03  7.81485e-03  1.69983e-01
 5.60000e+01  6.52881e-02 -4.85488e-04  1.23999e-02 -7.43608e-03  7.62169e-03  7.91345e-03  1.70143e-01
 5.65000e+01  6.52943e-02 -9.03788e-04  1.24119e-02 -1.38418e-02  7.63005e-03  8.00206e-03  1.70257e-01
 5.70000e+01  6.52316e-02 -1.33960e-03  1.24218e-02 -2.05360e-02  7.63866e-03  8.07616e-03  1.70438e-01
 5.75000e+01  6.50905e-02 -1.78263e-03  1.24390e-02 -2.73870e-02  7.65439e-03  8.13205e-03  1.70795e-01
 5.80000e+01  6.48673e-02 -2.22388e-03  1.24741e-02 -3.42835e-02  7.68489e-03  8.16730e-03  1.71446e-01
 5.85000e+01  6.45663e-02 -2.65583e-03  1.25374e-02 -4.11335e-02  7.73743e-03  8.18127e-03  1.72497e-01
 5.90000e+01  6.42014e-02 -3.07279e-03  1.26350e-02 -4.78617e-02  7.81583e-03  8.17546e-03  1.74003e-01
 5.95000e+01  6.37963e-02 -3.47082e-03  1.27641e-02 -5.44047e-02  7.91752e-03  8.15368e-03  1.75915e-01
 6.00000e+01  6.33832e-02 -3.84736e-03  1.29132e-02 -6.07000e-02  8.03345e-03  8.12193e-03  1.78076e-01
 6.05000e+01  6.30000e-02 -4.20038e-03  1.30672e-02 -6.66728e-02  8.15206e-03  8.08779e-03  1.80277e-01
 6.10000e+01  6.26860e-02 -4.52741e-03  1.32159e-02 -7.22235e-02  8.26516e-03  8.05950e-03  1.82341e-01
 6.15000e+01  6.24789e-02 -4.82496e-03  1.33582e-02 -7.72254e-02  8.37120e-03  8.04511e-03  1.84189e-01
 6.20000e+01  6.24116e-02 -5.08866e-03  1.35007e-02 -8.15339e-02  8.47404e-03  8.05174e-03  1.85819e-01
 6.25000e+01  6.25120e-02 -5.31397e-03  1.36523e-02 -8.50071e-02  8.57956e-03  8.08517e-03  1.87271e-01
 6.30000e+01  6.28020e-02 -5.49714e-03  1.38210e-02 -8.75314e-02  8.69294e-03  8.14959e-03  1.88583e-01
 6.35000e+01  6.32970e-02 -5.63620e-03  1.40121e-02 -8.90437e-02  8.81763e-03  8.24746e-03  1.89778e-01
 6.40000e+01  6.40067e-02 -5.73145e-03  1.42288e-02 -8.95445e-02  8.95568e-03  8.37939e-03  1.90872e-01
 6.45000e+01  6.49343e-02 -5.78561e-03  1.44731e-02 -8.90994e-02  9.10848e-03  8.54411e-03  1.91882e-01
 6.50000e+01  6.60781e-02 -5.80365e-03  1.47457e-02 -8.78301e-02  9.27650e-03  8.73856e-03  1.92822e-01
 6.55000e+01  6.74319e-02 -5.79241e-03  1.50449e-02 -8.59002e-02  9.45865e-03  8.95819e-03  1.93696e-01
 6.60000e+01  6.89863e-02 -5.76019e-03  1.53673e-02 -8.34975e-02  9.65270e-03  9.19721e-03  1.94496e-01
 6.65000e+01  7.07302e-02 -5.71612e-03  1.57095e-02 -8.08158e-02  9.85640e-03  9.44902e-03  1.95223e-01
 6.70000e+01  7.26514e-02 -5.66965e-03  1.60679e-02 -7.80391e-02  1.00674e-02  9.70650e-03  1.95877e-01
 6.75000e+01  7.47385e-02 -5.62991e-03  1.64379e-02 -7.53280e-02  1.02826e-02  9.96242e-03  1.96452e-01
 6.80000e+01  7.69815e-02 -5.60526e-03  1.68134e-02 -7.28131e-02  1.04979e-02  1.02097e-02  1.96927e-01
 6.85000e+01  7.93724e-02 -5.60302e-03  1.71882e-02 -7.05915e-02  1.07089e-02  1.04417e-02  1.97283e-01
 6.90000e+01  8.19058e-02 -5.62925e-03  1.75575e-02 -6.87284e-02  1.09120e-02  1.06523e-02  1.97512e-01
 6.95000e+01  8.45793e-02 -5.68866e-03  1.79183e-02 -6.72583e-02  1.11053e-02  1.08362e-02  1.97621e-01
 7.00000e+01  8.73936e-02 -5.78443e-03  1.82681e-02 -6.61883e-02  1.12868e-02  1.09888e-02  1.97618e-01
 7.05000e+01  9.03529e-02 -5.91823e-03  1.86043e-02 -6.55012e-02  1.14542e-02  1.11068e-02  1.97507e-01
 7.10000e+01  9.34650e-02 -6.09022e-03  1.89249e-02 -6.51604e-02  1.16059e-02  1.11876e-02  1.97297e-01
 7.15000e+01  9.67406e-02 -6.29914e-03  1.92306e-02 -6.51137e-02  1.17421e-02  1.12298e-02  1.97017e-01
 7.20000e+01  1.00194e-01 -6.54239e-03  1.95245e-02 -6.52972e-02  1.18647e-02  1.12335e-02  1.96707e-01
 7.25000e+01  1.03842e-01 -6.81599e-03  1.98099e-02 -6.56379e-02  1.19755e-02  1.11996e-02  1.96408e-01
 7.30000e+01  1.07706e-01 -7.11471e-03  2.00895e-02 -6.60569e-02  1.20763e-02  1.11304e-02  1.96152e-01
 7.35000e+01  1.11807e-01 -7.43220e-03  2.03652e-02 -6.64734e-02  1.21680e-02  1.10294e-02  1.95969e-01
 7.40000e+01  1.16171e-01 -7.76118e-03  2.06387e-02 -6.68081e-02  1.22517e-02  1.09012e-02  1.95886e-01
 7.45000e+01  1.20824e-01 -8.09370e-03  2.09114e-02 -6.69875e-02  1.23282e-02  1.07511e-02  1.95932e-01
 7.50000e+01  1.25792e-01 -8.42134e-03  2.11829e-02 -6.69468e-02  1.23973e-02  1.05854e-02  1.96125e-01
 7.55000e+01  1.31100e-01 -8.73557e-03  2.14494e-02 -6.66327e-02  1.24568e-02  1.04107e-02  1.96474e-01
 7.60000e+01  1.36775e-01 -9.02796e-03  2.17038e-02 -6.60061e-02  1.25021e-02  1.02340e-02  1.96972e-01
 7.65000e+01  1.42837e-01 -9.29060e-03  2.19362e-02 -6.50436e-02  1.25269e-02  1.00620e-02  1.97608e-01
 7.70000e+01  1.49304e-01 -9.51637e-03  2.21339e-02 -6.37381e-02  1.25234e-02  9.90130e-03  1.98368e-01
 7.75000e+01  1.56192e-01 -9.69920e-03  2.22824e-02 -6.20979e-02  1.24831e-02  9.75769e-03  1.99235e-01
 7.80000e+01  1.63507e-01 -9.83421e-03  2.23647e-02 -6.01454e-02  1.23965e-02  9.63623e-03  2.00192e-01
 7.85000e+01  1.71252e-01 -9.91789e-03  2.23621e-02 -5.79140e-02  1.22530e-02  9.54095e-03  2.01222e-01
 7.90000e+01  1.79422e-01 -9.94809e-03  2.22546e-02 -5.54453e-02  1.20423e-02  9.47476e-03  2.02305e-01
 7.95000e+01  1.88004e-01 -9.92401e-03  2.20216e-02 -5.27861e-02  1.17541e-02  9.43936e-03  2.03425e-01
 8.00000e+01  1.96981e-01 -9.84616e-03  2.16432e-02 -4.99854e-02  1.13797e-02  9.43523e-03  2.04570e-01
 8.05000e+01  2.06324e-01 -9.71622e-03  2.11012e-02 -4.70919e-02  1.09122e-02  9.46169e-03  2.05731e-01
 8.10000e+01  2.16003e-01 -9.53690e-03  2.03799e-02 -4.41517e-02  1.03474e-02  9.51689e-03  2.06902e-01
 8.15000e+01  2.25978e-01 -9.31177e-03  1.94664e-02 -4.12066e-02  9.68371e-03  9.59800e-03  2.08081e-01
 8.20000e+01  2.36204e-01 -9.04508e-03  1.83514e-02 -3.82935e-02  8.92280e-03  9.70127e-03  2.09265e-01
 8.25000e+01  2.46633e-01 -8.74161e-03  1.70295e-02 -3.54438e-02  8.06942e-03  9.82223e-03  2.10454e-01
 8.30000e+01  2.57213e-01 -8.40646e-03  1.55000e-02 -3.26829e-02  7.13170e-03  9.95582e-03  2.11650e-01
 8.35000e+01  2.67888e-01 -8.04496e-03  1.37668e-02 -3.00310e-02  6.12102e-03  1.00966e-02  2.12852e-01
 8.40000e+01  2.78603e-01 -7.66252e-03  1.18388e-02 -2.75033e-02  5.05184e-03  1.02387e-02  2.14064e-01
 8.45000e+01  2.89300e-01 -7.26449e-03  9.72947e-03 -2.51105e-02  3.94117e-03  1.03764e-02  2.15288e-01
 8.50000e+01  2.99924e-01 -6.85611e-03  7.45659e-03 -2.28595e-02  2.80788e-03  1.05040e-02  2.16524e-01
 8.55000e+01  3.10419e-01 -6.44239e-03  5.04143e-03 -2.07539e-02  1.67190e-03  1.06160e-02  2.17773e-01
 8.60000e+01  3.20733e-01 -6.02803e-03  2.50807e-03 -1.87945e-02  5.53380e-04  1.07072e-02  2.19035e-01
 8.65000e+01  3.30819e-01 -5.61739e-03 -1.17378e-04 -1.69803e-02 -5.28150e-04  1.07730e-02  2.20309e-01
 8.70000e+01  3.40631e-01 -5.21440e-03 -2.80755e-03 -1.53081e-02 -1.55451e-03  1.08095e-02  2.21592e-01
 8.75000e+01  3.50128e-01 -4.82253e-03 -5.53467e-03 -1.37736e-02 -2.50953e-03  1.08134e-02  2.22881e-01
 8.80000e+01  3.59277e-01 -4.44480e-03 -8.27128e-03 -1.23715e-02 -3.37959e-03  1.07822e-02  2.24170e-01
 8.85000e+01  3.68046e-01 -4.08368e-03 -1.09910e-02 -1.10956e-02 -4.15401e-03  1.07143e-02  2.25456e-01
 8.90000e+01  3.76412e-01 -3.74113e-03 -1.36691e-02 -9.93892e-03 -4.82537e-03  1.06090e-02  2.26732e-01
 8.95000e+01  3.84355e-01 -3.41859e-03 -1.62832e-02 -8.89436e-03 -5.38957e-03  1.04666e-02  2.27993e-01
 9.00000e+01  3.91861e-01 -3.11695e-03 -1.88134e-02 -7.95424e-03 -5.84582e-03  1.02880e-02  2.29234e-01
 9.05000e+01  3.98920e-01 -2.83661e-03 -2.12428e-02 -7.11072e-03 -6.19642e-03  1.00753e-02  2.30446e-01
 9.10000e+01  4.05529e-01 -2.57746e-03 -2.35576e-02 -6.35579e-03 -6.44640e-03  9.83119e-03  2.31625e-01
 9.15000e+01  4.11687e-01 -2.33895e-03 -2.57469e-02 -5.68139e-03 -6.60314e-03  9.55915e-03  2.32765e-01
 9.20000e+01  4.17397e-01 -2.12015e-03 -2.78025e-02 -5.07946e-03 -6.67585e-03  9.26332e-03  2.33859e-01
 9.25000e+01  4.22667e-01 -1.91977e-03 -2.97193e-02 -4.54205e-03 -6.67503e-03  8.94836e-03  2.34902e-01
 9.30000e+01  4.27504e-01 -1.73626e-03 -3.14941e-02 -4.06139e-03 -6.61202e-03  8.61935e-03  2.35890e-01
 9.35000e+01  4.31922e-01 -1.56786e-03 -3.31260e-02 -3.62996e-03 -6.49847e-03  8.28167e-03  2.36818e-01
 9.40000e+01  4.35933e-01 -1.41270e-03 -3.46159e-02 -3.24064e-03 -6.34598e-03  7.94088e-03  2.37684e-01
 9.45000e+01  4.39551e-01 -1.26885e-03 -3.59658e-02 -2.88669e-03 -6.16570e-03  7.60257e-03  2.38484e-01
 9.50000e+01  4.42790e-01 -1.13440e-03 -3.71790e-02 -2.56193e-03 -5.96812e-03  7.27230e-03  2.39217e-01
 9.55000e+01  4.45667e-01 -1.00754e-03 -3.82591e-02 -2.26074e-03 -5.76279e-03  6.95544e-03  2.39880e-01
 9.60000e+01  4.48195e-01 -8.86582e-04 -3.92105e-02 -1.97812e-03 -5.55827e-03  6.65707e-03  2.40473e-01
 9.65000e+01  4.50389e-01 -7.70049e-04 -4.00376e-02 -1.70974e-03 -5.36201e-03  6.38196e-03  2.40995e-01
 9.70000e+01  4.52261e-01 -6.56663e-04 -4.07445e-02 -1.45196e-03 -5.18034e-03  6.13441e-03  2.41447e-01
 9.75000e+01  4.53824e-01 -5.45391e-04 -4.13353e-02 -1.20177e-03 -5.01853e-03  5.91826e-03  2.41828e-01
 9.80000e+01  4.55088e-01 -4.35433e-04 -4.18135e-02 -9.56810e-04 -4.88081e-03  5.73681e-03  2.42139e-01
 9.85000e+01  4.56062e-01 -3.26215e-04 -4.21822e-02 -7.15288e-04 -4.77048e-03  5.59281e-03  2.42380e-01
 9.90000e+01  4.56752e-01 -2.17362e-04 -4.24437e-02 -4.75887e-04 -4.69001e-03  5.48840e-03  2.42551e-01
 9.95000e+01  4.57164e-01 -1.08658e-04 -4.25999e-02 -2.37679e-04 -4.64107e-03  5.42514e-03  2.42654e-01
