 0.00000e+00  4.69570e-01  3.48020e-16 -4.10971e-02  7.41145e-16  4.98030e-03  1.62412e-02  2.54700e-01
 5.00000e-01  4.69421e-01  8.76808e-05 -4.10464e-02  1.86785e-04  4.94425e-03  1.62424e-02  2.54653e-01
 1.00000e+00  4.68970e-01  1.78948e-04 -4.08937e-02  3.81578e-04  4.83681e-03  1.62461e-02  2.54514e-01
 1.50000e+00  4.68216e-01  2.77331e-04 -4.06371e-02  5.92315e-04  4.66029e-03  1.62517e-02  2.54283e-01
 2.00000e+00  4.67153e-01  3.86239e-04 -4.02739e-02  8.26794e-04  4.41841e-03  1.62587e-02  2.53961e-01
 2.50000e+00  4.65774e-01  5.08905e-04 -3.98002e-02  1.09260e-03  4.11643e-03  1.62662e-02  2.53550e-01
 3.00000e+00  4.64073e-01  6.48321e-04 -3.92113e-02  1.39702e-03  3.76102e-03  1.62731e-02  2.53053e-01
 3.50000e+00  4.62038e-01  8.07180e-04 -3.85021e-02  1.74700e-03  3.36027e-03  1.62781e-02  2.52471e-01
 4.00000e+00  4.59659e-01  9.87807e-04 -3.76667e-02  2.14900e-03  2.92355e-03  1.62799e-02  2.51809e-01
 4.50000e+00  4.56924e-01  1.19210e-03 -3.66995e-02  2.60897e-03  2.46151e-03  1.62771e-02  2.51070e-01
 5.00000e+00  4.53820e-01  1.42147e-03 -3.55949e-02  3.13223e-03  1.98586e-03  1.62680e-02  2.50257e-01
 5.50000e+00  4.50335e-01  1.67677e-03 -3.43479e-02  3.72337e-03  1.50927e-03  1.62512e-02  2.49376e-01
 6.00000e+00  4.46456e-01  1.95823e-03 -3.29543e-02  4.38617e-03  1.04510e-03  1.62254e-02  2.48429e-01
 6.50000e+00  4.42171e-01  2.26546e-03 -3.14112e-02  5.12350e-03  6.07155e-04  1.61890e-02  2.47422e-01
 7.00000e+00  4.37469e-01  2.59734e-03 -2.97174e-02  5.93719e-03  2.09361e-04  1.61412e-02  2.46359e-01
 7.50000e+00  4.32339e-01  2.95202e-03 -2.78735e-02  6.82800e-03 -1.34578e-04  1.60809e-02  2.45245e-01
 8.00000e+00  4.26775e-01  3.32691e-03 -2.58826e-02  7.79547e-03 -4.11632e-04  1.60074e-02  2.44085e-01
 8.50000e+00  4.20769e-01  3.71869e-03 -2.37501e-02  8.83783e-03 -6.09804e-04  1.59206e-02  2.42883e-01
 9.00000e+00  4.14319e-01  4.12331e-03 -2.14845e-02  9.95200e-03 -7.18630e-04  1.58205e-02  2.41643e-01
 9.50000e+00  4.07426e-01  4.53606e-03 -1.90970e-02  1.11335e-02 -7.29513e-04  1.57073e-02  2.40369e-01
 1.00000e+01  4.00091e-01  4.95162e-03 -1.66017e-02  1.23762e-02 -6.36158e-04  1.55818e-02  2.39064e-01
 1.05000e+01  3.92324e-01  5.36418e-03 -1.40158e-02  1.36729e-02 -4.34790e-04  1.54450e-02  2.37732e-01
 1.10000e+01  3.84133e-01  5.76755e-03 -1.13588e-02  1.50145e-02 -1.24393e-04  1.52983e-02  2.36375e-01
 1.15000e+01  3.75536e-01  6.15529e-03 -8.65282e-03  1.63907e-02  2.93230e-04  1.51432e-02  2.34996e-01
 1.20000e+01  3.66550e-01  6.52088e-03 -5.92146e-03  1.77899e-02  8.13479e-04  1.49815e-02  2.33597e-01
 1.25000e+01  3.57200e-01  6.85794e-03 -3.18980e-03  1.91992e-02  1.42908e-03  1.48151e-02  2.32180e-01
 1.30000e+01  3.47512e-01  7.16032e-03 -4.83536e-04  2.06045e-02  2.13028e-03  1.46460e-02  2.30747e-01
 1.35000e+01  3.37520e-01  7.42238e-03  2.17156e-03  2.19909e-02  2.90516e-03  1.44761e-02  2.29302e-01
 1.40000e+01  3.27256e-01  7.63912e-03  4.75020e-03  2.33429e-02  3.73987e-03  1.43070e-02  2.27848e-01
 1.45000e+01  3.16761e-01  7.80637e-03  7.22818e-03  2.46444e-02  4.61909e-03  1.41406e-02  2.26387e-01
 1.50000e+01  3.06074e-01  7.92093e-03  9.58292e-03  2.58791e-02  5.52644e-03  1.39781e-02  2.24922e-01
 1.55000e+01  2.95240e-01  7.98071e-03  1.17940e-02  2.70313e-02  6.44499e-03  1.38206e-02  2.23458e-01
 1.60000e+01  2.84303e-01  7.98481e-03  1.38436e-02  2.80855e-02  7.35792e-03  1.36687e-02  2.21998e-01
 1.65000e+01  2.73310e-01  7.93358e-03  1.57173e-02  2.90277e-02  8.24912e-03  1.35227e-02  2.20545e-01
 1.70000e+01  2.62308e-01  7.82863e-03  1.74041e-02  2.98452e-02  9.10381e-03  1.33825e-02  2.19105e-01
 1.75000e+01  2.51343e-01  7.67280e-03  1.88971e-02  3.05272e-02  9.90899e-03  1.32475e-02  2.17685e-01
 1.80000e+01  2.40461e-01  7.47004e-03  2.01928e-02  3.10655e-02  1.06536e-02  1.31168e-02  2.16291e-01
 1.85000e+01  2.29706e-01  7.22529e-03  2.12914e-02  3.14545e-02  1.13287e-02  1.29889e-02  2.14931e-01
 1.90000e+01  2.19121e-01  6.94430e-03  2.21961e-02  3.16916e-02  1.19271e-02  1.28624e-02  2.13611e-01
 1.95000e+01  2.08746e-01  6.63339e-03  2.29122e-02  3.17773e-02  1.24435e-02  1.27354e-02  2.12338e-01
 2.00000e+01  1.98618e-01  6.29929e-03  2.34477e-02  3.17156e-02  1.28745e-02  1.26059e-02  2.11115e-01
 2.05000e+01  1.88770e-01  5.94884e-03  2.38126e-02  3.15136e-02  1.32190e-02  1.24718e-02  2.09944e-01
 2.10000e+01  1.79233e-01  5.58881e-03  2.40188e-02  3.11817e-02  1.34778e-02  1.23311e-02  2.08828e-01
 2.15000e+01  1.70033e-01  5.22566e-03  2.40803e-02  3.07331e-02  1.36539e-02  1.21816e-02  2.07770e-01
 2.20000e+01  1.61193e-01  4.86532e-03  2.40115e-02  3.01832e-02  1.37516e-02  1.20215e-02  2.06770e-01
 2.25000e+01  1.52730e-01  4.51303e-03  2.38270e-02  2.95491e-02  1.37758e-02  1.18492e-02  2.05825e-01
 2.30000e+01  1.44659e-01  4.17317e-03  2.35403e-02  2.88483e-02  1.37317e-02  1.16635e-02  2.04926e-01
 2.35000e+01  1.36992e-01  3.84927e-03  2.31642e-02  2.80985e-02  1.36246e-02  1.14632e-02  2.04056e-01
 2.40000e+01  1.29735e-01  3.54395e-03  2.27117e-02  2.73169e-02  1.34607e-02  1.12477e-02  2.03198e-01
 2.45000e+01  1.22892e-01  3.25900e-03  2.21961e-02  2.65193e-02  1.32472e-02  1.10169e-02  2.02338e-01
 2.50000e+01  1.16464e-01  2.99542e-03  2.16312e-02  2.57197e-02  1.29924e-02  1.07711e-02  2.01465e-01
 2.55000e+01  1.10448e-01  2.75346e-03  2.10296e-02  2.49298e-02  1.27039e-02  1.05109e-02  2.00567e-01
 2.60000e+01  1.04842e-01  2.53274e-03  2.04019e-02  2.41577e-02  1.23885e-02  1.02376e-02  1.99626e-01
 2.65000e+01  9.96385e-02  2.33235e-03  1.97571e-02  2.34082e-02  1.20522e-02  9.95310e-03  1.98617e-01
 2.70000e+01  9.48309e-02  2.15105e-03  1.91038e-02  2.26830e-02  1.17006e-02  9.65972e-03  1.97522e-01
 2.75000e+01  9.04111e-02  1.98733e-03  1.84512e-02  2.19810e-02  1.13404e-02  9.36039e-03  1.96328e-01
 2.80000e+01  8.63700e-02  1.83950e-03  1.78078e-02  2.12979e-02  1.09777e-02  9.05857e-03  1.95034e-01
 2.85000e+01  8.26985e-02  1.70567e-03  1.71798e-02  2.06251e-02  1.06171e-02  8.75822e-03  1.93625e-01
 2.90000e+01  7.93869e-02  1.58369e-03  1.65703e-02  1.99490e-02  1.02610e-02  8.46373e-03  1.92077e-01
 2.95000e+01  7.64253e-02  1.47123e-03  1.59814e-02  1.92506e-02  9.91119e-03  8.17974e-03  1.90358e-01
 3.00000e+01  7.38025e-02  1.36581e-03  1.54157e-02  1.85063e-02  9.56980e-03  7.91099e-03  1.88454e-01
 3.05000e+01  7.15060e-02  1.26478e-03  1.48774e-02  1.76877e-02  9.24025e-03  7.66205e-03  1.86376e-01
 3.10000e+01  6.95212e-02  1.16533e-03  1.43711e-02  1.67623e-02  8.92622e-03  7.43716e-03  1.84157e-01
 3.15000e+01  6.78320e-02  1.06460e-03  1.39003e-02  1.56947e-02  8.63066e-03  7.24005e-03  1.81836e-01
 3.20000e+01  6.64199e-02  9.59866e-04  1.34682e-02  1.44515e-02  8.35629e-03  7.07370e-03  1.79462e-01
 3.25000e+01  6.52641e-02  8.48952e-04  1.30792e-02  1.30079e-02  8.10674e-03  6.94024e-03  1.77112e-01
 3.30000e+01  6.43422e-02  7.30587e-04  1.27389e-02  1.13547e-02  7.88645e-03  6.84077e-03  1.74886e-01
 3.35000e+01  6.36302e-02  6.04594e-04  1.24519e-02  9.50168e-03  7.69923e-03  6.77538e-03  1.72882e-01
 3.40000e+01  6.31038e-02  4.71931e-04  1.22196e-02  7.47864e-03  7.54657e-03  6.74311e-03  1.71165e-01
 3.45000e+01  6.27389e-02  3.34647e-04  1.20397e-02  5.33397e-03  7.42731e-03  6.74198e-03  1.69760e-01
 3.50000e+01  6.25115e-02  1.95800e-04  1.19076e-02  3.13223e-03  7.33886e-03  6.76901e-03  1.68665e-01
 3.55000e+01  6.23985e-02  5.92528e-05  1.18192e-02  9.49587e-04  7.27877e-03  6.82031e-03  1.67876e-01
 3.60000e+01  6.23774e-02 -7.06469e-05  1.17707e-02 -1.13257e-03  7.24474e-03  6.89121e-03  1.67385e-01
 3.65000e+01  6.24271e-02 -1.89416e-04  1.17565e-02 -3.03419e-03  7.23347e-03  6.97655e-03  1.67167e-01
 3.70000e+01  6.25284e-02 -2.92657e-04  1.17697e-02 -4.68038e-03  7.24044e-03  7.07090e-03  1.67173e-01
 3.75000e+01  6.26640e-02 -3.76078e-04  1.18030e-02 -6.00150e-03  7.26079e-03  7.16881e-03  1.67345e-01
 3.80000e+01  6.28186e-02 -4.35431e-04  1.18487e-02 -6.93157e-03  7.28953e-03  7.26502e-03  1.67624e-01
 3.85000e+01  6.29788e-02 -4.66573e-04  1.18984e-02 -7.40842e-03  7.32099e-03  7.35462e-03  1.67937e-01
 3.90000e+01  6.31332e-02 -4.65695e-04  1.19438e-02 -7.37638e-03  7.34958e-03  7.43319e-03  1.68212e-01
 3.95000e+01  6.32720e-02 -4.29472e-04  1.19802e-02 -6.78772e-03  7.37210e-03  7.49685e-03  1.68411e-01
 4.00000e+01  6.33868e-02 -3.54924e-04  1.20075e-02 -5.59933e-03  7.38874e-03  7.54235e-03  1.68546e-01
 4.05000e+01  6.34718e-02 -2.39089e-04  1.20250e-02 -3.76686e-03  7.39915e-03  7.56727e-03  1.68618e-01
 4.10000e+01  6.35238e-02 -7.90594e-05  1.20211e-02 -1.24456e-03  7.39508e-03  7.57015e-03  1.68508e-01
 4.15000e+01  6.35415e-02  1.27083e-04  1.19686e-02  1.99999e-03  7.35727e-03  7.55037e-03  1.67934e-01
 4.20000e+01  6.35212e-02  3.78316e-04  1.18381e-02  5.95574e-03  7.26483e-03  7.50758e-03  1.66590e-01
 4.25000e+01  6.34536e-02  6.68556e-04  1.16216e-02  1.05361e-02  7.11238e-03  7.44107e-03  1.64403e-01
 4.30000e+01  6.33228e-02  9.85741e-04  1.13440e-02  1.55669e-02  6.91808e-03  7.34948e-03  1.61646e-01
 4.35000e+01  6.31100e-02  1.31284e-03  1.10493e-02  2.08023e-02  6.71365e-03  7.23151e-03  1.58794e-01
 4.40000e+01  6.28006e-02  1.63009e-03  1.07762e-02  2.59566e-02  6.52709e-03  7.08688e-03  1.56263e-01
 4.45000e+01  6.23893e-02  1.91732e-03  1.05453e-02  3.07315e-02  6.37319e-03  6.91727e-03  1.54276e-01
 4.50000e+01  6.18824e-02  2.15553e-03  1.03602e-02  3.48327e-02  6.25433e-03  6.72659e-03  1.52867e-01
 4.55000e+01  6.12977e-02  2.32788e-03  1.02146e-02  3.79766e-02  6.16550e-03  6.52088e-03  1.51958e-01
 4.60000e+01  6.06616e-02  2.42027e-03  1.00982e-02  3.98978e-02  6.09869e-03  6.30772e-03  1.51419e-01
 4.65000e+01  6.00058e-02  2.42194e-03  1.00011e-02  4.03618e-02  6.04599e-03  6.09562e-03  1.51116e-01
 4.70000e+01  5.93635e-02  2.32620e-03  9.91593e-03  3.91857e-02  6.00141e-03  5.89322e-03  1.50934e-01
 4.75000e+01  5.87664e-02  2.13125e-03  9.83908e-03  3.62664e-02  5.96151e-03  5.70857e-03  1.50796e-01
 4.80000e+01  5.82423e-02  1.84090e-03  9.76992e-03  3.16076e-02  5.92523e-03  5.54867e-03  1.50659e-01
 4.85000e+01  5.78134e-02  1.46487e-03  9.71031e-03  2.53380e-02  5.89336e-03  5.41909e-03  1.50515e-01
 4.90000e+01  5.74962e-02  1.01856e-03  9.66363e-03  1.77152e-02  5.86794e-03  5.32392e-03  1.50380e-01
 4.95000e+01  5.73018e-02  5.22269e-04  9.63368e-03  9.11434e-03  5.85140e-03  5.26582e-03  1.50282e-01
 5.00000e+01  5.72364e-02 -1.80789e-15  9.62335e-03 -3.15863e-14  5.84566e-03  5.24630e-03  1.50247e-01
 5.05000e+01  5.73018e-02 -5.22269e-04  9.63368e-03 -9.11434e-03  5.85140e-03  5.26582e-03  1.50282e-01
 5.10000e+01  5.74962e-02 -1.01856e-03  9.66363e-03 -1.77152e-02  5.86794e-03  5.32392e-03  1.50380e-01
 5.15000e+01  5.78134e-02 -1.46487e-03  9.71031e-03 -2.53380e-02  5.89336e-03  5.41909e-03  1.50515e-01
 5.20000e+01  5.82423e-02 -1.84090e-03  9.76992e-03 -3.16076e-02  5.92523e-03  5.54867e-03  1.50659e-01
 5.25000e+01  5.87664e-02 -2.13125e-03  9.83908e-03 -3.62664e-02  5.96151e-03  5.70857e-03  1.50796e-01
 5.30000e+01  5.93635e-02 -2.32620e-03  9.91593e-03 -3.91857e-02  6.00141e-03  5.89322e-03  1.50934e-01
 5.35000e+01  6.00058e-02 -2.42194e-03  1.00011e-02 -4.03618e-02  6.04599e-03  6.09562e-03  1.51116e-01
 5.40000e+01  6.06616e-02 -2.42027e-03  1.00982e-02 -3.98978e-02  6.09869e-03  6.30772e-03  1.51419e-01
 5.45000e+01  6.12977e-02 -2.32788e-03  1.02146e-02 -3.79766e-02  6.16550e-03  6.52088e-03  1.51958e-01
 5.50000e+01  6.18824e-02 -2.15553e-03  1.03602e-02 -3.48327e-02  6.25433e-03  6.72659e-03  1.52867e-01
 5.55000e+01  6.23893e-02 -1.91732e-03  1.05453e-02 -3.07315e-02  6.37319e-03  6.91727e-03  1.54276e-01
 5.60000e+01  6.28006e-02 -1.63009e-03  1.07762e-02 -2.59566e-02  6.52709e-03  7.08688e-03  1.56263e-01
 5.65000e+01  6.31100e-02 -1.31284e-03  1.10493e-02 -2.08023e-02  6.71365e-03  7.23151e-03  1.58794e-01
 5.70000e+01  6.33228e-02 -9.85741e-04  1.13440e-02 -1.55669e-02  6.91808e-03  7.34948e-03  1.61646e-01
 5.75000e+01  6.34536e-02 -6.68556e-04  1.16216e-02 -1.05361e-02  7.11238e-03  7.44107e-03  1.64403e-01
 5.80000e+01  6.35212e-02 -3.78316e-04  1.18381e-02 -5.95574e-03  7.26483e-03  7.50758e-03  1.66590e-01
 5.85000e+01  6.35415e-02 -1.27083e-04  1.19686e-02 -1.99999e-03  7.35727e-03  7.55037e-03  1.67934e-01
 5.90000e+01  6.35238e-02  7.90594e-05  1.20211e-02  1.24456e-03  7.39508e-03  7.57015e-03  1.68508e-01
 5.95000e+01  6.34718e-02  2.39089e-04  1.20250e-02  3.76686e-03  7.39915e-03  7.56727e-03  1.68618e-01
 6.00000e+01  6.33868e-02  3.54924e-04  1.20075e-02  5.59933e-03  7.38874e-03  7.54235e-03  1.68546e-01
 6.05000e+01  6.32720e-02  4.29472e-04  1.19802e-02  6.78772e-03  7.37210e-03  7.49685e-03  1.68411e-01
 6.10000e+01  6.31332e-02  4.65695e-04  1.19438e-02  7.37638e-03  7.34958e-03  7.43319e-03  1.68212e-01
 6.15000e+01  6.29788e-02  4.66573e-04  1.18984e-02  7.40842e-03  7.32099e-03  7.35462e-03  1.67937e-01
 6.20000e+01  6.28186e-02  4.35431e-04  1.18487e-02  6.93157e-03  7.28953e-03  7.26502e-03  1.67624e-01
 6.25000e+01  6.26640e-02  3.76078e-04  1.18030e-02  6.00150e-03  7.26079e-03  7.16881e-03  1.67345e-01
 6.30000e+01  6.25284e-02  2.92657e-04  1.17697e-02  4.68038e-03  7.24044e-03  7.07090e-03  1.67173e-01
 6.35000e+01  6.24271e-02  1.89416e-04  1.17565e-02  3.03419e-03  7.23347e-03  6.97655e-03  1.67167e-01
 6.40000e+01  6.23774e-02  7.06469e-05  1.17707e-02  1.13257e-03  7.24474e-03  6.89121e-03  1.67385e-01
 6.45000e+01  6.23985e-02 -5.92528e-05  1.18192e-02 -9.49587e-04  7.27877e-03  6.82031e-03  1.67876e-01
 6.50000e+01  6.25115e-02 -1.95800e-04  1.19076e-02 -3.13223e-03  7.33886e-03  6.76901e-03  1.68665e-01
 6.55000e+01  6.27389e-02 -3.34647e-04  1.20397e-02 -5.33397e-03  7.42731e-03  6.74198e-03  1.69760e-01
 6.60000e+01  6.31038e-02 -4.71931e-04  1.22196e-02 -7.47864e-03  7.54657e-03  6.74311e-03  1.71165e-01
 6.65000e+01  6.36302e-02 -6.04594e-04  1.24519e-02 -9.50168e-03  7.69923e-03  6.77538e-03  1.72882e-01
 6.70000e+01  6.43422e-02 -7.30587e-04  1.27389e-02 -1.13547e-02  7.88645e-03  6.84077e-03  1.74886e-01
 6.75000e+01  6.52641e-02 -8.48952e-04  1.30792e-02 -1.30079e-02  8.10674e-03  6.94024e-03  1.77112e-01
 6.80000e+01  6.64199e-02 -9.59866e-04  1.34682e-02 -1.44515e-02  8.35629e-03  7.07370e-03  1.79462e-01
 6.85000e+01  6.78320e-02 -1.06460e-03  1.39003e-02 -1.56947e-02  8.63066e-03  7.24005e-03  1.81836e-01
 6.90000e+01  6.95212e-02 -1.16533e-03  1.43711e-02 -1.67623e-02  8.92622e-03  7.43716e-03  1.84157e-01
 6.95000e+01  7.15060e-02 -1.26478e-03  1.48774e-02 -1.76877e-02  9.24025e-03  7.66205e-03  1.86376e-01
 7.00000e+01  7.38025e-02 -1.36581e-03  1.54157e-02 -1.85063e-02  9.56980e-03  7.91099e-03  1.88454e-01
 7.05000e+01  7.64253e-02 -1.47123e-03  1.59814e-02 -1.92506e-02  9.91119e-03  8.17974e-03  1.90358e-01
 7.10000e+01  7.93869e-02 -1.58369e-03  1.65703e-02 -1.99490e-02  1.02610e-02  8.46373e-03  1.92077e-01
 7.15000e+01  8.26985e-02 -1.70567e-03  1.71798e-02 -2.06251e-02  1.06171e-02  8.75822e-03  1.93625e-01
 7.20000e+01  8.63700e-02 -1.83950e-03  1.78078e-02 -2.12979e-02  1.09777e-02  9.05857e-03  1.95034e-01
 7.25000e+01  9.04111e-02 -1.98733e-03  1.84512e-02 -2.19810e-02  1.13404e-02  9.36039e-03  1.96328e-01
 7.30000e+01  9.48309e-02 -2.15105e-03  1.91038e-02 -2.26830e-02  1.17006e-02  9.65972e-03  1.97522e-01
 7.35000e+01  9.96385e-02 -2.33235e-03  1.97571e-02 -2.34082e-02  1.20522e-02  9.95310e-03  1.98617e-01
 7.40000e+01  1.04842e-01 -2.53274e-03  2.04019e-02 -2.41577e-02  1.23885e-02  1.02376e-02  1.99626e-01
 7.45000e+01  1.10448e-01 -2.75346e-03  2.10296e-02 -2.49298e-02  1.27039e-02  1.05109e-02  2.00567e-01
 7.50000e+01  1.16464e-01 -2.99542e-03  2.16312e-02 -2.57197e-02  1.29924e-02  1.07711e-02  2.01465e-01
 7.55000e+01  1.22892e-01 -3.25900e-03  2.21961e-02 -2.65193e-02  1.32472e-02  1.10169e-02  2.02338e-01
 7.60000e+01  1.29735e-01 -3.54395e-03  2.27117e-02 -2.73169e-02  1.34607e-02  1.12477e-02  2.03198e-01
 7.65000e+01  1.36992e-01 -3.84927e-03  2.31642e-02 -2.80985e-02  1.36246e-02  1.14632e-02  2.04056e-01
 7.70000e+01  1.44659e-01 -4.17317e-03  2.35403e-02 -2.88483e-02  1.37317e-02  1.16635e-02  2.04926e-01
 7.75000e+01  1.52730e-01 -4.51303e-03  2.38270e-02 -2.95491e-02  1.37758e-02  1.18492e-02  2.05825e-01
 7.80000e+01  1.61193e-01 -4.86532e-03  2.40115e-02 -3.01832e-02  1.37516e-02  1.20215e-02  2.06770e-01
 7.85000e+01  1.70033e-01 -5.22566e-03  2.40803e-02 -3.07331e-02  1.36539e-02  1.21816e-02  2.07770e-01
 7.90000e+01  1.79233e-01 -5.58881e-03  2.40188e-02 -3.11817e-02  1.34778e-02  1.23311e-02  2.08828e-01
 7.95000e+01  1.88770e-01 -5.94884e-03  2.38126e-02 -3.15136e-02  1.32190e-02  1.24718e-02  2.09944e-01
 8.00000e+01  1.98618e-01 -6.29929e-03  2.34477e-02 -3.17156e-02  1.28745e-02  1.26059e-02  2.11115e-01
 8.05000e+01  2.08746e-01 -6.63339e-03  2.29122e-02 -3.17773e-02  1.24435e-02  1.27354e-02  2.12338e-01
 8.10000e+01  2.19121e-01 -6.94430e-03  2.21961e-02 -3.16916e-02  1.19271e-02  1.28624e-02  2.13611e-01
 8.15000e+01  2.29706e-01 -7.22529e-03  2.12914e-02 -3.14545e-02  1.13287e-02  1.29889e-02  2.14931e-01
 8.20000e+01  2.40461e-01 -7.47004e-03  2.01928e-02 -3.10655e-02  1.06536e-02  1.31168e-02  2.16291e-01
 8.25000e+01  2.51343e-01 -7.67280e-03  1.88971e-02 -3.05272e-02  9.90899e-03  1.32475e-02  2.17685e-01
 8.30000e+01  2.62308e-01 -7.82863e-03  1.74041e-02 -2.98452e-02  9.10381e-03  1.33825e-02  2.19105e-01
 8.35000e+01  2.73310e-01 -7.93358e-03  1.57173e-02 -2.90277e-02  8.24912e-03  1.35227e-02  2.20545e-01
 8.40000e+01  2.84303e-01 -7.98481e-03  1.38436e-02 -2.80855e-02  7.35792e-03  1.36687e-02  2.21998e-01
 8.45000e+01  2.95240e-01 -7.98071e-03  1.17940e-02 -2.70313e-02  6.44499e-03  1.38206e-02  2.23458e-01
 8.50000e+01  3.06074e-01 -7.92093e-03  9.58292e-03 -2.58791e-02  5.52644e-03  1.39781e-02  2.24922e-01
 8.55000e+01  3.16761e-01 -7.80637e-03  7.22818e-03 -2.46444e-02  4.61909e-03  1.41406e-02  2.26387e-01
 8.60000e+01  3.27256e-01 -7.63912e-03  4.75020e-03 -2.33429e-02  3.73987e-03  1.43070e-02  2.27848e-01
 8.65000e+01  3.37520e-01 -7.42238e-03  2.17156e-03 -2.19909e-02  2.90516e-03  1.44761e-02  2.29302e-01
 8.70000e+01  3.47512e-01 -7.16032e-03 -4.83536e-04 -2.06045e-02  2.13028e-03  1.46460e-02  2.30747e-01
 8.75000e+01  3.57200e-01 -6.85794e-03 -3.18980e-03 -1.91992e-02  1.42908e-03  1.48151e-02  2.32180e-01
 8.80000e+01  3.66550e-01 -6.52088e-03 -5.92146e-03 -1.77899e-02  8.13479e-04  1.49815e-02  2.33597e-01
 8.85000e+01  3.75536e-01 -6.15529e-03 -8.65282e-03 -1.63907e-02  2.93230e-04  1.51432e-02  2.34996e-01
 8.90000e+01  3.84133e-01 -5.76755e-03 -1.13588e-02 -1.50145e-02 -1.24393e-04  1.52983e-02  2.36375e-01
 8.95000e+01  3.92324e-01 -5.36418e-03 -1.40158e-02 -1.36729e-02 -4.34790e-04  1.54450e-02  2.37732e-01
 9.00000e+01  4.00091e-01 -4.95162e-03 -1.66017e-02 -1.23762e-02 -6.36158e-04  1.55818e-02  2.39064e-01
 9.05000e+01  4.07426e-01 -4.53606e-03 -1.90970e-02 -1.11335e-02 -7.29513e-04  1.57073e-02  2.40369e-01
 9.10000e+01  4.14319e-01 -4.12331e-03 -2.14845e-02 -9.95200e-03 -7.18630e-04  1.58205e-02  2.41643e-01
 9.15000e+01  4.20769e-01 -3.71869e-03 -2.37501e-02 -8.83783e-03 -6.09804e-04  1.59206e-02  2.42883e-01
 9.20000e+01  4.26775e-01 -3.32691e-03 -2.58826e-02 -7.79547e-03 -4.11632e-04  1.60074e-02  2.44085e-01
 9.25000e+01  4.32339e-01 -2.95202e-03 -2.78735e-02 -6.82800e-03 -1.34578e-04  1.60809e-02  2.45245e-01
 9.30000e+01  4.37469e-01 -2.59734e-03 -2.97174e-02 -5.93719e-03  2.09361e-04  1.61412e-02  2.46359e-01
 9.35000e+01  4.42171e-01 -2.26546e-03 -3.14112e-02 -5.12350e-03  6.07155e-04  1.61890e-02  2.47422e-01
 9.40000e+01  4.46456e-01 -1.95823e-03 -3.29543e-02 -4.38617e-03  1.04510e-03  1.62254e-02  2.48429e-01
 9.45000e+01  4.50335e-01 -1.67677e-03 -3.43479e-02 -3.72337e-03  1.50927e-03  1.62512e-02  2.49376e-01
 9.50000e+01  4.53820e-01 -1.42147e-03 -3.55949e-02 -3.13223e-03  1.98586e-03  1.62680e-02  2.50257e-01
 9.55000e+01  4.56924e-01 -1.19210e-03 -3.66995e-02 -2.60897e-03  2.46151e-03  1.62771e-02  2.51070e-01
 9.60000e+01  4.59659e-01 -9.87807e-04 -3.76667e-02 -2.14900e-03  2.92355e-03  1.62799e-02  2.51809e-01
 9.65000e+01  4.62038e-01 -8.07180e-04 -3.85021e-02 -1.74700e-03  3.36027e-03  1.62781e-02  2.52471e-01
 9.70000e+01  4.64073e-01 -6.48321e-04 -3.92113e-02 -1.39702e-03  3.76102e-03  1.62731e-02  2.53053e-01
 9.75000e+01  4.65774e-01 -5.08905e-04 -3.98002e-02 -1.09260e-03  4.11643e-03  1.62662e-02  2.53550e-01
 9.80000e+01  4.67153e-01 -3.86239e-04 -4.02739e-02 -8.26794e-04  4.41841e-03  1.62587e-02  2.53961e-01
 9.85000e+01  4.68216e-01 -2.77331e-04 -4.06371e-02 -5.92315e-04  4.66029e-03  1.62517e-02  2.54283e-01
 9.90000e+01  4.68970e-01 -1.78948e-04 -4.08937e-02 -3.81578e-04  4.83681e-03  1.62461e-02  2.54514e-01
 9.95000e+01  4.69421e-01 -8.76808e-05 -4.10464e-02 -1.86785e-04  4.94425e-03  1.62424e-02  2.54653e-01
