 0.00000e+00  2.12073e-01  8.25229e-16  9.84760e-02  3.89124e-15  7.63992e-02  4.50948e-01
 5.00000e-01  2.12067e-01  4.67973e-05  9.84767e-02  2.20672e-04  7.63992e-02  4.50955e-01
 1.00000e+00  2.12049e-01  9.35937e-05  9.84787e-02  4.41379e-04  7.63993e-02  4.50976e-01
 1.50000e+00  2.12018e-01  1.40388e-04  9.84822e-02  6.62151e-04  7.63996e-02  4.51012e-01
 2.00000e+00  2.11975e-01  1.87176e-04  9.84871e-02  8.83012e-04  7.63999e-02  4.51061e-01
 2.50000e+00  2.11919e-01  2.33954e-04  9.84933e-02  1.10398e-03  7.64002e-02  4.51125e-01
 3.00000e+00  2.11852e-01  2.80713e-04  9.85010e-02  1.32504e-03  7.64007e-02  4.51203e-01
 3.50000e+00  2.11772e-01  3.27441e-04  9.85100e-02  1.54619e-03  7.64013e-02  4.51294e-01
 4.00000e+00  2.11681e-01  3.74123e-04  9.85204e-02  1.76739e-03  7.64020e-02  4.51400e-01
 4.50000e+00  2.11578e-01  4.20740e-04  9.85322e-02  1.98859e-03  7.64029e-02  4.51520e-01
 5.00000e+00  2.11462e-01  4.67267e-04  9.85454e-02  2.20969e-03  7.64039e-02  4.51654e-01
 5.50000e+00  2.11336e-01  5.13676e-04  9.85599e-02  2.43062e-03  7.64050e-02  4.51802e-01
 6.00000e+00  2.11198e-01  5.59933e-04  9.85759e-02  2.65123e-03  7.64063e-02  4.51963e-01
 6.50000e+00  2.11048e-01  6.06001e-04  9.85932e-02  2.87139e-03  7.64078e-02  4.52139e-01
 7.00000e+00  2.10887e-01  6.51837e-04  9.86119e-02  3.09093e-03  7.64094e-02  4.52328e-01
 7.50000e+00  2.10716e-01  6.97397e-04  9.86319e-02  3.30966e-03  7.64114e-02  4.52531e-01
 8.00000e+00  2.10534e-01  7.42632e-04  9.86534e-02  3.52738e-03  7.64135e-02  4.52747e-01
 8.50000e+00  2.10341e-01  7.87491e-04  9.86762e-02  3.74388e-03  7.64159e-02  4.52977e-01
 9.00000e+00  2.10138e-01  8.31920e-04  9.87003e-02  3.95893e-03  7.64186e-02  4.53221e-01
 9.50000e+00  2.09925e-01  8.75868e-04  9.87259e-02  4.17229e-03  7.64216e-02  4.53478e-01
 1.00000e+01  2.09702e-01  9.19281e-04  9.87528e-02  4.38375e-03  7.64250e-02  4.53748e-01
 1.05000e+01  2.09470e-01  9.62106e-04  9.87810e-02  4.59306e-03  7.64286e-02  4.54031e-01
 1.10000e+01  2.09228e-01  1.00430e-03  9.88106e-02  4.80001e-03  7.64327e-02  4.54327e-01
 1.15000e+01  2.08977e-01  1.04580e-03  9.88414e-02  5.00440e-03  7.64371e-02  4.54636e-01
 1.20000e+01  2.08718e-01  1.08659e-03  9.88736e-02  5.20603e-03  7.64418e-02  4.54958e-01
 1.25000e+01  2.08450e-01  1.12662e-03  9.89070e-02  5.40474e-03  7.64470e-02  4.55292e-01
 1.30000e+01  2.08174e-01  1.16585e-03  9.89417e-02  5.60039e-03  7.64525e-02  4.55639e-01
 1.35000e+01  2.07889e-01  1.20428e-03  9.89775e-02  5.79289e-03  7.64585e-02  4.55997e-01
 1.40000e+01  2.07598e-01  1.24188e-03  9.90145e-02  5.98217e-03  7.64647e-02  4.56368e-01
 1.45000e+01  2.07299e-01  1.27866e-03  9.90525e-02  6.16819e-03  7.64714e-02  4.56749e-01
 1.50000e+01  2.06992e-01  1.31460e-03  9.90916e-02  6.35098e-03  7.64783e-02  4.57142e-01
 1.55000e+01  2.06679e-01  1.34974e-03  9.91316e-02  6.53058e-03  7.64855e-02  4.57546e-01
 1.60000e+01  2.06360e-01  1.38408e-03  9.91726e-02  6.70710e-03  7.64930e-02  4.57960e-01
 1.65000e+01  2.06034e-01  1.41765e-03  9.92143e-02  6.88066e-03  7.65007e-02  4.58385e-01
 1.70000e+01  2.05702e-01  1.45050e-03  9.92567e-02  7.05144e-03  7.65086e-02  4.58819e-01
 1.75000e+01  2.05364e-01  1.48266e-03  9.92997e-02  7.21965e-03  7.65165e-02  4.59262e-01
 1.80000e+01  2.05021e-01  1.51419e-03  9.93431e-02  7.38552e-03  7.65245e-02  4.59714e-01
 1.85000e+01  2.04673e-01  1.54514e-03  9.93870e-02  7.54931e-03  7.65324e-02  4.60175e-01
 1.90000e+01  2.04320e-01  1.57557e-03  9.94312e-02  7.71128e-03  7.65403e-02  4.60643e-01
 1.95000e+01  2.03962e-01  1.60553e-03  9.94756e-02  7.87171e-03  7.65480e-02  4.61119e-01
 2.00000e+01  2.03600e-01  1.63509e-03  9.95200e-02  8.03088e-03  7.65555e-02  4.61601e-01
 2.05000e+01  2.03234e-01  1.66429e-03  9.95643e-02  8.18905e-03  7.65627e-02  4.62089e-01
 2.10000e+01  2.02864e-01  1.69319e-03  9.96086e-02  8.34644e-03  7.65696e-02  4.62584e-01
 2.15000e+01  2.02490e-01  1.72183e-03  9.96525e-02  8.50324e-03  7.65761e-02  4.63083e-01
 2.20000e+01  2.02114e-01  1.75023e-03  9.96962e-02  8.65961e-03  7.65821e-02  4.63588e-01
 2.25000e+01  2.01735e-01  1.77842e-03  9.97394e-02  8.81564e-03  7.65877e-02  4.64096e-01
 2.30000e+01  2.01353e-01  1.80640e-03  9.97822e-02  8.97132e-03  7.65927e-02  4.64608e-01
 2.35000e+01  2.00969e-01  1.83416e-03  9.98244e-02  9.12660e-03  7.65973e-02  4.65123e-01
 2.40000e+01  2.00583e-01  1.86168e-03  9.98661e-02  9.28132e-03  7.66013e-02  4.65641e-01
 2.45000e+01  2.00197e-01  1.88890e-03  9.99072e-02  9.43520e-03  7.66049e-02  4.66161e-01
 2.50000e+01  1.99809e-01  1.91575e-03  9.99477e-02  9.58789e-03  7.66080e-02  4.66683e-01
 2.55000e+01  1.99421e-01  1.94214e-03  9.99876e-02  9.73889e-03  7.66107e-02  4.67207e-01
 2.60000e+01  1.99033e-01  1.96796e-03  1.00027e-01  9.88761e-03  7.66131e-02  4.67732e-01
 2.65000e+01  1.98646e-01  1.99308e-03  1.00066e-01  1.00333e-02  7.66152e-02  4.68258e-01
 2.70000e+01  1.98260e-01  2.01733e-03  1.00105e-01  1.01752e-02  7.66173e-02  4.68784e-01
 2.75000e+01  1.97876e-01  2.04054e-03  1.00143e-01  1.03122e-02  7.66193e-02  4.69311e-01
 2.80000e+01  1.97494e-01  2.06251e-03  1.00181e-01  1.04434e-02  7.66215e-02  4.69838e-01
 2.85000e+01  1.97114e-01  2.08302e-03  1.00219e-01  1.05676e-02  7.66239e-02  4.70365e-01
 2.90000e+01  1.96738e-01  2.10184e-03  1.00258e-01  1.06835e-02  7.66268e-02  4.70892e-01
 2.95000e+01  1.96366e-01  2.11874e-03  1.00296e-01  1.07897e-02  7.66304e-02  4.71418e-01
 3.00000e+01  1.95999e-01  2.13346e-03  1.00335e-01  1.08851e-02  7.66347e-02  4.71944e-01
 3.05000e+01  1.95637e-01  2.14575e-03  1.00375e-01  1.09680e-02  7.66401e-02  4.72470e-01
 3.10000e+01  1.95280e-01  2.15534e-03  1.00415e-01  1.10371e-02  7.66466e-02  4.72995e-01
 3.15000e+01  1.94930e-01  2.16198e-03  1.00457e-01  1.10911e-02  7.66545e-02  4.73519e-01
 3.20000e+01  1.94587e-01  2.16543e-03  1.00499e-01  1.11284e-02  7.66639e-02  4.74042e-01
 3.25000e+01  1.94251e-01  2.16546e-03  1.00543e-01  1.11477e-02  7.66750e-02  4.74564e-01
 3.30000e+01  1.93923e-01  2.16184e-03  1.00589e-01  1.11479e-02  7.66879e-02  4.75085e-01
 3.35000e+01  1.93603e-01  2.15438e-03  1.00635e-01  1.11278e-02  7.67028e-02  4.75604e-01
 3.40000e+01  1.93292e-01  2.14291e-03  1.00684e-01  1.10864e-02  7.67197e-02  4.76121e-01
 3.45000e+01  1.92991e-01  2.12728e-03  1.00734e-01  1.10227e-02  7.67388e-02  4.76636e-01
 3.50000e+01  1.92699e-01  2.10737e-03  1.00786e-01  1.09361e-02  7.67600e-02  4.77148e-01
 3.55000e+01  1.92416e-01  2.08311e-03  1.00839e-01  1.08260e-02  7.67834e-02  4.77657e-01
 3.60000e+01  1.92144e-01  2.05444e-03  1.00895e-01  1.06922e-02  7.68089e-02  4.78162e-01
 3.65000e+01  1.91883e-01  2.02135e-03  1.00952e-01  1.05343e-02  7.68366e-02  4.78662e-01
 3.70000e+01  1.91632e-01  1.98387e-03  1.01010e-01  1.03525e-02  7.68662e-02  4.79157e-01
 3.75000e+01  1.91391e-01  1.94204e-03  1.01070e-01  1.01470e-02  7.68978e-02  4.79647e-01
 3.80000e+01  1.91161e-01  1.89595e-03  1.01130e-01  9.91806e-03  7.69312e-02  4.80129e-01
 3.85000e+01  1.90942e-01  1.84572e-03  1.01192e-01  9.66637e-03  7.69661e-02  4.80603e-01
 3.90000e+01  1.90734e-01  1.79149e-03  1.01255e-01  9.39262e-03  7.70024e-02  4.81068e-01
 3.95000e+01  1.90537e-01  1.73344e-03  1.01318e-01  9.09765e-03  7.70398e-02  4.81523e-01
 4.00000e+01  1.90350e-01  1.67174e-03  1.01381e-01  8.78245e-03  7.70782e-02  4.81968e-01
 4.05000e+01  1.90174e-01  1.60661e-03  1.01444e-01  8.44810e-03  7.71171e-02  4.82400e-01
 4.10000e+01  1.90008e-01  1.53826e-03  1.01506e-01  8.09575e-03  7.71565e-02  4.82818e-01
 4.15000e+01  1.89852e-01  1.46692e-03  1.01567e-01  7.72662e-03  7.71958e-02  4.83223e-01
 4.20000e+01  1.89707e-01  1.39282e-03  1.01628e-01  7.34196e-03  7.72350e-02  4.83611e-01
 4.25000e+01  1.89571e-01  1.31620e-03  1.01687e-01  6.94302e-03  7.72735e-02  4.83983e-01
 4.30000e+01  1.89446e-01  1.23728e-03  1.01744e-01  6.53108e-03  7.73113e-02  4.84337e-01
 4.35000e+01  1.89330e-01  1.15631e-03  1.01798e-01  6.10737e-03  7.73479e-02  4.84671e-01
 4.40000e+01  1.89223e-01  1.07348e-03  1.01850e-01  5.67311e-03  7.73830e-02  4.84986e-01
 4.45000e+01  1.89126e-01  9.89024e-04  1.01900e-01  5.22945e-03  7.74165e-02  4.85279e-01
 4.50000e+01  1.89037e-01  9.03128e-04  1.01946e-01  4.77751e-03  7.74480e-02  4.85551e-01
 4.55000e+01  1.88958e-01  8.15982e-04  1.01988e-01  4.31832e-03  7.74772e-02  4.85799e-01
 4.60000e+01  1.88887e-01  7.27759e-04  1.02027e-01  3.85287e-03  7.75041e-02  4.86024e-01
 4.65000e+01  1.88826e-01  6.38620e-04  1.02062e-01  3.38206e-03  7.75283e-02  4.86224e-01
 4.70000e+01  1.88772e-01  5.48712e-04  1.02093e-01  2.90674e-03  7.75496e-02  4.86398e-01
 4.75000e+01  1.88727e-01  4.58171e-04  1.02119e-01  2.42769e-03  7.75680e-02  4.86547e-01
 4.80000e+01  1.88690e-01  3.67120e-04  1.02141e-01  1.94562e-03  7.75832e-02  4.86670e-01
 4.85000e+01  1.88662e-01  2.75675e-04  1.02158e-01  1.46121e-03  7.75951e-02  4.86765e-01
 4.90000e+01  1.88642e-01  1.83940e-04  1.02170e-01  9.75078e-04  7.76037e-02  4.86834e-01
 4.95000e+01  1.88629e-01  9.20168e-05  1.02177e-01  4.87818e-04  7.76089e-02  4.86875e-01
 5.00000e+01  1.88625e-01 -8.76438e-16  1.02180e-01 -4.64645e-15  7.76106e-02  4.86889e-01
 5.05000e+01  1.88629e-01 -9.20168e-05  1.02177e-01 -4.87818e-04  7.76089e-02  4.86875e-01
 5.10000e+01  1.88642e-01 -1.83940e-04  1.02170e-01 -9.75078e-04  7.76037e-02  4.86834e-01
 5.15000e+01  1.88662e-01 -2.75675e-04  1.02158e-01 -1.46121e-03  7.75951e-02  4.86765e-01
 5.20000e+01  1.88690e-01 -3.67120e-04  1.02141e-01 -1.94562e-03  7.75832e-02  4.86670e-01
 5.25000e+01  1.88727e-01 -4.58171e-04  1.02119e-01 -2.42769e-03  7.75680e-02  4.86547e-01
 5.30000e+01  1.88772e-01 -5.48712e-04  1.02093e-01 -2.90674e-03  7.75496e-02  4.86398e-01
 5.35000e+01  1.88826e-01 -6.38620e-04  1.02062e-01 -3.38206e-03  7.75283e-02  4.86224e-01
 5.40000e+01  1.88887e-01 -7.27759e-04  1.02027e-01 -3.85287e-03  7.75041e-02  4.86024e-01
 5.45000e+01  1.88958e-01 -8.15982e-04  1.01988e-01 -4.31832e-03  7.74772e-02  4.85799e-01
 5.50000e+01  1.89037e-01 -9.03128e-04  1.01946e-01 -4.77751e-03  7.74480e-02  4.85551e-01
 5.55000e+01  1.89126e-01 -9.89024e-04  1.01900e-01 -5.22945e-03  7.74165e-02  4.85279e-01
 5.60000e+01  1.89223e-01 -1.07348e-03  1.01850e-01 -5.67311e-03  7.73830e-02  4.84986e-01
 5.65000e+01  1.89330e-01 -1.15631e-03  1.01798e-01 -6.10737e-03  7.73479e-02  4.84671e-01
 5.70000e+01  1.89446e-01 -1.23728e-03  1.01744e-01 -6.53108e-03  7.73113e-02  4.84337e-01
 5.75000e+01  1.89571e-01 -1.31620e-03  1.01687e-01 -6.94302e-03  7.72735e-02  4.83983e-01
 5.80000e+01  1.89707e-01 -1.39282e-03  1.01628e-01 -7.34196e-03  7.72350e-02  4.83611e-01
 5.85000e+01  1.89852e-01 -1.46692e-03  1.01567e-01 -7.72662e-03  7.71958e-02  4.83223e-01
 5.90000e+01  1.90008e-01 -1.53826e-03  1.01506e-01 -8.09575e-03  7.71565e-02  4.82818e-01
 5.95000e+01  1.90174e-01 -1.60661e-03  1.01444e-01 -8.44810e-03  7.71171e-02  4.82400e-01
 6.00000e+01  1.90350e-01 -1.67174e-03  1.01381e-01 -8.78245e-03  7.70782e-02  4.81968e-01
 6.05000e+01  1.90537e-01 -1.73344e-03  1.01318e-01 -9.09765e-03  7.70398e-02  4.81523e-01
 6.10000e+01  1.90734e-01 -1.79149e-03  1.01255e-01 -9.39262e-03  7.70024e-02  4.81068e-01
 6.15000e+01  1.90942e-01 -1.84572e-03  1.01192e-01 -9.66637e-03  7.69661e-02  4.80603e-01
 6.20000e+01  1.91161e-01 -1.89595e-03  1.01130e-01 -9.91806e-03  7.69312e-02  4.80129e-01
 6.25000e+01  1.91391e-01 -1.94204e-03  1.01070e-01 -1.01470e-02  7.68978e-02  4.79647e-01
 6.30000e+01  1.91632e-01 -1.98387e-03  1.01010e-01 -1.03525e-02  7.68662e-02  4.79157e-01
 6.35000e+01  1.91883e-01 -2.02135e-03  1.00952e-01 -1.05343e-02  7.68366e-02  4.78662e-01
 6.40000e+01  1.92144e-01 -2.05444e-03  1.00895e-01 -1.06922e-02  7.68089e-02  4.78162e-01
 6.45000e+01  1.92416e-01 -2.08311e-03  1.00839e-01 -1.08260e-02  7.67834e-02  4.77657e-01
 6.50000e+01  1.92699e-01 -2.10737e-03  1.00786e-01 -1.09361e-02  7.67600e-02  4.77148e-01
 6.55000e+01  1.92991e-01 -2.12728e-03  1.00734e-01 -1.10227e-02  7.67388e-02  4.76636e-01
 6.60000e+01  1.93292e-01 -2.14291e-03  1.00684e-01 -1.10864e-02  7.67197e-02  4.76121e-01
 6.65000e+01  1.93603e-01 -2.15438e-03  1.00635e-01 -1.11278e-02  7.67028e-02  4.75604e-01
 6.70000e+01  1.93923e-01 -2.16184e-03  1.00589e-01 -1.11479e-02  7.66879e-02  4.75085e-01
 6.75000e+01  1.94251e-01 -2.16546e-03  1.00543e-01 -1.11477e-02  7.66750e-02  4.74564e-01
 6.80000e+01  1.94587e-01 -2.16543e-03  1.00499e-01 -1.11284e-02  7.66639e-02  4.74042e-01
 6.85000e+01  1.94930e-01 -2.16198e-03  1.00457e-01 -1.10911e-02  7.66545e-02  4.73519e-01
 6.90000e+01  1.95280e-01 -2.15534e-03  1.00415e-01 -1.10371e-02  7.66466e-02  4.72995e-01
 6.95000e+01  1.95637e-01 -2.14575e-03  1.00375e-01 -1.09680e-02  7.66401e-02  4.72470e-01
 7.00000e+01  1.95999e-01 -2.13346e-03  1.00335e-01 -1.08851e-02  7.66347e-02  4.71944e-01
 7.05000e+01  1.96366e-01 -2.11874e-03  1.00296e-01 -1.07897e-02  7.66304e-02  4.71418e-01
 7.10000e+01  1.96738e-01 -2.10184e-03  1.00258e-01 -1.06835e-02  7.66268e-02  4.70892e-01
 7.15000e+01  1.97114e-01 -2.08302e-03  1.00219e-01 -1.05676e-02  7.66239e-02  4.70365e-01
 7.20000e+01  1.97494e-01 -2.06251e-03  1.00181e-01 -1.04434e-02  7.66215e-02  4.69838e-01
 7.25000e+01  1.97876e-01 -2.04054e-03  1.00143e-01 -1.03122e-02  7.66193e-02  4.69311e-01
 7.30000e+01  1.98260e-01 -2.01733e-03  1.00105e-01 -1.01752e-02  7.66173e-02  4.68784e-01
 7.35000e+01  1.98646e-01 -1.99308e-03  1.00066e-01 -1.00333e-02  7.66152e-02  4.68258e-01
 7.40000e+01  1.99033e-01 -1.96796e-03  1.00027e-01 -9.88761e-03  7.66131e-02  4.67732e-01
 7.45000e+01  1.99421e-01 -1.94214e-03  9.99876e-02 -9.73889e-03  7.66107e-02  4.67207e-01
 7.50000e+01  1.99809e-01 -1.91575e-03  9.99477e-02 -9.58789e-03  7.66080e-02  4.66683e-01
 7.55000e+01  2.00197e-01 -1.88890e-03  9.99072e-02 -9.43520e-03  7.66049e-02  4.66161e-01
 7.60000e+01  2.00583e-01 -1.86168e-03  9.98661e-02 -9.28132e-03  7.66013e-02  4.65641e-01
 7.65000e+01  2.00969e-01 -1.83416e-03  9.98244e-02 -9.12660e-03  7.65973e-02  4.65123e-01
 7.70000e+01  2.01353e-01 -1.80640e-03  9.97822e-02 -8.97132e-03  7.65927e-02  4.64608e-01
 7.75000e+01  2.01735e-01 -1.77842e-03  9.97394e-02 -8.81564e-03  7.65877e-02  4.64096e-01
 7.80000e+01  2.02114e-01 -1.75023e-03  9.96962e-02 -8.65961e-03  7.65821e-02  4.63588e-01
 7.85000e+01  2.02490e-01 -1.72183e-03  9.96525e-02 -8.50324e-03  7.65761e-02  4.63083e-01
 7.90000e+01  2.02864e-01 -1.69319e-03  9.96086e-02 -8.34644e-03  7.65696e-02  4.62584e-01
 7.95000e+01  2.03234e-01 -1.66429e-03  9.95643e-02 -8.18905e-03  7.65627e-02  4.62089e-01
 8.00000e+01  2.03600e-01 -1.63509e-03  9.95200e-02 -8.03088e-03  7.65555e-02  4.61601e-01
 8.05000e+01  2.03962e-01 -1.60553e-03  9.94756e-02 -7.87171e-03  7.65480e-02  4.61119e-01
 8.10000e+01  2.04320e-01 -1.57557e-03  9.94312e-02 -7.71128e-03  7.65403e-02  4.60643e-01
 8.15000e+01  2.04673e-01 -1.54514e-03  9.93870e-02 -7.54931e-03  7.65324e-02  4.60175e-01
 8.20000e+01  2.05021e-01 -1.51419e-03  9.93431e-02 -7.38552e-03  7.65245e-02  4.59714e-01
 8.25000e+01  2.05364e-01 -1.48266e-03  9.92997e-02 -7.21965e-03  7.65165e-02  4.59262e-01
 8.30000e+01  2.05702e-01 -1.45050e-03  9.92567e-02 -7.05144e-03  7.65086e-02  4.58819e-01
 8.35000e+01  2.06034e-01 -1.41765e-03  9.92143e-02 -6.88066e-03  7.65007e-02  4.58385e-01
 8.40000e+01  2.06360e-01 -1.38408e-03  9.91726e-02 -6.70710e-03  7.64930e-02  4.57960e-01
 8.45000e+01  2.06679e-01 -1.34974e-03  9.91316e-02 -6.53058e-03  7.64855e-02  4.57546e-01
 8.50000e+01  2.06992e-01 -1.31460e-03  9.90916e-02 -6.35098e-03  7.64783e-02  4.57142e-01
 8.55000e+01  2.07299e-01 -1.27866e-03  9.90525e-02 -6.16819e-03  7.64714e-02  4.56749e-01
 8.60000e+01  2.07598e-01 -1.24188e-03  9.90145e-02 -5.98217e-03  7.64647e-02  4.56368e-01
 8.65000e+01  2.07889e-01 -1.20428e-03  9.89775e-02 -5.79289e-03  7.64585e-02  4.55997e-01
 8.70000e+01  2.08174e-01 -1.16585e-03  9.89417e-02 -5.60039e-03  7.64525e-02  4.55639e-01
 8.75000e+01  2.08450e-01 -1.12662e-03  9.89070e-02 -5.40474e-03  7.64470e-02  4.55292e-01
 8.80000e+01  2.08718e-01 -1.08659e-03  9.88736e-02 -5.20603e-03  7.64418e-02  4.54958e-01
 8.85000e+01  2.08977e-01 -1.04580e-03  9.88414e-02 -5.00440e-03  7.64371e-02  4.54636e-01
 8.90000e+01  2.09228e-01 -1.00430e-03  9.88106e-02 -4.80001e-03  7.64327e-02  4.54327e-01
 8.95000e+01  2.09470e-01 -9.62106e-04  9.87810e-02 -4.59306e-03  7.64286e-02  4.54031e-01
 9.00000e+01  2.09702e-01 -9.19281e-04  9.87528e-02 -4.38375e-03  7.64250e-02  4.53748e-01
 9.05000e+01  2.09925e-01 -8.75868e-04  9.87259e-02 -4.17229e-03  7.64216e-02  4.53478e-01
 9.10000e+01  2.10138e-01 -8.31920e-04  9.87003e-02 -3.95893e-03  7.64186e-02  4.53221e-01
 9.15000e+01  2.10341e-01 -7.87491e-04  9.86762e-02 -3.74388e-03  7.64159e-02  4.52977e-01
 9.20000e+01  2.10534e-01 -7.42632e-04  9.86534e-02 -3.52738e-03  7.64135e-02  4.52747e-01
 9.25000e+01  2.10716e-01 -6.97397e-04  9.86319e-02 -3.30966e-03  7.64114e-02  4.52531e-01
 9.30000e+01  2.10887e-01 -6.51837e-04  9.86119e-02 -3.09093e-03  7.64094e-02  4.52328e-01
 9.35000e+01  2.11048e-01 -6.06001e-04  9.85932e-02 -2.87139e-03  7.64078e-02  4.52139e-01
 9.40000e+01  2.11198e-01 -5.59933e-04  9.85759e-02 -2.65123e-03  7.64063e-02  4.51963e-01
 9.45000e+01  2.11336e-01 -5.13676e-04  9.85599e-02 -2.43062e-03  7.64050e-02  4.51802e-01
 9.50000e+01  2.11462e-01 -4.67267e-04  9.85454e-02 -2.20969e-03  7.64039e-02  4.51654e-01
 9.55000e+01  2.11578e-01 -4.20740e-04  9.85322e-02 -1.98859e-03  7.64029e-02  4.51520e-01
 9.60000e+01  2.11681e-01 -3.74123e-04  9.85204e-02 -1.76739e-03  7.64020e-02  4.51400e-01
 9.65000e+01  2.11772e-01 -3.27441e-04  9.85100e-02 -1.54619e-03  7.64013e-02  4.51294e-01
 9.70000e+01  2.11852e-01 -2.80713e-04  9.85010e-02 -1.32504e-03  7.64007e-02  4.51203e-01
 9.75000e+01  2.11919e-01 -2.33954e-04  9.84933e-02 -1.10398e-03  7.64002e-02  4.51125e-01
 9.80000e+01  2.11975e-01 -1.87176e-04  9.84871e-02 -8.83012e-04  7.63999e-02  4.51061e-01
 9.85000e+01  2.12018e-01 -1.40388e-04  9.84822e-02 -6.62151e-04  7.63996e-02  4.51012e-01
 9.90000e+01  2.12049e-01 -9.35937e-05  9.84787e-02 -4.41379e-04  7.63993e-02  4.50976e-01
 9.95000e+01  2.12067e-01 -4.67973e-05  9.84767e-02 -2.20672e-04  7.63992e-02  4.50955e-01
