 0.00000e+00  1.00507e+00 -8.27116e-16  1.51271e+00 -8.22941e-16  1.00847e+00  1.00338e+00
 1.00000e-01  1.00507e+00  6.72247e-05  1.51271e+00  6.68853e-05  1.00847e+00  1.00338e+00
 2.00000e-01  1.00507e+00  1.34447e-04  1.51271e+00  1.33768e-04  1.00847e+00  1.00338e+00
 3.00000e-01  1.00507e+00  2.01664e-04  1.51270e+00  2.00646e-04  1.00847e+00  1.00338e+00
 4.00000e-01  1.00507e+00  2.68874e-04  1.51270e+00  2.67517e-04  1.00847e+00  1.00338e+00
 5.00000e-01  1.00507e+00  3.36074e-04  1.51270e+00  3.34379e-04  1.00847e+00  1.00338e+00
 6.00000e-01  1.00507e+00  4.03262e-04  1.51270e+00  4.01228e-04  1.00847e+00  1.00338e+00
 7.00000e-01  1.00507e+00  4.70436e-04  1.51269e+00  4.68063e-04  1.00846e+00  1.00338e+00
 8.00000e-01  1.00507e+00  5.37592e-04  1.51269e+00  5.34881e-04  1.00846e+00  1.00338e+00
 9.00000e-01  1.00507e+00  6.04728e-04  1.51269e+00  6.01680e-04  1.00846e+00  1.00337e+00
 1.00000e+00  1.00506e+00  6.71843e-04  1.51268e+00  6.68457e-04  1.00846e+00  1.00337e+00
 1.10000e+00  1.00506e+00  7.38933e-04  1.51268e+00  7.35211e-04  1.00845e+00  1.00337e+00
 1.20000e+00  1.00506e+00  8.05996e-04  1.51267e+00  8.01938e-04  1.00845e+00  1.00337e+00
 1.30000e+00  1.00506e+00  8.73030e-04  1.51267e+00  8.68636e-04  1.00845e+00  1.00337e+00
 1.40000e+00  1.00506e+00  9.40032e-04  1.51266e+00  9.35303e-04  1.00844e+00  1.00337e+00
 1.50000e+00  1.00505e+00  1.00700e-03  1.51266e+00  1.00194e-03  1.00844e+00  1.00337e+00
 1.60000e+00  1.00505e+00  1.07393e-03  1.51265e+00  1.06853e-03  1.00843e+00  1.00336e+00
 1.70000e+00  1.00505e+00  1.14082e-03  1.51264e+00  1.13509e-03  1.00843e+00  1.00336e+00
 1.80000e+00  1.00504e+00  1.20767e-03  1.51263e+00  1.20161e-03  1.00842e+00  1.00336e+00
 1.90000e+00  1.00504e+00  1.27448e-03  1.51262e+00  1.26809e-03  1.00842e+00  1.00336e+00
 2.00000e+00  1.00504e+00  1.34124e-03  1.51262e+00  1.33452e-03  1.00841e+00  1.00336e+00
 2.10000e+00  1.00503e+00  1.40795e-03  1.51261e+00  1.40090e-03  1.00840e+00  1.00335e+00
 2.20000e+00  1.00503e+00  1.47461e-03  1.51260e+00  1.46723e-03  1.00840e+00  1.00335e+00
 2.30000e+00  1.00503e+00  1.54121e-03  1.51259e+00  1.53351e-03  1.00839e+00  1.00335e+00
 2.40000e+00  1.00502e+00  1.60776e-03  1.51258e+00  1.59973e-03  1.00838e+00  1.00335e+00
 2.50000e+00  1.00502e+00  1.67426e-03  1.51257e+00  1.66590e-03  1.00838e+00  1.00334e+00
 2.60000e+00  1.00501e+00  1.74069e-03  1.51255e+00  1.73200e-03  1.00837e+00  1.00334e+00
 2.70000e+00  1.00501e+00  1.80705e-03  1.51254e+00  1.79805e-03  1.00836e+00  1.00334e+00
 2.80000e+00  1.00500e+00  1.87335e-03  1.51253e+00  1.86403e-03  1.00835e+00  1.00333e+00
 2.90000e+00  1.00500e+00  1.93958e-03  1.51252e+00  1.92994e-03  1.00834e+00  1.00333e+00
 3.00000e+00  1.00499e+00  2.00575e-03  1.51250e+00  1.99578e-03  1.00834e+00  1.00333e+00
 3.10000e+00  1.00499e+00  2.07183e-03  1.51249e+00  2.06155e-03  1.00833e+00  1.00332e+00
 3.20000e+00  1.00498e+00  2.13785e-03  1.51248e+00  2.12725e-03  1.00832e+00  1.00332e+00
 3.30000e+00  1.00498e+00  2.20378e-03  1.51246e+00  2.19287e-03  1.00831e+00  1.00331e+00
 3.40000e+00  1.00497e+00  2.26964e-03  1.51245e+00  2.25841e-03  1.00830e+00  1.00331e+00
 3.50000e+00  1.00496e+00  2.33541e-03  1.51243e+00  2.32387e-03  1.00829e+00  1.00331e+00
 3.60000e+00  1.00496e+00  2.40109e-03  1.51241e+00  2.38925e-03  1.00828e+00  1.00330e+00
 3.70000e+00  1.00495e+00  2.46669e-03  1.51240e+00  2.45454e-03  1.00827e+00  1.00330e+00
 3.80000e+00  1.00494e+00  2.53220e-03  1.51238e+00  2.51974e-03  1.00825e+00  1.00329e+00
 3.90000e+00  1.00494e+00  2.59762e-03  1.51236e+00  2.58485e-03  1.00824e+00  1.00329e+00
 4.00000e+00  1.00493e+00  2.66294e-03  1.51235e+00  2.64987e-03  1.00823e+00  1.00328e+00
 4.10000e+00  1.00492e+00  2.72816e-03  1.51233e+00  2.71480e-03  1.00822e+00  1.00328e+00
 4.20000e+00  1.00492e+00  2.79329e-03  1.51231e+00  2.77962e-03  1.00821e+00  1.00327e+00
 4.30000e+00  1.00491e+00  2.85831e-03  1.51229e+00  2.84435e-03  1.00819e+00  1.00327e+00
 4.40000e+00  1.00490e+00  2.92323e-03  1.51227e+00  2.90897e-03  1.00818e+00  1.00326e+00
 4.50000e+00  1.00489e+00  2.98804e-03  1.51225e+00  2.97349e-03  1.00817e+00  1.00326e+00
 4.60000e+00  1.00488e+00  3.05274e-03  1.51223e+00  3.03790e-03  1.00815e+00  1.00325e+00
 4.70000e+00  1.00488e+00  3.11733e-03  1.51221e+00  3.10220e-03  1.00814e+00  1.00325e+00
 4.80000e+00  1.00487e+00  3.18181e-03  1.51219e+00  3.16639e-03  1.00813e+00  1.00324e+00
 4.90000e+00  1.00486e+00  3.24617e-03  1.51217e+00  3.23047e-03  1.00811e+00  1.00324e+00
 5.00000e+00  1.00485e+00  3.31041e-03  1.51215e+00  3.29443e-03  1.00810e+00  1.00323e+00
 5.10000e+00  1.00484e+00  3.37453e-03  1.51212e+00  3.35827e-03  1.00808e+00  1.00322e+00
 5.20000e+00  1.00483e+00  3.43852e-03  1.51210e+00  3.42199e-03  1.00807e+00  1.00322e+00
 5.30000e+00  1.00482e+00  3.50240e-03  1.51208e+00  3.48559e-03  1.00805e+00  1.00321e+00
 5.40000e+00  1.00481e+00  3.56614e-03  1.51205e+00  3.54906e-03  1.00803e+00  1.00321e+00
 5.50000e+00  1.00480e+00  3.62975e-03  1.51203e+00  3.61240e-03  1.00802e+00  1.00320e+00
 5.60000e+00  1.00479e+00  3.69323e-03  1.51200e+00  3.67561e-03  1.00800e+00  1.00319e+00
 5.70000e+00  1.00478e+00  3.75657e-03  1.51198e+00  3.73869e-03  1.00799e+00  1.00319e+00
 5.80000e+00  1.00477e+00  3.81978e-03  1.51195e+00  3.80163e-03  1.00797e+00  1.00318e+00
 5.90000e+00  1.00476e+00  3.88285e-03  1.51193e+00  3.86444e-03  1.00795e+00  1.00317e+00
 6.00000e+00  1.00475e+00  3.94577e-03  1.51190e+00  3.92711e-03  1.00793e+00  1.00317e+00
 6.10000e+00  1.00474e+00  4.00855e-03  1.51187e+00  3.98963e-03  1.00792e+00  1.00316e+00
 6.20000e+00  1.00473e+00  4.07119e-03  1.51185e+00  4.05202e-03  1.00790e+00  1.00315e+00
 6.30000e+00  1.00472e+00  4.13367e-03  1.51182e+00  4.11425e-03  1.00788e+00  1.00314e+00
 6.40000e+00  1.00471e+00  4.19600e-03  1.51179e+00  4.17634e-03  1.00786e+00  1.00314e+00
 6.50000e+00  1.00470e+00  4.25818e-03  1.51176e+00  4.23827e-03  1.00784e+00  1.00313e+00
 6.60000e+00  1.00469e+00  4.32020e-03  1.51173e+00  4.30005e-03  1.00782e+00  1.00312e+00
 6.70000e+00  1.00467e+00  4.38207e-03  1.51170e+00  4.36168e-03  1.00780e+00  1.00311e+00
 6.80000e+00  1.00466e+00  4.44377e-03  1.51167e+00  4.42315e-03  1.00778e+00  1.00311e+00
 6.90000e+00  1.00465e+00  4.50531e-03  1.51164e+00  4.48446e-03  1.00776e+00  1.00310e+00
 7.00000e+00  1.00464e+00  4.56668e-03  1.51161e+00  4.54560e-03  1.00774e+00  1.00309e+00
 7.10000e+00  1.00463e+00  4.62789e-03  1.51158e+00  4.60659e-03  1.00772e+00  1.00308e+00
 7.20000e+00  1.00461e+00  4.68893e-03  1.51155e+00  4.66740e-03  1.00770e+00  1.00307e+00
 7.30000e+00  1.00460e+00  4.74979e-03  1.51152e+00  4.72805e-03  1.00768e+00  1.00306e+00
 7.40000e+00  1.00459e+00  4.81048e-03  1.51149e+00  4.78852e-03  1.00766e+00  1.00306e+00
 7.50000e+00  1.00457e+00  4.87100e-03  1.51145e+00  4.84882e-03  1.00763e+00  1.00305e+00
 7.60000e+00  1.00456e+00  4.93133e-03  1.51142e+00  4.90894e-03  1.00761e+00  1.00304e+00
 7.70000e+00  1.00455e+00  4.99149e-03  1.51139e+00  4.96889e-03  1.00759e+00  1.00303e+00
 7.80000e+00  1.00453e+00  5.05146e-03  1.51135e+00  5.02866e-03  1.00757e+00  1.00302e+00
 7.90000e+00  1.00452e+00  5.11124e-03  1.51132e+00  5.08824e-03  1.00754e+00  1.00301e+00
 8.00000e+00  1.00451e+00  5.17084e-03  1.51128e+00  5.14764e-03  1.00752e+00  1.00300e+00
 8.10000e+00  1.00449e+00  5.23024e-03  1.51125e+00  5.20685e-03  1.00750e+00  1.00299e+00
 8.20000e+00  1.00448e+00  5.28945e-03  1.51121e+00  5.26588e-03  1.00747e+00  1.00298e+00
 8.30000e+00  1.00446e+00  5.34847e-03  1.51117e+00  5.32471e-03  1.00745e+00  1.00297e+00
 8.40000e+00  1.00445e+00  5.40729e-03  1.51114e+00  5.38335e-03  1.00743e+00  1.00296e+00
 8.50000e+00  1.00443e+00  5.46592e-03  1.51110e+00  5.44179e-03  1.00740e+00  1.00295e+00
 8.60000e+00  1.00442e+00  5.52434e-03  1.51106e+00  5.50003e-03  1.00738e+00  1.00294e+00
 8.70000e+00  1.00440e+00  5.58255e-03  1.51103e+00  5.55808e-03  1.00735e+00  1.00293e+00
 8.80000e+00  1.00439e+00  5.64057e-03  1.51099e+00  5.61592e-03  1.00732e+00  1.00292e+00
 8.90000e+00  1.00437e+00  5.69837e-03  1.51095e+00  5.67356e-03  1.00730e+00  1.00291e+00
 9.00000e+00  1.00436e+00  5.75596e-03  1.51091e+00  5.73099e-03  1.00727e+00  1.00290e+00
 9.10000e+00  1.00434e+00  5.81334e-03  1.51087e+00  5.78821e-03  1.00725e+00  1.00289e+00
 9.20000e+00  1.00433e+00  5.87051e-03  1.51083e+00  5.84522e-03  1.00722e+00  1.00288e+00
 9.30000e+00  1.00431e+00  5.92746e-03  1.51079e+00  5.90202e-03  1.00719e+00  1.00287e+00
 9.40000e+00  1.00429e+00  5.98419e-03  1.51075e+00  5.95861e-03  1.00717e+00  1.00286e+00
 9.50000e+00  1.00428e+00  6.04070e-03  1.51071e+00  6.01497e-03  1.00714e+00  1.00285e+00
 9.60000e+00  1.00426e+00  6.09699e-03  1.51067e+00  6.07112e-03  1.00711e+00  1.00284e+00
 9.70000e+00  1.00424e+00  6.15305e-03  1.51063e+00  6.12705e-03  1.00708e+00  1.00283e+00
 9.80000e+00  1.00423e+00  6.20888e-03  1.51058e+00  6.18275e-03  1.00706e+00  1.00282e+00
 9.90000e+00  1.00421e+00  6.26449e-03  1.51054e+00  6.23822e-03  1.00703e+00  1.00280e+00
 1.00000e+01  1.00419e+00  6.31986e-03  1.51050e+00  6.29347e-03  1.00700e+00  1.00279e+00
 1.01000e+01  1.00418e+00  6.37500e-03  1.51045e+00  6.34849e-03  1.00697e+00  1.00278e+00
 1.02000e+01  1.00416e+00  6.42990e-03  1.51041e+00  6.40328e-03  1.00694e+00  1.00277e+00
 1.03000e+01  1.00414e+00  6.48457e-03  1.51037e+00  6.45783e-03  1.00691e+00  1.00276e+00
 1.04000e+01  1.00412e+00  6.53899e-03  1.51032e+00  6.51214e-03  1.00688e+00  1.00275e+00
 1.05000e+01  1.00410e+00  6.59317e-03  1.51028e+00  6.56622e-03  1.00685e+00  1.00273e+00
 1.06000e+01  1.00409e+00  6.64711e-03  1.51023e+00  6.62006e-03  1.00682e+00  1.00272e+00
 1.07000e+01  1.00407e+00  6.70080e-03  1.51018e+00  6.67365e-03  1.00679e+00  1.00271e+00
 1.08000e+01  1.00405e+00  6.75425e-03  1.51014e+00  6.72700e-03  1.00676e+00  1.00270e+00
 1.09000e+01  1.00403e+00  6.80744e-03  1.51009e+00  6.78011e-03  1.00673e+00  1.00269e+00
 1.10000e+01  1.00401e+00  6.86038e-03  1.51005e+00  6.83296e-03  1.00670e+00  1.00267e+00
 1.11000e+01  1.00399e+00  6.91307e-03  1.51000e+00  6.88557e-03  1.00667e+00  1.00266e+00
 1.12000e+01  1.00397e+00  6.96549e-03  1.50995e+00  6.93792e-03  1.00663e+00  1.00265e+00
 1.13000e+01  1.00396e+00  7.01766e-03  1.50990e+00  6.99002e-03  1.00660e+00  1.00264e+00
 1.14000e+01  1.00394e+00  7.06957e-03  1.50985e+00  7.04186e-03  1.00657e+00  1.00262e+00
 1.15000e+01  1.00392e+00  7.12122e-03  1.50980e+00  7.09344e-03  1.00654e+00  1.00261e+00
 1.16000e+01  1.00390e+00  7.17260e-03  1.50976e+00  7.14476e-03  1.00650e+00  1.00260e+00
 1.17000e+01  1.00388e+00  7.22372e-03  1.50971e+00  7.19582e-03  1.00647e+00  1.00258e+00
 1.18000e+01  1.00386e+00  7.27456e-03  1.50966e+00  7.24661e-03  1.00644e+00  1.00257e+00
 1.19000e+01  1.00384e+00  7.32514e-03  1.50961e+00  7.29714e-03  1.00640e+00  1.00256e+00
 1.20000e+01  1.00382e+00  7.37544e-03  1.50955e+00  7.34740e-03  1.00637e+00  1.00254e+00
 1.21000e+01  1.00380e+00  7.42547e-03  1.50950e+00  7.39739e-03  1.00634e+00  1.00253e+00
 1.22000e+01  1.00378e+00  7.47522e-03  1.50945e+00  7.44710e-03  1.00630e+00  1.00252e+00
 1.23000e+01  1.00376e+00  7.52470e-03  1.50940e+00  7.49654e-03  1.00627e+00  1.00250e+00
 1.24000e+01  1.00373e+00  7.57389e-03  1.50935e+00  7.54571e-03  1.00623e+00  1.00249e+00
 1.25000e+01  1.00371e+00  7.62280e-03  1.50930e+00  7.59460e-03  1.00620e+00  1.00247e+00
 1.26000e+01  1.00369e+00  7.67143e-03  1.50924e+00  7.64320e-03  1.00616e+00  1.00246e+00
 1.27000e+01  1.00367e+00  7.71976e-03  1.50919e+00  7.69153e-03  1.00613e+00  1.00245e+00
 1.28000e+01  1.00365e+00  7.76782e-03  1.50914e+00  7.73957e-03  1.00609e+00  1.00243e+00
 1.29000e+01  1.00363e+00  7.81558e-03  1.50908e+00  7.78732e-03  1.00605e+00  1.00242e+00
 1.30000e+01  1.00361e+00  7.86305e-03  1.50903e+00  7.83479e-03  1.00602e+00  1.00240e+00
 1.31000e+01  1.00358e+00  7.91022e-03  1.50897e+00  7.88197e-03  1.00598e+00  1.00239e+00
 1.32000e+01  1.00356e+00  7.95710e-03  1.50892e+00  7.92885e-03  1.00595e+00  1.00237e+00
 1.33000e+01  1.00354e+00  8.00368e-03  1.50886e+00  7.97544e-03  1.00591e+00  1.00236e+00
 1.34000e+01  1.00352e+00  8.04997e-03  1.50881e+00  8.02174e-03  1.00587e+00  1.00234e+00
 1.35000e+01  1.00350e+00  8.09595e-03  1.50875e+00  8.06774e-03  1.00583e+00  1.00233e+00
 1.36000e+01  1.00347e+00  8.14162e-03  1.50869e+00  8.11344e-03  1.00580e+00  1.00231e+00
 1.37000e+01  1.00345e+00  8.18700e-03  1.50864e+00  8.15884e-03  1.00576e+00  1.00230e+00
 1.38000e+01  1.00343e+00  8.23206e-03  1.50858e+00  8.20394e-03  1.00572e+00  1.00228e+00
 1.39000e+01  1.00341e+00  8.27682e-03  1.50852e+00  8.24873e-03  1.00568e+00  1.00227e+00
 1.40000e+01  1.00338e+00  8.32127e-03  1.50846e+00  8.29322e-03  1.00564e+00  1.00225e+00
 1.41000e+01  1.00336e+00  8.36540e-03  1.50841e+00  8.33740e-03  1.00560e+00  1.00224e+00
 1.42000e+01  1.00334e+00  8.40922e-03  1.50835e+00  8.38127e-03  1.00557e+00  1.00222e+00
 1.43000e+01  1.00331e+00  8.45273e-03  1.50829e+00  8.42483e-03  1.00553e+00  1.00221e+00
 1.44000e+01  1.00329e+00  8.49592e-03  1.50823e+00  8.46807e-03  1.00549e+00  1.00219e+00
 1.45000e+01  1.00326e+00  8.53879e-03  1.50817e+00  8.51100e-03  1.00545e+00  1.00218e+00
 1.46000e+01  1.00324e+00  8.58133e-03  1.50811e+00  8.55361e-03  1.00541e+00  1.00216e+00
 1.47000e+01  1.00322e+00  8.62356e-03  1.50805e+00  8.59591e-03  1.00537e+00  1.00214e+00
 1.48000e+01  1.00319e+00  8.66546e-03  1.50799e+00  8.63788e-03  1.00533e+00  1.00213e+00
 1.49000e+01  1.00317e+00  8.70703e-03  1.50793e+00  8.67953e-03  1.00529e+00  1.00211e+00
 1.50000e+01  1.00314e+00  8.74828e-03  1.50787e+00  8.72086e-03  1.00525e+00  1.00209e+00
 1.51000e+01  1.00312e+00  8.78919e-03  1.50781e+00  8.76186e-03  1.00520e+00  1.00208e+00
 1.52000e+01  1.00309e+00  8.82978e-03  1.50774e+00  8.80254e-03  1.00516e+00  1.00206e+00
 1.53000e+01  1.00307e+00  8.87003e-03  1.50768e+00  8.84289e-03  1.00512e+00  1.00205e+00
 1.54000e+01  1.00304e+00  8.90995e-03  1.50762e+00  8.88290e-03  1.00508e+00  1.00203e+00
 1.55000e+01  1.00302e+00  8.94953e-03  1.50756e+00  8.92259e-03  1.00504e+00  1.00201e+00
 1.56000e+01  1.00299e+00  8.98878e-03  1.50749e+00  8.96194e-03  1.00500e+00  1.00200e+00
 1.57000e+01  1.00297e+00  9.02768e-03  1.50743e+00  9.00095e-03  1.00495e+00  1.00198e+00
 1.58000e+01  1.00294e+00  9.06624e-03  1.50737e+00  9.03963e-03  1.00491e+00  1.00196e+00
 1.59000e+01  1.00292e+00  9.10446e-03  1.50730e+00  9.07797e-03  1.00487e+00  1.00194e+00
 1.60000e+01  1.00289e+00  9.14234e-03  1.50724e+00  9.11597e-03  1.00483e+00  1.00193e+00
 1.61000e+01  1.00287e+00  9.17987e-03  1.50717e+00  9.15363e-03  1.00478e+00  1.00191e+00
 1.62000e+01  1.00284e+00  9.21705e-03  1.50711e+00  9.19094e-03  1.00474e+00  1.00189e+00
 1.63000e+01  1.00282e+00  9.25389e-03  1.50704e+00  9.22791e-03  1.00470e+00  1.00188e+00
 1.64000e+01  1.00279e+00  9.29037e-03  1.50698e+00  9.26454e-03  1.00465e+00  1.00186e+00
 1.65000e+01  1.00276e+00  9.32650e-03  1.50691e+00  9.30081e-03  1.00461e+00  1.00184e+00
 1.66000e+01  1.00274e+00  9.36228e-03  1.50685e+00  9.33674e-03  1.00456e+00  1.00182e+00
 1.67000e+01  1.00271e+00  9.39771e-03  1.50678e+00  9.37231e-03  1.00452e+00  1.00181e+00
 1.68000e+01  1.00268e+00  9.43277e-03  1.50671e+00  9.40753e-03  1.00448e+00  1.00179e+00
 1.69000e+01  1.00266e+00  9.46748e-03  1.50665e+00  9.44240e-03  1.00443e+00  1.00177e+00
 1.70000e+01  1.00263e+00  9.50183e-03  1.50658e+00  9.47691e-03  1.00439e+00  1.00175e+00
 1.71000e+01  1.00260e+00  9.53582e-03  1.50651e+00  9.51106e-03  1.00434e+00  1.00173e+00
 1.72000e+01  1.00258e+00  9.56944e-03  1.50644e+00  9.54486e-03  1.00430e+00  1.00172e+00
 1.73000e+01  1.00255e+00  9.60270e-03  1.50638e+00  9.57830e-03  1.00425e+00  1.00170e+00
 1.74000e+01  1.00252e+00  9.63560e-03  1.50631e+00  9.61137e-03  1.00421e+00  1.00168e+00
 1.75000e+01  1.00249e+00  9.66813e-03  1.50624e+00  9.64408e-03  1.00416e+00  1.00166e+00
 1.76000e+01  1.00247e+00  9.70029e-03  1.50617e+00  9.67643e-03  1.00411e+00  1.00164e+00
 1.77000e+01  1.00244e+00  9.73208e-03  1.50610e+00  9.70841e-03  1.00407e+00  1.00163e+00
 1.78000e+01  1.00241e+00  9.76350e-03  1.50603e+00  9.74002e-03  1.00402e+00  1.00161e+00
 1.79000e+01  1.00238e+00  9.79455e-03  1.50596e+00  9.77127e-03  1.00397e+00  1.00159e+00
 1.80000e+01  1.00235e+00  9.82523e-03  1.50589e+00  9.80214e-03  1.00393e+00  1.00157e+00
 1.81000e+01  1.00233e+00  9.85553e-03  1.50582e+00  9.83265e-03  1.00388e+00  1.00155e+00
 1.82000e+01  1.00230e+00  9.88545e-03  1.50575e+00  9.86278e-03  1.00383e+00  1.00153e+00
 1.83000e+01  1.00227e+00  9.91500e-03  1.50568e+00  9.89254e-03  1.00379e+00  1.00151e+00
 1.84000e+01  1.00224e+00  9.94416e-03  1.50561e+00  9.92192e-03  1.00374e+00  1.00149e+00
 1.85000e+01  1.00221e+00  9.97295e-03  1.50554e+00  9.95092e-03  1.00369e+00  1.00148e+00
 1.86000e+01  1.00219e+00  1.00014e-02  1.50547e+00  9.97955e-03  1.00364e+00  1.00146e+00
 1.87000e+01  1.00216e+00  1.00294e-02  1.50540e+00  1.00078e-02  1.00360e+00  1.00144e+00
 1.88000e+01  1.00213e+00  1.00570e-02  1.50532e+00  1.00357e-02  1.00355e+00  1.00142e+00
 1.89000e+01  1.00210e+00  1.00843e-02  1.50525e+00  1.00632e-02  1.00350e+00  1.00140e+00
 1.90000e+01  1.00207e+00  1.01111e-02  1.50518e+00  1.00903e-02  1.00345e+00  1.00138e+00
 1.91000e+01  1.00204e+00  1.01376e-02  1.50511e+00  1.01170e-02  1.00340e+00  1.00136e+00
 1.92000e+01  1.00201e+00  1.01637e-02  1.50503e+00  1.01433e-02  1.00336e+00  1.00134e+00
 1.93000e+01  1.00198e+00  1.01894e-02  1.50496e+00  1.01692e-02  1.00331e+00  1.00132e+00
 1.94000e+01  1.00195e+00  1.02147e-02  1.50489e+00  1.01948e-02  1.00326e+00  1.00130e+00
 1.95000e+01  1.00192e+00  1.02396e-02  1.50481e+00  1.02200e-02  1.00321e+00  1.00128e+00
 1.96000e+01  1.00189e+00  1.02642e-02  1.50474e+00  1.02448e-02  1.00316e+00  1.00126e+00
 1.97000e+01  1.00186e+00  1.02883e-02  1.50466e+00  1.02691e-02  1.00311e+00  1.00124e+00
 1.98000e+01  1.00183e+00  1.03120e-02  1.50459e+00  1.02931e-02  1.00306e+00  1.00122e+00
 1.99000e+01  1.00181e+00  1.03354e-02  1.50452e+00  1.03167e-02  1.00301e+00  1.00120e+00
 2.00000e+01  1.00178e+00  1.03583e-02  1.50444e+00  1.03399e-02  1.00296e+00  1.00118e+00
 2.01000e+01  1.00175e+00  1.03808e-02  1.50437e+00  1.03627e-02  1.00291e+00  1.00116e+00
 2.02000e+01  1.00172e+00  1.04030e-02  1.50429e+00  1.03852e-02  1.00286e+00  1.00114e+00
 2.03000e+01  1.00169e+00  1.04247e-02  1.50421e+00  1.04072e-02  1.00281e+00  1.00112e+00
 2.04000e+01  1.00165e+00  1.04460e-02  1.50414e+00  1.04288e-02  1.00276e+00  1.00110e+00
 2.05000e+01  1.00162e+00  1.04670e-02  1.50406e+00  1.04500e-02  1.00271e+00  1.00108e+00
 2.06000e+01  1.00159e+00  1.04875e-02  1.50399e+00  1.04708e-02  1.00266e+00  1.00106e+00
 2.07000e+01  1.00156e+00  1.05076e-02  1.50391e+00  1.04912e-02  1.00261e+00  1.00104e+00
 2.08000e+01  1.00153e+00  1.05273e-02  1.50383e+00  1.05112e-02  1.00256e+00  1.00102e+00
 2.09000e+01  1.00150e+00  1.05467e-02  1.50376e+00  1.05308e-02  1.00251e+00  1.00100e+00
 2.10000e+01  1.00147e+00  1.05656e-02  1.50368e+00  1.05500e-02  1.00245e+00  1.00098e+00
 2.11000e+01  1.00144e+00  1.05840e-02  1.50360e+00  1.05688e-02  1.00240e+00  1.00096e+00
 2.12000e+01  1.00141e+00  1.06021e-02  1.50353e+00  1.05872e-02  1.00235e+00  1.00094e+00
 2.13000e+01  1.00138e+00  1.06198e-02  1.50345e+00  1.06052e-02  1.00230e+00  1.00092e+00
 2.14000e+01  1.00135e+00  1.06371e-02  1.50337e+00  1.06227e-02  1.00225e+00  1.00090e+00
 2.15000e+01  1.00132e+00  1.06539e-02  1.50329e+00  1.06399e-02  1.00220e+00  1.00088e+00
 2.16000e+01  1.00129e+00  1.06703e-02  1.50322e+00  1.06566e-02  1.00214e+00  1.00086e+00
 2.17000e+01  1.00125e+00  1.06864e-02  1.50314e+00  1.06730e-02  1.00209e+00  1.00084e+00
 2.18000e+01  1.00122e+00  1.07020e-02  1.50306e+00  1.06889e-02  1.00204e+00  1.00082e+00
 2.19000e+01  1.00119e+00  1.07172e-02  1.50298e+00  1.07044e-02  1.00199e+00  1.00079e+00
 2.20000e+01  1.00116e+00  1.07319e-02  1.50290e+00  1.07195e-02  1.00194e+00  1.00077e+00
 2.21000e+01  1.00113e+00  1.07463e-02  1.50282e+00  1.07342e-02  1.00188e+00  1.00075e+00
 2.22000e+01  1.00110e+00  1.07602e-02  1.50275e+00  1.07484e-02  1.00183e+00  1.00073e+00
 2.23000e+01  1.00107e+00  1.07737e-02  1.50267e+00  1.07623e-02  1.00178e+00  1.00071e+00
 2.24000e+01  1.00103e+00  1.07868e-02  1.50259e+00  1.07757e-02  1.00172e+00  1.00069e+00
 2.25000e+01  1.00100e+00  1.07995e-02  1.50251e+00  1.07887e-02  1.00167e+00  1.00067e+00
 2.26000e+01  1.00097e+00  1.08118e-02  1.50243e+00  1.08013e-02  1.00162e+00  1.00065e+00
 2.27000e+01  1.00094e+00  1.08236e-02  1.50235e+00  1.08135e-02  1.00157e+00  1.00063e+00
 2.28000e+01  1.00091e+00  1.08350e-02  1.50227e+00  1.08252e-02  1.00151e+00  1.00060e+00
 2.29000e+01  1.00088e+00  1.08460e-02  1.50219e+00  1.08365e-02  1.00146e+00  1.00058e+00
 2.30000e+01  1.00084e+00  1.08566e-02  1.50211e+00  1.08474e-02  1.00141e+00  1.00056e+00
 2.31000e+01  1.00081e+00  1.08667e-02  1.50203e+00  1.08579e-02  1.00135e+00  1.00054e+00
 2.32000e+01  1.00078e+00  1.08764e-02  1.50195e+00  1.08680e-02  1.00130e+00  1.00052e+00
 2.33000e+01  1.00075e+00  1.08857e-02  1.50187e+00  1.08776e-02  1.00125e+00  1.00050e+00
 2.34000e+01  1.00071e+00  1.08946e-02  1.50179e+00  1.08868e-02  1.00119e+00  1.00048e+00
 2.35000e+01  1.00068e+00  1.09030e-02  1.50171e+00  1.08956e-02  1.00114e+00  1.00045e+00
 2.36000e+01  1.00065e+00  1.09110e-02  1.50163e+00  1.09040e-02  1.00108e+00  1.00043e+00
 2.37000e+01  1.00062e+00  1.09186e-02  1.50154e+00  1.09119e-02  1.00103e+00  1.00041e+00
 2.38000e+01  1.00059e+00  1.09258e-02  1.50146e+00  1.09194e-02  1.00098e+00  1.00039e+00
 2.39000e+01  1.00055e+00  1.09325e-02  1.50138e+00  1.09265e-02  1.00092e+00  1.00037e+00
 2.40000e+01  1.00052e+00  1.09388e-02  1.50130e+00  1.09331e-02  1.00087e+00  1.00035e+00
 2.41000e+01  1.00049e+00  1.09447e-02  1.50122e+00  1.09393e-02  1.00081e+00  1.00033e+00
 2.42000e+01  1.00046e+00  1.09501e-02  1.50114e+00  1.09451e-02  1.00076e+00  1.00030e+00
 2.43000e+01  1.00042e+00  1.09551e-02  1.50106e+00  1.09505e-02  1.00070e+00  1.00028e+00
 2.44000e+01  1.00039e+00  1.09597e-02  1.50097e+00  1.09554e-02  1.00065e+00  1.00026e+00
 2.45000e+01  1.00036e+00  1.09638e-02  1.50089e+00  1.09599e-02  1.00060e+00  1.00024e+00
 2.46000e+01  1.00032e+00  1.09676e-02  1.50081e+00  1.09640e-02  1.00054e+00  1.00022e+00
 2.47000e+01  1.00029e+00  1.09708e-02  1.50073e+00  1.09676e-02  1.00049e+00  1.00019e+00
 2.48000e+01  1.00026e+00  1.09737e-02  1.50065e+00  1.09708e-02  1.00043e+00  1.00017e+00
 2.49000e+01  1.00023e+00  1.09761e-02  1.50057e+00  1.09736e-02  1.00038e+00  1.00015e+00
 2.50000e+01  1.00019e+00  1.09781e-02  1.50048e+00  1.09760e-02  1.00032e+00  1.00013e+00
 2.51000e+01  1.00016e+00  1.09796e-02  1.50040e+00  1.09779e-02  1.00027e+00  1.00011e+00
 2.52000e+01  1.00013e+00  1.09807e-02  1.50032e+00  1.09793e-02  1.00021e+00  1.00008e+00
 2.53000e+01  1.00009e+00  1.09814e-02  1.50024e+00  1.09804e-02  1.00016e+00  1.00006e+00
 2.54000e+01  1.00006e+00  1.09817e-02  1.50015e+00  1.09810e-02  1.00010e+00  1.00004e+00
 2.55000e+01  1.00003e+00  1.09815e-02  1.50007e+00  1.09812e-02  1.00005e+00  1.00002e+00
 2.56000e+01  9.99995e-01  1.09809e-02  1.49999e+00  1.09809e-02  9.99992e-01  9.99997e-01
 2.57000e+01  9.99962e-01  1.09798e-02  1.49991e+00  1.09802e-02  9.99937e-01  9.99975e-01
 2.58000e+01  9.99929e-01  1.09783e-02  1.49982e+00  1.09791e-02  9.99882e-01  9.99953e-01
 2.59000e+01  9.99896e-01  1.09764e-02  1.49974e+00  1.09775e-02  9.99827e-01  9.99931e-01
 2.60000e+01  9.99863e-01  1.09740e-02  1.49966e+00  1.09755e-02  9.99771e-01  9.99909e-01
 2.61000e+01  9.99830e-01  1.09712e-02  1.49957e+00  1.09731e-02  9.99716e-01  9.99886e-01
 2.62000e+01  9.99797e-01  1.09680e-02  1.49949e+00  1.09702e-02  9.99661e-01  9.99864e-01
 2.63000e+01  9.99763e-01  1.09643e-02  1.49941e+00  1.09669e-02  9.99606e-01  9.99842e-01
 2.64000e+01  9.99730e-01  1.09602e-02  1.49933e+00  1.09632e-02  9.99550e-01  9.99820e-01
 2.65000e+01  9.99697e-01  1.09557e-02  1.49924e+00  1.09590e-02  9.99495e-01  9.99798e-01
 2.66000e+01  9.99664e-01  1.09507e-02  1.49916e+00  1.09544e-02  9.99440e-01  9.99776e-01
 2.67000e+01  9.99631e-01  1.09453e-02  1.49908e+00  1.09494e-02  9.99384e-01  9.99754e-01
 2.68000e+01  9.99597e-01  1.09395e-02  1.49899e+00  1.09439e-02  9.99329e-01  9.99731e-01
 2.69000e+01  9.99564e-01  1.09332e-02  1.49891e+00  1.09380e-02  9.99274e-01  9.99709e-01
 2.70000e+01  9.99531e-01  1.09265e-02  1.49883e+00  1.09316e-02  9.99218e-01  9.99687e-01
 2.71000e+01  9.99498e-01  1.09193e-02  1.49874e+00  1.09248e-02  9.99163e-01  9.99665e-01
 2.72000e+01  9.99464e-01  1.09117e-02  1.49866e+00  1.09176e-02  9.99107e-01  9.99643e-01
 2.73000e+01  9.99431e-01  1.09037e-02  1.49858e+00  1.09099e-02  9.99052e-01  9.99621e-01
 2.74000e+01  9.99398e-01  1.08953e-02  1.49849e+00  1.09018e-02  9.98997e-01  9.99598e-01
 2.75000e+01  9.99365e-01  1.08864e-02  1.49841e+00  1.08933e-02  9.98941e-01  9.99576e-01
 2.76000e+01  9.99331e-01  1.08770e-02  1.49833e+00  1.08843e-02  9.98886e-01  9.99554e-01
 2.77000e+01  9.99298e-01  1.08673e-02  1.49825e+00  1.08749e-02  9.98830e-01  9.99532e-01
 2.78000e+01  9.99265e-01  1.08571e-02  1.49816e+00  1.08651e-02  9.98775e-01  9.99510e-01
 2.79000e+01  9.99232e-01  1.08464e-02  1.49808e+00  1.08548e-02  9.98720e-01  9.99488e-01
 2.80000e+01  9.99198e-01  1.08354e-02  1.49800e+00  1.08441e-02  9.98664e-01  9.99465e-01
 2.81000e+01  9.99165e-01  1.08239e-02  1.49791e+00  1.08329e-02  9.98609e-01  9.99443e-01
 2.82000e+01  9.99132e-01  1.08120e-02  1.49783e+00  1.08213e-02  9.98554e-01  9.99421e-01
 2.83000e+01  9.99099e-01  1.07996e-02  1.49775e+00  1.08093e-02  9.98498e-01  9.99399e-01
 2.84000e+01  9.99066e-01  1.07868e-02  1.49766e+00  1.07969e-02  9.98443e-01  9.99377e-01
 2.85000e+01  9.99033e-01  1.07736e-02  1.49758e+00  1.07840e-02  9.98388e-01  9.99355e-01
 2.86000e+01  9.98999e-01  1.07599e-02  1.49750e+00  1.07707e-02  9.98333e-01  9.99333e-01
 2.87000e+01  9.98966e-01  1.07458e-02  1.49742e+00  1.07569e-02  9.98278e-01  9.99311e-01
 2.88000e+01  9.98933e-01  1.07313e-02  1.49733e+00  1.07427e-02  9.98222e-01  9.99288e-01
 2.89000e+01  9.98900e-01  1.07163e-02  1.49725e+00  1.07281e-02  9.98167e-01  9.99266e-01
 2.90000e+01  9.98867e-01  1.07009e-02  1.49717e+00  1.07131e-02  9.98112e-01  9.99244e-01
 2.91000e+01  9.98834e-01  1.06851e-02  1.49709e+00  1.06976e-02  9.98057e-01  9.99222e-01
 2.92000e+01  9.98801e-01  1.06688e-02  1.49700e+00  1.06817e-02  9.98002e-01  9.99200e-01
 2.93000e+01  9.98768e-01  1.06522e-02  1.49692e+00  1.06653e-02  9.97947e-01  9.99178e-01
 2.94000e+01  9.98735e-01  1.06351e-02  1.49684e+00  1.06485e-02  9.97892e-01  9.99156e-01
 2.95000e+01  9.98702e-01  1.06175e-02  1.49676e+00  1.06313e-02  9.97837e-01  9.99134e-01
 2.96000e+01  9.98669e-01  1.05996e-02  1.49667e+00  1.06137e-02  9.97783e-01  9.99112e-01
 2.97000e+01  9.98636e-01  1.05812e-02  1.49659e+00  1.05956e-02  9.97728e-01  9.99090e-01
 2.98000e+01  9.98603e-01  1.05623e-02  1.49651e+00  1.05771e-02  9.97673e-01  9.99069e-01
 2.99000e+01  9.98571e-01  1.05431e-02  1.49643e+00  1.05582e-02  9.97619e-01  9.99047e-01
 3.00000e+01  9.98538e-01  1.05234e-02  1.49635e+00  1.05388e-02  9.97564e-01  9.99025e-01
 3.01000e+01  9.98505e-01  1.05033e-02  1.49626e+00  1.05190e-02  9.97509e-01  9.99003e-01
 3.02000e+01  9.98472e-01  1.04828e-02  1.49618e+00  1.04988e-02  9.97455e-01  9.98981e-01
 3.03000e+01  9.98440e-01  1.04619e-02  1.49610e+00  1.04782e-02  9.97401e-01  9.98959e-01
 3.04000e+01  9.98407e-01  1.04405e-02  1.49602e+00  1.04571e-02  9.97346e-01  9.98938e-01
 3.05000e+01  9.98374e-01  1.04187e-02  1.49594e+00  1.04357e-02  9.97292e-01  9.98916e-01
 3.06000e+01  9.98342e-01  1.03965e-02  1.49586e+00  1.04137e-02  9.97238e-01  9.98894e-01
 3.07000e+01  9.98309e-01  1.03738e-02  1.49578e+00  1.03914e-02  9.97184e-01  9.98872e-01
 3.08000e+01  9.98277e-01  1.03508e-02  1.49569e+00  1.03686e-02  9.97130e-01  9.98851e-01
 3.09000e+01  9.98245e-01  1.03273e-02  1.49561e+00  1.03455e-02  9.97076e-01  9.98829e-01
 3.10000e+01  9.98212e-01  1.03034e-02  1.49553e+00  1.03219e-02  9.97022e-01  9.98808e-01
 3.11000e+01  9.98180e-01  1.02791e-02  1.49545e+00  1.02978e-02  9.96968e-01  9.98786e-01
 3.12000e+01  9.98148e-01  1.02544e-02  1.49537e+00  1.02734e-02  9.96915e-01  9.98765e-01
 3.13000e+01  9.98116e-01  1.02292e-02  1.49529e+00  1.02485e-02  9.96861e-01  9.98743e-01
 3.14000e+01  9.98083e-01  1.02037e-02  1.49521e+00  1.02232e-02  9.96808e-01  9.98722e-01
 3.15000e+01  9.98051e-01  1.01777e-02  1.49513e+00  1.01975e-02  9.96754e-01  9.98700e-01
 3.16000e+01  9.98019e-01  1.01513e-02  1.49505e+00  1.01714e-02  9.96701e-01  9.98679e-01
 3.17000e+01  9.97987e-01  1.01245e-02  1.49497e+00  1.01449e-02  9.96648e-01  9.98658e-01
 3.18000e+01  9.97955e-01  1.00973e-02  1.49489e+00  1.01179e-02  9.96595e-01  9.98636e-01
 3.19000e+01  9.97924e-01  1.00696e-02  1.49481e+00  1.00906e-02  9.96542e-01  9.98615e-01
 3.20000e+01  9.97892e-01  1.00416e-02  1.49473e+00  1.00628e-02  9.96489e-01  9.98594e-01
 3.21000e+01  9.97860e-01  1.00131e-02  1.49465e+00  1.00346e-02  9.96436e-01  9.98573e-01
 3.22000e+01  9.97829e-01  9.98428e-03  1.49458e+00  1.00060e-02  9.96383e-01  9.98552e-01
 3.23000e+01  9.97797e-01  9.95502e-03  1.49450e+00  9.97700e-03  9.96331e-01  9.98531e-01
 3.24000e+01  9.97766e-01  9.92535e-03  1.49442e+00  9.94758e-03  9.96278e-01  9.98510e-01
 3.25000e+01  9.97734e-01  9.89527e-03  1.49434e+00  9.91775e-03  9.96226e-01  9.98489e-01
 3.26000e+01  9.97703e-01  9.86479e-03  1.49426e+00  9.88751e-03  9.96174e-01  9.98468e-01
 3.27000e+01  9.97671e-01  9.83391e-03  1.49418e+00  9.85686e-03  9.96122e-01  9.98447e-01
 3.28000e+01  9.97640e-01  9.80262e-03  1.49411e+00  9.82581e-03  9.96070e-01  9.98426e-01
 3.29000e+01  9.97609e-01  9.77094e-03  1.49403e+00  9.79436e-03  9.96018e-01  9.98405e-01
 3.30000e+01  9.97578e-01  9.73885e-03  1.49395e+00  9.76250e-03  9.95967e-01  9.98385e-01
 3.31000e+01  9.97547e-01  9.70637e-03  1.49387e+00  9.73024e-03  9.95915e-01  9.98364e-01
 3.32000e+01  9.97516e-01  9.67349e-03  1.49380e+00  9.69757e-03  9.95864e-01  9.98343e-01
 3.33000e+01  9.97486e-01  9.64021e-03  1.49372e+00  9.66451e-03  9.95813e-01  9.98323e-01
 3.34000e+01  9.97455e-01  9.60654e-03  1.49364e+00  9.63105e-03  9.95761e-01  9.98302e-01
 3.35000e+01  9.97424e-01  9.57247e-03  1.49357e+00  9.59719e-03  9.95711e-01  9.98282e-01
 3.36000e+01  9.97394e-01  9.53801e-03  1.49349e+00  9.56293e-03  9.95660e-01  9.98262e-01
 3.37000e+01  9.97363e-01  9.50316e-03  1.49341e+00  9.52828e-03  9.95609e-01  9.98241e-01
 3.38000e+01  9.97333e-01  9.46792e-03  1.49334e+00  9.49324e-03  9.95559e-01  9.98221e-01
 3.39000e+01  9.97303e-01  9.43229e-03  1.49326e+00  9.45780e-03  9.95508e-01  9.98201e-01
 3.40000e+01  9.97272e-01  9.39627e-03  1.49319e+00  9.42197e-03  9.95458e-01  9.98181e-01
 3.41000e+01  9.97242e-01  9.35987e-03  1.49311e+00  9.38575e-03  9.95408e-01  9.98161e-01
 3.42000e+01  9.97212e-01  9.32308e-03  1.49304e+00  9.34914e-03  9.95358e-01  9.98141e-01
 3.43000e+01  9.97183e-01  9.28591e-03  1.49296e+00  9.31215e-03  9.95309e-01  9.98121e-01
 3.44000e+01  9.97153e-01  9.24836e-03  1.49289e+00  9.27477e-03  9.95259e-01  9.98101e-01
 3.45000e+01  9.97123e-01  9.21042e-03  1.49281e+00  9.23700e-03  9.95210e-01  9.98081e-01
 3.46000e+01  9.97094e-01  9.17211e-03  1.49274e+00  9.19885e-03  9.95160e-01  9.98061e-01
 3.47000e+01  9.97064e-01  9.13342e-03  1.49267e+00  9.16032e-03  9.95111e-01  9.98042e-01
 3.48000e+01  9.97035e-01  9.09436e-03  1.49259e+00  9.12140e-03  9.95063e-01  9.98022e-01
 3.49000e+01  9.97005e-01  9.05491e-03  1.49252e+00  9.08211e-03  9.95014e-01  9.98002e-01
 3.50000e+01  9.96976e-01  9.01510e-03  1.49245e+00  9.04244e-03  9.94965e-01  9.97983e-01
 3.51000e+01  9.96947e-01  8.97491e-03  1.49238e+00  9.00239e-03  9.94917e-01  9.97964e-01
 3.52000e+01  9.96918e-01  8.93436e-03  1.49230e+00  8.96197e-03  9.94869e-01  9.97944e-01
 3.53000e+01  9.96890e-01  8.89343e-03  1.49223e+00  8.92118e-03  9.94821e-01  9.97925e-01
 3.54000e+01  9.96861e-01  8.85214e-03  1.49216e+00  8.88001e-03  9.94773e-01  9.97906e-01
 3.55000e+01  9.96832e-01  8.81048e-03  1.49209e+00  8.83848e-03  9.94726e-01  9.97887e-01
 3.56000e+01  9.96804e-01  8.76846e-03  1.49202e+00  8.79657e-03  9.94679e-01  9.97868e-01
 3.57000e+01  9.96775e-01  8.72607e-03  1.49195e+00  8.75430e-03  9.94631e-01  9.97849e-01
 3.58000e+01  9.96747e-01  8.68333e-03  1.49188e+00  8.71166e-03  9.94584e-01  9.97830e-01
 3.59000e+01  9.96719e-01  8.64022e-03  1.49181e+00  8.66866e-03  9.94538e-01  9.97811e-01
 3.60000e+01  9.96691e-01  8.59676e-03  1.49174e+00  8.62530e-03  9.94491e-01  9.97793e-01
 3.61000e+01  9.96663e-01  8.55294e-03  1.49167e+00  8.58158e-03  9.94445e-01  9.97774e-01
 3.62000e+01  9.96636e-01  8.50877e-03  1.49160e+00  8.53749e-03  9.94399e-01  9.97756e-01
 3.63000e+01  9.96608e-01  8.46425e-03  1.49153e+00  8.49306e-03  9.94353e-01  9.97737e-01
 3.64000e+01  9.96580e-01  8.41937e-03  1.49146e+00  8.44826e-03  9.94307e-01  9.97719e-01
 3.65000e+01  9.96553e-01  8.37415e-03  1.49139e+00  8.40311e-03  9.94262e-01  9.97701e-01
 3.66000e+01  9.96526e-01  8.32858e-03  1.49132e+00  8.35761e-03  9.94216e-01  9.97682e-01
 3.67000e+01  9.96499e-01  8.28266e-03  1.49126e+00  8.31176e-03  9.94171e-01  9.97664e-01
 3.68000e+01  9.96472e-01  8.23640e-03  1.49119e+00  8.26556e-03  9.94127e-01  9.97646e-01
 3.69000e+01  9.96445e-01  8.18980e-03  1.49112e+00  8.21902e-03  9.94082e-01  9.97628e-01
 3.70000e+01  9.96418e-01  8.14286e-03  1.49106e+00  8.17213e-03  9.94038e-01  9.97611e-01
 3.71000e+01  9.96392e-01  8.09558e-03  1.49099e+00  8.12489e-03  9.93993e-01  9.97593e-01
 3.72000e+01  9.96365e-01  8.04796e-03  1.49092e+00  8.07732e-03  9.93950e-01  9.97575e-01
 3.73000e+01  9.96339e-01  8.00001e-03  1.49086e+00  8.02941e-03  9.93906e-01  9.97558e-01
 3.74000e+01  9.96313e-01  7.95173e-03  1.49079e+00  7.98116e-03  9.93862e-01  9.97540e-01
 3.75000e+01  9.96287e-01  7.90312e-03  1.49073e+00  7.93257e-03  9.93819e-01  9.97523e-01
 3.76000e+01  9.96261e-01  7.85417e-03  1.49066e+00  7.88365e-03  9.93776e-01  9.97506e-01
 3.77000e+01  9.96236e-01  7.80491e-03  1.49060e+00  7.83440e-03  9.93734e-01  9.97489e-01
 3.78000e+01  9.96210e-01  7.75531e-03  1.49054e+00  7.78482e-03  9.93691e-01  9.97472e-01
 3.79000e+01  9.96185e-01  7.70540e-03  1.49047e+00  7.73491e-03  9.93649e-01  9.97455e-01
 3.80000e+01  9.96159e-01  7.65516e-03  1.49041e+00  7.68467e-03  9.93607e-01  9.97438e-01
 3.81000e+01  9.96134e-01  7.60460e-03  1.49035e+00  7.63411e-03  9.93565e-01  9.97421e-01
 3.82000e+01  9.96109e-01  7.55373e-03  1.49029e+00  7.58323e-03  9.93524e-01  9.97404e-01
 3.83000e+01  9.96085e-01  7.50254e-03  1.49022e+00  7.53203e-03  9.93483e-01  9.97388e-01
 3.84000e+01  9.96060e-01  7.45104e-03  1.49016e+00  7.48052e-03  9.93442e-01  9.97371e-01
 3.85000e+01  9.96035e-01  7.39923e-03  1.49010e+00  7.42868e-03  9.93401e-01  9.97355e-01
 3.86000e+01  9.96011e-01  7.34711e-03  1.49004e+00  7.37654e-03  9.93361e-01  9.97339e-01
 3.87000e+01  9.95987e-01  7.29469e-03  1.48998e+00  7.32408e-03  9.93320e-01  9.97323e-01
 3.88000e+01  9.95963e-01  7.24196e-03  1.48992e+00  7.27131e-03  9.93281e-01  9.97307e-01
 3.89000e+01  9.95939e-01  7.18892e-03  1.48986e+00  7.21824e-03  9.93241e-01  9.97291e-01
 3.90000e+01  9.95915e-01  7.13559e-03  1.48980e+00  7.16486e-03  9.93202e-01  9.97275e-01
 3.91000e+01  9.95892e-01  7.08196e-03  1.48974e+00  7.11117e-03  9.93163e-01  9.97259e-01
 3.92000e+01  9.95869e-01  7.02803e-03  1.48969e+00  7.05719e-03  9.93124e-01  9.97244e-01
 3.93000e+01  9.95845e-01  6.97381e-03  1.48963e+00  7.00291e-03  9.93085e-01  9.97228e-01
 3.94000e+01  9.95822e-01  6.91930e-03  1.48957e+00  6.94833e-03  9.93047e-01  9.97213e-01
 3.95000e+01  9.95800e-01  6.86450e-03  1.48951e+00  6.89345e-03  9.93009e-01  9.97198e-01
 3.96000e+01  9.95777e-01  6.80941e-03  1.48946e+00  6.83829e-03  9.92971e-01  9.97183e-01
 3.97000e+01  9.95754e-01  6.75404e-03  1.48940e+00  6.78284e-03  9.92934e-01  9.97168e-01
 3.98000e+01  9.95732e-01  6.69838e-03  1.48935e+00  6.72709e-03  9.92897e-01  9.97153e-01
 3.99000e+01  9.95710e-01  6.64245e-03  1.48929e+00  6.67107e-03  9.92860e-01  9.97138e-01
 4.00000e+01  9.95688e-01  6.58623e-03  1.48924e+00  6.61476e-03  9.92824e-01  9.97123e-01
 4.01000e+01  9.95666e-01  6.52974e-03  1.48918e+00  6.55816e-03  9.92787e-01  9.97109e-01
 4.02000e+01  9.95645e-01  6.47298e-03  1.48913e+00  6.50129e-03  9.92751e-01  9.97094e-01
 4.03000e+01  9.95623e-01  6.41594e-03  1.48907e+00  6.44415e-03  9.92716e-01  9.97080e-01
 4.04000e+01  9.95602e-01  6.35864e-03  1.48902e+00  6.38673e-03  9.92680e-01  9.97066e-01
 4.05000e+01  9.95581e-01  6.30107e-03  1.48897e+00  6.32904e-03  9.92645e-01  9.97052e-01
 4.06000e+01  9.95560e-01  6.24324e-03  1.48892e+00  6.27108e-03  9.92611e-01  9.97038e-01
 4.07000e+01  9.95539e-01  6.18514e-03  1.48886e+00  6.21285e-03  9.92576e-01  9.97024e-01
 4.08000e+01  9.95519e-01  6.12678e-03  1.48881e+00  6.15436e-03  9.92542e-01  9.97010e-01
 4.09000e+01  9.95498e-01  6.06817e-03  1.48876e+00  6.09561e-03  9.92508e-01  9.96997e-01
 4.10000e+01  9.95478e-01  6.00931e-03  1.48871e+00  6.03660e-03  9.92475e-01  9.96983e-01
 4.11000e+01  9.95458e-01  5.95019e-03  1.48866e+00  5.97733e-03  9.92442e-01  9.96970e-01
 4.12000e+01  9.95438e-01  5.89082e-03  1.48861e+00  5.91781e-03  9.92409e-01  9.96957e-01
 4.13000e+01  9.95419e-01  5.83120e-03  1.48856e+00  5.85804e-03  9.92376e-01  9.96943e-01
 4.14000e+01  9.95399e-01  5.77134e-03  1.48852e+00  5.79801e-03  9.92344e-01  9.96930e-01
 4.15000e+01  9.95380e-01  5.71124e-03  1.48847e+00  5.73774e-03  9.92312e-01  9.96918e-01
 4.16000e+01  9.95361e-01  5.65089e-03  1.48842e+00  5.67723e-03  9.92280e-01  9.96905e-01
 4.17000e+01  9.95342e-01  5.59031e-03  1.48837e+00  5.61647e-03  9.92249e-01  9.96892e-01
 4.18000e+01  9.95324e-01  5.52949e-03  1.48833e+00  5.55547e-03  9.92218e-01  9.96880e-01
 4.19000e+01  9.95305e-01  5.46845e-03  1.48828e+00  5.49424e-03  9.92188e-01  9.96868e-01
 4.20000e+01  9.95287e-01  5.40717e-03  1.48824e+00  5.43277e-03  9.92157e-01  9.96855e-01
 4.21000e+01  9.95269e-01  5.34566e-03  1.48819e+00  5.37107e-03  9.92127e-01  9.96843e-01
 4.22000e+01  9.95251e-01  5.28393e-03  1.48815e+00  5.30914e-03  9.92098e-01  9.96832e-01
 4.23000e+01  9.95234e-01  5.22198e-03  1.48810e+00  5.24699e-03  9.92068e-01  9.96820e-01
 4.24000e+01  9.95216e-01  5.15980e-03  1.48806e+00  5.18461e-03  9.92039e-01  9.96808e-01
 4.25000e+01  9.95199e-01  5.09741e-03  1.48802e+00  5.12200e-03  9.92011e-01  9.96797e-01
 4.26000e+01  9.95182e-01  5.03481e-03  1.48797e+00  5.05918e-03  9.91983e-01  9.96785e-01
 4.27000e+01  9.95165e-01  4.97199e-03  1.48793e+00  4.99615e-03  9.91955e-01  9.96774e-01
 4.28000e+01  9.95148e-01  4.90896e-03  1.48789e+00  4.93290e-03  9.91927e-01  9.96763e-01
 4.29000e+01  9.95132e-01  4.84573e-03  1.48785e+00  4.86944e-03  9.91900e-01  9.96752e-01
 4.30000e+01  9.95116e-01  4.78229e-03  1.48781e+00  4.80577e-03  9.91873e-01  9.96741e-01
 4.31000e+01  9.95100e-01  4.71866e-03  1.48777e+00  4.74189e-03  9.91846e-01  9.96730e-01
 4.32000e+01  9.95084e-01  4.65482e-03  1.48773e+00  4.67781e-03  9.91820e-01  9.96720e-01
 4.33000e+01  9.95068e-01  4.59078e-03  1.48769e+00  4.61354e-03  9.91794e-01  9.96710e-01
 4.34000e+01  9.95053e-01  4.52656e-03  1.48765e+00  4.54906e-03  9.91769e-01  9.96699e-01
 4.35000e+01  9.95038e-01  4.46214e-03  1.48762e+00  4.48439e-03  9.91743e-01  9.96689e-01
 4.36000e+01  9.95023e-01  4.39753e-03  1.48758e+00  4.41953e-03  9.91719e-01  9.96679e-01
 4.37000e+01  9.95008e-01  4.33274e-03  1.48754e+00  4.35448e-03  9.91694e-01  9.96669e-01
 4.38000e+01  9.94994e-01  4.26776e-03  1.48751e+00  4.28924e-03  9.91670e-01  9.96660e-01
 4.39000e+01  9.94979e-01  4.20261e-03  1.48747e+00  4.22382e-03  9.91646e-01  9.96650e-01
 4.40000e+01  9.94965e-01  4.13728e-03  1.48743e+00  4.15821e-03  9.91623e-01  9.96641e-01
 4.41000e+01  9.94951e-01  4.07177e-03  1.48740e+00  4.09243e-03  9.91600e-01  9.96631e-01
 4.42000e+01  9.94938e-01  4.00609e-03  1.48737e+00  4.02648e-03  9.91577e-01  9.96622e-01
 4.43000e+01  9.94924e-01  3.94024e-03  1.48733e+00  3.96035e-03  9.91555e-01  9.96613e-01
 4.44000e+01  9.94911e-01  3.87423e-03  1.48730e+00  3.89405e-03  9.91533e-01  9.96605e-01
 4.45000e+01  9.94898e-01  3.80805e-03  1.48727e+00  3.82758e-03  9.91511e-01  9.96596e-01
 4.46000e+01  9.94885e-01  3.74171e-03  1.48724e+00  3.76095e-03  9.91490e-01  9.96587e-01
 4.47000e+01  9.94873e-01  3.67522e-03  1.48720e+00  3.69416e-03  9.91469e-01  9.96579e-01
 4.48000e+01  9.94860e-01  3.60857e-03  1.48717e+00  3.62721e-03  9.91449e-01  9.96571e-01
 4.49000e+01  9.94848e-01  3.54176e-03  1.48714e+00  3.56010e-03  9.91429e-01  9.96563e-01
 4.50000e+01  9.94836e-01  3.47481e-03  1.48711e+00  3.49284e-03  9.91409e-01  9.96555e-01
 4.51000e+01  9.94825e-01  3.40771e-03  1.48708e+00  3.42543e-03  9.91390e-01  9.96547e-01
 4.52000e+01  9.94813e-01  3.34046e-03  1.48706e+00  3.35788e-03  9.91371e-01  9.96539e-01
 4.53000e+01  9.94802e-01  3.27307e-03  1.48703e+00  3.29018e-03  9.91352e-01  9.96532e-01
 4.54000e+01  9.94791e-01  3.20555e-03  1.48700e+00  3.22233e-03  9.91334e-01  9.96524e-01
 4.55000e+01  9.94780e-01  3.13789e-03  1.48697e+00  3.15435e-03  9.91316e-01  9.96517e-01
 4.56000e+01  9.94770e-01  3.07010e-03  1.48695e+00  3.08624e-03  9.91298e-01  9.96510e-01
 4.57000e+01  9.94760e-01  3.00217e-03  1.48692e+00  3.01799e-03  9.91281e-01  9.96503e-01
 4.58000e+01  9.94749e-01  2.93412e-03  1.48690e+00  2.94961e-03  9.91265e-01  9.96497e-01
 4.59000e+01  9.94740e-01  2.86595e-03  1.48687e+00  2.88111e-03  9.91248e-01  9.96490e-01
 4.60000e+01  9.94730e-01  2.79766e-03  1.48685e+00  2.81248e-03  9.91232e-01  9.96484e-01
 4.61000e+01  9.94721e-01  2.72924e-03  1.48682e+00  2.74373e-03  9.91217e-01  9.96477e-01
 4.62000e+01  9.94711e-01  2.66071e-03  1.48680e+00  2.67486e-03  9.91201e-01  9.96471e-01
 4.63000e+01  9.94703e-01  2.59207e-03  1.48678e+00  2.60588e-03  9.91187e-01  9.96465e-01
 4.64000e+01  9.94694e-01  2.52332e-03  1.48676e+00  2.53678e-03  9.91172e-01  9.96460e-01
 4.65000e+01  9.94685e-01  2.45446e-03  1.48674e+00  2.46758e-03  9.91158e-01  9.96454e-01
 4.66000e+01  9.94677e-01  2.38550e-03  1.48672e+00  2.39827e-03  9.91144e-01  9.96448e-01
 4.67000e+01  9.94669e-01  2.31644e-03  1.48670e+00  2.32885e-03  9.91131e-01  9.96443e-01
 4.68000e+01  9.94661e-01  2.24728e-03  1.48668e+00  2.25934e-03  9.91118e-01  9.96438e-01
 4.69000e+01  9.94654e-01  2.17802e-03  1.48666e+00  2.18973e-03  9.91106e-01  9.96433e-01
 4.70000e+01  9.94647e-01  2.10867e-03  1.48664e+00  2.12002e-03  9.91094e-01  9.96428e-01
 4.71000e+01  9.94640e-01  2.03924e-03  1.48662e+00  2.05023e-03  9.91082e-01  9.96423e-01
 4.72000e+01  9.94633e-01  1.96971e-03  1.48661e+00  1.98034e-03  9.91071e-01  9.96419e-01
 4.73000e+01  9.94626e-01  1.90010e-03  1.48659e+00  1.91037e-03  9.91060e-01  9.96414e-01
 4.74000e+01  9.94620e-01  1.83042e-03  1.48657e+00  1.84032e-03  9.91049e-01  9.96410e-01
 4.75000e+01  9.94614e-01  1.76065e-03  1.48656e+00  1.77019e-03  9.91039e-01  9.96406e-01
 4.76000e+01  9.94608e-01  1.69081e-03  1.48654e+00  1.69998e-03  9.91029e-01  9.96402e-01
 4.77000e+01  9.94602e-01  1.62090e-03  1.48653e+00  1.62970e-03  9.91020e-01  9.96398e-01
 4.78000e+01  9.94597e-01  1.55092e-03  1.48652e+00  1.55934e-03  9.91011e-01  9.96395e-01
 4.79000e+01  9.94592e-01  1.48087e-03  1.48650e+00  1.48893e-03  9.91002e-01  9.96391e-01
 4.80000e+01  9.94587e-01  1.41076e-03  1.48649e+00  1.41844e-03  9.90994e-01  9.96388e-01
 4.81000e+01  9.94582e-01  1.34060e-03  1.48648e+00  1.34790e-03  9.90986e-01  9.96385e-01
 4.82000e+01  9.94578e-01  1.27037e-03  1.48647e+00  1.27730e-03  9.90979e-01  9.96382e-01
 4.83000e+01  9.94573e-01  1.20009e-03  1.48646e+00  1.20664e-03  9.90972e-01  9.96379e-01
 4.84000e+01  9.94569e-01  1.12976e-03  1.48645e+00  1.13593e-03  9.90965e-01  9.96376e-01
 4.85000e+01  9.94566e-01  1.05938e-03  1.48644e+00  1.06517e-03  9.90959e-01  9.96374e-01
 4.86000e+01  9.94562e-01  9.88960e-04  1.48643e+00  9.94368e-04  9.90953e-01  9.96372e-01
 4.87000e+01  9.94559e-01  9.18496e-04  1.48642e+00  9.23521e-04  9.90948e-01  9.96369e-01
 4.88000e+01  9.94556e-01  8.47992e-04  1.48641e+00  8.52634e-04  9.90943e-01  9.96367e-01
 4.89000e+01  9.94553e-01  7.77452e-04  1.48641e+00  7.81710e-04  9.90938e-01  9.96366e-01
 4.90000e+01  9.94551e-01  7.06880e-04  1.48640e+00  7.10753e-04  9.90934e-01  9.96364e-01
 4.91000e+01  9.94548e-01  6.36277e-04  1.48640e+00  6.39765e-04  9.90930e-01  9.96362e-01
 4.92000e+01  9.94546e-01  5.65648e-04  1.48639e+00  5.68749e-04  9.90927e-01  9.96361e-01
 4.93000e+01  9.94544e-01  4.94994e-04  1.48639e+00  4.97709e-04  9.90924e-01  9.96360e-01
 4.94000e+01  9.94543e-01  4.24320e-04  1.48638e+00  4.26648e-04  9.90921e-01  9.96359e-01
 4.95000e+01  9.94541e-01  3.53627e-04  1.48638e+00  3.55568e-04  9.90919e-01  9.96358e-01
 4.96000e+01  9.94540e-01  2.82920e-04  1.48638e+00  2.84473e-04  9.90917e-01  9.96357e-01
 4.97000e+01  9.94540e-01  2.12200e-04  1.48637e+00  2.13365e-04  9.90916e-01  9.96356e-01
 4.98000e+01  9.94539e-01  1.41472e-04  1.48637e+00  1.42249e-04  9.90915e-01  9.96356e-01
 4.99000e+01  9.94539e-01  7.07374e-05  1.48637e+00  7.11259e-05  9.90914e-01  9.96356e-01
 5.00000e+01  9.94538e-01  3.28071e-15  1.48637e+00  3.29873e-15  9.90914e-01  9.96356e-01
 5.01000e+01  9.94539e-01 -7.07374e-05  1.48637e+00 -7.11259e-05  9.90914e-01  9.96356e-01
 5.02000e+01  9.94539e-01 -1.41472e-04  1.48637e+00 -1.42249e-04  9.90915e-01  9.96356e-01
 5.03000e+01  9.94540e-01 -2.12200e-04  1.48637e+00 -2.13365e-04  9.90916e-01  9.96356e-01
 5.04000e+01  9.94540e-01 -2.82920e-04  1.48638e+00 -2.84473e-04  9.90917e-01  9.96357e-01
 5.05000e+01  9.94541e-01 -3.53627e-04  1.48638e+00 -3.55568e-04  9.90919e-01  9.96358e-01
 5.06000e+01  9.94543e-01 -4.24320e-04  1.48638e+00 -4.26648e-04  9.90921e-01  9.96359e-01
 5.07000e+01  9.94544e-01 -4.94994e-04  1.48639e+00 -4.97709e-04  9.90924e-01  9.96360e-01
 5.08000e+01  9.94546e-01 -5.65648e-04  1.48639e+00 -5.68749e-04  9.90927e-01  9.96361e-01
 5.09000e+01  9.94548e-01 -6.36277e-04  1.48640e+00 -6.39765e-04  9.90930e-01  9.96362e-01
 5.10000e+01  9.94551e-01 -7.06880e-04  1.48640e+00 -7.10753e-04  9.90934e-01  9.96364e-01
 5.11000e+01  9.94553e-01 -7.77452e-04  1.48641e+00 -7.81710e-04  9.90938e-01  9.96366e-01
 5.12000e+01  9.94556e-01 -8.47992e-04  1.48641e+00 -8.52634e-04  9.90943e-01  9.96367e-01
 5.13000e+01  9.94559e-01 -9.18496e-04  1.48642e+00 -9.23521e-04  9.90948e-01  9.96369e-01
 5.14000e+01  9.94562e-01 -9.88960e-04  1.48643e+00 -9.94368e-04  9.90953e-01  9.96372e-01
 5.15000e+01  9.94566e-01 -1.05938e-03  1.48644e+00 -1.06517e-03  9.90959e-01  9.96374e-01
 5.16000e+01  9.94569e-01 -1.12976e-03  1.48645e+00 -1.13593e-03  9.90965e-01  9.96376e-01
 5.17000e+01  9.94573e-01 -1.20009e-03  1.48646e+00 -1.20664e-03  9.90972e-01  9.96379e-01
 5.18000e+01  9.94578e-01 -1.27037e-03  1.48647e+00 -1.27730e-03  9.90979e-01  9.96382e-01
 5.19000e+01  9.94582e-01 -1.34060e-03  1.48648e+00 -1.34790e-03  9.90986e-01  9.96385e-01
 5.20000e+01  9.94587e-01 -1.41076e-03  1.48649e+00 -1.41844e-03  9.90994e-01  9.96388e-01
 5.21000e+01  9.94592e-01 -1.48087e-03  1.48650e+00 -1.48893e-03  9.91002e-01  9.96391e-01
 5.22000e+01  9.94597e-01 -1.55092e-03  1.48652e+00 -1.55934e-03  9.91011e-01  9.96395e-01
 5.23000e+01  9.94602e-01 -1.62090e-03  1.48653e+00 -1.62970e-03  9.91020e-01  9.96398e-01
 5.24000e+01  9.94608e-01 -1.69081e-03  1.48654e+00 -1.69998e-03  9.91029e-01  9.96402e-01
 5.25000e+01  9.94614e-01 -1.76065e-03  1.48656e+00 -1.77019e-03  9.91039e-01  9.96406e-01
 5.26000e+01  9.94620e-01 -1.83042e-03  1.48657e+00 -1.84032e-03  9.91049e-01  9.96410e-01
 5.27000e+01  9.94626e-01 -1.90010e-03  1.48659e+00 -1.91037e-03  9.91060e-01  9.96414e-01
 5.28000e+01  9.94633e-01 -1.96971e-03  1.48661e+00 -1.98034e-03  9.91071e-01  9.96419e-01
 5.29000e+01  9.94640e-01 -2.03924e-03  1.48662e+00 -2.05023e-03  9.91082e-01  9.96423e-01
 5.30000e+01  9.94647e-01 -2.10867e-03  1.48664e+00 -2.12002e-03  9.91094e-01  9.96428e-01
 5.31000e+01  9.94654e-01 -2.17802e-03  1.48666e+00 -2.18973e-03  9.91106e-01  9.96433e-01
 5.32000e+01  9.94661e-01 -2.24728e-03  1.48668e+00 -2.25934e-03  9.91118e-01  9.96438e-01
 5.33000e+01  9.94669e-01 -2.31644e-03  1.48670e+00 -2.32885e-03  9.91131e-01  9.96443e-01
 5.34000e+01  9.94677e-01 -2.38550e-03  1.48672e+00 -2.39827e-03  9.91144e-01  9.96448e-01
 5.35000e+01  9.94685e-01 -2.45446e-03  1.48674e+00 -2.46758e-03  9.91158e-01  9.96454e-01
 5.36000e+01  9.94694e-01 -2.52332e-03  1.48676e+00 -2.53678e-03  9.91172e-01  9.96460e-01
 5.37000e+01  9.94703e-01 -2.59207e-03  1.48678e+00 -2.60588e-03  9.91187e-01  9.96465e-01
 5.38000e+01  9.94711e-01 -2.66071e-03  1.48680e+00 -2.67486e-03  9.91201e-01  9.96471e-01
 5.39000e+01  9.94721e-01 -2.72924e-03  1.48682e+00 -2.74373e-03  9.91217e-01  9.96477e-01
 5.40000e+01  9.94730e-01 -2.79766e-03  1.48685e+00 -2.81248e-03  9.91232e-01  9.96484e-01
 5.41000e+01  9.94740e-01 -2.86595e-03  1.48687e+00 -2.88111e-03  9.91248e-01  9.96490e-01
 5.42000e+01  9.94749e-01 -2.93412e-03  1.48690e+00 -2.94961e-03  9.91265e-01  9.96497e-01
 5.43000e+01  9.94760e-01 -3.00217e-03  1.48692e+00 -3.01799e-03  9.91281e-01  9.96503e-01
 5.44000e+01  9.94770e-01 -3.07010e-03  1.48695e+00 -3.08624e-03  9.91298e-01  9.96510e-01
 5.45000e+01  9.94780e-01 -3.13789e-03  1.48697e+00 -3.15435e-03  9.91316e-01  9.96517e-01
 5.46000e+01  9.94791e-01 -3.20555e-03  1.48700e+00 -3.22233e-03  9.91334e-01  9.96524e-01
 5.47000e+01  9.94802e-01 -3.27307e-03  1.48703e+00 -3.29018e-03  9.91352e-01  9.96532e-01
 5.48000e+01  9.94813e-01 -3.34046e-03  1.48706e+00 -3.35788e-03  9.91371e-01  9.96539e-01
 5.49000e+01  9.94825e-01 -3.40771e-03  1.48708e+00 -3.42543e-03  9.91390e-01  9.96547e-01
 5.50000e+01  9.94836e-01 -3.47481e-03  1.48711e+00 -3.49284e-03  9.91409e-01  9.96555e-01
 5.51000e+01  9.94848e-01 -3.54176e-03  1.48714e+00 -3.56010e-03  9.91429e-01  9.96563e-01
 5.52000e+01  9.94860e-01 -3.60857e-03  1.48717e+00 -3.62721e-03  9.91449e-01  9.96571e-01
 5.53000e+01  9.94873e-01 -3.67522e-03  1.48720e+00 -3.69416e-03  9.91469e-01  9.96579e-01
 5.54000e+01  9.94885e-01 -3.74171e-03  1.48724e+00 -3.76095e-03  9.91490e-01  9.96587e-01
 5.55000e+01  9.94898e-01 -3.80805e-03  1.48727e+00 -3.82758e-03  9.91511e-01  9.96596e-01
 5.56000e+01  9.94911e-01 -3.87423e-03  1.48730e+00 -3.89405e-03  9.91533e-01  9.96605e-01
 5.57000e+01  9.94924e-01 -3.94024e-03  1.48733e+00 -3.96035e-03  9.91555e-01  9.96613e-01
 5.58000e+01  9.94938e-01 -4.00609e-03  1.48737e+00 -4.02648e-03  9.91577e-01  9.96622e-01
 5.59000e+01  9.94951e-01 -4.07177e-03  1.48740e+00 -4.09243e-03  9.91600e-01  9.96631e-01
 5.60000e+01  9.94965e-01 -4.13728e-03  1.48743e+00 -4.15821e-03  9.91623e-01  9.96641e-01
 5.61000e+01  9.94979e-01 -4.20261e-03  1.48747e+00 -4.22382e-03  9.91646e-01  9.96650e-01
 5.62000e+01  9.94994e-01 -4.26776e-03  1.48751e+00 -4.28924e-03  9.91670e-01  9.96660e-01
 5.63000e+01  9.95008e-01 -4.33274e-03  1.48754e+00 -4.35448e-03  9.91694e-01  9.96669e-01
 5.64000e+01  9.95023e-01 -4.39753e-03  1.48758e+00 -4.41953e-03  9.91719e-01  9.96679e-01
 5.65000e+01  9.95038e-01 -4.46214e-03  1.48762e+00 -4.48439e-03  9.91743e-01  9.96689e-01
 5.66000e+01  9.95053e-01 -4.52656e-03  1.48765e+00 -4.54906e-03  9.91769e-01  9.96699e-01
 5.67000e+01  9.95068e-01 -4.59078e-03  1.48769e+00 -4.61354e-03  9.91794e-01  9.96710e-01
 5.68000e+01  9.95084e-01 -4.65482e-03  1.48773e+00 -4.67781e-03  9.91820e-01  9.96720e-01
 5.69000e+01  9.95100e-01 -4.71866e-03  1.48777e+00 -4.74189e-03  9.91846e-01  9.96730e-01
 5.70000e+01  9.95116e-01 -4.78229e-03  1.48781e+00 -4.80577e-03  9.91873e-01  9.96741e-01
 5.71000e+01  9.95132e-01 -4.84573e-03  1.48785e+00 -4.86944e-03  9.91900e-01  9.96752e-01
 5.72000e+01  9.95148e-01 -4.90896e-03  1.48789e+00 -4.93290e-03  9.91927e-01  9.96763e-01
 5.73000e+01  9.95165e-01 -4.97199e-03  1.48793e+00 -4.99615e-03  9.91955e-01  9.96774e-01
 5.74000e+01  9.95182e-01 -5.03481e-03  1.48797e+00 -5.05918e-03  9.91983e-01  9.96785e-01
 5.75000e+01  9.95199e-01 -5.09741e-03  1.48802e+00 -5.12200e-03  9.92011e-01  9.96797e-01
 5.76000e+01  9.95216e-01 -5.15980e-03  1.48806e+00 -5.18461e-03  9.92039e-01  9.96808e-01
 5.77000e+01  9.95234e-01 -5.22198e-03  1.48810e+00 -5.24699e-03  9.92068e-01  9.96820e-01
 5.78000e+01  9.95251e-01 -5.28393e-03  1.48815e+00 -5.30914e-03  9.92098e-01  9.96832e-01
 5.79000e+01  9.95269e-01 -5.34566e-03  1.48819e+00 -5.37107e-03  9.92127e-01  9.96843e-01
 5.80000e+01  9.95287e-01 -5.40717e-03  1.48824e+00 -5.43277e-03  9.92157e-01  9.96855e-01
 5.81000e+01  9.95305e-01 -5.46845e-03  1.48828e+00 -5.49424e-03  9.92188e-01  9.96868e-01
 5.82000e+01  9.95324e-01 -5.52949e-03  1.48833e+00 -5.55547e-03  9.92218e-01  9.96880e-01
 5.83000e+01  9.95342e-01 -5.59031e-03  1.48837e+00 -5.61647e-03  9.92249e-01  9.96892e-01
 5.84000e+01  9.95361e-01 -5.65089e-03  1.48842e+00 -5.67723e-03  9.92280e-01  9.96905e-01
 5.85000e+01  9.95380e-01 -5.71124e-03  1.48847e+00 -5.73774e-03  9.92312e-01  9.96918e-01
 5.86000e+01  9.95399e-01 -5.77134e-03  1.48852e+00 -5.79801e-03  9.92344e-01  9.96930e-01
 5.87000e+01  9.95419e-01 -5.83120e-03  1.48856e+00 -5.85804e-03  9.92376e-01  9.96943e-01
 5.88000e+01  9.95438e-01 -5.89082e-03  1.48861e+00 -5.91781e-03  9.92409e-01  9.96957e-01
 5.89000e+01  9.95458e-01 -5.95019e-03  1.48866e+00 -5.97733e-03  9.92442e-01  9.96970e-01
 5.90000e+01  9.95478e-01 -6.00931e-03  1.48871e+00 -6.03660e-03  9.92475e-01  9.96983e-01
 5.91000e+01  9.95498e-01 -6.06817e-03  1.48876e+00 -6.09561e-03  9.92508e-01  9.96997e-01
 5.92000e+01  9.95519e-01 -6.12678e-03  1.48881e+00 -6.15436e-03  9.92542e-01  9.97010e-01
 5.93000e+01  9.95539e-01 -6.18514e-03  1.48886e+00 -6.21285e-03  9.92576e-01  9.97024e-01
 5.94000e+01  9.95560e-01 -6.24324e-03  1.48892e+00 -6.27108e-03  9.92611e-01  9.97038e-01
 5.95000e+01  9.95581e-01 -6.30107e-03  1.48897e+00 -6.32904e-03  9.92645e-01  9.97052e-01
 5.96000e+01  9.95602e-01 -6.35864e-03  1.48902e+00 -6.38673e-03  9.92680e-01  9.97066e-01
 5.97000e+01  9.95623e-01 -6.41594e-03  1.48907e+00 -6.44415e-03  9.92716e-01  9.97080e-01
 5.98000e+01  9.95645e-01 -6.47298e-03  1.48913e+00 -6.50129e-03  9.92751e-01  9.97094e-01
 5.99000e+01  9.95666e-01 -6.52974e-03  1.48918e+00 -6.55816e-03  9.92787e-01  9.97109e-01
 6.00000e+01  9.95688e-01 -6.58623e-03  1.48924e+00 -6.61476e-03  9.92824e-01  9.97123e-01
 6.01000e+01  9.95710e-01 -6.64245e-03  1.48929e+00 -6.67107e-03  9.92860e-01  9.97138e-01
 6.02000e+01  9.95732e-01 -6.69838e-03  1.48935e+00 -6.72709e-03  9.92897e-01  9.97153e-01
 6.03000e+01  9.95754e-01 -6.75404e-03  1.48940e+00 -6.78284e-03  9.92934e-01  9.97168e-01
 6.04000e+01  9.95777e-01 -6.80941e-03  1.48946e+00 -6.83829e-03  9.92971e-01  9.97183e-01
 6.05000e+01  9.95800e-01 -6.86450e-03  1.48951e+00 -6.89345e-03  9.93009e-01  9.97198e-01
 6.06000e+01  9.95822e-01 -6.91930e-03  1.48957e+00 -6.94833e-03  9.93047e-01  9.97213e-01
 6.07000e+01  9.95845e-01 -6.97381e-03  1.48963e+00 -7.00291e-03  9.93085e-01  9.97228e-01
 6.08000e+01  9.95869e-01 -7.02803e-03  1.48969e+00 -7.05719e-03  9.93124e-01  9.97244e-01
 6.09000e+01  9.95892e-01 -7.08196e-03  1.48974e+00 -7.11117e-03  9.93163e-01  9.97259e-01
 6.10000e+01  9.95915e-01 -7.13559e-03  1.48980e+00 -7.16486e-03  9.93202e-01  9.97275e-01
 6.11000e+01  9.95939e-01 -7.18892e-03  1.48986e+00 -7.21824e-03  9.93241e-01  9.97291e-01
 6.12000e+01  9.95963e-01 -7.24196e-03  1.48992e+00 -7.27131e-03  9.93281e-01  9.97307e-01
 6.13000e+01  9.95987e-01 -7.29469e-03  1.48998e+00 -7.32408e-03  9.93320e-01  9.97323e-01
 6.14000e+01  9.96011e-01 -7.34711e-03  1.49004e+00 -7.37654e-03  9.93361e-01  9.97339e-01
 6.15000e+01  9.96035e-01 -7.39923e-03  1.49010e+00 -7.42868e-03  9.93401e-01  9.97355e-01
 6.16000e+01  9.96060e-01 -7.45104e-03  1.49016e+00 -7.48052e-03  9.93442e-01  9.97371e-01
 6.17000e+01  9.96085e-01 -7.50254e-03  1.49022e+00 -7.53203e-03  9.93483e-01  9.97388e-01
 6.18000e+01  9.96109e-01 -7.55373e-03  1.49029e+00 -7.58323e-03  9.93524e-01  9.97404e-01
 6.19000e+01  9.96134e-01 -7.60460e-03  1.49035e+00 -7.63411e-03  9.93565e-01  9.97421e-01
 6.20000e+01  9.96159e-01 -7.65516e-03  1.49041e+00 -7.68467e-03  9.93607e-01  9.97438e-01
 6.21000e+01  9.96185e-01 -7.70540e-03  1.49047e+00 -7.73491e-03  9.93649e-01  9.97455e-01
 6.22000e+01  9.96210e-01 -7.75531e-03  1.49054e+00 -7.78482e-03  9.93691e-01  9.97472e-01
 6.23000e+01  9.96236e-01 -7.80491e-03  1.49060e+00 -7.83440e-03  9.93734e-01  9.97489e-01
 6.24000e+01  9.96261e-01 -7.85417e-03  1.49066e+00 -7.88365e-03  9.93776e-01  9.97506e-01
 6.25000e+01  9.96287e-01 -7.90312e-03  1.49073e+00 -7.93257e-03  9.93819e-01  9.97523e-01
 6.26000e+01  9.96313e-01 -7.95173e-03  1.49079e+00 -7.98116e-03  9.93862e-01  9.97540e-01
 6.27000e+01  9.96339e-01 -8.00001e-03  1.49086e+00 -8.02941e-03  9.93906e-01  9.97558e-01
 6.28000e+01  9.96365e-01 -8.04796e-03  1.49092e+00 -8.07732e-03  9.93950e-01  9.97575e-01
 6.29000e+01  9.96392e-01 -8.09558e-03  1.49099e+00 -8.12489e-03  9.93993e-01  9.97593e-01
 6.30000e+01  9.96418e-01 -8.14286e-03  1.49106e+00 -8.17213e-03  9.94038e-01  9.97611e-01
 6.31000e+01  9.96445e-01 -8.18980e-03  1.49112e+00 -8.21902e-03  9.94082e-01  9.97628e-01
 6.32000e+01  9.96472e-01 -8.23640e-03  1.49119e+00 -8.26556e-03  9.94127e-01  9.97646e-01
 6.33000e+01  9.96499e-01 -8.28266e-03  1.49126e+00 -8.31176e-03  9.94171e-01  9.97664e-01
 6.34000e+01  9.96526e-01 -8.32858e-03  1.49132e+00 -8.35761e-03  9.94216e-01  9.97682e-01
 6.35000e+01  9.96553e-01 -8.37415e-03  1.49139e+00 -8.40311e-03  9.94262e-01  9.97701e-01
 6.36000e+01  9.96580e-01 -8.41937e-03  1.49146e+00 -8.44826e-03  9.94307e-01  9.97719e-01
 6.37000e+01  9.96608e-01 -8.46425e-03  1.49153e+00 -8.49306e-03  9.94353e-01  9.97737e-01
 6.38000e+01  9.96636e-01 -8.50877e-03  1.49160e+00 -8.53749e-03  9.94399e-01  9.97756e-01
 6.39000e+01  9.96663e-01 -8.55294e-03  1.49167e+00 -8.58158e-03  9.94445e-01  9.97774e-01
 6.40000e+01  9.96691e-01 -8.59676e-03  1.49174e+00 -8.62530e-03  9.94491e-01  9.97793e-01
 6.41000e+01  9.96719e-01 -8.64022e-03  1.49181e+00 -8.66866e-03  9.94538e-01  9.97811e-01
 6.42000e+01  9.96747e-01 -8.68333e-03  1.49188e+00 -8.71166e-03  9.94584e-01  9.97830e-01
 6.43000e+01  9.96775e-01 -8.72607e-03  1.49195e+00 -8.75430e-03  9.94631e-01  9.97849e-01
 6.44000e+01  9.96804e-01 -8.76846e-03  1.49202e+00 -8.79657e-03  9.94679e-01  9.97868e-01
 6.45000e+01  9.96832e-01 -8.81048e-03  1.49209e+00 -8.83848e-03  9.94726e-01  9.97887e-01
 6.46000e+01  9.96861e-01 -8.85214e-03  1.49216e+00 -8.88001e-03  9.94773e-01  9.97906e-01
 6.47000e+01  9.96890e-01 -8.89343e-03  1.49223e+00 -8.92118e-03  9.94821e-01  9.97925e-01
 6.48000e+01  9.96918e-01 -8.93436e-03  1.49230e+00 -8.96197e-03  9.94869e-01  9.97944e-01
 6.49000e+01  9.96947e-01 -8.97491e-03  1.49238e+00 -9.00239e-03  9.94917e-01  9.97964e-01
 6.50000e+01  9.96976e-01 -9.01510e-03  1.49245e+00 -9.04244e-03  9.94965e-01  9.97983e-01
 6.51000e+01  9.97005e-01 -9.05491e-03  1.49252e+00 -9.08211e-03  9.95014e-01  9.98002e-01
 6.52000e+01  9.97035e-01 -9.09436e-03  1.49259e+00 -9.12140e-03  9.95063e-01  9.98022e-01
 6.53000e+01  9.97064e-01 -9.13342e-03  1.49267e+00 -9.16032e-03  9.95111e-01  9.98042e-01
 6.54000e+01  9.97094e-01 -9.17211e-03  1.49274e+00 -9.19885e-03  9.95160e-01  9.98061e-01
 6.55000e+01  9.97123e-01 -9.21042e-03  1.49281e+00 -9.23700e-03  9.95210e-01  9.98081e-01
 6.56000e+01  9.97153e-01 -9.24836e-03  1.49289e+00 -9.27477e-03  9.95259e-01  9.98101e-01
 6.57000e+01  9.97183e-01 -9.28591e-03  1.49296e+00 -9.31215e-03  9.95309e-01  9.98121e-01
 6.58000e+01  9.97212e-01 -9.32308e-03  1.49304e+00 -9.34914e-03  9.95358e-01  9.98141e-01
 6.59000e+01  9.97242e-01 -9.35987e-03  1.49311e+00 -9.38575e-03  9.95408e-01  9.98161e-01
 6.60000e+01  9.97272e-01 -9.39627e-03  1.49319e+00 -9.42197e-03  9.95458e-01  9.98181e-01
 6.61000e+01  9.97303e-01 -9.43229e-03  1.49326e+00 -9.45780e-03  9.95508e-01  9.98201e-01
 6.62000e+01  9.97333e-01 -9.46792e-03  1.49334e+00 -9.49324e-03  9.95559e-01  9.98221e-01
 6.63000e+01  9.97363e-01 -9.50316e-03  1.49341e+00 -9.52828e-03  9.95609e-01  9.98241e-01
 6.64000e+01  9.97394e-01 -9.53801e-03  1.49349e+00 -9.56293e-03  9.95660e-01  9.98262e-01
 6.65000e+01  9.97424e-01 -9.57247e-03  1.49357e+00 -9.59719e-03  9.95711e-01  9.98282e-01
 6.66000e+01  9.97455e-01 -9.60654e-03  1.49364e+00 -9.63105e-03  9.95761e-01  9.98302e-01
 6.67000e+01  9.97486e-01 -9.64021e-03  1.49372e+00 -9.66451e-03  9.95813e-01  9.98323e-01
 6.68000e+01  9.97516e-01 -9.67349e-03  1.49380e+00 -9.69757e-03  9.95864e-01  9.98343e-01
 6.69000e+01  9.97547e-01 -9.70637e-03  1.49387e+00 -9.73024e-03  9.95915e-01  9.98364e-01
 6.70000e+01  9.97578e-01 -9.73885e-03  1.49395e+00 -9.76250e-03  9.95967e-01  9.98385e-01
 6.71000e+01  9.97609e-01 -9.77094e-03  1.49403e+00 -9.79436e-03  9.96018e-01  9.98405e-01
 6.72000e+01  9.97640e-01 -9.80262e-03  1.49411e+00 -9.82581e-03  9.96070e-01  9.98426e-01
 6.73000e+01  9.97671e-01 -9.83391e-03  1.49418e+00 -9.85686e-03  9.96122e-01  9.98447e-01
 6.74000e+01  9.97703e-01 -9.86479e-03  1.49426e+00 -9.88751e-03  9.96174e-01  9.98468e-01
 6.75000e+01  9.97734e-01 -9.89527e-03  1.49434e+00 -9.91775e-03  9.96226e-01  9.98489e-01
 6.76000e+01  9.97766e-01 -9.92535e-03  1.49442e+00 -9.94758e-03  9.96278e-01  9.98510e-01
 6.77000e+01  9.97797e-01 -9.95502e-03  1.49450e+00 -9.97700e-03  9.96331e-01  9.98531e-01
 6.78000e+01  9.97829e-01 -9.98428e-03  1.49458e+00 -1.00060e-02  9.96383e-01  9.98552e-01
 6.79000e+01  9.97860e-01 -1.00131e-02  1.49465e+00 -1.00346e-02  9.96436e-01  9.98573e-01
 6.80000e+01  9.97892e-01 -1.00416e-02  1.49473e+00 -1.00628e-02  9.96489e-01  9.98594e-01
 6.81000e+01  9.97924e-01 -1.00696e-02  1.49481e+00 -1.00906e-02  9.96542e-01  9.98615e-01
 6.82000e+01  9.97955e-01 -1.00973e-02  1.49489e+00 -1.01179e-02  9.96595e-01  9.98636e-01
 6.83000e+01  9.97987e-01 -1.01245e-02  1.49497e+00 -1.01449e-02  9.96648e-01  9.98658e-01
 6.84000e+01  9.98019e-01 -1.01513e-02  1.49505e+00 -1.01714e-02  9.96701e-01  9.98679e-01
 6.85000e+01  9.98051e-01 -1.01777e-02  1.49513e+00 -1.01975e-02  9.96754e-01  9.98700e-01
 6.86000e+01  9.98083e-01 -1.02037e-02  1.49521e+00 -1.02232e-02  9.96808e-01  9.98722e-01
 6.87000e+01  9.98116e-01 -1.02292e-02  1.49529e+00 -1.02485e-02  9.96861e-01  9.98743e-01
 6.88000e+01  9.98148e-01 -1.02544e-02  1.49537e+00 -1.02734e-02  9.96915e-01  9.98765e-01
 6.89000e+01  9.98180e-01 -1.02791e-02  1.49545e+00 -1.02978e-02  9.96968e-01  9.98786e-01
 6.90000e+01  9.98212e-01 -1.03034e-02  1.49553e+00 -1.03219e-02  9.97022e-01  9.98808e-01
 6.91000e+01  9.98245e-01 -1.03273e-02  1.49561e+00 -1.03455e-02  9.97076e-01  9.98829e-01
 6.92000e+01  9.98277e-01 -1.03508e-02  1.49569e+00 -1.03686e-02  9.97130e-01  9.98851e-01
 6.93000e+01  9.98309e-01 -1.03738e-02  1.49578e+00 -1.03914e-02  9.97184e-01  9.98872e-01
 6.94000e+01  9.98342e-01 -1.03965e-02  1.49586e+00 -1.04137e-02  9.97238e-01  9.98894e-01
 6.95000e+01  9.98374e-01 -1.04187e-02  1.49594e+00 -1.04357e-02  9.97292e-01  9.98916e-01
 6.96000e+01  9.98407e-01 -1.04405e-02  1.49602e+00 -1.04571e-02  9.97346e-01  9.98938e-01
 6.97000e+01  9.98440e-01 -1.04619e-02  1.49610e+00 -1.04782e-02  9.97401e-01  9.98959e-01
 6.98000e+01  9.98472e-01 -1.04828e-02  1.49618e+00 -1.04988e-02  9.97455e-01  9.98981e-01
 6.99000e+01  9.98505e-01 -1.05033e-02  1.49626e+00 -1.05190e-02  9.97509e-01  9.99003e-01
 7.00000e+01  9.98538e-01 -1.05234e-02  1.49635e+00 -1.05388e-02  9.97564e-01  9.99025e-01
 7.01000e+01  9.98571e-01 -1.05431e-02  1.49643e+00 -1.05582e-02  9.97619e-01  9.99047e-01
 7.02000e+01  9.98603e-01 -1.05623e-02  1.49651e+00 -1.05771e-02  9.97673e-01  9.99069e-01
 7.03000e+01  9.98636e-01 -1.05812e-02  1.49659e+00 -1.05956e-02  9.97728e-01  9.99090e-01
 7.04000e+01  9.98669e-01 -1.05996e-02  1.49667e+00 -1.06137e-02  9.97783e-01  9.99112e-01
 7.05000e+01  9.98702e-01 -1.06175e-02  1.49676e+00 -1.06313e-02  9.97837e-01  9.99134e-01
 7.06000e+01  9.98735e-01 -1.06351e-02  1.49684e+00 -1.06485e-02  9.97892e-01  9.99156e-01
 7.07000e+01  9.98768e-01 -1.06522e-02  1.49692e+00 -1.06653e-02  9.97947e-01  9.99178e-01
 7.08000e+01  9.98801e-01 -1.06688e-02  1.49700e+00 -1.06817e-02  9.98002e-01  9.99200e-01
 7.09000e+01  9.98834e-01 -1.06851e-02  1.49709e+00 -1.06976e-02  9.98057e-01  9.99222e-01
 7.10000e+01  9.98867e-01 -1.07009e-02  1.49717e+00 -1.07131e-02  9.98112e-01  9.99244e-01
 7.11000e+01  9.98900e-01 -1.07163e-02  1.49725e+00 -1.07281e-02  9.98167e-01  9.99266e-01
 7.12000e+01  9.98933e-01 -1.07313e-02  1.49733e+00 -1.07427e-02  9.98222e-01  9.99288e-01
 7.13000e+01  9.98966e-01 -1.07458e-02  1.49742e+00 -1.07569e-02  9.98278e-01  9.99311e-01
 7.14000e+01  9.98999e-01 -1.07599e-02  1.49750e+00 -1.07707e-02  9.98333e-01  9.99333e-01
 7.15000e+01  9.99033e-01 -1.07736e-02  1.49758e+00 -1.07840e-02  9.98388e-01  9.99355e-01
 7.16000e+01  9.99066e-01 -1.07868e-02  1.49766e+00 -1.07969e-02  9.98443e-01  9.99377e-01
 7.17000e+01  9.99099e-01 -1.07996e-02  1.49775e+00 -1.08093e-02  9.98498e-01  9.99399e-01
 7.18000e+01  9.99132e-01 -1.08120e-02  1.49783e+00 -1.08213e-02  9.98554e-01  9.99421e-01
 7.19000e+01  9.99165e-01 -1.08239e-02  1.49791e+00 -1.08329e-02  9.98609e-01  9.99443e-01
 7.20000e+01  9.99198e-01 -1.08354e-02  1.49800e+00 -1.08441e-02  9.98664e-01  9.99465e-01
 7.21000e+01  9.99232e-01 -1.08464e-02  1.49808e+00 -1.08548e-02  9.98720e-01  9.99488e-01
 7.22000e+01  9.99265e-01 -1.08571e-02  1.49816e+00 -1.08651e-02  9.98775e-01  9.99510e-01
 7.23000e+01  9.99298e-01 -1.08673e-02  1.49825e+00 -1.08749e-02  9.98830e-01  9.99532e-01
 7.24000e+01  9.99331e-01 -1.08770e-02  1.49833e+00 -1.08843e-02  9.98886e-01  9.99554e-01
 7.25000e+01  9.99365e-01 -1.08864e-02  1.49841e+00 -1.08933e-02  9.98941e-01  9.99576e-01
 7.26000e+01  9.99398e-01 -1.08953e-02  1.49849e+00 -1.09018e-02  9.98997e-01  9.99598e-01
 7.27000e+01  9.99431e-01 -1.09037e-02  1.49858e+00 -1.09099e-02  9.99052e-01  9.99621e-01
 7.28000e+01  9.99464e-01 -1.09117e-02  1.49866e+00 -1.09176e-02  9.99107e-01  9.99643e-01
 7.29000e+01  9.99498e-01 -1.09193e-02  1.49874e+00 -1.09248e-02  9.99163e-01  9.99665e-01
 7.30000e+01  9.99531e-01 -1.09265e-02  1.49883e+00 -1.09316e-02  9.99218e-01  9.99687e-01
 7.31000e+01  9.99564e-01 -1.09332e-02  1.49891e+00 -1.09380e-02  9.99274e-01  9.99709e-01
 7.32000e+01  9.99597e-01 -1.09395e-02  1.49899e+00 -1.09439e-02  9.99329e-01  9.99731e-01
 7.33000e+01  9.99631e-01 -1.09453e-02  1.49908e+00 -1.09494e-02  9.99384e-01  9.99754e-01
 7.34000e+01  9.99664e-01 -1.09507e-02  1.49916e+00 -1.09544e-02  9.99440e-01  9.99776e-01
 7.35000e+01  9.99697e-01 -1.09557e-02  1.49924e+00 -1.09590e-02  9.99495e-01  9.99798e-01
 7.36000e+01  9.99730e-01 -1.09602e-02  1.49933e+00 -1.09632e-02  9.99550e-01  9.99820e-01
 7.37000e+01  9.99763e-01 -1.09643e-02  1.49941e+00 -1.09669e-02  9.99606e-01  9.99842e-01
 7.38000e+01  9.99797e-01 -1.09680e-02  1.49949e+00 -1.09702e-02  9.99661e-01  9.99864e-01
 7.39000e+01  9.99830e-01 -1.09712e-02  1.49957e+00 -1.09731e-02  9.99716e-01  9.99886e-01
 7.40000e+01  9.99863e-01 -1.09740e-02  1.49966e+00 -1.09755e-02  9.99771e-01  9.99909e-01
 7.41000e+01  9.99896e-01 -1.09764e-02  1.49974e+00 -1.09775e-02  9.99827e-01  9.99931e-01
 7.42000e+01  9.99929e-01 -1.09783e-02  1.49982e+00 -1.09791e-02  9.99882e-01  9.99953e-01
 7.43000e+01  9.99962e-01 -1.09798e-02  1.49991e+00 -1.09802e-02  9.99937e-01  9.99975e-01
 7.44000e+01  9.99995e-01 -1.09809e-02  1.49999e+00 -1.09809e-02  9.99992e-01  9.99997e-01
 7.45000e+01  1.00003e+00 -1.09815e-02  1.50007e+00 -1.09812e-02  1.00005e+00  1.00002e+00
 7.46000e+01  1.00006e+00 -1.09817e-02  1.50015e+00 -1.09810e-02  1.00010e+00  1.00004e+00
 7.47000e+01  1.00009e+00 -1.09814e-02  1.50024e+00 -1.09804e-02  1.00016e+00  1.00006e+00
 7.48000e+01  1.00013e+00 -1.09807e-02  1.50032e+00 -1.09793e-02  1.00021e+00  1.00008e+00
 7.49000e+01  1.00016e+00 -1.09796e-02  1.50040e+00 -1.09779e-02  1.00027e+00  1.00011e+00
 7.50000e+01  1.00019e+00 -1.09781e-02  1.50048e+00 -1.09760e-02  1.00032e+00  1.00013e+00
 7.51000e+01  1.00023e+00 -1.09761e-02  1.50057e+00 -1.09736e-02  1.00038e+00  1.00015e+00
 7.52000e+01  1.00026e+00 -1.09737e-02  1.50065e+00 -1.09708e-02  1.00043e+00  1.00017e+00
 7.53000e+01  1.00029e+00 -1.09708e-02  1.50073e+00 -1.09676e-02  1.00049e+00  1.00019e+00
 7.54000e+01  1.00032e+00 -1.09676e-02  1.50081e+00 -1.09640e-02  1.00054e+00  1.00022e+00
 7.55000e+01  1.00036e+00 -1.09638e-02  1.50089e+00 -1.09599e-02  1.00060e+00  1.00024e+00
 7.56000e+01  1.00039e+00 -1.09597e-02  1.50097e+00 -1.09554e-02  1.00065e+00  1.00026e+00
 7.57000e+01  1.00042e+00 -1.09551e-02  1.50106e+00 -1.09505e-02  1.00070e+00  1.00028e+00
 7.58000e+01  1.00046e+00 -1.09501e-02  1.50114e+00 -1.09451e-02  1.00076e+00  1.00030e+00
 7.59000e+01  1.00049e+00 -1.09447e-02  1.50122e+00 -1.09393e-02  1.00081e+00  1.00033e+00
 7.60000e+01  1.00052e+00 -1.09388e-02  1.50130e+00 -1.09331e-02  1.00087e+00  1.00035e+00
 7.61000e+01  1.00055e+00 -1.09325e-02  1.50138e+00 -1.09265e-02  1.00092e+00  1.00037e+00
 7.62000e+01  1.00059e+00 -1.09258e-02  1.50146e+00 -1.09194e-02  1.00098e+00  1.00039e+00
 7.63000e+01  1.00062e+00 -1.09186e-02  1.50154e+00 -1.09119e-02  1.00103e+00  1.00041e+00
 7.64000e+01  1.00065e+00 -1.09110e-02  1.50163e+00 -1.09040e-02  1.00108e+00  1.00043e+00
 7.65000e+01  1.00068e+00 -1.09030e-02  1.50171e+00 -1.08956e-02  1.00114e+00  1.00045e+00
 7.66000e+01  1.00071e+00 -1.08946e-02  1.50179e+00 -1.08868e-02  1.00119e+00  1.00048e+00
 7.67000e+01  1.00075e+00 -1.08857e-02  1.50187e+00 -1.08776e-02  1.00125e+00  1.00050e+00
 7.68000e+01  1.00078e+00 -1.08764e-02  1.50195e+00 -1.08680e-02  1.00130e+00  1.00052e+00
 7.69000e+01  1.00081e+00 -1.08667e-02  1.50203e+00 -1.08579e-02  1.00135e+00  1.00054e+00
 7.70000e+01  1.00084e+00 -1.08566e-02  1.50211e+00 -1.08474e-02  1.00141e+00  1.00056e+00
 7.71000e+01  1.00088e+00 -1.08460e-02  1.50219e+00 -1.08365e-02  1.00146e+00  1.00058e+00
 7.72000e+01  1.00091e+00 -1.08350e-02  1.50227e+00 -1.08252e-02  1.00151e+00  1.00060e+00
 7.73000e+01  1.00094e+00 -1.08236e-02  1.50235e+00 -1.08135e-02  1.00157e+00  1.00063e+00
 7.74000e+01  1.00097e+00 -1.08118e-02  1.50243e+00 -1.08013e-02  1.00162e+00  1.00065e+00
 7.75000e+01  1.00100e+00 -1.07995e-02  1.50251e+00 -1.07887e-02  1.00167e+00  1.00067e+00
 7.76000e+01  1.00103e+00 -1.07868e-02  1.50259e+00 -1.07757e-02  1.00172e+00  1.00069e+00
 7.77000e+01  1.00107e+00 -1.07737e-02  1.50267e+00 -1.07623e-02  1.00178e+00  1.00071e+00
 7.78000e+01  1.00110e+00 -1.07602e-02  1.50275e+00 -1.07484e-02  1.00183e+00  1.00073e+00
 7.79000e+01  1.00113e+00 -1.07463e-02  1.50282e+00 -1.07342e-02  1.00188e+00  1.00075e+00
 7.80000e+01  1.00116e+00 -1.07319e-02  1.50290e+00 -1.07195e-02  1.00194e+00  1.00077e+00
 7.81000e+01  1.00119e+00 -1.07172e-02  1.50298e+00 -1.07044e-02  1.00199e+00  1.00079e+00
 7.82000e+01  1.00122e+00 -1.07020e-02  1.50306e+00 -1.06889e-02  1.00204e+00  1.00082e+00
 7.83000e+01  1.00125e+00 -1.06864e-02  1.50314e+00 -1.06730e-02  1.00209e+00  1.00084e+00
 7.84000e+01  1.00129e+00 -1.06703e-02  1.50322e+00 -1.06566e-02  1.00214e+00  1.00086e+00
 7.85000e+01  1.00132e+00 -1.06539e-02  1.50329e+00 -1.06399e-02  1.00220e+00  1.00088e+00
 7.86000e+01  1.00135e+00 -1.06371e-02  1.50337e+00 -1.06227e-02  1.00225e+00  1.00090e+00
 7.87000e+01  1.00138e+00 -1.06198e-02  1.50345e+00 -1.06052e-02  1.00230e+00  1.00092e+00
 7.88000e+01  1.00141e+00 -1.06021e-02  1.50353e+00 -1.05872e-02  1.00235e+00  1.00094e+00
 7.89000e+01  1.00144e+00 -1.05840e-02  1.50360e+00 -1.05688e-02  1.00240e+00  1.00096e+00
 7.90000e+01  1.00147e+00 -1.05656e-02  1.50368e+00 -1.05500e-02  1.00245e+00  1.00098e+00
 7.91000e+01  1.00150e+00 -1.05467e-02  1.50376e+00 -1.05308e-02  1.00251e+00  1.00100e+00
 7.92000e+01  1.00153e+00 -1.05273e-02  1.50383e+00 -1.05112e-02  1.00256e+00  1.00102e+00
 7.93000e+01  1.00156e+00 -1.05076e-02  1.50391e+00 -1.04912e-02  1.00261e+00  1.00104e+00
 7.94000e+01  1.00159e+00 -1.04875e-02  1.50399e+00 -1.04708e-02  1.00266e+00  1.00106e+00
 7.95000e+01  1.00162e+00 -1.04670e-02  1.50406e+00 -1.04500e-02  1.00271e+00  1.00108e+00
 7.96000e+01  1.00165e+00 -1.04460e-02  1.50414e+00 -1.04288e-02  1.00276e+00  1.00110e+00
 7.97000e+01  1.00169e+00 -1.04247e-02  1.50421e+00 -1.04072e-02  1.00281e+00  1.00112e+00
 7.98000e+01  1.00172e+00 -1.04030e-02  1.50429e+00 -1.03852e-02  1.00286e+00  1.00114e+00
 7.99000e+01  1.00175e+00 -1.03808e-02  1.50437e+00 -1.03627e-02  1.00291e+00  1.00116e+00
 8.00000e+01  1.00178e+00 -1.03583e-02  1.50444e+00 -1.03399e-02  1.00296e+00  1.00118e+00
 8.01000e+01  1.00181e+00 -1.03354e-02  1.50452e+00 -1.03167e-02  1.00301e+00  1.00120e+00
 8.02000e+01  1.00183e+00 -1.03120e-02  1.50459e+00 -1.02931e-02  1.00306e+00  1.00122e+00
 8.03000e+01  1.00186e+00 -1.02883e-02  1.50466e+00 -1.02691e-02  1.00311e+00  1.00124e+00
 8.04000e+01  1.00189e+00 -1.02642e-02  1.50474e+00 -1.02448e-02  1.00316e+00  1.00126e+00
 8.05000e+01  1.00192e+00 -1.02396e-02  1.50481e+00 -1.02200e-02  1.00321e+00  1.00128e+00
 8.06000e+01  1.00195e+00 -1.02147e-02  1.50489e+00 -1.01948e-02  1.00326e+00  1.00130e+00
 8.07000e+01  1.00198e+00 -1.01894e-02  1.50496e+00 -1.01692e-02  1.00331e+00  1.00132e+00
 8.08000e+01  1.00201e+00 -1.01637e-02  1.50503e+00 -1.01433e-02  1.00336e+00  1.00134e+00
 8.09000e+01  1.00204e+00 -1.01376e-02  1.50511e+00 -1.01170e-02  1.00340e+00  1.00136e+00
 8.10000e+01  1.00207e+00 -1.01111e-02  1.50518e+00 -1.00903e-02  1.00345e+00  1.00138e+00
 8.11000e+01  1.00210e+00 -1.00843e-02  1.50525e+00 -1.00632e-02  1.00350e+00  1.00140e+00
 8.12000e+01  1.00213e+00 -1.00570e-02  1.50532e+00 -1.00357e-02  1.00355e+00  1.00142e+00
 8.13000e+01  1.00216e+00 -1.00294e-02  1.50540e+00 -1.00078e-02  1.00360e+00  1.00144e+00
 8.14000e+01  1.00219e+00 -1.00014e-02  1.50547e+00 -9.97955e-03  1.00364e+00  1.00146e+00
 8.15000e+01  1.00221e+00 -9.97295e-03  1.50554e+00 -9.95092e-03  1.00369e+00  1.00148e+00
 8.16000e+01  1.00224e+00 -9.94416e-03  1.50561e+00 -9.92192e-03  1.00374e+00  1.00149e+00
 8.17000e+01  1.00227e+00 -9.91500e-03  1.50568e+00 -9.89254e-03  1.00379e+00  1.00151e+00
 8.18000e+01  1.00230e+00 -9.88545e-03  1.50575e+00 -9.86278e-03  1.00383e+00  1.00153e+00
 8.19000e+01  1.00233e+00 -9.85553e-03  1.50582e+00 -9.83265e-03  1.00388e+00  1.00155e+00
 8.20000e+01  1.00235e+00 -9.82523e-03  1.50589e+00 -9.80214e-03  1.00393e+00  1.00157e+00
 8.21000e+01  1.00238e+00 -9.79455e-03  1.50596e+00 -9.77127e-03  1.00397e+00  1.00159e+00
 8.22000e+01  1.00241e+00 -9.76350e-03  1.50603e+00 -9.74002e-03  1.00402e+00  1.00161e+00
 8.23000e+01  1.00244e+00 -9.73208e-03  1.50610e+00 -9.70841e-03  1.00407e+00  1.00163e+00
 8.24000e+01  1.00247e+00 -9.70029e-03  1.50617e+00 -9.67643e-03  1.00411e+00  1.00164e+00
 8.25000e+01  1.00249e+00 -9.66813e-03  1.50624e+00 -9.64408e-03  1.00416e+00  1.00166e+00
 8.26000e+01  1.00252e+00 -9.63560e-03  1.50631e+00 -9.61137e-03  1.00421e+00  1.00168e+00
 8.27000e+01  1.00255e+00 -9.60270e-03  1.50638e+00 -9.57830e-03  1.00425e+00  1.00170e+00
 8.28000e+01  1.00258e+00 -9.56944e-03  1.50644e+00 -9.54486e-03  1.00430e+00  1.00172e+00
 8.29000e+01  1.00260e+00 -9.53582e-03  1.50651e+00 -9.51106e-03  1.00434e+00  1.00173e+00
 8.30000e+01  1.00263e+00 -9.50183e-03  1.50658e+00 -9.47691e-03  1.00439e+00  1.00175e+00
 8.31000e+01  1.00266e+00 -9.46748e-03  1.50665e+00 -9.44240e-03  1.00443e+00  1.00177e+00
 8.32000e+01  1.00268e+00 -9.43277e-03  1.50671e+00 -9.40753e-03  1.00448e+00  1.00179e+00
 8.33000e+01  1.00271e+00 -9.39771e-03  1.50678e+00 -9.37231e-03  1.00452e+00  1.00181e+00
 8.34000e+01  1.00274e+00 -9.36228e-03  1.50685e+00 -9.33674e-03  1.00456e+00  1.00182e+00
 8.35000e+01  1.00276e+00 -9.32650e-03  1.50691e+00 -9.30081e-03  1.00461e+00  1.00184e+00
 8.36000e+01  1.00279e+00 -9.29037e-03  1.50698e+00 -9.26454e-03  1.00465e+00  1.00186e+00
 8.37000e+01  1.00282e+00 -9.25389e-03  1.50704e+00 -9.22791e-03  1.00470e+00  1.00188e+00
 8.38000e+01  1.00284e+00 -9.21705e-03  1.50711e+00 -9.19094e-03  1.00474e+00  1.00189e+00
 8.39000e+01  1.00287e+00 -9.17987e-03  1.50717e+00 -9.15363e-03  1.00478e+00  1.00191e+00
 8.40000e+01  1.00289e+00 -9.14234e-03  1.50724e+00 -9.11597e-03  1.00483e+00  1.00193e+00
 8.41000e+01  1.00292e+00 -9.10446e-03  1.50730e+00 -9.07797e-03  1.00487e+00  1.00194e+00
 8.42000e+01  1.00294e+00 -9.06624e-03  1.50737e+00 -9.03963e-03  1.00491e+00  1.00196e+00
 8.43000e+01  1.00297e+00 -9.02768e-03  1.50743e+00 -9.00095e-03  1.00495e+00  1.00198e+00
 8.44000e+01  1.00299e+00 -8.98878e-03  1.50749e+00 -8.96194e-03  1.00500e+00  1.00200e+00
 8.45000e+01  1.00302e+00 -8.94953e-03  1.50756e+00 -8.92259e-03  1.00504e+00  1.00201e+00
 8.46000e+01  1.00304e+00 -8.90995e-03  1.50762e+00 -8.88290e-03  1.00508e+00  1.00203e+00
 8.47000e+01  1.00307e+00 -8.87003e-03  1.50768e+00 -8.84289e-03  1.00512e+00  1.00205e+00
 8.48000e+01  1.00309e+00 -8.82978e-03  1.50774e+00 -8.80254e-03  1.00516e+00  1.00206e+00
 8.49000e+01  1.00312e+00 -8.78919e-03  1.50781e+00 -8.76186e-03  1.00520e+00  1.00208e+00
 8.50000e+01  1.00314e+00 -8.74828e-03  1.50787e+00 -8.72086e-03  1.00525e+00  1.00209e+00
 8.51000e+01  1.00317e+00 -8.70703e-03  1.50793e+00 -8.67953e-03  1.00529e+00  1.00211e+00
 8.52000e+01  1.00319e+00 -8.66546e-03  1.50799e+00 -8.63788e-03  1.00533e+00  1.00213e+00
 8.53000e+01  1.00322e+00 -8.62356e-03  1.50805e+00 -8.59591e-03  1.00537e+00  1.00214e+00
 8.54000e+01  1.00324e+00 -8.58133e-03  1.50811e+00 -8.55361e-03  1.00541e+00  1.00216e+00
 8.55000e+01  1.00326e+00 -8.53879e-03  1.50817e+00 -8.51100e-03  1.00545e+00  1.00218e+00
 8.56000e+01  1.00329e+00 -8.49592e-03  1.50823e+00 -8.46807e-03  1.00549e+00  1.00219e+00
 8.57000e+01  1.00331e+00 -8.45273e-03  1.50829e+00 -8.42483e-03  1.00553e+00  1.00221e+00
 8.58000e+01  1.00334e+00 -8.40922e-03  1.50835e+00 -8.38127e-03  1.00557e+00  1.00222e+00
 8.59000e+01  1.00336e+00 -8.36540e-03  1.50841e+00 -8.33740e-03  1.00560e+00  1.00224e+00
 8.60000e+01  1.00338e+00 -8.32127e-03  1.50846e+00 -8.29322e-03  1.00564e+00  1.00225e+00
 8.61000e+01  1.00341e+00 -8.27682e-03  1.50852e+00 -8.24873e-03  1.00568e+00  1.00227e+00
 8.62000e+01  1.00343e+00 -8.23206e-03  1.50858e+00 -8.20394e-03  1.00572e+00  1.00228e+00
 8.63000e+01  1.00345e+00 -8.18700e-03  1.50864e+00 -8.15884e-03  1.00576e+00  1.00230e+00
 8.64000e+01  1.00347e+00 -8.14162e-03  1.50869e+00 -8.11344e-03  1.00580e+00  1.00231e+00
 8.65000e+01  1.00350e+00 -8.09595e-03  1.50875e+00 -8.06774e-03  1.00583e+00  1.00233e+00
 8.66000e+01  1.00352e+00 -8.04997e-03  1.50881e+00 -8.02174e-03  1.00587e+00  1.00234e+00
 8.67000e+01  1.00354e+00 -8.00368e-03  1.50886e+00 -7.97544e-03  1.00591e+00  1.00236e+00
 8.68000e+01  1.00356e+00 -7.95710e-03  1.50892e+00 -7.92885e-03  1.00595e+00  1.00237e+00
 8.69000e+01  1.00358e+00 -7.91022e-03  1.50897e+00 -7.88197e-03  1.00598e+00  1.00239e+00
 8.70000e+01  1.00361e+00 -7.86305e-03  1.50903e+00 -7.83479e-03  1.00602e+00  1.00240e+00
 8.71000e+01  1.00363e+00 -7.81558e-03  1.50908e+00 -7.78732e-03  1.00605e+00  1.00242e+00
 8.72000e+01  1.00365e+00 -7.76782e-03  1.50914e+00 -7.73957e-03  1.00609e+00  1.00243e+00
 8.73000e+01  1.00367e+00 -7.71976e-03  1.50919e+00 -7.69153e-03  1.00613e+00  1.00245e+00
 8.74000e+01  1.00369e+00 -7.67143e-03  1.50924e+00 -7.64320e-03  1.00616e+00  1.00246e+00
 8.75000e+01  1.00371e+00 -7.62280e-03  1.50930e+00 -7.59460e-03  1.00620e+00  1.00247e+00
 8.76000e+01  1.00373e+00 -7.57389e-03  1.50935e+00 -7.54571e-03  1.00623e+00  1.00249e+00
 8.77000e+01  1.00376e+00 -7.52470e-03  1.50940e+00 -7.49654e-03  1.00627e+00  1.00250e+00
 8.78000e+01  1.00378e+00 -7.47522e-03  1.50945e+00 -7.44710e-03  1.00630e+00  1.00252e+00
 8.79000e+01  1.00380e+00 -7.42547e-03  1.50950e+00 -7.39739e-03  1.00634e+00  1.00253e+00
 8.80000e+01  1.00382e+00 -7.37544e-03  1.50955e+00 -7.34740e-03  1.00637e+00  1.00254e+00
 8.81000e+01  1.00384e+00 -7.32514e-03  1.50961e+00 -7.29714e-03  1.00640e+00  1.00256e+00
 8.82000e+01  1.00386e+00 -7.27456e-03  1.50966e+00 -7.24661e-03  1.00644e+00  1.00257e+00
 8.83000e+01  1.00388e+00 -7.22372e-03  1.50971e+00 -7.19582e-03  1.00647e+00  1.00258e+00
 8.84000e+01  1.00390e+00 -7.17260e-03  1.50976e+00 -7.14476e-03  1.00650e+00  1.00260e+00
 8.85000e+01  1.00392e+00 -7.12122e-03  1.50980e+00 -7.09344e-03  1.00654e+00  1.00261e+00
 8.86000e+01  1.00394e+00 -7.06957e-03  1.50985e+00 -7.04186e-03  1.00657e+00  1.00262e+00
 8.87000e+01  1.00396e+00 -7.01766e-03  1.50990e+00 -6.99002e-03  1.00660e+00  1.00264e+00
 8.88000e+01  1.00397e+00 -6.96549e-03  1.50995e+00 -6.93792e-03  1.00663e+00  1.00265e+00
 8.89000e+01  1.00399e+00 -6.91307e-03  1.51000e+00 -6.88557e-03  1.00667e+00  1.00266e+00
 8.90000e+01  1.00401e+00 -6.86038e-03  1.51005e+00 -6.83296e-03  1.00670e+00  1.00267e+00
 8.91000e+01  1.00403e+00 -6.80744e-03  1.51009e+00 -6.78011e-03  1.00673e+00  1.00269e+00
 8.92000e+01  1.00405e+00 -6.75425e-03  1.51014e+00 -6.72700e-03  1.00676e+00  1.00270e+00
 8.93000e+01  1.00407e+00 -6.70080e-03  1.51018e+00 -6.67365e-03  1.00679e+00  1.00271e+00
 8.94000e+01  1.00409e+00 -6.64711e-03  1.51023e+00 -6.62006e-03  1.00682e+00  1.00272e+00
 8.95000e+01  1.00410e+00 -6.59317e-03  1.51028e+00 -6.56622e-03  1.00685e+00  1.00273e+00
 8.96000e+01  1.00412e+00 -6.53899e-03  1.51032e+00 -6.51214e-03  1.00688e+00  1.00275e+00
 8.97000e+01  1.00414e+00 -6.48457e-03  1.51037e+00 -6.45783e-03  1.00691e+00  1.00276e+00
 8.98000e+01  1.00416e+00 -6.42990e-03  1.51041e+00 -6.40328e-03  1.00694e+00  1.00277e+00
 8.99000e+01  1.00418e+00 -6.37500e-03  1.51045e+00 -6.34849e-03  1.00697e+00  1.00278e+00
 9.00000e+01  1.00419e+00 -6.31986e-03  1.51050e+00 -6.29347e-03  1.00700e+00  1.00279e+00
 9.01000e+01  1.00421e+00 -6.26449e-03  1.51054e+00 -6.23822e-03  1.00703e+00  1.00280e+00
 9.02000e+01  1.00423e+00 -6.20888e-03  1.51058e+00 -6.18275e-03  1.00706e+00  1.00282e+00
 9.03000e+01  1.00424e+00 -6.15305e-03  1.51063e+00 -6.12705e-03  1.00708e+00  1.00283e+00
 9.04000e+01  1.00426e+00 -6.09699e-03  1.51067e+00 -6.07112e-03  1.00711e+00  1.00284e+00
 9.05000e+01  1.00428e+00 -6.04070e-03  1.51071e+00 -6.01497e-03  1.00714e+00  1.00285e+00
 9.06000e+01  1.00429e+00 -5.98419e-03  1.51075e+00 -5.95861e-03  1.00717e+00  1.00286e+00
 9.07000e+01  1.00431e+00 -5.92746e-03  1.51079e+00 -5.90202e-03  1.00719e+00  1.00287e+00
 9.08000e+01  1.00433e+00 -5.87051e-03  1.51083e+00 -5.84522e-03  1.00722e+00  1.00288e+00
 9.09000e+01  1.00434e+00 -5.81334e-03  1.51087e+00 -5.78821e-03  1.00725e+00  1.00289e+00
 9.10000e+01  1.00436e+00 -5.75596e-03  1.51091e+00 -5.73099e-03  1.00727e+00  1.00290e+00
 9.11000e+01  1.00437e+00 -5.69837e-03  1.51095e+00 -5.67356e-03  1.00730e+00  1.00291e+00
 9.12000e+01  1.00439e+00 -5.64057e-03  1.51099e+00 -5.61592e-03  1.00732e+00  1.00292e+00
 9.13000e+01  1.00440e+00 -5.58255e-03  1.51103e+00 -5.55808e-03  1.00735e+00  1.00293e+00
 9.14000e+01  1.00442e+00 -5.52434e-03  1.51106e+00 -5.50003e-03  1.00738e+00  1.00294e+00
 9.15000e+01  1.00443e+00 -5.46592e-03  1.51110e+00 -5.44179e-03  1.00740e+00  1.00295e+00
 9.16000e+01  1.00445e+00 -5.40729e-03  1.51114e+00 -5.38335e-03  1.00743e+00  1.00296e+00
 9.17000e+01  1.00446e+00 -5.34847e-03  1.51117e+00 -5.32471e-03  1.00745e+00  1.00297e+00
 9.18000e+01  1.00448e+00 -5.28945e-03  1.51121e+00 -5.26588e-03  1.00747e+00  1.00298e+00
 9.19000e+01  1.00449e+00 -5.23024e-03  1.51125e+00 -5.20685e-03  1.00750e+00  1.00299e+00
 9.20000e+01  1.00451e+00 -5.17084e-03  1.51128e+00 -5.14764e-03  1.00752e+00  1.00300e+00
 9.21000e+01  1.00452e+00 -5.11124e-03  1.51132e+00 -5.08824e-03  1.00754e+00  1.00301e+00
 9.22000e+01  1.00453e+00 -5.05146e-03  1.51135e+00 -5.02866e-03  1.00757e+00  1.00302e+00
 9.23000e+01  1.00455e+00 -4.99149e-03  1.51139e+00 -4.96889e-03  1.00759e+00  1.00303e+00
 9.24000e+01  1.00456e+00 -4.93133e-03  1.51142e+00 -4.90894e-03  1.00761e+00  1.00304e+00
 9.25000e+01  1.00457e+00 -4.87100e-03  1.51145e+00 -4.84882e-03  1.00763e+00  1.00305e+00
 9.26000e+01  1.00459e+00 -4.81048e-03  1.51149e+00 -4.78852e-03  1.00766e+00  1.00306e+00
 9.27000e+01  1.00460e+00 -4.74979e-03  1.51152e+00 -4.72805e-03  1.00768e+00  1.00306e+00
 9.28000e+01  1.00461e+00 -4.68893e-03  1.51155e+00 -4.66740e-03  1.00770e+00  1.00307e+00
 9.29000e+01  1.00463e+00 -4.62789e-03  1.51158e+00 -4.60659e-03  1.00772e+00  1.00308e+00
 9.30000e+01  1.00464e+00 -4.56668e-03  1.51161e+00 -4.54560e-03  1.00774e+00  1.00309e+00
 9.31000e+01  1.00465e+00 -4.50531e-03  1.51164e+00 -4.48446e-03  1.00776e+00  1.00310e+00
 9.32000e+01  1.00466e+00 -4.44377e-03  1.51167e+00 -4.42315e-03  1.00778e+00  1.00311e+00
 9.33000e+01  1.00467e+00 -4.38207e-03  1.51170e+00 -4.36168e-03  1.00780e+00  1.00311e+00
 9.34000e+01  1.00469e+00 -4.32020e-03  1.51173e+00 -4.30005e-03  1.00782e+00  1.00312e+00
 9.35000e+01  1.00470e+00 -4.25818e-03  1.51176e+00 -4.23827e-03  1.00784e+00  1.00313e+00
 9.36000e+01  1.00471e+00 -4.19600e-03  1.51179e+00 -4.17634e-03  1.00786e+00  1.00314e+00
 9.37000e+01  1.00472e+00 -4.13367e-03  1.51182e+00 -4.11425e-03  1.00788e+00  1.00314e+00
 9.38000e+01  1.00473e+00 -4.07119e-03  1.51185e+00 -4.05202e-03  1.00790e+00  1.00315e+00
 9.39000e+01  1.00474e+00 -4.00855e-03  1.51187e+00 -3.98963e-03  1.00792e+00  1.00316e+00
 9.40000e+01  1.00475e+00 -3.94577e-03  1.51190e+00 -3.92711e-03  1.00793e+00  1.00317e+00
 9.41000e+01  1.00476e+00 -3.88285e-03  1.51193e+00 -3.86444e-03  1.00795e+00  1.00317e+00
 9.42000e+01  1.00477e+00 -3.81978e-03  1.51195e+00 -3.80163e-03  1.00797e+00  1.00318e+00
 9.43000e+01  1.00478e+00 -3.75657e-03  1.51198e+00 -3.73869e-03  1.00799e+00  1.00319e+00
 9.44000e+01  1.00479e+00 -3.69323e-03  1.51200e+00 -3.67561e-03  1.00800e+00  1.00319e+00
 9.45000e+01  1.00480e+00 -3.62975e-03  1.51203e+00 -3.61240e-03  1.00802e+00  1.00320e+00
 9.46000e+01  1.00481e+00 -3.56614e-03  1.51205e+00 -3.54906e-03  1.00803e+00  1.00321e+00
 9.47000e+01  1.00482e+00 -3.50240e-03  1.51208e+00 -3.48559e-03  1.00805e+00  1.00321e+00
 9.48000e+01  1.00483e+00 -3.43852e-03  1.51210e+00 -3.42199e-03  1.00807e+00  1.00322e+00
 9.49000e+01  1.00484e+00 -3.37453e-03  1.51212e+00 -3.35827e-03  1.00808e+00  1.00322e+00
 9.50000e+01  1.00485e+00 -3.31041e-03  1.51215e+00 -3.29443e-03  1.00810e+00  1.00323e+00
 9.51000e+01  1.00486e+00 -3.24617e-03  1.51217e+00 -3.23047e-03  1.00811e+00  1.00324e+00
 9.52000e+01  1.00487e+00 -3.18181e-03  1.51219e+00 -3.16639e-03  1.00813e+00  1.00324e+00
 9.53000e+01  1.00488e+00 -3.11733e-03  1.51221e+00 -3.10220e-03  1.00814e+00  1.00325e+00
 9.54000e+01  1.00488e+00 -3.05274e-03  1.51223e+00 -3.03790e-03  1.00815e+00  1.00325e+00
 9.55000e+01  1.00489e+00 -2.98804e-03  1.51225e+00 -2.97349e-03  1.00817e+00  1.00326e+00
 9.56000e+01  1.00490e+00 -2.92323e-03  1.51227e+00 -2.90897e-03  1.00818e+00  1.00326e+00
 9.57000e+01  1.00491e+00 -2.85831e-03  1.51229e+00 -2.84435e-03  1.00819e+00  1.00327e+00
 9.58000e+01  1.00492e+00 -2.79329e-03  1.51231e+00 -2.77962e-03  1.00821e+00  1.00327e+00
 9.59000e+01  1.00492e+00 -2.72816e-03  1.51233e+00 -2.71480e-03  1.00822e+00  1.00328e+00
 9.60000e+01  1.00493e+00 -2.66294e-03  1.51235e+00 -2.64987e-03  1.00823e+00  1.00328e+00
 9.61000e+01  1.00494e+00 -2.59762e-03  1.51236e+00 -2.58485e-03  1.00824e+00  1.00329e+00
 9.62000e+01  1.00494e+00 -2.53220e-03  1.51238e+00 -2.51974e-03  1.00825e+00  1.00329e+00
 9.63000e+01  1.00495e+00 -2.46669e-03  1.51240e+00 -2.45454e-03  1.00827e+00  1.00330e+00
 9.64000e+01  1.00496e+00 -2.40109e-03  1.51241e+00 -2.38925e-03  1.00828e+00  1.00330e+00
 9.65000e+01  1.00496e+00 -2.33541e-03  1.51243e+00 -2.32387e-03  1.00829e+00  1.00331e+00
 9.66000e+01  1.00497e+00 -2.26964e-03  1.51245e+00 -2.25841e-03  1.00830e+00  1.00331e+00
 9.67000e+01  1.00498e+00 -2.20378e-03  1.51246e+00 -2.19287e-03  1.00831e+00  1.00331e+00
 9.68000e+01  1.00498e+00 -2.13785e-03  1.51248e+00 -2.12725e-03  1.00832e+00  1.00332e+00
 9.69000e+01  1.00499e+00 -2.07183e-03  1.51249e+00 -2.06155e-03  1.00833e+00  1.00332e+00
 9.70000e+01  1.00499e+00 -2.00575e-03  1.51250e+00 -1.99578e-03  1.00834e+00  1.00333e+00
 9.71000e+01  1.00500e+00 -1.93958e-03  1.51252e+00 -1.92994e-03  1.00834e+00  1.00333e+00
 9.72000e+01  1.00500e+00 -1.87335e-03  1.51253e+00 -1.86403e-03  1.00835e+00  1.00333e+00
 9.73000e+01  1.00501e+00 -1.80705e-03  1.51254e+00 -1.79805e-03  1.00836e+00  1.00334e+00
 9.74000e+01  1.00501e+00 -1.74069e-03  1.51255e+00 -1.73200e-03  1.00837e+00  1.00334e+00
 9.75000e+01  1.00502e+00 -1.67426e-03  1.51257e+00 -1.66590e-03  1.00838e+00  1.00334e+00
 9.76000e+01  1.00502e+00 -1.60776e-03  1.51258e+00 -1.59973e-03  1.00838e+00  1.00335e+00
 9.77000e+01  1.00503e+00 -1.54121e-03  1.51259e+00 -1.53351e-03  1.00839e+00  1.00335e+00
 9.78000e+01  1.00503e+00 -1.47461e-03  1.51260e+00 -1.46723e-03  1.00840e+00  1.00335e+00
 9.79000e+01  1.00503e+00 -1.40795e-03  1.51261e+00 -1.40090e-03  1.00840e+00  1.00335e+00
 9.80000e+01  1.00504e+00 -1.34124e-03  1.51262e+00 -1.33452e-03  1.00841e+00  1.00336e+00
 9.81000e+01  1.00504e+00 -1.27448e-03  1.51262e+00 -1.26809e-03  1.00842e+00  1.00336e+00
 9.82000e+01  1.00504e+00 -1.20767e-03  1.51263e+00 -1.20161e-03  1.00842e+00  1.00336e+00
 9.83000e+01  1.00505e+00 -1.14082e-03  1.51264e+00 -1.13509e-03  1.00843e+00  1.00336e+00
 9.84000e+01  1.00505e+00 -1.07393e-03  1.51265e+00 -1.06853e-03  1.00843e+00  1.00336e+00
 9.85000e+01  1.00505e+00 -1.00700e-03  1.51266e+00 -1.00194e-03  1.00844e+00  1.00337e+00
 9.86000e+01  1.00506e+00 -9.40032e-04  1.51266e+00 -9.35303e-04  1.00844e+00  1.00337e+00
 9.87000e+01  1.00506e+00 -8.73030e-04  1.51267e+00 -8.68636e-04  1.00845e+00  1.00337e+00
 9.88000e+01  1.00506e+00 -8.05996e-04  1.51267e+00 -8.01938e-04  1.00845e+00  1.00337e+00
 9.89000e+01  1.00506e+00 -7.38933e-04  1.51268e+00 -7.35211e-04  1.00845e+00  1.00337e+00
 9.90000e+01  1.00506e+00 -6.71843e-04  1.51268e+00 -6.68457e-04  1.00846e+00  1.00337e+00
 9.91000e+01  1.00507e+00 -6.04728e-04  1.51269e+00 -6.01680e-04  1.00846e+00  1.00337e+00
 9.92000e+01  1.00507e+00 -5.37592e-04  1.51269e+00 -5.34881e-04  1.00846e+00  1.00338e+00
 9.93000e+01  1.00507e+00 -4.70436e-04  1.51269e+00 -4.68063e-04  1.00846e+00  1.00338e+00
 9.94000e+01  1.00507e+00 -4.03262e-04  1.51270e+00 -4.01228e-04  1.00847e+00  1.00338e+00
 9.95000e+01  1.00507e+00 -3.36074e-04  1.51270e+00 -3.34379e-04  1.00847e+00  1.00338e+00
 9.96000e+01  1.00507e+00 -2.68874e-04  1.51270e+00 -2.67517e-04  1.00847e+00  1.00338e+00
 9.97000e+01  1.00507e+00 -2.01664e-04  1.51270e+00 -2.00646e-04  1.00847e+00  1.00338e+00
 9.98000e+01  1.00507e+00 -1.34447e-04  1.51271e+00 -1.33768e-04  1.00847e+00  1.00338e+00
 9.99000e+01  1.00507e+00 -6.72247e-05  1.51271e+00 -6.68853e-05  1.00847e+00  1.00338e+00
