 0.00000e+00  2.11168e-01 -2.13871e-16  9.77345e-02 -1.01280e-15  7.56926e-02  4.49331e-01
 5.00000e-01  2.11162e-01 -6.24693e-05  9.77359e-02 -2.95835e-04  7.56933e-02  4.49339e-01
 1.00000e+00  2.11147e-01 -1.24881e-04  9.77400e-02 -5.91439e-04  7.56954e-02  4.49365e-01
 1.50000e+00  2.11121e-01 -1.87175e-04  9.77470e-02 -8.86580e-04  7.56990e-02  4.49408e-01
 2.00000e+00  2.11084e-01 -2.49296e-04  9.77567e-02 -1.18102e-03  7.57040e-02  4.49467e-01
 2.50000e+00  2.11037e-01 -3.11183e-04  9.77691e-02 -1.47454e-03  7.57105e-02  4.49544e-01
 3.00000e+00  2.10980e-01 -3.72779e-04  9.77842e-02 -1.76689e-03  7.57183e-02  4.49637e-01
 3.50000e+00  2.10913e-01 -4.34025e-04  9.78021e-02 -2.05784e-03  7.57275e-02  4.49748e-01
 4.00000e+00  2.10835e-01 -4.94862e-04  9.78226e-02 -2.34716e-03  7.57381e-02  4.49875e-01
 4.50000e+00  2.10747e-01 -5.55231e-04  9.78457e-02 -2.63459e-03  7.57500e-02  4.50018e-01
 5.00000e+00  2.10649e-01 -6.15074e-04  9.78714e-02 -2.91990e-03  7.57632e-02  4.50179e-01
 5.50000e+00  2.10541e-01 -6.74329e-04  9.78997e-02 -3.20285e-03  7.57777e-02  4.50355e-01
 6.00000e+00  2.10422e-01 -7.32939e-04  9.79305e-02 -3.48318e-03  7.57934e-02  4.50548e-01
 6.50000e+00  2.10294e-01 -7.90844e-04  9.79637e-02 -3.76065e-03  7.58104e-02  4.50757e-01
 7.00000e+00  2.10157e-01 -8.47983e-04  9.79993e-02 -4.03501e-03  7.58285e-02  4.50981e-01
 7.50000e+00  2.10009e-01 -9.04297e-04  9.80372e-02 -4.30599e-03  7.58478e-02  4.51222e-01
 8.00000e+00  2.09852e-01 -9.59727e-04  9.80775e-02 -4.57336e-03  7.58682e-02  4.51478e-01
 8.50000e+00  2.09685e-01 -1.01421e-03  9.81199e-02 -4.83683e-03  7.58896e-02  4.51749e-01
 9.00000e+00  2.09509e-01 -1.06769e-03  9.81644e-02 -5.09617e-03  7.59121e-02  4.52036e-01
 9.50000e+00  2.09324e-01 -1.12011e-03  9.82110e-02 -5.35110e-03  7.59355e-02  4.52337e-01
 1.00000e+01  2.09130e-01 -1.17141e-03  9.82597e-02 -5.60137e-03  7.59598e-02  4.52653e-01
 1.05000e+01  2.08927e-01 -1.22153e-03  9.83102e-02 -5.84671e-03  7.59850e-02  4.52984e-01
 1.10000e+01  2.08715e-01 -1.27042e-03  9.83625e-02 -6.08685e-03  7.60110e-02  4.53328e-01
 1.15000e+01  2.08494e-01 -1.31801e-03  9.84166e-02 -6.32155e-03  7.60378e-02  4.53686e-01
 1.20000e+01  2.08265e-01 -1.36425e-03  9.84724e-02 -6.55053e-03  7.60653e-02  4.54058e-01
 1.25000e+01  2.08028e-01 -1.40909e-03  9.85297e-02 -6.77354e-03  7.60934e-02  4.54443e-01
 1.30000e+01  2.07783e-01 -1.45247e-03  9.85885e-02 -6.99032e-03  7.61221e-02  4.54841e-01
 1.35000e+01  2.07530e-01 -1.49435e-03  9.86488e-02 -7.20062e-03  7.61514e-02  4.55251e-01
 1.40000e+01  2.07270e-01 -1.53466e-03  9.87103e-02 -7.40419e-03  7.61811e-02  4.55674e-01
 1.45000e+01  2.07002e-01 -1.57338e-03  9.87731e-02 -7.60079e-03  7.62113e-02  4.56108e-01
 1.50000e+01  2.06727e-01 -1.61044e-03  9.88369e-02 -7.79016e-03  7.62419e-02  4.56554e-01
 1.55000e+01  2.06445e-01 -1.64580e-03  9.89019e-02 -7.97209e-03  7.62728e-02  4.57011e-01
 1.60000e+01  2.06156e-01 -1.67942e-03  9.89677e-02 -8.14635e-03  7.63039e-02  4.57479e-01
 1.65000e+01  2.05861e-01 -1.71126e-03  9.90344e-02 -8.31270e-03  7.63353e-02  4.57957e-01
 1.70000e+01  2.05560e-01 -1.74129e-03  9.91019e-02 -8.47095e-03  7.63668e-02  4.58445e-01
 1.75000e+01  2.05253e-01 -1.76946e-03  9.91700e-02 -8.62089e-03  7.63985e-02  4.58942e-01
 1.80000e+01  2.04940e-01 -1.79575e-03  9.92388e-02 -8.76232e-03  7.64302e-02  4.59449e-01
 1.85000e+01  2.04622e-01 -1.82013e-03  9.93080e-02 -8.89506e-03  7.64620e-02  4.59964e-01
 1.90000e+01  2.04299e-01 -1.84256e-03  9.93776e-02 -9.01894e-03  7.64937e-02  4.60487e-01
 1.95000e+01  2.03972e-01 -1.86304e-03  9.94475e-02 -9.13380e-03  7.65253e-02  4.61018e-01
 2.00000e+01  2.03640e-01 -1.88152e-03  9.95176e-02 -9.23947e-03  7.65568e-02  4.61556e-01
 2.05000e+01  2.03303e-01 -1.89801e-03  9.95879e-02 -9.33583e-03  7.65881e-02  4.62101e-01
 2.10000e+01  2.02964e-01 -1.91247e-03  9.96582e-02 -9.42274e-03  7.66193e-02  4.62653e-01
 2.15000e+01  2.02620e-01 -1.92491e-03  9.97286e-02 -9.50010e-03  7.66502e-02  4.63210e-01
 2.20000e+01  2.02274e-01 -1.93531e-03  9.97988e-02 -9.56779e-03  7.66808e-02  4.63772e-01
 2.25000e+01  2.01925e-01 -1.94367e-03  9.98688e-02 -9.62573e-03  7.67111e-02  4.64339e-01
 2.30000e+01  2.01573e-01 -1.94999e-03  9.99386e-02 -9.67384e-03  7.67410e-02  4.64911e-01
 2.35000e+01  2.01220e-01 -1.95426e-03  1.00008e-01 -9.71205e-03  7.67706e-02  4.65486e-01
 2.40000e+01  2.00865e-01 -1.95649e-03  1.00077e-01 -9.74033e-03  7.67998e-02  4.66064e-01
 2.45000e+01  2.00508e-01 -1.95668e-03  1.00146e-01 -9.75862e-03  7.68285e-02  4.66645e-01
 2.50000e+01  2.00151e-01 -1.95485e-03  1.00214e-01 -9.76691e-03  7.68568e-02  4.67228e-01
 2.55000e+01  1.99793e-01 -1.95101e-03  1.00281e-01 -9.76519e-03  7.68845e-02  4.67813e-01
 2.60000e+01  1.99434e-01 -1.94517e-03  1.00348e-01 -9.75346e-03  7.69118e-02  4.68398e-01
 2.65000e+01  1.99076e-01 -1.93736e-03  1.00414e-01 -9.73173e-03  7.69386e-02  4.68984e-01
 2.70000e+01  1.98719e-01 -1.92758e-03  1.00479e-01 -9.70003e-03  7.69648e-02  4.69570e-01
 2.75000e+01  1.98362e-01 -1.91586e-03  1.00544e-01 -9.65840e-03  7.69905e-02  4.70155e-01
 2.80000e+01  1.98006e-01 -1.90223e-03  1.00608e-01 -9.60691e-03  7.70156e-02  4.70739e-01
 2.85000e+01  1.97653e-01 -1.88671e-03  1.00670e-01 -9.54560e-03  7.70401e-02  4.71321e-01
 2.90000e+01  1.97301e-01 -1.86934e-03  1.00732e-01 -9.47456e-03  7.70640e-02  4.71901e-01
 2.95000e+01  1.96951e-01 -1.85014e-03  1.00793e-01 -9.39388e-03  7.70873e-02  4.72477e-01
 3.00000e+01  1.96605e-01 -1.82914e-03  1.00852e-01 -9.30365e-03  7.71101e-02  4.73050e-01
 3.05000e+01  1.96261e-01 -1.80638e-03  1.00911e-01 -9.20398e-03  7.71322e-02  4.73619e-01
 3.10000e+01  1.95921e-01 -1.78190e-03  1.00968e-01 -9.09501e-03  7.71536e-02  4.74183e-01
 3.15000e+01  1.95584e-01 -1.75573e-03  1.01025e-01 -8.97685e-03  7.71745e-02  4.74741e-01
 3.20000e+01  1.95252e-01 -1.72791e-03  1.01080e-01 -8.84964e-03  7.71947e-02  4.75293e-01
 3.25000e+01  1.94925e-01 -1.69848e-03  1.01133e-01 -8.71354e-03  7.72144e-02  4.75839e-01
 3.30000e+01  1.94602e-01 -1.66749e-03  1.01186e-01 -8.56871e-03  7.72333e-02  4.76377e-01
 3.35000e+01  1.94284e-01 -1.63496e-03  1.01237e-01 -8.41531e-03  7.72517e-02  4.76908e-01
 3.40000e+01  1.93972e-01 -1.60095e-03  1.01287e-01 -8.25351e-03  7.72694e-02  4.77430e-01
 3.45000e+01  1.93666e-01 -1.56550e-03  1.01336e-01 -8.08351e-03  7.72865e-02  4.77944e-01
 3.50000e+01  1.93367e-01 -1.52866e-03  1.01383e-01 -7.90548e-03  7.73030e-02  4.78447e-01
 3.55000e+01  1.93073e-01 -1.49046e-03  1.01429e-01 -7.71964e-03  7.73189e-02  4.78941e-01
 3.60000e+01  1.92787e-01 -1.45095e-03  1.01473e-01 -7.52617e-03  7.73342e-02  4.79424e-01
 3.65000e+01  1.92508e-01 -1.41018e-03  1.01516e-01 -7.32531e-03  7.73488e-02  4.79896e-01
 3.70000e+01  1.92236e-01 -1.36819e-03  1.01558e-01 -7.11725e-03  7.73629e-02  4.80356e-01
 3.75000e+01  1.91972e-01 -1.32503e-03  1.01598e-01 -6.90223e-03  7.73763e-02  4.80803e-01
 3.80000e+01  1.91716e-01 -1.28075e-03  1.01636e-01 -6.68047e-03  7.73892e-02  4.81238e-01
 3.85000e+01  1.91468e-01 -1.23539e-03  1.01674e-01 -6.45221e-03  7.74015e-02  4.81659e-01
 3.90000e+01  1.91229e-01 -1.18900e-03  1.01709e-01 -6.21768e-03  7.74132e-02  4.82067e-01
 3.95000e+01  1.90998e-01 -1.14162e-03  1.01743e-01 -5.97714e-03  7.74243e-02  4.82460e-01
 4.00000e+01  1.90777e-01 -1.09331e-03  1.01776e-01 -5.73081e-03  7.74349e-02  4.82838e-01
 4.05000e+01  1.90565e-01 -1.04410e-03  1.01807e-01 -5.47897e-03  7.74449e-02  4.83201e-01
 4.10000e+01  1.90362e-01 -9.94044e-04  1.01836e-01 -5.22185e-03  7.74543e-02  4.83549e-01
 4.15000e+01  1.90169e-01 -9.43189e-04  1.01864e-01 -4.95973e-03  7.74632e-02  4.83880e-01
 4.20000e+01  1.89986e-01 -8.91580e-04  1.01891e-01 -4.69286e-03  7.74715e-02  4.84194e-01
 4.25000e+01  1.89814e-01 -8.39262e-04  1.01915e-01 -4.42150e-03  7.74793e-02  4.84491e-01
 4.30000e+01  1.89651e-01 -7.86281e-04  1.01939e-01 -4.14593e-03  7.74866e-02  4.84772e-01
 4.35000e+01  1.89499e-01 -7.32682e-04  1.01960e-01 -3.86641e-03  7.74934e-02  4.85034e-01
 4.40000e+01  1.89358e-01 -6.78511e-04  1.01980e-01 -3.58322e-03  7.74996e-02  4.85278e-01
 4.45000e+01  1.89227e-01 -6.23812e-04  1.01999e-01 -3.29664e-03  7.75053e-02  4.85504e-01
 4.50000e+01  1.89107e-01 -5.68631e-04  1.02016e-01 -3.00693e-03  7.75105e-02  4.85711e-01
 4.55000e+01  1.88998e-01 -5.13012e-04  1.02031e-01 -2.71437e-03  7.75152e-02  4.85900e-01
 4.60000e+01  1.88901e-01 -4.56999e-04  1.02045e-01 -2.41925e-03  7.75194e-02  4.86069e-01
 4.65000e+01  1.88814e-01 -4.00636e-04  1.02057e-01 -2.12185e-03  7.75231e-02  4.86219e-01
 4.70000e+01  1.88739e-01 -3.43968e-04  1.02067e-01 -1.82245e-03  7.75262e-02  4.86349e-01
 4.75000e+01  1.88676e-01 -2.87039e-04  1.02076e-01 -1.52134e-03  7.75289e-02  4.86459e-01
 4.80000e+01  1.88623e-01 -2.29892e-04  1.02083e-01 -1.21879e-03  7.75311e-02  4.86550e-01
 4.85000e+01  1.88583e-01 -1.72571e-04  1.02089e-01 -9.15095e-04  7.75328e-02  4.86621e-01
 4.90000e+01  1.88554e-01 -1.15120e-04  1.02093e-01 -6.10541e-04  7.75341e-02  4.86671e-01
 4.95000e+01  1.88536e-01 -5.75817e-05  1.02095e-01 -3.05414e-04  7.75348e-02  4.86701e-01
 5.00000e+01  1.88531e-01  2.73336e-15  1.02096e-01  1.44982e-14  7.75350e-02  4.86711e-01
 5.05000e+01  1.88536e-01  5.75817e-05  1.02095e-01  3.05414e-04  7.75348e-02  4.86701e-01
 5.10000e+01  1.88554e-01  1.15120e-04  1.02093e-01  6.10541e-04  7.75341e-02  4.86671e-01
 5.15000e+01  1.88583e-01  1.72571e-04  1.02089e-01  9.15095e-04  7.75328e-02  4.86621e-01
 5.20000e+01  1.88623e-01  2.29892e-04  1.02083e-01  1.21879e-03  7.75311e-02  4.86550e-01
 5.25000e+01  1.88676e-01  2.87039e-04  1.02076e-01  1.52134e-03  7.75289e-02  4.86459e-01
 5.30000e+01  1.88739e-01  3.43968e-04  1.02067e-01  1.82245e-03  7.75262e-02  4.86349e-01
 5.35000e+01  1.88814e-01  4.00636e-04  1.02057e-01  2.12185e-03  7.75231e-02  4.86219e-01
 5.40000e+01  1.88901e-01  4.56999e-04  1.02045e-01  2.41925e-03  7.75194e-02  4.86069e-01
 5.45000e+01  1.88998e-01  5.13012e-04  1.02031e-01  2.71437e-03  7.75152e-02  4.85900e-01
 5.50000e+01  1.89107e-01  5.68631e-04  1.02016e-01  3.00693e-03  7.75105e-02  4.85711e-01
 5.55000e+01  1.89227e-01  6.23812e-04  1.01999e-01  3.29664e-03  7.75053e-02  4.85504e-01
 5.60000e+01  1.89358e-01  6.78511e-04  1.01980e-01  3.58322e-03  7.74996e-02  4.85278e-01
 5.65000e+01  1.89499e-01  7.32682e-04  1.01960e-01  3.86641e-03  7.74934e-02  4.85034e-01
 5.70000e+01  1.89651e-01  7.86281e-04  1.01939e-01  4.14593e-03  7.74866e-02  4.84772e-01
 5.75000e+01  1.89814e-01  8.39262e-04  1.01915e-01  4.42150e-03  7.74793e-02  4.84491e-01
 5.80000e+01  1.89986e-01  8.91580e-04  1.01891e-01  4.69286e-03  7.74715e-02  4.84194e-01
 5.85000e+01  1.90169e-01  9.43189e-04  1.01864e-01  4.95973e-03  7.74632e-02  4.83880e-01
 5.90000e+01  1.90362e-01  9.94044e-04  1.01836e-01  5.22185e-03  7.74543e-02  4.83549e-01
 5.95000e+01  1.90565e-01  1.04410e-03  1.01807e-01  5.47897e-03  7.74449e-02  4.83201e-01
 6.00000e+01  1.90777e-01  1.09331e-03  1.01776e-01  5.73081e-03  7.74349e-02  4.82838e-01
 6.05000e+01  1.90998e-01  1.14162e-03  1.01743e-01  5.97714e-03  7.74243e-02  4.82460e-01
 6.10000e+01  1.91229e-01  1.18900e-03  1.01709e-01  6.21768e-03  7.74132e-02  4.82067e-01
 6.15000e+01  1.91468e-01  1.23539e-03  1.01674e-01  6.45221e-03  7.74015e-02  4.81659e-01
 6.20000e+01  1.91716e-01  1.28075e-03  1.01636e-01  6.68047e-03  7.73892e-02  4.81238e-01
 6.25000e+01  1.91972e-01  1.32503e-03  1.01598e-01  6.90223e-03  7.73763e-02  4.80803e-01
 6.30000e+01  1.92236e-01  1.36819e-03  1.01558e-01  7.11725e-03  7.73629e-02  4.80356e-01
 6.35000e+01  1.92508e-01  1.41018e-03  1.01516e-01  7.32531e-03  7.73488e-02  4.79896e-01
 6.40000e+01  1.92787e-01  1.45095e-03  1.01473e-01  7.52617e-03  7.73342e-02  4.79424e-01
 6.45000e+01  1.93073e-01  1.49046e-03  1.01429e-01  7.71964e-03  7.73189e-02  4.78941e-01
 6.50000e+01  1.93367e-01  1.52866e-03  1.01383e-01  7.90548e-03  7.73030e-02  4.78447e-01
 6.55000e+01  1.93666e-01  1.56550e-03  1.01336e-01  8.08351e-03  7.72865e-02  4.77944e-01
 6.60000e+01  1.93972e-01  1.60095e-03  1.01287e-01  8.25351e-03  7.72694e-02  4.77430e-01
 6.65000e+01  1.94284e-01  1.63496e-03  1.01237e-01  8.41531e-03  7.72517e-02  4.76908e-01
 6.70000e+01  1.94602e-01  1.66749e-03  1.01186e-01  8.56871e-03  7.72333e-02  4.76377e-01
 6.75000e+01  1.94925e-01  1.69848e-03  1.01133e-01  8.71354e-03  7.72144e-02  4.75839e-01
 6.80000e+01  1.95252e-01  1.72791e-03  1.01080e-01  8.84964e-03  7.71947e-02  4.75293e-01
 6.85000e+01  1.95584e-01  1.75573e-03  1.01025e-01  8.97685e-03  7.71745e-02  4.74741e-01
 6.90000e+01  1.95921e-01  1.78190e-03  1.00968e-01  9.09501e-03  7.71536e-02  4.74183e-01
 6.95000e+01  1.96261e-01  1.80638e-03  1.00911e-01  9.20398e-03  7.71322e-02  4.73619e-01
 7.00000e+01  1.96605e-01  1.82914e-03  1.00852e-01  9.30365e-03  7.71101e-02  4.73050e-01
 7.05000e+01  1.96951e-01  1.85014e-03  1.00793e-01  9.39388e-03  7.70873e-02  4.72477e-01
 7.10000e+01  1.97301e-01  1.86934e-03  1.00732e-01  9.47456e-03  7.70640e-02  4.71901e-01
 7.15000e+01  1.97653e-01  1.88671e-03  1.00670e-01  9.54560e-03  7.70401e-02  4.71321e-01
 7.20000e+01  1.98006e-01  1.90223e-03  1.00608e-01  9.60691e-03  7.70156e-02  4.70739e-01
 7.25000e+01  1.98362e-01  1.91586e-03  1.00544e-01  9.65840e-03  7.69905e-02  4.70155e-01
 7.30000e+01  1.98719e-01  1.92758e-03  1.00479e-01  9.70003e-03  7.69648e-02  4.69570e-01
 7.35000e+01  1.99076e-01  1.93736e-03  1.00414e-01  9.73173e-03  7.69386e-02  4.68984e-01
 7.40000e+01  1.99434e-01  1.94517e-03  1.00348e-01  9.75346e-03  7.69118e-02  4.68398e-01
 7.45000e+01  1.99793e-01  1.95101e-03  1.00281e-01  9.76519e-03  7.68845e-02  4.67813e-01
 7.50000e+01  2.00151e-01  1.95485e-03  1.00214e-01  9.76691e-03  7.68568e-02  4.67228e-01
 7.55000e+01  2.00508e-01  1.95668e-03  1.00146e-01  9.75862e-03  7.68285e-02  4.66645e-01
 7.60000e+01  2.00865e-01  1.95649e-03  1.00077e-01  9.74033e-03  7.67998e-02  4.66064e-01
 7.65000e+01  2.01220e-01  1.95426e-03  1.00008e-01  9.71205e-03  7.67706e-02  4.65486e-01
 7.70000e+01  2.01573e-01  1.94999e-03  9.99386e-02  9.67384e-03  7.67410e-02  4.64911e-01
 7.75000e+01  2.01925e-01  1.94367e-03  9.98688e-02  9.62573e-03  7.67111e-02  4.64339e-01
 7.80000e+01  2.02274e-01  1.93531e-03  9.97988e-02  9.56779e-03  7.66808e-02  4.63772e-01
 7.85000e+01  2.02620e-01  1.92491e-03  9.97286e-02  9.50010e-03  7.66502e-02  4.63210e-01
 7.90000e+01  2.02964e-01  1.91247e-03  9.96582e-02  9.42274e-03  7.66193e-02  4.62653e-01
 7.95000e+01  2.03303e-01  1.89801e-03  9.95879e-02  9.33583e-03  7.65881e-02  4.62101e-01
 8.00000e+01  2.03640e-01  1.88152e-03  9.95176e-02  9.23947e-03  7.65568e-02  4.61556e-01
 8.05000e+01  2.03972e-01  1.86304e-03  9.94475e-02  9.13380e-03  7.65253e-02  4.61018e-01
 8.10000e+01  2.04299e-01  1.84256e-03  9.93776e-02  9.01894e-03  7.64937e-02  4.60487e-01
 8.15000e+01  2.04622e-01  1.82013e-03  9.93080e-02  8.89506e-03  7.64620e-02  4.59964e-01
 8.20000e+01  2.04940e-01  1.79575e-03  9.92388e-02  8.76232e-03  7.64302e-02  4.59449e-01
 8.25000e+01  2.05253e-01  1.76946e-03  9.91700e-02  8.62089e-03  7.63985e-02  4.58942e-01
 8.30000e+01  2.05560e-01  1.74129e-03  9.91019e-02  8.47095e-03  7.63668e-02  4.58445e-01
 8.35000e+01  2.05861e-01  1.71126e-03  9.90344e-02  8.31270e-03  7.63353e-02  4.57957e-01
 8.40000e+01  2.06156e-01  1.67942e-03  9.89677e-02  8.14635e-03  7.63039e-02  4.57479e-01
 8.45000e+01  2.06445e-01  1.64580e-03  9.89019e-02  7.97209e-03  7.62728e-02  4.57011e-01
 8.50000e+01  2.06727e-01  1.61044e-03  9.88369e-02  7.79016e-03  7.62419e-02  4.56554e-01
 8.55000e+01  2.07002e-01  1.57338e-03  9.87731e-02  7.60079e-03  7.62113e-02  4.56108e-01
 8.60000e+01  2.07270e-01  1.53466e-03  9.87103e-02  7.40419e-03  7.61811e-02  4.55674e-01
 8.65000e+01  2.07530e-01  1.49435e-03  9.86488e-02  7.20062e-03  7.61514e-02  4.55251e-01
 8.70000e+01  2.07783e-01  1.45247e-03  9.85885e-02  6.99032e-03  7.61221e-02  4.54841e-01
 8.75000e+01  2.08028e-01  1.40909e-03  9.85297e-02  6.77354e-03  7.60934e-02  4.54443e-01
 8.80000e+01  2.08265e-01  1.36425e-03  9.84724e-02  6.55053e-03  7.60653e-02  4.54058e-01
 8.85000e+01  2.08494e-01  1.31801e-03  9.84166e-02  6.32155e-03  7.60378e-02  4.53686e-01
 8.90000e+01  2.08715e-01  1.27042e-03  9.83625e-02  6.08685e-03  7.60110e-02  4.53328e-01
 8.95000e+01  2.08927e-01  1.22153e-03  9.83102e-02  5.84671e-03  7.59850e-02  4.52984e-01
 9.00000e+01  2.09130e-01  1.17141e-03  9.82597e-02  5.60137e-03  7.59598e-02  4.52653e-01
 9.05000e+01  2.09324e-01  1.12011e-03  9.82110e-02  5.35110e-03  7.59355e-02  4.52337e-01
 9.10000e+01  2.09509e-01  1.06769e-03  9.81644e-02  5.09617e-03  7.59121e-02  4.52036e-01
 9.15000e+01  2.09685e-01  1.01421e-03  9.81199e-02  4.83683e-03  7.58896e-02  4.51749e-01
 9.20000e+01  2.09852e-01  9.59727e-04  9.80775e-02  4.57336e-03  7.58682e-02  4.51478e-01
 9.25000e+01  2.10009e-01  9.04297e-04  9.80372e-02  4.30599e-03  7.58478e-02  4.51222e-01
 9.30000e+01  2.10157e-01  8.47983e-04  9.79993e-02  4.03501e-03  7.58285e-02  4.50981e-01
 9.35000e+01  2.10294e-01  7.90844e-04  9.79637e-02  3.76065e-03  7.58104e-02  4.50757e-01
 9.40000e+01  2.10422e-01  7.32939e-04  9.79305e-02  3.48318e-03  7.57934e-02  4.50548e-01
 9.45000e+01  2.10541e-01  6.74329e-04  9.78997e-02  3.20285e-03  7.57777e-02  4.50355e-01
 9.50000e+01  2.10649e-01  6.15074e-04  9.78714e-02  2.91990e-03  7.57632e-02  4.50179e-01
 9.55000e+01  2.10747e-01  5.55231e-04  9.78457e-02  2.63459e-03  7.57500e-02  4.50018e-01
 9.60000e+01  2.10835e-01  4.94862e-04  9.78226e-02  2.34716e-03  7.57381e-02  4.49875e-01
 9.65000e+01  2.10913e-01  4.34025e-04  9.78021e-02  2.05784e-03  7.57275e-02  4.49748e-01
 9.70000e+01  2.10980e-01  3.72779e-04  9.77842e-02  1.76689e-03  7.57183e-02  4.49637e-01
 9.75000e+01  2.11037e-01  3.11183e-04  9.77691e-02  1.47454e-03  7.57105e-02  4.49544e-01
 9.80000e+01  2.11084e-01  2.49296e-04  9.77567e-02  1.18102e-03  7.57040e-02  4.49467e-01
 9.85000e+01  2.11121e-01  1.87175e-04  9.77470e-02  8.86580e-04  7.56990e-02  4.49408e-01
 9.90000e+01  2.11147e-01  1.24881e-04  9.77400e-02  5.91439e-04  7.56954e-02  4.49365e-01
 9.95000e+01  2.11162e-01  6.24693e-05  9.77359e-02  2.95835e-04  7.56933e-02  4.49339e-01
