 0.00000e+00  1.16802e-01  7.26754e-16  6.90470e-03  6.22211e-15  1.86715e-03  1.37943e-04  1.17278e-01
 5.00000e-01  1.16895e-01 -2.44098e-04  6.88591e-03 -2.08819e-03  1.84928e-03  1.37788e-04  1.17201e-01
 1.00000e+00  1.17170e-01 -4.86428e-04  6.83063e-03 -4.15146e-03  1.79658e-03  1.37307e-04  1.16978e-01
 1.50000e+00  1.17624e-01 -7.25239e-04  6.74205e-03 -6.16575e-03  1.71160e-03  1.36454e-04  1.16628e-01
 2.00000e+00  1.18246e-01 -9.58821e-04  6.62517e-03 -8.10867e-03  1.59839e-03  1.35150e-04  1.16183e-01
 2.50000e+00  1.19027e-01 -1.18552e-03  6.48637e-03 -9.96014e-03  1.46212e-03  1.33287e-04  1.15681e-01
 3.00000e+00  1.19951e-01 -1.40377e-03  6.33280e-03 -1.17029e-02  1.30865e-03  1.30724e-04  1.15164e-01
 3.50000e+00  1.21003e-01 -1.61208e-03  6.17185e-03 -1.33226e-02  1.14411e-03  1.27289e-04  1.14673e-01
 4.00000e+00  1.22168e-01 -1.80909e-03  6.01051e-03 -1.48082e-02  9.74385e-04  1.22781e-04  1.14245e-01
 4.50000e+00  1.23429e-01 -1.99357e-03  5.85487e-03 -1.61515e-02  8.04738e-04  1.16967e-04  1.13909e-01
 5.00000e+00  1.24770e-01 -2.16441e-03  5.70984e-03 -1.73473e-02  6.39544e-04  1.09588e-04  1.13689e-01
 5.50000e+00  1.26175e-01 -2.32069e-03  5.57890e-03 -1.83926e-02  4.82121e-04  1.00357e-04  1.13594e-01
 6.00000e+00  1.27630e-01 -2.46162e-03  5.46417e-03 -1.92872e-02  3.34714e-04  8.89662e-05  1.13628e-01
 6.50000e+00  1.29122e-01 -2.58662e-03  5.36650e-03 -2.00324e-02  1.98586e-04  7.50894e-05  1.13789e-01
 7.00000e+00  1.30640e-01 -2.69527e-03  5.28575e-03 -2.06312e-02  7.41819e-05  5.83865e-05  1.14067e-01
 7.50000e+00  1.32174e-01 -2.78733e-03  5.22105e-03 -2.10883e-02 -3.86675e-05  3.85109e-05  1.14450e-01
 8.00000e+00  1.33715e-01 -2.86274e-03  5.17107e-03 -2.14092e-02 -1.40544e-04  1.51169e-05  1.14925e-01
 8.50000e+00  1.35257e-01 -2.92162e-03  5.13426e-03 -2.16006e-02 -2.32261e-04 -1.21325e-05  1.15477e-01
 9.00000e+00  1.36792e-01 -2.96427e-03  5.10903e-03 -2.16699e-02 -3.14724e-04 -4.35566e-05  1.16094e-01
 9.50000e+00  1.38317e-01 -2.99113e-03  5.09389e-03 -2.16252e-02 -3.88828e-04 -7.94467e-05  1.16763e-01
 1.00000e+01  1.39828e-01 -3.00279e-03  5.08752e-03 -2.14748e-02 -4.55398e-04 -1.20057e-04  1.17475e-01
 1.05000e+01  1.41323e-01 -2.99997e-03  5.08879e-03 -2.12277e-02 -5.15158e-04 -1.65594e-04  1.18221e-01
 1.10000e+01  1.42801e-01 -2.98348e-03  5.09677e-03 -2.08926e-02 -5.68724e-04 -2.16206e-04  1.18995e-01
 1.15000e+01  1.44261e-01 -2.95426e-03  5.11074e-03 -2.04786e-02 -6.16619e-04 -2.71977e-04  1.19792e-01
 1.20000e+01  1.45703e-01 -2.91327e-03  5.13008e-03 -1.99945e-02 -6.59286e-04 -3.32915e-04  1.20608e-01
 1.25000e+01  1.47130e-01 -2.86154e-03  5.15434e-03 -1.94491e-02 -6.97118e-04 -3.98947e-04  1.21442e-01
 1.30000e+01  1.48543e-01 -2.80011e-03  5.18313e-03 -1.88506e-02 -7.30479e-04 -4.69915e-04  1.22291e-01
 1.35000e+01  1.49945e-01 -2.73004e-03  5.21608e-03 -1.82070e-02 -7.59724e-04 -5.45570e-04  1.23154e-01
 1.40000e+01  1.51339e-01 -2.65237e-03  5.25289e-03 -1.75260e-02 -7.85226e-04 -6.25575e-04  1.24032e-01
 1.45000e+01  1.52731e-01 -2.56810e-03  5.29320e-03 -1.68145e-02 -8.07384e-04 -7.09501e-04  1.24925e-01
 1.50000e+01  1.54125e-01 -2.47819e-03  5.33665e-03 -1.60791e-02 -8.26639e-04 -7.96834e-04  1.25834e-01
 1.55000e+01  1.55526e-01 -2.38353e-03  5.38284e-03 -1.53256e-02 -8.43477e-04 -8.86984e-04  1.26758e-01
 1.60000e+01  1.56939e-01 -2.28495e-03  5.43130e-03 -1.45595e-02 -8.58432e-04 -9.79286e-04  1.27698e-01
 1.65000e+01  1.58372e-01 -2.18323e-03  5.48152e-03 -1.37855e-02 -8.72085e-04 -1.07302e-03  1.28656e-01
 1.70000e+01  1.59829e-01 -2.07902e-03  5.53294e-03 -1.30078e-02 -8.85054e-04 -1.16740e-03  1.29631e-01
 1.75000e+01  1.61317e-01 -1.97295e-03  5.58493e-03 -1.22302e-02 -8.97989e-04 -1.26164e-03  1.30625e-01
 1.80000e+01  1.62842e-01 -1.86552e-03  5.63685e-03 -1.14560e-02 -9.11559e-04 -1.35490e-03  1.31639e-01
 1.85000e+01  1.64411e-01 -1.75719e-03  5.68802e-03 -1.06878e-02 -9.26434e-04 -1.44637e-03  1.32671e-01
 1.90000e+01  1.66028e-01 -1.64834e-03  5.73772e-03 -9.92811e-03 -9.43275e-04 -1.53522e-03  1.33724e-01
 1.95000e+01  1.67699e-01 -1.53930e-03  5.78528e-03 -9.17895e-03 -9.62712e-04 -1.62067e-03  1.34798e-01
 2.00000e+01  1.69428e-01 -1.43033e-03  5.82999e-03 -8.44207e-03 -9.85333e-04 -1.70198e-03  1.35892e-01
 2.05000e+01  1.71221e-01 -1.32165e-03  5.87121e-03 -7.71897e-03 -1.01166e-03 -1.77848e-03  1.37007e-01
 2.10000e+01  1.73080e-01 -1.21346e-03  5.90832e-03 -7.01096e-03 -1.04215e-03 -1.84955e-03  1.38144e-01
 2.15000e+01  1.75008e-01 -1.10591e-03  5.94077e-03 -6.31918e-03 -1.07715e-03 -1.91467e-03  1.39303e-01
 2.20000e+01  1.77008e-01 -9.99153e-04  5.96809e-03 -5.64468e-03 -1.11693e-03 -1.97340e-03  1.40483e-01
 2.25000e+01  1.79080e-01 -8.93326e-04  5.98985e-03 -4.98842e-03 -1.16164e-03 -2.02540e-03  1.41685e-01
 2.30000e+01  1.81225e-01 -7.88565e-04  6.00575e-03 -4.35130e-03 -1.21131e-03 -2.07043e-03  1.42910e-01
 2.35000e+01  1.83443e-01 -6.85011e-04  6.01555e-03 -3.73419e-03 -1.26586e-03 -2.10835e-03  1.44157e-01
 2.40000e+01  1.85732e-01 -5.82820e-04  6.01912e-03 -3.13795e-03 -1.32508e-03 -2.13912e-03  1.45427e-01
 2.45000e+01  1.88091e-01 -4.82161e-04  6.01642e-03 -2.56344e-03 -1.38867e-03 -2.16277e-03  1.46719e-01
 2.50000e+01  1.90516e-01 -3.83224e-04  6.00749e-03 -2.01150e-03 -1.45619e-03 -2.17945e-03  1.48033e-01
 2.55000e+01  1.93005e-01 -2.86220e-04  5.99245e-03 -1.48296e-03 -1.52715e-03 -2.18936e-03  1.49369e-01
 2.60000e+01  1.95553e-01 -1.91381e-04  5.97151e-03 -9.78665e-04 -1.60092e-03 -2.19279e-03  1.50727e-01
 2.65000e+01  1.98156e-01 -9.89617e-05  5.94492e-03 -4.99412e-04 -1.67685e-03 -2.19005e-03  1.52105e-01
 2.70000e+01  2.00809e-01 -9.23321e-06  5.91299e-03 -4.59800e-05 -1.75421e-03 -2.18152e-03  1.53503e-01
 2.75000e+01  2.03506e-01  7.75156e-05  5.87608e-03  3.80900e-04 -1.83226e-03 -2.16762e-03  1.54920e-01
 2.80000e+01  2.06242e-01  1.60984e-04  5.83453e-03  7.80559e-04 -1.91021e-03 -2.14875e-03  1.56355e-01
 2.85000e+01  2.09011e-01  2.40865e-04  5.78872e-03  1.15240e-03 -1.98732e-03 -2.12536e-03  1.57805e-01
 2.90000e+01  2.11807e-01  3.16848e-04  5.73902e-03  1.49593e-03 -2.06285e-03 -2.09787e-03  1.59268e-01
 2.95000e+01  2.14623e-01  3.88628e-04  5.68576e-03  1.81075e-03 -2.13611e-03 -2.06670e-03  1.60743e-01
 3.00000e+01  2.17454e-01  4.55908e-04  5.62924e-03  2.09658e-03 -2.20647e-03 -2.03225e-03  1.62227e-01
 3.05000e+01  2.20293e-01  5.18410e-04  5.56973e-03  2.35328e-03 -2.27339e-03 -1.99490e-03  1.63717e-01
 3.10000e+01  2.23135e-01  5.75877e-04  5.50742e-03  2.58085e-03 -2.33641e-03 -1.95498e-03  1.65211e-01
 3.15000e+01  2.25973e-01  6.28080e-04  5.44247e-03  2.77944e-03 -2.39516e-03 -1.91282e-03  1.66705e-01
 3.20000e+01  2.28803e-01  6.74824e-04  5.37494e-03  2.94936e-03 -2.44938e-03 -1.86870e-03  1.68197e-01
 3.25000e+01  2.31619e-01  7.15955e-04  5.30487e-03  3.09109e-03 -2.49893e-03 -1.82286e-03  1.69682e-01
 3.30000e+01  2.34415e-01  7.51359e-04  5.23220e-03  3.20525e-03 -2.54376e-03 -1.77553e-03  1.71157e-01
 3.35000e+01  2.37187e-01  7.80972e-04  5.15683e-03  3.29264e-03 -2.58396e-03 -1.72691e-03  1.72619e-01
 3.40000e+01  2.39930e-01  8.04774e-04  5.07863e-03  3.35420e-03 -2.61968e-03 -1.67716e-03  1.74065e-01
 3.45000e+01  2.42640e-01  8.22801e-04  4.99740e-03  3.39104e-03 -2.65118e-03 -1.62644e-03  1.75491e-01
 3.50000e+01  2.45312e-01  8.35135e-04  4.91293e-03  3.40438e-03 -2.67881e-03 -1.57489e-03  1.76893e-01
 3.55000e+01  2.47942e-01  8.41911e-04  4.82500e-03  3.39560e-03 -2.70297e-03 -1.52265e-03  1.78268e-01
 3.60000e+01  2.50526e-01  8.43313e-04  4.73339e-03  3.36617e-03 -2.72413e-03 -1.46984e-03  1.79613e-01
 3.65000e+01  2.53061e-01  8.39569e-04  4.63789e-03  3.31765e-03 -2.74280e-03 -1.41660e-03  1.80925e-01
 3.70000e+01  2.55543e-01  8.30951e-04  4.53834e-03  3.25171e-03 -2.75949e-03 -1.36306e-03  1.82202e-01
 3.75000e+01  2.57969e-01  8.17769e-04  4.43461e-03  3.17003e-03 -2.77475e-03 -1.30936e-03  1.83439e-01
 3.80000e+01  2.60335e-01  8.00366e-04  4.32664e-03  3.07437e-03 -2.78910e-03 -1.25565e-03  1.84636e-01
 3.85000e+01  2.62637e-01  7.79112e-04  4.21445e-03  2.96649e-03 -2.80304e-03 -1.20210e-03  1.85789e-01
 3.90000e+01  2.64874e-01  7.54399e-04  4.09815e-03  2.84814e-03 -2.81705e-03 -1.14888e-03  1.86897e-01
 3.95000e+01  2.67041e-01  7.26633e-04  3.97794e-03  2.72105e-03 -2.83153e-03 -1.09617e-03  1.87958e-01
 4.00000e+01  2.69136e-01  6.96228e-04  3.85414e-03  2.58690e-03 -2.84686e-03 -1.04417e-03  1.88971e-01
 4.05000e+01  2.71154e-01  6.63599e-04  3.72718e-03  2.44731e-03 -2.86330e-03 -9.93071e-04  1.89933e-01
 4.10000e+01  2.73094e-01  6.29154e-04  3.59760e-03  2.30380e-03 -2.88107e-03 -9.43093e-04  1.90845e-01
 4.15000e+01  2.74952e-01  5.93291e-04  3.46606e-03  2.15780e-03 -2.90029e-03 -8.94442e-04  1.91705e-01
 4.20000e+01  2.76724e-01  5.56387e-04  3.33334e-03  2.01062e-03 -2.92099e-03 -8.47328e-04  1.92513e-01
 4.25000e+01  2.78409e-01  5.18795e-04  3.20032e-03  1.86343e-03 -2.94313e-03 -8.01959e-04  1.93269e-01
 4.30000e+01  2.80002e-01  4.80839e-04  3.06798e-03  1.71727e-03 -2.96656e-03 -7.58539e-04  1.93973e-01
 4.35000e+01  2.81501e-01  4.42809e-04  2.93741e-03  1.57303e-03 -2.99107e-03 -7.17263e-04  1.94624e-01
 4.40000e+01  2.82902e-01  4.04957e-04  2.80973e-03  1.43144e-03 -3.01636e-03 -6.78315e-04  1.95223e-01
 4.45000e+01  2.84204e-01  3.67493e-04  2.68614e-03  1.29306e-03 -3.04208e-03 -6.41868e-04  1.95770e-01
 4.50000e+01  2.85403e-01  3.30588e-04  2.56788e-03  1.15832e-03 -3.06781e-03 -6.08082e-04  1.96267e-01
 4.55000e+01  2.86496e-01  2.94366e-04  2.45619e-03  1.02747e-03 -3.09310e-03 -5.77099e-04  1.96713e-01
 4.60000e+01  2.87482e-01  2.58910e-04  2.35229e-03  9.00615e-04 -3.11747e-03 -5.49050e-04  1.97109e-01
 4.65000e+01  2.88357e-01  2.24260e-04  2.25736e-03  7.77717e-04 -3.14043e-03 -5.24049e-04  1.97457e-01
 4.70000e+01  2.89120e-01  1.90415e-04  2.17254e-03  6.58601e-04 -3.16150e-03 -5.02192e-04  1.97756e-01
 4.75000e+01  2.89769e-01  1.57337e-04  2.09885e-03  5.42972e-04 -3.18021e-03 -4.83564e-04  1.98008e-01
 4.80000e+01  2.90302e-01  1.24953e-04  2.03722e-03  4.30424e-04 -3.19616e-03 -4.68232e-04  1.98213e-01
 4.85000e+01  2.90719e-01  9.31625e-05  1.98844e-03  3.20456e-04 -3.20897e-03 -4.56253e-04  1.98372e-01
 4.90000e+01  2.91017e-01  6.18389e-05  1.95312e-03  2.12493e-04 -3.21834e-03 -4.47667e-04  1.98485e-01
 4.95000e+01  2.91196e-01  3.08374e-05  1.93175e-03  1.05899e-04 -3.22406e-03 -4.42503e-04  1.98553e-01
 5.00000e+01  2.91255e-01 -3.50305e-17  1.92459e-03 -1.20274e-16 -3.22598e-03 -4.40780e-04  1.98576e-01
 5.05000e+01  2.91196e-01 -3.08374e-05  1.93175e-03 -1.05899e-04 -3.22406e-03 -4.42503e-04  1.98553e-01
 5.10000e+01  2.91017e-01 -6.18389e-05  1.95312e-03 -2.12493e-04 -3.21834e-03 -4.47667e-04  1.98485e-01
 5.15000e+01  2.90719e-01 -9.31625e-05  1.98844e-03 -3.20456e-04 -3.20897e-03 -4.56253e-04  1.98372e-01
 5.20000e+01  2.90302e-01 -1.24953e-04  2.03722e-03 -4.30424e-04 -3.19616e-03 -4.68232e-04  1.98213e-01
 5.25000e+01  2.89769e-01 -1.57337e-04  2.09885e-03 -5.42972e-04 -3.18021e-03 -4.83564e-04  1.98008e-01
 5.30000e+01  2.89120e-01 -1.90415e-04  2.17254e-03 -6.58601e-04 -3.16150e-03 -5.02192e-04  1.97756e-01
 5.35000e+01  2.88357e-01 -2.24260e-04  2.25736e-03 -7.77717e-04 -3.14043e-03 -5.24049e-04  1.97457e-01
 5.40000e+01  2.87482e-01 -2.58910e-04  2.35229e-03 -9.00615e-04 -3.11747e-03 -5.49050e-04  1.97109e-01
 5.45000e+01  2.86496e-01 -2.94366e-04  2.45619e-03 -1.02747e-03 -3.09310e-03 -5.77099e-04  1.96713e-01
 5.50000e+01  2.85403e-01 -3.30588e-04  2.56788e-03 -1.15832e-03 -3.06781e-03 -6.08082e-04  1.96267e-01
 5.55000e+01  2.84204e-01 -3.67493e-04  2.68614e-03 -1.29306e-03 -3.04208e-03 -6.41868e-04  1.95770e-01
 5.60000e+01  2.82902e-01 -4.04957e-04  2.80973e-03 -1.43144e-03 -3.01636e-03 -6.78315e-04  1.95223e-01
 5.65000e+01  2.81501e-01 -4.42809e-04  2.93741e-03 -1.57303e-03 -2.99107e-03 -7.17263e-04  1.94624e-01
 5.70000e+01  2.80002e-01 -4.80839e-04  3.06798e-03 -1.71727e-03 -2.96656e-03 -7.58539e-04  1.93973e-01
 5.75000e+01  2.78409e-01 -5.18795e-04  3.20032e-03 -1.86343e-03 -2.94313e-03 -8.01959e-04  1.93269e-01
 5.80000e+01  2.76724e-01 -5.56387e-04  3.33334e-03 -2.01062e-03 -2.92099e-03 -8.47328e-04  1.92513e-01
 5.85000e+01  2.74952e-01 -5.93291e-04  3.46606e-03 -2.15780e-03 -2.90029e-03 -8.94442e-04  1.91705e-01
 5.90000e+01  2.73094e-01 -6.29154e-04  3.59760e-03 -2.30380e-03 -2.88107e-03 -9.43093e-04  1.90845e-01
 5.95000e+01  2.71154e-01 -6.63599e-04  3.72718e-03 -2.44731e-03 -2.86330e-03 -9.93071e-04  1.89933e-01
 6.00000e+01  2.69136e-01 -6.96228e-04  3.85414e-03 -2.58690e-03 -2.84686e-03 -1.04417e-03  1.88971e-01
 6.05000e+01  2.67041e-01 -7.26633e-04  3.97794e-03 -2.72105e-03 -2.83153e-03 -1.09617e-03  1.87958e-01
 6.10000e+01  2.64874e-01 -7.54399e-04  4.09815e-03 -2.84814e-03 -2.81705e-03 -1.14888e-03  1.86897e-01
 6.15000e+01  2.62637e-01 -7.79112e-04  4.21445e-03 -2.96649e-03 -2.80304e-03 -1.20210e-03  1.85789e-01
 6.20000e+01  2.60335e-01 -8.00366e-04  4.32664e-03 -3.07437e-03 -2.78910e-03 -1.25565e-03  1.84636e-01
 6.25000e+01  2.57969e-01 -8.17769e-04  4.43461e-03 -3.17003e-03 -2.77475e-03 -1.30936e-03  1.83439e-01
 6.30000e+01  2.55543e-01 -8.30951e-04  4.53834e-03 -3.25171e-03 -2.75949e-03 -1.36306e-03  1.82202e-01
 6.35000e+01  2.53061e-01 -8.39569e-04  4.63789e-03 -3.31765e-03 -2.74280e-03 -1.41660e-03  1.80925e-01
 6.40000e+01  2.50526e-01 -8.43313e-04  4.73339e-03 -3.36617e-03 -2.72413e-03 -1.46984e-03  1.79613e-01
 6.45000e+01  2.47942e-01 -8.41911e-04  4.82500e-03 -3.39560e-03 -2.70297e-03 -1.52265e-03  1.78268e-01
 6.50000e+01  2.45312e-01 -8.35135e-04  4.91293e-03 -3.40438e-03 -2.67881e-03 -1.57489e-03  1.76893e-01
 6.55000e+01  2.42640e-01 -8.22801e-04  4.99740e-03 -3.39104e-03 -2.65118e-03 -1.62644e-03  1.75491e-01
 6.60000e+01  2.39930e-01 -8.04774e-04  5.07863e-03 -3.35420e-03 -2.61968e-03 -1.67716e-03  1.74065e-01
 6.65000e+01  2.37187e-01 -7.80972e-04  5.15683e-03 -3.29264e-03 -2.58396e-03 -1.72691e-03  1.72619e-01
 6.70000e+01  2.34415e-01 -7.51359e-04  5.23220e-03 -3.20525e-03 -2.54376e-03 -1.77553e-03  1.71157e-01
 6.75000e+01  2.31619e-01 -7.15955e-04  5.30487e-03 -3.09109e-03 -2.49893e-03 -1.82286e-03  1.69682e-01
 6.80000e+01  2.28803e-01 -6.74824e-04  5.37494e-03 -2.94936e-03 -2.44938e-03 -1.86870e-03  1.68197e-01
 6.85000e+01  2.25973e-01 -6.28080e-04  5.44247e-03 -2.77944e-03 -2.39516e-03 -1.91282e-03  1.66705e-01
 6.90000e+01  2.23135e-01 -5.75877e-04  5.50742e-03 -2.58085e-03 -2.33641e-03 -1.95498e-03  1.65211e-01
 6.95000e+01  2.20293e-01 -5.18410e-04  5.56973e-03 -2.35328e-03 -2.27339e-03 -1.99490e-03  1.63717e-01
 7.00000e+01  2.17454e-01 -4.55908e-04  5.62924e-03 -2.09658e-03 -2.20647e-03 -2.03225e-03  1.62227e-01
 7.05000e+01  2.14623e-01 -3.88628e-04  5.68576e-03 -1.81075e-03 -2.13611e-03 -2.06670e-03  1.60743e-01
 7.10000e+01  2.11807e-01 -3.16848e-04  5.73902e-03 -1.49593e-03 -2.06285e-03 -2.09787e-03  1.59268e-01
 7.15000e+01  2.09011e-01 -2.40865e-04  5.78872e-03 -1.15240e-03 -1.98732e-03 -2.12536e-03  1.57805e-01
 7.20000e+01  2.06242e-01 -1.60984e-04  5.83453e-03 -7.80559e-04 -1.91021e-03 -2.14875e-03  1.56355e-01
 7.25000e+01  2.03506e-01 -7.75156e-05  5.87608e-03 -3.80900e-04 -1.83226e-03 -2.16762e-03  1.54920e-01
 7.30000e+01  2.00809e-01  9.23321e-06  5.91299e-03  4.59800e-05 -1.75421e-03 -2.18152e-03  1.53503e-01
 7.35000e+01  1.98156e-01  9.89617e-05  5.94492e-03  4.99412e-04 -1.67685e-03 -2.19005e-03  1.52105e-01
 7.40000e+01  1.95553e-01  1.91381e-04  5.97151e-03  9.78665e-04 -1.60092e-03 -2.19279e-03  1.50727e-01
 7.45000e+01  1.93005e-01  2.86220e-04  5.99245e-03  1.48296e-03 -1.52715e-03 -2.18936e-03  1.49369e-01
 7.50000e+01  1.90516e-01  3.83224e-04  6.00749e-03  2.01150e-03 -1.45619e-03 -2.17945e-03  1.48033e-01
 7.55000e+01  1.88091e-01  4.82161e-04  6.01642e-03  2.56344e-03 -1.38867e-03 -2.16277e-03  1.46719e-01
 7.60000e+01  1.85732e-01  5.82820e-04  6.01912e-03  3.13795e-03 -1.32508e-03 -2.13912e-03  1.45427e-01
 7.65000e+01  1.83443e-01  6.85011e-04  6.01555e-03  3.73419e-03 -1.26586e-03 -2.10835e-03  1.44157e-01
 7.70000e+01  1.81225e-01  7.88565e-04  6.00575e-03  4.35130e-03 -1.21131e-03 -2.07043e-03  1.42910e-01
 7.75000e+01  1.79080e-01  8.93326e-04  5.98985e-03  4.98842e-03 -1.16164e-03 -2.02540e-03  1.41685e-01
 7.80000e+01  1.77008e-01  9.99153e-04  5.96809e-03  5.64468e-03 -1.11693e-03 -1.97340e-03  1.40483e-01
 7.85000e+01  1.75008e-01  1.10591e-03  5.94077e-03  6.31918e-03 -1.07715e-03 -1.91467e-03  1.39303e-01
 7.90000e+01  1.73080e-01  1.21346e-03  5.90832e-03  7.01096e-03 -1.04215e-03 -1.84955e-03  1.38144e-01
 7.95000e+01  1.71221e-01  1.32165e-03  5.87121e-03  7.71897e-03 -1.01166e-03 -1.77848e-03  1.37007e-01
 8.00000e+01  1.69428e-01  1.43033e-03  5.82999e-03  8.44207e-03 -9.85333e-04 -1.70198e-03  1.35892e-01
 8.05000e+01  1.67699e-01  1.53930e-03  5.78528e-03  9.17895e-03 -9.62712e-04 -1.62067e-03  1.34798e-01
 8.10000e+01  1.66028e-01  1.64834e-03  5.73772e-03  9.92811e-03 -9.43275e-04 -1.53522e-03  1.33724e-01
 8.15000e+01  1.64411e-01  1.75719e-03  5.68802e-03  1.06878e-02 -9.26434e-04 -1.44637e-03  1.32671e-01
 8.20000e+01  1.62842e-01  1.86552e-03  5.63685e-03  1.14560e-02 -9.11559e-04 -1.35490e-03  1.31639e-01
 8.25000e+01  1.61317e-01  1.97295e-03  5.58493e-03  1.22302e-02 -8.97989e-04 -1.26164e-03  1.30625e-01
 8.30000e+01  1.59829e-01  2.07902e-03  5.53294e-03  1.30078e-02 -8.85054e-04 -1.16740e-03  1.29631e-01
 8.35000e+01  1.58372e-01  2.18323e-03  5.48152e-03  1.37855e-02 -8.72085e-04 -1.07302e-03  1.28656e-01
 8.40000e+01  1.56939e-01  2.28495e-03  5.43130e-03  1.45595e-02 -8.58432e-04 -9.79286e-04  1.27698e-01
 8.45000e+01  1.55526e-01  2.38353e-03  5.38284e-03  1.53256e-02 -8.43477e-04 -8.86984e-04  1.26758e-01
 8.50000e+01  1.54125e-01  2.47819e-03  5.33665e-03  1.60791e-02 -8.26639e-04 -7.96834e-04  1.25834e-01
 8.55000e+01  1.52731e-01  2.56810e-03  5.29320e-03  1.68145e-02 -8.07384e-04 -7.09501e-04  1.24925e-01
 8.60000e+01  1.51339e-01  2.65237e-03  5.25289e-03  1.75260e-02 -7.85226e-04 -6.25575e-04  1.24032e-01
 8.65000e+01  1.49945e-01  2.73004e-03  5.21608e-03  1.82070e-02 -7.59724e-04 -5.45570e-04  1.23154e-01
 8.70000e+01  1.48543e-01  2.80011e-03  5.18313e-03  1.88506e-02 -7.30479e-04 -4.69915e-04  1.22291e-01
 8.75000e+01  1.47130e-01  2.86154e-03  5.15434e-03  1.94491e-02 -6.97118e-04 -3.98947e-04  1.21442e-01
 8.80000e+01  1.45703e-01  2.91327e-03  5.13008e-03  1.99945e-02 -6.59286e-04 -3.32915e-04  1.20608e-01
 8.85000e+01  1.44261e-01  2.95426e-03  5.11074e-03  2.04786e-02 -6.16619e-04 -2.71977e-04  1.19792e-01
 8.90000e+01  1.42801e-01  2.98348e-03  5.09677e-03  2.08926e-02 -5.68724e-04 -2.16206e-04  1.18995e-01
 8.95000e+01  1.41323e-01  2.99997e-03  5.08879e-03  2.12277e-02 -5.15158e-04 -1.65594e-04  1.18221e-01
 9.00000e+01  1.39828e-01  3.00279e-03  5.08752e-03  2.14748e-02 -4.55398e-04 -1.20057e-04  1.17475e-01
 9.05000e+01  1.38317e-01  2.99113e-03  5.09389e-03  2.16252e-02 -3.88828e-04 -7.94467e-05  1.16763e-01
 9.10000e+01  1.36792e-01  2.96427e-03  5.10903e-03  2.16699e-02 -3.14724e-04 -4.35566e-05  1.16094e-01
 9.15000e+01  1.35257e-01  2.92162e-03  5.13426e-03  2.16006e-02 -2.32261e-04 -1.21325e-05  1.15477e-01
 9.20000e+01  1.33715e-01  2.86274e-03  5.17107e-03  2.14092e-02 -1.40544e-04  1.51169e-05  1.14925e-01
 9.25000e+01  1.32174e-01  2.78733e-03  5.22105e-03  2.10883e-02 -3.86675e-05  3.85109e-05  1.14450e-01
 9.30000e+01  1.30640e-01  2.69527e-03  5.28575e-03  2.06312e-02  7.41819e-05  5.83865e-05  1.14067e-01
 9.35000e+01  1.29122e-01  2.58662e-03  5.36650e-03  2.00324e-02  1.98586e-04  7.50894e-05  1.13789e-01
 9.40000e+01  1.27630e-01  2.46162e-03  5.46417e-03  1.92872e-02  3.34714e-04  8.89662e-05  1.13628e-01
 9.45000e+01  1.26175e-01  2.32069e-03  5.57890e-03  1.83926e-02  4.82121e-04  1.00357e-04  1.13594e-01
 9.50000e+01  1.24770e-01  2.16441e-03  5.70984e-03  1.73473e-02  6.39544e-04  1.09588e-04  1.13689e-01
 9.55000e+01  1.23429e-01  1.99357e-03  5.85487e-03  1.61515e-02  8.04738e-04  1.16967e-04  1.13909e-01
 9.60000e+01  1.22168e-01  1.80909e-03  6.01051e-03  1.48082e-02  9.74385e-04  1.22781e-04  1.14245e-01
 9.65000e+01  1.21003e-01  1.61208e-03  6.17185e-03  1.33226e-02  1.14411e-03  1.27289e-04  1.14673e-01
 9.70000e+01  1.19951e-01  1.40377e-03  6.33280e-03  1.17029e-02  1.30865e-03  1.30724e-04  1.15164e-01
 9.75000e+01  1.19027e-01  1.18552e-03  6.48637e-03  9.96014e-03  1.46212e-03  1.33287e-04  1.15681e-01
 9.80000e+01  1.18246e-01  9.58821e-04  6.62517e-03  8.10867e-03  1.59839e-03  1.35150e-04  1.16183e-01
 9.85000e+01  1.17624e-01  7.25239e-04  6.74205e-03  6.16575e-03  1.71160e-03  1.36454e-04  1.16628e-01
 9.90000e+01  1.17170e-01  4.86428e-04  6.83063e-03  4.15146e-03  1.79658e-03  1.37307e-04  1.16978e-01
 9.95000e+01  1.16895e-01  2.44098e-04  6.88591e-03  2.08819e-03  1.84928e-03  1.37788e-04  1.17201e-01
