 0.00000e+00  6.57555e-02 -4.38008e-16  3.94964e-03 -6.66116e-15  1.58004e-03  1.79665e-04  8.38807e-02
 5.00000e-01  6.58886e-02  3.12207e-04  3.95526e-03  4.73840e-03  1.57988e-03  1.82488e-04  8.39454e-02
 1.00000e+00  6.62876e-02  6.23242e-04  3.97204e-03  9.40210e-03  1.57931e-03  1.90911e-04  8.41393e-02
 1.50000e+00  6.69517e-02  9.31983e-04  3.99974e-03  1.39202e-02  1.57808e-03  2.04794e-04  8.44615e-02
 2.00000e+00  6.78793e-02  1.23739e-03  4.03792e-03  1.82293e-02  1.57580e-03  2.23909e-04  8.49107e-02
 2.50000e+00  6.90683e-02  1.53857e-03  4.08601e-03  2.22761e-02  1.57192e-03  2.47940e-04  8.54848e-02
 3.00000e+00  7.05157e-02  1.83476e-03  4.14324e-03  2.60192e-02  1.56572e-03  2.76495e-04  8.61813e-02
 3.50000e+00  7.22176e-02  2.12538e-03  4.20871e-03  2.94303e-02  1.55639e-03  3.09111e-04  8.69972e-02
 4.00000e+00  7.41694e-02  2.41005e-03  4.28135e-03  3.24939e-02  1.54299e-03  3.45266e-04  8.79289e-02
 4.50000e+00  7.63652e-02  2.68854e-03  4.35994e-03  3.52063e-02  1.52450e-03  3.84387e-04  8.89723e-02
 5.00000e+00  7.87982e-02  2.96080e-03  4.44316e-03  3.75745e-02  1.49984e-03  4.25865e-04  9.01232e-02
 5.50000e+00  8.14604e-02  3.22693e-03  4.52959e-03  3.96134e-02  1.46793e-03  4.69063e-04  9.13768e-02
 6.00000e+00  8.43427e-02  3.48712e-03  4.61780e-03  4.13446e-02  1.42770e-03  5.13335e-04  9.27287e-02
 6.50000e+00  8.74348e-02  3.74167e-03  4.70630e-03  4.27939e-02  1.37818e-03  5.58032e-04  9.41741e-02
 7.00000e+00  9.07252e-02  3.99093e-03  4.79372e-03  4.39892e-02  1.31851e-03  6.02515e-04  9.57087e-02
 7.50000e+00  9.42015e-02  4.23524e-03  4.87874e-03  4.49593e-02  1.24802e-03  6.46167e-04  9.73280e-02
 8.00000e+00  9.78504e-02  4.47495e-03  4.96024e-03  4.57325e-02  1.16627e-03  6.88402e-04  9.90283e-02
 8.50000e+00  1.01657e-01  4.71035e-03  5.03729e-03  4.63355e-02  1.07309e-03  7.28671e-04  1.00806e-01
 9.00000e+00  1.05608e-01  4.94168e-03  5.10918e-03  4.67928e-02  9.68590e-04  7.66469e-04  1.02658e-01
 9.50000e+00  1.09686e-01  5.16906e-03  5.17549e-03  4.71262e-02  8.53223e-04  8.01344e-04  1.04580e-01
 1.00000e+01  1.13875e-01  5.39252e-03  5.23603e-03  4.73548e-02  7.27729e-04  8.32895e-04  1.06570e-01
 1.05000e+01  1.18160e-01  5.61198e-03  5.29087e-03  4.74949e-02  5.93141e-04  8.60782e-04  1.08625e-01
 1.10000e+01  1.22523e-01  5.82723e-03  5.34028e-03  4.75602e-02  4.50740e-04  8.84722e-04  1.10739e-01
 1.15000e+01  1.26950e-01  6.03795e-03  5.38469e-03  4.75617e-02  3.02000e-04  9.04492e-04  1.12910e-01
 1.20000e+01  1.31423e-01  6.24368e-03  5.42462e-03  4.75082e-02  1.48531e-04  9.19931e-04  1.15133e-01
 1.25000e+01  1.35928e-01  6.44389e-03  5.46067e-03  4.74065e-02 -7.99611e-06  9.30937e-04  1.17401e-01
 1.30000e+01  1.40450e-01  6.63791e-03  5.49336e-03  4.72617e-02 -1.65913e-04  9.37467e-04  1.19708e-01
 1.35000e+01  1.44974e-01  6.82501e-03  5.52321e-03  4.70775e-02 -3.23615e-04  9.39532e-04  1.22048e-01
 1.40000e+01  1.49488e-01  7.00440e-03  5.55060e-03  4.68561e-02 -4.79612e-04  9.37200e-04  1.24412e-01
 1.45000e+01  1.53978e-01  7.17523e-03  5.57581e-03  4.65991e-02 -6.32563e-04  9.30585e-04  1.26793e-01
 1.50000e+01  1.58433e-01  7.33660e-03  5.59900e-03  4.63072e-02 -7.81301e-04  9.19850e-04  1.29182e-01
 1.55000e+01  1.62843e-01  7.48762e-03  5.62021e-03  4.59806e-02 -9.24839e-04  9.05197e-04  1.31571e-01
 1.60000e+01  1.67198e-01  7.62739e-03  5.63940e-03  4.56189e-02 -1.06237e-03  8.86863e-04  1.33951e-01
 1.65000e+01  1.71489e-01  7.75504e-03  5.65648e-03  4.52217e-02 -1.19324e-03  8.65115e-04  1.36316e-01
 1.70000e+01  1.75709e-01  7.86971e-03  5.67130e-03  4.47884e-02 -1.31696e-03  8.40242e-04  1.38657e-01
 1.75000e+01  1.79849e-01  7.97064e-03  5.68373e-03  4.43184e-02 -1.43316e-03  8.12547e-04  1.40968e-01
 1.80000e+01  1.83905e-01  8.05710e-03  5.69364e-03  4.38111e-02 -1.54157e-03  7.82342e-04  1.43243e-01
 1.85000e+01  1.87871e-01  8.12846e-03  5.70094e-03  4.32662e-02 -1.64203e-03  7.49940e-04  1.45477e-01
 1.90000e+01  1.91742e-01  8.18418e-03  5.70558e-03  4.26834e-02 -1.73444e-03  7.15643e-04  1.47666e-01
 1.95000e+01  1.95514e-01  8.22383e-03  5.70756e-03  4.20627e-02 -1.81880e-03  6.79742e-04  1.49804e-01
 2.00000e+01  1.99183e-01  8.24708e-03  5.70690e-03  4.14045e-02 -1.89515e-03  6.42503e-04  1.51890e-01
 2.05000e+01  2.02748e-01  8.25374e-03  5.70368e-03  4.07093e-02 -1.96361e-03  6.04164e-04  1.53920e-01
 2.10000e+01  2.06206e-01  8.24370e-03  5.69797e-03  3.99781e-02 -2.02435e-03  5.64927e-04  1.55892e-01
 2.15000e+01  2.09554e-01  8.21702e-03  5.68988e-03  3.92119e-02 -2.07763e-03  5.24957e-04  1.57804e-01
 2.20000e+01  2.12793e-01  8.17384e-03  5.67951e-03  3.84122e-02 -2.12374e-03  4.84372e-04  1.59655e-01
 2.25000e+01  2.15920e-01  8.11442e-03  5.66697e-03  3.75806e-02 -2.16304e-03  4.43246e-04  1.61444e-01
 2.30000e+01  2.18936e-01  8.03915e-03  5.65236e-03  3.67191e-02 -2.19593e-03  4.01604e-04  1.63169e-01
 2.35000e+01  2.21841e-01  7.94849e-03  5.63577e-03  3.58297e-02 -2.22286e-03  3.59424e-04  1.64830e-01
 2.40000e+01  2.24635e-01  7.84302e-03  5.61730e-03  3.49146e-02 -2.24429e-03  3.16637e-04  1.66427e-01
 2.45000e+01  2.27318e-01  7.72337e-03  5.59703e-03  3.39761e-02 -2.26073e-03  2.73132e-04  1.67960e-01
 2.50000e+01  2.29891e-01  7.59026e-03  5.57506e-03  3.30168e-02 -2.27268e-03  2.28757e-04  1.69428e-01
 2.55000e+01  2.32355e-01  7.44446e-03  5.55146e-03  3.20391e-02 -2.28065e-03  1.83327e-04  1.70832e-01
 2.60000e+01  2.34713e-01  7.28677e-03  5.52632e-03  3.10455e-02 -2.28515e-03  1.36628e-04  1.72172e-01
 2.65000e+01  2.36965e-01  7.11804e-03  5.49975e-03  3.00384e-02 -2.28668e-03  8.84256e-05  1.73449e-01
 2.70000e+01  2.39113e-01  6.93913e-03  5.47182e-03  2.90203e-02 -2.28572e-03  3.84736e-05  1.74664e-01
 2.75000e+01  2.41159e-01  6.75091e-03  5.44260e-03  2.79936e-02 -2.28275e-03 -1.34796e-05  1.75818e-01
 2.80000e+01  2.43106e-01  6.55426e-03  5.41218e-03  2.69605e-02 -2.27821e-03 -6.76817e-05  1.76912e-01
 2.85000e+01  2.44955e-01  6.35005e-03  5.38060e-03  2.59233e-02 -2.27256e-03 -1.24368e-04  1.77947e-01
 2.90000e+01  2.46710e-01  6.13914e-03  5.34790e-03  2.48840e-02 -2.26623e-03 -1.83753e-04  1.78925e-01
 2.95000e+01  2.48373e-01  5.92237e-03  5.31408e-03  2.38446e-02 -2.25964e-03 -2.46024e-04  1.79846e-01
 3.00000e+01  2.49948e-01  5.70055e-03  5.27911e-03  2.28070e-02 -2.25320e-03 -3.11334e-04  1.80712e-01
 3.05000e+01  2.51436e-01  5.47451e-03  5.24293e-03  2.17730e-02 -2.24733e-03 -3.79793e-04  1.81525e-01
 3.10000e+01  2.52841e-01  5.24501e-03  5.20546e-03  2.07443e-02 -2.24243e-03 -4.51468e-04  1.82286e-01
 3.15000e+01  2.54167e-01  5.01282e-03  5.16656e-03  1.97225e-02 -2.23889e-03 -5.26376e-04  1.82996e-01
 3.20000e+01  2.55417e-01  4.77868e-03  5.12608e-03  1.87093e-02 -2.23710e-03 -6.04481e-04  1.83658e-01
 3.25000e+01  2.56594e-01  4.54334e-03  5.08383e-03  1.77063e-02 -2.23744e-03 -6.85696e-04  1.84271e-01
 3.30000e+01  2.57702e-01  4.30749e-03  5.03960e-03  1.67150e-02 -2.24028e-03 -7.69881e-04  1.84839e-01
 3.35000e+01  2.58745e-01  4.07187e-03  4.99318e-03  1.57370e-02 -2.24596e-03 -8.56845e-04  1.85362e-01
 3.40000e+01  2.59725e-01  3.83716e-03  4.94434e-03  1.47739e-02 -2.25479e-03 -9.46347e-04  1.85841e-01
 3.45000e+01  2.60647e-01  3.60409e-03  4.89285e-03  1.38274e-02 -2.26708e-03 -1.03810e-03  1.86280e-01
 3.50000e+01  2.61514e-01  3.37334e-03  4.83850e-03  1.28993e-02 -2.28307e-03 -1.13179e-03  1.86678e-01
 3.55000e+01  2.62330e-01  3.14563e-03  4.78112e-03  1.19911e-02 -2.30297e-03 -1.22704e-03  1.87037e-01
 3.60000e+01  2.63097e-01  2.92167e-03  4.72054e-03  1.11049e-02 -2.32695e-03 -1.32348e-03  1.87359e-01
 3.65000e+01  2.63819e-01  2.70215e-03  4.65664e-03  1.02424e-02 -2.35513e-03 -1.42068e-03  1.87647e-01
 3.70000e+01  2.64499e-01  2.48779e-03  4.58937e-03  9.40565e-03 -2.38756e-03 -1.51823e-03  1.87900e-01
 3.75000e+01  2.65140e-01  2.27927e-03  4.51872e-03  8.59650e-03 -2.42422e-03 -1.61568e-03  1.88122e-01
 3.80000e+01  2.65744e-01  2.07730e-03  4.44474e-03  7.81693e-03 -2.46506e-03 -1.71260e-03  1.88313e-01
 3.85000e+01  2.66315e-01  1.88254e-03  4.36756e-03  7.06888e-03 -2.50993e-03 -1.80855e-03  1.88476e-01
 3.90000e+01  2.66853e-01  1.69565e-03  4.28737e-03  6.35422e-03 -2.55862e-03 -1.90310e-03  1.88613e-01
 3.95000e+01  2.67362e-01  1.51722e-03  4.20443e-03  5.67477e-03 -2.61088e-03 -1.99584e-03  1.88725e-01
 4.00000e+01  2.67843e-01  1.34783e-03  4.11909e-03  5.03218e-03 -2.66637e-03 -2.08637e-03  1.88815e-01
 4.05000e+01  2.68298e-01  1.18801e-03  4.03175e-03  4.42796e-03 -2.72468e-03 -2.17434e-03  1.88883e-01
 4.10000e+01  2.68728e-01  1.03821e-03  3.94290e-03  3.86342e-03 -2.78537e-03 -2.25938e-03  1.88934e-01
 4.15000e+01  2.69134e-01  8.98807e-04  3.85308e-03  3.33963e-03 -2.84792e-03 -2.34117e-03  1.88967e-01
 4.20000e+01  2.69516e-01  7.70107e-04  3.76289e-03  2.85737e-03 -2.91179e-03 -2.41944e-03  1.88985e-01
 4.25000e+01  2.69876e-01  6.52318e-04  3.67299e-03  2.41710e-03 -2.97637e-03 -2.49391e-03  1.88991e-01
 4.30000e+01  2.70215e-01  5.45547e-04  3.58405e-03  2.01894e-03 -3.04104e-03 -2.56436e-03  1.88986e-01
 4.35000e+01  2.70531e-01  4.49795e-04  3.49683e-03  1.66264e-03 -3.10514e-03 -2.63059e-03  1.88971e-01
 4.40000e+01  2.70826e-01  3.64950e-04  3.41205e-03  1.34755e-03 -3.16800e-03 -2.69241e-03  1.88949e-01
 4.45000e+01  2.71098e-01  2.90782e-04  3.33049e-03  1.07261e-03 -3.22895e-03 -2.74968e-03  1.88922e-01
 4.50000e+01  2.71349e-01  2.26940e-04  3.25291e-03  8.36340e-04 -3.28732e-03 -2.80227e-03  1.88891e-01
 4.55000e+01  2.71578e-01  1.72956e-04  3.18005e-03  6.36855e-04 -3.34245e-03 -2.85008e-03  1.88858e-01
 4.60000e+01  2.71784e-01  1.28241e-04  3.11263e-03  4.71850e-04 -3.39371e-03 -2.89303e-03  1.88824e-01
 4.65000e+01  2.71967e-01  9.20958e-05  3.05134e-03  3.38628e-04 -3.44049e-03 -2.93105e-03  1.88791e-01
 4.70000e+01  2.72127e-01  6.37107e-05  2.99682e-03  2.34121e-04 -3.48226e-03 -2.96408e-03  1.88760e-01
 4.75000e+01  2.72263e-01  4.21781e-05  2.94965e-03  1.54917e-04 -3.51850e-03 -2.99208e-03  1.88731e-01
 4.80000e+01  2.72375e-01  2.65012e-05  2.91032e-03  9.72967e-05 -3.54878e-03 -3.01503e-03  1.88706e-01
 4.85000e+01  2.72462e-01  1.56056e-05  2.87928e-03  5.72763e-05 -3.57273e-03 -3.03290e-03  1.88686e-01
 4.90000e+01  2.72525e-01  8.35365e-06  2.85686e-03  3.06528e-05 -3.59005e-03 -3.04567e-03  1.88672e-01
 4.95000e+01  2.72562e-01  3.55845e-06  2.84330e-03  1.30555e-05 -3.60052e-03 -3.05334e-03  1.88663e-01
 5.00000e+01  2.72575e-01 -2.11102e-16  2.83877e-03 -7.74474e-16 -3.60403e-03 -3.05589e-03  1.88660e-01
 5.05000e+01  2.72562e-01 -3.55845e-06  2.84330e-03 -1.30555e-05 -3.60052e-03 -3.05334e-03  1.88663e-01
 5.10000e+01  2.72525e-01 -8.35365e-06  2.85686e-03 -3.06528e-05 -3.59005e-03 -3.04567e-03  1.88672e-01
 5.15000e+01  2.72462e-01 -1.56056e-05  2.87928e-03 -5.72763e-05 -3.57273e-03 -3.03290e-03  1.88686e-01
 5.20000e+01  2.72375e-01 -2.65012e-05  2.91032e-03 -9.72967e-05 -3.54878e-03 -3.01503e-03  1.88706e-01
 5.25000e+01  2.72263e-01 -4.21781e-05  2.94965e-03 -1.54917e-04 -3.51850e-03 -2.99208e-03  1.88731e-01
 5.30000e+01  2.72127e-01 -6.37107e-05  2.99682e-03 -2.34121e-04 -3.48226e-03 -2.96408e-03  1.88760e-01
 5.35000e+01  2.71967e-01 -9.20958e-05  3.05134e-03 -3.38628e-04 -3.44049e-03 -2.93105e-03  1.88791e-01
 5.40000e+01  2.71784e-01 -1.28241e-04  3.11263e-03 -4.71850e-04 -3.39371e-03 -2.89303e-03  1.88824e-01
 5.45000e+01  2.71578e-01 -1.72956e-04  3.18005e-03 -6.36855e-04 -3.34245e-03 -2.85008e-03  1.88858e-01
 5.50000e+01  2.71349e-01 -2.26940e-04  3.25291e-03 -8.36340e-04 -3.28732e-03 -2.80227e-03  1.88891e-01
 5.55000e+01  2.71098e-01 -2.90782e-04  3.33049e-03 -1.07261e-03 -3.22895e-03 -2.74968e-03  1.88922e-01
 5.60000e+01  2.70826e-01 -3.64950e-04  3.41205e-03 -1.34755e-03 -3.16800e-03 -2.69241e-03  1.88949e-01
 5.65000e+01  2.70531e-01 -4.49795e-04  3.49683e-03 -1.66264e-03 -3.10514e-03 -2.63059e-03  1.88971e-01
 5.70000e+01  2.70215e-01 -5.45547e-04  3.58405e-03 -2.01894e-03 -3.04104e-03 -2.56436e-03  1.88986e-01
 5.75000e+01  2.69876e-01 -6.52318e-04  3.67299e-03 -2.41710e-03 -2.97637e-03 -2.49391e-03  1.88991e-01
 5.80000e+01  2.69516e-01 -7.70107e-04  3.76289e-03 -2.85737e-03 -2.91179e-03 -2.41944e-03  1.88985e-01
 5.85000e+01  2.69134e-01 -8.98807e-04  3.85308e-03 -3.33963e-03 -2.84792e-03 -2.34117e-03  1.88967e-01
 5.90000e+01  2.68728e-01 -1.03821e-03  3.94290e-03 -3.86342e-03 -2.78537e-03 -2.25938e-03  1.88934e-01
 5.95000e+01  2.68298e-01 -1.18801e-03  4.03175e-03 -4.42796e-03 -2.72468e-03 -2.17434e-03  1.88883e-01
 6.00000e+01  2.67843e-01 -1.34783e-03  4.11909e-03 -5.03218e-03 -2.66637e-03 -2.08637e-03  1.88815e-01
 6.05000e+01  2.67362e-01 -1.51722e-03  4.20443e-03 -5.67477e-03 -2.61088e-03 -1.99584e-03  1.88725e-01
 6.10000e+01  2.66853e-01 -1.69565e-03  4.28737e-03 -6.35422e-03 -2.55862e-03 -1.90310e-03  1.88613e-01
 6.15000e+01  2.66315e-01 -1.88254e-03  4.36756e-03 -7.06888e-03 -2.50993e-03 -1.80855e-03  1.88476e-01
 6.20000e+01  2.65744e-01 -2.07730e-03  4.44474e-03 -7.81693e-03 -2.46506e-03 -1.71260e-03  1.88313e-01
 6.25000e+01  2.65140e-01 -2.27927e-03  4.51872e-03 -8.59650e-03 -2.42422e-03 -1.61568e-03  1.88122e-01
 6.30000e+01  2.64499e-01 -2.48779e-03  4.58937e-03 -9.40565e-03 -2.38756e-03 -1.51823e-03  1.87900e-01
 6.35000e+01  2.63819e-01 -2.70215e-03  4.65664e-03 -1.02424e-02 -2.35513e-03 -1.42068e-03  1.87647e-01
 6.40000e+01  2.63097e-01 -2.92167e-03  4.72054e-03 -1.11049e-02 -2.32695e-03 -1.32348e-03  1.87359e-01
 6.45000e+01  2.62330e-01 -3.14563e-03  4.78112e-03 -1.19911e-02 -2.30297e-03 -1.22704e-03  1.87037e-01
 6.50000e+01  2.61514e-01 -3.37334e-03  4.83850e-03 -1.28993e-02 -2.28307e-03 -1.13179e-03  1.86678e-01
 6.55000e+01  2.60647e-01 -3.60409e-03  4.89285e-03 -1.38274e-02 -2.26708e-03 -1.03810e-03  1.86280e-01
 6.60000e+01  2.59725e-01 -3.83716e-03  4.94434e-03 -1.47739e-02 -2.25479e-03 -9.46347e-04  1.85841e-01
 6.65000e+01  2.58745e-01 -4.07187e-03  4.99318e-03 -1.57370e-02 -2.24596e-03 -8.56845e-04  1.85362e-01
 6.70000e+01  2.57702e-01 -4.30749e-03  5.03960e-03 -1.67150e-02 -2.24028e-03 -7.69881e-04  1.84839e-01
 6.75000e+01  2.56594e-01 -4.54334e-03  5.08383e-03 -1.77063e-02 -2.23744e-03 -6.85696e-04  1.84271e-01
 6.80000e+01  2.55417e-01 -4.77868e-03  5.12608e-03 -1.87093e-02 -2.23710e-03 -6.04481e-04  1.83658e-01
 6.85000e+01  2.54167e-01 -5.01282e-03  5.16656e-03 -1.97225e-02 -2.23889e-03 -5.26376e-04  1.82996e-01
 6.90000e+01  2.52841e-01 -5.24501e-03  5.20546e-03 -2.07443e-02 -2.24243e-03 -4.51468e-04  1.82286e-01
 6.95000e+01  2.51436e-01 -5.47451e-03  5.24293e-03 -2.17730e-02 -2.24733e-03 -3.79793e-04  1.81525e-01
 7.00000e+01  2.49948e-01 -5.70055e-03  5.27911e-03 -2.28070e-02 -2.25320e-03 -3.11334e-04  1.80712e-01
 7.05000e+01  2.48373e-01 -5.92237e-03  5.31408e-03 -2.38446e-02 -2.25964e-03 -2.46024e-04  1.79846e-01
 7.10000e+01  2.46710e-01 -6.13914e-03  5.34790e-03 -2.48840e-02 -2.26623e-03 -1.83753e-04  1.78925e-01
 7.15000e+01  2.44955e-01 -6.35005e-03  5.38060e-03 -2.59233e-02 -2.27256e-03 -1.24368e-04  1.77947e-01
 7.20000e+01  2.43106e-01 -6.55426e-03  5.41218e-03 -2.69605e-02 -2.27821e-03 -6.76817e-05  1.76912e-01
 7.25000e+01  2.41159e-01 -6.75091e-03  5.44260e-03 -2.79936e-02 -2.28275e-03 -1.34796e-05  1.75818e-01
 7.30000e+01  2.39113e-01 -6.93913e-03  5.47182e-03 -2.90203e-02 -2.28572e-03  3.84736e-05  1.74664e-01
 7.35000e+01  2.36965e-01 -7.11804e-03  5.49975e-03 -3.00384e-02 -2.28668e-03  8.84256e-05  1.73449e-01
 7.40000e+01  2.34713e-01 -7.28677e-03  5.52632e-03 -3.10455e-02 -2.28515e-03  1.36628e-04  1.72172e-01
 7.45000e+01  2.32355e-01 -7.44446e-03  5.55146e-03 -3.20391e-02 -2.28065e-03  1.83327e-04  1.70832e-01
 7.50000e+01  2.29891e-01 -7.59026e-03  5.57506e-03 -3.30168e-02 -2.27268e-03  2.28757e-04  1.69428e-01
 7.55000e+01  2.27318e-01 -7.72337e-03  5.59703e-03 -3.39761e-02 -2.26073e-03  2.73132e-04  1.67960e-01
 7.60000e+01  2.24635e-01 -7.84302e-03  5.61730e-03 -3.49146e-02 -2.24429e-03  3.16637e-04  1.66427e-01
 7.65000e+01  2.21841e-01 -7.94849e-03  5.63577e-03 -3.58297e-02 -2.22286e-03  3.59424e-04  1.64830e-01
 7.70000e+01  2.18936e-01 -8.03915e-03  5.65236e-03 -3.67191e-02 -2.19593e-03  4.01604e-04  1.63169e-01
 7.75000e+01  2.15920e-01 -8.11442e-03  5.66697e-03 -3.75806e-02 -2.16304e-03  4.43246e-04  1.61444e-01
 7.80000e+01  2.12793e-01 -8.17384e-03  5.67951e-03 -3.84122e-02 -2.12374e-03  4.84372e-04  1.59655e-01
 7.85000e+01  2.09554e-01 -8.21702e-03  5.68988e-03 -3.92119e-02 -2.07763e-03  5.24957e-04  1.57804e-01
 7.90000e+01  2.06206e-01 -8.24370e-03  5.69797e-03 -3.99781e-02 -2.02435e-03  5.64927e-04  1.55892e-01
 7.95000e+01  2.02748e-01 -8.25374e-03  5.70368e-03 -4.07093e-02 -1.96361e-03  6.04164e-04  1.53920e-01
 8.00000e+01  1.99183e-01 -8.24708e-03  5.70690e-03 -4.14045e-02 -1.89515e-03  6.42503e-04  1.51890e-01
 8.05000e+01  1.95514e-01 -8.22383e-03  5.70756e-03 -4.20627e-02 -1.81880e-03  6.79742e-04  1.49804e-01
 8.10000e+01  1.91742e-01 -8.18418e-03  5.70558e-03 -4.26834e-02 -1.73444e-03  7.15643e-04  1.47666e-01
 8.15000e+01  1.87871e-01 -8.12846e-03  5.70094e-03 -4.32662e-02 -1.64203e-03  7.49940e-04  1.45477e-01
 8.20000e+01  1.83905e-01 -8.05710e-03  5.69364e-03 -4.38111e-02 -1.54157e-03  7.82342e-04  1.43243e-01
 8.25000e+01  1.79849e-01 -7.97064e-03  5.68373e-03 -4.43184e-02 -1.43316e-03  8.12547e-04  1.40968e-01
 8.30000e+01  1.75709e-01 -7.86971e-03  5.67130e-03 -4.47884e-02 -1.31696e-03  8.40242e-04  1.38657e-01
 8.35000e+01  1.71489e-01 -7.75504e-03  5.65648e-03 -4.52217e-02 -1.19324e-03  8.65115e-04  1.36316e-01
 8.40000e+01  1.67198e-01 -7.62739e-03  5.63940e-03 -4.56189e-02 -1.06237e-03  8.86863e-04  1.33951e-01
 8.45000e+01  1.62843e-01 -7.48762e-03  5.62021e-03 -4.59806e-02 -9.24839e-04  9.05197e-04  1.31571e-01
 8.50000e+01  1.58433e-01 -7.33660e-03  5.59900e-03 -4.63072e-02 -7.81301e-04  9.19850e-04  1.29182e-01
 8.55000e+01  1.53978e-01 -7.17523e-03  5.57581e-03 -4.65991e-02 -6.32563e-04  9.30585e-04  1.26793e-01
 8.60000e+01  1.49488e-01 -7.00440e-03  5.55060e-03 -4.68561e-02 -4.79612e-04  9.37200e-04  1.24412e-01
 8.65000e+01  1.44974e-01 -6.82501e-03  5.52321e-03 -4.70775e-02 -3.23615e-04  9.39532e-04  1.22048e-01
 8.70000e+01  1.40450e-01 -6.63791e-03  5.49336e-03 -4.72617e-02 -1.65913e-04  9.37467e-04  1.19708e-01
 8.75000e+01  1.35928e-01 -6.44389e-03  5.46067e-03 -4.74065e-02 -7.99611e-06  9.30937e-04  1.17401e-01
 8.80000e+01  1.31423e-01 -6.24368e-03  5.42462e-03 -4.75082e-02  1.48531e-04  9.19931e-04  1.15133e-01
 8.85000e+01  1.26950e-01 -6.03795e-03  5.38469e-03 -4.75617e-02  3.02000e-04  9.04492e-04  1.12910e-01
 8.90000e+01  1.22523e-01 -5.82723e-03  5.34028e-03 -4.75602e-02  4.50740e-04  8.84722e-04  1.10739e-01
 8.95000e+01  1.18160e-01 -5.61198e-03  5.29087e-03 -4.74949e-02  5.93141e-04  8.60782e-04  1.08625e-01
 9.00000e+01  1.13875e-01 -5.39252e-03  5.23603e-03 -4.73548e-02  7.27729e-04  8.32895e-04  1.06570e-01
 9.05000e+01  1.09686e-01 -5.16906e-03  5.17549e-03 -4.71262e-02  8.53223e-04  8.01344e-04  1.04580e-01
 9.10000e+01  1.05608e-01 -4.94168e-03  5.10918e-03 -4.67928e-02  9.68590e-04  7.66469e-04  1.02658e-01
 9.15000e+01  1.01657e-01 -4.71035e-03  5.03729e-03 -4.63355e-02  1.07309e-03  7.28671e-04  1.00806e-01
 9.20000e+01  9.78504e-02 -4.47495e-03  4.96024e-03 -4.57325e-02  1.16627e-03  6.88402e-04  9.90283e-02
 9.25000e+01  9.42015e-02 -4.23524e-03  4.87874e-03 -4.49593e-02  1.24802e-03  6.46167e-04  9.73280e-02
 9.30000e+01  9.07252e-02 -3.99093e-03  4.79372e-03 -4.39892e-02  1.31851e-03  6.02515e-04  9.57087e-02
 9.35000e+01  8.74348e-02 -3.74167e-03  4.70630e-03 -4.27939e-02  1.37818e-03  5.58032e-04  9.41741e-02
 9.40000e+01  8.43427e-02 -3.48712e-03  4.61780e-03 -4.13446e-02  1.42770e-03  5.13335e-04  9.27287e-02
 9.45000e+01  8.14604e-02 -3.22693e-03  4.52959e-03 -3.96134e-02  1.46793e-03  4.69063e-04  9.13768e-02
 9.50000e+01  7.87982e-02 -2.96080e-03  4.44316e-03 -3.75745e-02  1.49984e-03  4.25865e-04  9.01232e-02
 9.55000e+01  7.63652e-02 -2.68854e-03  4.35994e-03 -3.52063e-02  1.52450e-03  3.84387e-04  8.89723e-02
 9.60000e+01  7.41694e-02 -2.41005e-03  4.28135e-03 -3.24939e-02  1.54299e-03  3.45266e-04  8.79289e-02
 9.65000e+01  7.22176e-02 -2.12538e-03  4.20871e-03 -2.94303e-02  1.55639e-03  3.09111e-04  8.69972e-02
 9.70000e+01  7.05157e-02 -1.83476e-03  4.14324e-03 -2.60192e-02  1.56572e-03  2.76495e-04  8.61813e-02
 9.75000e+01  6.90683e-02 -1.53857e-03  4.08601e-03 -2.22761e-02  1.57192e-03  2.47940e-04  8.54848e-02
 9.80000e+01  6.78793e-02 -1.23739e-03  4.03792e-03 -1.82293e-02  1.57580e-03  2.23909e-04  8.49107e-02
 9.85000e+01  6.69517e-02 -9.31983e-04  3.99974e-03 -1.39202e-02  1.57808e-03  2.04794e-04  8.44615e-02
 9.90000e+01  6.62876e-02 -6.23242e-04  3.97204e-03 -9.40210e-03  1.57931e-03  1.90911e-04  8.41393e-02
 9.95000e+01  6.58886e-02 -3.12207e-04  3.95526e-03 -4.73840e-03  1.57988e-03  1.82488e-04  8.39454e-02
