 0.00000e+00  5.22407e-01  9.06869e-17 -9.04234e-02  1.73594e-16 -1.81797e-02  1.26202e-02  2.32878e-01
 5.00000e-01  5.22038e-01 -1.73297e-04 -9.01814e-02 -3.31962e-04 -1.81905e-02  1.26062e-02  2.32860e-01
 1.00000e+00  5.20933e-01 -3.44579e-04 -8.94566e-02 -6.61464e-04 -1.82202e-02  1.25646e-02  2.32806e-01
 1.50000e+00  5.19091e-01 -5.11849e-04 -8.82532e-02 -9.86049e-04 -1.82616e-02  1.24962e-02  2.32717e-01
 2.00000e+00  5.16513e-01 -6.73150e-04 -8.65780e-02 -1.30326e-03 -1.83025e-02  1.24028e-02  2.32595e-01
 2.50000e+00  5.13200e-01 -8.26579e-04 -8.44410e-02 -1.61064e-03 -1.83271e-02  1.22866e-02  2.32441e-01
 3.00000e+00  5.09155e-01 -9.70306e-04 -8.18555e-02 -1.90572e-03 -1.83162e-02  1.21504e-02  2.32259e-01
 3.50000e+00  5.04381e-01 -1.10259e-03 -7.88386e-02 -2.18602e-03 -1.82487e-02  1.19975e-02  2.32049e-01
 4.00000e+00  4.98884e-01 -1.22179e-03 -7.54115e-02 -2.44904e-03 -1.81020e-02  1.18316e-02  2.31816e-01
 4.50000e+00  4.92671e-01 -1.32639e-03 -7.15997e-02 -2.69223e-03 -1.78540e-02  1.16567e-02  2.31561e-01
 5.00000e+00  4.85753e-01 -1.41500e-03 -6.74333e-02 -2.91301e-03 -1.74838e-02  1.14771e-02  2.31288e-01
 5.50000e+00  4.78145e-01 -1.48643e-03 -6.29470e-02 -3.10873e-03 -1.69731e-02  1.12972e-02  2.30998e-01
 6.00000e+00  4.69863e-01 -1.53962e-03 -5.81806e-02 -3.27675e-03 -1.63073e-02  1.11213e-02  2.30693e-01
 6.50000e+00  4.60931e-01 -1.57379e-03 -5.31778e-02 -3.41438e-03 -1.54763e-02  1.09538e-02  2.30374e-01
 7.00000e+00  4.51375e-01 -1.58839e-03 -4.79868e-02 -3.51901e-03 -1.44753e-02  1.07988e-02  2.30042e-01
 7.50000e+00  4.41227e-01 -1.58317e-03 -4.26589e-02 -3.58811e-03 -1.33051e-02  1.06600e-02  2.29696e-01
 8.00000e+00  4.30523e-01 -1.55822e-03 -3.72480e-02 -3.61937e-03 -1.19724e-02  1.05406e-02  2.29336e-01
 8.50000e+00  4.19305e-01 -1.51402e-03 -3.18096e-02 -3.61079e-03 -1.04896e-02  1.04434e-02  2.28961e-01
 9.00000e+00  4.07619e-01 -1.45147e-03 -2.63995e-02 -3.56084e-03 -8.87414e-03  1.03706e-02  2.28569e-01
 9.50000e+00  3.95517e-01 -1.37189e-03 -2.10728e-02 -3.46859e-03 -7.14811e-03  1.03234e-02  2.28159e-01
 1.00000e+01  3.83054e-01 -1.27708e-03 -1.58823e-02 -3.33394e-03 -5.33711e-03  1.03026e-02  2.27728e-01
 1.05000e+01  3.70288e-01 -1.16929e-03 -1.08775e-02 -3.15778e-03 -3.46935e-03  1.03080e-02  2.27275e-01
 1.10000e+01  3.57282e-01 -1.05119e-03 -6.10338e-03 -2.94220e-03 -1.57443e-03  1.03386e-02  2.26799e-01
 1.15000e+01  3.44098e-01 -9.25860e-04 -1.59930e-03 -2.69068e-03  3.17775e-04  1.03928e-02  2.26300e-01
 1.20000e+01  3.30804e-01 -7.96682e-04  2.60166e-03 -2.40832e-03  2.17821e-03  1.04681e-02  2.25779e-01
 1.25000e+01  3.17464e-01 -6.67291e-04  6.47341e-03 -2.10194e-03  3.97969e-03  1.05616e-02  2.25237e-01
 1.30000e+01  3.04146e-01 -5.41454e-04  9.99722e-03 -1.78024e-03  5.69777e-03  1.06697e-02  2.24677e-01
 1.35000e+01  2.90912e-01 -4.22946e-04  1.31618e-02 -1.45386e-03  7.31138e-03  1.07886e-02  2.24104e-01
 1.40000e+01  2.77827e-01 -3.15420e-04  1.59630e-02 -1.13531e-03  8.80339e-03  1.09142e-02  2.23522e-01
 1.45000e+01  2.64950e-01 -2.22262e-04  1.84037e-02 -8.38884e-04  1.01608e-02  1.10421e-02  2.22941e-01
 1.50000e+01  2.52338e-01 -1.46447e-04  2.04929e-02 -5.80360e-04  1.13749e-02  1.11683e-02  2.22367e-01
 1.55000e+01  2.40044e-01 -9.03977e-05  2.22452e-02 -3.76588e-04  1.24411e-02  1.12889e-02  2.21810e-01
 1.60000e+01  2.28115e-01 -5.58622e-05  2.36797e-02 -2.44886e-04  1.33585e-02  1.14005e-02  2.21281e-01
 1.65000e+01  2.16595e-01 -4.38056e-05  2.48191e-02 -2.02247e-04  1.41299e-02  1.14999e-02  2.20788e-01
 1.70000e+01  2.05521e-01 -5.43335e-05  2.56887e-02 -2.64370e-04  1.47608e-02  1.15850e-02  2.20343e-01
 1.75000e+01  1.94926e-01 -8.66484e-05  2.63155e-02 -4.44520e-04  1.52591e-02  1.16540e-02  2.19952e-01
 1.80000e+01  1.84836e-01 -1.39047e-04  2.67273e-02 -7.52271e-04  1.56348e-02  1.17061e-02  2.19624e-01
 1.85000e+01  1.75274e-01 -2.08962e-04  2.69517e-02 -1.19220e-03  1.58987e-02  1.17412e-02  2.19362e-01
 1.90000e+01  1.66254e-01 -2.93045e-04  2.70155e-02 -1.76264e-03  1.60626e-02  1.17599e-02  2.19166e-01
 1.95000e+01  1.57787e-01 -3.87303e-04  2.69442e-02 -2.45459e-03  1.61388e-02  1.17638e-02  2.19033e-01
 2.00000e+01  1.49880e-01 -4.87259e-04  2.67617e-02 -3.25100e-03  1.61389e-02  1.17547e-02  2.18956e-01
 2.05000e+01  1.42532e-01 -5.88161e-04  2.64895e-02 -4.12651e-03  1.60746e-02  1.17352e-02  2.18921e-01
 2.10000e+01  1.35741e-01 -6.85198e-04  2.61471e-02 -5.04784e-03  1.59566e-02  1.17081e-02  2.18911e-01
 2.15000e+01  1.29498e-01 -7.73735e-04  2.57518e-02 -5.97490e-03  1.57950e-02  1.16767e-02  2.18904e-01
 2.20000e+01  1.23790e-01 -8.49535e-04  2.53185e-02 -6.86271e-03  1.55990e-02  1.16440e-02  2.18879e-01
 2.25000e+01  1.18602e-01 -9.08967e-04  2.48607e-02 -7.66399e-03  1.53770e-02  1.16131e-02  2.18811e-01
 2.30000e+01  1.13915e-01 -9.49179e-04  2.43899e-02 -8.33237e-03  1.51369e-02  1.15869e-02  2.18681e-01
 2.35000e+01  1.09704e-01 -9.68227e-04  2.39164e-02 -8.82578e-03  1.48859e-02  1.15678e-02  2.18475e-01
 2.40000e+01  1.05946e-01 -9.65148e-04  2.34496e-02 -9.10985e-03  1.46308e-02  1.15579e-02  2.18188e-01
 2.45000e+01  1.02610e-01 -9.39974e-04  2.29976e-02 -9.16067e-03  1.43778e-02  1.15586e-02  2.17824e-01
 2.50000e+01  9.96664e-02 -8.93684e-04  2.25678e-02 -8.96676e-03  1.41326e-02  1.15709e-02  2.17400e-01
 2.55000e+01  9.70836e-02 -8.28098e-04  2.21666e-02 -8.52974e-03  1.39005e-02  1.15952e-02  2.16939e-01
 2.60000e+01  9.48287e-02 -7.45726e-04  2.17993e-02 -7.86393e-03  1.36859e-02  1.16315e-02  2.16473e-01
 2.65000e+01  9.28688e-02 -6.49591e-04  2.14704e-02 -6.99471e-03  1.34927e-02  1.16792e-02  2.16040e-01
 2.70000e+01  9.11717e-02 -5.43038e-04  2.11831e-02 -5.95622e-03  1.33239e-02  1.17374e-02  2.15677e-01
 2.75000e+01  8.97062e-02 -4.29566e-04  2.09395e-02 -4.78859e-03  1.31816e-02  1.18047e-02  2.15419e-01
 2.80000e+01  8.84432e-02 -3.12664e-04  2.07400e-02 -3.53520e-03  1.30667e-02  1.18799e-02  2.15296e-01
 2.85000e+01  8.73559e-02 -1.95685e-04  2.05836e-02 -2.24009e-03  1.29792e-02  1.19611e-02  2.15324e-01
 2.90000e+01  8.64202e-02 -8.17352e-05  2.04679e-02 -9.45788e-04  1.29175e-02  1.20467e-02  2.15508e-01
 2.95000e+01  8.56149e-02  2.64249e-05  2.03887e-02  3.08648e-04  1.28794e-02  1.21348e-02  2.15839e-01
 3.00000e+01  8.49215e-02  1.26462e-04  2.03406e-02  1.48917e-03  1.28611e-02  1.22236e-02  2.16296e-01
 3.05000e+01  8.43245e-02  2.16547e-04  2.03176e-02  2.56802e-03  1.28588e-02  1.23114e-02  2.16847e-01
 3.10000e+01  8.38105e-02  2.95400e-04  2.03131e-02  3.52462e-03  1.28678e-02  1.23965e-02  2.17453e-01
 3.15000e+01  8.33683e-02  3.62310e-04  2.03208e-02  4.34589e-03  1.28840e-02  1.24771e-02  2.18077e-01
 3.20000e+01  8.29884e-02  4.17100e-04  2.03347e-02  5.02600e-03  1.29031e-02  1.25519e-02  2.18679e-01
 3.25000e+01  8.26625e-02  4.60044e-04  2.03497e-02  5.56533e-03  1.29218e-02  1.26195e-02  2.19227e-01
 3.30000e+01  8.23832e-02  4.91743e-04  2.03613e-02  5.96897e-03  1.29368e-02  1.26789e-02  2.19691e-01
 3.35000e+01  8.21438e-02  5.12960e-04  2.03656e-02  6.24466e-03  1.29456e-02  1.27291e-02  2.20047e-01
 3.40000e+01  8.19382e-02  5.24458e-04  2.03599e-02  6.40065e-03  1.29462e-02  1.27697e-02  2.20278e-01
 3.45000e+01  8.17603e-02  5.26842e-04  2.03425e-02  6.44374e-03  1.29377e-02  1.28003e-02  2.20378e-01
 3.50000e+01  8.16040e-02  5.20447e-04  2.03132e-02  6.37771e-03  1.29201e-02  1.28208e-02  2.20352e-01
 3.55000e+01  8.14637e-02  5.05279e-04  2.02739e-02  6.20251e-03  1.28949e-02  1.28316e-02  2.20222e-01
 3.60000e+01  8.13336e-02  4.81022e-04  2.02278e-02  5.91418e-03  1.28645e-02  1.28331e-02  2.20024e-01
 3.65000e+01  8.12089e-02  4.47113e-04  2.01794e-02  5.50571e-03  1.28323e-02  1.28260e-02  2.19798e-01
 3.70000e+01  8.10856e-02  4.02874e-04  2.01333e-02  4.96850e-03  1.28018e-02  1.28116e-02  2.19588e-01
 3.75000e+01  8.09613e-02  3.47679e-04  2.00933e-02  4.29439e-03  1.27756e-02  1.27910e-02  2.19430e-01
 3.80000e+01  8.08348e-02  2.81137e-04  2.00619e-02  3.47792e-03  1.27558e-02  1.27661e-02  2.19345e-01
 3.85000e+01  8.07071e-02  2.03258e-04  2.00402e-02  2.51847e-03  1.27431e-02  1.27388e-02  2.19343e-01
 3.90000e+01  8.05801e-02  1.14583e-04  2.00284e-02  1.42198e-03  1.27375e-02  1.27109e-02  2.19422e-01
 3.95000e+01  8.04574e-02  1.62614e-05  2.00259e-02  2.02111e-04  1.27385e-02  1.26847e-02  2.19572e-01
 4.00000e+01  8.03432e-02 -8.99418e-05  2.00319e-02 -1.11947e-03  1.27456e-02  1.26622e-02  2.19781e-01
 4.05000e+01  8.02420e-02 -2.01696e-04  2.00456e-02 -2.51360e-03  1.27579e-02  1.26452e-02  2.20038e-01
 4.10000e+01  8.01586e-02 -3.16204e-04  2.00663e-02 -3.94473e-03  1.27748e-02  1.26353e-02  2.20327e-01
 4.15000e+01  8.00970e-02 -4.30319e-04  2.00929e-02 -5.37247e-03  1.27955e-02  1.26340e-02  2.20636e-01
 4.20000e+01  8.00611e-02 -5.40677e-04  2.01246e-02 -6.75330e-03  1.28193e-02  1.26422e-02  2.20951e-01
 4.25000e+01  8.00534e-02 -6.43811e-04  2.01602e-02 -8.04227e-03  1.28453e-02  1.26605e-02  2.21258e-01
 4.30000e+01  8.00754e-02 -7.36278e-04  2.01988e-02 -9.19482e-03  1.28727e-02  1.26891e-02  2.21548e-01
 4.35000e+01  8.01270e-02 -8.14779e-04  2.02397e-02 -1.01686e-02  1.29012e-02  1.27277e-02  2.21815e-01
 4.40000e+01  8.02071e-02 -8.76287e-04  2.02824e-02 -1.09253e-02  1.29303e-02  1.27756e-02  2.22055e-01
 4.45000e+01  8.03128e-02 -9.18187e-04  2.03264e-02 -1.14326e-02  1.29597e-02  1.28316e-02  2.22269e-01
 4.50000e+01  8.04402e-02 -9.38399e-04  2.03710e-02 -1.16658e-02  1.29892e-02  1.28940e-02  2.22456e-01
 4.55000e+01  8.05842e-02 -9.35492e-04  2.04155e-02 -1.16089e-02  1.30181e-02  1.29611e-02  2.22619e-01
 4.60000e+01  8.07388e-02 -9.08764e-04  2.04589e-02 -1.12556e-02  1.30460e-02  1.30306e-02  2.22756e-01
 4.65000e+01  8.08976e-02 -8.58287e-04  2.05001e-02 -1.06095e-02  1.30722e-02  1.31002e-02  2.22870e-01
 4.70000e+01  8.10536e-02 -7.84921e-04  2.05381e-02 -9.68397e-03  1.30962e-02  1.31672e-02  2.22962e-01
 4.75000e+01  8.11999e-02 -6.90292e-04  2.05719e-02 -8.50115e-03  1.31173e-02  1.32292e-02  2.23033e-01
 4.80000e+01  8.13301e-02 -5.76741e-04  2.06007e-02 -7.09136e-03  1.31352e-02  1.32837e-02  2.23085e-01
 4.85000e+01  8.14381e-02 -4.47239e-04  2.06238e-02 -5.49176e-03  1.31495e-02  1.33287e-02  2.23122e-01
 4.90000e+01  8.15191e-02 -3.05291e-04  2.06407e-02 -3.74503e-03  1.31598e-02  1.33622e-02  2.23146e-01
 4.95000e+01  8.15693e-02 -1.54813e-04  2.06509e-02 -1.89794e-03  1.31661e-02  1.33829e-02  2.23160e-01
 5.00000e+01  8.15862e-02  1.99450e-16  2.06544e-02  2.44465e-15  1.31682e-02  1.33899e-02  2.23164e-01
 5.05000e+01  8.15693e-02  1.54813e-04  2.06509e-02  1.89794e-03  1.31661e-02  1.33829e-02  2.23160e-01
 5.10000e+01  8.15191e-02  3.05291e-04  2.06407e-02  3.74503e-03  1.31598e-02  1.33622e-02  2.23146e-01
 5.15000e+01  8.14381e-02  4.47239e-04  2.06238e-02  5.49176e-03  1.31495e-02  1.33287e-02  2.23122e-01
 5.20000e+01  8.13301e-02  5.76741e-04  2.06007e-02  7.09136e-03  1.31352e-02  1.32837e-02  2.23085e-01
 5.25000e+01  8.11999e-02  6.90292e-04  2.05719e-02  8.50115e-03  1.31173e-02  1.32292e-02  2.23033e-01
 5.30000e+01  8.10536e-02  7.84921e-04  2.05381e-02  9.68397e-03  1.30962e-02  1.31672e-02  2.22962e-01
 5.35000e+01  8.08976e-02  8.58287e-04  2.05001e-02  1.06095e-02  1.30722e-02  1.31002e-02  2.22870e-01
 5.40000e+01  8.07388e-02  9.08764e-04  2.04589e-02  1.12556e-02  1.30460e-02  1.30306e-02  2.22756e-01
 5.45000e+01  8.05842e-02  9.35492e-04  2.04155e-02  1.16089e-02  1.30181e-02  1.29611e-02  2.22619e-01
 5.50000e+01  8.04402e-02  9.38399e-04  2.03710e-02  1.16658e-02  1.29892e-02  1.28940e-02  2.22456e-01
 5.55000e+01  8.03128e-02  9.18187e-04  2.03264e-02  1.14326e-02  1.29597e-02  1.28316e-02  2.22269e-01
 5.60000e+01  8.02071e-02  8.76287e-04  2.02824e-02  1.09253e-02  1.29303e-02  1.27756e-02  2.22055e-01
 5.65000e+01  8.01270e-02  8.14779e-04  2.02397e-02  1.01686e-02  1.29012e-02  1.27277e-02  2.21815e-01
 5.70000e+01  8.00754e-02  7.36278e-04  2.01988e-02  9.19482e-03  1.28727e-02  1.26891e-02  2.21548e-01
 5.75000e+01  8.00534e-02  6.43811e-04  2.01602e-02  8.04227e-03  1.28453e-02  1.26605e-02  2.21258e-01
 5.80000e+01  8.00611e-02  5.40677e-04  2.01246e-02  6.75330e-03  1.28193e-02  1.26422e-02  2.20951e-01
 5.85000e+01  8.00970e-02  4.30319e-04  2.00929e-02  5.37247e-03  1.27955e-02  1.26340e-02  2.20636e-01
 5.90000e+01  8.01586e-02  3.16204e-04  2.00663e-02  3.94473e-03  1.27748e-02  1.26353e-02  2.20327e-01
 5.95000e+01  8.02420e-02  2.01696e-04  2.00456e-02  2.51360e-03  1.27579e-02  1.26452e-02  2.20038e-01
 6.00000e+01  8.03432e-02  8.99418e-05  2.00319e-02  1.11947e-03  1.27456e-02  1.26622e-02  2.19781e-01
 6.05000e+01  8.04574e-02 -1.62614e-05  2.00259e-02 -2.02111e-04  1.27385e-02  1.26847e-02  2.19572e-01
 6.10000e+01  8.05801e-02 -1.14583e-04  2.00284e-02 -1.42198e-03  1.27375e-02  1.27109e-02  2.19422e-01
 6.15000e+01  8.07071e-02 -2.03258e-04  2.00402e-02 -2.51847e-03  1.27431e-02  1.27388e-02  2.19343e-01
 6.20000e+01  8.08348e-02 -2.81137e-04  2.00619e-02 -3.47792e-03  1.27558e-02  1.27661e-02  2.19345e-01
 6.25000e+01  8.09613e-02 -3.47679e-04  2.00933e-02 -4.29439e-03  1.27756e-02  1.27910e-02  2.19430e-01
 6.30000e+01  8.10856e-02 -4.02874e-04  2.01333e-02 -4.96850e-03  1.28018e-02  1.28116e-02  2.19588e-01
 6.35000e+01  8.12089e-02 -4.47113e-04  2.01794e-02 -5.50571e-03  1.28323e-02  1.28260e-02  2.19798e-01
 6.40000e+01  8.13336e-02 -4.81022e-04  2.02278e-02 -5.91418e-03  1.28645e-02  1.28331e-02  2.20024e-01
 6.45000e+01  8.14637e-02 -5.05279e-04  2.02739e-02 -6.20251e-03  1.28949e-02  1.28316e-02  2.20222e-01
 6.50000e+01  8.16040e-02 -5.20447e-04  2.03132e-02 -6.37771e-03  1.29201e-02  1.28208e-02  2.20352e-01
 6.55000e+01  8.17603e-02 -5.26842e-04  2.03425e-02 -6.44374e-03  1.29377e-02  1.28003e-02  2.20378e-01
 6.60000e+01  8.19382e-02 -5.24458e-04  2.03599e-02 -6.40065e-03  1.29462e-02  1.27697e-02  2.20278e-01
 6.65000e+01  8.21438e-02 -5.12960e-04  2.03656e-02 -6.24466e-03  1.29456e-02  1.27291e-02  2.20047e-01
 6.70000e+01  8.23832e-02 -4.91743e-04  2.03613e-02 -5.96897e-03  1.29368e-02  1.26789e-02  2.19691e-01
 6.75000e+01  8.26625e-02 -4.60044e-04  2.03497e-02 -5.56533e-03  1.29218e-02  1.26195e-02  2.19227e-01
 6.80000e+01  8.29884e-02 -4.17100e-04  2.03347e-02 -5.02600e-03  1.29031e-02  1.25519e-02  2.18679e-01
 6.85000e+01  8.33683e-02 -3.62310e-04  2.03208e-02 -4.34589e-03  1.28840e-02  1.24771e-02  2.18077e-01
 6.90000e+01  8.38105e-02 -2.95400e-04  2.03131e-02 -3.52462e-03  1.28678e-02  1.23965e-02  2.17453e-01
 6.95000e+01  8.43245e-02 -2.16547e-04  2.03176e-02 -2.56802e-03  1.28588e-02  1.23114e-02  2.16847e-01
 7.00000e+01  8.49215e-02 -1.26462e-04  2.03406e-02 -1.48917e-03  1.28611e-02  1.22236e-02  2.16296e-01
 7.05000e+01  8.56149e-02 -2.64249e-05  2.03887e-02 -3.08648e-04  1.28794e-02  1.21348e-02  2.15839e-01
 7.10000e+01  8.64202e-02  8.17352e-05  2.04679e-02  9.45788e-04  1.29175e-02  1.20467e-02  2.15508e-01
 7.15000e+01  8.73559e-02  1.95685e-04  2.05836e-02  2.24009e-03  1.29792e-02  1.19611e-02  2.15324e-01
 7.20000e+01  8.84432e-02  3.12664e-04  2.07400e-02  3.53520e-03  1.30667e-02  1.18799e-02  2.15296e-01
 7.25000e+01  8.97062e-02  4.29566e-04  2.09395e-02  4.78859e-03  1.31816e-02  1.18047e-02  2.15419e-01
 7.30000e+01  9.11717e-02  5.43038e-04  2.11831e-02  5.95622e-03  1.33239e-02  1.17374e-02  2.15677e-01
 7.35000e+01  9.28688e-02  6.49591e-04  2.14704e-02  6.99471e-03  1.34927e-02  1.16792e-02  2.16040e-01
 7.40000e+01  9.48287e-02  7.45726e-04  2.17993e-02  7.86393e-03  1.36859e-02  1.16315e-02  2.16473e-01
 7.45000e+01  9.70836e-02  8.28098e-04  2.21666e-02  8.52974e-03  1.39005e-02  1.15952e-02  2.16939e-01
 7.50000e+01  9.96664e-02  8.93684e-04  2.25678e-02  8.96676e-03  1.41326e-02  1.15709e-02  2.17400e-01
 7.55000e+01  1.02610e-01  9.39974e-04  2.29976e-02  9.16067e-03  1.43778e-02  1.15586e-02  2.17824e-01
 7.60000e+01  1.05946e-01  9.65148e-04  2.34496e-02  9.10985e-03  1.46308e-02  1.15579e-02  2.18188e-01
 7.65000e+01  1.09704e-01  9.68227e-04  2.39164e-02  8.82578e-03  1.48859e-02  1.15678e-02  2.18475e-01
 7.70000e+01  1.13915e-01  9.49179e-04  2.43899e-02  8.33237e-03  1.51369e-02  1.15869e-02  2.18681e-01
 7.75000e+01  1.18602e-01  9.08967e-04  2.48607e-02  7.66399e-03  1.53770e-02  1.16131e-02  2.18811e-01
 7.80000e+01  1.23790e-01  8.49535e-04  2.53185e-02  6.86271e-03  1.55990e-02  1.16440e-02  2.18879e-01
 7.85000e+01  1.29498e-01  7.73735e-04  2.57518e-02  5.97490e-03  1.57950e-02  1.16767e-02  2.18904e-01
 7.90000e+01  1.35741e-01  6.85198e-04  2.61471e-02  5.04784e-03  1.59566e-02  1.17081e-02  2.18911e-01
 7.95000e+01  1.42532e-01  5.88161e-04  2.64895e-02  4.12651e-03  1.60746e-02  1.17352e-02  2.18921e-01
 8.00000e+01  1.49880e-01  4.87259e-04  2.67617e-02  3.25100e-03  1.61389e-02  1.17547e-02  2.18956e-01
 8.05000e+01  1.57787e-01  3.87303e-04  2.69442e-02  2.45459e-03  1.61388e-02  1.17638e-02  2.19033e-01
 8.10000e+01  1.66254e-01  2.93045e-04  2.70155e-02  1.76264e-03  1.60626e-02  1.17599e-02  2.19166e-01
 8.15000e+01  1.75274e-01  2.08962e-04  2.69517e-02  1.19220e-03  1.58987e-02  1.17412e-02  2.19362e-01
 8.20000e+01  1.84836e-01  1.39047e-04  2.67273e-02  7.52271e-04  1.56348e-02  1.17061e-02  2.19624e-01
 8.25000e+01  1.94926e-01  8.66484e-05  2.63155e-02  4.44520e-04  1.52591e-02  1.16540e-02  2.19952e-01
 8.30000e+01  2.05521e-01  5.43335e-05  2.56887e-02  2.64370e-04  1.47608e-02  1.15850e-02  2.20343e-01
 8.35000e+01  2.16595e-01  4.38056e-05  2.48191e-02  2.02247e-04  1.41299e-02  1.14999e-02  2.20788e-01
 8.40000e+01  2.28115e-01  5.58622e-05  2.36797e-02  2.44886e-04  1.33585e-02  1.14005e-02  2.21281e-01
 8.45000e+01  2.40044e-01  9.03977e-05  2.22452e-02  3.76588e-04  1.24411e-02  1.12889e-02  2.21810e-01
 8.50000e+01  2.52338e-01  1.46447e-04  2.04929e-02  5.80360e-04  1.13749e-02  1.11683e-02  2.22367e-01
 8.55000e+01  2.64950e-01  2.22262e-04  1.84037e-02  8.38884e-04  1.01608e-02  1.10421e-02  2.22941e-01
 8.60000e+01  2.77827e-01  3.15420e-04  1.59630e-02  1.13531e-03  8.80339e-03  1.09142e-02  2.23522e-01
 8.65000e+01  2.90912e-01  4.22946e-04  1.31618e-02  1.45386e-03  7.31138e-03  1.07886e-02  2.24104e-01
 8.70000e+01  3.04146e-01  5.41454e-04  9.99722e-03  1.78024e-03  5.69777e-03  1.06697e-02  2.24677e-01
 8.75000e+01  3.17464e-01  6.67291e-04  6.47341e-03  2.10194e-03  3.97969e-03  1.05616e-02  2.25237e-01
 8.80000e+01  3.30804e-01  7.96682e-04  2.60166e-03  2.40832e-03  2.17821e-03  1.04681e-02  2.25779e-01
 8.85000e+01  3.44098e-01  9.25860e-04 -1.59930e-03  2.69068e-03  3.17775e-04  1.03928e-02  2.26300e-01
 8.90000e+01  3.57282e-01  1.05119e-03 -6.10338e-03  2.94220e-03 -1.57443e-03  1.03386e-02  2.26799e-01
 8.95000e+01  3.70288e-01  1.16929e-03 -1.08775e-02  3.15778e-03 -3.46935e-03  1.03080e-02  2.27275e-01
 9.00000e+01  3.83054e-01  1.27708e-03 -1.58823e-02  3.33394e-03 -5.33711e-03  1.03026e-02  2.27728e-01
 9.05000e+01  3.95517e-01  1.37189e-03 -2.10728e-02  3.46859e-03 -7.14811e-03  1.03234e-02  2.28159e-01
 9.10000e+01  4.07619e-01  1.45147e-03 -2.63995e-02  3.56084e-03 -8.87414e-03  1.03706e-02  2.28569e-01
 9.15000e+01  4.19305e-01  1.51402e-03 -3.18096e-02  3.61079e-03 -1.04896e-02  1.04434e-02  2.28961e-01
 9.20000e+01  4.30523e-01  1.55822e-03 -3.72480e-02  3.61937e-03 -1.19724e-02  1.05406e-02  2.29336e-01
 9.25000e+01  4.41227e-01  1.58317e-03 -4.26589e-02  3.58811e-03 -1.33051e-02  1.06600e-02  2.29696e-01
 9.30000e+01  4.51375e-01  1.58839e-03 -4.79868e-02  3.51901e-03 -1.44753e-02  1.07988e-02  2.30042e-01
 9.35000e+01  4.60931e-01  1.57379e-03 -5.31778e-02  3.41438e-03 -1.54763e-02  1.09538e-02  2.30374e-01
 9.40000e+01  4.69863e-01  1.53962e-03 -5.81806e-02  3.27675e-03 -1.63073e-02  1.11213e-02  2.30693e-01
 9.45000e+01  4.78145e-01  1.48643e-03 -6.29470e-02  3.10873e-03 -1.69731e-02  1.12972e-02  2.30998e-01
 9.50000e+01  4.85753e-01  1.41500e-03 -6.74333e-02  2.91301e-03 -1.74838e-02  1.14771e-02  2.31288e-01
 9.55000e+01  4.92671e-01  1.32639e-03 -7.15997e-02  2.69223e-03 -1.78540e-02  1.16567e-02  2.31561e-01
 9.60000e+01  4.98884e-01  1.22179e-03 -7.54115e-02  2.44904e-03 -1.81020e-02  1.18316e-02  2.31816e-01
 9.65000e+01  5.04381e-01  1.10259e-03 -7.88386e-02  2.18602e-03 -1.82487e-02  1.19975e-02  2.32049e-01
 9.70000e+01  5.09155e-01  9.70306e-04 -8.18555e-02  1.90572e-03 -1.83162e-02  1.21504e-02  2.32259e-01
 9.75000e+01  5.13200e-01  8.26579e-04 -8.44410e-02  1.61064e-03 -1.83271e-02  1.22866e-02  2.32441e-01
 9.80000e+01  5.16513e-01  6.73150e-04 -8.65780e-02  1.30326e-03 -1.83025e-02  1.24028e-02  2.32595e-01
 9.85000e+01  5.19091e-01  5.11849e-04 -8.82532e-02  9.86049e-04 -1.82616e-02  1.24962e-02  2.32717e-01
 9.90000e+01  5.20933e-01  3.44579e-04 -8.94566e-02  6.61464e-04 -1.82202e-02  1.25646e-02  2.32806e-01
 9.95000e+01  5.22038e-01  1.73297e-04 -9.01814e-02  3.31962e-04 -1.81905e-02  1.26062e-02  2.32860e-01
