 0.00000e+00  2.12795e-01 -1.36792e-15  9.90716e-02 -6.42836e-15  7.69679e-02  4.52246e-01
 5.00000e-01  2.12788e-01  6.56475e-05  9.90723e-02  3.08511e-04  7.69679e-02  4.52253e-01
 1.00000e+00  2.12770e-01  1.31234e-04  9.90743e-02  6.16789e-04  7.69679e-02  4.52274e-01
 1.50000e+00  2.12738e-01  1.96699e-04  9.90777e-02  9.24603e-04  7.69680e-02  4.52309e-01
 2.00000e+00  2.12695e-01  2.61980e-04  9.90824e-02  1.23172e-03  7.69680e-02  4.52359e-01
 2.50000e+00  2.12639e-01  3.27019e-04  9.90884e-02  1.53791e-03  7.69681e-02  4.52422e-01
 3.00000e+00  2.12570e-01  3.91753e-04  9.90958e-02  1.84293e-03  7.69682e-02  4.52500e-01
 3.50000e+00  2.12489e-01  4.56122e-04  9.91044e-02  2.14657e-03  7.69682e-02  4.52591e-01
 4.00000e+00  2.12396e-01  5.20068e-04  9.91144e-02  2.44857e-03  7.69683e-02  4.52696e-01
 4.50000e+00  2.12291e-01  5.83529e-04  9.91256e-02  2.74872e-03  7.69684e-02  4.52816e-01
 5.00000e+00  2.12174e-01  6.46447e-04  9.91381e-02  3.04678e-03  7.69685e-02  4.52949e-01
 5.50000e+00  2.12045e-01  7.08763e-04  9.91518e-02  3.34251e-03  7.69685e-02  4.53095e-01
 6.00000e+00  2.11904e-01  7.70418e-04  9.91667e-02  3.63569e-03  7.69685e-02  4.53256e-01
 6.50000e+00  2.11752e-01  8.31354e-04  9.91828e-02  3.92608e-03  7.69685e-02  4.53429e-01
 7.00000e+00  2.11588e-01  8.91515e-04  9.92001e-02  4.21345e-03  7.69685e-02  4.53616e-01
 7.50000e+00  2.11412e-01  9.50843e-04  9.92185e-02  4.49757e-03  7.69684e-02  4.53817e-01
 8.00000e+00  2.11226e-01  1.00928e-03  9.92379e-02  4.77821e-03  7.69683e-02  4.54030e-01
 8.50000e+00  2.11028e-01  1.06678e-03  9.92584e-02  5.05514e-03  7.69681e-02  4.54256e-01
 9.00000e+00  2.10820e-01  1.12327e-03  9.92799e-02  5.32812e-03  7.69679e-02  4.54495e-01
 9.50000e+00  2.10601e-01  1.17872e-03  9.93024e-02  5.59692e-03  7.69676e-02  4.54747e-01
 1.00000e+01  2.10372e-01  1.23305e-03  9.93259e-02  5.86132e-03  7.69671e-02  4.55011e-01
 1.05000e+01  2.10132e-01  1.28623e-03  9.93502e-02  6.12107e-03  7.69666e-02  4.55287e-01
 1.10000e+01  2.09883e-01  1.33820e-03  9.93754e-02  6.37597e-03  7.69660e-02  4.55576e-01
 1.15000e+01  2.09623e-01  1.38892e-03  9.94014e-02  6.62577e-03  7.69652e-02  4.55876e-01
 1.20000e+01  2.09355e-01  1.43832e-03  9.94281e-02  6.87024e-03  7.69644e-02  4.56187e-01
 1.25000e+01  2.09077e-01  1.48636e-03  9.94556e-02  7.10917e-03  7.69633e-02  4.56511e-01
 1.30000e+01  2.08790e-01  1.53300e-03  9.94837e-02  7.34231e-03  7.69621e-02  4.56845e-01
 1.35000e+01  2.08495e-01  1.57819e-03  9.95124e-02  7.56946e-03  7.69608e-02  4.57190e-01
 1.40000e+01  2.08191e-01  1.62189e-03  9.95417e-02  7.79038e-03  7.69592e-02  4.57545e-01
 1.45000e+01  2.07879e-01  1.66404e-03  9.95715e-02  8.00486e-03  7.69575e-02  4.57911e-01
 1.50000e+01  2.07559e-01  1.70462e-03  9.96018e-02  8.21266e-03  7.69556e-02  4.58287e-01
 1.55000e+01  2.07232e-01  1.74357e-03  9.96324e-02  8.41357e-03  7.69534e-02  4.58672e-01
 1.60000e+01  2.06898e-01  1.78085e-03  9.96634e-02  8.60738e-03  7.69510e-02  4.59067e-01
 1.65000e+01  2.06557e-01  1.81644e-03  9.96947e-02  8.79387e-03  7.69484e-02  4.59471e-01
 1.70000e+01  2.06210e-01  1.85028e-03  9.97263e-02  8.97283e-03  7.69455e-02  4.59884e-01
 1.75000e+01  2.05856e-01  1.88235e-03  9.97580e-02  9.14405e-03  7.69423e-02  4.60305e-01
 1.80000e+01  2.05496e-01  1.91262e-03  9.97899e-02  9.30731e-03  7.69389e-02  4.60734e-01
 1.85000e+01  2.05131e-01  1.94104e-03  9.98219e-02  9.46242e-03  7.69351e-02  4.61170e-01
 1.90000e+01  2.04761e-01  1.96759e-03  9.98538e-02  9.60918e-03  7.69311e-02  4.61614e-01
 1.95000e+01  2.04386e-01  1.99223e-03  9.98858e-02  9.74739e-03  7.69267e-02  4.62065e-01
 2.00000e+01  2.04007e-01  2.01495e-03  9.99177e-02  9.87686e-03  7.69220e-02  4.62522e-01
 2.05000e+01  2.03624e-01  2.03571e-03  9.99494e-02  9.99740e-03  7.69169e-02  4.62985e-01
 2.10000e+01  2.03237e-01  2.05448e-03  9.99809e-02  1.01088e-02  7.69115e-02  4.63453e-01
 2.15000e+01  2.02846e-01  2.07126e-03  1.00012e-01  1.02110e-02  7.69058e-02  4.63927e-01
 2.20000e+01  2.02453e-01  2.08600e-03  1.00043e-01  1.03036e-02  7.68996e-02  4.64406e-01
 2.25000e+01  2.02057e-01  2.09871e-03  1.00074e-01  1.03867e-02  7.68931e-02  4.64888e-01
 2.30000e+01  2.01660e-01  2.10935e-03  1.00104e-01  1.04600e-02  7.68863e-02  4.65374e-01
 2.35000e+01  2.01260e-01  2.11792e-03  1.00134e-01  1.05233e-02  7.68790e-02  4.65864e-01
 2.40000e+01  2.00859e-01  2.12439e-03  1.00163e-01  1.05765e-02  7.68713e-02  4.66356e-01
 2.45000e+01  2.00457e-01  2.12877e-03  1.00192e-01  1.06196e-02  7.68633e-02  4.66851e-01
 2.50000e+01  2.00054e-01  2.13103e-03  1.00221e-01  1.06523e-02  7.68548e-02  4.67347e-01
 2.55000e+01  1.99652e-01  2.13118e-03  1.00248e-01  1.06745e-02  7.68459e-02  4.67845e-01
 2.60000e+01  1.99249e-01  2.12921e-03  1.00275e-01  1.06862e-02  7.68367e-02  4.68344e-01
 2.65000e+01  1.98847e-01  2.12511e-03  1.00302e-01  1.06871e-02  7.68270e-02  4.68842e-01
 2.70000e+01  1.98446e-01  2.11888e-03  1.00327e-01  1.06774e-02  7.68170e-02  4.69341e-01
 2.75000e+01  1.98046e-01  2.11053e-03  1.00352e-01  1.06568e-02  7.68065e-02  4.69838e-01
 2.80000e+01  1.97649e-01  2.10007e-03  1.00376e-01  1.06253e-02  7.67957e-02  4.70335e-01
 2.85000e+01  1.97253e-01  2.08748e-03  1.00400e-01  1.05828e-02  7.67845e-02  4.70829e-01
 2.90000e+01  1.96860e-01  2.07280e-03  1.00422e-01  1.05293e-02  7.67729e-02  4.71321e-01
 2.95000e+01  1.96469e-01  2.05602e-03  1.00444e-01  1.04648e-02  7.67609e-02  4.71810e-01
 3.00000e+01  1.96082e-01  2.03716e-03  1.00465e-01  1.03893e-02  7.67487e-02  4.72296e-01
 3.05000e+01  1.95699e-01  2.01624e-03  1.00485e-01  1.03028e-02  7.67361e-02  4.72777e-01
 3.10000e+01  1.95320e-01  1.99327e-03  1.00504e-01  1.02052e-02  7.67231e-02  4.73254e-01
 3.15000e+01  1.94945e-01  1.96828e-03  1.00522e-01  1.00966e-02  7.67099e-02  4.73726e-01
 3.20000e+01  1.94575e-01  1.94129e-03  1.00540e-01  9.97704e-03  7.66964e-02  4.74193e-01
 3.25000e+01  1.94211e-01  1.91232e-03  1.00556e-01  9.84662e-03  7.66827e-02  4.74653e-01
 3.30000e+01  1.93851e-01  1.88140e-03  1.00572e-01  9.70537e-03  7.66687e-02  4.75107e-01
 3.35000e+01  1.93498e-01  1.84856e-03  1.00587e-01  9.55340e-03  7.66546e-02  4.75554e-01
 3.40000e+01  1.93151e-01  1.81384e-03  1.00600e-01  9.39081e-03  7.66402e-02  4.75993e-01
 3.45000e+01  1.92811e-01  1.77727e-03  1.00613e-01  9.21772e-03  7.66258e-02  4.76424e-01
 3.50000e+01  1.92477e-01  1.73889e-03  1.00625e-01  9.03428e-03  7.66112e-02  4.76846e-01
 3.55000e+01  1.92151e-01  1.69874e-03  1.00637e-01  8.84064e-03  7.65965e-02  4.77259e-01
 3.60000e+01  1.91832e-01  1.65685e-03  1.00647e-01  8.63698e-03  7.65818e-02  4.77663e-01
 3.65000e+01  1.91522e-01  1.61328e-03  1.00657e-01  8.42348e-03  7.65671e-02  4.78057e-01
 3.70000e+01  1.91219e-01  1.56806e-03  1.00666e-01  8.20034e-03  7.65525e-02  4.78440e-01
 3.75000e+01  1.90926e-01  1.52126e-03  1.00674e-01  7.96779e-03  7.65379e-02  4.78813e-01
 3.80000e+01  1.90641e-01  1.47290e-03  1.00681e-01  7.72606e-03  7.65234e-02  4.79174e-01
 3.85000e+01  1.90365e-01  1.42306e-03  1.00688e-01  7.47541e-03  7.65091e-02  4.79524e-01
 3.90000e+01  1.90099e-01  1.37177e-03  1.00694e-01  7.21609e-03  7.64949e-02  4.79862e-01
 3.95000e+01  1.89843e-01  1.31910e-03  1.00700e-01  6.94840e-03  7.64810e-02  4.80187e-01
 4.00000e+01  1.89596e-01  1.26510e-03  1.00705e-01  6.67261e-03  7.64674e-02  4.80499e-01
 4.05000e+01  1.89360e-01  1.20983e-03  1.00709e-01  6.38903e-03  7.64541e-02  4.80799e-01
 4.10000e+01  1.89134e-01  1.15334e-03  1.00713e-01  6.09799e-03  7.64412e-02  4.81085e-01
 4.15000e+01  1.88920e-01  1.09570e-03  1.00716e-01  5.79981e-03  7.64287e-02  4.81357e-01
 4.20000e+01  1.88716e-01  1.03696e-03  1.00719e-01  5.49483e-03  7.64166e-02  4.81615e-01
 4.25000e+01  1.88523e-01  9.77192e-04  1.00721e-01  5.18341e-03  7.64051e-02  4.81859e-01
 4.30000e+01  1.88342e-01  9.16452e-04  1.00724e-01  4.86590e-03  7.63940e-02  4.82089e-01
 4.35000e+01  1.88172e-01  8.54804e-04  1.00725e-01  4.54267e-03  7.63835e-02  4.82303e-01
 4.40000e+01  1.88014e-01  7.92312e-04  1.00727e-01  4.21410e-03  7.63737e-02  4.82503e-01
 4.45000e+01  1.87869e-01  7.29038e-04  1.00728e-01  3.88057e-03  7.63645e-02  4.82688e-01
 4.50000e+01  1.87735e-01  6.65048e-04  1.00729e-01  3.54248e-03  7.63559e-02  4.82857e-01
 4.55000e+01  1.87614e-01  6.00405e-04  1.00730e-01  3.20022e-03  7.63481e-02  4.83010e-01
 4.60000e+01  1.87505e-01  5.35175e-04  1.00731e-01  2.85420e-03  7.63410e-02  4.83148e-01
 4.65000e+01  1.87408e-01  4.69422e-04  1.00731e-01  2.50481e-03  7.63347e-02  4.83270e-01
 4.70000e+01  1.87324e-01  4.03212e-04  1.00732e-01  2.15248e-03  7.63292e-02  4.83375e-01
 4.75000e+01  1.87253e-01  3.36609e-04  1.00732e-01  1.79762e-03  7.63245e-02  4.83465e-01
 4.80000e+01  1.87195e-01  2.69680e-04  1.00732e-01  1.44064e-03  7.63206e-02  4.83539e-01
 4.85000e+01  1.87150e-01  2.02489e-04  1.00732e-01  1.08196e-03  7.63175e-02  4.83596e-01
 4.90000e+01  1.87117e-01  1.35102e-04  1.00732e-01  7.22016e-04  7.63154e-02  4.83637e-01
 4.95000e+01  1.87098e-01  6.75835e-05  1.00732e-01  3.61220e-04  7.63141e-02  4.83662e-01
 5.00000e+01  1.87091e-01 -6.12395e-15  1.00732e-01 -3.27324e-14  7.63136e-02  4.83670e-01
 5.05000e+01  1.87098e-01 -6.75835e-05  1.00732e-01 -3.61220e-04  7.63141e-02  4.83662e-01
 5.10000e+01  1.87117e-01 -1.35102e-04  1.00732e-01 -7.22016e-04  7.63154e-02  4.83637e-01
 5.15000e+01  1.87150e-01 -2.02489e-04  1.00732e-01 -1.08196e-03  7.63175e-02  4.83596e-01
 5.20000e+01  1.87195e-01 -2.69680e-04  1.00732e-01 -1.44064e-03  7.63206e-02  4.83539e-01
 5.25000e+01  1.87253e-01 -3.36609e-04  1.00732e-01 -1.79762e-03  7.63245e-02  4.83465e-01
 5.30000e+01  1.87324e-01 -4.03212e-04  1.00732e-01 -2.15248e-03  7.63292e-02  4.83375e-01
 5.35000e+01  1.87408e-01 -4.69422e-04  1.00731e-01 -2.50481e-03  7.63347e-02  4.83270e-01
 5.40000e+01  1.87505e-01 -5.35175e-04  1.00731e-01 -2.85420e-03  7.63410e-02  4.83148e-01
 5.45000e+01  1.87614e-01 -6.00405e-04  1.00730e-01 -3.20022e-03  7.63481e-02  4.83010e-01
 5.50000e+01  1.87735e-01 -6.65048e-04  1.00729e-01 -3.54248e-03  7.63559e-02  4.82857e-01
 5.55000e+01  1.87869e-01 -7.29038e-04  1.00728e-01 -3.88057e-03  7.63645e-02  4.82688e-01
 5.60000e+01  1.88014e-01 -7.92312e-04  1.00727e-01 -4.21410e-03  7.63737e-02  4.82503e-01
 5.65000e+01  1.88172e-01 -8.54804e-04  1.00725e-01 -4.54267e-03  7.63835e-02  4.82303e-01
 5.70000e+01  1.88342e-01 -9.16452e-04  1.00724e-01 -4.86590e-03  7.63940e-02  4.82089e-01
 5.75000e+01  1.88523e-01 -9.77192e-04  1.00721e-01 -5.18341e-03  7.64051e-02  4.81859e-01
 5.80000e+01  1.88716e-01 -1.03696e-03  1.00719e-01 -5.49483e-03  7.64166e-02  4.81615e-01
 5.85000e+01  1.88920e-01 -1.09570e-03  1.00716e-01 -5.79981e-03  7.64287e-02  4.81357e-01
 5.90000e+01  1.89134e-01 -1.15334e-03  1.00713e-01 -6.09799e-03  7.64412e-02  4.81085e-01
 5.95000e+01  1.89360e-01 -1.20983e-03  1.00709e-01 -6.38903e-03  7.64541e-02  4.80799e-01
 6.00000e+01  1.89596e-01 -1.26510e-03  1.00705e-01 -6.67261e-03  7.64674e-02  4.80499e-01
 6.05000e+01  1.89843e-01 -1.31910e-03  1.00700e-01 -6.94840e-03  7.64810e-02  4.80187e-01
 6.10000e+01  1.90099e-01 -1.37177e-03  1.00694e-01 -7.21609e-03  7.64949e-02  4.79862e-01
 6.15000e+01  1.90365e-01 -1.42306e-03  1.00688e-01 -7.47541e-03  7.65091e-02  4.79524e-01
 6.20000e+01  1.90641e-01 -1.47290e-03  1.00681e-01 -7.72606e-03  7.65234e-02  4.79174e-01
 6.25000e+01  1.90926e-01 -1.52126e-03  1.00674e-01 -7.96779e-03  7.65379e-02  4.78813e-01
 6.30000e+01  1.91219e-01 -1.56806e-03  1.00666e-01 -8.20034e-03  7.65525e-02  4.78440e-01
 6.35000e+01  1.91522e-01 -1.61328e-03  1.00657e-01 -8.42348e-03  7.65671e-02  4.78057e-01
 6.40000e+01  1.91832e-01 -1.65685e-03  1.00647e-01 -8.63698e-03  7.65818e-02  4.77663e-01
 6.45000e+01  1.92151e-01 -1.69874e-03  1.00637e-01 -8.84064e-03  7.65965e-02  4.77259e-01
 6.50000e+01  1.92477e-01 -1.73889e-03  1.00625e-01 -9.03428e-03  7.66112e-02  4.76846e-01
 6.55000e+01  1.92811e-01 -1.77727e-03  1.00613e-01 -9.21772e-03  7.66258e-02  4.76424e-01
 6.60000e+01  1.93151e-01 -1.81384e-03  1.00600e-01 -9.39081e-03  7.66402e-02  4.75993e-01
 6.65000e+01  1.93498e-01 -1.84856e-03  1.00587e-01 -9.55340e-03  7.66546e-02  4.75554e-01
 6.70000e+01  1.93851e-01 -1.88140e-03  1.00572e-01 -9.70537e-03  7.66687e-02  4.75107e-01
 6.75000e+01  1.94211e-01 -1.91232e-03  1.00556e-01 -9.84662e-03  7.66827e-02  4.74653e-01
 6.80000e+01  1.94575e-01 -1.94129e-03  1.00540e-01 -9.97704e-03  7.66964e-02  4.74193e-01
 6.85000e+01  1.94945e-01 -1.96828e-03  1.00522e-01 -1.00966e-02  7.67099e-02  4.73726e-01
 6.90000e+01  1.95320e-01 -1.99327e-03  1.00504e-01 -1.02052e-02  7.67231e-02  4.73254e-01
 6.95000e+01  1.95699e-01 -2.01624e-03  1.00485e-01 -1.03028e-02  7.67361e-02  4.72777e-01
 7.00000e+01  1.96082e-01 -2.03716e-03  1.00465e-01 -1.03893e-02  7.67487e-02  4.72296e-01
 7.05000e+01  1.96469e-01 -2.05602e-03  1.00444e-01 -1.04648e-02  7.67609e-02  4.71810e-01
 7.10000e+01  1.96860e-01 -2.07280e-03  1.00422e-01 -1.05293e-02  7.67729e-02  4.71321e-01
 7.15000e+01  1.97253e-01 -2.08748e-03  1.00400e-01 -1.05828e-02  7.67845e-02  4.70829e-01
 7.20000e+01  1.97649e-01 -2.10007e-03  1.00376e-01 -1.06253e-02  7.67957e-02  4.70335e-01
 7.25000e+01  1.98046e-01 -2.11053e-03  1.00352e-01 -1.06568e-02  7.68065e-02  4.69838e-01
 7.30000e+01  1.98446e-01 -2.11888e-03  1.00327e-01 -1.06774e-02  7.68170e-02  4.69341e-01
 7.35000e+01  1.98847e-01 -2.12511e-03  1.00302e-01 -1.06871e-02  7.68270e-02  4.68842e-01
 7.40000e+01  1.99249e-01 -2.12921e-03  1.00275e-01 -1.06862e-02  7.68367e-02  4.68344e-01
 7.45000e+01  1.99652e-01 -2.13118e-03  1.00248e-01 -1.06745e-02  7.68459e-02  4.67845e-01
 7.50000e+01  2.00054e-01 -2.13103e-03  1.00221e-01 -1.06523e-02  7.68548e-02  4.67347e-01
 7.55000e+01  2.00457e-01 -2.12877e-03  1.00192e-01 -1.06196e-02  7.68633e-02  4.66851e-01
 7.60000e+01  2.00859e-01 -2.12439e-03  1.00163e-01 -1.05765e-02  7.68713e-02  4.66356e-01
 7.65000e+01  2.01260e-01 -2.11792e-03  1.00134e-01 -1.05233e-02  7.68790e-02  4.65864e-01
 7.70000e+01  2.01660e-01 -2.10935e-03  1.00104e-01 -1.04600e-02  7.68863e-02  4.65374e-01
 7.75000e+01  2.02057e-01 -2.09871e-03  1.00074e-01 -1.03867e-02  7.68931e-02  4.64888e-01
 7.80000e+01  2.02453e-01 -2.08600e-03  1.00043e-01 -1.03036e-02  7.68996e-02  4.64406e-01
 7.85000e+01  2.02846e-01 -2.07126e-03  1.00012e-01 -1.02110e-02  7.69058e-02  4.63927e-01
 7.90000e+01  2.03237e-01 -2.05448e-03  9.99809e-02 -1.01088e-02  7.69115e-02  4.63453e-01
 7.95000e+01  2.03624e-01 -2.03571e-03  9.99494e-02 -9.99740e-03  7.69169e-02  4.62985e-01
 8.00000e+01  2.04007e-01 -2.01495e-03  9.99177e-02 -9.87686e-03  7.69220e-02  4.62522e-01
 8.05000e+01  2.04386e-01 -1.99223e-03  9.98858e-02 -9.74739e-03  7.69267e-02  4.62065e-01
 8.10000e+01  2.04761e-01 -1.96759e-03  9.98538e-02 -9.60918e-03  7.69311e-02  4.61614e-01
 8.15000e+01  2.05131e-01 -1.94104e-03  9.98219e-02 -9.46242e-03  7.69351e-02  4.61170e-01
 8.20000e+01  2.05496e-01 -1.91262e-03  9.97899e-02 -9.30731e-03  7.69389e-02  4.60734e-01
 8.25000e+01  2.05856e-01 -1.88235e-03  9.97580e-02 -9.14405e-03  7.69423e-02  4.60305e-01
 8.30000e+01  2.06210e-01 -1.85028e-03  9.97263e-02 -8.97283e-03  7.69455e-02  4.59884e-01
 8.35000e+01  2.06557e-01 -1.81644e-03  9.96947e-02 -8.79387e-03  7.69484e-02  4.59471e-01
 8.40000e+01  2.06898e-01 -1.78085e-03  9.96634e-02 -8.60738e-03  7.69510e-02  4.59067e-01
 8.45000e+01  2.07232e-01 -1.74357e-03  9.96324e-02 -8.41357e-03  7.69534e-02  4.58672e-01
 8.50000e+01  2.07559e-01 -1.70462e-03  9.96018e-02 -8.21266e-03  7.69556e-02  4.58287e-01
 8.55000e+01  2.07879e-01 -1.66404e-03  9.95715e-02 -8.00486e-03  7.69575e-02  4.57911e-01
 8.60000e+01  2.08191e-01 -1.62189e-03  9.95417e-02 -7.79038e-03  7.69592e-02  4.57545e-01
 8.65000e+01  2.08495e-01 -1.57819e-03  9.95124e-02 -7.56946e-03  7.69608e-02  4.57190e-01
 8.70000e+01  2.08790e-01 -1.53300e-03  9.94837e-02 -7.34231e-03  7.69621e-02  4.56845e-01
 8.75000e+01  2.09077e-01 -1.48636e-03  9.94556e-02 -7.10917e-03  7.69633e-02  4.56511e-01
 8.80000e+01  2.09355e-01 -1.43832e-03  9.94281e-02 -6.87024e-03  7.69644e-02  4.56187e-01
 8.85000e+01  2.09623e-01 -1.38892e-03  9.94014e-02 -6.62577e-03  7.69652e-02  4.55876e-01
 8.90000e+01  2.09883e-01 -1.33820e-03  9.93754e-02 -6.37597e-03  7.69660e-02  4.55576e-01
 8.95000e+01  2.10132e-01 -1.28623e-03  9.93502e-02 -6.12107e-03  7.69666e-02  4.55287e-01
 9.00000e+01  2.10372e-01 -1.23305e-03  9.93259e-02 -5.86132e-03  7.69671e-02  4.55011e-01
 9.05000e+01  2.10601e-01 -1.17872e-03  9.93024e-02 -5.59692e-03  7.69676e-02  4.54747e-01
 9.10000e+01  2.10820e-01 -1.12327e-03  9.92799e-02 -5.32812e-03  7.69679e-02  4.54495e-01
 9.15000e+01  2.11028e-01 -1.06678e-03  9.92584e-02 -5.05514e-03  7.69681e-02  4.54256e-01
 9.20000e+01  2.11226e-01 -1.00928e-03  9.92379e-02 -4.77821e-03  7.69683e-02  4.54030e-01
 9.25000e+01  2.11412e-01 -9.50843e-04  9.92185e-02 -4.49757e-03  7.69684e-02  4.53817e-01
 9.30000e+01  2.11588e-01 -8.91515e-04  9.92001e-02 -4.21345e-03  7.69685e-02  4.53616e-01
 9.35000e+01  2.11752e-01 -8.31354e-04  9.91828e-02 -3.92608e-03  7.69685e-02  4.53429e-01
 9.40000e+01  2.11904e-01 -7.70418e-04  9.91667e-02 -3.63569e-03  7.69685e-02  4.53256e-01
 9.45000e+01  2.12045e-01 -7.08763e-04  9.91518e-02 -3.34251e-03  7.69685e-02  4.53095e-01
 9.50000e+01  2.12174e-01 -6.46447e-04  9.91381e-02 -3.04678e-03  7.69685e-02  4.52949e-01
 9.55000e+01  2.12291e-01 -5.83529e-04  9.91256e-02 -2.74872e-03  7.69684e-02  4.52816e-01
 9.60000e+01  2.12396e-01 -5.20068e-04  9.91144e-02 -2.44857e-03  7.69683e-02  4.52696e-01
 9.65000e+01  2.12489e-01 -4.56122e-04  9.91044e-02 -2.14657e-03  7.69682e-02  4.52591e-01
 9.70000e+01  2.12570e-01 -3.91753e-04  9.90958e-02 -1.84293e-03  7.69682e-02  4.52500e-01
 9.75000e+01  2.12639e-01 -3.27019e-04  9.90884e-02 -1.53791e-03  7.69681e-02  4.52422e-01
 9.80000e+01  2.12695e-01 -2.61980e-04  9.90824e-02 -1.23172e-03  7.69680e-02  4.52359e-01
 9.85000e+01  2.12738e-01 -1.96699e-04  9.90777e-02 -9.24603e-04  7.69680e-02  4.52309e-01
 9.90000e+01  2.12770e-01 -1.31234e-04  9.90743e-02 -6.16789e-04  7.69679e-02  4.52274e-01
 9.95000e+01  2.12788e-01 -6.56475e-05  9.90723e-02 -3.08511e-04  7.69679e-02  4.52253e-01
