 0.00000e+00  1.88989e-02  1.56461e-15  1.03416e-03  8.27884e-14  5.88251e-04  3.09345e-04  4.90796e-02
 5.00000e-01  1.89912e-02 -2.51488e-04  1.03402e-03 -1.32423e-02  5.87123e-04  3.09208e-04  4.89589e-02
 1.00000e+00  1.92694e-02 -5.02365e-04  1.03409e-03 -2.60706e-02  5.84030e-04  3.08825e-04  4.86227e-02
 1.50000e+00  1.97383e-02 -7.51818e-04  1.03582e-03 -3.80892e-02  5.79813e-04  3.08290e-04  4.81439e-02
 2.00000e+00  2.04055e-02 -9.98646e-04  1.04147e-03 -4.89401e-02  5.75762e-04  3.07765e-04  4.76294e-02
 2.50000e+00  2.12813e-02 -1.24113e-03  1.05383e-03 -5.83202e-02  5.73431e-04  3.07489e-04  4.72003e-02
 3.00000e+00  2.23788e-02 -1.47698e-03  1.07587e-03 -6.59990e-02  5.74373e-04  3.07786e-04  4.69696e-02
 3.50000e+00  2.37126e-02 -1.70332e-03  1.11028e-03 -7.18319e-02  5.79837e-04  3.09063e-04  4.70232e-02
 4.00000e+00  2.52986e-02 -1.91683e-03  1.15907e-03 -7.57683e-02  5.90504e-04  3.11802e-04  4.74094e-02
 4.50000e+00  2.71525e-02 -2.11389e-03  1.22340e-03 -7.78525e-02  6.06331e-04  3.16533e-04  4.81395e-02
 5.00000e+00  2.92889e-02 -2.29080e-03  1.30353e-03 -7.82139e-02  6.26548e-04  3.23807e-04  4.91965e-02
 5.50000e+00  3.17200e-02 -2.44399e-03  1.39892e-03 -7.70489e-02  6.49753e-04  3.34155e-04  5.05481e-02
 6.00000e+00  3.44549e-02 -2.57025e-03  1.50850e-03 -7.45974e-02  6.74084e-04  3.48054e-04  5.21579e-02
 6.50000e+00  3.74987e-02 -2.66682e-03  1.63084e-03 -7.11177e-02  6.97388e-04  3.65890e-04  5.39928e-02
 7.00000e+00  4.08527e-02 -2.73157e-03  1.76430e-03 -6.68638e-02  7.17372e-04  3.87937e-04  5.60264e-02
 7.50000e+00  4.45140e-02 -2.76297e-03  1.90717e-03 -6.20697e-02  7.31726e-04  4.14343e-04  5.82389e-02
 8.00000e+00  4.84758e-02 -2.76014e-03  2.05773e-03 -5.69385e-02  7.38222e-04  4.45121e-04  6.06163e-02
 8.50000e+00  5.27276e-02 -2.72278e-03  2.21429e-03 -5.16387e-02  7.34795e-04  4.80157e-04  6.31483e-02
 9.00000e+00  5.72558e-02 -2.65118e-03  2.37519e-03 -4.63040e-02  7.19620e-04  5.19218e-04  6.58265e-02
 9.50000e+00  6.20441e-02 -2.54609e-03  2.53893e-03 -4.10367e-02  6.91181e-04  5.61966e-04  6.86436e-02
 1.00000e+01  6.70737e-02 -2.40871e-03  2.70408e-03 -3.59113e-02  6.48333e-04  6.07976e-04  7.15925e-02
 1.05000e+01  7.23239e-02 -2.24059e-03  2.86941e-03 -3.09800e-02  5.90364e-04  6.56757e-04  7.46656e-02
 1.10000e+01  7.77724e-02 -2.04360e-03  3.03389e-03 -2.62767e-02  5.17032e-04  7.07768e-04  7.78549e-02
 1.15000e+01  8.33960e-02 -1.81983e-03  3.19670e-03 -2.18215e-02  4.28591e-04  7.60441e-04  8.11517e-02
 1.20000e+01  8.91704e-02 -1.57154e-03  3.35726e-03 -1.76240e-02  3.25794e-04  8.14199e-04  8.45469e-02
 1.25000e+01  9.50714e-02 -1.30114e-03  3.51521e-03 -1.36859e-02  2.09879e-04  8.68473e-04  8.80305e-02
 1.30000e+01  1.01074e-01 -1.01111e-03  3.67042e-03 -1.00036e-02  8.25227e-05  9.22718e-04  9.15923e-02
 1.35000e+01  1.07155e-01 -7.03966e-04  3.82295e-03 -6.56959e-03 -5.42105e-05  9.76427e-04  9.52214e-02
 1.40000e+01  1.13291e-01 -3.82220e-04  3.97302e-03 -3.37380e-03 -1.97948e-04  1.02914e-03  9.89067e-02
 1.45000e+01  1.19458e-01 -4.83469e-05  4.12094e-03 -4.04719e-04 -3.46095e-04  1.08047e-03  1.02637e-01
 1.50000e+01  1.25635e-01  2.95243e-04  4.26709e-03  2.35000e-03 -4.95928e-04  1.13008e-03  1.06400e-01
 1.55000e+01  1.31802e-01  6.46229e-04  4.41188e-03  4.90301e-03 -6.44691e-04  1.17772e-03  1.10184e-01
 1.60000e+01  1.37941e-01  1.00240e-03  4.55565e-03  7.26689e-03 -7.89691e-04  1.22320e-03  1.13978e-01
 1.65000e+01  1.44033e-01  1.36167e-03  4.69868e-03  9.45386e-03 -9.28391e-04  1.26641e-03  1.17770e-01
 1.70000e+01  1.50063e-01  1.72207e-03  4.84111e-03  1.14757e-02 -1.05848e-03  1.30733e-03  1.21549e-01
 1.75000e+01  1.56017e-01  2.08180e-03  4.98293e-03  1.33434e-02 -1.17795e-03  1.34599e-03  1.25304e-01
 1.80000e+01  1.61884e-01  2.43917e-03  5.12396e-03  1.50674e-02 -1.28514e-03  1.38250e-03  1.29024e-01
 1.85000e+01  1.67652e-01  2.79264e-03  5.26383e-03  1.66574e-02 -1.37876e-03  1.41702e-03  1.32699e-01
 1.90000e+01  1.73312e-01  3.14082e-03  5.40197e-03  1.81223e-02 -1.45793e-03  1.44977e-03  1.36321e-01
 1.95000e+01  1.78857e-01  3.48241e-03  5.53766e-03  1.94704e-02 -1.52215e-03  1.48100e-03  1.39879e-01
 2.00000e+01  1.84281e-01  3.81627e-03  5.67003e-03  2.07089e-02 -1.57128e-03  1.51100e-03  1.43366e-01
 2.05000e+01  1.89580e-01  4.14134e-03  5.79814e-03  2.18449e-02 -1.60552e-03  1.54010e-03  1.46776e-01
 2.10000e+01  1.94749e-01  4.45667e-03  5.92095e-03  2.28842e-02 -1.62534e-03  1.56863e-03  1.50101e-01
 2.15000e+01  1.99786e-01  4.76141e-03  6.03747e-03  2.38325e-02 -1.63143e-03  1.59693e-03  1.53337e-01
 2.20000e+01  2.04691e-01  5.05478e-03  6.14675e-03  2.46947e-02 -1.62462e-03  1.62535e-03  1.56480e-01
 2.25000e+01  2.09462e-01  5.33605e-03  6.24797e-03  2.54751e-02 -1.60582e-03  1.65422e-03  1.59527e-01
 2.30000e+01  2.14099e-01  5.60459e-03  6.34044e-03  2.61776e-02 -1.57596e-03  1.68386e-03  1.62476e-01
 2.35000e+01  2.18603e-01  5.85979e-03  6.42372e-03  2.68056e-02 -1.53593e-03  1.71456e-03  1.65326e-01
 2.40000e+01  2.22976e-01  6.10109e-03  6.49756e-03  2.73621e-02 -1.48654e-03  1.74660e-03  1.68077e-01
 2.45000e+01  2.27218e-01  6.32800e-03  6.56195e-03  2.78499e-02 -1.42847e-03  1.78023e-03  1.70732e-01
 2.50000e+01  2.31332e-01  6.54003e-03  6.61710e-03  2.82712e-02 -1.36229e-03  1.81564e-03  1.73291e-01
 2.55000e+01  2.35319e-01  6.73676e-03  6.66345e-03  2.86282e-02 -1.28844e-03  1.85302e-03  1.75757e-01
 2.60000e+01  2.39183e-01  6.91780e-03  6.70157e-03  2.89227e-02 -1.20724e-03  1.89250e-03  1.78134e-01
 2.65000e+01  2.42925e-01  7.08279e-03  6.73217e-03  2.91563e-02 -1.11893e-03  1.93419e-03  1.80425e-01
 2.70000e+01  2.46549e-01  7.23141e-03  6.75603e-03  2.93306e-02 -1.02369e-03  1.97816e-03  1.82634e-01
 2.75000e+01  2.50057e-01  7.36340e-03  6.77393e-03  2.94469e-02 -9.21669e-04  2.02445e-03  1.84764e-01
 2.80000e+01  2.53452e-01  7.47853e-03  6.78663e-03  2.95067e-02 -8.13055e-04  2.07305e-03  1.86819e-01
 2.85000e+01  2.56738e-01  7.57663e-03  6.79483e-03  2.95111e-02 -6.98065e-04  2.12395e-03  1.88803e-01
 2.90000e+01  2.59918e-01  7.65758e-03  6.79908e-03  2.94615e-02 -5.76992e-04  2.17709e-03  1.90718e-01
 2.95000e+01  2.62995e-01  7.72132e-03  6.79984e-03  2.93592e-02 -4.50225e-04  2.23239e-03  1.92567e-01
 3.00000e+01  2.65973e-01  7.76784e-03  6.79736e-03  2.92054e-02 -3.18257e-04  2.28977e-03  1.94353e-01
 3.05000e+01  2.68855e-01  7.79719e-03  6.79177e-03  2.90015e-02 -1.81690e-04  2.34910e-03  1.96078e-01
 3.10000e+01  2.71645e-01  7.80949e-03  6.78303e-03  2.87489e-02 -4.12306e-05  2.41025e-03  1.97743e-01
 3.15000e+01  2.74346e-01  7.80490e-03  6.77095e-03  2.84491e-02  1.02316e-04  2.47309e-03  1.99351e-01
 3.20000e+01  2.76962e-01  7.78365e-03  6.75521e-03  2.81037e-02  2.48062e-04  2.53745e-03  2.00902e-01
 3.25000e+01  2.79497e-01  7.74604e-03  6.73538e-03  2.77142e-02  3.95054e-04  2.60317e-03  2.02397e-01
 3.30000e+01  2.81954e-01  7.69239e-03  6.71094e-03  2.72824e-02  5.42290e-04  2.67009e-03  2.03837e-01
 3.35000e+01  2.84336e-01  7.62309e-03  6.68130e-03  2.68102e-02  6.88738e-04  2.73803e-03  2.05222e-01
 3.40000e+01  2.86646e-01  7.53857e-03  6.64584e-03  2.62992e-02  8.33355e-04  2.80680e-03  2.06554e-01
 3.45000e+01  2.88889e-01  7.43931e-03  6.60391e-03  2.57515e-02  9.75101e-04  2.87623e-03  2.07832e-01
 3.50000e+01  2.91065e-01  7.32580e-03  6.55486e-03  2.51689e-02  1.11296e-03  2.94612e-03  2.09057e-01
 3.55000e+01  2.93179e-01  7.19859e-03  6.49808e-03  2.45535e-02  1.24593e-03  3.01630e-03  2.10229e-01
 3.60000e+01  2.95233e-01  7.05822e-03  6.43297e-03  2.39073e-02  1.37308e-03  3.08656e-03  2.11348e-01
 3.65000e+01  2.97227e-01  6.90527e-03  6.35899e-03  2.32323e-02  1.49349e-03  3.15671e-03  2.12415e-01
 3.70000e+01  2.99166e-01  6.74034e-03  6.27567e-03  2.25304e-02  1.60633e-03  3.22658e-03  2.13429e-01
 3.75000e+01  3.01049e-01  6.56401e-03  6.18261e-03  2.18038e-02  1.71080e-03  3.29595e-03  2.14390e-01
 3.80000e+01  3.02877e-01  6.37688e-03  6.07950e-03  2.10543e-02  1.80617e-03  3.36463e-03  2.15300e-01
 3.85000e+01  3.04653e-01  6.17956e-03  5.96612e-03  2.02840e-02  1.89180e-03  3.43244e-03  2.16157e-01
 3.90000e+01  3.06375e-01  5.97263e-03  5.84236e-03  1.94945e-02  1.96711e-03  3.49918e-03  2.16963e-01
 3.95000e+01  3.08044e-01  5.75668e-03  5.70827e-03  1.86878e-02  2.03162e-03  3.56464e-03  2.17717e-01
 4.00000e+01  3.09660e-01  5.53228e-03  5.56401e-03  1.78657e-02  2.08492e-03  3.62865e-03  2.18419e-01
 4.05000e+01  3.11221e-01  5.29997e-03  5.40992e-03  1.70296e-02  2.12677e-03  3.69100e-03  2.19069e-01
 4.10000e+01  3.12727e-01  5.06032e-03  5.24654e-03  1.61812e-02  2.15703e-03  3.75151e-03  2.19669e-01
 4.15000e+01  3.14177e-01  4.81383e-03  5.07461e-03  1.53221e-02  2.17572e-03  3.80999e-03  2.20219e-01
 4.20000e+01  3.15567e-01  4.56101e-03  4.89509e-03  1.44534e-02  2.18305e-03  3.86625e-03  2.20719e-01
 4.25000e+01  3.16896e-01  4.30235e-03  4.70920e-03  1.35766e-02  2.17941e-03  3.92011e-03  2.21171e-01
 4.30000e+01  3.18161e-01  4.03832e-03  4.51843e-03  1.26927e-02  2.16542e-03  3.97141e-03  2.21575e-01
 4.35000e+01  3.19360e-01  3.76935e-03  4.32454e-03  1.18028e-02  2.14193e-03  4.01998e-03  2.21934e-01
 4.40000e+01  3.20489e-01  3.49589e-03  4.12954e-03  1.09080e-02  2.11000e-03  4.06564e-03  2.22250e-01
 4.45000e+01  3.21546e-01  3.21833e-03  3.93571e-03  1.00090e-02  2.07095e-03  4.10826e-03  2.22524e-01
 4.50000e+01  3.22525e-01  2.93709e-03  3.74553e-03  9.10654e-03  2.02628e-03  4.14768e-03  2.22759e-01
 4.55000e+01  3.23426e-01  2.65254e-03  3.56168e-03  8.20138e-03  1.97770e-03  4.18378e-03  2.22959e-01
 4.60000e+01  3.24242e-01  2.36504e-03  3.38695e-03  7.29405e-03  1.92703e-03  4.21642e-03  2.23125e-01
 4.65000e+01  3.24973e-01  2.07496e-03  3.22418e-03  6.38502e-03  1.87621e-03  4.24549e-03  2.23263e-01
 4.70000e+01  3.25613e-01  1.78263e-03  3.07618e-03  5.47470e-03  1.82718e-03  4.27090e-03  2.23373e-01
 4.75000e+01  3.26160e-01  1.48840e-03  2.94565e-03  4.56341e-03  1.78185e-03  4.29256e-03  2.23461e-01
 4.80000e+01  3.26612e-01  1.19260e-03  2.83507e-03  3.65142e-03  1.74200e-03  4.31038e-03  2.23528e-01
 4.85000e+01  3.26966e-01  8.95539e-04  2.74663e-03  2.73894e-03  1.70921e-03  4.32431e-03  2.23577e-01
 4.90000e+01  3.27220e-01  5.97544e-04  2.68210e-03  1.82612e-03  1.68479e-03  4.33429e-03  2.23611e-01
 4.95000e+01  3.27373e-01  2.98927e-04  2.64283e-03  9.13109e-04  1.66974e-03  4.34029e-03  2.23631e-01
 5.00000e+01  3.27424e-01 -5.34691e-15  2.62965e-03 -1.63302e-14  1.66465e-03  4.34230e-03  2.23637e-01
 5.05000e+01  3.27373e-01 -2.98927e-04  2.64283e-03 -9.13109e-04  1.66974e-03  4.34029e-03  2.23631e-01
 5.10000e+01  3.27220e-01 -5.97544e-04  2.68210e-03 -1.82612e-03  1.68479e-03  4.33429e-03  2.23611e-01
 5.15000e+01  3.26966e-01 -8.95539e-04  2.74663e-03 -2.73894e-03  1.70921e-03  4.32431e-03  2.23577e-01
 5.20000e+01  3.26612e-01 -1.19260e-03  2.83507e-03 -3.65142e-03  1.74200e-03  4.31038e-03  2.23528e-01
 5.25000e+01  3.26160e-01 -1.48840e-03  2.94565e-03 -4.56341e-03  1.78185e-03  4.29256e-03  2.23461e-01
 5.30000e+01  3.25613e-01 -1.78263e-03  3.07618e-03 -5.47470e-03  1.82718e-03  4.27090e-03  2.23373e-01
 5.35000e+01  3.24973e-01 -2.07496e-03  3.22418e-03 -6.38502e-03  1.87621e-03  4.24549e-03  2.23263e-01
 5.40000e+01  3.24242e-01 -2.36504e-03  3.38695e-03 -7.29405e-03  1.92703e-03  4.21642e-03  2.23125e-01
 5.45000e+01  3.23426e-01 -2.65254e-03  3.56168e-03 -8.20138e-03  1.97770e-03  4.18378e-03  2.22959e-01
 5.50000e+01  3.22525e-01 -2.93709e-03  3.74553e-03 -9.10654e-03  2.02628e-03  4.14768e-03  2.22759e-01
 5.55000e+01  3.21546e-01 -3.21833e-03  3.93571e-03 -1.00090e-02  2.07095e-03  4.10826e-03  2.22524e-01
 5.60000e+01  3.20489e-01 -3.49589e-03  4.12954e-03 -1.09080e-02  2.11000e-03  4.06564e-03  2.22250e-01
 5.65000e+01  3.19360e-01 -3.76935e-03  4.32454e-03 -1.18028e-02  2.14193e-03  4.01998e-03  2.21934e-01
 5.70000e+01  3.18161e-01 -4.03832e-03  4.51843e-03 -1.26927e-02  2.16542e-03  3.97141e-03  2.21575e-01
 5.75000e+01  3.16896e-01 -4.30235e-03  4.70920e-03 -1.35766e-02  2.17941e-03  3.92011e-03  2.21171e-01
 5.80000e+01  3.15567e-01 -4.56101e-03  4.89509e-03 -1.44534e-02  2.18305e-03  3.86625e-03  2.20719e-01
 5.85000e+01  3.14177e-01 -4.81383e-03  5.07461e-03 -1.53221e-02  2.17572e-03  3.80999e-03  2.20219e-01
 5.90000e+01  3.12727e-01 -5.06032e-03  5.24654e-03 -1.61812e-02  2.15703e-03  3.75151e-03  2.19669e-01
 5.95000e+01  3.11221e-01 -5.29997e-03  5.40992e-03 -1.70296e-02  2.12677e-03  3.69100e-03  2.19069e-01
 6.00000e+01  3.09660e-01 -5.53228e-03  5.56401e-03 -1.78657e-02  2.08492e-03  3.62865e-03  2.18419e-01
 6.05000e+01  3.08044e-01 -5.75668e-03  5.70827e-03 -1.86878e-02  2.03162e-03  3.56464e-03  2.17717e-01
 6.10000e+01  3.06375e-01 -5.97263e-03  5.84236e-03 -1.94945e-02  1.96711e-03  3.49918e-03  2.16963e-01
 6.15000e+01  3.04653e-01 -6.17956e-03  5.96612e-03 -2.02840e-02  1.89180e-03  3.43244e-03  2.16157e-01
 6.20000e+01  3.02877e-01 -6.37688e-03  6.07950e-03 -2.10543e-02  1.80617e-03  3.36463e-03  2.15300e-01
 6.25000e+01  3.01049e-01 -6.56401e-03  6.18261e-03 -2.18038e-02  1.71080e-03  3.29595e-03  2.14390e-01
 6.30000e+01  2.99166e-01 -6.74034e-03  6.27567e-03 -2.25304e-02  1.60633e-03  3.22658e-03  2.13429e-01
 6.35000e+01  2.97227e-01 -6.90527e-03  6.35899e-03 -2.32323e-02  1.49349e-03  3.15671e-03  2.12415e-01
 6.40000e+01  2.95233e-01 -7.05822e-03  6.43297e-03 -2.39073e-02  1.37308e-03  3.08656e-03  2.11348e-01
 6.45000e+01  2.93179e-01 -7.19859e-03  6.49808e-03 -2.45535e-02  1.24593e-03  3.01630e-03  2.10229e-01
 6.50000e+01  2.91065e-01 -7.32580e-03  6.55486e-03 -2.51689e-02  1.11296e-03  2.94612e-03  2.09057e-01
 6.55000e+01  2.88889e-01 -7.43931e-03  6.60391e-03 -2.57515e-02  9.75101e-04  2.87623e-03  2.07832e-01
 6.60000e+01  2.86646e-01 -7.53857e-03  6.64584e-03 -2.62992e-02  8.33355e-04  2.80680e-03  2.06554e-01
 6.65000e+01  2.84336e-01 -7.62309e-03  6.68130e-03 -2.68102e-02  6.88738e-04  2.73803e-03  2.05222e-01
 6.70000e+01  2.81954e-01 -7.69239e-03  6.71094e-03 -2.72824e-02  5.42290e-04  2.67009e-03  2.03837e-01
 6.75000e+01  2.79497e-01 -7.74604e-03  6.73538e-03 -2.77142e-02  3.95054e-04  2.60317e-03  2.02397e-01
 6.80000e+01  2.76962e-01 -7.78365e-03  6.75521e-03 -2.81037e-02  2.48062e-04  2.53745e-03  2.00902e-01
 6.85000e+01  2.74346e-01 -7.80490e-03  6.77095e-03 -2.84491e-02  1.02316e-04  2.47309e-03  1.99351e-01
 6.90000e+01  2.71645e-01 -7.80949e-03  6.78303e-03 -2.87489e-02 -4.12306e-05  2.41025e-03  1.97743e-01
 6.95000e+01  2.68855e-01 -7.79719e-03  6.79177e-03 -2.90015e-02 -1.81690e-04  2.34910e-03  1.96078e-01
 7.00000e+01  2.65973e-01 -7.76784e-03  6.79736e-03 -2.92054e-02 -3.18257e-04  2.28977e-03  1.94353e-01
 7.05000e+01  2.62995e-01 -7.72132e-03  6.79984e-03 -2.93592e-02 -4.50225e-04  2.23239e-03  1.92567e-01
 7.10000e+01  2.59918e-01 -7.65758e-03  6.79908e-03 -2.94615e-02 -5.76992e-04  2.17709e-03  1.90718e-01
 7.15000e+01  2.56738e-01 -7.57663e-03  6.79483e-03 -2.95111e-02 -6.98065e-04  2.12395e-03  1.88803e-01
 7.20000e+01  2.53452e-01 -7.47853e-03  6.78663e-03 -2.95067e-02 -8.13055e-04  2.07305e-03  1.86819e-01
 7.25000e+01  2.50057e-01 -7.36340e-03  6.77393e-03 -2.94469e-02 -9.21669e-04  2.02445e-03  1.84764e-01
 7.30000e+01  2.46549e-01 -7.23141e-03  6.75603e-03 -2.93306e-02 -1.02369e-03  1.97816e-03  1.82634e-01
 7.35000e+01  2.42925e-01 -7.08279e-03  6.73217e-03 -2.91563e-02 -1.11893e-03  1.93419e-03  1.80425e-01
 7.40000e+01  2.39183e-01 -6.91780e-03  6.70157e-03 -2.89227e-02 -1.20724e-03  1.89250e-03  1.78134e-01
 7.45000e+01  2.35319e-01 -6.73676e-03  6.66345e-03 -2.86282e-02 -1.28844e-03  1.85302e-03  1.75757e-01
 7.50000e+01  2.31332e-01 -6.54003e-03  6.61710e-03 -2.82712e-02 -1.36229e-03  1.81564e-03  1.73291e-01
 7.55000e+01  2.27218e-01 -6.32800e-03  6.56195e-03 -2.78499e-02 -1.42847e-03  1.78023e-03  1.70732e-01
 7.60000e+01  2.22976e-01 -6.10109e-03  6.49756e-03 -2.73621e-02 -1.48654e-03  1.74660e-03  1.68077e-01
 7.65000e+01  2.18603e-01 -5.85979e-03  6.42372e-03 -2.68056e-02 -1.53593e-03  1.71456e-03  1.65326e-01
 7.70000e+01  2.14099e-01 -5.60459e-03  6.34044e-03 -2.61776e-02 -1.57596e-03  1.68386e-03  1.62476e-01
 7.75000e+01  2.09462e-01 -5.33605e-03  6.24797e-03 -2.54751e-02 -1.60582e-03  1.65422e-03  1.59527e-01
 7.80000e+01  2.04691e-01 -5.05478e-03  6.14675e-03 -2.46947e-02 -1.62462e-03  1.62535e-03  1.56480e-01
 7.85000e+01  1.99786e-01 -4.76141e-03  6.03747e-03 -2.38325e-02 -1.63143e-03  1.59693e-03  1.53337e-01
 7.90000e+01  1.94749e-01 -4.45667e-03  5.92095e-03 -2.28842e-02 -1.62534e-03  1.56863e-03  1.50101e-01
 7.95000e+01  1.89580e-01 -4.14134e-03  5.79814e-03 -2.18449e-02 -1.60552e-03  1.54010e-03  1.46776e-01
 8.00000e+01  1.84281e-01 -3.81627e-03  5.67003e-03 -2.07089e-02 -1.57128e-03  1.51100e-03  1.43366e-01
 8.05000e+01  1.78857e-01 -3.48241e-03  5.53766e-03 -1.94704e-02 -1.52215e-03  1.48100e-03  1.39879e-01
 8.10000e+01  1.73312e-01 -3.14082e-03  5.40197e-03 -1.81223e-02 -1.45793e-03  1.44977e-03  1.36321e-01
 8.15000e+01  1.67652e-01 -2.79264e-03  5.26383e-03 -1.66574e-02 -1.37876e-03  1.41702e-03  1.32699e-01
 8.20000e+01  1.61884e-01 -2.43917e-03  5.12396e-03 -1.50674e-02 -1.28514e-03  1.38250e-03  1.29024e-01
 8.25000e+01  1.56017e-01 -2.08180e-03  4.98293e-03 -1.33434e-02 -1.17795e-03  1.34599e-03  1.25304e-01
 8.30000e+01  1.50063e-01 -1.72207e-03  4.84111e-03 -1.14757e-02 -1.05848e-03  1.30733e-03  1.21549e-01
 8.35000e+01  1.44033e-01 -1.36167e-03  4.69868e-03 -9.45386e-03 -9.28391e-04  1.26641e-03  1.17770e-01
 8.40000e+01  1.37941e-01 -1.00240e-03  4.55565e-03 -7.26689e-03 -7.89691e-04  1.22320e-03  1.13978e-01
 8.45000e+01  1.31802e-01 -6.46229e-04  4.41188e-03 -4.90301e-03 -6.44691e-04  1.17772e-03  1.10184e-01
 8.50000e+01  1.25635e-01 -2.95243e-04  4.26709e-03 -2.35000e-03 -4.95928e-04  1.13008e-03  1.06400e-01
 8.55000e+01  1.19458e-01  4.83469e-05  4.12094e-03  4.04719e-04 -3.46095e-04  1.08047e-03  1.02637e-01
 8.60000e+01  1.13291e-01  3.82220e-04  3.97302e-03  3.37380e-03 -1.97948e-04  1.02914e-03  9.89067e-02
 8.65000e+01  1.07155e-01  7.03966e-04  3.82295e-03  6.56959e-03 -5.42105e-05  9.76427e-04  9.52214e-02
 8.70000e+01  1.01074e-01  1.01111e-03  3.67042e-03  1.00036e-02  8.25227e-05  9.22718e-04  9.15923e-02
 8.75000e+01  9.50714e-02  1.30114e-03  3.51521e-03  1.36859e-02  2.09879e-04  8.68473e-04  8.80305e-02
 8.80000e+01  8.91704e-02  1.57154e-03  3.35726e-03  1.76240e-02  3.25794e-04  8.14199e-04  8.45469e-02
 8.85000e+01  8.33960e-02  1.81983e-03  3.19670e-03  2.18215e-02  4.28591e-04  7.60441e-04  8.11517e-02
 8.90000e+01  7.77724e-02  2.04360e-03  3.03389e-03  2.62767e-02  5.17032e-04  7.07768e-04  7.78549e-02
 8.95000e+01  7.23239e-02  2.24059e-03  2.86941e-03  3.09800e-02  5.90364e-04  6.56757e-04  7.46656e-02
 9.00000e+01  6.70737e-02  2.40871e-03  2.70408e-03  3.59113e-02  6.48333e-04  6.07976e-04  7.15925e-02
 9.05000e+01  6.20441e-02  2.54609e-03  2.53893e-03  4.10367e-02  6.91181e-04  5.61966e-04  6.86436e-02
 9.10000e+01  5.72558e-02  2.65118e-03  2.37519e-03  4.63040e-02  7.19620e-04  5.19218e-04  6.58265e-02
 9.15000e+01  5.27276e-02  2.72278e-03  2.21429e-03  5.16387e-02  7.34795e-04  4.80157e-04  6.31483e-02
 9.20000e+01  4.84758e-02  2.76014e-03  2.05773e-03  5.69385e-02  7.38222e-04  4.45121e-04  6.06163e-02
 9.25000e+01  4.45140e-02  2.76297e-03  1.90717e-03  6.20697e-02  7.31726e-04  4.14343e-04  5.82389e-02
 9.30000e+01  4.08527e-02  2.73157e-03  1.76430e-03  6.68638e-02  7.17372e-04  3.87937e-04  5.60264e-02
 9.35000e+01  3.74987e-02  2.66682e-03  1.63084e-03  7.11177e-02  6.97388e-04  3.65890e-04  5.39928e-02
 9.40000e+01  3.44549e-02  2.57025e-03  1.50850e-03  7.45974e-02  6.74084e-04  3.48054e-04  5.21579e-02
 9.45000e+01  3.17200e-02  2.44399e-03  1.39892e-03  7.70489e-02  6.49753e-04  3.34155e-04  5.05481e-02
 9.50000e+01  2.92889e-02  2.29080e-03  1.30353e-03  7.82139e-02  6.26548e-04  3.23807e-04  4.91965e-02
 9.55000e+01  2.71525e-02  2.11389e-03  1.22340e-03  7.78525e-02  6.06331e-04  3.16533e-04  4.81395e-02
 9.60000e+01  2.52986e-02  1.91683e-03  1.15907e-03  7.57683e-02  5.90504e-04  3.11802e-04  4.74094e-02
 9.65000e+01  2.37126e-02  1.70332e-03  1.11028e-03  7.18319e-02  5.79837e-04  3.09063e-04  4.70232e-02
 9.70000e+01  2.23788e-02  1.47698e-03  1.07587e-03  6.59990e-02  5.74373e-04  3.07786e-04  4.69696e-02
 9.75000e+01  2.12813e-02  1.24113e-03  1.05383e-03  5.83202e-02  5.73431e-04  3.07489e-04  4.72003e-02
 9.80000e+01  2.04055e-02  9.98646e-04  1.04147e-03  4.89401e-02  5.75762e-04  3.07765e-04  4.76294e-02
 9.85000e+01  1.97383e-02  7.51818e-04  1.03582e-03  3.80892e-02  5.79813e-04  3.08290e-04  4.81439e-02
 9.90000e+01  1.92694e-02  5.02365e-04  1.03409e-03  2.60706e-02  5.84030e-04  3.08825e-04  4.86227e-02
 9.95000e+01  1.89912e-02  2.51488e-04  1.03402e-03  1.32423e-02  5.87123e-04  3.09208e-04  4.89589e-02
