 0.00000e+00  4.95123e-01  1.19371e-14  1.68520e+00  2.41094e-14  2.30380e+00  2.59916e+00
 1.00000e-01  4.95123e-01  9.05515e-05  1.68520e+00  1.82887e-04  2.30381e+00  2.59916e+00
 2.00000e-01  4.95124e-01  1.81098e-04  1.68520e+00  3.65764e-04  2.30381e+00  2.59917e+00
 3.00000e-01  4.95124e-01  2.71636e-04  1.68521e+00  5.48621e-04  2.30382e+00  2.59917e+00
 4.00000e-01  4.95124e-01  3.62159e-04  1.68521e+00  7.31450e-04  2.30383e+00  2.59918e+00
 5.00000e-01  4.95125e-01  4.52663e-04  1.68522e+00  9.14241e-04  2.30384e+00  2.59919e+00
 6.00000e-01  4.95125e-01  5.43144e-04  1.68523e+00  1.09698e-03  2.30385e+00  2.59920e+00
 7.00000e-01  4.95126e-01  6.33596e-04  1.68524e+00  1.27967e-03  2.30387e+00  2.59921e+00
 8.00000e-01  4.95126e-01  7.24016e-04  1.68525e+00  1.46228e-03  2.30389e+00  2.59922e+00
 9.00000e-01  4.95127e-01  8.14397e-04  1.68527e+00  1.64482e-03  2.30391e+00  2.59924e+00
 1.00000e+00  4.95128e-01  9.04737e-04  1.68528e+00  1.82728e-03  2.30394e+00  2.59926e+00
 1.10000e+00  4.95129e-01  9.95029e-04  1.68530e+00  2.00964e-03  2.30397e+00  2.59928e+00
 1.20000e+00  4.95130e-01  1.08527e-03  1.68532e+00  2.19189e-03  2.30400e+00  2.59930e+00
 1.30000e+00  4.95131e-01  1.17545e-03  1.68534e+00  2.37402e-03  2.30403e+00  2.59932e+00
 1.40000e+00  4.95132e-01  1.26557e-03  1.68536e+00  2.55603e-03  2.30407e+00  2.59935e+00
 1.50000e+00  4.95134e-01  1.35563e-03  1.68539e+00  2.73791e-03  2.30411e+00  2.59937e+00
 1.60000e+00  4.95135e-01  1.44562e-03  1.68541e+00  2.91964e-03  2.30415e+00  2.59940e+00
 1.70000e+00  4.95137e-01  1.53553e-03  1.68544e+00  3.10121e-03  2.30419e+00  2.59943e+00
 1.80000e+00  4.95138e-01  1.62535e-03  1.68547e+00  3.28263e-03  2.30424e+00  2.59947e+00
 1.90000e+00  4.95140e-01  1.71510e-03  1.68550e+00  3.46387e-03  2.30429e+00  2.59950e+00
 2.00000e+00  4.95142e-01  1.80475e-03  1.68553e+00  3.64492e-03  2.30434e+00  2.59954e+00
 2.10000e+00  4.95144e-01  1.89431e-03  1.68557e+00  3.82578e-03  2.30440e+00  2.59958e+00
 2.20000e+00  4.95146e-01  1.98377e-03  1.68560e+00  4.00644e-03  2.30446e+00  2.59962e+00
 2.30000e+00  4.95148e-01  2.07313e-03  1.68564e+00  4.18689e-03  2.30452e+00  2.59966e+00
 2.40000e+00  4.95150e-01  2.16238e-03  1.68568e+00  4.36712e-03  2.30458e+00  2.59970e+00
 2.50000e+00  4.95152e-01  2.25151e-03  1.68572e+00  4.54711e-03  2.30465e+00  2.59975e+00
 2.60000e+00  4.95155e-01  2.34053e-03  1.68576e+00  4.72686e-03  2.30472e+00  2.59980e+00
 2.70000e+00  4.95157e-01  2.42942e-03  1.68581e+00  4.90636e-03  2.30479e+00  2.59985e+00
 2.80000e+00  4.95160e-01  2.51818e-03  1.68585e+00  5.08560e-03  2.30486e+00  2.59990e+00
 2.90000e+00  4.95162e-01  2.60682e-03  1.68590e+00  5.26457e-03  2.30494e+00  2.59995e+00
 3.00000e+00  4.95165e-01  2.69531e-03  1.68595e+00  5.44325e-03  2.30502e+00  2.60001e+00
 3.10000e+00  4.95168e-01  2.78366e-03  1.68600e+00  5.62165e-03  2.30510e+00  2.60006e+00
 3.20000e+00  4.95171e-01  2.87187e-03  1.68605e+00  5.79974e-03  2.30519e+00  2.60012e+00
 3.30000e+00  4.95174e-01  2.95992e-03  1.68611e+00  5.97753e-03  2.30527e+00  2.60018e+00
 3.40000e+00  4.95177e-01  3.04781e-03  1.68616e+00  6.15499e-03  2.30537e+00  2.60025e+00
 3.50000e+00  4.95181e-01  3.13555e-03  1.68622e+00  6.33213e-03  2.30546e+00  2.60031e+00
 3.60000e+00  4.95184e-01  3.22311e-03  1.68628e+00  6.50893e-03  2.30555e+00  2.60038e+00
 3.70000e+00  4.95187e-01  3.31051e-03  1.68634e+00  6.68537e-03  2.30565e+00  2.60045e+00
 3.80000e+00  4.95191e-01  3.39773e-03  1.68640e+00  6.86146e-03  2.30576e+00  2.60052e+00
 3.90000e+00  4.95195e-01  3.48477e-03  1.68647e+00  7.03717e-03  2.30586e+00  2.60059e+00
 4.00000e+00  4.95198e-01  3.57162e-03  1.68653e+00  7.21251e-03  2.30597e+00  2.60066e+00
 4.10000e+00  4.95202e-01  3.65828e-03  1.68660e+00  7.38746e-03  2.30608e+00  2.60074e+00
 4.20000e+00  4.95206e-01  3.74475e-03  1.68667e+00  7.56200e-03  2.30619e+00  2.60082e+00
 4.30000e+00  4.95210e-01  3.83102e-03  1.68674e+00  7.73614e-03  2.30631e+00  2.60090e+00
 4.40000e+00  4.95214e-01  3.91708e-03  1.68681e+00  7.90986e-03  2.30643e+00  2.60098e+00
 4.50000e+00  4.95218e-01  4.00293e-03  1.68689e+00  8.08315e-03  2.30655e+00  2.60106e+00
 4.60000e+00  4.95223e-01  4.08856e-03  1.68697e+00  8.25600e-03  2.30667e+00  2.60115e+00
 4.70000e+00  4.95227e-01  4.17397e-03  1.68704e+00  8.42840e-03  2.30680e+00  2.60124e+00
 4.80000e+00  4.95232e-01  4.25916e-03  1.68712e+00  8.60034e-03  2.30693e+00  2.60133e+00
 4.90000e+00  4.95236e-01  4.34412e-03  1.68720e+00  8.77181e-03  2.30706e+00  2.60142e+00
 5.00000e+00  4.95241e-01  4.42885e-03  1.68729e+00  8.94280e-03  2.30719e+00  2.60151e+00
 5.10000e+00  4.95246e-01  4.51333e-03  1.68737e+00  9.11331e-03  2.30733e+00  2.60161e+00
 5.20000e+00  4.95251e-01  4.59757e-03  1.68746e+00  9.28331e-03  2.30747e+00  2.60170e+00
 5.30000e+00  4.95256e-01  4.68156e-03  1.68755e+00  9.45280e-03  2.30762e+00  2.60180e+00
 5.40000e+00  4.95261e-01  4.76529e-03  1.68764e+00  9.62177e-03  2.30776e+00  2.60190e+00
 5.50000e+00  4.95267e-01  4.84876e-03  1.68773e+00  9.79021e-03  2.30791e+00  2.60201e+00
 5.60000e+00  4.95272e-01  4.93197e-03  1.68782e+00  9.95811e-03  2.30807e+00  2.60211e+00
 5.70000e+00  4.95277e-01  5.01491e-03  1.68792e+00  1.01255e-02  2.30822e+00  2.60222e+00
 5.80000e+00  4.95283e-01  5.09757e-03  1.68801e+00  1.02922e-02  2.30838e+00  2.60233e+00
 5.90000e+00  4.95289e-01  5.17995e-03  1.68811e+00  1.04585e-02  2.30854e+00  2.60244e+00
 6.00000e+00  4.95294e-01  5.26205e-03  1.68821e+00  1.06241e-02  2.30870e+00  2.60255e+00
 6.10000e+00  4.95300e-01  5.34386e-03  1.68832e+00  1.07891e-02  2.30887e+00  2.60266e+00
 6.20000e+00  4.95306e-01  5.42537e-03  1.68842e+00  1.09536e-02  2.30904e+00  2.60278e+00
 6.30000e+00  4.95313e-01  5.50658e-03  1.68852e+00  1.11174e-02  2.30921e+00  2.60290e+00
 6.40000e+00  4.95319e-01  5.58749e-03  1.68863e+00  1.12806e-02  2.30939e+00  2.60302e+00
 6.50000e+00  4.95325e-01  5.66808e-03  1.68874e+00  1.14432e-02  2.30957e+00  2.60314e+00
 6.60000e+00  4.95332e-01  5.74836e-03  1.68885e+00  1.16051e-02  2.30975e+00  2.60327e+00
 6.70000e+00  4.95338e-01  5.82832e-03  1.68896e+00  1.17663e-02  2.30993e+00  2.60339e+00
 6.80000e+00  4.95345e-01  5.90795e-03  1.68908e+00  1.19269e-02  2.31012e+00  2.60352e+00
 6.90000e+00  4.95352e-01  5.98725e-03  1.68920e+00  1.20869e-02  2.31031e+00  2.60365e+00
 7.00000e+00  4.95359e-01  6.06621e-03  1.68931e+00  1.22461e-02  2.31050e+00  2.60378e+00
 7.10000e+00  4.95366e-01  6.14484e-03  1.68943e+00  1.24046e-02  2.31070e+00  2.60391e+00
 7.20000e+00  4.95373e-01  6.22311e-03  1.68955e+00  1.25625e-02  2.31090e+00  2.60405e+00
 7.30000e+00  4.95380e-01  6.30103e-03  1.68968e+00  1.27196e-02  2.31110e+00  2.60419e+00
 7.40000e+00  4.95387e-01  6.37860e-03  1.68980e+00  1.28760e-02  2.31131e+00  2.60433e+00
 7.50000e+00  4.95395e-01  6.45580e-03  1.68993e+00  1.30316e-02  2.31151e+00  2.60447e+00
 7.60000e+00  4.95403e-01  6.53263e-03  1.69006e+00  1.31865e-02  2.31173e+00  2.60461e+00
 7.70000e+00  4.95410e-01  6.60910e-03  1.69019e+00  1.33407e-02  2.31194e+00  2.60476e+00
 7.80000e+00  4.95418e-01  6.68518e-03  1.69032e+00  1.34940e-02  2.31216e+00  2.60490e+00
 7.90000e+00  4.95426e-01  6.76088e-03  1.69045e+00  1.36466e-02  2.31238e+00  2.60505e+00
 8.00000e+00  4.95434e-01  6.83619e-03  1.69059e+00  1.37984e-02  2.31260e+00  2.60520e+00
 8.10000e+00  4.95442e-01  6.91110e-03  1.69073e+00  1.39494e-02  2.31283e+00  2.60536e+00
 8.20000e+00  4.95451e-01  6.98562e-03  1.69087e+00  1.40995e-02  2.31306e+00  2.60551e+00
 8.30000e+00  4.95459e-01  7.05973e-03  1.69101e+00  1.42489e-02  2.31329e+00  2.60567e+00
 8.40000e+00  4.95468e-01  7.13343e-03  1.69115e+00  1.43974e-02  2.31352e+00  2.60583e+00
 8.50000e+00  4.95476e-01  7.20671e-03  1.69130e+00  1.45450e-02  2.31376e+00  2.60599e+00
 8.60000e+00  4.95485e-01  7.27957e-03  1.69144e+00  1.46918e-02  2.31400e+00  2.60615e+00
 8.70000e+00  4.95494e-01  7.35201e-03  1.69159e+00  1.48377e-02  2.31425e+00  2.60632e+00
 8.80000e+00  4.95503e-01  7.42401e-03  1.69174e+00  1.49828e-02  2.31450e+00  2.60648e+00
 8.90000e+00  4.95512e-01  7.49557e-03  1.69190e+00  1.51269e-02  2.31475e+00  2.60665e+00
 9.00000e+00  4.95522e-01  7.56670e-03  1.69205e+00  1.52702e-02  2.31500e+00  2.60682e+00
 9.10000e+00  4.95531e-01  7.63737e-03  1.69221e+00  1.54125e-02  2.31526e+00  2.60700e+00
 9.20000e+00  4.95541e-01  7.70759e-03  1.69236e+00  1.55539e-02  2.31552e+00  2.60717e+00
 9.30000e+00  4.95551e-01  7.77735e-03  1.69252e+00  1.56944e-02  2.31578e+00  2.60735e+00
 9.40000e+00  4.95560e-01  7.84664e-03  1.69268e+00  1.58339e-02  2.31605e+00  2.60753e+00
 9.50000e+00  4.95570e-01  7.91547e-03  1.69285e+00  1.59724e-02  2.31632e+00  2.60771e+00
 9.60000e+00  4.95581e-01  7.98382e-03  1.69301e+00  1.61100e-02  2.31659e+00  2.60789e+00
 9.70000e+00  4.95591e-01  8.05168e-03  1.69318e+00  1.62466e-02  2.31687e+00  2.60807e+00
 9.80000e+00  4.95601e-01  8.11906e-03  1.69335e+00  1.63822e-02  2.31715e+00  2.60826e+00
 9.90000e+00  4.95612e-01  8.18595e-03  1.69352e+00  1.65169e-02  2.31743e+00  2.60845e+00
 1.00000e+01  4.95622e-01  8.25233e-03  1.69369e+00  1.66504e-02  2.31772e+00  2.60864e+00
 1.01000e+01  4.95633e-01  8.31822e-03  1.69387e+00  1.67830e-02  2.31801e+00  2.60883e+00
 1.02000e+01  4.95644e-01  8.38359e-03  1.69404e+00  1.69145e-02  2.31830e+00  2.60903e+00
 1.03000e+01  4.95655e-01  8.44845e-03  1.69422e+00  1.70450e-02  2.31859e+00  2.60922e+00
 1.04000e+01  4.95666e-01  8.51278e-03  1.69440e+00  1.71744e-02  2.31889e+00  2.60942e+00
 1.05000e+01  4.95678e-01  8.57659e-03  1.69458e+00  1.73028e-02  2.31920e+00  2.60962e+00
 1.06000e+01  4.95689e-01  8.63987e-03  1.69477e+00  1.74300e-02  2.31950e+00  2.60983e+00
 1.07000e+01  4.95701e-01  8.70261e-03  1.69496e+00  1.75562e-02  2.31981e+00  2.61003e+00
 1.08000e+01  4.95713e-01  8.76481e-03  1.69514e+00  1.76812e-02  2.32012e+00  2.61024e+00
 1.09000e+01  4.95724e-01  8.82645e-03  1.69533e+00  1.78052e-02  2.32044e+00  2.61045e+00
 1.10000e+01  4.95737e-01  8.88754e-03  1.69552e+00  1.79280e-02  2.32076e+00  2.61066e+00
 1.11000e+01  4.95749e-01  8.94807e-03  1.69572e+00  1.80496e-02  2.32108e+00  2.61087e+00
 1.12000e+01  4.95761e-01  9.00804e-03  1.69591e+00  1.81701e-02  2.32141e+00  2.61109e+00
 1.13000e+01  4.95774e-01  9.06743e-03  1.69611e+00  1.82894e-02  2.32174e+00  2.61130e+00
 1.14000e+01  4.95786e-01  9.12624e-03  1.69631e+00  1.84076e-02  2.32207e+00  2.61152e+00
 1.15000e+01  4.95799e-01  9.18447e-03  1.69651e+00  1.85246e-02  2.32240e+00  2.61174e+00
 1.16000e+01  4.95812e-01  9.24210e-03  1.69672e+00  1.86403e-02  2.32274e+00  2.61197e+00
 1.17000e+01  4.95825e-01  9.29915e-03  1.69692e+00  1.87549e-02  2.32309e+00  2.61219e+00
 1.18000e+01  4.95838e-01  9.35559e-03  1.69713e+00  1.88682e-02  2.32343e+00  2.61242e+00
 1.19000e+01  4.95852e-01  9.41142e-03  1.69734e+00  1.89803e-02  2.32378e+00  2.61265e+00
 1.20000e+01  4.95865e-01  9.46664e-03  1.69755e+00  1.90912e-02  2.32414e+00  2.61288e+00
 1.21000e+01  4.95879e-01  9.52124e-03  1.69776e+00  1.92007e-02  2.32449e+00  2.61311e+00
 1.22000e+01  4.95893e-01  9.57522e-03  1.69798e+00  1.93090e-02  2.32485e+00  2.61335e+00
 1.23000e+01  4.95907e-01  9.62856e-03  1.69820e+00  1.94161e-02  2.32522e+00  2.61358e+00
 1.24000e+01  4.95921e-01  9.68127e-03  1.69842e+00  1.95218e-02  2.32558e+00  2.61382e+00
 1.25000e+01  4.95936e-01  9.73334e-03  1.69864e+00  1.96262e-02  2.32596e+00  2.61406e+00
 1.26000e+01  4.95950e-01  9.78476e-03  1.69886e+00  1.97293e-02  2.32633e+00  2.61431e+00
 1.27000e+01  4.95965e-01  9.83552e-03  1.69909e+00  1.98311e-02  2.32671e+00  2.61455e+00
 1.28000e+01  4.95980e-01  9.88562e-03  1.69932e+00  1.99315e-02  2.32709e+00  2.61480e+00
 1.29000e+01  4.95995e-01  9.93506e-03  1.69955e+00  2.00306e-02  2.32748e+00  2.61505e+00
 1.30000e+01  4.96010e-01  9.98382e-03  1.69978e+00  2.01283e-02  2.32786e+00  2.61530e+00
 1.31000e+01  4.96025e-01  1.00319e-02  1.70001e+00  2.02246e-02  2.32826e+00  2.61556e+00
 1.32000e+01  4.96041e-01  1.00793e-02  1.70025e+00  2.03195e-02  2.32865e+00  2.61581e+00
 1.33000e+01  4.96056e-01  1.01260e-02  1.70048e+00  2.04131e-02  2.32905e+00  2.61607e+00
 1.34000e+01  4.96072e-01  1.01720e-02  1.70072e+00  2.05052e-02  2.32946e+00  2.61633e+00
 1.35000e+01  4.96088e-01  1.02174e-02  1.70097e+00  2.05959e-02  2.32986e+00  2.61659e+00
 1.36000e+01  4.96104e-01  1.02620e-02  1.70121e+00  2.06851e-02  2.33028e+00  2.61686e+00
 1.37000e+01  4.96121e-01  1.03059e-02  1.70146e+00  2.07729e-02  2.33069e+00  2.61712e+00
 1.38000e+01  4.96137e-01  1.03490e-02  1.70170e+00  2.08592e-02  2.33111e+00  2.61739e+00
 1.39000e+01  4.96154e-01  1.03915e-02  1.70195e+00  2.09441e-02  2.33153e+00  2.61766e+00
 1.40000e+01  4.96171e-01  1.04332e-02  1.70221e+00  2.10275e-02  2.33196e+00  2.61793e+00
 1.41000e+01  4.96188e-01  1.04742e-02  1.70246e+00  2.11093e-02  2.33239e+00  2.61821e+00
 1.42000e+01  4.96205e-01  1.05144e-02  1.70272e+00  2.11897e-02  2.33282e+00  2.61849e+00
 1.43000e+01  4.96223e-01  1.05539e-02  1.70298e+00  2.12685e-02  2.33326e+00  2.61876e+00
 1.44000e+01  4.96240e-01  1.05927e-02  1.70324e+00  2.13458e-02  2.33370e+00  2.61905e+00
 1.45000e+01  4.96258e-01  1.06306e-02  1.70350e+00  2.14216e-02  2.33414e+00  2.61933e+00
 1.46000e+01  4.96276e-01  1.06678e-02  1.70376e+00  2.14958e-02  2.33459e+00  2.61961e+00
 1.47000e+01  4.96294e-01  1.07043e-02  1.70403e+00  2.15684e-02  2.33504e+00  2.61990e+00
 1.48000e+01  4.96313e-01  1.07399e-02  1.70430e+00  2.16395e-02  2.33550e+00  2.62019e+00
 1.49000e+01  4.96331e-01  1.07748e-02  1.70457e+00  2.17089e-02  2.33596e+00  2.62048e+00
 1.50000e+01  4.96350e-01  1.08089e-02  1.70485e+00  2.17768e-02  2.33643e+00  2.62078e+00
 1.51000e+01  4.96369e-01  1.08422e-02  1.70512e+00  2.18430e-02  2.33689e+00  2.62107e+00
 1.52000e+01  4.96388e-01  1.08747e-02  1.70540e+00  2.19076e-02  2.33737e+00  2.62137e+00
 1.53000e+01  4.96407e-01  1.09064e-02  1.70568e+00  2.19706e-02  2.33784e+00  2.62167e+00
 1.54000e+01  4.96427e-01  1.09372e-02  1.70596e+00  2.20319e-02  2.33832e+00  2.62197e+00
 1.55000e+01  4.96446e-01  1.09673e-02  1.70625e+00  2.20916e-02  2.33881e+00  2.62228e+00
 1.56000e+01  4.96466e-01  1.09965e-02  1.70653e+00  2.21496e-02  2.33929e+00  2.62258e+00
 1.57000e+01  4.96486e-01  1.10249e-02  1.70682e+00  2.22059e-02  2.33979e+00  2.62289e+00
 1.58000e+01  4.96506e-01  1.10525e-02  1.70711e+00  2.22605e-02  2.34028e+00  2.62320e+00
 1.59000e+01  4.96527e-01  1.10792e-02  1.70741e+00  2.23134e-02  2.34078e+00  2.62352e+00
 1.60000e+01  4.96548e-01  1.11051e-02  1.70770e+00  2.23645e-02  2.34129e+00  2.62383e+00
 1.61000e+01  4.96568e-01  1.11301e-02  1.70800e+00  2.24140e-02  2.34179e+00  2.62415e+00
 1.62000e+01  4.96589e-01  1.11542e-02  1.70830e+00  2.24617e-02  2.34231e+00  2.62447e+00
 1.63000e+01  4.96611e-01  1.11775e-02  1.70860e+00  2.25077e-02  2.34282e+00  2.62479e+00
 1.64000e+01  4.96632e-01  1.12000e-02  1.70890e+00  2.25518e-02  2.34334e+00  2.62511e+00
 1.65000e+01  4.96654e-01  1.12215e-02  1.70921e+00  2.25943e-02  2.34387e+00  2.62544e+00
 1.66000e+01  4.96676e-01  1.12422e-02  1.70952e+00  2.26349e-02  2.34439e+00  2.62577e+00
 1.67000e+01  4.96698e-01  1.12620e-02  1.70983e+00  2.26738e-02  2.34493e+00  2.62610e+00
 1.68000e+01  4.96720e-01  1.12809e-02  1.71014e+00  2.27108e-02  2.34546e+00  2.62643e+00
 1.69000e+01  4.96743e-01  1.12989e-02  1.71046e+00  2.27460e-02  2.34601e+00  2.62676e+00
 1.70000e+01  4.96765e-01  1.13160e-02  1.71078e+00  2.27794e-02  2.34655e+00  2.62710e+00
 1.71000e+01  4.96788e-01  1.13322e-02  1.71110e+00  2.28110e-02  2.34710e+00  2.62744e+00
 1.72000e+01  4.96811e-01  1.13475e-02  1.71142e+00  2.28407e-02  2.34765e+00  2.62778e+00
 1.73000e+01  4.96835e-01  1.13619e-02  1.71174e+00  2.28686e-02  2.34821e+00  2.62812e+00
 1.74000e+01  4.96858e-01  1.13754e-02  1.71207e+00  2.28946e-02  2.34877e+00  2.62847e+00
 1.75000e+01  4.96882e-01  1.13879e-02  1.71240e+00  2.29187e-02  2.34934e+00  2.62881e+00
 1.76000e+01  4.96906e-01  1.13995e-02  1.71273e+00  2.29410e-02  2.34991e+00  2.62916e+00
 1.77000e+01  4.96930e-01  1.14102e-02  1.71306e+00  2.29614e-02  2.35048e+00  2.62951e+00
 1.78000e+01  4.96954e-01  1.14199e-02  1.71340e+00  2.29798e-02  2.35106e+00  2.62987e+00
 1.79000e+01  4.96979e-01  1.14287e-02  1.71373e+00  2.29964e-02  2.35164e+00  2.63022e+00
 1.80000e+01  4.97004e-01  1.14366e-02  1.71407e+00  2.30110e-02  2.35223e+00  2.63058e+00
 1.81000e+01  4.97029e-01  1.14434e-02  1.71442e+00  2.30237e-02  2.35282e+00  2.63094e+00
 1.82000e+01  4.97054e-01  1.14494e-02  1.71476e+00  2.30345e-02  2.35342e+00  2.63131e+00
 1.83000e+01  4.97080e-01  1.14544e-02  1.71511e+00  2.30433e-02  2.35402e+00  2.63167e+00
 1.84000e+01  4.97105e-01  1.14584e-02  1.71546e+00  2.30502e-02  2.35462e+00  2.63204e+00
 1.85000e+01  4.97131e-01  1.14614e-02  1.71581e+00  2.30551e-02  2.35523e+00  2.63240e+00
 1.86000e+01  4.97157e-01  1.14635e-02  1.71616e+00  2.30580e-02  2.35584e+00  2.63278e+00
 1.87000e+01  4.97184e-01  1.14646e-02  1.71652e+00  2.30590e-02  2.35646e+00  2.63315e+00
 1.88000e+01  4.97210e-01  1.14647e-02  1.71688e+00  2.30580e-02  2.35708e+00  2.63352e+00
 1.89000e+01  4.97237e-01  1.14638e-02  1.71724e+00  2.30550e-02  2.35771e+00  2.63390e+00
 1.90000e+01  4.97264e-01  1.14619e-02  1.71760e+00  2.30500e-02  2.35834e+00  2.63428e+00
 1.91000e+01  4.97292e-01  1.14591e-02  1.71797e+00  2.30430e-02  2.35897e+00  2.63466e+00
 1.92000e+01  4.97319e-01  1.14553e-02  1.71833e+00  2.30340e-02  2.35961e+00  2.63505e+00
 1.93000e+01  4.97347e-01  1.14504e-02  1.71870e+00  2.30230e-02  2.36026e+00  2.63543e+00
 1.94000e+01  4.97375e-01  1.14446e-02  1.71908e+00  2.30100e-02  2.36090e+00  2.63582e+00
 1.95000e+01  4.97403e-01  1.14377e-02  1.71945e+00  2.29949e-02  2.36156e+00  2.63621e+00
 1.96000e+01  4.97431e-01  1.14299e-02  1.71983e+00  2.29778e-02  2.36221e+00  2.63660e+00
 1.97000e+01  4.97460e-01  1.14210e-02  1.72021e+00  2.29587e-02  2.36287e+00  2.63700e+00
 1.98000e+01  4.97489e-01  1.14112e-02  1.72059e+00  2.29376e-02  2.36354e+00  2.63739e+00
 1.99000e+01  4.97518e-01  1.14003e-02  1.72097e+00  2.29144e-02  2.36421e+00  2.63779e+00
 2.00000e+01  4.97547e-01  1.13884e-02  1.72136e+00  2.28891e-02  2.36488e+00  2.63819e+00
 2.01000e+01  4.97577e-01  1.13755e-02  1.72174e+00  2.28618e-02  2.36556e+00  2.63859e+00
 2.02000e+01  4.97606e-01  1.13616e-02  1.72213e+00  2.28325e-02  2.36624e+00  2.63900e+00
 2.03000e+01  4.97636e-01  1.13467e-02  1.72253e+00  2.28011e-02  2.36693e+00  2.63941e+00
 2.04000e+01  4.97667e-01  1.13307e-02  1.72292e+00  2.27676e-02  2.36762e+00  2.63981e+00
 2.05000e+01  4.97697e-01  1.13137e-02  1.72332e+00  2.27321e-02  2.36831e+00  2.64023e+00
 2.06000e+01  4.97728e-01  1.12957e-02  1.72372e+00  2.26946e-02  2.36901e+00  2.64064e+00
 2.07000e+01  4.97759e-01  1.12767e-02  1.72412e+00  2.26549e-02  2.36972e+00  2.64105e+00
 2.08000e+01  4.97790e-01  1.12566e-02  1.72452e+00  2.26132e-02  2.37043e+00  2.64147e+00
 2.09000e+01  4.97821e-01  1.12355e-02  1.72493e+00  2.25694e-02  2.37114e+00  2.64189e+00
 2.10000e+01  4.97853e-01  1.12134e-02  1.72534e+00  2.25236e-02  2.37186e+00  2.64231e+00
 2.11000e+01  4.97885e-01  1.11903e-02  1.72575e+00  2.24757e-02  2.37258e+00  2.64273e+00
 2.12000e+01  4.97917e-01  1.11662e-02  1.72616e+00  2.24258e-02  2.37330e+00  2.64316e+00
 2.13000e+01  4.97949e-01  1.11410e-02  1.72658e+00  2.23738e-02  2.37403e+00  2.64359e+00
 2.14000e+01  4.97981e-01  1.11148e-02  1.72699e+00  2.23197e-02  2.37477e+00  2.64402e+00
 2.15000e+01  4.98014e-01  1.10876e-02  1.72741e+00  2.22636e-02  2.37551e+00  2.64445e+00
 2.16000e+01  4.98047e-01  1.10593e-02  1.72783e+00  2.22054e-02  2.37625e+00  2.64488e+00
 2.17000e+01  4.98080e-01  1.10301e-02  1.72826e+00  2.21451e-02  2.37700e+00  2.64532e+00
 2.18000e+01  4.98114e-01  1.09998e-02  1.72868e+00  2.20829e-02  2.37775e+00  2.64575e+00
 2.19000e+01  4.98147e-01  1.09685e-02  1.72911e+00  2.20185e-02  2.37850e+00  2.64619e+00
 2.20000e+01  4.98181e-01  1.09362e-02  1.72954e+00  2.19522e-02  2.37926e+00  2.64663e+00
 2.21000e+01  4.98215e-01  1.09028e-02  1.72997e+00  2.18838e-02  2.38002e+00  2.64707e+00
 2.22000e+01  4.98249e-01  1.08685e-02  1.73041e+00  2.18133e-02  2.38079e+00  2.64752e+00
 2.23000e+01  4.98284e-01  1.08331e-02  1.73084e+00  2.17409e-02  2.38156e+00  2.64797e+00
 2.24000e+01  4.98319e-01  1.07968e-02  1.73128e+00  2.16664e-02  2.38234e+00  2.64841e+00
 2.25000e+01  4.98354e-01  1.07594e-02  1.73172e+00  2.15900e-02  2.38312e+00  2.64886e+00
 2.26000e+01  4.98389e-01  1.07211e-02  1.73217e+00  2.15115e-02  2.38390e+00  2.64932e+00
 2.27000e+01  4.98424e-01  1.06817e-02  1.73261e+00  2.14310e-02  2.38469e+00  2.64977e+00
 2.28000e+01  4.98460e-01  1.06414e-02  1.73306e+00  2.13486e-02  2.38548e+00  2.65023e+00
 2.29000e+01  4.98495e-01  1.06001e-02  1.73351e+00  2.12642e-02  2.38628e+00  2.65068e+00
 2.30000e+01  4.98531e-01  1.05578e-02  1.73396e+00  2.11778e-02  2.38708e+00  2.65114e+00
 2.31000e+01  4.98568e-01  1.05145e-02  1.73441e+00  2.10894e-02  2.38788e+00  2.65160e+00
 2.32000e+01  4.98604e-01  1.04703e-02  1.73486e+00  2.09992e-02  2.38869e+00  2.65207e+00
 2.33000e+01  4.98641e-01  1.04251e-02  1.73532e+00  2.09069e-02  2.38950e+00  2.65253e+00
 2.34000e+01  4.98677e-01  1.03789e-02  1.73578e+00  2.08128e-02  2.39032e+00  2.65300e+00
 2.35000e+01  4.98715e-01  1.03318e-02  1.73624e+00  2.07168e-02  2.39114e+00  2.65346e+00
 2.36000e+01  4.98752e-01  1.02837e-02  1.73670e+00  2.06189e-02  2.39196e+00  2.65393e+00
 2.37000e+01  4.98789e-01  1.02347e-02  1.73717e+00  2.05191e-02  2.39279e+00  2.65440e+00
 2.38000e+01  4.98827e-01  1.01847e-02  1.73763e+00  2.04174e-02  2.39362e+00  2.65488e+00
 2.39000e+01  4.98865e-01  1.01339e-02  1.73810e+00  2.03139e-02  2.39445e+00  2.65535e+00
 2.40000e+01  4.98903e-01  1.00821e-02  1.73857e+00  2.02085e-02  2.39529e+00  2.65583e+00
 2.41000e+01  4.98941e-01  1.00294e-02  1.73904e+00  2.01014e-02  2.39613e+00  2.65630e+00
 2.42000e+01  4.98979e-01  9.97581e-03  1.73952e+00  1.99924e-02  2.39698e+00  2.65678e+00
 2.43000e+01  4.99018e-01  9.92133e-03  1.73999e+00  1.98817e-02  2.39783e+00  2.65726e+00
 2.44000e+01  4.99057e-01  9.86596e-03  1.74047e+00  1.97692e-02  2.39868e+00  2.65775e+00
 2.45000e+01  4.99096e-01  9.80971e-03  1.74095e+00  1.96550e-02  2.39953e+00  2.65823e+00
 2.46000e+01  4.99135e-01  9.75261e-03  1.74143e+00  1.95390e-02  2.40039e+00  2.65871e+00
 2.47000e+01  4.99174e-01  9.69464e-03  1.74191e+00  1.94214e-02  2.40125e+00  2.65920e+00
 2.48000e+01  4.99213e-01  9.63583e-03  1.74239e+00  1.93020e-02  2.40212e+00  2.65969e+00
 2.49000e+01  4.99253e-01  9.57619e-03  1.74288e+00  1.91810e-02  2.40298e+00  2.66018e+00
 2.50000e+01  4.99293e-01  9.51572e-03  1.74336e+00  1.90584e-02  2.40386e+00  2.66067e+00
 2.51000e+01  4.99333e-01  9.45444e-03  1.74385e+00  1.89342e-02  2.40473e+00  2.66116e+00
 2.52000e+01  4.99373e-01  9.39236e-03  1.74434e+00  1.88083e-02  2.40561e+00  2.66165e+00
 2.53000e+01  4.99413e-01  9.32949e-03  1.74483e+00  1.86809e-02  2.40649e+00  2.66214e+00
 2.54000e+01  4.99454e-01  9.26584e-03  1.74532e+00  1.85520e-02  2.40737e+00  2.66264e+00
 2.55000e+01  4.99494e-01  9.20143e-03  1.74582e+00  1.84215e-02  2.40826e+00  2.66313e+00
 2.56000e+01  4.99535e-01  9.13626e-03  1.74631e+00  1.82895e-02  2.40915e+00  2.66363e+00
 2.57000e+01  4.99576e-01  9.07036e-03  1.74681e+00  1.81561e-02  2.41004e+00  2.66413e+00
 2.58000e+01  4.99617e-01  9.00372e-03  1.74731e+00  1.80213e-02  2.41093e+00  2.66463e+00
 2.59000e+01  4.99658e-01  8.93638e-03  1.74780e+00  1.78850e-02  2.41183e+00  2.66513e+00
 2.60000e+01  4.99699e-01  8.86833e-03  1.74830e+00  1.77473e-02  2.41273e+00  2.66563e+00
 2.61000e+01  4.99741e-01  8.79960e-03  1.74881e+00  1.76083e-02  2.41363e+00  2.66613e+00
 2.62000e+01  4.99782e-01  8.73019e-03  1.74931e+00  1.74680e-02  2.41453e+00  2.66664e+00
 2.63000e+01  4.99824e-01  8.66013e-03  1.74981e+00  1.73264e-02  2.41544e+00  2.66714e+00
 2.64000e+01  4.99866e-01  8.58943e-03  1.75032e+00  1.71835e-02  2.41635e+00  2.66765e+00
 2.65000e+01  4.99908e-01  8.51809e-03  1.75082e+00  1.70393e-02  2.41726e+00  2.66815e+00
 2.66000e+01  4.99950e-01  8.44615e-03  1.75133e+00  1.68940e-02  2.41817e+00  2.66866e+00
 2.67000e+01  4.99992e-01  8.37361e-03  1.75184e+00  1.67475e-02  2.41908e+00  2.66917e+00
 2.68000e+01  5.00034e-01  8.30049e-03  1.75234e+00  1.65999e-02  2.42000e+00  2.66967e+00
 2.69000e+01  5.00076e-01  8.22680e-03  1.75285e+00  1.64511e-02  2.42092e+00  2.67018e+00
 2.70000e+01  5.00119e-01  8.15257e-03  1.75336e+00  1.63013e-02  2.42184e+00  2.67069e+00
 2.71000e+01  5.00161e-01  8.07780e-03  1.75388e+00  1.61504e-02  2.42276e+00  2.67120e+00
 2.72000e+01  5.00204e-01  8.00252e-03  1.75439e+00  1.59985e-02  2.42369e+00  2.67171e+00
 2.73000e+01  5.00246e-01  7.92674e-03  1.75490e+00  1.58457e-02  2.42461e+00  2.67222e+00
 2.74000e+01  5.00289e-01  7.85047e-03  1.75541e+00  1.56919e-02  2.42554e+00  2.67274e+00
 2.75000e+01  5.00332e-01  7.77375e-03  1.75593e+00  1.55372e-02  2.42647e+00  2.67325e+00
 2.76000e+01  5.00375e-01  7.69657e-03  1.75644e+00  1.53816e-02  2.42740e+00  2.67376e+00
 2.77000e+01  5.00418e-01  7.61897e-03  1.75695e+00  1.52252e-02  2.42833e+00  2.67427e+00
 2.78000e+01  5.00461e-01  7.54095e-03  1.75747e+00  1.50680e-02  2.42926e+00  2.67479e+00
 2.79000e+01  5.00504e-01  7.46254e-03  1.75799e+00  1.49101e-02  2.43019e+00  2.67530e+00
 2.80000e+01  5.00547e-01  7.38375e-03  1.75850e+00  1.47514e-02  2.43112e+00  2.67581e+00
 2.81000e+01  5.00590e-01  7.30461e-03  1.75902e+00  1.45920e-02  2.43206e+00  2.67633e+00
 2.82000e+01  5.00633e-01  7.22512e-03  1.75954e+00  1.44320e-02  2.43300e+00  2.67684e+00
 2.83000e+01  5.00676e-01  7.14532e-03  1.76005e+00  1.42713e-02  2.43393e+00  2.67736e+00
 2.84000e+01  5.00720e-01  7.06521e-03  1.76057e+00  1.41101e-02  2.43487e+00  2.67787e+00
 2.85000e+01  5.00763e-01  6.98481e-03  1.76109e+00  1.39483e-02  2.43581e+00  2.67838e+00
 2.86000e+01  5.00806e-01  6.90415e-03  1.76160e+00  1.37861e-02  2.43674e+00  2.67890e+00
 2.87000e+01  5.00849e-01  6.82325e-03  1.76212e+00  1.36234e-02  2.43768e+00  2.67941e+00
 2.88000e+01  5.00893e-01  6.74212e-03  1.76264e+00  1.34602e-02  2.43862e+00  2.67993e+00
 2.89000e+01  5.00936e-01  6.66077e-03  1.76316e+00  1.32967e-02  2.43956e+00  2.68044e+00
 2.90000e+01  5.00979e-01  6.57924e-03  1.76367e+00  1.31328e-02  2.44050e+00  2.68095e+00
 2.91000e+01  5.01023e-01  6.49754e-03  1.76419e+00  1.29685e-02  2.44144e+00  2.68147e+00
 2.92000e+01  5.01066e-01  6.41568e-03  1.76471e+00  1.28041e-02  2.44238e+00  2.68198e+00
 2.93000e+01  5.01109e-01  6.33369e-03  1.76523e+00  1.26393e-02  2.44331e+00  2.68249e+00
 2.94000e+01  5.01153e-01  6.25159e-03  1.76574e+00  1.24744e-02  2.44425e+00  2.68301e+00
 2.95000e+01  5.01196e-01  6.16939e-03  1.76626e+00  1.23093e-02  2.44519e+00  2.68352e+00
 2.96000e+01  5.01239e-01  6.08711e-03  1.76678e+00  1.21441e-02  2.44613e+00  2.68403e+00
 2.97000e+01  5.01282e-01  6.00478e-03  1.76729e+00  1.19788e-02  2.44706e+00  2.68454e+00
 2.98000e+01  5.01325e-01  5.92240e-03  1.76781e+00  1.18135e-02  2.44800e+00  2.68505e+00
 2.99000e+01  5.01369e-01  5.84001e-03  1.76832e+00  1.16481e-02  2.44894e+00  2.68557e+00
 3.00000e+01  5.01412e-01  5.75762e-03  1.76884e+00  1.14828e-02  2.44987e+00  2.68607e+00
 3.01000e+01  5.01455e-01  5.67524e-03  1.76935e+00  1.13176e-02  2.45081e+00  2.68658e+00
 3.02000e+01  5.01498e-01  5.59290e-03  1.76986e+00  1.11524e-02  2.45174e+00  2.68709e+00
 3.03000e+01  5.01541e-01  5.51061e-03  1.77038e+00  1.09874e-02  2.45267e+00  2.68760e+00
 3.04000e+01  5.01583e-01  5.42840e-03  1.77089e+00  1.08225e-02  2.45360e+00  2.68811e+00
 3.05000e+01  5.01626e-01  5.34628e-03  1.77140e+00  1.06579e-02  2.45453e+00  2.68861e+00
 3.06000e+01  5.01669e-01  5.26427e-03  1.77191e+00  1.04935e-02  2.45546e+00  2.68912e+00
 3.07000e+01  5.01711e-01  5.18239e-03  1.77242e+00  1.03294e-02  2.45639e+00  2.68962e+00
 3.08000e+01  5.01754e-01  5.10065e-03  1.77293e+00  1.01656e-02  2.45731e+00  2.69013e+00
 3.09000e+01  5.01796e-01  5.01908e-03  1.77343e+00  1.00022e-02  2.45823e+00  2.69063e+00
 3.10000e+01  5.01839e-01  4.93769e-03  1.77394e+00  9.83919e-03  2.45916e+00  2.69113e+00
 3.11000e+01  5.01881e-01  4.85650e-03  1.77445e+00  9.67659e-03  2.46008e+00  2.69163e+00
 3.12000e+01  5.01923e-01  4.77552e-03  1.77495e+00  9.51444e-03  2.46099e+00  2.69213e+00
 3.13000e+01  5.01965e-01  4.69478e-03  1.77545e+00  9.35279e-03  2.46191e+00  2.69263e+00
 3.14000e+01  5.02007e-01  4.61428e-03  1.77596e+00  9.19167e-03  2.46283e+00  2.69313e+00
 3.15000e+01  5.02049e-01  4.53406e-03  1.77646e+00  9.03111e-03  2.46374e+00  2.69362e+00
 3.16000e+01  5.02091e-01  4.45412e-03  1.77696e+00  8.87114e-03  2.46465e+00  2.69412e+00
 3.17000e+01  5.02132e-01  4.37447e-03  1.77746e+00  8.71180e-03  2.46556e+00  2.69461e+00
 3.18000e+01  5.02174e-01  4.29515e-03  1.77795e+00  8.55311e-03  2.46646e+00  2.69510e+00
 3.19000e+01  5.02215e-01  4.21616e-03  1.77845e+00  8.39512e-03  2.46736e+00  2.69559e+00
 3.20000e+01  5.02256e-01  4.13751e-03  1.77894e+00  8.23785e-03  2.46826e+00  2.69608e+00
 3.21000e+01  5.02297e-01  4.05923e-03  1.77944e+00  8.08133e-03  2.46916e+00  2.69657e+00
 3.22000e+01  5.02338e-01  3.98132e-03  1.77993e+00  7.92559e-03  2.47006e+00  2.69706e+00
 3.23000e+01  5.02379e-01  3.90381e-03  1.78042e+00  7.77066e-03  2.47095e+00  2.69754e+00
 3.24000e+01  5.02419e-01  3.82671e-03  1.78091e+00  7.61657e-03  2.47184e+00  2.69803e+00
 3.25000e+01  5.02460e-01  3.75003e-03  1.78139e+00  7.46335e-03  2.47273e+00  2.69851e+00
 3.26000e+01  5.02500e-01  3.67379e-03  1.78188e+00  7.31103e-03  2.47361e+00  2.69899e+00
 3.27000e+01  5.02540e-01  3.59800e-03  1.78236e+00  7.15963e-03  2.47449e+00  2.69947e+00
 3.28000e+01  5.02580e-01  3.52268e-03  1.78284e+00  7.00918e-03  2.47537e+00  2.69994e+00
 3.29000e+01  5.02620e-01  3.44783e-03  1.78332e+00  6.85972e-03  2.47624e+00  2.70042e+00
 3.30000e+01  5.02660e-01  3.37347e-03  1.78380e+00  6.71125e-03  2.47711e+00  2.70089e+00
 3.31000e+01  5.02699e-01  3.29962e-03  1.78428e+00  6.56381e-03  2.47798e+00  2.70137e+00
 3.32000e+01  5.02738e-01  3.22629e-03  1.78475e+00  6.41743e-03  2.47885e+00  2.70184e+00
 3.33000e+01  5.02777e-01  3.15348e-03  1.78522e+00  6.27212e-03  2.47971e+00  2.70230e+00
 3.34000e+01  5.02816e-01  3.08121e-03  1.78569e+00  6.12791e-03  2.48056e+00  2.70277e+00
 3.35000e+01  5.02855e-01  3.00950e-03  1.78616e+00  5.98483e-03  2.48142e+00  2.70323e+00
 3.36000e+01  5.02893e-01  2.93835e-03  1.78663e+00  5.84289e-03  2.48227e+00  2.70370e+00
 3.37000e+01  5.02932e-01  2.86778e-03  1.78709e+00  5.70213e-03  2.48312e+00  2.70416e+00
 3.38000e+01  5.02970e-01  2.79779e-03  1.78756e+00  5.56254e-03  2.48396e+00  2.70462e+00
 3.39000e+01  5.03008e-01  2.72840e-03  1.78802e+00  5.42417e-03  2.48480e+00  2.70507e+00
 3.40000e+01  5.03045e-01  2.65962e-03  1.78848e+00  5.28703e-03  2.48563e+00  2.70553e+00
 3.41000e+01  5.03083e-01  2.59145e-03  1.78893e+00  5.15114e-03  2.48646e+00  2.70598e+00
 3.42000e+01  5.03120e-01  2.52391e-03  1.78939e+00  5.01651e-03  2.48729e+00  2.70643e+00
 3.43000e+01  5.03157e-01  2.45700e-03  1.78984e+00  4.88317e-03  2.48811e+00  2.70688e+00
 3.44000e+01  5.03194e-01  2.39074e-03  1.79029e+00  4.75113e-03  2.48893e+00  2.70732e+00
 3.45000e+01  5.03231e-01  2.32513e-03  1.79073e+00  4.62041e-03  2.48975e+00  2.70777e+00
 3.46000e+01  5.03267e-01  2.26018e-03  1.79118e+00  4.49102e-03  2.49056e+00  2.70821e+00
 3.47000e+01  5.03304e-01  2.19591e-03  1.79162e+00  4.36299e-03  2.49136e+00  2.70865e+00
 3.48000e+01  5.03340e-01  2.13231e-03  1.79206e+00  4.23632e-03  2.49217e+00  2.70908e+00
 3.49000e+01  5.03375e-01  2.06939e-03  1.79250e+00  4.11103e-03  2.49296e+00  2.70952e+00
 3.50000e+01  5.03411e-01  2.00717e-03  1.79294e+00  3.98714e-03  2.49376e+00  2.70995e+00
 3.51000e+01  5.03446e-01  1.94565e-03  1.79337e+00  3.86466e-03  2.49455e+00  2.71038e+00
 3.52000e+01  5.03481e-01  1.88483e-03  1.79380e+00  3.74359e-03  2.49533e+00  2.71081e+00
 3.53000e+01  5.03516e-01  1.82472e-03  1.79423e+00  3.62396e-03  2.49611e+00  2.71124e+00
 3.54000e+01  5.03551e-01  1.76533e-03  1.79465e+00  3.50577e-03  2.49688e+00  2.71166e+00
 3.55000e+01  5.03585e-01  1.70667e-03  1.79508e+00  3.38903e-03  2.49766e+00  2.71208e+00
 3.56000e+01  5.03619e-01  1.64873e-03  1.79550e+00  3.27376e-03  2.49842e+00  2.71250e+00
 3.57000e+01  5.03653e-01  1.59152e-03  1.79592e+00  3.15996e-03  2.49918e+00  2.71291e+00
 3.58000e+01  5.03687e-01  1.53506e-03  1.79633e+00  3.04765e-03  2.49994e+00  2.71333e+00
 3.59000e+01  5.03720e-01  1.47934e-03  1.79674e+00  2.93683e-03  2.50069e+00  2.71374e+00
 3.60000e+01  5.03753e-01  1.42436e-03  1.79715e+00  2.82750e-03  2.50144e+00  2.71415e+00
 3.61000e+01  5.03786e-01  1.37014e-03  1.79756e+00  2.71969e-03  2.50218e+00  2.71455e+00
 3.62000e+01  5.03819e-01  1.31667e-03  1.79797e+00  2.61339e-03  2.50292e+00  2.71496e+00
 3.63000e+01  5.03852e-01  1.26397e-03  1.79837e+00  2.50861e-03  2.50365e+00  2.71536e+00
 3.64000e+01  5.03884e-01  1.21202e-03  1.79877e+00  2.40535e-03  2.50438e+00  2.71576e+00
 3.65000e+01  5.03916e-01  1.16084e-03  1.79917e+00  2.30363e-03  2.50510e+00  2.71615e+00
 3.66000e+01  5.03947e-01  1.11042e-03  1.79956e+00  2.20345e-03  2.50582e+00  2.71654e+00
 3.67000e+01  5.03979e-01  1.06077e-03  1.79995e+00  2.10480e-03  2.50653e+00  2.71693e+00
 3.68000e+01  5.04010e-01  1.01190e-03  1.80034e+00  2.00770e-03  2.50723e+00  2.71732e+00
 3.69000e+01  5.04041e-01  9.63799e-04  1.80073e+00  1.91214e-03  2.50794e+00  2.71771e+00
 3.70000e+01  5.04072e-01  9.16473e-04  1.80111e+00  1.81814e-03  2.50863e+00  2.71809e+00
 3.71000e+01  5.04102e-01  8.69923e-04  1.80149e+00  1.72569e-03  2.50933e+00  2.71847e+00
 3.72000e+01  5.04132e-01  8.24151e-04  1.80187e+00  1.63479e-03  2.51001e+00  2.71885e+00
 3.73000e+01  5.04162e-01  7.79157e-04  1.80225e+00  1.54545e-03  2.51069e+00  2.71922e+00
 3.74000e+01  5.04192e-01  7.34942e-04  1.80262e+00  1.45766e-03  2.51137e+00  2.71959e+00
 3.75000e+01  5.04221e-01  6.91507e-04  1.80299e+00  1.37144e-03  2.51204e+00  2.71996e+00
 3.76000e+01  5.04251e-01  6.48851e-04  1.80335e+00  1.28676e-03  2.51271e+00  2.72033e+00
 3.77000e+01  5.04279e-01  6.06974e-04  1.80372e+00  1.20365e-03  2.51337e+00  2.72069e+00
 3.78000e+01  5.04308e-01  5.65876e-04  1.80408e+00  1.12208e-03  2.51402e+00  2.72105e+00
 3.79000e+01  5.04336e-01  5.25558e-04  1.80444e+00  1.04208e-03  2.51467e+00  2.72141e+00
 3.80000e+01  5.04365e-01  4.86017e-04  1.80479e+00  9.63621e-04  2.51532e+00  2.72177e+00
 3.81000e+01  5.04392e-01  4.47253e-04  1.80515e+00  8.86715e-04  2.51596e+00  2.72212e+00
 3.82000e+01  5.04420e-01  4.09264e-04  1.80549e+00  8.11356e-04  2.51659e+00  2.72247e+00
 3.83000e+01  5.04447e-01  3.72051e-04  1.80584e+00  7.37541e-04  2.51722e+00  2.72282e+00
 3.84000e+01  5.04475e-01  3.35610e-04  1.80619e+00  6.65267e-04  2.51784e+00  2.72316e+00
 3.85000e+01  5.04501e-01  2.99941e-04  1.80653e+00  5.94530e-04  2.51846e+00  2.72350e+00
 3.86000e+01  5.04528e-01  2.65041e-04  1.80686e+00  5.25325e-04  2.51908e+00  2.72384e+00
 3.87000e+01  5.04554e-01  2.30909e-04  1.80720e+00  4.57649e-04  2.51968e+00  2.72417e+00
 3.88000e+01  5.04580e-01  1.97541e-04  1.80753e+00  3.91496e-04  2.52028e+00  2.72451e+00
 3.89000e+01  5.04606e-01  1.64937e-04  1.80786e+00  3.26862e-04  2.52088e+00  2.72484e+00
 3.90000e+01  5.04632e-01  1.33092e-04  1.80819e+00  2.63740e-04  2.52147e+00  2.72516e+00
 3.91000e+01  5.04657e-01  1.02004e-04  1.80851e+00  2.02125e-04  2.52206e+00  2.72549e+00
 3.92000e+01  5.04682e-01  7.16704e-05  1.80883e+00  1.42011e-04  2.52264e+00  2.72581e+00
 3.93000e+01  5.04707e-01  4.20880e-05  1.80915e+00  8.33909e-05  2.52321e+00  2.72613e+00
 3.94000e+01  5.04731e-01  1.32533e-05  1.80946e+00  2.62582e-05  2.52378e+00  2.72644e+00
 3.95000e+01  5.04755e-01 -1.48369e-05  1.80977e+00 -2.93942e-05  2.52435e+00  2.72676e+00
 3.96000e+01  5.04779e-01 -4.21864e-05  1.81008e+00 -8.35739e-05  2.52490e+00  2.72707e+00
 3.97000e+01  5.04803e-01 -6.87988e-05  1.81039e+00 -1.36288e-04  2.52546e+00  2.72737e+00
 3.98000e+01  5.04827e-01 -9.46780e-05  1.81069e+00 -1.87546e-04  2.52600e+00  2.72768e+00
 3.99000e+01  5.04850e-01 -1.19828e-04  1.81099e+00 -2.37354e-04  2.52655e+00  2.72798e+00
 4.00000e+01  5.04873e-01 -1.44253e-04  1.81129e+00 -2.85722e-04  2.52708e+00  2.72828e+00
 4.01000e+01  5.04896e-01 -1.67957e-04  1.81158e+00 -3.32658e-04  2.52761e+00  2.72857e+00
 4.02000e+01  5.04918e-01 -1.90945e-04  1.81187e+00 -3.78171e-04  2.52814e+00  2.72886e+00
 4.03000e+01  5.04940e-01 -2.13222e-04  1.81216e+00 -4.22271e-04  2.52866e+00  2.72915e+00
 4.04000e+01  5.04962e-01 -2.34791e-04  1.81244e+00 -4.64967e-04  2.52917e+00  2.72944e+00
 4.05000e+01  5.04984e-01 -2.55658e-04  1.81272e+00 -5.06269e-04  2.52968e+00  2.72972e+00
 4.06000e+01  5.05005e-01 -2.75827e-04  1.81300e+00 -5.46187e-04  2.53018e+00  2.73000e+00
 4.07000e+01  5.05026e-01 -2.95304e-04  1.81328e+00 -5.84730e-04  2.53068e+00  2.73028e+00
 4.08000e+01  5.05047e-01 -3.14094e-04  1.81355e+00 -6.21910e-04  2.53117e+00  2.73056e+00
 4.09000e+01  5.05068e-01 -3.32202e-04  1.81382e+00 -6.57737e-04  2.53166e+00  2.73083e+00
 4.10000e+01  5.05088e-01 -3.49633e-04  1.81409e+00 -6.92221e-04  2.53214e+00  2.73110e+00
 4.11000e+01  5.05108e-01 -3.66393e-04  1.81435e+00 -7.25374e-04  2.53262e+00  2.73136e+00
 4.12000e+01  5.05128e-01 -3.82487e-04  1.81461e+00 -7.57207e-04  2.53309e+00  2.73163e+00
 4.13000e+01  5.05148e-01 -3.97921e-04  1.81487e+00 -7.87731e-04  2.53355e+00  2.73189e+00
 4.14000e+01  5.05167e-01 -4.12700e-04  1.81512e+00 -8.16958e-04  2.53401e+00  2.73214e+00
 4.15000e+01  5.05187e-01 -4.26831e-04  1.81537e+00 -8.44899e-04  2.53447e+00  2.73240e+00
 4.16000e+01  5.05206e-01 -4.40320e-04  1.81562e+00 -8.71566e-04  2.53491e+00  2.73265e+00
 4.17000e+01  5.05224e-01 -4.53172e-04  1.81587e+00 -8.96971e-04  2.53536e+00  2.73290e+00
 4.18000e+01  5.05243e-01 -4.65393e-04  1.81611e+00 -9.21127e-04  2.53579e+00  2.73314e+00
 4.19000e+01  5.05261e-01 -4.76989e-04  1.81635e+00 -9.44046e-04  2.53623e+00  2.73338e+00
 4.20000e+01  5.05279e-01 -4.87968e-04  1.81659e+00 -9.65740e-04  2.53665e+00  2.73362e+00
 4.21000e+01  5.05296e-01 -4.98334e-04  1.81682e+00 -9.86222e-04  2.53707e+00  2.73386e+00
 4.22000e+01  5.05314e-01 -5.08095e-04  1.81705e+00 -1.00550e-03  2.53749e+00  2.73409e+00
 4.23000e+01  5.05331e-01 -5.17257e-04  1.81728e+00 -1.02360e-03  2.53790e+00  2.73432e+00
 4.24000e+01  5.05348e-01 -5.25826e-04  1.81750e+00 -1.04052e-03  2.53830e+00  2.73455e+00
 4.25000e+01  5.05365e-01 -5.33809e-04  1.81773e+00 -1.05629e-03  2.53870e+00  2.73478e+00
 4.26000e+01  5.05381e-01 -5.41213e-04  1.81794e+00 -1.07090e-03  2.53910e+00  2.73500e+00
 4.27000e+01  5.05397e-01 -5.48044e-04  1.81816e+00 -1.08438e-03  2.53948e+00  2.73522e+00
 4.28000e+01  5.05413e-01 -5.54309e-04  1.81837e+00 -1.09674e-03  2.53987e+00  2.73543e+00
 4.29000e+01  5.05429e-01 -5.60015e-04  1.81858e+00 -1.10800e-03  2.54024e+00  2.73564e+00
 4.30000e+01  5.05444e-01 -5.65169e-04  1.81879e+00 -1.11816e-03  2.54062e+00  2.73585e+00
 4.31000e+01  5.05460e-01 -5.69777e-04  1.81899e+00 -1.12724e-03  2.54098e+00  2.73606e+00
 4.32000e+01  5.05475e-01 -5.73847e-04  1.81919e+00 -1.13526e-03  2.54134e+00  2.73626e+00
 4.33000e+01  5.05489e-01 -5.77385e-04  1.81939e+00 -1.14223e-03  2.54170e+00  2.73646e+00
 4.34000e+01  5.05504e-01 -5.80399e-04  1.81959e+00 -1.14816e-03  2.54205e+00  2.73666e+00
 4.35000e+01  5.05518e-01 -5.82896e-04  1.81978e+00 -1.15307e-03  2.54239e+00  2.73686e+00
 4.36000e+01  5.05532e-01 -5.84883e-04  1.81997e+00 -1.15696e-03  2.54273e+00  2.73705e+00
 4.37000e+01  5.05546e-01 -5.86367e-04  1.82015e+00 -1.15987e-03  2.54307e+00  2.73724e+00
 4.38000e+01  5.05560e-01 -5.87356e-04  1.82033e+00 -1.16179e-03  2.54339e+00  2.73742e+00
 4.39000e+01  5.05573e-01 -5.87856e-04  1.82051e+00 -1.16275e-03  2.54372e+00  2.73760e+00
 4.40000e+01  5.05586e-01 -5.87875e-04  1.82069e+00 -1.16276e-03  2.54403e+00  2.73778e+00
 4.41000e+01  5.05599e-01 -5.87421e-04  1.82087e+00 -1.16183e-03  2.54435e+00  2.73796e+00
 4.42000e+01  5.05612e-01 -5.86500e-04  1.82104e+00 -1.15998e-03  2.54465e+00  2.73814e+00
 4.43000e+01  5.05624e-01 -5.85120e-04  1.82120e+00 -1.15722e-03  2.54495e+00  2.73831e+00
 4.44000e+01  5.05636e-01 -5.83290e-04  1.82137e+00 -1.15357e-03  2.54525e+00  2.73847e+00
 4.45000e+01  5.05648e-01 -5.81015e-04  1.82153e+00 -1.14905e-03  2.54554e+00  2.73864e+00
 4.46000e+01  5.05660e-01 -5.78304e-04  1.82169e+00 -1.14366e-03  2.54583e+00  2.73880e+00
 4.47000e+01  5.05672e-01 -5.75164e-04  1.82185e+00 -1.13743e-03  2.54611e+00  2.73896e+00
 4.48000e+01  5.05683e-01 -5.71603e-04  1.82200e+00 -1.13036e-03  2.54638e+00  2.73912e+00
 4.49000e+01  5.05694e-01 -5.67628e-04  1.82215e+00 -1.12247e-03  2.54665e+00  2.73927e+00
 4.50000e+01  5.05705e-01 -5.63247e-04  1.82230e+00 -1.11379e-03  2.54691e+00  2.73942e+00
 4.51000e+01  5.05716e-01 -5.58468e-04  1.82244e+00 -1.10431e-03  2.54717e+00  2.73957e+00
 4.52000e+01  5.05726e-01 -5.53298e-04  1.82258e+00 -1.09407e-03  2.54743e+00  2.73971e+00
 4.53000e+01  5.05736e-01 -5.47745e-04  1.82272e+00 -1.08307e-03  2.54767e+00  2.73985e+00
 4.54000e+01  5.05746e-01 -5.41817e-04  1.82286e+00 -1.07132e-03  2.54792e+00  2.73999e+00
 4.55000e+01  5.05756e-01 -5.35522e-04  1.82299e+00 -1.05885e-03  2.54816e+00  2.74012e+00
 4.56000e+01  5.05765e-01 -5.28866e-04  1.82312e+00 -1.04568e-03  2.54839e+00  2.74026e+00
 4.57000e+01  5.05775e-01 -5.21859e-04  1.82325e+00 -1.03180e-03  2.54861e+00  2.74038e+00
 4.58000e+01  5.05784e-01 -5.14507e-04  1.82337e+00 -1.01725e-03  2.54884e+00  2.74051e+00
 4.59000e+01  5.05792e-01 -5.06820e-04  1.82349e+00 -1.00203e-03  2.54905e+00  2.74063e+00
 4.60000e+01  5.05801e-01 -4.98803e-04  1.82361e+00 -9.86165e-04  2.54926e+00  2.74075e+00
 4.61000e+01  5.05809e-01 -4.90466e-04  1.82372e+00 -9.69666e-04  2.54947e+00  2.74087e+00
 4.62000e+01  5.05818e-01 -4.81816e-04  1.82383e+00 -9.52549e-04  2.54967e+00  2.74099e+00
 4.63000e+01  5.05826e-01 -4.72861e-04  1.82394e+00 -9.34830e-04  2.54986e+00  2.74110e+00
 4.64000e+01  5.05833e-01 -4.63609e-04  1.82405e+00 -9.16526e-04  2.55005e+00  2.74121e+00
 4.65000e+01  5.05841e-01 -4.54068e-04  1.82415e+00 -8.97650e-04  2.55024e+00  2.74131e+00
 4.66000e+01  5.05848e-01 -4.44245e-04  1.82425e+00 -8.78219e-04  2.55042e+00  2.74141e+00
 4.67000e+01  5.05855e-01 -4.34150e-04  1.82435e+00 -8.58249e-04  2.55059e+00  2.74151e+00
 4.68000e+01  5.05862e-01 -4.23789e-04  1.82444e+00 -8.37755e-04  2.55076e+00  2.74161e+00
 4.69000e+01  5.05869e-01 -4.13170e-04  1.82454e+00 -8.16753e-04  2.55092e+00  2.74170e+00
 4.70000e+01  5.05875e-01 -4.02302e-04  1.82462e+00 -7.95259e-04  2.55108e+00  2.74179e+00
 4.71000e+01  5.05881e-01 -3.91192e-04  1.82471e+00 -7.73288e-04  2.55124e+00  2.74188e+00
 4.72000e+01  5.05887e-01 -3.79849e-04  1.82479e+00 -7.50857e-04  2.55138e+00  2.74196e+00
 4.73000e+01  5.05893e-01 -3.68280e-04  1.82487e+00 -7.27980e-04  2.55153e+00  2.74205e+00
 4.74000e+01  5.05899e-01 -3.56494e-04  1.82495e+00 -7.04674e-04  2.55166e+00  2.74212e+00
 4.75000e+01  5.05904e-01 -3.44498e-04  1.82502e+00 -6.80955e-04  2.55180e+00  2.74220e+00
 4.76000e+01  5.05909e-01 -3.32300e-04  1.82509e+00 -6.56838e-04  2.55192e+00  2.74227e+00
 4.77000e+01  5.05914e-01 -3.19909e-04  1.82516e+00 -6.32339e-04  2.55204e+00  2.74234e+00
 4.78000e+01  5.05919e-01 -3.07333e-04  1.82523e+00 -6.07474e-04  2.55216e+00  2.74241e+00
 4.79000e+01  5.05923e-01 -2.94578e-04  1.82529e+00 -5.82259e-04  2.55227e+00  2.74247e+00
 4.80000e+01  5.05928e-01 -2.81655e-04  1.82535e+00 -5.56710e-04  2.55238e+00  2.74253e+00
 4.81000e+01  5.05932e-01 -2.68570e-04  1.82541e+00 -5.30842e-04  2.55248e+00  2.74259e+00
 4.82000e+01  5.05936e-01 -2.55331e-04  1.82546e+00 -5.04672e-04  2.55258e+00  2.74265e+00
 4.83000e+01  5.05939e-01 -2.41948e-04  1.82551e+00 -4.78215e-04  2.55267e+00  2.74270e+00
 4.84000e+01  5.05943e-01 -2.28426e-04  1.82556e+00 -4.51487e-04  2.55275e+00  2.74275e+00
 4.85000e+01  5.05946e-01 -2.14776e-04  1.82560e+00 -4.24504e-04  2.55283e+00  2.74279e+00
 4.86000e+01  5.05949e-01 -2.01005e-04  1.82565e+00 -3.97282e-04  2.55291e+00  2.74284e+00
 4.87000e+01  5.05952e-01 -1.87120e-04  1.82568e+00 -3.69838e-04  2.55298e+00  2.74288e+00
 4.88000e+01  5.05954e-01 -1.73130e-04  1.82572e+00 -3.42186e-04  2.55304e+00  2.74291e+00
 4.89000e+01  5.05957e-01 -1.59044e-04  1.82575e+00 -3.14342e-04  2.55310e+00  2.74295e+00
 4.90000e+01  5.05959e-01 -1.44868e-04  1.82578e+00 -2.86324e-04  2.55316e+00  2.74298e+00
 4.91000e+01  5.05961e-01 -1.30612e-04  1.82581e+00 -2.58146e-04  2.55320e+00  2.74301e+00
 4.92000e+01  5.05963e-01 -1.16283e-04  1.82584e+00 -2.29824e-04  2.55325e+00  2.74303e+00
 4.93000e+01  5.05964e-01 -1.01889e-04  1.82586e+00 -2.01375e-04  2.55329e+00  2.74305e+00
 4.94000e+01  5.05966e-01 -8.74384e-05  1.82588e+00 -1.72815e-04  2.55332e+00  2.74307e+00
 4.95000e+01  5.05967e-01 -7.29394e-05  1.82589e+00 -1.44159e-04  2.55335e+00  2.74309e+00
 4.96000e+01  5.05968e-01 -5.84001e-05  1.82591e+00 -1.15422e-04  2.55337e+00  2.74310e+00
 4.97000e+01  5.05969e-01 -4.38284e-05  1.82592e+00 -8.66227e-05  2.55339e+00  2.74311e+00
 4.98000e+01  5.05969e-01 -2.92324e-05  1.82592e+00 -5.77750e-05  2.55340e+00  2.74312e+00
 4.99000e+01  5.05969e-01 -1.46202e-05  1.82593e+00 -2.88955e-05  2.55341e+00  2.74313e+00
 5.00000e+01  5.05970e-01  8.47900e-14  1.82593e+00  1.67579e-13  2.55341e+00  2.74313e+00
 5.01000e+01  5.05969e-01  1.46202e-05  1.82593e+00  2.88955e-05  2.55341e+00  2.74313e+00
 5.02000e+01  5.05969e-01  2.92324e-05  1.82592e+00  5.77750e-05  2.55340e+00  2.74312e+00
 5.03000e+01  5.05969e-01  4.38284e-05  1.82592e+00  8.66227e-05  2.55339e+00  2.74311e+00
 5.04000e+01  5.05968e-01  5.84001e-05  1.82591e+00  1.15422e-04  2.55337e+00  2.74310e+00
 5.05000e+01  5.05967e-01  7.29394e-05  1.82589e+00  1.44159e-04  2.55335e+00  2.74309e+00
 5.06000e+01  5.05966e-01  8.74384e-05  1.82588e+00  1.72815e-04  2.55332e+00  2.74307e+00
 5.07000e+01  5.05964e-01  1.01889e-04  1.82586e+00  2.01375e-04  2.55329e+00  2.74305e+00
 5.08000e+01  5.05963e-01  1.16283e-04  1.82584e+00  2.29824e-04  2.55325e+00  2.74303e+00
 5.09000e+01  5.05961e-01  1.30612e-04  1.82581e+00  2.58146e-04  2.55320e+00  2.74301e+00
 5.10000e+01  5.05959e-01  1.44868e-04  1.82578e+00  2.86324e-04  2.55316e+00  2.74298e+00
 5.11000e+01  5.05957e-01  1.59044e-04  1.82575e+00  3.14342e-04  2.55310e+00  2.74295e+00
 5.12000e+01  5.05954e-01  1.73130e-04  1.82572e+00  3.42186e-04  2.55304e+00  2.74291e+00
 5.13000e+01  5.05952e-01  1.87120e-04  1.82568e+00  3.69838e-04  2.55298e+00  2.74288e+00
 5.14000e+01  5.05949e-01  2.01005e-04  1.82565e+00  3.97282e-04  2.55291e+00  2.74284e+00
 5.15000e+01  5.05946e-01  2.14776e-04  1.82560e+00  4.24504e-04  2.55283e+00  2.74279e+00
 5.16000e+01  5.05943e-01  2.28426e-04  1.82556e+00  4.51487e-04  2.55275e+00  2.74275e+00
 5.17000e+01  5.05939e-01  2.41948e-04  1.82551e+00  4.78215e-04  2.55267e+00  2.74270e+00
 5.18000e+01  5.05936e-01  2.55331e-04  1.82546e+00  5.04672e-04  2.55258e+00  2.74265e+00
 5.19000e+01  5.05932e-01  2.68570e-04  1.82541e+00  5.30842e-04  2.55248e+00  2.74259e+00
 5.20000e+01  5.05928e-01  2.81655e-04  1.82535e+00  5.56710e-04  2.55238e+00  2.74253e+00
 5.21000e+01  5.05923e-01  2.94578e-04  1.82529e+00  5.82259e-04  2.55227e+00  2.74247e+00
 5.22000e+01  5.05919e-01  3.07333e-04  1.82523e+00  6.07474e-04  2.55216e+00  2.74241e+00
 5.23000e+01  5.05914e-01  3.19909e-04  1.82516e+00  6.32339e-04  2.55204e+00  2.74234e+00
 5.24000e+01  5.05909e-01  3.32300e-04  1.82509e+00  6.56838e-04  2.55192e+00  2.74227e+00
 5.25000e+01  5.05904e-01  3.44498e-04  1.82502e+00  6.80955e-04  2.55180e+00  2.74220e+00
 5.26000e+01  5.05899e-01  3.56494e-04  1.82495e+00  7.04674e-04  2.55166e+00  2.74212e+00
 5.27000e+01  5.05893e-01  3.68280e-04  1.82487e+00  7.27980e-04  2.55153e+00  2.74205e+00
 5.28000e+01  5.05887e-01  3.79849e-04  1.82479e+00  7.50857e-04  2.55138e+00  2.74196e+00
 5.29000e+01  5.05881e-01  3.91192e-04  1.82471e+00  7.73288e-04  2.55124e+00  2.74188e+00
 5.30000e+01  5.05875e-01  4.02302e-04  1.82462e+00  7.95259e-04  2.55108e+00  2.74179e+00
 5.31000e+01  5.05869e-01  4.13170e-04  1.82454e+00  8.16753e-04  2.55092e+00  2.74170e+00
 5.32000e+01  5.05862e-01  4.23789e-04  1.82444e+00  8.37755e-04  2.55076e+00  2.74161e+00
 5.33000e+01  5.05855e-01  4.34150e-04  1.82435e+00  8.58249e-04  2.55059e+00  2.74151e+00
 5.34000e+01  5.05848e-01  4.44245e-04  1.82425e+00  8.78219e-04  2.55042e+00  2.74141e+00
 5.35000e+01  5.05841e-01  4.54068e-04  1.82415e+00  8.97650e-04  2.55024e+00  2.74131e+00
 5.36000e+01  5.05833e-01  4.63609e-04  1.82405e+00  9.16526e-04  2.55005e+00  2.74121e+00
 5.37000e+01  5.05826e-01  4.72861e-04  1.82394e+00  9.34830e-04  2.54986e+00  2.74110e+00
 5.38000e+01  5.05818e-01  4.81816e-04  1.82383e+00  9.52549e-04  2.54967e+00  2.74099e+00
 5.39000e+01  5.05809e-01  4.90466e-04  1.82372e+00  9.69666e-04  2.54947e+00  2.74087e+00
 5.40000e+01  5.05801e-01  4.98803e-04  1.82361e+00  9.86165e-04  2.54926e+00  2.74075e+00
 5.41000e+01  5.05792e-01  5.06820e-04  1.82349e+00  1.00203e-03  2.54905e+00  2.74063e+00
 5.42000e+01  5.05784e-01  5.14507e-04  1.82337e+00  1.01725e-03  2.54884e+00  2.74051e+00
 5.43000e+01  5.05775e-01  5.21859e-04  1.82325e+00  1.03180e-03  2.54861e+00  2.74038e+00
 5.44000e+01  5.05765e-01  5.28866e-04  1.82312e+00  1.04568e-03  2.54839e+00  2.74026e+00
 5.45000e+01  5.05756e-01  5.35522e-04  1.82299e+00  1.05885e-03  2.54816e+00  2.74012e+00
 5.46000e+01  5.05746e-01  5.41817e-04  1.82286e+00  1.07132e-03  2.54792e+00  2.73999e+00
 5.47000e+01  5.05736e-01  5.47745e-04  1.82272e+00  1.08307e-03  2.54767e+00  2.73985e+00
 5.48000e+01  5.05726e-01  5.53298e-04  1.82258e+00  1.09407e-03  2.54743e+00  2.73971e+00
 5.49000e+01  5.05716e-01  5.58468e-04  1.82244e+00  1.10431e-03  2.54717e+00  2.73957e+00
 5.50000e+01  5.05705e-01  5.63247e-04  1.82230e+00  1.11379e-03  2.54691e+00  2.73942e+00
 5.51000e+01  5.05694e-01  5.67628e-04  1.82215e+00  1.12247e-03  2.54665e+00  2.73927e+00
 5.52000e+01  5.05683e-01  5.71603e-04  1.82200e+00  1.13036e-03  2.54638e+00  2.73912e+00
 5.53000e+01  5.05672e-01  5.75164e-04  1.82185e+00  1.13743e-03  2.54611e+00  2.73896e+00
 5.54000e+01  5.05660e-01  5.78304e-04  1.82169e+00  1.14366e-03  2.54583e+00  2.73880e+00
 5.55000e+01  5.05648e-01  5.81015e-04  1.82153e+00  1.14905e-03  2.54554e+00  2.73864e+00
 5.56000e+01  5.05636e-01  5.83290e-04  1.82137e+00  1.15357e-03  2.54525e+00  2.73847e+00
 5.57000e+01  5.05624e-01  5.85120e-04  1.82120e+00  1.15722e-03  2.54495e+00  2.73831e+00
 5.58000e+01  5.05612e-01  5.86500e-04  1.82104e+00  1.15998e-03  2.54465e+00  2.73814e+00
 5.59000e+01  5.05599e-01  5.87421e-04  1.82087e+00  1.16183e-03  2.54435e+00  2.73796e+00
 5.60000e+01  5.05586e-01  5.87875e-04  1.82069e+00  1.16276e-03  2.54403e+00  2.73778e+00
 5.61000e+01  5.05573e-01  5.87856e-04  1.82051e+00  1.16275e-03  2.54372e+00  2.73760e+00
 5.62000e+01  5.05560e-01  5.87356e-04  1.82033e+00  1.16179e-03  2.54339e+00  2.73742e+00
 5.63000e+01  5.05546e-01  5.86367e-04  1.82015e+00  1.15987e-03  2.54307e+00  2.73724e+00
 5.64000e+01  5.05532e-01  5.84883e-04  1.81997e+00  1.15696e-03  2.54273e+00  2.73705e+00
 5.65000e+01  5.05518e-01  5.82896e-04  1.81978e+00  1.15307e-03  2.54239e+00  2.73686e+00
 5.66000e+01  5.05504e-01  5.80399e-04  1.81959e+00  1.14816e-03  2.54205e+00  2.73666e+00
 5.67000e+01  5.05489e-01  5.77385e-04  1.81939e+00  1.14223e-03  2.54170e+00  2.73646e+00
 5.68000e+01  5.05475e-01  5.73847e-04  1.81919e+00  1.13526e-03  2.54134e+00  2.73626e+00
 5.69000e+01  5.05460e-01  5.69777e-04  1.81899e+00  1.12724e-03  2.54098e+00  2.73606e+00
 5.70000e+01  5.05444e-01  5.65169e-04  1.81879e+00  1.11816e-03  2.54062e+00  2.73585e+00
 5.71000e+01  5.05429e-01  5.60015e-04  1.81858e+00  1.10800e-03  2.54024e+00  2.73564e+00
 5.72000e+01  5.05413e-01  5.54309e-04  1.81837e+00  1.09674e-03  2.53987e+00  2.73543e+00
 5.73000e+01  5.05397e-01  5.48044e-04  1.81816e+00  1.08438e-03  2.53948e+00  2.73522e+00
 5.74000e+01  5.05381e-01  5.41213e-04  1.81794e+00  1.07090e-03  2.53910e+00  2.73500e+00
 5.75000e+01  5.05365e-01  5.33809e-04  1.81773e+00  1.05629e-03  2.53870e+00  2.73478e+00
 5.76000e+01  5.05348e-01  5.25826e-04  1.81750e+00  1.04052e-03  2.53830e+00  2.73455e+00
 5.77000e+01  5.05331e-01  5.17257e-04  1.81728e+00  1.02360e-03  2.53790e+00  2.73432e+00
 5.78000e+01  5.05314e-01  5.08095e-04  1.81705e+00  1.00550e-03  2.53749e+00  2.73409e+00
 5.79000e+01  5.05296e-01  4.98334e-04  1.81682e+00  9.86222e-04  2.53707e+00  2.73386e+00
 5.80000e+01  5.05279e-01  4.87968e-04  1.81659e+00  9.65740e-04  2.53665e+00  2.73362e+00
 5.81000e+01  5.05261e-01  4.76989e-04  1.81635e+00  9.44046e-04  2.53623e+00  2.73338e+00
 5.82000e+01  5.05243e-01  4.65393e-04  1.81611e+00  9.21127e-04  2.53579e+00  2.73314e+00
 5.83000e+01  5.05224e-01  4.53172e-04  1.81587e+00  8.96971e-04  2.53536e+00  2.73290e+00
 5.84000e+01  5.05206e-01  4.40320e-04  1.81562e+00  8.71566e-04  2.53491e+00  2.73265e+00
 5.85000e+01  5.05187e-01  4.26831e-04  1.81537e+00  8.44899e-04  2.53447e+00  2.73240e+00
 5.86000e+01  5.05167e-01  4.12700e-04  1.81512e+00  8.16958e-04  2.53401e+00  2.73214e+00
 5.87000e+01  5.05148e-01  3.97921e-04  1.81487e+00  7.87731e-04  2.53355e+00  2.73189e+00
 5.88000e+01  5.05128e-01  3.82487e-04  1.81461e+00  7.57207e-04  2.53309e+00  2.73163e+00
 5.89000e+01  5.05108e-01  3.66393e-04  1.81435e+00  7.25374e-04  2.53262e+00  2.73136e+00
 5.90000e+01  5.05088e-01  3.49633e-04  1.81409e+00  6.92221e-04  2.53214e+00  2.73110e+00
 5.91000e+01  5.05068e-01  3.32202e-04  1.81382e+00  6.57737e-04  2.53166e+00  2.73083e+00
 5.92000e+01  5.05047e-01  3.14094e-04  1.81355e+00  6.21910e-04  2.53117e+00  2.73056e+00
 5.93000e+01  5.05026e-01  2.95304e-04  1.81328e+00  5.84730e-04  2.53068e+00  2.73028e+00
 5.94000e+01  5.05005e-01  2.75827e-04  1.81300e+00  5.46187e-04  2.53018e+00  2.73000e+00
 5.95000e+01  5.04984e-01  2.55658e-04  1.81272e+00  5.06269e-04  2.52968e+00  2.72972e+00
 5.96000e+01  5.04962e-01  2.34791e-04  1.81244e+00  4.64967e-04  2.52917e+00  2.72944e+00
 5.97000e+01  5.04940e-01  2.13222e-04  1.81216e+00  4.22271e-04  2.52866e+00  2.72915e+00
 5.98000e+01  5.04918e-01  1.90945e-04  1.81187e+00  3.78171e-04  2.52814e+00  2.72886e+00
 5.99000e+01  5.04896e-01  1.67957e-04  1.81158e+00  3.32658e-04  2.52761e+00  2.72857e+00
 6.00000e+01  5.04873e-01  1.44253e-04  1.81129e+00  2.85722e-04  2.52708e+00  2.72828e+00
 6.01000e+01  5.04850e-01  1.19828e-04  1.81099e+00  2.37354e-04  2.52655e+00  2.72798e+00
 6.02000e+01  5.04827e-01  9.46780e-05  1.81069e+00  1.87546e-04  2.52600e+00  2.72768e+00
 6.03000e+01  5.04803e-01  6.87988e-05  1.81039e+00  1.36288e-04  2.52546e+00  2.72737e+00
 6.04000e+01  5.04779e-01  4.21864e-05  1.81008e+00  8.35739e-05  2.52490e+00  2.72707e+00
 6.05000e+01  5.04755e-01  1.48369e-05  1.80977e+00  2.93942e-05  2.52435e+00  2.72676e+00
 6.06000e+01  5.04731e-01 -1.32533e-05  1.80946e+00 -2.62582e-05  2.52378e+00  2.72644e+00
 6.07000e+01  5.04707e-01 -4.20880e-05  1.80915e+00 -8.33909e-05  2.52321e+00  2.72613e+00
 6.08000e+01  5.04682e-01 -7.16704e-05  1.80883e+00 -1.42011e-04  2.52264e+00  2.72581e+00
 6.09000e+01  5.04657e-01 -1.02004e-04  1.80851e+00 -2.02125e-04  2.52206e+00  2.72549e+00
 6.10000e+01  5.04632e-01 -1.33092e-04  1.80819e+00 -2.63740e-04  2.52147e+00  2.72516e+00
 6.11000e+01  5.04606e-01 -1.64937e-04  1.80786e+00 -3.26862e-04  2.52088e+00  2.72484e+00
 6.12000e+01  5.04580e-01 -1.97541e-04  1.80753e+00 -3.91496e-04  2.52028e+00  2.72451e+00
 6.13000e+01  5.04554e-01 -2.30909e-04  1.80720e+00 -4.57649e-04  2.51968e+00  2.72417e+00
 6.14000e+01  5.04528e-01 -2.65041e-04  1.80686e+00 -5.25325e-04  2.51908e+00  2.72384e+00
 6.15000e+01  5.04501e-01 -2.99941e-04  1.80653e+00 -5.94530e-04  2.51846e+00  2.72350e+00
 6.16000e+01  5.04475e-01 -3.35610e-04  1.80619e+00 -6.65267e-04  2.51784e+00  2.72316e+00
 6.17000e+01  5.04447e-01 -3.72051e-04  1.80584e+00 -7.37541e-04  2.51722e+00  2.72282e+00
 6.18000e+01  5.04420e-01 -4.09264e-04  1.80549e+00 -8.11356e-04  2.51659e+00  2.72247e+00
 6.19000e+01  5.04392e-01 -4.47253e-04  1.80515e+00 -8.86715e-04  2.51596e+00  2.72212e+00
 6.20000e+01  5.04365e-01 -4.86017e-04  1.80479e+00 -9.63621e-04  2.51532e+00  2.72177e+00
 6.21000e+01  5.04336e-01 -5.25558e-04  1.80444e+00 -1.04208e-03  2.51467e+00  2.72141e+00
 6.22000e+01  5.04308e-01 -5.65876e-04  1.80408e+00 -1.12208e-03  2.51402e+00  2.72105e+00
 6.23000e+01  5.04279e-01 -6.06974e-04  1.80372e+00 -1.20365e-03  2.51337e+00  2.72069e+00
 6.24000e+01  5.04251e-01 -6.48851e-04  1.80335e+00 -1.28676e-03  2.51271e+00  2.72033e+00
 6.25000e+01  5.04221e-01 -6.91507e-04  1.80299e+00 -1.37144e-03  2.51204e+00  2.71996e+00
 6.26000e+01  5.04192e-01 -7.34942e-04  1.80262e+00 -1.45766e-03  2.51137e+00  2.71959e+00
 6.27000e+01  5.04162e-01 -7.79157e-04  1.80225e+00 -1.54545e-03  2.51069e+00  2.71922e+00
 6.28000e+01  5.04132e-01 -8.24151e-04  1.80187e+00 -1.63479e-03  2.51001e+00  2.71885e+00
 6.29000e+01  5.04102e-01 -8.69923e-04  1.80149e+00 -1.72569e-03  2.50933e+00  2.71847e+00
 6.30000e+01  5.04072e-01 -9.16473e-04  1.80111e+00 -1.81814e-03  2.50863e+00  2.71809e+00
 6.31000e+01  5.04041e-01 -9.63799e-04  1.80073e+00 -1.91214e-03  2.50794e+00  2.71771e+00
 6.32000e+01  5.04010e-01 -1.01190e-03  1.80034e+00 -2.00770e-03  2.50723e+00  2.71732e+00
 6.33000e+01  5.03979e-01 -1.06077e-03  1.79995e+00 -2.10480e-03  2.50653e+00  2.71693e+00
 6.34000e+01  5.03947e-01 -1.11042e-03  1.79956e+00 -2.20345e-03  2.50582e+00  2.71654e+00
 6.35000e+01  5.03916e-01 -1.16084e-03  1.79917e+00 -2.30363e-03  2.50510e+00  2.71615e+00
 6.36000e+01  5.03884e-01 -1.21202e-03  1.79877e+00 -2.40535e-03  2.50438e+00  2.71576e+00
 6.37000e+01  5.03852e-01 -1.26397e-03  1.79837e+00 -2.50861e-03  2.50365e+00  2.71536e+00
 6.38000e+01  5.03819e-01 -1.31667e-03  1.79797e+00 -2.61339e-03  2.50292e+00  2.71496e+00
 6.39000e+01  5.03786e-01 -1.37014e-03  1.79756e+00 -2.71969e-03  2.50218e+00  2.71455e+00
 6.40000e+01  5.03753e-01 -1.42436e-03  1.79715e+00 -2.82750e-03  2.50144e+00  2.71415e+00
 6.41000e+01  5.03720e-01 -1.47934e-03  1.79674e+00 -2.93683e-03  2.50069e+00  2.71374e+00
 6.42000e+01  5.03687e-01 -1.53506e-03  1.79633e+00 -3.04765e-03  2.49994e+00  2.71333e+00
 6.43000e+01  5.03653e-01 -1.59152e-03  1.79592e+00 -3.15996e-03  2.49918e+00  2.71291e+00
 6.44000e+01  5.03619e-01 -1.64873e-03  1.79550e+00 -3.27376e-03  2.49842e+00  2.71250e+00
 6.45000e+01  5.03585e-01 -1.70667e-03  1.79508e+00 -3.38903e-03  2.49766e+00  2.71208e+00
 6.46000e+01  5.03551e-01 -1.76533e-03  1.79465e+00 -3.50577e-03  2.49688e+00  2.71166e+00
 6.47000e+01  5.03516e-01 -1.82472e-03  1.79423e+00 -3.62396e-03  2.49611e+00  2.71124e+00
 6.48000e+01  5.03481e-01 -1.88483e-03  1.79380e+00 -3.74359e-03  2.49533e+00  2.71081e+00
 6.49000e+01  5.03446e-01 -1.94565e-03  1.79337e+00 -3.86466e-03  2.49455e+00  2.71038e+00
 6.50000e+01  5.03411e-01 -2.00717e-03  1.79294e+00 -3.98714e-03  2.49376e+00  2.70995e+00
 6.51000e+01  5.03375e-01 -2.06939e-03  1.79250e+00 -4.11103e-03  2.49296e+00  2.70952e+00
 6.52000e+01  5.03340e-01 -2.13231e-03  1.79206e+00 -4.23632e-03  2.49217e+00  2.70908e+00
 6.53000e+01  5.03304e-01 -2.19591e-03  1.79162e+00 -4.36299e-03  2.49136e+00  2.70865e+00
 6.54000e+01  5.03267e-01 -2.26018e-03  1.79118e+00 -4.49102e-03  2.49056e+00  2.70821e+00
 6.55000e+01  5.03231e-01 -2.32513e-03  1.79073e+00 -4.62041e-03  2.48975e+00  2.70777e+00
 6.56000e+01  5.03194e-01 -2.39074e-03  1.79029e+00 -4.75113e-03  2.48893e+00  2.70732e+00
 6.57000e+01  5.03157e-01 -2.45700e-03  1.78984e+00 -4.88317e-03  2.48811e+00  2.70688e+00
 6.58000e+01  5.03120e-01 -2.52391e-03  1.78939e+00 -5.01651e-03  2.48729e+00  2.70643e+00
 6.59000e+01  5.03083e-01 -2.59145e-03  1.78893e+00 -5.15114e-03  2.48646e+00  2.70598e+00
 6.60000e+01  5.03045e-01 -2.65962e-03  1.78848e+00 -5.28703e-03  2.48563e+00  2.70553e+00
 6.61000e+01  5.03008e-01 -2.72840e-03  1.78802e+00 -5.42417e-03  2.48480e+00  2.70507e+00
 6.62000e+01  5.02970e-01 -2.79779e-03  1.78756e+00 -5.56254e-03  2.48396e+00  2.70462e+00
 6.63000e+01  5.02932e-01 -2.86778e-03  1.78709e+00 -5.70213e-03  2.48312e+00  2.70416e+00
 6.64000e+01  5.02893e-01 -2.93835e-03  1.78663e+00 -5.84289e-03  2.48227e+00  2.70370e+00
 6.65000e+01  5.02855e-01 -3.00950e-03  1.78616e+00 -5.98483e-03  2.48142e+00  2.70323e+00
 6.66000e+01  5.02816e-01 -3.08121e-03  1.78569e+00 -6.12791e-03  2.48056e+00  2.70277e+00
 6.67000e+01  5.02777e-01 -3.15348e-03  1.78522e+00 -6.27212e-03  2.47971e+00  2.70230e+00
 6.68000e+01  5.02738e-01 -3.22629e-03  1.78475e+00 -6.41743e-03  2.47885e+00  2.70184e+00
 6.69000e+01  5.02699e-01 -3.29962e-03  1.78428e+00 -6.56381e-03  2.47798e+00  2.70137e+00
 6.70000e+01  5.02660e-01 -3.37347e-03  1.78380e+00 -6.71125e-03  2.47711e+00  2.70089e+00
 6.71000e+01  5.02620e-01 -3.44783e-03  1.78332e+00 -6.85972e-03  2.47624e+00  2.70042e+00
 6.72000e+01  5.02580e-01 -3.52268e-03  1.78284e+00 -7.00918e-03  2.47537e+00  2.69994e+00
 6.73000e+01  5.02540e-01 -3.59800e-03  1.78236e+00 -7.15963e-03  2.47449e+00  2.69947e+00
 6.74000e+01  5.02500e-01 -3.67379e-03  1.78188e+00 -7.31103e-03  2.47361e+00  2.69899e+00
 6.75000e+01  5.02460e-01 -3.75003e-03  1.78139e+00 -7.46335e-03  2.47273e+00  2.69851e+00
 6.76000e+01  5.02419e-01 -3.82671e-03  1.78091e+00 -7.61657e-03  2.47184e+00  2.69803e+00
 6.77000e+01  5.02379e-01 -3.90381e-03  1.78042e+00 -7.77066e-03  2.47095e+00  2.69754e+00
 6.78000e+01  5.02338e-01 -3.98132e-03  1.77993e+00 -7.92559e-03  2.47006e+00  2.69706e+00
 6.79000e+01  5.02297e-01 -4.05923e-03  1.77944e+00 -8.08133e-03  2.46916e+00  2.69657e+00
 6.80000e+01  5.02256e-01 -4.13751e-03  1.77894e+00 -8.23785e-03  2.46826e+00  2.69608e+00
 6.81000e+01  5.02215e-01 -4.21616e-03  1.77845e+00 -8.39512e-03  2.46736e+00  2.69559e+00
 6.82000e+01  5.02174e-01 -4.29515e-03  1.77795e+00 -8.55311e-03  2.46646e+00  2.69510e+00
 6.83000e+01  5.02132e-01 -4.37447e-03  1.77746e+00 -8.71180e-03  2.46556e+00  2.69461e+00
 6.84000e+01  5.02091e-01 -4.45412e-03  1.77696e+00 -8.87114e-03  2.46465e+00  2.69412e+00
 6.85000e+01  5.02049e-01 -4.53406e-03  1.77646e+00 -9.03111e-03  2.46374e+00  2.69362e+00
 6.86000e+01  5.02007e-01 -4.61428e-03  1.77596e+00 -9.19167e-03  2.46283e+00  2.69313e+00
 6.87000e+01  5.01965e-01 -4.69478e-03  1.77545e+00 -9.35279e-03  2.46191e+00  2.69263e+00
 6.88000e+01  5.01923e-01 -4.77552e-03  1.77495e+00 -9.51444e-03  2.46099e+00  2.69213e+00
 6.89000e+01  5.01881e-01 -4.85650e-03  1.77445e+00 -9.67659e-03  2.46008e+00  2.69163e+00
 6.90000e+01  5.01839e-01 -4.93769e-03  1.77394e+00 -9.83919e-03  2.45916e+00  2.69113e+00
 6.91000e+01  5.01796e-01 -5.01908e-03  1.77343e+00 -1.00022e-02  2.45823e+00  2.69063e+00
 6.92000e+01  5.01754e-01 -5.10065e-03  1.77293e+00 -1.01656e-02  2.45731e+00  2.69013e+00
 6.93000e+01  5.01711e-01 -5.18239e-03  1.77242e+00 -1.03294e-02  2.45639e+00  2.68962e+00
 6.94000e+01  5.01669e-01 -5.26427e-03  1.77191e+00 -1.04935e-02  2.45546e+00  2.68912e+00
 6.95000e+01  5.01626e-01 -5.34628e-03  1.77140e+00 -1.06579e-02  2.45453e+00  2.68861e+00
 6.96000e+01  5.01583e-01 -5.42840e-03  1.77089e+00 -1.08225e-02  2.45360e+00  2.68811e+00
 6.97000e+01  5.01541e-01 -5.51061e-03  1.77038e+00 -1.09874e-02  2.45267e+00  2.68760e+00
 6.98000e+01  5.01498e-01 -5.59290e-03  1.76986e+00 -1.11524e-02  2.45174e+00  2.68709e+00
 6.99000e+01  5.01455e-01 -5.67524e-03  1.76935e+00 -1.13176e-02  2.45081e+00  2.68658e+00
 7.00000e+01  5.01412e-01 -5.75762e-03  1.76884e+00 -1.14828e-02  2.44987e+00  2.68607e+00
 7.01000e+01  5.01369e-01 -5.84001e-03  1.76832e+00 -1.16481e-02  2.44894e+00  2.68557e+00
 7.02000e+01  5.01325e-01 -5.92240e-03  1.76781e+00 -1.18135e-02  2.44800e+00  2.68505e+00
 7.03000e+01  5.01282e-01 -6.00478e-03  1.76729e+00 -1.19788e-02  2.44706e+00  2.68454e+00
 7.04000e+01  5.01239e-01 -6.08711e-03  1.76678e+00 -1.21441e-02  2.44613e+00  2.68403e+00
 7.05000e+01  5.01196e-01 -6.16939e-03  1.76626e+00 -1.23093e-02  2.44519e+00  2.68352e+00
 7.06000e+01  5.01153e-01 -6.25159e-03  1.76574e+00 -1.24744e-02  2.44425e+00  2.68301e+00
 7.07000e+01  5.01109e-01 -6.33369e-03  1.76523e+00 -1.26393e-02  2.44331e+00  2.68249e+00
 7.08000e+01  5.01066e-01 -6.41568e-03  1.76471e+00 -1.28041e-02  2.44238e+00  2.68198e+00
 7.09000e+01  5.01023e-01 -6.49754e-03  1.76419e+00 -1.29685e-02  2.44144e+00  2.68147e+00
 7.10000e+01  5.00979e-01 -6.57924e-03  1.76367e+00 -1.31328e-02  2.44050e+00  2.68095e+00
 7.11000e+01  5.00936e-01 -6.66077e-03  1.76316e+00 -1.32967e-02  2.43956e+00  2.68044e+00
 7.12000e+01  5.00893e-01 -6.74212e-03  1.76264e+00 -1.34602e-02  2.43862e+00  2.67993e+00
 7.13000e+01  5.00849e-01 -6.82325e-03  1.76212e+00 -1.36234e-02  2.43768e+00  2.67941e+00
 7.14000e+01  5.00806e-01 -6.90415e-03  1.76160e+00 -1.37861e-02  2.43674e+00  2.67890e+00
 7.15000e+01  5.00763e-01 -6.98481e-03  1.76109e+00 -1.39483e-02  2.43581e+00  2.67838e+00
 7.16000e+01  5.00720e-01 -7.06521e-03  1.76057e+00 -1.41101e-02  2.43487e+00  2.67787e+00
 7.17000e+01  5.00676e-01 -7.14532e-03  1.76005e+00 -1.42713e-02  2.43393e+00  2.67736e+00
 7.18000e+01  5.00633e-01 -7.22512e-03  1.75954e+00 -1.44320e-02  2.43300e+00  2.67684e+00
 7.19000e+01  5.00590e-01 -7.30461e-03  1.75902e+00 -1.45920e-02  2.43206e+00  2.67633e+00
 7.20000e+01  5.00547e-01 -7.38375e-03  1.75850e+00 -1.47514e-02  2.43112e+00  2.67581e+00
 7.21000e+01  5.00504e-01 -7.46254e-03  1.75799e+00 -1.49101e-02  2.43019e+00  2.67530e+00
 7.22000e+01  5.00461e-01 -7.54095e-03  1.75747e+00 -1.50680e-02  2.42926e+00  2.67479e+00
 7.23000e+01  5.00418e-01 -7.61897e-03  1.75695e+00 -1.52252e-02  2.42833e+00  2.67427e+00
 7.24000e+01  5.00375e-01 -7.69657e-03  1.75644e+00 -1.53816e-02  2.42740e+00  2.67376e+00
 7.25000e+01  5.00332e-01 -7.77375e-03  1.75593e+00 -1.55372e-02  2.42647e+00  2.67325e+00
 7.26000e+01  5.00289e-01 -7.85047e-03  1.75541e+00 -1.56919e-02  2.42554e+00  2.67274e+00
 7.27000e+01  5.00246e-01 -7.92674e-03  1.75490e+00 -1.58457e-02  2.42461e+00  2.67222e+00
 7.28000e+01  5.00204e-01 -8.00252e-03  1.75439e+00 -1.59985e-02  2.42369e+00  2.67171e+00
 7.29000e+01  5.00161e-01 -8.07780e-03  1.75388e+00 -1.61504e-02  2.42276e+00  2.67120e+00
 7.30000e+01  5.00119e-01 -8.15257e-03  1.75336e+00 -1.63013e-02  2.42184e+00  2.67069e+00
 7.31000e+01  5.00076e-01 -8.22680e-03  1.75285e+00 -1.64511e-02  2.42092e+00  2.67018e+00
 7.32000e+01  5.00034e-01 -8.30049e-03  1.75234e+00 -1.65999e-02  2.42000e+00  2.66967e+00
 7.33000e+01  4.99992e-01 -8.37361e-03  1.75184e+00 -1.67475e-02  2.41908e+00  2.66917e+00
 7.34000e+01  4.99950e-01 -8.44615e-03  1.75133e+00 -1.68940e-02  2.41817e+00  2.66866e+00
 7.35000e+01  4.99908e-01 -8.51809e-03  1.75082e+00 -1.70393e-02  2.41726e+00  2.66815e+00
 7.36000e+01  4.99866e-01 -8.58943e-03  1.75032e+00 -1.71835e-02  2.41635e+00  2.66765e+00
 7.37000e+01  4.99824e-01 -8.66013e-03  1.74981e+00 -1.73264e-02  2.41544e+00  2.66714e+00
 7.38000e+01  4.99782e-01 -8.73019e-03  1.74931e+00 -1.74680e-02  2.41453e+00  2.66664e+00
 7.39000e+01  4.99741e-01 -8.79960e-03  1.74881e+00 -1.76083e-02  2.41363e+00  2.66613e+00
 7.40000e+01  4.99699e-01 -8.86833e-03  1.74830e+00 -1.77473e-02  2.41273e+00  2.66563e+00
 7.41000e+01  4.99658e-01 -8.93638e-03  1.74780e+00 -1.78850e-02  2.41183e+00  2.66513e+00
 7.42000e+01  4.99617e-01 -9.00372e-03  1.74731e+00 -1.80213e-02  2.41093e+00  2.66463e+00
 7.43000e+01  4.99576e-01 -9.07036e-03  1.74681e+00 -1.81561e-02  2.41004e+00  2.66413e+00
 7.44000e+01  4.99535e-01 -9.13626e-03  1.74631e+00 -1.82895e-02  2.40915e+00  2.66363e+00
 7.45000e+01  4.99494e-01 -9.20143e-03  1.74582e+00 -1.84215e-02  2.40826e+00  2.66313e+00
 7.46000e+01  4.99454e-01 -9.26584e-03  1.74532e+00 -1.85520e-02  2.40737e+00  2.66264e+00
 7.47000e+01  4.99413e-01 -9.32949e-03  1.74483e+00 -1.86809e-02  2.40649e+00  2.66214e+00
 7.48000e+01  4.99373e-01 -9.39236e-03  1.74434e+00 -1.88083e-02  2.40561e+00  2.66165e+00
 7.49000e+01  4.99333e-01 -9.45444e-03  1.74385e+00 -1.89342e-02  2.40473e+00  2.66116e+00
 7.50000e+01  4.99293e-01 -9.51572e-03  1.74336e+00 -1.90584e-02  2.40386e+00  2.66067e+00
 7.51000e+01  4.99253e-01 -9.57619e-03  1.74288e+00 -1.91810e-02  2.40298e+00  2.66018e+00
 7.52000e+01  4.99213e-01 -9.63583e-03  1.74239e+00 -1.93020e-02  2.40212e+00  2.65969e+00
 7.53000e+01  4.99174e-01 -9.69464e-03  1.74191e+00 -1.94214e-02  2.40125e+00  2.65920e+00
 7.54000e+01  4.99135e-01 -9.75261e-03  1.74143e+00 -1.95390e-02  2.40039e+00  2.65871e+00
 7.55000e+01  4.99096e-01 -9.80971e-03  1.74095e+00 -1.96550e-02  2.39953e+00  2.65823e+00
 7.56000e+01  4.99057e-01 -9.86596e-03  1.74047e+00 -1.97692e-02  2.39868e+00  2.65775e+00
 7.57000e+01  4.99018e-01 -9.92133e-03  1.73999e+00 -1.98817e-02  2.39783e+00  2.65726e+00
 7.58000e+01  4.98979e-01 -9.97581e-03  1.73952e+00 -1.99924e-02  2.39698e+00  2.65678e+00
 7.59000e+01  4.98941e-01 -1.00294e-02  1.73904e+00 -2.01014e-02  2.39613e+00  2.65630e+00
 7.60000e+01  4.98903e-01 -1.00821e-02  1.73857e+00 -2.02085e-02  2.39529e+00  2.65583e+00
 7.61000e+01  4.98865e-01 -1.01339e-02  1.73810e+00 -2.03139e-02  2.39445e+00  2.65535e+00
 7.62000e+01  4.98827e-01 -1.01847e-02  1.73763e+00 -2.04174e-02  2.39362e+00  2.65488e+00
 7.63000e+01  4.98789e-01 -1.02347e-02  1.73717e+00 -2.05191e-02  2.39279e+00  2.65440e+00
 7.64000e+01  4.98752e-01 -1.02837e-02  1.73670e+00 -2.06189e-02  2.39196e+00  2.65393e+00
 7.65000e+01  4.98715e-01 -1.03318e-02  1.73624e+00 -2.07168e-02  2.39114e+00  2.65346e+00
 7.66000e+01  4.98677e-01 -1.03789e-02  1.73578e+00 -2.08128e-02  2.39032e+00  2.65300e+00
 7.67000e+01  4.98641e-01 -1.04251e-02  1.73532e+00 -2.09069e-02  2.38950e+00  2.65253e+00
 7.68000e+01  4.98604e-01 -1.04703e-02  1.73486e+00 -2.09992e-02  2.38869e+00  2.65207e+00
 7.69000e+01  4.98568e-01 -1.05145e-02  1.73441e+00 -2.10894e-02  2.38788e+00  2.65160e+00
 7.70000e+01  4.98531e-01 -1.05578e-02  1.73396e+00 -2.11778e-02  2.38708e+00  2.65114e+00
 7.71000e+01  4.98495e-01 -1.06001e-02  1.73351e+00 -2.12642e-02  2.38628e+00  2.65068e+00
 7.72000e+01  4.98460e-01 -1.06414e-02  1.73306e+00 -2.13486e-02  2.38548e+00  2.65023e+00
 7.73000e+01  4.98424e-01 -1.06817e-02  1.73261e+00 -2.14310e-02  2.38469e+00  2.64977e+00
 7.74000e+01  4.98389e-01 -1.07211e-02  1.73217e+00 -2.15115e-02  2.38390e+00  2.64932e+00
 7.75000e+01  4.98354e-01 -1.07594e-02  1.73172e+00 -2.15900e-02  2.38312e+00  2.64886e+00
 7.76000e+01  4.98319e-01 -1.07968e-02  1.73128e+00 -2.16664e-02  2.38234e+00  2.64841e+00
 7.77000e+01  4.98284e-01 -1.08331e-02  1.73084e+00 -2.17409e-02  2.38156e+00  2.64797e+00
 7.78000e+01  4.98249e-01 -1.08685e-02  1.73041e+00 -2.18133e-02  2.38079e+00  2.64752e+00
 7.79000e+01  4.98215e-01 -1.09028e-02  1.72997e+00 -2.18838e-02  2.38002e+00  2.64707e+00
 7.80000e+01  4.98181e-01 -1.09362e-02  1.72954e+00 -2.19522e-02  2.37926e+00  2.64663e+00
 7.81000e+01  4.98147e-01 -1.09685e-02  1.72911e+00 -2.20185e-02  2.37850e+00  2.64619e+00
 7.82000e+01  4.98114e-01 -1.09998e-02  1.72868e+00 -2.20829e-02  2.37775e+00  2.64575e+00
 7.83000e+01  4.98080e-01 -1.10301e-02  1.72826e+00 -2.21451e-02  2.37700e+00  2.64532e+00
 7.84000e+01  4.98047e-01 -1.10593e-02  1.72783e+00 -2.22054e-02  2.37625e+00  2.64488e+00
 7.85000e+01  4.98014e-01 -1.10876e-02  1.72741e+00 -2.22636e-02  2.37551e+00  2.64445e+00
 7.86000e+01  4.97981e-01 -1.11148e-02  1.72699e+00 -2.23197e-02  2.37477e+00  2.64402e+00
 7.87000e+01  4.97949e-01 -1.11410e-02  1.72658e+00 -2.23738e-02  2.37403e+00  2.64359e+00
 7.88000e+01  4.97917e-01 -1.11662e-02  1.72616e+00 -2.24258e-02  2.37330e+00  2.64316e+00
 7.89000e+01  4.97885e-01 -1.11903e-02  1.72575e+00 -2.24757e-02  2.37258e+00  2.64273e+00
 7.90000e+01  4.97853e-01 -1.12134e-02  1.72534e+00 -2.25236e-02  2.37186e+00  2.64231e+00
 7.91000e+01  4.97821e-01 -1.12355e-02  1.72493e+00 -2.25694e-02  2.37114e+00  2.64189e+00
 7.92000e+01  4.97790e-01 -1.12566e-02  1.72452e+00 -2.26132e-02  2.37043e+00  2.64147e+00
 7.93000e+01  4.97759e-01 -1.12767e-02  1.72412e+00 -2.26549e-02  2.36972e+00  2.64105e+00
 7.94000e+01  4.97728e-01 -1.12957e-02  1.72372e+00 -2.26946e-02  2.36901e+00  2.64064e+00
 7.95000e+01  4.97697e-01 -1.13137e-02  1.72332e+00 -2.27321e-02  2.36831e+00  2.64023e+00
 7.96000e+01  4.97667e-01 -1.13307e-02  1.72292e+00 -2.27676e-02  2.36762e+00  2.63981e+00
 7.97000e+01  4.97636e-01 -1.13467e-02  1.72253e+00 -2.28011e-02  2.36693e+00  2.63941e+00
 7.98000e+01  4.97606e-01 -1.13616e-02  1.72213e+00 -2.28325e-02  2.36624e+00  2.63900e+00
 7.99000e+01  4.97577e-01 -1.13755e-02  1.72174e+00 -2.28618e-02  2.36556e+00  2.63859e+00
 8.00000e+01  4.97547e-01 -1.13884e-02  1.72136e+00 -2.28891e-02  2.36488e+00  2.63819e+00
 8.01000e+01  4.97518e-01 -1.14003e-02  1.72097e+00 -2.29144e-02  2.36421e+00  2.63779e+00
 8.02000e+01  4.97489e-01 -1.14112e-02  1.72059e+00 -2.29376e-02  2.36354e+00  2.63739e+00
 8.03000e+01  4.97460e-01 -1.14210e-02  1.72021e+00 -2.29587e-02  2.36287e+00  2.63700e+00
 8.04000e+01  4.97431e-01 -1.14299e-02  1.71983e+00 -2.29778e-02  2.36221e+00  2.63660e+00
 8.05000e+01  4.97403e-01 -1.14377e-02  1.71945e+00 -2.29949e-02  2.36156e+00  2.63621e+00
 8.06000e+01  4.97375e-01 -1.14446e-02  1.71908e+00 -2.30100e-02  2.36090e+00  2.63582e+00
 8.07000e+01  4.97347e-01 -1.14504e-02  1.71870e+00 -2.30230e-02  2.36026e+00  2.63543e+00
 8.08000e+01  4.97319e-01 -1.14553e-02  1.71833e+00 -2.30340e-02  2.35961e+00  2.63505e+00
 8.09000e+01  4.97292e-01 -1.14591e-02  1.71797e+00 -2.30430e-02  2.35897e+00  2.63466e+00
 8.10000e+01  4.97264e-01 -1.14619e-02  1.71760e+00 -2.30500e-02  2.35834e+00  2.63428e+00
 8.11000e+01  4.97237e-01 -1.14638e-02  1.71724e+00 -2.30550e-02  2.35771e+00  2.63390e+00
 8.12000e+01  4.97210e-01 -1.14647e-02  1.71688e+00 -2.30580e-02  2.35708e+00  2.63352e+00
 8.13000e+01  4.97184e-01 -1.14646e-02  1.71652e+00 -2.30590e-02  2.35646e+00  2.63315e+00
 8.14000e+01  4.97157e-01 -1.14635e-02  1.71616e+00 -2.30580e-02  2.35584e+00  2.63278e+00
 8.15000e+01  4.97131e-01 -1.14614e-02  1.71581e+00 -2.30551e-02  2.35523e+00  2.63240e+00
 8.16000e+01  4.97105e-01 -1.14584e-02  1.71546e+00 -2.30502e-02  2.35462e+00  2.63204e+00
 8.17000e+01  4.97080e-01 -1.14544e-02  1.71511e+00 -2.30433e-02  2.35402e+00  2.63167e+00
 8.18000e+01  4.97054e-01 -1.14494e-02  1.71476e+00 -2.30345e-02  2.35342e+00  2.63131e+00
 8.19000e+01  4.97029e-01 -1.14434e-02  1.71442e+00 -2.30237e-02  2.35282e+00  2.63094e+00
 8.20000e+01  4.97004e-01 -1.14366e-02  1.71407e+00 -2.30110e-02  2.35223e+00  2.63058e+00
 8.21000e+01  4.96979e-01 -1.14287e-02  1.71373e+00 -2.29964e-02  2.35164e+00  2.63022e+00
 8.22000e+01  4.96954e-01 -1.14199e-02  1.71340e+00 -2.29798e-02  2.35106e+00  2.62987e+00
 8.23000e+01  4.96930e-01 -1.14102e-02  1.71306e+00 -2.29614e-02  2.35048e+00  2.62951e+00
 8.24000e+01  4.96906e-01 -1.13995e-02  1.71273e+00 -2.29410e-02  2.34991e+00  2.62916e+00
 8.25000e+01  4.96882e-01 -1.13879e-02  1.71240e+00 -2.29187e-02  2.34934e+00  2.62881e+00
 8.26000e+01  4.96858e-01 -1.13754e-02  1.71207e+00 -2.28946e-02  2.34877e+00  2.62847e+00
 8.27000e+01  4.96835e-01 -1.13619e-02  1.71174e+00 -2.28686e-02  2.34821e+00  2.62812e+00
 8.28000e+01  4.96811e-01 -1.13475e-02  1.71142e+00 -2.28407e-02  2.34765e+00  2.62778e+00
 8.29000e+01  4.96788e-01 -1.13322e-02  1.71110e+00 -2.28110e-02  2.34710e+00  2.62744e+00
 8.30000e+01  4.96765e-01 -1.13160e-02  1.71078e+00 -2.27794e-02  2.34655e+00  2.62710e+00
 8.31000e+01  4.96743e-01 -1.12989e-02  1.71046e+00 -2.27460e-02  2.34601e+00  2.62676e+00
 8.32000e+01  4.96720e-01 -1.12809e-02  1.71014e+00 -2.27108e-02  2.34546e+00  2.62643e+00
 8.33000e+01  4.96698e-01 -1.12620e-02  1.70983e+00 -2.26738e-02  2.34493e+00  2.62610e+00
 8.34000e+01  4.96676e-01 -1.12422e-02  1.70952e+00 -2.26349e-02  2.34439e+00  2.62577e+00
 8.35000e+01  4.96654e-01 -1.12215e-02  1.70921e+00 -2.25943e-02  2.34387e+00  2.62544e+00
 8.36000e+01  4.96632e-01 -1.12000e-02  1.70890e+00 -2.25518e-02  2.34334e+00  2.62511e+00
 8.37000e+01  4.96611e-01 -1.11775e-02  1.70860e+00 -2.25077e-02  2.34282e+00  2.62479e+00
 8.38000e+01  4.96589e-01 -1.11542e-02  1.70830e+00 -2.24617e-02  2.34231e+00  2.62447e+00
 8.39000e+01  4.96568e-01 -1.11301e-02  1.70800e+00 -2.24140e-02  2.34179e+00  2.62415e+00
 8.40000e+01  4.96548e-01 -1.11051e-02  1.70770e+00 -2.23645e-02  2.34129e+00  2.62383e+00
 8.41000e+01  4.96527e-01 -1.10792e-02  1.70741e+00 -2.23134e-02  2.34078e+00  2.62352e+00
 8.42000e+01  4.96506e-01 -1.10525e-02  1.70711e+00 -2.22605e-02  2.34028e+00  2.62320e+00
 8.43000e+01  4.96486e-01 -1.10249e-02  1.70682e+00 -2.22059e-02  2.33979e+00  2.62289e+00
 8.44000e+01  4.96466e-01 -1.09965e-02  1.70653e+00 -2.21496e-02  2.33929e+00  2.62258e+00
 8.45000e+01  4.96446e-01 -1.09673e-02  1.70625e+00 -2.20916e-02  2.33881e+00  2.62228e+00
 8.46000e+01  4.96427e-01 -1.09372e-02  1.70596e+00 -2.20319e-02  2.33832e+00  2.62197e+00
 8.47000e+01  4.96407e-01 -1.09064e-02  1.70568e+00 -2.19706e-02  2.33784e+00  2.62167e+00
 8.48000e+01  4.96388e-01 -1.08747e-02  1.70540e+00 -2.19076e-02  2.33737e+00  2.62137e+00
 8.49000e+01  4.96369e-01 -1.08422e-02  1.70512e+00 -2.18430e-02  2.33689e+00  2.62107e+00
 8.50000e+01  4.96350e-01 -1.08089e-02  1.70485e+00 -2.17768e-02  2.33643e+00  2.62078e+00
 8.51000e+01  4.96331e-01 -1.07748e-02  1.70457e+00 -2.17089e-02  2.33596e+00  2.62048e+00
 8.52000e+01  4.96313e-01 -1.07399e-02  1.70430e+00 -2.16395e-02  2.33550e+00  2.62019e+00
 8.53000e+01  4.96294e-01 -1.07043e-02  1.70403e+00 -2.15684e-02  2.33504e+00  2.61990e+00
 8.54000e+01  4.96276e-01 -1.06678e-02  1.70376e+00 -2.14958e-02  2.33459e+00  2.61961e+00
 8.55000e+01  4.96258e-01 -1.06306e-02  1.70350e+00 -2.14216e-02  2.33414e+00  2.61933e+00
 8.56000e+01  4.96240e-01 -1.05927e-02  1.70324e+00 -2.13458e-02  2.33370e+00  2.61905e+00
 8.57000e+01  4.96223e-01 -1.05539e-02  1.70298e+00 -2.12685e-02  2.33326e+00  2.61876e+00
 8.58000e+01  4.96205e-01 -1.05144e-02  1.70272e+00 -2.11897e-02  2.33282e+00  2.61849e+00
 8.59000e+01  4.96188e-01 -1.04742e-02  1.70246e+00 -2.11093e-02  2.33239e+00  2.61821e+00
 8.60000e+01  4.96171e-01 -1.04332e-02  1.70221e+00 -2.10275e-02  2.33196e+00  2.61793e+00
 8.61000e+01  4.96154e-01 -1.03915e-02  1.70195e+00 -2.09441e-02  2.33153e+00  2.61766e+00
 8.62000e+01  4.96137e-01 -1.03490e-02  1.70170e+00 -2.08592e-02  2.33111e+00  2.61739e+00
 8.63000e+01  4.96121e-01 -1.03059e-02  1.70146e+00 -2.07729e-02  2.33069e+00  2.61712e+00
 8.64000e+01  4.96104e-01 -1.02620e-02  1.70121e+00 -2.06851e-02  2.33028e+00  2.61686e+00
 8.65000e+01  4.96088e-01 -1.02174e-02  1.70097e+00 -2.05959e-02  2.32986e+00  2.61659e+00
 8.66000e+01  4.96072e-01 -1.01720e-02  1.70072e+00 -2.05052e-02  2.32946e+00  2.61633e+00
 8.67000e+01  4.96056e-01 -1.01260e-02  1.70048e+00 -2.04131e-02  2.32905e+00  2.61607e+00
 8.68000e+01  4.96041e-01 -1.00793e-02  1.70025e+00 -2.03195e-02  2.32865e+00  2.61581e+00
 8.69000e+01  4.96025e-01 -1.00319e-02  1.70001e+00 -2.02246e-02  2.32826e+00  2.61556e+00
 8.70000e+01  4.96010e-01 -9.98382e-03  1.69978e+00 -2.01283e-02  2.32786e+00  2.61530e+00
 8.71000e+01  4.95995e-01 -9.93506e-03  1.69955e+00 -2.00306e-02  2.32748e+00  2.61505e+00
 8.72000e+01  4.95980e-01 -9.88562e-03  1.69932e+00 -1.99315e-02  2.32709e+00  2.61480e+00
 8.73000e+01  4.95965e-01 -9.83552e-03  1.69909e+00 -1.98311e-02  2.32671e+00  2.61455e+00
 8.74000e+01  4.95950e-01 -9.78476e-03  1.69886e+00 -1.97293e-02  2.32633e+00  2.61431e+00
 8.75000e+01  4.95936e-01 -9.73334e-03  1.69864e+00 -1.96262e-02  2.32596e+00  2.61406e+00
 8.76000e+01  4.95921e-01 -9.68127e-03  1.69842e+00 -1.95218e-02  2.32558e+00  2.61382e+00
 8.77000e+01  4.95907e-01 -9.62856e-03  1.69820e+00 -1.94161e-02  2.32522e+00  2.61358e+00
 8.78000e+01  4.95893e-01 -9.57522e-03  1.69798e+00 -1.93090e-02  2.32485e+00  2.61335e+00
 8.79000e+01  4.95879e-01 -9.52124e-03  1.69776e+00 -1.92007e-02  2.32449e+00  2.61311e+00
 8.80000e+01  4.95865e-01 -9.46664e-03  1.69755e+00 -1.90912e-02  2.32414e+00  2.61288e+00
 8.81000e+01  4.95852e-01 -9.41142e-03  1.69734e+00 -1.89803e-02  2.32378e+00  2.61265e+00
 8.82000e+01  4.95838e-01 -9.35559e-03  1.69713e+00 -1.88682e-02  2.32343e+00  2.61242e+00
 8.83000e+01  4.95825e-01 -9.29915e-03  1.69692e+00 -1.87549e-02  2.32309e+00  2.61219e+00
 8.84000e+01  4.95812e-01 -9.24210e-03  1.69672e+00 -1.86403e-02  2.32274e+00  2.61197e+00
 8.85000e+01  4.95799e-01 -9.18447e-03  1.69651e+00 -1.85246e-02  2.32240e+00  2.61174e+00
 8.86000e+01  4.95786e-01 -9.12624e-03  1.69631e+00 -1.84076e-02  2.32207e+00  2.61152e+00
 8.87000e+01  4.95774e-01 -9.06743e-03  1.69611e+00 -1.82894e-02  2.32174e+00  2.61130e+00
 8.88000e+01  4.95761e-01 -9.00804e-03  1.69591e+00 -1.81701e-02  2.32141e+00  2.61109e+00
 8.89000e+01  4.95749e-01 -8.94807e-03  1.69572e+00 -1.80496e-02  2.32108e+00  2.61087e+00
 8.90000e+01  4.95737e-01 -8.88754e-03  1.69552e+00 -1.79280e-02  2.32076e+00  2.61066e+00
 8.91000e+01  4.95724e-01 -8.82645e-03  1.69533e+00 -1.78052e-02  2.32044e+00  2.61045e+00
 8.92000e+01  4.95713e-01 -8.76481e-03  1.69514e+00 -1.76812e-02  2.32012e+00  2.61024e+00
 8.93000e+01  4.95701e-01 -8.70261e-03  1.69496e+00 -1.75562e-02  2.31981e+00  2.61003e+00
 8.94000e+01  4.95689e-01 -8.63987e-03  1.69477e+00 -1.74300e-02  2.31950e+00  2.60983e+00
 8.95000e+01  4.95678e-01 -8.57659e-03  1.69458e+00 -1.73028e-02  2.31920e+00  2.60962e+00
 8.96000e+01  4.95666e-01 -8.51278e-03  1.69440e+00 -1.71744e-02  2.31889e+00  2.60942e+00
 8.97000e+01  4.95655e-01 -8.44845e-03  1.69422e+00 -1.70450e-02  2.31859e+00  2.60922e+00
 8.98000e+01  4.95644e-01 -8.38359e-03  1.69404e+00 -1.69145e-02  2.31830e+00  2.60903e+00
 8.99000e+01  4.95633e-01 -8.31822e-03  1.69387e+00 -1.67830e-02  2.31801e+00  2.60883e+00
 9.00000e+01  4.95622e-01 -8.25233e-03  1.69369e+00 -1.66504e-02  2.31772e+00  2.60864e+00
 9.01000e+01  4.95612e-01 -8.18595e-03  1.69352e+00 -1.65169e-02  2.31743e+00  2.60845e+00
 9.02000e+01  4.95601e-01 -8.11906e-03  1.69335e+00 -1.63822e-02  2.31715e+00  2.60826e+00
 9.03000e+01  4.95591e-01 -8.05168e-03  1.69318e+00 -1.62466e-02  2.31687e+00  2.60807e+00
 9.04000e+01  4.95581e-01 -7.98382e-03  1.69301e+00 -1.61100e-02  2.31659e+00  2.60789e+00
 9.05000e+01  4.95570e-01 -7.91547e-03  1.69285e+00 -1.59724e-02  2.31632e+00  2.60771e+00
 9.06000e+01  4.95560e-01 -7.84664e-03  1.69268e+00 -1.58339e-02  2.31605e+00  2.60753e+00
 9.07000e+01  4.95551e-01 -7.77735e-03  1.69252e+00 -1.56944e-02  2.31578e+00  2.60735e+00
 9.08000e+01  4.95541e-01 -7.70759e-03  1.69236e+00 -1.55539e-02  2.31552e+00  2.60717e+00
 9.09000e+01  4.95531e-01 -7.63737e-03  1.69221e+00 -1.54125e-02  2.31526e+00  2.60700e+00
 9.10000e+01  4.95522e-01 -7.56670e-03  1.69205e+00 -1.52702e-02  2.31500e+00  2.60682e+00
 9.11000e+01  4.95512e-01 -7.49557e-03  1.69190e+00 -1.51269e-02  2.31475e+00  2.60665e+00
 9.12000e+01  4.95503e-01 -7.42401e-03  1.69174e+00 -1.49828e-02  2.31450e+00  2.60648e+00
 9.13000e+01  4.95494e-01 -7.35201e-03  1.69159e+00 -1.48377e-02  2.31425e+00  2.60632e+00
 9.14000e+01  4.95485e-01 -7.27957e-03  1.69144e+00 -1.46918e-02  2.31400e+00  2.60615e+00
 9.15000e+01  4.95476e-01 -7.20671e-03  1.69130e+00 -1.45450e-02  2.31376e+00  2.60599e+00
 9.16000e+01  4.95468e-01 -7.13343e-03  1.69115e+00 -1.43974e-02  2.31352e+00  2.60583e+00
 9.17000e+01  4.95459e-01 -7.05973e-03  1.69101e+00 -1.42489e-02  2.31329e+00  2.60567e+00
 9.18000e+01  4.95451e-01 -6.98562e-03  1.69087e+00 -1.40995e-02  2.31306e+00  2.60551e+00
 9.19000e+01  4.95442e-01 -6.91110e-03  1.69073e+00 -1.39494e-02  2.31283e+00  2.60536e+00
 9.20000e+01  4.95434e-01 -6.83619e-03  1.69059e+00 -1.37984e-02  2.31260e+00  2.60520e+00
 9.21000e+01  4.95426e-01 -6.76088e-03  1.69045e+00 -1.36466e-02  2.31238e+00  2.60505e+00
 9.22000e+01  4.95418e-01 -6.68518e-03  1.69032e+00 -1.34940e-02  2.31216e+00  2.60490e+00
 9.23000e+01  4.95410e-01 -6.60910e-03  1.69019e+00 -1.33407e-02  2.31194e+00  2.60476e+00
 9.24000e+01  4.95403e-01 -6.53263e-03  1.69006e+00 -1.31865e-02  2.31173e+00  2.60461e+00
 9.25000e+01  4.95395e-01 -6.45580e-03  1.68993e+00 -1.30316e-02  2.31151e+00  2.60447e+00
 9.26000e+01  4.95387e-01 -6.37860e-03  1.68980e+00 -1.28760e-02  2.31131e+00  2.60433e+00
 9.27000e+01  4.95380e-01 -6.30103e-03  1.68968e+00 -1.27196e-02  2.31110e+00  2.60419e+00
 9.28000e+01  4.95373e-01 -6.22311e-03  1.68955e+00 -1.25625e-02  2.31090e+00  2.60405e+00
 9.29000e+01  4.95366e-01 -6.14484e-03  1.68943e+00 -1.24046e-02  2.31070e+00  2.60391e+00
 9.30000e+01  4.95359e-01 -6.06621e-03  1.68931e+00 -1.22461e-02  2.31050e+00  2.60378e+00
 9.31000e+01  4.95352e-01 -5.98725e-03  1.68920e+00 -1.20869e-02  2.31031e+00  2.60365e+00
 9.32000e+01  4.95345e-01 -5.90795e-03  1.68908e+00 -1.19269e-02  2.31012e+00  2.60352e+00
 9.33000e+01  4.95338e-01 -5.82832e-03  1.68896e+00 -1.17663e-02  2.30993e+00  2.60339e+00
 9.34000e+01  4.95332e-01 -5.74836e-03  1.68885e+00 -1.16051e-02  2.30975e+00  2.60327e+00
 9.35000e+01  4.95325e-01 -5.66808e-03  1.68874e+00 -1.14432e-02  2.30957e+00  2.60314e+00
 9.36000e+01  4.95319e-01 -5.58749e-03  1.68863e+00 -1.12806e-02  2.30939e+00  2.60302e+00
 9.37000e+01  4.95313e-01 -5.50658e-03  1.68852e+00 -1.11174e-02  2.30921e+00  2.60290e+00
 9.38000e+01  4.95306e-01 -5.42537e-03  1.68842e+00 -1.09536e-02  2.30904e+00  2.60278e+00
 9.39000e+01  4.95300e-01 -5.34386e-03  1.68832e+00 -1.07891e-02  2.30887e+00  2.60266e+00
 9.40000e+01  4.95294e-01 -5.26205e-03  1.68821e+00 -1.06241e-02  2.30870e+00  2.60255e+00
 9.41000e+01  4.95289e-01 -5.17995e-03  1.68811e+00 -1.04585e-02  2.30854e+00  2.60244e+00
 9.42000e+01  4.95283e-01 -5.09757e-03  1.68801e+00 -1.02922e-02  2.30838e+00  2.60233e+00
 9.43000e+01  4.95277e-01 -5.01491e-03  1.68792e+00 -1.01255e-02  2.30822e+00  2.60222e+00
 9.44000e+01  4.95272e-01 -4.93197e-03  1.68782e+00 -9.95811e-03  2.30807e+00  2.60211e+00
 9.45000e+01  4.95267e-01 -4.84876e-03  1.68773e+00 -9.79021e-03  2.30791e+00  2.60201e+00
 9.46000e+01  4.95261e-01 -4.76529e-03  1.68764e+00 -9.62177e-03  2.30776e+00  2.60190e+00
 9.47000e+01  4.95256e-01 -4.68156e-03  1.68755e+00 -9.45280e-03  2.30762e+00  2.60180e+00
 9.48000e+01  4.95251e-01 -4.59757e-03  1.68746e+00 -9.28331e-03  2.30747e+00  2.60170e+00
 9.49000e+01  4.95246e-01 -4.51333e-03  1.68737e+00 -9.11331e-03  2.30733e+00  2.60161e+00
 9.50000e+01  4.95241e-01 -4.42885e-03  1.68729e+00 -8.94280e-03  2.30719e+00  2.60151e+00
 9.51000e+01  4.95236e-01 -4.34412e-03  1.68720e+00 -8.77181e-03  2.30706e+00  2.60142e+00
 9.52000e+01  4.95232e-01 -4.25916e-03  1.68712e+00 -8.60034e-03  2.30693e+00  2.60133e+00
 9.53000e+01  4.95227e-01 -4.17397e-03  1.68704e+00 -8.42840e-03  2.30680e+00  2.60124e+00
 9.54000e+01  4.95223e-01 -4.08856e-03  1.68697e+00 -8.25600e-03  2.30667e+00  2.60115e+00
 9.55000e+01  4.95218e-01 -4.00293e-03  1.68689e+00 -8.08315e-03  2.30655e+00  2.60106e+00
 9.56000e+01  4.95214e-01 -3.91708e-03  1.68681e+00 -7.90986e-03  2.30643e+00  2.60098e+00
 9.57000e+01  4.95210e-01 -3.83102e-03  1.68674e+00 -7.73614e-03  2.30631e+00  2.60090e+00
 9.58000e+01  4.95206e-01 -3.74475e-03  1.68667e+00 -7.56200e-03  2.30619e+00  2.60082e+00
 9.59000e+01  4.95202e-01 -3.65828e-03  1.68660e+00 -7.38746e-03  2.30608e+00  2.60074e+00
 9.60000e+01  4.95198e-01 -3.57162e-03  1.68653e+00 -7.21251e-03  2.30597e+00  2.60066e+00
 9.61000e+01  4.95195e-01 -3.48477e-03  1.68647e+00 -7.03717e-03  2.30586e+00  2.60059e+00
 9.62000e+01  4.95191e-01 -3.39773e-03  1.68640e+00 -6.86146e-03  2.30576e+00  2.60052e+00
 9.63000e+01  4.95187e-01 -3.31051e-03  1.68634e+00 -6.68537e-03  2.30565e+00  2.60045e+00
 9.64000e+01  4.95184e-01 -3.22311e-03  1.68628e+00 -6.50893e-03  2.30555e+00  2.60038e+00
 9.65000e+01  4.95181e-01 -3.13555e-03  1.68622e+00 -6.33213e-03  2.30546e+00  2.60031e+00
 9.66000e+01  4.95177e-01 -3.04781e-03  1.68616e+00 -6.15499e-03  2.30537e+00  2.60025e+00
 9.67000e+01  4.95174e-01 -2.95992e-03  1.68611e+00 -5.97753e-03  2.30527e+00  2.60018e+00
 9.68000e+01  4.95171e-01 -2.87187e-03  1.68605e+00 -5.79974e-03  2.30519e+00  2.60012e+00
 9.69000e+01  4.95168e-01 -2.78366e-03  1.68600e+00 -5.62165e-03  2.30510e+00  2.60006e+00
 9.70000e+01  4.95165e-01 -2.69531e-03  1.68595e+00 -5.44325e-03  2.30502e+00  2.60001e+00
 9.71000e+01  4.95162e-01 -2.60682e-03  1.68590e+00 -5.26457e-03  2.30494e+00  2.59995e+00
 9.72000e+01  4.95160e-01 -2.51818e-03  1.68585e+00 -5.08560e-03  2.30486e+00  2.59990e+00
 9.73000e+01  4.95157e-01 -2.42942e-03  1.68581e+00 -4.90636e-03  2.30479e+00  2.59985e+00
 9.74000e+01  4.95155e-01 -2.34053e-03  1.68576e+00 -4.72686e-03  2.30472e+00  2.59980e+00
 9.75000e+01  4.95152e-01 -2.25151e-03  1.68572e+00 -4.54711e-03  2.30465e+00  2.59975e+00
 9.76000e+01  4.95150e-01 -2.16238e-03  1.68568e+00 -4.36712e-03  2.30458e+00  2.59970e+00
 9.77000e+01  4.95148e-01 -2.07313e-03  1.68564e+00 -4.18689e-03  2.30452e+00  2.59966e+00
 9.78000e+01  4.95146e-01 -1.98377e-03  1.68560e+00 -4.00644e-03  2.30446e+00  2.59962e+00
 9.79000e+01  4.95144e-01 -1.89431e-03  1.68557e+00 -3.82578e-03  2.30440e+00  2.59958e+00
 9.80000e+01  4.95142e-01 -1.80475e-03  1.68553e+00 -3.64492e-03  2.30434e+00  2.59954e+00
 9.81000e+01  4.95140e-01 -1.71510e-03  1.68550e+00 -3.46387e-03  2.30429e+00  2.59950e+00
 9.82000e+01  4.95138e-01 -1.62535e-03  1.68547e+00 -3.28263e-03  2.30424e+00  2.59947e+00
 9.83000e+01  4.95137e-01 -1.53553e-03  1.68544e+00 -3.10121e-03  2.30419e+00  2.59943e+00
 9.84000e+01  4.95135e-01 -1.44562e-03  1.68541e+00 -2.91964e-03  2.30415e+00  2.59940e+00
 9.85000e+01  4.95134e-01 -1.35563e-03  1.68539e+00 -2.73791e-03  2.30411e+00  2.59937e+00
 9.86000e+01  4.95132e-01 -1.26557e-03  1.68536e+00 -2.55603e-03  2.30407e+00  2.59935e+00
 9.87000e+01  4.95131e-01 -1.17545e-03  1.68534e+00 -2.37402e-03  2.30403e+00  2.59932e+00
 9.88000e+01  4.95130e-01 -1.08527e-03  1.68532e+00 -2.19189e-03  2.30400e+00  2.59930e+00
 9.89000e+01  4.95129e-01 -9.95029e-04  1.68530e+00 -2.00964e-03  2.30397e+00  2.59928e+00
 9.90000e+01  4.95128e-01 -9.04737e-04  1.68528e+00 -1.82728e-03  2.30394e+00  2.59926e+00
 9.91000e+01  4.95127e-01 -8.14397e-04  1.68527e+00 -1.64482e-03  2.30391e+00  2.59924e+00
 9.92000e+01  4.95126e-01 -7.24016e-04  1.68525e+00 -1.46228e-03  2.30389e+00  2.59922e+00
 9.93000e+01  4.95126e-01 -6.33596e-04  1.68524e+00 -1.27967e-03  2.30387e+00  2.59921e+00
 9.94000e+01  4.95125e-01 -5.43144e-04  1.68523e+00 -1.09698e-03  2.30385e+00  2.59920e+00
 9.95000e+01  4.95125e-01 -4.52663e-04  1.68522e+00 -9.14241e-04  2.30384e+00  2.59919e+00
 9.96000e+01  4.95124e-01 -3.62159e-04  1.68521e+00 -7.31450e-04  2.30383e+00  2.59918e+00
 9.97000e+01  4.95124e-01 -2.71636e-04  1.68521e+00 -5.48621e-04  2.30382e+00  2.59917e+00
 9.98000e+01  4.95124e-01 -1.81098e-04  1.68520e+00 -3.65764e-04  2.30381e+00  2.59917e+00
 9.99000e+01  4.95123e-01 -9.05515e-05  1.68520e+00 -1.82887e-04  2.30381e+00  2.59916e+00
