 0.00000e+00  5.06547e-01  3.23657e-13  1.77937e+00  6.38947e-13  2.49302e+00  2.67853e+00
 1.00000e-01  5.06544e-01 -8.04399e-04  1.77934e+00 -1.58801e-03  2.49221e+00  2.67777e+00
 2.00000e-01  5.06531e-01 -1.60697e-03  1.77922e+00 -3.17249e-03  2.49144e+00  2.67715e+00
 3.00000e-01  5.06504e-01 -2.46377e-03  1.77895e+00 -4.86425e-03  2.49132e+00  2.67729e+00
 4.00000e-01  5.06466e-01 -3.31851e-03  1.77857e+00 -6.55227e-03  2.48929e+00  2.67568e+00
 5.00000e-01  5.06410e-01 -4.21922e-03  1.77793e+00 -8.33163e-03  2.48886e+00  2.67581e+00
 6.00000e-01  5.06339e-01 -5.09688e-03  1.77726e+00 -1.00662e-02  2.48824e+00  2.67590e+00
 7.00000e-01  5.06258e-01 -5.89338e-03  1.77661e+00 -1.16411e-02  2.48635e+00  2.67484e+00
 8.00000e-01  5.06164e-01 -6.84875e-03  1.77560e+00 -1.35307e-02  2.48591e+00  2.67533e+00
 9.00000e-01  5.06066e-01 -7.73475e-03  1.77461e+00 -1.52841e-02  2.48297e+00  2.67341e+00
 1.00000e+00  5.05956e-01 -8.61874e-03  1.77361e+00 -1.70346e-02  2.48019e+00  2.67176e+00
 1.10000e+00  5.05832e-01 -9.54076e-03  1.77241e+00 -1.88615e-02  2.47779e+00  2.67062e+00
 1.20000e+00  5.05693e-01 -1.03667e-02  1.77130e+00 -2.04999e-02  2.47591e+00  2.67013e+00
 1.30000e+00  5.05540e-01 -1.12619e-02  1.77000e+00 -2.22769e-02  2.47446e+00  2.67020e+00
 1.40000e+00  5.05382e-01 -1.21248e-02  1.76856e+00 -2.39914e-02  2.47106e+00  2.66840e+00
 1.50000e+00  5.05215e-01 -1.29962e-02  1.76731e+00 -2.57242e-02  2.46874e+00  2.66775e+00
 1.60000e+00  5.05041e-01 -1.38210e-02  1.76623e+00 -2.73661e-02  2.46720e+00  2.66793e+00
 1.70000e+00  5.04865e-01 -1.47518e-02  1.76474e+00 -2.92192e-02  2.46445e+00  2.66693e+00
 1.80000e+00  5.04690e-01 -1.57272e-02  1.76329e+00 -3.11621e-02  2.46123e+00  2.66547e+00
 1.90000e+00  5.04513e-01 -1.66557e-02  1.76200e+00 -3.30134e-02  2.45793e+00  2.66393e+00
 2.00000e+00  5.04332e-01 -1.77372e-02  1.76017e+00 -3.51696e-02  2.45498e+00  2.66278e+00
 2.10000e+00  5.04150e-01 -1.87058e-02  1.75876e+00 -3.71036e-02  2.45259e+00  2.66219e+00
 2.20000e+00  5.03971e-01 -1.97064e-02  1.75739e+00 -3.91022e-02  2.44865e+00  2.66005e+00
 2.30000e+00  5.03787e-01 -2.07351e-02  1.75549e+00 -4.11585e-02  2.44454e+00  2.65777e+00
 2.40000e+00  5.03597e-01 -2.16903e-02  1.75374e+00 -4.30708e-02  2.44171e+00  2.65682e+00
 2.50000e+00  5.03403e-01 -2.26366e-02  1.75211e+00 -4.49671e-02  2.43767e+00  2.65470e+00
 2.60000e+00  5.03202e-01 -2.35026e-02  1.75028e+00 -4.67062e-02  2.43325e+00  2.65227e+00
 2.70000e+00  5.02988e-01 -2.43962e-02  1.74791e+00 -4.85025e-02  2.42940e+00  2.65052e+00
 2.80000e+00  5.02766e-01 -2.51633e-02  1.74585e+00 -5.00497e-02  2.42555e+00  2.64886e+00
 2.90000e+00  5.02535e-01 -2.58662e-02  1.74384e+00 -5.14714e-02  2.42214e+00  2.64769e+00
 3.00000e+00  5.02301e-01 -2.65327e-02  1.74173e+00 -5.28223e-02  2.41893e+00  2.64677e+00
 3.10000e+00  5.02067e-01 -2.70824e-02  1.74031e+00 -5.39417e-02  2.41614e+00  2.64624e+00
 3.20000e+00  5.01838e-01 -2.76664e-02  1.73855e+00 -5.51301e-02  2.41258e+00  2.64490e+00
 3.30000e+00  5.01613e-01 -2.82759e-02  1.73611e+00 -5.63698e-02  2.40784e+00  2.64235e+00
 3.40000e+00  5.01392e-01 -2.88707e-02  1.73391e+00 -5.75812e-02  2.40498e+00  2.64163e+00
 3.50000e+00  5.01182e-01 -2.94209e-02  1.73212e+00 -5.87029e-02  2.39966e+00  2.63833e+00
 3.60000e+00  5.00973e-01 -2.99611e-02  1.73018e+00 -5.98057e-02  2.39484e+00  2.63553e+00
 3.70000e+00  5.00759e-01 -3.04664e-02  1.72827e+00 -6.08403e-02  2.39341e+00  2.63615e+00
 3.80000e+00  5.00554e-01 -3.09153e-02  1.72670e+00 -6.17621e-02  2.38892e+00  2.63363e+00
 3.90000e+00  5.00350e-01 -3.13491e-02  1.72489e+00 -6.26544e-02  2.38519e+00  2.63186e+00
 4.00000e+00  5.00146e-01 -3.17414e-02  1.72297e+00 -6.34643e-02  2.38197e+00  2.63058e+00
 4.10000e+00  4.99945e-01 -3.20647e-02  1.72130e+00 -6.41365e-02  2.37875e+00  2.62927e+00
 4.20000e+00  4.99748e-01 -3.23261e-02  1.71993e+00 -6.46846e-02  2.37544e+00  2.62783e+00
 4.30000e+00  4.99553e-01 -3.25149e-02  1.71874e+00 -6.50880e-02  2.37293e+00  2.62717e+00
 4.40000e+00  4.99361e-01 -3.26827e-02  1.71713e+00 -6.54490e-02  2.37169e+00  2.62776e+00
 4.50000e+00  4.99183e-01 -3.28107e-02  1.71580e+00 -6.57287e-02  2.36766e+00  2.62541e+00
 4.60000e+00  4.99012e-01 -3.28496e-02  1.71455e+00 -6.58292e-02  2.36522e+00  2.62459e+00
 4.70000e+00  4.98849e-01 -3.29174e-02  1.71267e+00 -6.59867e-02  2.36147e+00  2.62237e+00
 4.80000e+00  4.98691e-01 -3.28311e-02  1.71179e+00 -6.58346e-02  2.35833e+00  2.62071e+00
 4.90000e+00  4.98533e-01 -3.26748e-02  1.71094e+00 -6.55419e-02  2.35816e+00  2.62204e+00
 5.00000e+00  4.98385e-01 -3.25269e-02  1.70965e+00 -6.52645e-02  2.35474e+00  2.62000e+00
 5.10000e+00  4.98242e-01 -3.22175e-02  1.70898e+00 -6.46624e-02  2.35299e+00  2.61959e+00
 5.20000e+00  4.98104e-01 -3.19472e-02  1.70778e+00 -6.41376e-02  2.35053e+00  2.61842e+00
 5.30000e+00  4.97969e-01 -3.15615e-02  1.70700e+00 -6.33805e-02  2.34816e+00  2.61731e+00
 5.40000e+00  4.97835e-01 -3.11012e-02  1.70647e+00 -6.24729e-02  2.34783e+00  2.61824e+00
 5.50000e+00  4.97708e-01 -3.06625e-02  1.70551e+00 -6.16074e-02  2.34503e+00  2.61662e+00
 5.60000e+00  4.97583e-01 -3.00934e-02  1.70504e+00 -6.04791e-02  2.34504e+00  2.61782e+00
 5.70000e+00  4.97468e-01 -2.95551e-02  1.70414e+00 -5.94111e-02  2.34335e+00  2.61721e+00
 5.80000e+00  4.97363e-01 -2.89529e-02  1.70350e+00 -5.82128e-02  2.34067e+00  2.61548e+00
 5.90000e+00  4.97262e-01 -2.82519e-02  1.70341e+00 -5.68148e-02  2.34130e+00  2.61708e+00
 6.00000e+00  4.97172e-01 -2.75995e-02  1.70264e+00 -5.55129e-02  2.33926e+00  2.61587e+00
 6.10000e+00  4.97090e-01 -2.68690e-02  1.70211e+00 -5.40526e-02  2.33781e+00  2.61517e+00
 6.20000e+00  4.97014e-01 -2.60874e-02  1.70167e+00 -5.24882e-02  2.33701e+00  2.61508e+00
 6.30000e+00  4.96945e-01 -2.53076e-02  1.70110e+00 -5.09264e-02  2.33552e+00  2.61423e+00
 6.40000e+00  4.96881e-01 -2.43935e-02  1.70124e+00 -4.90932e-02  2.33558e+00  2.61489e+00
 6.50000e+00  4.96824e-01 -2.35107e-02  1.70094e+00 -4.73219e-02  2.33576e+00  2.61561e+00
 6.60000e+00  4.96779e-01 -2.26361e-02  1.70043e+00 -4.55659e-02  2.33381e+00  2.61407e+00
 6.70000e+00  4.96739e-01 -2.16726e-02  1.70054e+00 -4.36299e-02  2.33329e+00  2.61392e+00
 6.80000e+00  4.96702e-01 -2.07636e-02  1.70039e+00 -4.18028e-02  2.33507e+00  2.61607e+00
 6.90000e+00  4.96681e-01 -1.98532e-02  1.70016e+00 -3.99718e-02  2.33376e+00  2.61493e+00
 7.00000e+00  4.96672e-01 -1.89457e-02  1.70026e+00 -3.81454e-02  2.33427e+00  2.61555e+00
 7.10000e+00  4.96675e-01 -1.80432e-02  1.70040e+00 -3.63280e-02  2.33442e+00  2.61566e+00
 7.20000e+00  4.96692e-01 -1.71895e-02  1.70038e+00 -3.46080e-02  2.33323e+00  2.61430e+00
 7.30000e+00  4.96714e-01 -1.63140e-02  1.70071e+00 -3.28439e-02  2.33506e+00  2.61595e+00
 7.40000e+00  4.96749e-01 -1.54089e-02  1.70127e+00 -3.10195e-02  2.33495e+00  2.61550e+00
 7.50000e+00  4.96790e-01 -1.45916e-02  1.70149e+00 -2.93718e-02  2.33547e+00  2.61564e+00
 7.60000e+00  4.96839e-01 -1.37364e-02  1.70188e+00 -2.76476e-02  2.33696e+00  2.61669e+00
 7.70000e+00  4.96899e-01 -1.28712e-02  1.70255e+00 -2.59031e-02  2.33807e+00  2.61725e+00
 7.80000e+00  4.96969e-01 -1.20202e-02  1.70325e+00 -2.41870e-02  2.33866e+00  2.61718e+00
 7.90000e+00  4.97045e-01 -1.11798e-02  1.70394e+00 -2.24926e-02  2.33925e+00  2.61705e+00
 8.00000e+00  4.97123e-01 -1.03852e-02  1.70456e+00 -2.08907e-02  2.34183e+00  2.61893e+00
 8.10000e+00  4.97210e-01 -9.60068e-03  1.70526e+00 -1.93091e-02  2.34262e+00  2.61891e+00
 8.20000e+00  4.97304e-01 -8.83952e-03  1.70600e+00 -1.77749e-02  2.34355e+00  2.61895e+00
 8.30000e+00  4.97399e-01 -8.08685e-03  1.70680e+00 -1.62583e-02  2.34481e+00  2.61932e+00
 8.40000e+00  4.97496e-01 -7.33644e-03  1.70763e+00 -1.47467e-02  2.34619e+00  2.61980e+00
 8.50000e+00  4.97591e-01 -6.61725e-03  1.70846e+00 -1.32986e-02  2.34878e+00  2.62151e+00
 8.60000e+00  4.97692e-01 -5.89788e-03  1.70939e+00 -1.18505e-02  2.34943e+00  2.62122e+00
 8.70000e+00  4.97790e-01 -5.22250e-03  1.71028e+00 -1.04914e-02  2.35117e+00  2.62205e+00
 8.80000e+00  4.97886e-01 -4.59846e-03  1.71116e+00 -9.23595e-03  2.35326e+00  2.62323e+00
 8.90000e+00  4.97983e-01 -3.97883e-03  1.71209e+00 -7.98989e-03  2.35416e+00  2.62323e+00
 9.00000e+00  4.98075e-01 -3.40208e-03  1.71300e+00 -6.83045e-03  2.35680e+00  2.62501e+00
 9.10000e+00  4.98168e-01 -2.83133e-03  1.71393e+00 -5.68347e-03  2.35843e+00  2.62577e+00
 9.20000e+00  4.98261e-01 -2.29751e-03  1.71485e+00 -4.61105e-03  2.36068e+00  2.62715e+00
 9.30000e+00  4.98358e-01 -1.77950e-03  1.71580e+00 -3.57073e-03  2.36269e+00  2.62826e+00
 9.40000e+00  4.98458e-01 -1.25246e-03  1.71678e+00 -2.51266e-03  2.36413e+00  2.62875e+00
 9.50000e+00  4.98561e-01 -7.80730e-04  1.71773e+00 -1.56597e-03  2.36690e+00  2.63056e+00
 9.60000e+00  4.98672e-01 -3.14014e-04  1.71873e+00 -6.29700e-04  2.36719e+00  2.62980e+00
 9.70000e+00  4.98779e-01  1.96176e-04  1.71969e+00  3.93312e-04  2.36937e+00  2.63096e+00
 9.80000e+00  4.98887e-01  7.02364e-04  1.72062e+00  1.40786e-03  2.37155e+00  2.63213e+00
 9.90000e+00  4.98996e-01  1.21324e-03  1.72156e+00  2.43137e-03  2.37254e+00  2.63209e+00
 1.00000e+01  4.99101e-01  1.77989e-03  1.72247e+00  3.56619e-03  2.37535e+00  2.63390e+00
 1.01000e+01  4.99209e-01  2.33602e-03  1.72340e+00  4.67945e-03  2.37533e+00  2.63286e+00
 1.02000e+01  4.99308e-01  2.96845e-03  1.72427e+00  5.94513e-03  2.37661e+00  2.63320e+00
 1.03000e+01  4.99396e-01  3.62181e-03  1.72509e+00  7.25238e-03  2.37906e+00  2.63482e+00
 1.04000e+01  4.99477e-01  4.34069e-03  1.72582e+00  8.69047e-03  2.37982e+00  2.63480e+00
 1.05000e+01  4.99549e-01  5.17673e-03  1.72643e+00  1.03628e-02  2.38082e+00  2.63512e+00
 1.06000e+01  4.99609e-01  5.93476e-03  1.72716e+00  1.18788e-02  2.38197e+00  2.63570e+00
 1.07000e+01  4.99657e-01  6.83917e-03  1.72769e+00  1.36877e-02  2.38398e+00  2.63726e+00
 1.08000e+01  4.99698e-01  7.83064e-03  1.72797e+00  1.56707e-02  2.38392e+00  2.63680e+00
 1.09000e+01  4.99730e-01  8.82013e-03  1.72830e+00  1.76498e-02  2.38307e+00  2.63565e+00
 1.10000e+01  4.99742e-01  9.84536e-03  1.72858e+00  1.97009e-02  2.38446e+00  2.63691e+00
 1.11000e+01  4.99742e-01  1.08923e-02  1.72863e+00  2.17958e-02  2.38475e+00  2.63722e+00
 1.12000e+01  4.99729e-01  1.20250e-02  1.72843e+00  2.40631e-02  2.38329e+00  2.63587e+00
 1.13000e+01  4.99698e-01  1.31093e-02  1.72820e+00  2.62345e-02  2.38335e+00  2.63623e+00
 1.14000e+01  4.99651e-01  1.42434e-02  1.72788e+00  2.85067e-02  2.38239e+00  2.63571e+00
 1.15000e+01  4.99588e-01  1.53648e-02  1.72758e+00  3.07549e-02  2.38155e+00  2.63548e+00
 1.16000e+01  4.99507e-01  1.65260e-02  1.72693e+00  3.30846e-02  2.38106e+00  2.63576e+00
 1.17000e+01  4.99413e-01  1.77968e-02  1.72582e+00  3.56355e-02  2.37789e+00  2.63348e+00
 1.18000e+01  4.99300e-01  1.89897e-02  1.72510e+00  3.80327e-02  2.37770e+00  2.63437e+00
 1.19000e+01  4.99175e-01  2.02458e-02  1.72410e+00  4.05585e-02  2.37525e+00  2.63310e+00
 1.20000e+01  4.99037e-01  2.15554e-02  1.72264e+00  4.31939e-02  2.37239e+00  2.63154e+00
 1.21000e+01  4.98885e-01  2.27919e-02  1.72186e+00  4.56857e-02  2.37146e+00  2.63207e+00
 1.22000e+01  4.98723e-01  2.40715e-02  1.72083e+00  4.82663e-02  2.36797e+00  2.63010e+00
 1.23000e+01  4.98545e-01  2.54252e-02  1.71900e+00  5.09987e-02  2.36643e+00  2.63023e+00
 1.24000e+01  4.98363e-01  2.67301e-02  1.71773e+00  5.36358e-02  2.36325e+00  2.62878e+00
 1.25000e+01  4.98172e-01  2.80305e-02  1.71666e+00  5.62667e-02  2.36096e+00  2.62828e+00
 1.26000e+01  4.97975e-01  2.93844e-02  1.71481e+00  5.90077e-02  2.35779e+00  2.62696e+00
 1.27000e+01  4.97774e-01  3.07235e-02  1.71291e+00  6.17218e-02  2.35393e+00  2.62499e+00
 1.28000e+01  4.97566e-01  3.20111e-02  1.71145e+00  6.43354e-02  2.35165e+00  2.62465e+00
 1.29000e+01  4.97358e-01  3.32819e-02  1.70996e+00  6.69173e-02  2.34807e+00  2.62301e+00
 1.30000e+01  4.97146e-01  3.45305e-02  1.70838e+00  6.94575e-02  2.34649e+00  2.62342e+00
 1.31000e+01  4.96941e-01  3.57572e-02  1.70671e+00  7.19546e-02  2.34278e+00  2.62161e+00
 1.32000e+01  4.96740e-01  3.69793e-02  1.70494e+00  7.44440e-02  2.34022e+00  2.62093e+00
 1.33000e+01  4.96548e-01  3.81421e-02  1.70349e+00  7.68146e-02  2.33759e+00  2.62008e+00
 1.34000e+01  4.96368e-01  3.92941e-02  1.70196e+00  7.91633e-02  2.33328e+00  2.61741e+00
 1.35000e+01  4.96191e-01  4.03989e-02  1.70033e+00  8.14179e-02  2.33167e+00  2.61745e+00
 1.36000e+01  4.96028e-01  4.14505e-02  1.69916e+00  8.35648e-02  2.33003e+00  2.61733e+00
 1.37000e+01  4.95882e-01  4.24385e-02  1.69832e+00  8.55819e-02  2.32806e+00  2.61671e+00
 1.38000e+01  4.95754e-01  4.33989e-02  1.69689e+00  8.75411e-02  2.32618e+00  2.61601e+00
 1.39000e+01  4.95647e-01  4.43108e-02  1.69570e+00  8.93999e-02  2.32424e+00  2.61504e+00
 1.40000e+01  4.95563e-01  4.50790e-02  1.69515e+00  9.09651e-02  2.32131e+00  2.61285e+00
 1.41000e+01  4.95492e-01  4.58275e-02  1.69382e+00  9.24890e-02  2.32010e+00  2.61229e+00
 1.42000e+01  4.95438e-01  4.63969e-02  1.69326e+00  9.36481e-02  2.31870e+00  2.61137e+00
 1.43000e+01  4.95401e-01  4.68211e-02  1.69350e+00  9.45116e-02  2.31799e+00  2.61101e+00
 1.44000e+01  4.95373e-01  4.71418e-02  1.69350e+00  9.51642e-02  2.31896e+00  2.61225e+00
 1.45000e+01  4.95364e-01  4.73071e-02  1.69350e+00  9.54997e-02  2.31832e+00  2.61170e+00
 1.46000e+01  4.95368e-01  4.73881e-02  1.69326e+00  9.56623e-02  2.31920e+00  2.61255e+00
 1.47000e+01  4.95394e-01  4.72790e-02  1.69386e+00  9.54372e-02  2.31958e+00  2.61269e+00
 1.48000e+01  4.95437e-01  4.70475e-02  1.69507e+00  9.49616e-02  2.32177e+00  2.61452e+00
 1.49000e+01  4.95500e-01  4.67021e-02  1.69627e+00  9.42526e-02  2.32548e+00  2.61770e+00
 1.50000e+01  4.95593e-01  4.62772e-02  1.69737e+00  9.33773e-02  2.32738e+00  2.61875e+00
 1.51000e+01  4.95718e-01  4.57856e-02  1.69818e+00  9.23622e-02  2.32930e+00  2.61953e+00
 1.52000e+01  4.95873e-01  4.51965e-02  1.69932e+00  9.11452e-02  2.33091e+00  2.61969e+00
 1.53000e+01  4.96056e-01  4.44950e-02  1.70102e+00  8.96975e-02  2.33285e+00  2.61993e+00
 1.54000e+01  4.96258e-01  4.36896e-02  1.70284e+00  8.80381e-02  2.33600e+00  2.62122e+00
 1.55000e+01  4.96476e-01  4.27809e-02  1.70498e+00  8.61690e-02  2.33958e+00  2.62278e+00
 1.56000e+01  4.96709e-01  4.17509e-02  1.70712e+00  8.40552e-02  2.34300e+00  2.62404e+00
 1.57000e+01  4.96951e-01  4.06580e-02  1.70914e+00  8.18149e-02  2.34789e+00  2.62669e+00
 1.58000e+01  4.97209e-01  3.94023e-02  1.71212e+00  7.92469e-02  2.35217e+00  2.62856e+00
 1.59000e+01  4.97476e-01  3.80789e-02  1.71506e+00  7.65443e-02  2.35735e+00  2.63127e+00
 1.60000e+01  4.97750e-01  3.67165e-02  1.71730e+00  7.37648e-02  2.36317e+00  2.63453e+00
 1.61000e+01  4.98040e-01  3.52650e-02  1.71989e+00  7.08075e-02  2.36668e+00  2.63531e+00
 1.62000e+01  4.98336e-01  3.37405e-02  1.72293e+00  6.77063e-02  2.37257e+00  2.63841e+00
 1.63000e+01  4.98640e-01  3.21525e-02  1.72593e+00  6.44804e-02  2.37831e+00  2.64128e+00
 1.64000e+01  4.98952e-01  3.05535e-02  1.72897e+00  6.12352e-02  2.38341e+00  2.64342e+00
 1.65000e+01  4.99268e-01  2.89040e-02  1.73217e+00  5.78927e-02  2.39060e+00  2.64761e+00
 1.66000e+01  4.99595e-01  2.73087e-02  1.73499e+00  5.46617e-02  2.39592e+00  2.64980e+00
 1.67000e+01  4.99931e-01  2.57255e-02  1.73779e+00  5.14581e-02  2.40139e+00  2.65205e+00
 1.68000e+01  5.00276e-01  2.41397e-02  1.74097e+00  4.82528e-02  2.40651e+00  2.65386e+00
 1.69000e+01  5.00622e-01  2.26045e-02  1.74402e+00  4.51528e-02  2.41122e+00  2.65522e+00
 1.70000e+01  5.00963e-01  2.11039e-02  1.74687e+00  4.21267e-02  2.41756e+00  2.65827e+00
 1.71000e+01  5.01301e-01  1.96527e-02  1.74975e+00  3.92034e-02  2.42219e+00  2.65961e+00
 1.72000e+01  5.01630e-01  1.82154e-02  1.75256e+00  3.63124e-02  2.42771e+00  2.66193e+00
 1.73000e+01  5.01949e-01  1.68399e-02  1.75511e+00  3.35490e-02  2.43259e+00  2.66370e+00
 1.74000e+01  5.02256e-01  1.54494e-02  1.75786e+00  3.07601e-02  2.43646e+00  2.66457e+00
 1.75000e+01  5.02542e-01  1.40390e-02  1.76060e+00  2.79359e-02  2.44236e+00  2.66765e+00
 1.76000e+01  5.02810e-01  1.27150e-02  1.76278e+00  2.52878e-02  2.44639e+00  2.66904e+00
 1.77000e+01  5.03057e-01  1.13769e-02  1.76501e+00  2.26155e-02  2.45078e+00  2.67098e+00
 1.78000e+01  5.03284e-01  9.99292e-03  1.76731e+00  1.98554e-02  2.45550e+00  2.67344e+00
 1.79000e+01  5.03492e-01  8.72449e-03  1.76916e+00  1.73279e-02  2.45928e+00  2.67515e+00
 1.80000e+01  5.03683e-01  7.47538e-03  1.77088e+00  1.48415e-02  2.46301e+00  2.67698e+00
 1.81000e+01  5.03856e-01  6.26785e-03  1.77243e+00  1.24398e-02  2.46646e+00  2.67869e+00
 1.82000e+01  5.04016e-01  5.18788e-03  1.77378e+00  1.02931e-02  2.46992e+00  2.68055e+00
 1.83000e+01  5.04166e-01  4.04582e-03  1.77518e+00  8.02478e-03  2.47175e+00  2.68089e+00
 1.84000e+01  5.04300e-01  3.03436e-03  1.77635e+00  6.01697e-03  2.47378e+00  2.68158e+00
 1.85000e+01  5.04417e-01  2.06706e-03  1.77740e+00  4.09793e-03  2.47550e+00  2.68213e+00
 1.86000e+01  5.04514e-01  1.05866e-03  1.77832e+00  2.09837e-03  2.47851e+00  2.68414e+00
 1.87000e+01  5.04599e-01  2.08086e-04  1.77914e+00  4.12378e-04  2.48061e+00  2.68537e+00
 1.88000e+01  5.04675e-01 -7.63043e-04  1.77990e+00 -1.51195e-03  2.48092e+00  2.68494e+00
 1.89000e+01  5.04734e-01 -1.70686e-03  1.78049e+00 -3.38170e-03  2.48299e+00  2.68640e+00
 1.90000e+01  5.04782e-01 -2.50153e-03  1.78108e+00 -4.95567e-03  2.48317e+00  2.68610e+00
 1.91000e+01  5.04813e-01 -3.35889e-03  1.78153e+00 -6.65372e-03  2.48510e+00  2.68768e+00
 1.92000e+01  5.04836e-01 -4.19864e-03  1.78183e+00 -8.31684e-03  2.48609e+00  2.68844e+00
 1.93000e+01  5.04851e-01 -5.05269e-03  1.78206e+00 -1.00083e-02  2.48532e+00  2.68753e+00
 1.94000e+01  5.04853e-01 -5.86734e-03  1.78219e+00 -1.16219e-02  2.48631e+00  2.68848e+00
 1.95000e+01  5.04846e-01 -6.65302e-03  1.78223e+00 -1.31783e-02  2.48520e+00  2.68746e+00
 1.96000e+01  5.04824e-01 -7.43234e-03  1.78213e+00 -1.47227e-02  2.48567e+00  2.68815e+00
 1.97000e+01  5.04790e-01 -8.13818e-03  1.78195e+00 -1.61219e-02  2.48549e+00  2.68830e+00
 1.98000e+01  5.04746e-01 -8.86260e-03  1.78159e+00 -1.75585e-02  2.48302e+00  2.68630e+00
 1.99000e+01  5.04683e-01 -9.49579e-03  1.78115e+00 -1.88154e-02  2.48330e+00  2.68719e+00
 2.00000e+01  5.04607e-01 -1.00870e-02  1.78061e+00 -1.99899e-02  2.48270e+00  2.68735e+00
 2.01000e+01  5.04522e-01 -1.06536e-02  1.78014e+00 -2.11162e-02  2.48028e+00  2.68580e+00
 2.02000e+01  5.04420e-01 -1.11292e-02  1.77960e+00 -2.20633e-02  2.48012e+00  2.68664e+00
 2.03000e+01  5.04308e-01 -1.17438e-02  1.77853e+00 -2.32869e-02  2.47838e+00  2.68602e+00
 2.04000e+01  5.04188e-01 -1.22614e-02  1.77789e+00 -2.43190e-02  2.47606e+00  2.68490e+00
 2.05000e+01  5.04056e-01 -1.27447e-02  1.77732e+00 -2.52843e-02  2.47606e+00  2.68619e+00
 2.06000e+01  5.03921e-01 -1.34557e-02  1.77584e+00 -2.67019e-02  2.47348e+00  2.68497e+00
 2.07000e+01  5.03784e-01 -1.40499e-02  1.77466e+00 -2.78888e-02  2.47018e+00  2.68305e+00
 2.08000e+01  5.03639e-01 -1.46326e-02  1.77381e+00 -2.90537e-02  2.46886e+00  2.68317e+00
 2.09000e+01  5.03491e-01 -1.52256e-02  1.77276e+00 -3.02401e-02  2.46665e+00  2.68243e+00
 2.10000e+01  5.03340e-01 -1.57844e-02  1.77176e+00 -3.13593e-02  2.46384e+00  2.68113e+00
 2.11000e+01  5.03182e-01 -1.63904e-02  1.77066e+00 -3.25734e-02  2.46268e+00  2.68152e+00
 2.12000e+01  5.03025e-01 -1.69733e-02  1.76944e+00 -3.37424e-02  2.45886e+00  2.67927e+00
 2.13000e+01  5.02861e-01 -1.76238e-02  1.76815e+00 -3.50472e-02  2.45635e+00  2.67840e+00
 2.14000e+01  5.02691e-01 -1.82021e-02  1.76725e+00 -3.62094e-02  2.45459e+00  2.67830e+00
 2.15000e+01  5.02518e-01 -1.88639e-02  1.76593e+00 -3.75387e-02  2.44934e+00  2.67479e+00
 2.16000e+01  5.02327e-01 -1.96033e-02  1.76399e+00 -3.90249e-02  2.44850e+00  2.67581e+00
 2.17000e+01  5.02135e-01 -2.02603e-02  1.76257e+00 -4.03483e-02  2.44413e+00  2.67335e+00
 2.18000e+01  5.01933e-01 -2.09559e-02  1.76112e+00 -4.17503e-02  2.43994e+00  2.67114e+00
 2.19000e+01  5.01716e-01 -2.16218e-02  1.75951e+00 -4.30956e-02  2.43874e+00  2.67205e+00
 2.20000e+01  5.01497e-01 -2.23030e-02  1.75786e+00 -4.44729e-02  2.43311e+00  2.66858e+00
 2.21000e+01  5.01262e-01 -2.29908e-02  1.75586e+00 -4.58659e-02  2.43116e+00  2.66892e+00
 2.22000e+01  5.01024e-01 -2.36620e-02  1.75407e+00 -4.72273e-02  2.42768e+00  2.66775e+00
 2.23000e+01  5.00785e-01 -2.42944e-02  1.75260e+00 -4.85127e-02  2.42330e+00  2.66570e+00
 2.24000e+01  5.00538e-01 -2.49625e-02  1.75056e+00 -4.98714e-02  2.42115e+00  2.66594e+00
 2.25000e+01  5.00295e-01 -2.56517e-02  1.74837e+00 -5.12731e-02  2.41549e+00  2.66264e+00
 2.26000e+01  5.00048e-01 -2.62581e-02  1.74665e+00 -5.25112e-02  2.41260e+00  2.66214e+00
 2.27000e+01  4.99801e-01 -2.68882e-02  1.74466e+00 -5.37979e-02  2.40988e+00  2.66180e+00
 2.28000e+01  4.99564e-01 -2.74746e-02  1.74263e+00 -5.49971e-02  2.40518e+00  2.65938e+00
 2.29000e+01  4.99331e-01 -2.80011e-02  1.74095e+00 -5.60773e-02  2.40209e+00  2.65852e+00
 2.30000e+01  4.99106e-01 -2.84904e-02  1.73913e+00 -5.70830e-02  2.39751e+00  2.65610e+00
 2.31000e+01  4.98883e-01 -2.89271e-02  1.73716e+00 -5.79838e-02  2.39424e+00  2.65497e+00
 2.32000e+01  4.98665e-01 -2.92766e-02  1.73544e+00 -5.87099e-02  2.39046e+00  2.65325e+00
 2.33000e+01  4.98452e-01 -2.95363e-02  1.73404e+00 -5.92560e-02  2.38698e+00  2.65181e+00
 2.34000e+01  4.98241e-01 -2.97173e-02  1.73253e+00 -5.96445e-02  2.38469e+00  2.65153e+00
 2.35000e+01  4.98036e-01 -2.98517e-02  1.73049e+00 -5.99388e-02  2.37974e+00  2.64850e+00
 2.36000e+01  4.97832e-01 -2.98818e-02  1.72916e+00 -6.00239e-02  2.37755e+00  2.64826e+00
 2.37000e+01  4.97633e-01 -2.97540e-02  1.72841e+00 -5.97912e-02  2.37571e+00  2.64830e+00
 2.38000e+01  4.97440e-01 -2.96834e-02  1.72658e+00 -5.96725e-02  2.37282e+00  2.64724e+00
 2.39000e+01  4.97256e-01 -2.94872e-02  1.72535e+00 -5.92999e-02  2.37070e+00  2.64686e+00
 2.40000e+01  4.97086e-01 -2.92035e-02  1.72452e+00 -5.87494e-02  2.36842e+00  2.64618e+00
 2.41000e+01  4.96928e-01 -2.89658e-02  1.72310e+00 -5.82898e-02  2.36617e+00  2.64542e+00
 2.42000e+01  4.96784e-01 -2.85751e-02  1.72245e+00 -5.75202e-02  2.36362e+00  2.64421e+00
 2.43000e+01  4.96650e-01 -2.82123e-02  1.72109e+00 -5.68053e-02  2.36159e+00  2.64344e+00
 2.44000e+01  4.96528e-01 -2.78114e-02  1.71969e+00 -5.60118e-02  2.35815e+00  2.64112e+00
 2.45000e+01  4.96413e-01 -2.72037e-02  1.71963e+00 -5.48007e-02  2.35672e+00  2.64077e+00
 2.46000e+01  4.96300e-01 -2.66280e-02  1.71862e+00 -5.36530e-02  2.35560e+00  2.64071e+00
 2.47000e+01  4.96195e-01 -2.59835e-02  1.71751e+00 -5.23656e-02  2.35264e+00  2.63870e+00
 2.48000e+01  4.96092e-01 -2.51604e-02  1.71723e+00 -5.07173e-02  2.35190e+00  2.63894e+00
 2.49000e+01  4.95992e-01 -2.43498e-02  1.71642e+00 -4.90931e-02  2.35063e+00  2.63860e+00
 2.50000e+01  4.95898e-01 -2.34019e-02  1.71592e+00 -4.71909e-02  2.34934e+00  2.63819e+00
 2.51000e+01  4.95808e-01 -2.23738e-02  1.71577e+00 -4.51259e-02  2.34893e+00  2.63864e+00
 2.52000e+01  4.95724e-01 -2.13312e-02  1.71532e+00 -4.30303e-02  2.34792e+00  2.63840e+00
 2.53000e+01  4.95648e-01 -2.02277e-02  1.71490e+00 -4.08106e-02  2.34806e+00  2.63928e+00
 2.54000e+01  4.95584e-01 -1.91089e-02  1.71470e+00 -3.85583e-02  2.34717e+00  2.63898e+00
 2.55000e+01  4.95532e-01 -1.79445e-02  1.71454e+00 -3.62127e-02  2.34691e+00  2.63920e+00
 2.56000e+01  4.95494e-01 -1.68080e-02  1.71437e+00 -3.39218e-02  2.34657e+00  2.63923e+00
 2.57000e+01  4.95469e-01 -1.56218e-02  1.71443e+00 -3.15293e-02  2.34544e+00  2.63832e+00
 2.58000e+01  4.95451e-01 -1.44600e-02  1.71454e+00 -2.91856e-02  2.34785e+00  2.64094e+00
 2.59000e+01  4.95455e-01 -1.33096e-02  1.71471e+00 -2.68635e-02  2.34620e+00  2.63923e+00
 2.60000e+01  4.95468e-01 -1.21840e-02  1.71492e+00 -2.45908e-02  2.34593e+00  2.63882e+00
 2.61000e+01  4.95489e-01 -1.10829e-02  1.71517e+00 -2.23676e-02  2.34782e+00  2.64056e+00
 2.62000e+01  4.95524e-01 -9.98114e-03  1.71548e+00 -2.01426e-02  2.34647e+00  2.63884e+00
 2.63000e+01  4.95562e-01 -8.91760e-03  1.71590e+00 -1.79949e-02  2.34882e+00  2.64087e+00
 2.64000e+01  4.95613e-01 -7.76737e-03  1.71661e+00 -1.56722e-02  2.34939e+00  2.64096e+00
 2.65000e+01  4.95673e-01 -6.72693e-03  1.71716e+00 -1.35713e-02  2.35048e+00  2.64150e+00
 2.66000e+01  4.95742e-01 -5.70104e-03  1.71772e+00 -1.15000e-02  2.35183e+00  2.64221e+00
 2.67000e+01  4.95822e-01 -4.61170e-03  1.71856e+00 -9.30113e-03  2.35275e+00  2.64239e+00
 2.68000e+01  4.95908e-01 -3.53416e-03  1.71946e+00 -7.12665e-03  2.35590e+00  2.64477e+00
 2.69000e+01  4.96010e-01 -2.47043e-03  1.72040e+00 -4.98060e-03  2.35614e+00  2.64403e+00
 2.70000e+01  4.96118e-01 -1.46371e-03  1.72140e+00 -2.95033e-03  2.35871e+00  2.64561e+00
 2.71000e+01  4.96236e-01 -3.90982e-04  1.72249e+00 -7.87894e-04  2.36108e+00  2.64688e+00
 2.72000e+01  4.96367e-01  5.62516e-04  1.72365e+00  1.13327e-03  2.36223e+00  2.64680e+00
 2.73000e+01  4.96502e-01  1.47185e-03  1.72486e+00  2.96443e-03  2.36563e+00  2.64895e+00
 2.74000e+01  4.96649e-01  2.44771e-03  1.72610e+00  4.92844e-03  2.36773e+00  2.64967e+00
 2.75000e+01  4.96806e-01  3.24106e-03  1.72751e+00  6.52379e-03  2.36906e+00  2.64951e+00
 2.76000e+01  4.96963e-01  4.02311e-03  1.72892e+00  8.09539e-03  2.37265e+00  2.65164e+00
 2.77000e+01  4.97127e-01  4.79078e-03  1.73032e+00  9.63694e-03  2.37621e+00  2.65367e+00
 2.78000e+01  4.97301e-01  5.42329e-03  1.73190e+00  1.09054e-02  2.37840e+00  2.65421e+00
 2.79000e+01  4.97481e-01  6.07439e-03  1.73350e+00  1.22103e-02  2.38154e+00  2.65565e+00
 2.80000e+01  4.97667e-01  6.62401e-03  1.73513e+00  1.33101e-02  2.38347e+00  2.65581e+00
 2.81000e+01  4.97851e-01  7.16099e-03  1.73672e+00  1.43838e-02  2.38838e+00  2.65900e+00
 2.82000e+01  4.98044e-01  7.61278e-03  1.73848e+00  1.52854e-02  2.39133e+00  2.66011e+00
 2.83000e+01  4.98243e-01  7.98466e-03  1.74025e+00  1.60257e-02  2.39303e+00  2.65991e+00
 2.84000e+01  4.98437e-01  8.38594e-03  1.74189e+00  1.68245e-02  2.39890e+00  2.66394e+00
 2.85000e+01  4.98642e-01  8.59125e-03  1.74386e+00  1.72293e-02  2.40052e+00  2.66359e+00
 2.86000e+01  4.98845e-01  8.84914e-03  1.74564e+00  1.77393e-02  2.40464e+00  2.66577e+00
 2.87000e+01  4.99050e-01  9.00510e-03  1.74750e+00  1.80445e-02  2.40871e+00  2.66788e+00
 2.88000e+01  4.99260e-01  9.07442e-03  1.74944e+00  1.81757e-02  2.41127e+00  2.66842e+00
 2.89000e+01  4.99467e-01  9.19456e-03  1.75112e+00  1.84087e-02  2.41626e+00  2.67142e+00
 2.90000e+01  4.99680e-01  9.10942e-03  1.75319e+00  1.82305e-02  2.41899e+00  2.67209e+00
 2.91000e+01  4.99893e-01  9.02736e-03  1.75519e+00  1.80586e-02  2.42411e+00  2.67515e+00
 2.92000e+01  5.00113e-01  8.90382e-03  1.75710e+00  1.78036e-02  2.42691e+00  2.67582e+00
 2.93000e+01  5.00333e-01  8.68245e-03  1.75917e+00  1.73533e-02  2.43047e+00  2.67724e+00
 2.94000e+01  5.00552e-01  8.45316e-03  1.76119e+00  1.68877e-02  2.43543e+00  2.68006e+00
 2.95000e+01  5.00774e-01  8.16032e-03  1.76330e+00  1.62954e-02  2.43825e+00  2.68071e+00
 2.96000e+01  5.00994e-01  7.87452e-03  1.76522e+00  1.57178e-02  2.44264e+00  2.68294e+00
 2.97000e+01  5.01213e-01  7.60780e-03  1.76706e+00  1.51788e-02  2.44418e+00  2.68235e+00
 2.98000e+01  5.01419e-01  7.19683e-03  1.76911e+00  1.43529e-02  2.44899e+00  2.68512e+00
 2.99000e+01  5.01618e-01  6.79568e-03  1.77101e+00  1.35475e-02  2.45249e+00  2.68667e+00
 3.00000e+01  5.01808e-01  6.41599e-03  1.77270e+00  1.27858e-02  2.45514e+00  2.68745e+00
 3.01000e+01  5.01984e-01  5.94149e-03  1.77442e+00  1.18360e-02  2.46018e+00  2.69072e+00
 3.02000e+01  5.02158e-01  5.47097e-03  1.77620e+00  1.08949e-02  2.46084e+00  2.68969e+00
 3.03000e+01  5.02313e-01  4.96894e-03  1.77776e+00  9.89213e-03  2.46581e+00  2.69310e+00
 3.04000e+01  5.02461e-01  4.57951e-03  1.77911e+00  9.11416e-03  2.46883e+00  2.69464e+00
 3.05000e+01  5.02603e-01  4.14338e-03  1.78051e+00  8.24384e-03  2.47088e+00  2.69528e+00
 3.06000e+01  5.02736e-01  3.70511e-03  1.78189e+00  7.36989e-03  2.47524e+00  2.69829e+00
 3.07000e+01  5.02871e-01  3.36608e-03  1.78320e+00  6.69373e-03  2.47658e+00  2.69829e+00
 3.08000e+01  5.02999e-01  3.03958e-03  1.78443e+00  6.04290e-03  2.48026e+00  2.70067e+00
 3.09000e+01  5.03130e-01  2.81192e-03  1.78566e+00  5.58886e-03  2.48212e+00  2.70123e+00
 3.10000e+01  5.03259e-01  2.55637e-03  1.78690e+00  5.07963e-03  2.48417e+00  2.70199e+00
 3.11000e+01  5.03384e-01  2.35101e-03  1.78812e+00  4.67041e-03  2.48731e+00  2.70386e+00
 3.12000e+01  5.03510e-01  2.15435e-03  1.78935e+00  4.27867e-03  2.48914e+00  2.70443e+00
 3.13000e+01  5.03633e-01  1.98514e-03  1.79054e+00  3.94164e-03  2.49155e+00  2.70559e+00
 3.14000e+01  5.03755e-01  1.85476e-03  1.79172e+00  3.68188e-03  2.49348e+00  2.70629e+00
 3.15000e+01  5.03872e-01  1.65925e-03  1.79291e+00  3.29300e-03  2.49566e+00  2.70729e+00
 3.16000e+01  5.03984e-01  1.48021e-03  1.79406e+00  2.93703e-03  2.49778e+00  2.70827e+00
 3.17000e+01  5.04092e-01  1.30172e-03  1.79516e+00  2.58232e-03  2.50053e+00  2.70992e+00
 3.18000e+01  5.04197e-01  1.08576e-03  1.79628e+00  2.15344e-03  2.50218e+00  2.71050e+00
 3.19000e+01  5.04298e-01  8.45892e-04  1.79737e+00  1.67736e-03  2.50389e+00  2.71119e+00
 3.20000e+01  5.04393e-01  6.54122e-04  1.79837e+00  1.29685e-03  2.50545e+00  2.71179e+00
 3.21000e+01  5.04479e-01  4.64231e-04  1.79930e+00  9.20218e-04  2.50578e+00  2.71126e+00
 3.22000e+01  5.04549e-01  2.57903e-04  1.80007e+00  5.11155e-04  2.50831e+00  2.71306e+00
 3.23000e+01  5.04607e-01  1.06712e-04  1.80072e+00  2.11474e-04  2.50977e+00  2.71392e+00
 3.24000e+01  5.04657e-01 -1.73986e-05  1.80129e+00 -3.44760e-05  2.51098e+00  2.71462e+00
 3.25000e+01  5.04698e-01 -1.85688e-04  1.80178e+00 -3.67918e-04  2.51248e+00  2.71568e+00
 3.26000e+01  5.04735e-01 -3.39186e-04  1.80222e+00 -6.72008e-04  2.51256e+00  2.71539e+00
 3.27000e+01  5.04762e-01 -5.12135e-04  1.80257e+00 -1.01461e-03  2.51379e+00  2.71633e+00
 3.28000e+01  5.04784e-01 -6.58385e-04  1.80289e+00 -1.30429e-03  2.51480e+00  2.71711e+00
 3.29000e+01  5.04803e-01 -7.69153e-04  1.80320e+00 -1.52367e-03  2.51529e+00  2.71740e+00
 3.30000e+01  5.04819e-01 -9.62845e-04  1.80348e+00 -1.90731e-03  2.51523e+00  2.71719e+00
 3.31000e+01  5.04829e-01 -1.14015e-03  1.80371e+00 -2.25849e-03  2.51566e+00  2.71751e+00
 3.32000e+01  5.04833e-01 -1.35475e-03  1.80390e+00 -2.68357e-03  2.51650e+00  2.71830e+00
 3.33000e+01  5.04834e-01 -1.53188e-03  1.80409e+00 -3.03442e-03  2.51655e+00  2.71833e+00
 3.34000e+01  5.04831e-01 -1.74739e-03  1.80422e+00 -3.46134e-03  2.51706e+00  2.71886e+00
 3.35000e+01  5.04827e-01 -1.99377e-03  1.80430e+00 -3.94941e-03  2.51635e+00  2.71821e+00
 3.36000e+01  5.04816e-01 -2.12226e-03  1.80438e+00 -4.20403e-03  2.51742e+00  2.71937e+00
 3.37000e+01  5.04804e-01 -2.24137e-03  1.80444e+00 -4.44007e-03  2.51821e+00  2.72025e+00
 3.38000e+01  5.04797e-01 -2.31861e-03  1.80450e+00 -4.59316e-03  2.51714e+00  2.71928e+00
 3.39000e+01  5.04788e-01 -2.34865e-03  1.80456e+00 -4.65275e-03  2.51825e+00  2.72046e+00
 3.40000e+01  5.04782e-01 -2.34718e-03  1.80463e+00 -4.64988e-03  2.51781e+00  2.72008e+00
 3.41000e+01  5.04778e-01 -2.41703e-03  1.80461e+00 -4.78831e-03  2.51845e+00  2.72076e+00
 3.42000e+01  5.04779e-01 -2.41614e-03  1.80466e+00 -4.78653e-03  2.51844e+00  2.72073e+00
 3.43000e+01  5.04784e-01 -2.36411e-03  1.80478e+00 -4.68340e-03  2.51753e+00  2.71979e+00
 3.44000e+01  5.04788e-01 -2.36687e-03  1.80484e+00 -4.68884e-03  2.51835e+00  2.72055e+00
 3.45000e+01  5.04794e-01 -2.30502e-03  1.80494e+00 -4.56626e-03  2.51800e+00  2.72015e+00
 3.46000e+01  5.04800e-01 -2.28148e-03  1.80503e+00 -4.51958e-03  2.51842e+00  2.72050e+00
 3.47000e+01  5.04806e-01 -2.27123e-03  1.80511e+00 -4.49921e-03  2.51813e+00  2.72016e+00
 3.48000e+01  5.04811e-01 -2.22540e-03  1.80524e+00 -4.40838e-03  2.51843e+00  2.72040e+00
 3.49000e+01  5.04814e-01 -2.18813e-03  1.80537e+00 -4.33452e-03  2.51725e+00  2.71922e+00
 3.50000e+01  5.04809e-01 -2.25295e-03  1.80536e+00 -4.46298e-03  2.51713e+00  2.71915e+00
 3.51000e+01  5.04793e-01 -2.28846e-03  1.80531e+00 -4.53345e-03  2.51845e+00  2.72059e+00
 3.52000e+01  5.04777e-01 -2.30674e-03  1.80529e+00 -4.56981e-03  2.51654e+00  2.71889e+00
 3.53000e+01  5.04749e-01 -2.39056e-03  1.80514e+00 -4.73613e-03  2.51730e+00  2.71991e+00
 3.54000e+01  5.04717e-01 -2.46288e-03  1.80492e+00 -4.87972e-03  2.51675e+00  2.71969e+00
 3.55000e+01  5.04679e-01 -2.56471e-03  1.80466e+00 -5.08186e-03  2.51504e+00  2.71838e+00
 3.56000e+01  5.04630e-01 -2.58021e-03  1.80434e+00 -5.11308e-03  2.51508e+00  2.71891e+00
 3.57000e+01  5.04573e-01 -2.60965e-03  1.80394e+00 -5.17199e-03  2.51432e+00  2.71872e+00
 3.58000e+01  5.04509e-01 -2.63046e-03  1.80350e+00 -5.21390e-03  2.51398e+00  2.71901e+00
 3.59000e+01  5.04443e-01 -2.65410e-03  1.80300e+00 -5.26144e-03  2.51292e+00  2.71864e+00
 3.60000e+01  5.04373e-01 -2.78865e-03  1.80241e+00 -5.52894e-03  2.51179e+00  2.71821e+00
 3.61000e+01  5.04302e-01 -2.84929e-03  1.80185e+00 -5.64997e-03  2.51106e+00  2.71821e+00
 3.62000e+01  5.04230e-01 -2.93469e-03  1.80132e+00 -5.82015e-03  2.51005e+00  2.71792e+00
 3.63000e+01  5.04159e-01 -3.03991e-03  1.80079e+00 -6.02966e-03  2.50784e+00  2.71644e+00
 3.64000e+01  5.04083e-01 -3.12660e-03  1.80027e+00 -6.20254e-03  2.50650e+00  2.71588e+00
 3.65000e+01  5.04000e-01 -3.29848e-03  1.79967e+00 -6.54460e-03  2.50564e+00  2.71585e+00
 3.66000e+01  5.03914e-01 -3.48009e-03  1.79905e+00 -6.90612e-03  2.50374e+00  2.71483e+00
 3.67000e+01  5.03820e-01 -3.72052e-03  1.79836e+00 -7.38463e-03  2.50299e+00  2.71502e+00
 3.68000e+01  5.03723e-01 -3.98406e-03  1.79765e+00 -7.90923e-03  2.50064e+00  2.71366e+00
 3.69000e+01  5.03618e-01 -4.23538e-03  1.79687e+00 -8.40991e-03  2.49773e+00  2.71183e+00
 3.70000e+01  5.03498e-01 -4.50213e-03  1.79599e+00 -8.94170e-03  2.49640e+00  2.71170e+00
 3.71000e+01  5.03366e-01 -4.70834e-03  1.79501e+00 -9.35370e-03  2.49418e+00  2.71081e+00
 3.72000e+01  5.03222e-01 -4.97342e-03  1.79378e+00 -9.88316e-03  2.49205e+00  2.71012e+00
 3.73000e+01  5.03067e-01 -5.16209e-03  1.79250e+00 -1.02612e-02  2.48964e+00  2.70927e+00
 3.74000e+01  5.02903e-01 -5.24891e-03  1.79127e+00 -1.04372e-02  2.48800e+00  2.70927e+00
 3.75000e+01  5.02735e-01 -5.36420e-03  1.78993e+00 -1.06700e-02  2.48554e+00  2.70849e+00
 3.76000e+01  5.02566e-01 -5.43042e-03  1.78854e+00 -1.08054e-02  2.48160e+00  2.70625e+00
 3.77000e+01  5.02389e-01 -5.51886e-03  1.78708e+00 -1.09852e-02  2.48051e+00  2.70691e+00
 3.78000e+01  5.02215e-01 -5.57465e-03  1.78569e+00 -1.11001e-02  2.47592e+00  2.70408e+00
 3.79000e+01  5.02034e-01 -5.62745e-03  1.78429e+00 -1.12093e-02  2.47223e+00  2.70219e+00
 3.80000e+01  5.01841e-01 -5.71030e-03  1.78273e+00 -1.13787e-02  2.47044e+00  2.70231e+00
 3.81000e+01  5.01646e-01 -5.79621e-03  1.78121e+00 -1.15544e-02  2.46487e+00  2.69869e+00
 3.82000e+01  5.01433e-01 -5.85312e-03  1.77969e+00 -1.16728e-02  2.46250e+00  2.69842e+00
 3.83000e+01  5.01208e-01 -5.95729e-03  1.77801e+00 -1.18858e-02  2.45794e+00  2.69609e+00
 3.84000e+01  5.00965e-01 -6.12772e-03  1.77609e+00 -1.22318e-02  2.45377e+00  2.69431e+00
 3.85000e+01  5.00703e-01 -6.27577e-03  1.77407e+00 -1.25339e-02  2.45064e+00  2.69376e+00
 3.86000e+01  5.00428e-01 -6.45245e-03  1.77200e+00 -1.28939e-02  2.44480e+00  2.69062e+00
 3.87000e+01  5.00131e-01 -6.60838e-03  1.76973e+00 -1.32133e-02  2.44155e+00  2.69027e+00
 3.88000e+01  4.99821e-01 -6.83111e-03  1.76724e+00 -1.36671e-02  2.43611e+00  2.68785e+00
 3.89000e+01  4.99496e-01 -7.02326e-03  1.76468e+00 -1.40607e-02  2.43067e+00  2.68558e+00
 3.90000e+01  4.99154e-01 -7.21230e-03  1.76200e+00 -1.44491e-02  2.42698e+00  2.68520e+00
 3.91000e+01  4.98807e-01 -7.45283e-03  1.75916e+00 -1.49413e-02  2.42149e+00  2.68307e+00
 3.92000e+01  4.98457e-01 -7.66331e-03  1.75626e+00 -1.53741e-02  2.41470e+00  2.67965e+00
 3.93000e+01  4.98097e-01 -7.89214e-03  1.75330e+00 -1.58446e-02  2.41023e+00  2.67864e+00
 3.94000e+01  4.97737e-01 -8.04558e-03  1.75041e+00 -1.61643e-02  2.40512e+00  2.67699e+00
 3.95000e+01  4.97380e-01 -8.21628e-03  1.74757e+00 -1.65191e-02  2.39814e+00  2.67339e+00
 3.96000e+01  4.97020e-01 -8.33632e-03  1.74476e+00 -1.67726e-02  2.39394e+00  2.67264e+00
 3.97000e+01  4.96667e-01 -8.49234e-03  1.74183e+00 -1.70987e-02  2.38735e+00  2.66939e+00
 3.98000e+01  4.96314e-01 -8.65596e-03  1.73895e+00 -1.74405e-02  2.38167e+00  2.66703e+00
 3.99000e+01  4.95964e-01 -8.70364e-03  1.73632e+00 -1.75489e-02  2.37724e+00  2.66592e+00
 4.00000e+01  4.95622e-01 -8.83245e-03  1.73353e+00 -1.78209e-02  2.37067e+00  2.66253e+00
 4.01000e+01  4.95281e-01 -8.89684e-03  1.73077e+00 -1.79632e-02  2.36597e+00  2.66103e+00
 4.02000e+01  4.94948e-01 -8.89683e-03  1.72823e+00 -1.79753e-02  2.36077e+00  2.65894e+00
 4.03000e+01  4.94621e-01 -8.88582e-03  1.72563e+00 -1.79649e-02  2.35458e+00  2.65576e+00
 4.04000e+01  4.94296e-01 -8.81048e-03  1.72311e+00 -1.78243e-02  2.34994e+00  2.65414e+00
 4.05000e+01  4.93974e-01 -8.68934e-03  1.72066e+00 -1.75907e-02  2.34556e+00  2.65275e+00
 4.06000e+01  4.93659e-01 -8.57966e-03  1.71811e+00 -1.73797e-02  2.34090e+00  2.65100e+00
 4.07000e+01  4.93355e-01 -8.44578e-03  1.71562e+00 -1.71191e-02  2.33575e+00  2.64863e+00
 4.08000e+01  4.93059e-01 -8.27383e-03  1.71320e+00 -1.67806e-02  2.33062e+00  2.64620e+00
 4.09000e+01  4.92769e-01 -8.11213e-03  1.71078e+00 -1.64623e-02  2.32738e+00  2.64564e+00
 4.10000e+01  4.92495e-01 -7.87472e-03  1.70854e+00 -1.59894e-02  2.32245e+00  2.64317e+00
 4.11000e+01  4.92234e-01 -7.63867e-03  1.70640e+00 -1.55184e-02  2.31870e+00  2.64181e+00
 4.12000e+01  4.91988e-01 -7.35323e-03  1.70441e+00 -1.49460e-02  2.31657e+00  2.64196e+00
 4.13000e+01  4.91768e-01 -7.05244e-03  1.70262e+00 -1.43410e-02  2.31290e+00  2.64027e+00
 4.14000e+01  4.91574e-01 -6.74382e-03  1.70111e+00 -1.37188e-02  2.31102e+00  2.64017e+00
 4.15000e+01  4.91412e-01 -6.35473e-03  1.69995e+00 -1.29316e-02  2.30848e+00  2.63909e+00
 4.16000e+01  4.91282e-01 -6.06005e-03  1.69888e+00 -1.23352e-02  2.30614e+00  2.63791e+00
 4.17000e+01  4.91182e-01 -5.70090e-03  1.69818e+00 -1.16065e-02  2.30514e+00  2.63783e+00
 4.18000e+01  4.91116e-01 -5.29726e-03  1.69781e+00 -1.07862e-02  2.30394e+00  2.63722e+00
 4.19000e+01  4.91079e-01 -4.98799e-03  1.69755e+00 -1.01572e-02  2.30382e+00  2.63744e+00
 4.20000e+01  4.91076e-01 -4.56224e-03  1.69769e+00 -9.29029e-03  2.30400e+00  2.63765e+00
 4.21000e+01  4.91107e-01 -4.17410e-03  1.69808e+00 -8.49937e-03  2.30332e+00  2.63666e+00
 4.22000e+01  4.91162e-01 -3.80546e-03  1.69864e+00 -7.74787e-03  2.30420e+00  2.63705e+00
 4.23000e+01  4.91241e-01 -3.40363e-03  1.69938e+00 -6.92863e-03  2.30607e+00  2.63822e+00
 4.24000e+01  4.91348e-01 -3.10824e-03  1.70027e+00 -6.32595e-03  2.30724e+00  2.63843e+00
 4.25000e+01  4.91477e-01 -2.70544e-03  1.70143e+00 -5.50470e-03  2.30854e+00  2.63853e+00
 4.26000e+01  4.91625e-01 -2.34875e-03  1.70271e+00 -4.77753e-03  2.31153e+00  2.64022e+00
 4.27000e+01  4.91793e-01 -1.99396e-03  1.70416e+00 -4.05447e-03  2.31469e+00  2.64188e+00
 4.28000e+01  4.91985e-01 -1.64108e-03  1.70578e+00 -3.33564e-03  2.31590e+00  2.64129e+00
 4.29000e+01  4.92188e-01 -1.37853e-03  1.70750e+00 -2.80082e-03  2.32003e+00  2.64361e+00
 4.30000e+01  4.92408e-01 -1.00204e-03  1.70938e+00 -2.03499e-03  2.32379e+00  2.64540e+00
 4.31000e+01  4.92644e-01 -7.78564e-04  1.71139e+00 -1.58038e-03  2.32746e+00  2.64691e+00
 4.32000e+01  4.92895e-01 -5.40516e-04  1.71353e+00 -1.09662e-03  2.33155e+00  2.64872e+00
 4.33000e+01  4.93161e-01 -3.08521e-04  1.71581e+00 -6.25599e-04  2.33558e+00  2.65031e+00
 4.34000e+01  4.93440e-01 -2.08601e-04  1.71818e+00 -4.22750e-04  2.34098e+00  2.65318e+00
 4.35000e+01  4.93735e-01 -9.04514e-07  1.72069e+00 -1.83198e-06  2.34440e+00  2.65385e+00
 4.36000e+01  4.94039e-01  1.59885e-04  1.72325e+00  3.23628e-04  2.35069e+00  2.65738e+00
 4.37000e+01  4.94359e-01  3.14711e-04  1.72591e+00  6.36604e-04  2.35441e+00  2.65811e+00
 4.38000e+01  4.94685e-01  4.68680e-04  1.72860e+00  9.47432e-04  2.35910e+00  2.65977e+00
 4.39000e+01  4.95013e-01  6.60619e-04  1.73127e+00  1.33455e-03  2.36508e+00  2.66271e+00
 4.40000e+01  4.95348e-01  8.17920e-04  1.73396e+00  1.65120e-03  2.36889e+00  2.66336e+00
 4.41000e+01  4.95680e-01  8.93372e-04  1.73662e+00  1.80232e-03  2.37647e+00  2.66788e+00
 4.42000e+01  4.96022e-01  1.02796e-03  1.73933e+00  2.07241e-03  2.38057e+00  2.66873e+00
 4.43000e+01  4.96367e-01  1.11483e-03  1.74203e+00  2.24597e-03  2.38632e+00  2.67124e+00
 4.44000e+01  4.96715e-01  1.20331e-03  1.74477e+00  2.42254e-03  2.39248e+00  2.67412e+00
 4.45000e+01  4.97070e-01  1.24750e-03  1.74758e+00  2.50970e-03  2.39649e+00  2.67473e+00
 4.46000e+01  4.97423e-01  1.29143e-03  1.75037e+00  2.59624e-03  2.40220e+00  2.67709e+00
 4.47000e+01  4.97772e-01  1.31777e-03  1.75316e+00  2.64734e-03  2.40722e+00  2.67876e+00
 4.48000e+01  4.98116e-01  1.31375e-03  1.75591e+00  2.63745e-03  2.41266e+00  2.68091e+00
 4.49000e+01  4.98451e-01  1.33045e-03  1.75861e+00  2.66917e-03  2.41789e+00  2.68292e+00
 4.50000e+01  4.98778e-01  1.25186e-03  1.76129e+00  2.50986e-03  2.42404e+00  2.68591e+00
 4.51000e+01  4.99101e-01  1.19453e-03  1.76395e+00  2.39337e-03  2.42861e+00  2.68736e+00
 4.52000e+01  4.99414e-01  1.13918e-03  1.76653e+00  2.28103e-03  2.43373e+00  2.68944e+00
 4.53000e+01  4.99717e-01  1.11950e-03  1.76903e+00  2.24027e-03  2.43979e+00  2.69255e+00
 4.54000e+01  5.00017e-01  1.09842e-03  1.77151e+00  2.19676e-03  2.44381e+00  2.69364e+00
 4.55000e+01  5.00306e-01  1.06516e-03  1.77391e+00  2.12902e-03  2.44863e+00  2.69563e+00
 4.56000e+01  5.00586e-01  1.08184e-03  1.77622e+00  2.16114e-03  2.45284e+00  2.69710e+00
 4.57000e+01  5.00853e-01  1.02404e-03  1.77844e+00  2.04460e-03  2.45713e+00  2.69876e+00
 4.58000e+01  5.01105e-01  1.02340e-03  1.78053e+00  2.04229e-03  2.46201e+00  2.70115e+00
 4.59000e+01  5.01347e-01  1.01768e-03  1.78254e+00  2.02989e-03  2.46512e+00  2.70187e+00
 4.60000e+01  5.01573e-01  9.77062e-04  1.78444e+00  1.94800e-03  2.46881e+00  2.70332e+00
 4.61000e+01  5.01782e-01  9.41702e-04  1.78622e+00  1.87672e-03  2.47277e+00  2.70520e+00
 4.62000e+01  5.01976e-01  8.93120e-04  1.78790e+00  1.77921e-03  2.47572e+00  2.70622e+00
 4.63000e+01  5.02153e-01  8.92431e-04  1.78944e+00  1.77721e-03  2.47947e+00  2.70821e+00
 4.64000e+01  5.02316e-01  8.21488e-04  1.79092e+00  1.63540e-03  2.48226e+00  2.70936e+00
 4.65000e+01  5.02464e-01  6.80775e-04  1.79233e+00  1.35487e-03  2.48440e+00  2.71003e+00
 4.66000e+01  5.02595e-01  5.40865e-04  1.79362e+00  1.07614e-03  2.48820e+00  2.71250e+00
 4.67000e+01  5.02715e-01  4.16413e-04  1.79484e+00  8.28328e-04  2.49187e+00  2.71494e+00
 4.68000e+01  5.02833e-01  2.79445e-04  1.79607e+00  5.55741e-04  2.49284e+00  2.71474e+00
 4.69000e+01  5.02941e-01  1.78133e-04  1.79723e+00  3.54184e-04  2.49401e+00  2.71484e+00
 4.70000e+01  5.03032e-01  4.67052e-05  1.79827e+00  9.28474e-05  2.49680e+00  2.71670e+00
 4.71000e+01  5.03111e-01 -8.25575e-05  1.79922e+00 -1.64094e-04  2.49924e+00  2.71832e+00
 4.72000e+01  5.03184e-01 -1.94803e-04  1.80010e+00 -3.87141e-04  2.50153e+00  2.71987e+00
 4.73000e+01  5.03253e-01 -3.48131e-04  1.80093e+00 -6.91762e-04  2.50289e+00  2.72052e+00
 4.74000e+01  5.03318e-01 -3.61391e-04  1.80171e+00 -7.18017e-04  2.50425e+00  2.72122e+00
 4.75000e+01  5.03378e-01 -4.00418e-04  1.80241e+00 -7.95462e-04  2.50538e+00  2.72174e+00
 4.76000e+01  5.03433e-01 -4.50762e-04  1.80301e+00 -8.95377e-04  2.50669e+00  2.72249e+00
 4.77000e+01  5.03484e-01 -4.70171e-04  1.80353e+00 -9.33836e-04  2.50820e+00  2.72348e+00
 4.78000e+01  5.03532e-01 -4.82388e-04  1.80400e+00 -9.58008e-04  2.50892e+00  2.72370e+00
 4.79000e+01  5.03579e-01 -4.18132e-04  1.80441e+00 -8.30322e-04  2.51009e+00  2.72441e+00
 4.80000e+01  5.03624e-01 -4.53342e-04  1.80477e+00 -9.00158e-04  2.51062e+00  2.72447e+00
 4.81000e+01  5.03668e-01 -4.08607e-04  1.80510e+00 -8.11263e-04  2.51173e+00  2.72513e+00
 4.82000e+01  5.03712e-01 -3.83055e-04  1.80542e+00 -7.60463e-04  2.51290e+00  2.72585e+00
 4.83000e+01  5.03760e-01 -3.69603e-04  1.80577e+00 -7.33688e-04  2.51191e+00  2.72440e+00
 4.84000e+01  5.03800e-01 -2.16910e-04  1.80608e+00 -4.30547e-04  2.51370e+00  2.72576e+00
 4.85000e+01  5.03841e-01 -2.06050e-04  1.80639e+00 -4.08960e-04  2.51583e+00  2.72746e+00
 4.86000e+01  5.03889e-01 -1.55947e-04  1.80680e+00 -3.09486e-04  2.51442e+00  2.72559e+00
 4.87000e+01  5.03933e-01 -7.98388e-05  1.80719e+00 -1.58431e-04  2.51546e+00  2.72618e+00
 4.88000e+01  5.03974e-01 -1.01251e-04  1.80758e+00 -2.00905e-04  2.51574e+00  2.72606e+00
 4.89000e+01  5.04008e-01 -8.15604e-05  1.80795e+00 -1.61824e-04  2.51535e+00  2.72533e+00
 4.90000e+01  5.04029e-01 -3.13790e-05  1.80824e+00 -6.22562e-05  2.51690e+00  2.72664e+00
 4.91000e+01  5.04044e-01 -5.88914e-06  1.80849e+00 -1.16838e-05  2.51764e+00  2.72722e+00
 4.92000e+01  5.04055e-01 -4.22599e-07  1.80871e+00 -8.38399e-07  2.51774e+00  2.72721e+00
 4.93000e+01  5.04059e-01  5.48053e-05  1.80888e+00  1.08728e-04  2.51794e+00  2.72737e+00
 4.94000e+01  5.04057e-01  3.97928e-05  1.80900e+00  7.89452e-05  2.51884e+00  2.72828e+00
 4.95000e+01  5.04052e-01  5.01099e-05  1.80908e+00  9.94141e-05  2.51792e+00  2.72742e+00
 4.96000e+01  5.04040e-01  5.15186e-05  1.80908e+00  1.02211e-04  2.51958e+00  2.72918e+00
 4.97000e+01  5.04030e-01 -6.37982e-06  1.80908e+00 -1.26576e-05  2.52025e+00  2.72994e+00
 4.98000e+01  5.04026e-01  4.91096e-05  1.80910e+00  9.74346e-05  2.51911e+00  2.72885e+00
 4.99000e+01  5.04022e-01  2.66223e-05  1.80911e+00  5.28196e-05  2.51973e+00  2.72950e+00
 5.00000e+01  5.04022e-01  1.10760e-13  1.80912e+00  2.19753e-13  2.51922e+00  2.72900e+00
 5.01000e+01  5.04022e-01 -2.66223e-05  1.80911e+00 -5.28196e-05  2.51973e+00  2.72950e+00
 5.02000e+01  5.04026e-01 -4.91096e-05  1.80910e+00 -9.74346e-05  2.51911e+00  2.72885e+00
 5.03000e+01  5.04030e-01  6.37982e-06  1.80908e+00  1.26576e-05  2.52025e+00  2.72994e+00
 5.04000e+01  5.04040e-01 -5.15186e-05  1.80908e+00 -1.02211e-04  2.51958e+00  2.72918e+00
 5.05000e+01  5.04052e-01 -5.01099e-05  1.80908e+00 -9.94141e-05  2.51792e+00  2.72742e+00
 5.06000e+01  5.04057e-01 -3.97928e-05  1.80900e+00 -7.89452e-05  2.51884e+00  2.72828e+00
 5.07000e+01  5.04059e-01 -5.48053e-05  1.80888e+00 -1.08728e-04  2.51794e+00  2.72737e+00
 5.08000e+01  5.04055e-01  4.22599e-07  1.80871e+00  8.38399e-07  2.51774e+00  2.72721e+00
 5.09000e+01  5.04044e-01  5.88914e-06  1.80849e+00  1.16838e-05  2.51764e+00  2.72722e+00
 5.10000e+01  5.04029e-01  3.13790e-05  1.80824e+00  6.22562e-05  2.51690e+00  2.72664e+00
 5.11000e+01  5.04008e-01  8.15604e-05  1.80795e+00  1.61824e-04  2.51535e+00  2.72533e+00
 5.12000e+01  5.03974e-01  1.01251e-04  1.80758e+00  2.00905e-04  2.51574e+00  2.72606e+00
 5.13000e+01  5.03933e-01  7.98388e-05  1.80719e+00  1.58431e-04  2.51546e+00  2.72618e+00
 5.14000e+01  5.03889e-01  1.55947e-04  1.80680e+00  3.09486e-04  2.51442e+00  2.72559e+00
 5.15000e+01  5.03841e-01  2.06050e-04  1.80639e+00  4.08960e-04  2.51583e+00  2.72746e+00
 5.16000e+01  5.03800e-01  2.16910e-04  1.80608e+00  4.30547e-04  2.51370e+00  2.72576e+00
 5.17000e+01  5.03760e-01  3.69603e-04  1.80577e+00  7.33688e-04  2.51191e+00  2.72440e+00
 5.18000e+01  5.03712e-01  3.83055e-04  1.80542e+00  7.60463e-04  2.51290e+00  2.72585e+00
 5.19000e+01  5.03668e-01  4.08607e-04  1.80510e+00  8.11263e-04  2.51173e+00  2.72513e+00
 5.20000e+01  5.03624e-01  4.53342e-04  1.80477e+00  9.00158e-04  2.51062e+00  2.72447e+00
 5.21000e+01  5.03579e-01  4.18132e-04  1.80441e+00  8.30322e-04  2.51009e+00  2.72441e+00
 5.22000e+01  5.03532e-01  4.82388e-04  1.80400e+00  9.58008e-04  2.50892e+00  2.72370e+00
 5.23000e+01  5.03484e-01  4.70171e-04  1.80353e+00  9.33836e-04  2.50820e+00  2.72348e+00
 5.24000e+01  5.03433e-01  4.50762e-04  1.80301e+00  8.95377e-04  2.50669e+00  2.72249e+00
 5.25000e+01  5.03378e-01  4.00418e-04  1.80241e+00  7.95462e-04  2.50538e+00  2.72174e+00
 5.26000e+01  5.03318e-01  3.61391e-04  1.80171e+00  7.18017e-04  2.50425e+00  2.72122e+00
 5.27000e+01  5.03253e-01  3.48131e-04  1.80093e+00  6.91762e-04  2.50289e+00  2.72052e+00
 5.28000e+01  5.03184e-01  1.94803e-04  1.80010e+00  3.87141e-04  2.50153e+00  2.71987e+00
 5.29000e+01  5.03111e-01  8.25576e-05  1.79922e+00  1.64094e-04  2.49924e+00  2.71832e+00
 5.30000e+01  5.03032e-01 -4.67052e-05  1.79827e+00 -9.28474e-05  2.49680e+00  2.71670e+00
 5.31000e+01  5.02941e-01 -1.78133e-04  1.79723e+00 -3.54184e-04  2.49401e+00  2.71484e+00
 5.32000e+01  5.02833e-01 -2.79445e-04  1.79607e+00 -5.55741e-04  2.49284e+00  2.71474e+00
 5.33000e+01  5.02715e-01 -4.16413e-04  1.79484e+00 -8.28328e-04  2.49187e+00  2.71494e+00
 5.34000e+01  5.02595e-01 -5.40865e-04  1.79362e+00 -1.07614e-03  2.48820e+00  2.71250e+00
 5.35000e+01  5.02464e-01 -6.80775e-04  1.79233e+00 -1.35487e-03  2.48440e+00  2.71003e+00
 5.36000e+01  5.02316e-01 -8.21488e-04  1.79092e+00 -1.63540e-03  2.48226e+00  2.70936e+00
 5.37000e+01  5.02153e-01 -8.92431e-04  1.78944e+00 -1.77721e-03  2.47947e+00  2.70821e+00
 5.38000e+01  5.01976e-01 -8.93120e-04  1.78790e+00 -1.77921e-03  2.47572e+00  2.70622e+00
 5.39000e+01  5.01782e-01 -9.41702e-04  1.78622e+00 -1.87672e-03  2.47277e+00  2.70520e+00
 5.40000e+01  5.01573e-01 -9.77062e-04  1.78444e+00 -1.94800e-03  2.46881e+00  2.70332e+00
 5.41000e+01  5.01347e-01 -1.01768e-03  1.78254e+00 -2.02989e-03  2.46512e+00  2.70187e+00
 5.42000e+01  5.01105e-01 -1.02340e-03  1.78053e+00 -2.04229e-03  2.46201e+00  2.70115e+00
 5.43000e+01  5.00853e-01 -1.02404e-03  1.77844e+00 -2.04460e-03  2.45713e+00  2.69876e+00
 5.44000e+01  5.00586e-01 -1.08184e-03  1.77622e+00 -2.16114e-03  2.45284e+00  2.69710e+00
 5.45000e+01  5.00306e-01 -1.06516e-03  1.77391e+00 -2.12902e-03  2.44863e+00  2.69563e+00
 5.46000e+01  5.00017e-01 -1.09842e-03  1.77151e+00 -2.19676e-03  2.44381e+00  2.69364e+00
 5.47000e+01  4.99717e-01 -1.11950e-03  1.76903e+00 -2.24027e-03  2.43979e+00  2.69255e+00
 5.48000e+01  4.99414e-01 -1.13918e-03  1.76653e+00 -2.28103e-03  2.43373e+00  2.68944e+00
 5.49000e+01  4.99101e-01 -1.19453e-03  1.76395e+00 -2.39337e-03  2.42861e+00  2.68736e+00
 5.50000e+01  4.98778e-01 -1.25186e-03  1.76129e+00 -2.50986e-03  2.42404e+00  2.68591e+00
 5.51000e+01  4.98451e-01 -1.33045e-03  1.75861e+00 -2.66917e-03  2.41789e+00  2.68292e+00
 5.52000e+01  4.98116e-01 -1.31375e-03  1.75591e+00 -2.63745e-03  2.41266e+00  2.68091e+00
 5.53000e+01  4.97772e-01 -1.31777e-03  1.75316e+00 -2.64734e-03  2.40722e+00  2.67876e+00
 5.54000e+01  4.97423e-01 -1.29143e-03  1.75037e+00 -2.59624e-03  2.40220e+00  2.67709e+00
 5.55000e+01  4.97070e-01 -1.24750e-03  1.74758e+00 -2.50970e-03  2.39649e+00  2.67473e+00
 5.56000e+01  4.96715e-01 -1.20331e-03  1.74477e+00 -2.42254e-03  2.39248e+00  2.67412e+00
 5.57000e+01  4.96367e-01 -1.11483e-03  1.74203e+00 -2.24597e-03  2.38632e+00  2.67124e+00
 5.58000e+01  4.96022e-01 -1.02796e-03  1.73933e+00 -2.07241e-03  2.38057e+00  2.66873e+00
 5.59000e+01  4.95680e-01 -8.93372e-04  1.73662e+00 -1.80232e-03  2.37647e+00  2.66788e+00
 5.60000e+01  4.95348e-01 -8.17920e-04  1.73396e+00 -1.65120e-03  2.36889e+00  2.66336e+00
 5.61000e+01  4.95013e-01 -6.60619e-04  1.73127e+00 -1.33455e-03  2.36508e+00  2.66271e+00
 5.62000e+01  4.94685e-01 -4.68680e-04  1.72860e+00 -9.47432e-04  2.35910e+00  2.65977e+00
 5.63000e+01  4.94359e-01 -3.14711e-04  1.72591e+00 -6.36604e-04  2.35441e+00  2.65811e+00
 5.64000e+01  4.94039e-01 -1.59885e-04  1.72325e+00 -3.23628e-04  2.35069e+00  2.65738e+00
 5.65000e+01  4.93735e-01  9.04514e-07  1.72069e+00  1.83198e-06  2.34440e+00  2.65385e+00
 5.66000e+01  4.93440e-01  2.08601e-04  1.71818e+00  4.22750e-04  2.34098e+00  2.65318e+00
 5.67000e+01  4.93161e-01  3.08521e-04  1.71581e+00  6.25599e-04  2.33558e+00  2.65031e+00
 5.68000e+01  4.92895e-01  5.40516e-04  1.71353e+00  1.09662e-03  2.33155e+00  2.64872e+00
 5.69000e+01  4.92644e-01  7.78564e-04  1.71139e+00  1.58038e-03  2.32746e+00  2.64691e+00
 5.70000e+01  4.92408e-01  1.00204e-03  1.70938e+00  2.03499e-03  2.32379e+00  2.64540e+00
 5.71000e+01  4.92188e-01  1.37853e-03  1.70750e+00  2.80082e-03  2.32003e+00  2.64361e+00
 5.72000e+01  4.91985e-01  1.64108e-03  1.70578e+00  3.33564e-03  2.31590e+00  2.64129e+00
 5.73000e+01  4.91793e-01  1.99396e-03  1.70416e+00  4.05447e-03  2.31469e+00  2.64188e+00
 5.74000e+01  4.91625e-01  2.34875e-03  1.70271e+00  4.77753e-03  2.31153e+00  2.64022e+00
 5.75000e+01  4.91477e-01  2.70544e-03  1.70143e+00  5.50470e-03  2.30854e+00  2.63853e+00
 5.76000e+01  4.91348e-01  3.10824e-03  1.70027e+00  6.32595e-03  2.30724e+00  2.63843e+00
 5.77000e+01  4.91241e-01  3.40363e-03  1.69938e+00  6.92863e-03  2.30607e+00  2.63822e+00
 5.78000e+01  4.91162e-01  3.80546e-03  1.69864e+00  7.74787e-03  2.30420e+00  2.63705e+00
 5.79000e+01  4.91107e-01  4.17410e-03  1.69808e+00  8.49937e-03  2.30332e+00  2.63666e+00
 5.80000e+01  4.91076e-01  4.56224e-03  1.69769e+00  9.29029e-03  2.30400e+00  2.63765e+00
 5.81000e+01  4.91079e-01  4.98799e-03  1.69755e+00  1.01572e-02  2.30382e+00  2.63744e+00
 5.82000e+01  4.91116e-01  5.29726e-03  1.69781e+00  1.07862e-02  2.30394e+00  2.63722e+00
 5.83000e+01  4.91182e-01  5.70090e-03  1.69818e+00  1.16065e-02  2.30514e+00  2.63783e+00
 5.84000e+01  4.91282e-01  6.06005e-03  1.69888e+00  1.23352e-02  2.30614e+00  2.63791e+00
 5.85000e+01  4.91412e-01  6.35473e-03  1.69995e+00  1.29316e-02  2.30848e+00  2.63909e+00
 5.86000e+01  4.91574e-01  6.74382e-03  1.70111e+00  1.37188e-02  2.31102e+00  2.64017e+00
 5.87000e+01  4.91768e-01  7.05244e-03  1.70262e+00  1.43410e-02  2.31290e+00  2.64027e+00
 5.88000e+01  4.91988e-01  7.35323e-03  1.70441e+00  1.49460e-02  2.31657e+00  2.64196e+00
 5.89000e+01  4.92234e-01  7.63867e-03  1.70640e+00  1.55184e-02  2.31870e+00  2.64181e+00
 5.90000e+01  4.92495e-01  7.87472e-03  1.70854e+00  1.59894e-02  2.32245e+00  2.64317e+00
 5.91000e+01  4.92769e-01  8.11213e-03  1.71078e+00  1.64623e-02  2.32738e+00  2.64564e+00
 5.92000e+01  4.93059e-01  8.27383e-03  1.71320e+00  1.67806e-02  2.33062e+00  2.64620e+00
 5.93000e+01  4.93355e-01  8.44578e-03  1.71562e+00  1.71191e-02  2.33575e+00  2.64863e+00
 5.94000e+01  4.93659e-01  8.57966e-03  1.71811e+00  1.73797e-02  2.34090e+00  2.65100e+00
 5.95000e+01  4.93974e-01  8.68934e-03  1.72066e+00  1.75907e-02  2.34556e+00  2.65275e+00
 5.96000e+01  4.94296e-01  8.81048e-03  1.72311e+00  1.78243e-02  2.34994e+00  2.65414e+00
 5.97000e+01  4.94621e-01  8.88582e-03  1.72563e+00  1.79649e-02  2.35458e+00  2.65576e+00
 5.98000e+01  4.94948e-01  8.89683e-03  1.72823e+00  1.79753e-02  2.36077e+00  2.65894e+00
 5.99000e+01  4.95281e-01  8.89684e-03  1.73077e+00  1.79632e-02  2.36597e+00  2.66103e+00
 6.00000e+01  4.95622e-01  8.83245e-03  1.73353e+00  1.78209e-02  2.37067e+00  2.66253e+00
 6.01000e+01  4.95964e-01  8.70364e-03  1.73632e+00  1.75489e-02  2.37724e+00  2.66592e+00
 6.02000e+01  4.96314e-01  8.65596e-03  1.73895e+00  1.74405e-02  2.38167e+00  2.66703e+00
 6.03000e+01  4.96667e-01  8.49234e-03  1.74183e+00  1.70987e-02  2.38735e+00  2.66939e+00
 6.04000e+01  4.97020e-01  8.33632e-03  1.74476e+00  1.67726e-02  2.39394e+00  2.67264e+00
 6.05000e+01  4.97380e-01  8.21628e-03  1.74757e+00  1.65191e-02  2.39814e+00  2.67339e+00
 6.06000e+01  4.97737e-01  8.04558e-03  1.75041e+00  1.61643e-02  2.40512e+00  2.67699e+00
 6.07000e+01  4.98097e-01  7.89214e-03  1.75330e+00  1.58446e-02  2.41023e+00  2.67864e+00
 6.08000e+01  4.98457e-01  7.66331e-03  1.75626e+00  1.53741e-02  2.41470e+00  2.67965e+00
 6.09000e+01  4.98807e-01  7.45283e-03  1.75916e+00  1.49413e-02  2.42149e+00  2.68307e+00
 6.10000e+01  4.99154e-01  7.21230e-03  1.76200e+00  1.44491e-02  2.42698e+00  2.68520e+00
 6.11000e+01  4.99496e-01  7.02326e-03  1.76468e+00  1.40607e-02  2.43067e+00  2.68558e+00
 6.12000e+01  4.99821e-01  6.83111e-03  1.76724e+00  1.36671e-02  2.43611e+00  2.68785e+00
 6.13000e+01  5.00131e-01  6.60838e-03  1.76973e+00  1.32133e-02  2.44155e+00  2.69027e+00
 6.14000e+01  5.00428e-01  6.45245e-03  1.77200e+00  1.28939e-02  2.44480e+00  2.69062e+00
 6.15000e+01  5.00703e-01  6.27577e-03  1.77407e+00  1.25339e-02  2.45064e+00  2.69376e+00
 6.16000e+01  5.00965e-01  6.12772e-03  1.77609e+00  1.22318e-02  2.45377e+00  2.69431e+00
 6.17000e+01  5.01208e-01  5.95729e-03  1.77801e+00  1.18858e-02  2.45794e+00  2.69609e+00
 6.18000e+01  5.01433e-01  5.85312e-03  1.77969e+00  1.16728e-02  2.46250e+00  2.69842e+00
 6.19000e+01  5.01646e-01  5.79621e-03  1.78121e+00  1.15544e-02  2.46487e+00  2.69869e+00
 6.20000e+01  5.01841e-01  5.71030e-03  1.78273e+00  1.13787e-02  2.47044e+00  2.70231e+00
 6.21000e+01  5.02034e-01  5.62745e-03  1.78429e+00  1.12093e-02  2.47223e+00  2.70219e+00
 6.22000e+01  5.02215e-01  5.57465e-03  1.78569e+00  1.11001e-02  2.47592e+00  2.70408e+00
 6.23000e+01  5.02389e-01  5.51886e-03  1.78708e+00  1.09852e-02  2.48051e+00  2.70691e+00
 6.24000e+01  5.02566e-01  5.43042e-03  1.78854e+00  1.08054e-02  2.48160e+00  2.70625e+00
 6.25000e+01  5.02735e-01  5.36420e-03  1.78993e+00  1.06700e-02  2.48554e+00  2.70849e+00
 6.26000e+01  5.02903e-01  5.24891e-03  1.79127e+00  1.04372e-02  2.48800e+00  2.70927e+00
 6.27000e+01  5.03067e-01  5.16209e-03  1.79250e+00  1.02612e-02  2.48964e+00  2.70927e+00
 6.28000e+01  5.03222e-01  4.97342e-03  1.79378e+00  9.88316e-03  2.49205e+00  2.71012e+00
 6.29000e+01  5.03366e-01  4.70834e-03  1.79501e+00  9.35370e-03  2.49418e+00  2.71081e+00
 6.30000e+01  5.03498e-01  4.50213e-03  1.79599e+00  8.94170e-03  2.49640e+00  2.71170e+00
 6.31000e+01  5.03618e-01  4.23538e-03  1.79687e+00  8.40991e-03  2.49773e+00  2.71183e+00
 6.32000e+01  5.03723e-01  3.98406e-03  1.79765e+00  7.90923e-03  2.50064e+00  2.71366e+00
 6.33000e+01  5.03820e-01  3.72052e-03  1.79836e+00  7.38463e-03  2.50299e+00  2.71502e+00
 6.34000e+01  5.03914e-01  3.48009e-03  1.79905e+00  6.90612e-03  2.50374e+00  2.71483e+00
 6.35000e+01  5.04000e-01  3.29848e-03  1.79967e+00  6.54460e-03  2.50564e+00  2.71585e+00
 6.36000e+01  5.04083e-01  3.12660e-03  1.80027e+00  6.20254e-03  2.50650e+00  2.71588e+00
 6.37000e+01  5.04159e-01  3.03991e-03  1.80079e+00  6.02966e-03  2.50784e+00  2.71644e+00
 6.38000e+01  5.04230e-01  2.93469e-03  1.80132e+00  5.82015e-03  2.51005e+00  2.71792e+00
 6.39000e+01  5.04302e-01  2.84929e-03  1.80185e+00  5.64997e-03  2.51106e+00  2.71821e+00
 6.40000e+01  5.04373e-01  2.78865e-03  1.80241e+00  5.52894e-03  2.51179e+00  2.71821e+00
 6.41000e+01  5.04443e-01  2.65410e-03  1.80300e+00  5.26144e-03  2.51292e+00  2.71864e+00
 6.42000e+01  5.04509e-01  2.63046e-03  1.80350e+00  5.21390e-03  2.51398e+00  2.71901e+00
 6.43000e+01  5.04573e-01  2.60965e-03  1.80394e+00  5.17199e-03  2.51432e+00  2.71872e+00
 6.44000e+01  5.04630e-01  2.58021e-03  1.80434e+00  5.11308e-03  2.51508e+00  2.71891e+00
 6.45000e+01  5.04679e-01  2.56471e-03  1.80466e+00  5.08186e-03  2.51504e+00  2.71838e+00
 6.46000e+01  5.04717e-01  2.46288e-03  1.80492e+00  4.87972e-03  2.51675e+00  2.71969e+00
 6.47000e+01  5.04749e-01  2.39056e-03  1.80514e+00  4.73613e-03  2.51730e+00  2.71991e+00
 6.48000e+01  5.04777e-01  2.30674e-03  1.80529e+00  4.56981e-03  2.51654e+00  2.71889e+00
 6.49000e+01  5.04793e-01  2.28846e-03  1.80531e+00  4.53345e-03  2.51845e+00  2.72059e+00
 6.50000e+01  5.04809e-01  2.25295e-03  1.80536e+00  4.46298e-03  2.51713e+00  2.71915e+00
 6.51000e+01  5.04814e-01  2.18813e-03  1.80537e+00  4.33452e-03  2.51725e+00  2.71922e+00
 6.52000e+01  5.04811e-01  2.22540e-03  1.80524e+00  4.40838e-03  2.51843e+00  2.72040e+00
 6.53000e+01  5.04806e-01  2.27123e-03  1.80511e+00  4.49921e-03  2.51813e+00  2.72016e+00
 6.54000e+01  5.04800e-01  2.28148e-03  1.80503e+00  4.51958e-03  2.51842e+00  2.72050e+00
 6.55000e+01  5.04794e-01  2.30502e-03  1.80494e+00  4.56626e-03  2.51800e+00  2.72015e+00
 6.56000e+01  5.04788e-01  2.36687e-03  1.80484e+00  4.68884e-03  2.51835e+00  2.72055e+00
 6.57000e+01  5.04784e-01  2.36411e-03  1.80478e+00  4.68340e-03  2.51753e+00  2.71979e+00
 6.58000e+01  5.04779e-01  2.41614e-03  1.80466e+00  4.78653e-03  2.51844e+00  2.72073e+00
 6.59000e+01  5.04778e-01  2.41703e-03  1.80461e+00  4.78831e-03  2.51845e+00  2.72076e+00
 6.60000e+01  5.04782e-01  2.34718e-03  1.80463e+00  4.64988e-03  2.51781e+00  2.72008e+00
 6.61000e+01  5.04788e-01  2.34865e-03  1.80456e+00  4.65275e-03  2.51825e+00  2.72046e+00
 6.62000e+01  5.04797e-01  2.31861e-03  1.80450e+00  4.59316e-03  2.51714e+00  2.71928e+00
 6.63000e+01  5.04804e-01  2.24137e-03  1.80444e+00  4.44007e-03  2.51821e+00  2.72025e+00
 6.64000e+01  5.04816e-01  2.12226e-03  1.80438e+00  4.20403e-03  2.51742e+00  2.71937e+00
 6.65000e+01  5.04827e-01  1.99377e-03  1.80430e+00  3.94941e-03  2.51635e+00  2.71821e+00
 6.66000e+01  5.04831e-01  1.74739e-03  1.80422e+00  3.46134e-03  2.51706e+00  2.71886e+00
 6.67000e+01  5.04834e-01  1.53188e-03  1.80409e+00  3.03442e-03  2.51655e+00  2.71833e+00
 6.68000e+01  5.04833e-01  1.35475e-03  1.80390e+00  2.68357e-03  2.51650e+00  2.71830e+00
 6.69000e+01  5.04829e-01  1.14015e-03  1.80371e+00  2.25849e-03  2.51566e+00  2.71751e+00
 6.70000e+01  5.04819e-01  9.62845e-04  1.80348e+00  1.90731e-03  2.51523e+00  2.71719e+00
 6.71000e+01  5.04803e-01  7.69153e-04  1.80320e+00  1.52367e-03  2.51529e+00  2.71740e+00
 6.72000e+01  5.04784e-01  6.58385e-04  1.80289e+00  1.30429e-03  2.51480e+00  2.71711e+00
 6.73000e+01  5.04762e-01  5.12135e-04  1.80257e+00  1.01461e-03  2.51379e+00  2.71633e+00
 6.74000e+01  5.04735e-01  3.39186e-04  1.80222e+00  6.72008e-04  2.51256e+00  2.71539e+00
 6.75000e+01  5.04698e-01  1.85688e-04  1.80178e+00  3.67918e-04  2.51248e+00  2.71568e+00
 6.76000e+01  5.04657e-01  1.73985e-05  1.80129e+00  3.44760e-05  2.51098e+00  2.71462e+00
 6.77000e+01  5.04607e-01 -1.06712e-04  1.80072e+00 -2.11474e-04  2.50977e+00  2.71392e+00
 6.78000e+01  5.04549e-01 -2.57903e-04  1.80007e+00 -5.11155e-04  2.50831e+00  2.71306e+00
 6.79000e+01  5.04479e-01 -4.64231e-04  1.79930e+00 -9.20218e-04  2.50578e+00  2.71126e+00
 6.80000e+01  5.04393e-01 -6.54122e-04  1.79837e+00 -1.29685e-03  2.50545e+00  2.71179e+00
 6.81000e+01  5.04298e-01 -8.45892e-04  1.79737e+00 -1.67736e-03  2.50389e+00  2.71119e+00
 6.82000e+01  5.04197e-01 -1.08576e-03  1.79628e+00 -2.15344e-03  2.50218e+00  2.71050e+00
 6.83000e+01  5.04092e-01 -1.30172e-03  1.79516e+00 -2.58232e-03  2.50053e+00  2.70992e+00
 6.84000e+01  5.03984e-01 -1.48021e-03  1.79406e+00 -2.93703e-03  2.49778e+00  2.70827e+00
 6.85000e+01  5.03872e-01 -1.65925e-03  1.79291e+00 -3.29300e-03  2.49566e+00  2.70729e+00
 6.86000e+01  5.03755e-01 -1.85476e-03  1.79172e+00 -3.68188e-03  2.49348e+00  2.70629e+00
 6.87000e+01  5.03633e-01 -1.98514e-03  1.79054e+00 -3.94164e-03  2.49155e+00  2.70559e+00
 6.88000e+01  5.03510e-01 -2.15435e-03  1.78935e+00 -4.27867e-03  2.48914e+00  2.70443e+00
 6.89000e+01  5.03384e-01 -2.35101e-03  1.78812e+00 -4.67041e-03  2.48731e+00  2.70386e+00
 6.90000e+01  5.03259e-01 -2.55637e-03  1.78690e+00 -5.07963e-03  2.48417e+00  2.70199e+00
 6.91000e+01  5.03130e-01 -2.81192e-03  1.78566e+00 -5.58886e-03  2.48212e+00  2.70123e+00
 6.92000e+01  5.02999e-01 -3.03958e-03  1.78443e+00 -6.04290e-03  2.48026e+00  2.70067e+00
 6.93000e+01  5.02871e-01 -3.36608e-03  1.78320e+00 -6.69373e-03  2.47658e+00  2.69829e+00
 6.94000e+01  5.02736e-01 -3.70511e-03  1.78189e+00 -7.36989e-03  2.47524e+00  2.69829e+00
 6.95000e+01  5.02603e-01 -4.14338e-03  1.78051e+00 -8.24384e-03  2.47088e+00  2.69528e+00
 6.96000e+01  5.02461e-01 -4.57951e-03  1.77911e+00 -9.11416e-03  2.46883e+00  2.69464e+00
 6.97000e+01  5.02313e-01 -4.96894e-03  1.77776e+00 -9.89213e-03  2.46581e+00  2.69310e+00
 6.98000e+01  5.02158e-01 -5.47097e-03  1.77620e+00 -1.08949e-02  2.46084e+00  2.68969e+00
 6.99000e+01  5.01984e-01 -5.94149e-03  1.77442e+00 -1.18360e-02  2.46018e+00  2.69072e+00
 7.00000e+01  5.01808e-01 -6.41599e-03  1.77270e+00 -1.27858e-02  2.45514e+00  2.68745e+00
 7.01000e+01  5.01618e-01 -6.79568e-03  1.77101e+00 -1.35475e-02  2.45249e+00  2.68667e+00
 7.02000e+01  5.01419e-01 -7.19683e-03  1.76911e+00 -1.43529e-02  2.44899e+00  2.68512e+00
 7.03000e+01  5.01213e-01 -7.60780e-03  1.76706e+00 -1.51788e-02  2.44418e+00  2.68235e+00
 7.04000e+01  5.00994e-01 -7.87452e-03  1.76522e+00 -1.57178e-02  2.44264e+00  2.68294e+00
 7.05000e+01  5.00774e-01 -8.16032e-03  1.76330e+00 -1.62954e-02  2.43825e+00  2.68071e+00
 7.06000e+01  5.00552e-01 -8.45316e-03  1.76119e+00 -1.68877e-02  2.43543e+00  2.68006e+00
 7.07000e+01  5.00333e-01 -8.68245e-03  1.75917e+00 -1.73533e-02  2.43047e+00  2.67724e+00
 7.08000e+01  5.00113e-01 -8.90382e-03  1.75710e+00 -1.78036e-02  2.42691e+00  2.67582e+00
 7.09000e+01  4.99893e-01 -9.02736e-03  1.75519e+00 -1.80586e-02  2.42411e+00  2.67515e+00
 7.10000e+01  4.99680e-01 -9.10942e-03  1.75319e+00 -1.82305e-02  2.41899e+00  2.67209e+00
 7.11000e+01  4.99467e-01 -9.19456e-03  1.75112e+00 -1.84087e-02  2.41626e+00  2.67142e+00
 7.12000e+01  4.99260e-01 -9.07442e-03  1.74944e+00 -1.81757e-02  2.41127e+00  2.66842e+00
 7.13000e+01  4.99050e-01 -9.00510e-03  1.74750e+00 -1.80445e-02  2.40871e+00  2.66788e+00
 7.14000e+01  4.98845e-01 -8.84914e-03  1.74564e+00 -1.77393e-02  2.40464e+00  2.66577e+00
 7.15000e+01  4.98642e-01 -8.59125e-03  1.74386e+00 -1.72293e-02  2.40052e+00  2.66359e+00
 7.16000e+01  4.98437e-01 -8.38594e-03  1.74189e+00 -1.68245e-02  2.39890e+00  2.66394e+00
 7.17000e+01  4.98243e-01 -7.98466e-03  1.74025e+00 -1.60257e-02  2.39303e+00  2.65991e+00
 7.18000e+01  4.98044e-01 -7.61278e-03  1.73848e+00 -1.52854e-02  2.39133e+00  2.66011e+00
 7.19000e+01  4.97851e-01 -7.16099e-03  1.73672e+00 -1.43838e-02  2.38838e+00  2.65900e+00
 7.20000e+01  4.97667e-01 -6.62401e-03  1.73513e+00 -1.33101e-02  2.38347e+00  2.65581e+00
 7.21000e+01  4.97481e-01 -6.07439e-03  1.73350e+00 -1.22103e-02  2.38154e+00  2.65565e+00
 7.22000e+01  4.97301e-01 -5.42329e-03  1.73190e+00 -1.09054e-02  2.37840e+00  2.65421e+00
 7.23000e+01  4.97127e-01 -4.79078e-03  1.73032e+00 -9.63694e-03  2.37621e+00  2.65367e+00
 7.24000e+01  4.96963e-01 -4.02311e-03  1.72892e+00 -8.09539e-03  2.37265e+00  2.65164e+00
 7.25000e+01  4.96806e-01 -3.24106e-03  1.72751e+00 -6.52379e-03  2.36906e+00  2.64951e+00
 7.26000e+01  4.96649e-01 -2.44771e-03  1.72610e+00 -4.92844e-03  2.36773e+00  2.64967e+00
 7.27000e+01  4.96502e-01 -1.47185e-03  1.72486e+00 -2.96443e-03  2.36563e+00  2.64895e+00
 7.28000e+01  4.96367e-01 -5.62516e-04  1.72365e+00 -1.13327e-03  2.36223e+00  2.64680e+00
 7.29000e+01  4.96236e-01  3.90982e-04  1.72249e+00  7.87894e-04  2.36108e+00  2.64688e+00
 7.30000e+01  4.96118e-01  1.46371e-03  1.72140e+00  2.95033e-03  2.35871e+00  2.64561e+00
 7.31000e+01  4.96010e-01  2.47043e-03  1.72040e+00  4.98060e-03  2.35614e+00  2.64403e+00
 7.32000e+01  4.95908e-01  3.53416e-03  1.71946e+00  7.12665e-03  2.35590e+00  2.64477e+00
 7.33000e+01  4.95822e-01  4.61170e-03  1.71856e+00  9.30113e-03  2.35275e+00  2.64239e+00
 7.34000e+01  4.95742e-01  5.70104e-03  1.71772e+00  1.15000e-02  2.35183e+00  2.64221e+00
 7.35000e+01  4.95673e-01  6.72693e-03  1.71716e+00  1.35713e-02  2.35048e+00  2.64150e+00
 7.36000e+01  4.95613e-01  7.76737e-03  1.71661e+00  1.56722e-02  2.34939e+00  2.64096e+00
 7.37000e+01  4.95562e-01  8.91760e-03  1.71590e+00  1.79949e-02  2.34882e+00  2.64087e+00
 7.38000e+01  4.95524e-01  9.98114e-03  1.71548e+00  2.01426e-02  2.34647e+00  2.63884e+00
 7.39000e+01  4.95489e-01  1.10829e-02  1.71517e+00  2.23676e-02  2.34782e+00  2.64056e+00
 7.40000e+01  4.95468e-01  1.21840e-02  1.71492e+00  2.45908e-02  2.34593e+00  2.63882e+00
 7.41000e+01  4.95455e-01  1.33096e-02  1.71471e+00  2.68635e-02  2.34620e+00  2.63923e+00
 7.42000e+01  4.95451e-01  1.44600e-02  1.71454e+00  2.91856e-02  2.34785e+00  2.64094e+00
 7.43000e+01  4.95469e-01  1.56218e-02  1.71443e+00  3.15293e-02  2.34544e+00  2.63832e+00
 7.44000e+01  4.95494e-01  1.68080e-02  1.71437e+00  3.39218e-02  2.34657e+00  2.63923e+00
 7.45000e+01  4.95532e-01  1.79445e-02  1.71454e+00  3.62127e-02  2.34691e+00  2.63920e+00
 7.46000e+01  4.95584e-01  1.91089e-02  1.71470e+00  3.85583e-02  2.34717e+00  2.63898e+00
 7.47000e+01  4.95648e-01  2.02277e-02  1.71490e+00  4.08106e-02  2.34806e+00  2.63928e+00
 7.48000e+01  4.95724e-01  2.13312e-02  1.71532e+00  4.30303e-02  2.34792e+00  2.63840e+00
 7.49000e+01  4.95808e-01  2.23738e-02  1.71577e+00  4.51259e-02  2.34893e+00  2.63864e+00
 7.50000e+01  4.95898e-01  2.34019e-02  1.71592e+00  4.71909e-02  2.34934e+00  2.63819e+00
 7.51000e+01  4.95992e-01  2.43498e-02  1.71642e+00  4.90931e-02  2.35063e+00  2.63860e+00
 7.52000e+01  4.96092e-01  2.51604e-02  1.71723e+00  5.07173e-02  2.35190e+00  2.63894e+00
 7.53000e+01  4.96195e-01  2.59835e-02  1.71751e+00  5.23656e-02  2.35264e+00  2.63870e+00
 7.54000e+01  4.96300e-01  2.66280e-02  1.71862e+00  5.36530e-02  2.35560e+00  2.64071e+00
 7.55000e+01  4.96413e-01  2.72037e-02  1.71963e+00  5.48007e-02  2.35672e+00  2.64077e+00
 7.56000e+01  4.96528e-01  2.78114e-02  1.71969e+00  5.60118e-02  2.35815e+00  2.64112e+00
 7.57000e+01  4.96650e-01  2.82123e-02  1.72109e+00  5.68053e-02  2.36159e+00  2.64344e+00
 7.58000e+01  4.96784e-01  2.85751e-02  1.72245e+00  5.75202e-02  2.36362e+00  2.64421e+00
 7.59000e+01  4.96928e-01  2.89658e-02  1.72310e+00  5.82898e-02  2.36617e+00  2.64542e+00
 7.60000e+01  4.97086e-01  2.92035e-02  1.72452e+00  5.87494e-02  2.36842e+00  2.64618e+00
 7.61000e+01  4.97256e-01  2.94872e-02  1.72535e+00  5.92999e-02  2.37070e+00  2.64686e+00
 7.62000e+01  4.97440e-01  2.96834e-02  1.72658e+00  5.96725e-02  2.37282e+00  2.64724e+00
 7.63000e+01  4.97633e-01  2.97540e-02  1.72841e+00  5.97912e-02  2.37571e+00  2.64830e+00
 7.64000e+01  4.97832e-01  2.98818e-02  1.72916e+00  6.00239e-02  2.37755e+00  2.64826e+00
 7.65000e+01  4.98036e-01  2.98517e-02  1.73049e+00  5.99388e-02  2.37974e+00  2.64850e+00
 7.66000e+01  4.98241e-01  2.97173e-02  1.73253e+00  5.96445e-02  2.38469e+00  2.65153e+00
 7.67000e+01  4.98452e-01  2.95363e-02  1.73404e+00  5.92560e-02  2.38698e+00  2.65181e+00
 7.68000e+01  4.98665e-01  2.92766e-02  1.73544e+00  5.87099e-02  2.39046e+00  2.65325e+00
 7.69000e+01  4.98883e-01  2.89271e-02  1.73716e+00  5.79838e-02  2.39424e+00  2.65497e+00
 7.70000e+01  4.99106e-01  2.84904e-02  1.73913e+00  5.70830e-02  2.39751e+00  2.65610e+00
 7.71000e+01  4.99331e-01  2.80011e-02  1.74095e+00  5.60773e-02  2.40209e+00  2.65852e+00
 7.72000e+01  4.99564e-01  2.74746e-02  1.74263e+00  5.49971e-02  2.40518e+00  2.65938e+00
 7.73000e+01  4.99801e-01  2.68882e-02  1.74466e+00  5.37979e-02  2.40988e+00  2.66180e+00
 7.74000e+01  5.00048e-01  2.62581e-02  1.74665e+00  5.25112e-02  2.41260e+00  2.66214e+00
 7.75000e+01  5.00295e-01  2.56517e-02  1.74837e+00  5.12731e-02  2.41549e+00  2.66264e+00
 7.76000e+01  5.00538e-01  2.49625e-02  1.75056e+00  4.98714e-02  2.42115e+00  2.66594e+00
 7.77000e+01  5.00785e-01  2.42944e-02  1.75260e+00  4.85127e-02  2.42330e+00  2.66570e+00
 7.78000e+01  5.01024e-01  2.36620e-02  1.75407e+00  4.72273e-02  2.42768e+00  2.66775e+00
 7.79000e+01  5.01262e-01  2.29908e-02  1.75586e+00  4.58659e-02  2.43116e+00  2.66892e+00
 7.80000e+01  5.01497e-01  2.23030e-02  1.75786e+00  4.44729e-02  2.43311e+00  2.66858e+00
 7.81000e+01  5.01716e-01  2.16218e-02  1.75951e+00  4.30956e-02  2.43874e+00  2.67205e+00
 7.82000e+01  5.01933e-01  2.09559e-02  1.76112e+00  4.17503e-02  2.43994e+00  2.67114e+00
 7.83000e+01  5.02135e-01  2.02603e-02  1.76257e+00  4.03483e-02  2.44413e+00  2.67335e+00
 7.84000e+01  5.02327e-01  1.96033e-02  1.76399e+00  3.90249e-02  2.44850e+00  2.67581e+00
 7.85000e+01  5.02518e-01  1.88639e-02  1.76593e+00  3.75387e-02  2.44934e+00  2.67479e+00
 7.86000e+01  5.02691e-01  1.82021e-02  1.76725e+00  3.62094e-02  2.45459e+00  2.67830e+00
 7.87000e+01  5.02861e-01  1.76238e-02  1.76815e+00  3.50472e-02  2.45635e+00  2.67840e+00
 7.88000e+01  5.03025e-01  1.69733e-02  1.76944e+00  3.37424e-02  2.45886e+00  2.67927e+00
 7.89000e+01  5.03182e-01  1.63904e-02  1.77066e+00  3.25734e-02  2.46268e+00  2.68152e+00
 7.90000e+01  5.03340e-01  1.57844e-02  1.77176e+00  3.13593e-02  2.46384e+00  2.68113e+00
 7.91000e+01  5.03491e-01  1.52256e-02  1.77276e+00  3.02401e-02  2.46665e+00  2.68243e+00
 7.92000e+01  5.03639e-01  1.46326e-02  1.77381e+00  2.90537e-02  2.46886e+00  2.68317e+00
 7.93000e+01  5.03784e-01  1.40499e-02  1.77466e+00  2.78888e-02  2.47018e+00  2.68305e+00
 7.94000e+01  5.03921e-01  1.34557e-02  1.77584e+00  2.67019e-02  2.47348e+00  2.68497e+00
 7.95000e+01  5.04056e-01  1.27447e-02  1.77732e+00  2.52843e-02  2.47606e+00  2.68619e+00
 7.96000e+01  5.04188e-01  1.22614e-02  1.77789e+00  2.43190e-02  2.47606e+00  2.68490e+00
 7.97000e+01  5.04308e-01  1.17438e-02  1.77853e+00  2.32869e-02  2.47838e+00  2.68602e+00
 7.98000e+01  5.04420e-01  1.11292e-02  1.77960e+00  2.20633e-02  2.48012e+00  2.68664e+00
 7.99000e+01  5.04522e-01  1.06536e-02  1.78014e+00  2.11162e-02  2.48028e+00  2.68580e+00
 8.00000e+01  5.04607e-01  1.00870e-02  1.78061e+00  1.99899e-02  2.48270e+00  2.68735e+00
 8.01000e+01  5.04683e-01  9.49579e-03  1.78115e+00  1.88154e-02  2.48330e+00  2.68719e+00
 8.02000e+01  5.04746e-01  8.86260e-03  1.78159e+00  1.75585e-02  2.48302e+00  2.68630e+00
 8.03000e+01  5.04790e-01  8.13818e-03  1.78195e+00  1.61219e-02  2.48549e+00  2.68830e+00
 8.04000e+01  5.04824e-01  7.43234e-03  1.78213e+00  1.47227e-02  2.48567e+00  2.68815e+00
 8.05000e+01  5.04846e-01  6.65302e-03  1.78223e+00  1.31783e-02  2.48520e+00  2.68746e+00
 8.06000e+01  5.04853e-01  5.86734e-03  1.78219e+00  1.16219e-02  2.48631e+00  2.68848e+00
 8.07000e+01  5.04851e-01  5.05269e-03  1.78206e+00  1.00083e-02  2.48532e+00  2.68753e+00
 8.08000e+01  5.04836e-01  4.19864e-03  1.78183e+00  8.31684e-03  2.48609e+00  2.68844e+00
 8.09000e+01  5.04813e-01  3.35889e-03  1.78153e+00  6.65372e-03  2.48510e+00  2.68768e+00
 8.10000e+01  5.04782e-01  2.50153e-03  1.78108e+00  4.95567e-03  2.48317e+00  2.68610e+00
 8.11000e+01  5.04734e-01  1.70686e-03  1.78049e+00  3.38170e-03  2.48299e+00  2.68640e+00
 8.12000e+01  5.04675e-01  7.63043e-04  1.77990e+00  1.51195e-03  2.48092e+00  2.68494e+00
 8.13000e+01  5.04599e-01 -2.08086e-04  1.77914e+00 -4.12378e-04  2.48061e+00  2.68537e+00
 8.14000e+01  5.04514e-01 -1.05866e-03  1.77832e+00 -2.09837e-03  2.47851e+00  2.68414e+00
 8.15000e+01  5.04417e-01 -2.06706e-03  1.77740e+00 -4.09793e-03  2.47550e+00  2.68213e+00
 8.16000e+01  5.04300e-01 -3.03436e-03  1.77635e+00 -6.01697e-03  2.47378e+00  2.68158e+00
 8.17000e+01  5.04166e-01 -4.04582e-03  1.77518e+00 -8.02478e-03  2.47175e+00  2.68089e+00
 8.18000e+01  5.04016e-01 -5.18788e-03  1.77378e+00 -1.02931e-02  2.46992e+00  2.68055e+00
 8.19000e+01  5.03856e-01 -6.26785e-03  1.77243e+00 -1.24398e-02  2.46646e+00  2.67869e+00
 8.20000e+01  5.03683e-01 -7.47538e-03  1.77088e+00 -1.48415e-02  2.46301e+00  2.67698e+00
 8.21000e+01  5.03492e-01 -8.72449e-03  1.76916e+00 -1.73279e-02  2.45928e+00  2.67515e+00
 8.22000e+01  5.03284e-01 -9.99292e-03  1.76731e+00 -1.98554e-02  2.45550e+00  2.67344e+00
 8.23000e+01  5.03057e-01 -1.13769e-02  1.76501e+00 -2.26155e-02  2.45078e+00  2.67098e+00
 8.24000e+01  5.02810e-01 -1.27150e-02  1.76278e+00 -2.52878e-02  2.44639e+00  2.66904e+00
 8.25000e+01  5.02542e-01 -1.40390e-02  1.76060e+00 -2.79359e-02  2.44236e+00  2.66765e+00
 8.26000e+01  5.02256e-01 -1.54494e-02  1.75786e+00 -3.07601e-02  2.43646e+00  2.66457e+00
 8.27000e+01  5.01949e-01 -1.68399e-02  1.75511e+00 -3.35490e-02  2.43259e+00  2.66370e+00
 8.28000e+01  5.01630e-01 -1.82154e-02  1.75256e+00 -3.63124e-02  2.42771e+00  2.66193e+00
 8.29000e+01  5.01301e-01 -1.96527e-02  1.74975e+00 -3.92034e-02  2.42219e+00  2.65961e+00
 8.30000e+01  5.00963e-01 -2.11039e-02  1.74687e+00 -4.21267e-02  2.41756e+00  2.65827e+00
 8.31000e+01  5.00622e-01 -2.26045e-02  1.74402e+00 -4.51528e-02  2.41122e+00  2.65522e+00
 8.32000e+01  5.00276e-01 -2.41397e-02  1.74097e+00 -4.82528e-02  2.40651e+00  2.65386e+00
 8.33000e+01  4.99931e-01 -2.57255e-02  1.73779e+00 -5.14581e-02  2.40139e+00  2.65205e+00
 8.34000e+01  4.99595e-01 -2.73087e-02  1.73499e+00 -5.46617e-02  2.39592e+00  2.64980e+00
 8.35000e+01  4.99268e-01 -2.89040e-02  1.73217e+00 -5.78927e-02  2.39060e+00  2.64761e+00
 8.36000e+01  4.98952e-01 -3.05535e-02  1.72897e+00 -6.12352e-02  2.38341e+00  2.64342e+00
 8.37000e+01  4.98640e-01 -3.21525e-02  1.72593e+00 -6.44804e-02  2.37831e+00  2.64128e+00
 8.38000e+01  4.98336e-01 -3.37405e-02  1.72293e+00 -6.77063e-02  2.37257e+00  2.63841e+00
 8.39000e+01  4.98040e-01 -3.52650e-02  1.71989e+00 -7.08075e-02  2.36668e+00  2.63531e+00
 8.40000e+01  4.97750e-01 -3.67165e-02  1.71730e+00 -7.37648e-02  2.36317e+00  2.63453e+00
 8.41000e+01  4.97476e-01 -3.80789e-02  1.71506e+00 -7.65443e-02  2.35735e+00  2.63127e+00
 8.42000e+01  4.97209e-01 -3.94023e-02  1.71212e+00 -7.92469e-02  2.35217e+00  2.62856e+00
 8.43000e+01  4.96951e-01 -4.06580e-02  1.70914e+00 -8.18149e-02  2.34789e+00  2.62669e+00
 8.44000e+01  4.96709e-01 -4.17509e-02  1.70712e+00 -8.40552e-02  2.34300e+00  2.62404e+00
 8.45000e+01  4.96476e-01 -4.27809e-02  1.70498e+00 -8.61690e-02  2.33958e+00  2.62278e+00
 8.46000e+01  4.96258e-01 -4.36896e-02  1.70284e+00 -8.80381e-02  2.33600e+00  2.62122e+00
 8.47000e+01  4.96056e-01 -4.44950e-02  1.70102e+00 -8.96975e-02  2.33285e+00  2.61993e+00
 8.48000e+01  4.95873e-01 -4.51965e-02  1.69932e+00 -9.11452e-02  2.33091e+00  2.61969e+00
 8.49000e+01  4.95718e-01 -4.57856e-02  1.69818e+00 -9.23622e-02  2.32930e+00  2.61953e+00
 8.50000e+01  4.95593e-01 -4.62772e-02  1.69737e+00 -9.33773e-02  2.32738e+00  2.61875e+00
 8.51000e+01  4.95500e-01 -4.67021e-02  1.69627e+00 -9.42526e-02  2.32548e+00  2.61770e+00
 8.52000e+01  4.95437e-01 -4.70475e-02  1.69507e+00 -9.49616e-02  2.32177e+00  2.61452e+00
 8.53000e+01  4.95394e-01 -4.72790e-02  1.69386e+00 -9.54372e-02  2.31958e+00  2.61269e+00
 8.54000e+01  4.95368e-01 -4.73881e-02  1.69326e+00 -9.56623e-02  2.31920e+00  2.61255e+00
 8.55000e+01  4.95364e-01 -4.73071e-02  1.69350e+00 -9.54997e-02  2.31832e+00  2.61170e+00
 8.56000e+01  4.95373e-01 -4.71418e-02  1.69350e+00 -9.51642e-02  2.31896e+00  2.61225e+00
 8.57000e+01  4.95401e-01 -4.68211e-02  1.69350e+00 -9.45116e-02  2.31799e+00  2.61101e+00
 8.58000e+01  4.95438e-01 -4.63969e-02  1.69326e+00 -9.36481e-02  2.31870e+00  2.61137e+00
 8.59000e+01  4.95492e-01 -4.58275e-02  1.69382e+00 -9.24890e-02  2.32010e+00  2.61229e+00
 8.60000e+01  4.95563e-01 -4.50790e-02  1.69515e+00 -9.09651e-02  2.32131e+00  2.61285e+00
 8.61000e+01  4.95647e-01 -4.43108e-02  1.69570e+00 -8.93999e-02  2.32424e+00  2.61504e+00
 8.62000e+01  4.95754e-01 -4.33989e-02  1.69689e+00 -8.75411e-02  2.32618e+00  2.61601e+00
 8.63000e+01  4.95882e-01 -4.24385e-02  1.69832e+00 -8.55819e-02  2.32806e+00  2.61671e+00
 8.64000e+01  4.96028e-01 -4.14505e-02  1.69916e+00 -8.35648e-02  2.33003e+00  2.61733e+00
 8.65000e+01  4.96191e-01 -4.03989e-02  1.70033e+00 -8.14179e-02  2.33167e+00  2.61745e+00
 8.66000e+01  4.96368e-01 -3.92941e-02  1.70196e+00 -7.91633e-02  2.33328e+00  2.61741e+00
 8.67000e+01  4.96548e-01 -3.81421e-02  1.70349e+00 -7.68146e-02  2.33759e+00  2.62008e+00
 8.68000e+01  4.96740e-01 -3.69793e-02  1.70494e+00 -7.44440e-02  2.34022e+00  2.62093e+00
 8.69000e+01  4.96941e-01 -3.57572e-02  1.70671e+00 -7.19546e-02  2.34278e+00  2.62161e+00
 8.70000e+01  4.97146e-01 -3.45305e-02  1.70838e+00 -6.94575e-02  2.34649e+00  2.62342e+00
 8.71000e+01  4.97358e-01 -3.32819e-02  1.70996e+00 -6.69173e-02  2.34807e+00  2.62301e+00
 8.72000e+01  4.97566e-01 -3.20111e-02  1.71145e+00 -6.43354e-02  2.35165e+00  2.62465e+00
 8.73000e+01  4.97774e-01 -3.07235e-02  1.71291e+00 -6.17218e-02  2.35393e+00  2.62499e+00
 8.74000e+01  4.97975e-01 -2.93844e-02  1.71481e+00 -5.90077e-02  2.35779e+00  2.62696e+00
 8.75000e+01  4.98172e-01 -2.80305e-02  1.71666e+00 -5.62667e-02  2.36096e+00  2.62828e+00
 8.76000e+01  4.98363e-01 -2.67301e-02  1.71773e+00 -5.36358e-02  2.36325e+00  2.62878e+00
 8.77000e+01  4.98545e-01 -2.54252e-02  1.71900e+00 -5.09987e-02  2.36643e+00  2.63023e+00
 8.78000e+01  4.98723e-01 -2.40715e-02  1.72083e+00 -4.82663e-02  2.36797e+00  2.63010e+00
 8.79000e+01  4.98885e-01 -2.27919e-02  1.72186e+00 -4.56857e-02  2.37146e+00  2.63207e+00
 8.80000e+01  4.99037e-01 -2.15554e-02  1.72264e+00 -4.31939e-02  2.37239e+00  2.63154e+00
 8.81000e+01  4.99175e-01 -2.02458e-02  1.72410e+00 -4.05585e-02  2.37525e+00  2.63310e+00
 8.82000e+01  4.99300e-01 -1.89897e-02  1.72510e+00 -3.80327e-02  2.37770e+00  2.63437e+00
 8.83000e+01  4.99413e-01 -1.77968e-02  1.72582e+00 -3.56355e-02  2.37789e+00  2.63348e+00
 8.84000e+01  4.99507e-01 -1.65260e-02  1.72693e+00 -3.30846e-02  2.38106e+00  2.63576e+00
 8.85000e+01  4.99588e-01 -1.53648e-02  1.72758e+00 -3.07549e-02  2.38155e+00  2.63548e+00
 8.86000e+01  4.99651e-01 -1.42434e-02  1.72788e+00 -2.85067e-02  2.38239e+00  2.63571e+00
 8.87000e+01  4.99698e-01 -1.31093e-02  1.72820e+00 -2.62345e-02  2.38335e+00  2.63623e+00
 8.88000e+01  4.99729e-01 -1.20250e-02  1.72843e+00 -2.40631e-02  2.38329e+00  2.63587e+00
 8.89000e+01  4.99742e-01 -1.08923e-02  1.72863e+00 -2.17958e-02  2.38475e+00  2.63722e+00
 8.90000e+01  4.99742e-01 -9.84536e-03  1.72858e+00 -1.97009e-02  2.38446e+00  2.63691e+00
 8.91000e+01  4.99730e-01 -8.82013e-03  1.72830e+00 -1.76498e-02  2.38307e+00  2.63565e+00
 8.92000e+01  4.99698e-01 -7.83064e-03  1.72797e+00 -1.56707e-02  2.38392e+00  2.63680e+00
 8.93000e+01  4.99657e-01 -6.83917e-03  1.72769e+00 -1.36877e-02  2.38398e+00  2.63726e+00
 8.94000e+01  4.99609e-01 -5.93476e-03  1.72716e+00 -1.18788e-02  2.38197e+00  2.63570e+00
 8.95000e+01  4.99549e-01 -5.17673e-03  1.72643e+00 -1.03628e-02  2.38082e+00  2.63512e+00
 8.96000e+01  4.99477e-01 -4.34069e-03  1.72582e+00 -8.69047e-03  2.37982e+00  2.63480e+00
 8.97000e+01  4.99396e-01 -3.62181e-03  1.72509e+00 -7.25238e-03  2.37906e+00  2.63482e+00
 8.98000e+01  4.99308e-01 -2.96845e-03  1.72427e+00 -5.94513e-03  2.37661e+00  2.63320e+00
 8.99000e+01  4.99209e-01 -2.33602e-03  1.72340e+00 -4.67945e-03  2.37533e+00  2.63286e+00
 9.00000e+01  4.99101e-01 -1.77989e-03  1.72247e+00 -3.56619e-03  2.37535e+00  2.63390e+00
 9.01000e+01  4.98996e-01 -1.21324e-03  1.72156e+00 -2.43137e-03  2.37254e+00  2.63209e+00
 9.02000e+01  4.98887e-01 -7.02364e-04  1.72062e+00 -1.40786e-03  2.37155e+00  2.63213e+00
 9.03000e+01  4.98779e-01 -1.96176e-04  1.71969e+00 -3.93312e-04  2.36937e+00  2.63096e+00
 9.04000e+01  4.98672e-01  3.14014e-04  1.71873e+00  6.29700e-04  2.36719e+00  2.62980e+00
 9.05000e+01  4.98561e-01  7.80730e-04  1.71773e+00  1.56597e-03  2.36690e+00  2.63056e+00
 9.06000e+01  4.98458e-01  1.25246e-03  1.71678e+00  2.51266e-03  2.36413e+00  2.62875e+00
 9.07000e+01  4.98358e-01  1.77950e-03  1.71580e+00  3.57073e-03  2.36269e+00  2.62826e+00
 9.08000e+01  4.98261e-01  2.29751e-03  1.71485e+00  4.61105e-03  2.36068e+00  2.62715e+00
 9.09000e+01  4.98168e-01  2.83133e-03  1.71393e+00  5.68347e-03  2.35843e+00  2.62577e+00
 9.10000e+01  4.98075e-01  3.40208e-03  1.71300e+00  6.83045e-03  2.35680e+00  2.62501e+00
 9.11000e+01  4.97983e-01  3.97883e-03  1.71209e+00  7.98989e-03  2.35416e+00  2.62323e+00
 9.12000e+01  4.97886e-01  4.59846e-03  1.71116e+00  9.23595e-03  2.35326e+00  2.62323e+00
 9.13000e+01  4.97790e-01  5.22250e-03  1.71028e+00  1.04914e-02  2.35117e+00  2.62205e+00
 9.14000e+01  4.97692e-01  5.89788e-03  1.70939e+00  1.18505e-02  2.34943e+00  2.62122e+00
 9.15000e+01  4.97591e-01  6.61725e-03  1.70846e+00  1.32986e-02  2.34878e+00  2.62151e+00
 9.16000e+01  4.97496e-01  7.33644e-03  1.70763e+00  1.47467e-02  2.34619e+00  2.61980e+00
 9.17000e+01  4.97399e-01  8.08685e-03  1.70680e+00  1.62583e-02  2.34481e+00  2.61932e+00
 9.18000e+01  4.97304e-01  8.83952e-03  1.70600e+00  1.77749e-02  2.34355e+00  2.61895e+00
 9.19000e+01  4.97210e-01  9.60068e-03  1.70526e+00  1.93091e-02  2.34262e+00  2.61891e+00
 9.20000e+01  4.97123e-01  1.03852e-02  1.70456e+00  2.08907e-02  2.34183e+00  2.61893e+00
 9.21000e+01  4.97045e-01  1.11798e-02  1.70394e+00  2.24926e-02  2.33925e+00  2.61705e+00
 9.22000e+01  4.96969e-01  1.20202e-02  1.70325e+00  2.41870e-02  2.33866e+00  2.61718e+00
 9.23000e+01  4.96899e-01  1.28712e-02  1.70255e+00  2.59031e-02  2.33807e+00  2.61725e+00
 9.24000e+01  4.96839e-01  1.37364e-02  1.70188e+00  2.76476e-02  2.33696e+00  2.61669e+00
 9.25000e+01  4.96790e-01  1.45916e-02  1.70149e+00  2.93718e-02  2.33547e+00  2.61564e+00
 9.26000e+01  4.96749e-01  1.54089e-02  1.70127e+00  3.10195e-02  2.33495e+00  2.61550e+00
 9.27000e+01  4.96714e-01  1.63140e-02  1.70071e+00  3.28439e-02  2.33506e+00  2.61595e+00
 9.28000e+01  4.96692e-01  1.71895e-02  1.70038e+00  3.46080e-02  2.33323e+00  2.61430e+00
 9.29000e+01  4.96675e-01  1.80432e-02  1.70040e+00  3.63280e-02  2.33442e+00  2.61566e+00
 9.30000e+01  4.96672e-01  1.89457e-02  1.70026e+00  3.81454e-02  2.33427e+00  2.61555e+00
 9.31000e+01  4.96681e-01  1.98532e-02  1.70016e+00  3.99718e-02  2.33376e+00  2.61493e+00
 9.32000e+01  4.96702e-01  2.07636e-02  1.70039e+00  4.18028e-02  2.33507e+00  2.61607e+00
 9.33000e+01  4.96739e-01  2.16726e-02  1.70054e+00  4.36299e-02  2.33329e+00  2.61392e+00
 9.34000e+01  4.96779e-01  2.26361e-02  1.70043e+00  4.55659e-02  2.33381e+00  2.61407e+00
 9.35000e+01  4.96824e-01  2.35107e-02  1.70094e+00  4.73219e-02  2.33576e+00  2.61561e+00
 9.36000e+01  4.96881e-01  2.43935e-02  1.70124e+00  4.90932e-02  2.33558e+00  2.61489e+00
 9.37000e+01  4.96945e-01  2.53076e-02  1.70110e+00  5.09264e-02  2.33552e+00  2.61423e+00
 9.38000e+01  4.97014e-01  2.60874e-02  1.70167e+00  5.24882e-02  2.33701e+00  2.61508e+00
 9.39000e+01  4.97090e-01  2.68690e-02  1.70211e+00  5.40526e-02  2.33781e+00  2.61517e+00
 9.40000e+01  4.97172e-01  2.75995e-02  1.70264e+00  5.55129e-02  2.33926e+00  2.61587e+00
 9.41000e+01  4.97262e-01  2.82519e-02  1.70341e+00  5.68148e-02  2.34130e+00  2.61708e+00
 9.42000e+01  4.97363e-01  2.89529e-02  1.70350e+00  5.82128e-02  2.34067e+00  2.61548e+00
 9.43000e+01  4.97468e-01  2.95551e-02  1.70414e+00  5.94111e-02  2.34335e+00  2.61721e+00
 9.44000e+01  4.97583e-01  3.00934e-02  1.70504e+00  6.04791e-02  2.34504e+00  2.61782e+00
 9.45000e+01  4.97708e-01  3.06625e-02  1.70551e+00  6.16074e-02  2.34503e+00  2.61662e+00
 9.46000e+01  4.97835e-01  3.11012e-02  1.70647e+00  6.24729e-02  2.34783e+00  2.61824e+00
 9.47000e+01  4.97969e-01  3.15615e-02  1.70700e+00  6.33805e-02  2.34816e+00  2.61731e+00
 9.48000e+01  4.98104e-01  3.19472e-02  1.70778e+00  6.41376e-02  2.35053e+00  2.61842e+00
 9.49000e+01  4.98242e-01  3.22175e-02  1.70898e+00  6.46624e-02  2.35299e+00  2.61959e+00
 9.50000e+01  4.98385e-01  3.25269e-02  1.70965e+00  6.52645e-02  2.35474e+00  2.62000e+00
 9.51000e+01  4.98533e-01  3.26748e-02  1.71094e+00  6.55419e-02  2.35816e+00  2.62204e+00
 9.52000e+01  4.98691e-01  3.28311e-02  1.71179e+00  6.58346e-02  2.35833e+00  2.62071e+00
 9.53000e+01  4.98849e-01  3.29174e-02  1.71267e+00  6.59867e-02  2.36147e+00  2.62237e+00
 9.54000e+01  4.99012e-01  3.28496e-02  1.71455e+00  6.58292e-02  2.36522e+00  2.62459e+00
 9.55000e+01  4.99183e-01  3.28107e-02  1.71580e+00  6.57287e-02  2.36766e+00  2.62541e+00
 9.56000e+01  4.99361e-01  3.26827e-02  1.71713e+00  6.54490e-02  2.37169e+00  2.62776e+00
 9.57000e+01  4.99553e-01  3.25149e-02  1.71874e+00  6.50880e-02  2.37293e+00  2.62717e+00
 9.58000e+01  4.99748e-01  3.23261e-02  1.71993e+00  6.46846e-02  2.37544e+00  2.62783e+00
 9.59000e+01  4.99945e-01  3.20647e-02  1.72130e+00  6.41365e-02  2.37875e+00  2.62927e+00
 9.60000e+01  5.00146e-01  3.17414e-02  1.72297e+00  6.34643e-02  2.38197e+00  2.63058e+00
 9.61000e+01  5.00350e-01  3.13491e-02  1.72489e+00  6.26544e-02  2.38519e+00  2.63186e+00
 9.62000e+01  5.00554e-01  3.09153e-02  1.72670e+00  6.17621e-02  2.38892e+00  2.63363e+00
 9.63000e+01  5.00759e-01  3.04664e-02  1.72827e+00  6.08403e-02  2.39341e+00  2.63615e+00
 9.64000e+01  5.00973e-01  2.99611e-02  1.73018e+00  5.98057e-02  2.39484e+00  2.63553e+00
 9.65000e+01  5.01182e-01  2.94209e-02  1.73212e+00  5.87029e-02  2.39966e+00  2.63833e+00
 9.66000e+01  5.01392e-01  2.88707e-02  1.73391e+00  5.75812e-02  2.40498e+00  2.64163e+00
 9.67000e+01  5.01613e-01  2.82759e-02  1.73611e+00  5.63698e-02  2.40784e+00  2.64235e+00
 9.68000e+01  5.01838e-01  2.76664e-02  1.73855e+00  5.51301e-02  2.41258e+00  2.64490e+00
 9.69000e+01  5.02067e-01  2.70824e-02  1.74031e+00  5.39417e-02  2.41614e+00  2.64624e+00
 9.70000e+01  5.02301e-01  2.65327e-02  1.74173e+00  5.28223e-02  2.41893e+00  2.64677e+00
 9.71000e+01  5.02535e-01  2.58662e-02  1.74384e+00  5.14714e-02  2.42214e+00  2.64769e+00
 9.72000e+01  5.02766e-01  2.51633e-02  1.74585e+00  5.00497e-02  2.42555e+00  2.64886e+00
 9.73000e+01  5.02988e-01  2.43962e-02  1.74791e+00  4.85025e-02  2.42940e+00  2.65052e+00
 9.74000e+01  5.03202e-01  2.35026e-02  1.75028e+00  4.67062e-02  2.43325e+00  2.65227e+00
 9.75000e+01  5.03403e-01  2.26366e-02  1.75211e+00  4.49671e-02  2.43767e+00  2.65470e+00
 9.76000e+01  5.03597e-01  2.16903e-02  1.75374e+00  4.30708e-02  2.44171e+00  2.65682e+00
 9.77000e+01  5.03787e-01  2.07351e-02  1.75549e+00  4.11585e-02  2.44454e+00  2.65777e+00
 9.78000e+01  5.03971e-01  1.97064e-02  1.75739e+00  3.91022e-02  2.44865e+00  2.66005e+00
 9.79000e+01  5.04150e-01  1.87058e-02  1.75876e+00  3.71036e-02  2.45259e+00  2.66219e+00
 9.80000e+01  5.04332e-01  1.77372e-02  1.76017e+00  3.51696e-02  2.45498e+00  2.66278e+00
 9.81000e+01  5.04513e-01  1.66557e-02  1.76200e+00  3.30134e-02  2.45793e+00  2.66393e+00
 9.82000e+01  5.04690e-01  1.57272e-02  1.76329e+00  3.11621e-02  2.46123e+00  2.66547e+00
 9.83000e+01  5.04865e-01  1.47518e-02  1.76474e+00  2.92192e-02  2.46445e+00  2.66693e+00
 9.84000e+01  5.05041e-01  1.38210e-02  1.76623e+00  2.73661e-02  2.46720e+00  2.66793e+00
 9.85000e+01  5.05215e-01  1.29962e-02  1.76731e+00  2.57242e-02  2.46874e+00  2.66775e+00
 9.86000e+01  5.05382e-01  1.21248e-02  1.76856e+00  2.39914e-02  2.47106e+00  2.66840e+00
 9.87000e+01  5.05540e-01  1.12619e-02  1.77000e+00  2.22769e-02  2.47446e+00  2.67020e+00
 9.88000e+01  5.05693e-01  1.03667e-02  1.77130e+00  2.04999e-02  2.47591e+00  2.67013e+00
 9.89000e+01  5.05832e-01  9.54076e-03  1.77241e+00  1.88615e-02  2.47779e+00  2.67062e+00
 9.90000e+01  5.05956e-01  8.61874e-03  1.77361e+00  1.70346e-02  2.48019e+00  2.67176e+00
 9.91000e+01  5.06066e-01  7.73475e-03  1.77461e+00  1.52841e-02  2.48297e+00  2.67341e+00
 9.92000e+01  5.06164e-01  6.84875e-03  1.77560e+00  1.35307e-02  2.48591e+00  2.67533e+00
 9.93000e+01  5.06258e-01  5.89338e-03  1.77661e+00  1.16411e-02  2.48635e+00  2.67484e+00
 9.94000e+01  5.06339e-01  5.09688e-03  1.77726e+00  1.00662e-02  2.48824e+00  2.67590e+00
 9.95000e+01  5.06410e-01  4.21922e-03  1.77793e+00  8.33163e-03  2.48886e+00  2.67581e+00
 9.96000e+01  5.06466e-01  3.31851e-03  1.77857e+00  6.55227e-03  2.48929e+00  2.67568e+00
 9.97000e+01  5.06504e-01  2.46377e-03  1.77895e+00  4.86425e-03  2.49132e+00  2.67729e+00
 9.98000e+01  5.06531e-01  1.60697e-03  1.77922e+00  3.17249e-03  2.49144e+00  2.67715e+00
 9.99000e+01  5.06544e-01  8.04399e-04  1.77934e+00  1.58801e-03  2.49221e+00  2.67777e+00
