 0.00000e+00  1.33759e-01  9.66388e-16  5.74369e-03  7.22484e-15  2.98357e-04 -2.96155e-04  1.17800e-01
 5.00000e-01  1.33787e-01 -1.14018e-04  5.73071e-03 -8.52234e-04  2.87235e-04 -2.98543e-04  1.17748e-01
 1.00000e+00  1.33869e-01 -2.28691e-04  5.69292e-03 -1.70832e-03  2.54796e-04 -3.05689e-04  1.17597e-01
 1.50000e+00  1.34004e-01 -3.44682e-04  5.63369e-03 -2.57217e-03  2.03706e-04 -3.17532e-04  1.17364e-01
 2.00000e+00  1.34188e-01 -4.62659e-04  5.55810e-03 -3.44784e-03  1.38027e-04 -3.33975e-04  1.17072e-01
 2.50000e+00  1.34416e-01 -5.83300e-04  5.47239e-03 -4.33951e-03  6.27152e-05 -3.54881e-04  1.16752e-01
 3.00000e+00  1.34683e-01 -7.07285e-04  5.38314e-03 -5.25146e-03 -1.69541e-05 -3.80078e-04  1.16435e-01
 3.50000e+00  1.34985e-01 -8.35287e-04  5.29664e-03 -6.18800e-03 -9.59561e-05 -4.09361e-04  1.16149e-01
 4.00000e+00  1.35317e-01 -9.67960e-04  5.21823e-03 -7.15330e-03 -1.69979e-04 -4.42494e-04  1.15920e-01
 4.50000e+00  1.35674e-01 -1.10592e-03  5.15199e-03 -8.15127e-03 -2.35735e-04 -4.79210e-04  1.15765e-01
 5.00000e+00  1.36056e-01 -1.24972e-03  5.10053e-03 -9.18537e-03 -2.91092e-04 -5.19220e-04  1.15696e-01
 5.50000e+00  1.36460e-01 -1.39986e-03  5.06508e-03 -1.02584e-02 -3.35042e-04 -5.62209e-04  1.15719e-01
 6.00000e+00  1.36887e-01 -1.55673e-03  5.04567e-03 -1.13724e-02 -3.67551e-04 -6.07845e-04  1.15831e-01
 6.50000e+00  1.37338e-01 -1.72063e-03  5.04142e-03 -1.25284e-02 -3.89336e-04 -6.55780e-04  1.16031e-01
 7.00000e+00  1.37816e-01 -1.89173e-03  5.05086e-03 -1.37265e-02 -4.01630e-04 -7.05652e-04  1.16310e-01
 7.50000e+00  1.38325e-01 -2.07010e-03  5.07219e-03 -1.49654e-02 -4.05954e-04 -7.57089e-04  1.16663e-01
 8.00000e+00  1.38870e-01 -2.25564e-03  5.10352e-03 -1.62429e-02 -4.03943e-04 -8.09715e-04  1.17080e-01
 8.50000e+00  1.39455e-01 -2.44815e-03  5.14301e-03 -1.75551e-02 -3.97215e-04 -8.63146e-04  1.17556e-01
 9.00000e+00  1.40088e-01 -2.64728e-03  5.18899e-03 -1.88973e-02 -3.87287e-04 -9.16998e-04  1.18086e-01
 9.50000e+00  1.40773e-01 -2.85253e-03  5.23998e-03 -2.02633e-02 -3.75533e-04 -9.70887e-04  1.18664e-01
 1.00000e+01  1.41519e-01 -3.06327e-03  5.29471e-03 -2.16457e-02 -3.63170e-04 -1.02443e-03  1.19288e-01
 1.05000e+01  1.42331e-01 -3.27876e-03  5.35211e-03 -2.30362e-02 -3.51257e-04 -1.07725e-03  1.19956e-01
 1.10000e+01  1.43216e-01 -3.49809e-03  5.41129e-03 -2.44254e-02 -3.40716e-04 -1.12897e-03  1.20667e-01
 1.15000e+01  1.44180e-01 -3.72029e-03  5.47149e-03 -2.58031e-02 -3.32342e-04 -1.17922e-03  1.21419e-01
 1.20000e+01  1.45229e-01 -3.94423e-03  5.53205e-03 -2.71587e-02 -3.26826e-04 -1.22763e-03  1.22214e-01
 1.25000e+01  1.46369e-01 -4.16872e-03  5.59241e-03 -2.84809e-02 -3.24770e-04 -1.27386e-03  1.23051e-01
 1.30000e+01  1.47605e-01 -4.39250e-03  5.65207e-03 -2.97584e-02 -3.26697e-04 -1.31755e-03  1.23931e-01
 1.35000e+01  1.48942e-01 -4.61422e-03  5.71056e-03 -3.09799e-02 -3.33060e-04 -1.35837e-03  1.24855e-01
 1.40000e+01  1.50384e-01 -4.83252e-03  5.76746e-03 -3.21346e-02 -3.44247e-04 -1.39600e-03  1.25824e-01
 1.45000e+01  1.51933e-01 -5.04600e-03  5.82236e-03 -3.32120e-02 -3.60580e-04 -1.43010e-03  1.26836e-01
 1.50000e+01  1.53592e-01 -5.25327e-03  5.87489e-03 -3.42027e-02 -3.82317e-04 -1.46040e-03  1.27895e-01
 1.55000e+01  1.55363e-01 -5.45295e-03  5.92470e-03 -3.50980e-02 -4.09645e-04 -1.48659e-03  1.28999e-01
 1.60000e+01  1.57248e-01 -5.64372e-03  5.97146e-03 -3.58907e-02 -4.42674e-04 -1.50842e-03  1.30148e-01
 1.65000e+01  1.59244e-01 -5.82431e-03  6.01487e-03 -3.65747e-02 -4.81434e-04 -1.52564e-03  1.31344e-01
 1.70000e+01  1.61353e-01 -5.99352e-03  6.05469e-03 -3.71454e-02 -5.25871e-04 -1.53801e-03  1.32585e-01
 1.75000e+01  1.63572e-01 -6.15027e-03  6.09069e-03 -3.75997e-02 -5.75834e-04 -1.54533e-03  1.33872e-01
 1.80000e+01  1.65899e-01 -6.29358e-03  6.12273e-03 -3.79363e-02 -6.31078e-04 -1.54743e-03  1.35203e-01
 1.85000e+01  1.68329e-01 -6.42259e-03  6.15068e-03 -3.81549e-02 -6.91259e-04 -1.54416e-03  1.36579e-01
 1.90000e+01  1.70860e-01 -6.53658e-03  6.17449e-03 -3.82570e-02 -7.55930e-04 -1.53540e-03  1.37998e-01
 1.95000e+01  1.73485e-01 -6.63499e-03  6.19419e-03 -3.82453e-02 -8.24546e-04 -1.52105e-03  1.39460e-01
 2.00000e+01  1.76199e-01 -6.71739e-03  6.20985e-03 -3.81238e-02 -8.96467e-04 -1.50106e-03  1.40962e-01
 2.05000e+01  1.78996e-01 -6.78349e-03  6.22161e-03 -3.78974e-02 -9.70961e-04 -1.47539e-03  1.42503e-01
 2.10000e+01  1.81868e-01 -6.83316e-03  6.22967e-03 -3.75720e-02 -1.04721e-03 -1.44407e-03  1.44081e-01
 2.15000e+01  1.84809e-01 -6.86643e-03  6.23430e-03 -3.71542e-02 -1.12434e-03 -1.40712e-03  1.45695e-01
 2.20000e+01  1.87810e-01 -6.88342e-03  6.23582e-03 -3.66510e-02 -1.20141e-03 -1.36461e-03  1.47342e-01
 2.25000e+01  1.90863e-01 -6.88442e-03  6.23460e-03 -3.60700e-02 -1.27741e-03 -1.31665e-03  1.49019e-01
 2.30000e+01  1.93959e-01 -6.86982e-03  6.23105e-03 -3.54189e-02 -1.35135e-03 -1.26337e-03  1.50723e-01
 2.35000e+01  1.97091e-01 -6.84011e-03  6.22562e-03 -3.47054e-02 -1.42219e-03 -1.20492e-03  1.52452e-01
 2.40000e+01  2.00248e-01 -6.79588e-03  6.21880e-03 -3.39372e-02 -1.48892e-03 -1.14149e-03  1.54203e-01
 2.45000e+01  2.03424e-01 -6.73777e-03  6.21106e-03 -3.31218e-02 -1.55053e-03 -1.07329e-03  1.55971e-01
 2.50000e+01  2.06609e-01 -6.66652e-03  6.20291e-03 -3.22664e-02 -1.60607e-03 -1.00056e-03  1.57754e-01
 2.55000e+01  2.09795e-01 -6.58289e-03  6.19485e-03 -3.13777e-02 -1.65464e-03 -9.23528e-04  1.59549e-01
 2.60000e+01  2.12973e-01 -6.48768e-03  6.18736e-03 -3.04624e-02 -1.69542e-03 -8.42474e-04  1.61350e-01
 2.65000e+01  2.16137e-01 -6.38172e-03  6.18090e-03 -2.95262e-02 -1.72766e-03 -7.57673e-04  1.63156e-01
 2.70000e+01  2.19279e-01 -6.26583e-03  6.17593e-03 -2.85747e-02 -1.75071e-03 -6.69416e-04  1.64962e-01
 2.75000e+01  2.22391e-01 -6.14086e-03  6.17283e-03 -2.76129e-02 -1.76405e-03 -5.78003e-04  1.66765e-01
 2.80000e+01  2.25468e-01 -6.00760e-03  6.17197e-03 -2.66450e-02 -1.76723e-03 -4.83737e-04  1.68561e-01
 2.85000e+01  2.28503e-01 -5.86687e-03  6.17365e-03 -2.56752e-02 -1.75996e-03 -3.86928e-04  1.70347e-01
 2.90000e+01  2.31492e-01 -5.71943e-03  6.17814e-03 -2.47068e-02 -1.74203e-03 -2.87886e-04  1.72120e-01
 2.95000e+01  2.34428e-01 -5.56600e-03  6.18565e-03 -2.37429e-02 -1.71339e-03 -1.86920e-04  1.73876e-01
 3.00000e+01  2.37308e-01 -5.40730e-03  6.19630e-03 -2.27860e-02 -1.67408e-03 -8.43359e-05  1.75613e-01
 3.05000e+01  2.40128e-01 -5.24398e-03  6.21020e-03 -2.18383e-02 -1.62425e-03  1.95638e-05  1.77327e-01
 3.10000e+01  2.42884e-01 -5.07666e-03  6.22738e-03 -2.09016e-02 -1.56416e-03  1.24484e-04  1.79016e-01
 3.15000e+01  2.45575e-01 -4.90591e-03  6.24781e-03 -1.99773e-02 -1.49418e-03  2.30136e-04  1.80677e-01
 3.20000e+01  2.48196e-01 -4.73228e-03  6.27141e-03 -1.90667e-02 -1.41475e-03  3.36242e-04  1.82310e-01
 3.25000e+01  2.50748e-01 -4.55624e-03  6.29806e-03 -1.81706e-02 -1.32640e-03  4.42533e-04  1.83910e-01
 3.30000e+01  2.53228e-01 -4.37826e-03  6.32758e-03 -1.72898e-02 -1.22971e-03  5.48753e-04  1.85477e-01
 3.35000e+01  2.55636e-01 -4.19877e-03  6.35977e-03 -1.64248e-02 -1.12532e-03  6.54656e-04  1.87010e-01
 3.40000e+01  2.57972e-01 -4.01814e-03  6.39436e-03 -1.55759e-02 -1.01392e-03  7.60012e-04  1.88506e-01
 3.45000e+01  2.60235e-01 -3.83673e-03  6.43109e-03 -1.47434e-02 -8.96237e-04  8.64604e-04  1.89965e-01
 3.50000e+01  2.62425e-01 -3.65489e-03  6.46965e-03 -1.39274e-02 -7.72996e-04  9.68229e-04  1.91385e-01
 3.55000e+01  2.64544e-01 -3.47291e-03  6.50971e-03 -1.31279e-02 -6.44948e-04  1.07070e-03  1.92767e-01
 3.60000e+01  2.66591e-01 -3.29109e-03  6.55094e-03 -1.23451e-02 -5.12839e-04  1.17184e-03  1.94110e-01
 3.65000e+01  2.68570e-01 -3.10969e-03  6.59298e-03 -1.15787e-02 -3.77408e-04  1.27150e-03  1.95412e-01
 3.70000e+01  2.70480e-01 -2.92899e-03  6.63550e-03 -1.08288e-02 -2.39377e-04  1.36953e-03  1.96675e-01
 3.75000e+01  2.72324e-01 -2.74921e-03  6.67813e-03 -1.00953e-02 -9.94463e-05  1.46581e-03  1.97898e-01
 3.80000e+01  2.74104e-01 -2.57060e-03  6.72053e-03 -9.37820e-03  4.17127e-05  1.56023e-03  1.99081e-01
 3.85000e+01  2.75821e-01 -2.39339e-03  6.76236e-03 -8.67733e-03  1.83461e-04  1.65269e-03  2.00225e-01
 3.90000e+01  2.77477e-01 -2.21780e-03  6.80327e-03 -7.99270e-03  3.25193e-04  1.74312e-03  2.01330e-01
 3.95000e+01  2.79076e-01 -2.04404e-03  6.84295e-03 -7.32431e-03  4.66346e-04  1.83145e-03  2.02397e-01
 4.00000e+01  2.80618e-01 -1.87233e-03  6.88108e-03 -6.67216e-03  6.06392e-04  1.91762e-03  2.03426e-01
 4.05000e+01  2.82106e-01 -1.70287e-03  6.91738e-03 -6.03629e-03  7.44845e-04  2.00160e-03  2.04418e-01
 4.10000e+01  2.83543e-01 -1.53588e-03  6.95154e-03 -5.41676e-03  8.81260e-04  2.08336e-03  2.05373e-01
 4.15000e+01  2.84931e-01 -1.37156e-03  6.98332e-03 -4.81367e-03  1.01523e-03  2.16288e-03  2.06293e-01
 4.20000e+01  2.86272e-01 -1.21011e-03  7.01246e-03 -4.22712e-03  1.14638e-03  2.24017e-03  2.07178e-01
 4.25000e+01  2.87568e-01 -1.05171e-03  7.03871e-03 -3.65726e-03  1.27438e-03  2.31522e-03  2.08030e-01
 4.30000e+01  2.88822e-01 -8.96574e-04  7.06186e-03 -3.10424e-03  1.39892e-03  2.38804e-03  2.08849e-01
 4.35000e+01  2.90037e-01 -7.44877e-04  7.08170e-03 -2.56822e-03  1.51974e-03  2.45866e-03  2.09635e-01
 4.40000e+01  2.91213e-01 -5.96805e-04  7.09801e-03 -2.04938e-03  1.63659e-03  2.52708e-03  2.10391e-01
 4.45000e+01  2.92353e-01 -4.52536e-04  7.11062e-03 -1.54791e-03  1.74923e-03  2.59335e-03  2.11117e-01
 4.50000e+01  2.93460e-01 -3.12241e-04  7.11933e-03 -1.06400e-03  1.85746e-03  2.65747e-03  2.11813e-01
 4.55000e+01  2.94534e-01 -1.76087e-04  7.12396e-03 -5.97848e-04  1.96109e-03  2.71950e-03  2.12481e-01
 4.60000e+01  2.95579e-01 -4.42311e-05  7.12435e-03 -1.49642e-04  2.05993e-03  2.77944e-03  2.13121e-01
 4.65000e+01  2.96594e-01  8.31735e-05  7.12030e-03  2.80429e-04  2.15379e-03  2.83733e-03  2.13734e-01
 4.70000e+01  2.97583e-01  2.05982e-04  7.11164e-03  6.92183e-04  2.24250e-03  2.89319e-03  2.14320e-01
 4.75000e+01  2.98545e-01  3.24055e-04  7.09818e-03  1.08545e-03  2.32587e-03  2.94703e-03  2.14881e-01
 4.80000e+01  2.99484e-01  4.37262e-04  7.07973e-03  1.46005e-03  2.40369e-03  2.99887e-03  2.15416e-01
 4.85000e+01  3.00398e-01  5.45478e-04  7.05609e-03  1.81585e-03  2.47575e-03  3.04871e-03  2.15925e-01
 4.90000e+01  3.01291e-01  6.48582e-04  7.02702e-03  2.15268e-03  2.54181e-03  3.09656e-03  2.16409e-01
 4.95000e+01  3.02162e-01  7.46462e-04  6.99231e-03  2.47041e-03  2.60162e-03  3.14240e-03  2.16868e-01
 5.00000e+01  3.03011e-01  8.39008e-04  6.95170e-03  2.76890e-03  2.65488e-03  3.18623e-03  2.17302e-01
 5.05000e+01  3.03840e-01  9.26114e-04  6.90492e-03  3.04803e-03  2.70127e-03  3.22801e-03  2.17711e-01
 5.10000e+01  3.04649e-01  1.00768e-03  6.85169e-03  3.30767e-03  2.74044e-03  3.26771e-03  2.18093e-01
 5.15000e+01  3.05437e-01  1.08360e-03  6.79171e-03  3.54770e-03  2.77197e-03  3.30530e-03  2.18449e-01
 5.20000e+01  3.06204e-01  1.15378e-03  6.72465e-03  3.76799e-03  2.79544e-03  3.34072e-03  2.18777e-01
 5.25000e+01  3.06951e-01  1.21811e-03  6.65016e-03  3.96842e-03  2.81034e-03  3.37392e-03  2.19077e-01
 5.30000e+01  3.07675e-01  1.27650e-03  6.56788e-03  4.14885e-03  2.81614e-03  3.40485e-03  2.19348e-01
 5.35000e+01  3.08377e-01  1.32883e-03  6.47744e-03  4.30912e-03  2.81225e-03  3.43342e-03  2.19588e-01
 5.40000e+01  3.09054e-01  1.37500e-03  6.37845e-03  4.44907e-03  2.79803e-03  3.45958e-03  2.19795e-01
 5.45000e+01  3.09706e-01  1.41490e-03  6.27051e-03  4.56853e-03  2.77278e-03  3.48324e-03  2.19968e-01
 5.50000e+01  3.10329e-01  1.44840e-03  6.15321e-03  4.66728e-03  2.73576e-03  3.50433e-03  2.20105e-01
 5.55000e+01  3.10923e-01  1.47536e-03  6.02615e-03  4.74510e-03  2.68616e-03  3.52277e-03  2.20203e-01
 5.60000e+01  3.11484e-01  1.49566e-03  5.88892e-03  4.80172e-03  2.62316e-03  3.53846e-03  2.20260e-01
 5.65000e+01  3.12009e-01  1.50915e-03  5.74116e-03  4.83686e-03  2.54586e-03  3.55134e-03  2.20273e-01
 5.70000e+01  3.12494e-01  1.51566e-03  5.58249e-03  4.85019e-03  2.45334e-03  3.56132e-03  2.20239e-01
 5.75000e+01  3.12936e-01  1.51503e-03  5.41260e-03  4.84134e-03  2.34465e-03  3.56832e-03  2.20155e-01
 5.80000e+01  3.13329e-01  1.50709e-03  5.23123e-03  4.80991e-03  2.21882e-03  3.57227e-03  2.20017e-01
 5.85000e+01  3.13669e-01  1.49163e-03  5.03817e-03  4.75544e-03  2.07490e-03  3.57311e-03  2.19821e-01
 5.90000e+01  3.13950e-01  1.46848e-03  4.83330e-03  4.67744e-03  1.91195e-03  3.57075e-03  2.19563e-01
 5.95000e+01  3.14165e-01  1.43742e-03  4.61663e-03  4.57536e-03  1.72905e-03  3.56515e-03  2.19240e-01
 6.00000e+01  3.14307e-01  1.39823e-03  4.38827e-03  4.44862e-03  1.52537e-03  3.55625e-03  2.18846e-01
 6.05000e+01  3.14369e-01  1.35070e-03  4.14849e-03  4.29656e-03  1.30018e-03  3.54401e-03  2.18377e-01
 6.10000e+01  3.14342e-01  1.29461e-03  3.89776e-03  4.11849e-03  1.05287e-03  3.52838e-03  2.17828e-01
 6.15000e+01  3.14216e-01  1.22973e-03  3.63672e-03  3.91366e-03  7.83030e-04  3.50934e-03  2.17193e-01
 6.20000e+01  3.13982e-01  1.15585e-03  3.36627e-03  3.68125e-03  4.90451e-04  3.48686e-03  2.16469e-01
 6.25000e+01  3.13630e-01  1.07275e-03  3.08759e-03  3.42042e-03  1.75207e-04  3.46092e-03  2.15649e-01
 6.30000e+01  3.13146e-01  9.80226e-04  2.80211e-03  3.13025e-03 -1.62307e-04  3.43151e-03  2.14730e-01
 6.35000e+01  3.12520e-01  8.78105e-04  2.51160e-03  2.80975e-03 -5.21313e-04  3.39863e-03  2.13705e-01
 6.40000e+01  3.11738e-01  7.66225e-04  2.21818e-03  2.45791e-03 -9.00593e-04  3.36229e-03  2.12569e-01
 6.45000e+01  3.10787e-01  6.44460e-04  1.92428e-03  2.07364e-03 -1.29844e-03  3.32250e-03  2.11319e-01
 6.50000e+01  3.09651e-01  5.12720e-04  1.63271e-03  1.65580e-03 -1.71259e-03  3.27926e-03  2.09949e-01
 6.55000e+01  3.08316e-01  3.70966e-04  1.34663e-03  1.20320e-03 -2.14021e-03  3.23261e-03  2.08456e-01
 6.60000e+01  3.06767e-01  2.19213e-04  1.06955e-03  7.14590e-04 -2.57780e-03  3.18258e-03  2.06836e-01
 6.65000e+01  3.04988e-01  5.75432e-05  8.05251e-04  1.88674e-04 -3.02125e-03  3.12919e-03  2.05085e-01
 6.70000e+01  3.02962e-01 -1.13882e-04  5.57814e-04 -3.75894e-04 -3.46576e-03  3.07249e-03  2.03202e-01
 6.75000e+01  3.00675e-01 -2.94814e-04  3.31500e-04 -9.80508e-04 -3.90593e-03  3.01253e-03  2.01185e-01
 6.80000e+01  2.98109e-01 -4.84905e-04  1.30690e-04 -1.62660e-03 -4.33572e-03  2.94935e-03  1.99032e-01
 6.85000e+01  2.95251e-01 -6.83696e-04 -4.02187e-05 -2.31564e-03 -4.74862e-03  2.88303e-03  1.96743e-01
 6.90000e+01  2.92085e-01 -8.90607e-04 -1.76936e-04 -3.04914e-03 -5.13766e-03  2.81363e-03  1.94319e-01
 6.95000e+01  2.88597e-01 -1.10493e-03 -2.75413e-04 -3.82861e-03 -5.49563e-03  2.74122e-03  1.91762e-01
 7.00000e+01  2.84776e-01 -1.32580e-03 -3.31996e-04 -4.65559e-03 -5.81522e-03  2.66590e-03  1.89074e-01
 7.05000e+01  2.80612e-01 -1.55224e-03 -3.43585e-04 -5.53162e-03 -6.08922e-03  2.58777e-03  1.86258e-01
 7.10000e+01  2.76094e-01 -1.78307e-03 -3.07800e-04 -6.45821e-03 -6.31080e-03  2.50694e-03  1.83320e-01
 7.15000e+01  2.71218e-01 -2.01701e-03 -2.23145e-04 -7.43684e-03 -6.47370e-03  2.42355e-03  1.80264e-01
 7.20000e+01  2.65980e-01 -2.25256e-03 -8.91479e-05 -8.46893e-03 -6.57254e-03  2.33775e-03  1.77096e-01
 7.25000e+01  2.60379e-01 -2.48813e-03  9.35028e-05 -9.55580e-03 -6.60307e-03  2.24970e-03  1.73825e-01
 7.30000e+01  2.54418e-01 -2.72193e-03  3.22869e-04 -1.06987e-02 -6.56242e-03  2.15961e-03  1.70458e-01
 7.35000e+01  2.48104e-01 -2.95207e-03  5.95707e-04 -1.18985e-02 -6.44930e-03  2.06769e-03  1.67004e-01
 7.40000e+01  2.41448e-01 -3.17653e-03  9.07462e-04 -1.31562e-02 -6.26414e-03  1.97418e-03  1.63471e-01
 7.45000e+01  2.34464e-01 -3.39318e-03  1.25232e-03 -1.44721e-02 -6.00926e-03  1.87937e-03  1.59870e-01
 7.50000e+01  2.27170e-01 -3.59984e-03  1.62331e-03 -1.58464e-02 -5.68881e-03  1.78356e-03  1.56211e-01
 7.55000e+01  2.19590e-01 -3.79425e-03  2.01248e-03 -1.72788e-02 -5.30878e-03  1.68708e-03  1.52503e-01
 7.60000e+01  2.11751e-01 -3.97417e-03  2.41112e-03 -1.87681e-02 -4.87683e-03  1.59031e-03  1.48758e-01
 7.65000e+01  2.03684e-01 -4.13738e-03  2.81005e-03 -2.03127e-02 -4.40205e-03  1.49363e-03  1.44987e-01
 7.70000e+01  1.95424e-01 -4.28171e-03  3.19988e-03 -2.19098e-02 -3.89469e-03  1.39749e-03  1.41199e-01
 7.75000e+01  1.87009e-01 -4.40511e-03  3.57140e-03 -2.35556e-02 -3.36581e-03  1.30233e-03  1.37404e-01
 7.80000e+01  1.78481e-01 -4.50568e-03  3.91589e-03 -2.52446e-02 -2.82684e-03  1.20863e-03  1.33614e-01
 7.85000e+01  1.69884e-01 -4.58173e-03  4.22545e-03 -2.69698e-02 -2.28916e-03  1.11690e-03  1.29838e-01
 7.90000e+01  1.61263e-01 -4.63178e-03  4.49331e-03 -2.87219e-02 -1.76370e-03  1.02766e-03  1.26084e-01
 7.95000e+01  1.52666e-01 -4.65464e-03  4.71405e-03 -3.04890e-02 -1.26054e-03  9.41416e-04  1.22363e-01
 8.00000e+01  1.44141e-01 -4.64944e-03  4.88383e-03 -3.22563e-02 -7.88539e-04  8.58711e-04  1.18682e-01
 8.05000e+01  1.35734e-01 -4.61566e-03  5.00047e-03 -3.40052e-02 -3.55052e-04  7.80063e-04  1.15049e-01
 8.10000e+01  1.27492e-01 -4.55315e-03  5.06353e-03 -3.57132e-02  3.42574e-05  7.05984e-04  1.11472e-01
 8.15000e+01  1.19460e-01 -4.46216e-03  5.07422e-03 -3.73527e-02  3.75544e-04  6.36958e-04  1.07958e-01
 8.20000e+01  1.11680e-01 -4.34335e-03  5.03533e-03 -3.88910e-02  6.66797e-04  5.73441e-04  1.04511e-01
 8.25000e+01  1.04190e-01 -4.19781e-03  4.95102e-03 -4.02898e-02  9.07770e-04  5.15845e-04  1.01140e-01
 8.30000e+01  9.70254e-02 -4.02703e-03  4.82655e-03 -4.15049e-02  1.09983e-03  4.64531e-04  9.78471e-02
 8.35000e+01  9.02155e-02 -3.83292e-03  4.66805e-03 -4.24863e-02  1.24572e-03  4.19798e-04  9.46392e-02
 8.40000e+01  8.37855e-02 -3.61778e-03  4.48216e-03 -4.31791e-02  1.34933e-03  3.81880e-04  9.15208e-02
 8.45000e+01  7.77548e-02 -3.38427e-03  4.27574e-03 -4.35248e-02  1.41537e-03  3.50930e-04  8.84966e-02
 8.50000e+01  7.21370e-02 -3.13536e-03  4.05556e-03 -4.34640e-02  1.44904e-03  3.27023e-04  8.55715e-02
 8.55000e+01  6.69400e-02 -2.87434e-03  3.82805e-03 -4.29390e-02  1.45579e-03  3.10149e-04  8.27509e-02
 8.60000e+01  6.21655e-02 -2.60467e-03  3.59909e-03 -4.18989e-02  1.44103e-03  3.00209e-04  8.00405e-02
 8.65000e+01  5.78101e-02 -2.33001e-03  3.37381e-03 -4.03046e-02  1.40991e-03  2.97020e-04  7.74469e-02
 8.70000e+01  5.38645e-02 -2.05408e-03  3.15654e-03 -3.81342e-02  1.36716e-03  3.00315e-04  7.49774e-02
 8.75000e+01  5.03151e-02 -1.78060e-03  2.95076e-03 -3.53890e-02  1.31695e-03  3.09752e-04  7.26405e-02
 8.80000e+01  4.71438e-02 -1.51321e-03  2.75909e-03 -3.20977e-02  1.26287e-03  3.24917e-04  7.04459e-02
 8.85000e+01  4.43290e-02 -1.25535e-03  2.58339e-03 -2.83190e-02  1.20789e-03  3.45337e-04  6.84044e-02
 8.90000e+01  4.18466e-02 -1.01021e-03  2.42479e-03 -2.41408e-02  1.15440e-03  3.70487e-04  6.65276e-02
 8.95000e+01  3.96705e-02 -7.80599e-04  2.28388e-03 -1.96771e-02  1.10424e-03  3.99802e-04  6.48279e-02
 9.00000e+01  3.77735e-02 -5.68906e-04  2.16075e-03 -1.50610e-02  1.05878e-03  4.32685e-04  6.33176e-02
 9.05000e+01  3.61280e-02 -3.77029e-04  2.05512e-03 -1.04359e-02  1.01897e-03  4.68518e-04  6.20083e-02
 9.10000e+01  3.47069e-02 -2.06337e-04  1.96645e-03 -5.94514e-03  9.85450e-04  5.06673e-04  6.09104e-02
 9.15000e+01  3.34838e-02 -5.76593e-05  1.89397e-03 -1.72201e-03  9.58563e-04  5.46516e-04  6.00317e-02
 9.20000e+01  3.24339e-02  6.87110e-05  1.83679e-03  2.11849e-03  9.38430e-04  5.87421e-04  5.93771e-02
 9.25000e+01  3.15340e-02  1.72982e-04  1.79387e-03  5.48557e-03  9.24973e-04  6.28776e-04  5.89472e-02
 9.30000e+01  3.07629e-02  2.55812e-04  1.76405e-03  8.31561e-03  9.17933e-04  6.69990e-04  5.87376e-02
 9.35000e+01  3.01018e-02  3.18245e-04  1.74608e-03  1.05723e-02  9.16892e-04  7.10504e-04  5.87385e-02
 9.40000e+01  2.95340e-02  3.61631e-04  1.73859e-03  1.22446e-02  9.21275e-04  7.49800e-04  5.89342e-02
 9.45000e+01  2.90454e-02  3.87544e-04  1.74008e-03  1.33427e-02  9.30367e-04  7.87403e-04  5.93029e-02
 9.50000e+01  2.86242e-02  3.97700e-04  1.74898e-03  1.38939e-02  9.43325e-04  8.22890e-04  5.98171e-02
 9.55000e+01  2.82606e-02  3.93888e-04  1.76363e-03  1.39377e-02  9.59213e-04  8.55890e-04  6.04444e-02
 9.60000e+01  2.79472e-02  3.77898e-04  1.78236e-03  1.35219e-02  9.77026e-04  8.86088e-04  6.11488e-02
 9.65000e+01  2.76782e-02  3.51474e-04  1.80350e-03  1.26986e-02  9.95736e-04  9.13223e-04  6.18918e-02
 9.70000e+01  2.74497e-02  3.16277e-04  1.82545e-03  1.15221e-02  1.01433e-03  9.37083e-04  6.26342e-02
 9.75000e+01  2.72588e-02  2.73861e-04  1.84673e-03  1.00467e-02  1.03186e-03  9.57502e-04  6.33380e-02
 9.80000e+01  2.71038e-02  2.25661e-04  1.86604e-03  8.32581e-03  1.04745e-03  9.74351e-04  6.39678e-02
 9.85000e+01  2.69837e-02  1.72998e-04  1.88225e-03  6.41120e-03  1.06038e-03  9.87540e-04  6.44924e-02
 9.90000e+01  2.68981e-02  1.17089e-04  1.89447e-03  4.35305e-03  1.07005e-03  9.97002e-04  6.48863e-02
 9.95000e+01  2.68468e-02  5.90653e-05  1.90206e-03  2.20009e-03  1.07603e-03  1.00270e-03  6.51305e-02
 1.00000e+02  2.68296e-02  7.52653e-16  1.90464e-03  2.80530e-14  1.07805e-03  1.00460e-03  6.52132e-02
 1.00500e+02  2.68468e-02 -5.90653e-05  1.90206e-03 -2.20009e-03  1.07603e-03  1.00270e-03  6.51305e-02
 1.01000e+02  2.68981e-02 -1.17089e-04  1.89447e-03 -4.35305e-03  1.07005e-03  9.97002e-04  6.48863e-02
 1.01500e+02  2.69837e-02 -1.72998e-04  1.88225e-03 -6.41120e-03  1.06038e-03  9.87540e-04  6.44924e-02
 1.02000e+02  2.71038e-02 -2.25661e-04  1.86604e-03 -8.32581e-03  1.04745e-03  9.74351e-04  6.39678e-02
 1.02500e+02  2.72588e-02 -2.73861e-04  1.84673e-03 -1.00467e-02  1.03186e-03  9.57502e-04  6.33380e-02
 1.03000e+02  2.74497e-02 -3.16277e-04  1.82545e-03 -1.15221e-02  1.01433e-03  9.37083e-04  6.26342e-02
 1.03500e+02  2.76782e-02 -3.51474e-04  1.80350e-03 -1.26986e-02  9.95736e-04  9.13223e-04  6.18918e-02
 1.04000e+02  2.79472e-02 -3.77898e-04  1.78236e-03 -1.35219e-02  9.77026e-04  8.86088e-04  6.11488e-02
 1.04500e+02  2.82606e-02 -3.93888e-04  1.76363e-03 -1.39377e-02  9.59213e-04  8.55890e-04  6.04444e-02
 1.05000e+02  2.86242e-02 -3.97700e-04  1.74898e-03 -1.38939e-02  9.43325e-04  8.22890e-04  5.98171e-02
 1.05500e+02  2.90454e-02 -3.87544e-04  1.74008e-03 -1.33427e-02  9.30367e-04  7.87403e-04  5.93029e-02
 1.06000e+02  2.95340e-02 -3.61631e-04  1.73859e-03 -1.22446e-02  9.21275e-04  7.49800e-04  5.89342e-02
 1.06500e+02  3.01018e-02 -3.18245e-04  1.74608e-03 -1.05723e-02  9.16892e-04  7.10504e-04  5.87385e-02
 1.07000e+02  3.07629e-02 -2.55812e-04  1.76405e-03 -8.31561e-03  9.17933e-04  6.69990e-04  5.87376e-02
 1.07500e+02  3.15340e-02 -1.72982e-04  1.79387e-03 -5.48557e-03  9.24973e-04  6.28776e-04  5.89472e-02
 1.08000e+02  3.24339e-02 -6.87110e-05  1.83679e-03 -2.11849e-03  9.38430e-04  5.87421e-04  5.93771e-02
 1.08500e+02  3.34838e-02  5.76593e-05  1.89397e-03  1.72201e-03  9.58563e-04  5.46516e-04  6.00317e-02
 1.09000e+02  3.47069e-02  2.06337e-04  1.96645e-03  5.94514e-03  9.85450e-04  5.06673e-04  6.09104e-02
 1.09500e+02  3.61280e-02  3.77029e-04  2.05512e-03  1.04359e-02  1.01897e-03  4.68518e-04  6.20083e-02
 1.10000e+02  3.77735e-02  5.68906e-04  2.16075e-03  1.50610e-02  1.05878e-03  4.32685e-04  6.33176e-02
 1.10500e+02  3.96705e-02  7.80599e-04  2.28388e-03  1.96771e-02  1.10424e-03  3.99802e-04  6.48279e-02
 1.11000e+02  4.18466e-02  1.01021e-03  2.42479e-03  2.41408e-02  1.15440e-03  3.70487e-04  6.65276e-02
 1.11500e+02  4.43290e-02  1.25535e-03  2.58339e-03  2.83190e-02  1.20789e-03  3.45337e-04  6.84044e-02
 1.12000e+02  4.71438e-02  1.51321e-03  2.75909e-03  3.20977e-02  1.26287e-03  3.24917e-04  7.04459e-02
 1.12500e+02  5.03151e-02  1.78060e-03  2.95076e-03  3.53890e-02  1.31695e-03  3.09752e-04  7.26405e-02
 1.13000e+02  5.38645e-02  2.05408e-03  3.15654e-03  3.81342e-02  1.36716e-03  3.00315e-04  7.49774e-02
 1.13500e+02  5.78101e-02  2.33001e-03  3.37381e-03  4.03046e-02  1.40991e-03  2.97020e-04  7.74469e-02
 1.14000e+02  6.21655e-02  2.60467e-03  3.59909e-03  4.18989e-02  1.44103e-03  3.00209e-04  8.00405e-02
 1.14500e+02  6.69400e-02  2.87434e-03  3.82805e-03  4.29390e-02  1.45579e-03  3.10149e-04  8.27509e-02
 1.15000e+02  7.21370e-02  3.13536e-03  4.05556e-03  4.34640e-02  1.44904e-03  3.27023e-04  8.55715e-02
 1.15500e+02  7.77548e-02  3.38427e-03  4.27574e-03  4.35248e-02  1.41537e-03  3.50930e-04  8.84966e-02
 1.16000e+02  8.37855e-02  3.61778e-03  4.48216e-03  4.31791e-02  1.34933e-03  3.81880e-04  9.15208e-02
 1.16500e+02  9.02155e-02  3.83292e-03  4.66805e-03  4.24863e-02  1.24572e-03  4.19798e-04  9.46392e-02
 1.17000e+02  9.70254e-02  4.02703e-03  4.82655e-03  4.15049e-02  1.09983e-03  4.64531e-04  9.78471e-02
 1.17500e+02  1.04190e-01  4.19781e-03  4.95102e-03  4.02898e-02  9.07770e-04  5.15845e-04  1.01140e-01
 1.18000e+02  1.11680e-01  4.34335e-03  5.03533e-03  3.88910e-02  6.66797e-04  5.73441e-04  1.04511e-01
 1.18500e+02  1.19460e-01  4.46216e-03  5.07422e-03  3.73527e-02  3.75544e-04  6.36958e-04  1.07958e-01
 1.19000e+02  1.27492e-01  4.55315e-03  5.06353e-03  3.57132e-02  3.42574e-05  7.05984e-04  1.11472e-01
 1.19500e+02  1.35734e-01  4.61566e-03  5.00047e-03  3.40052e-02 -3.55052e-04  7.80063e-04  1.15049e-01
 1.20000e+02  1.44141e-01  4.64944e-03  4.88383e-03  3.22563e-02 -7.88539e-04  8.58711e-04  1.18682e-01
 1.20500e+02  1.52666e-01  4.65464e-03  4.71405e-03  3.04890e-02 -1.26054e-03  9.41416e-04  1.22363e-01
 1.21000e+02  1.61263e-01  4.63178e-03  4.49331e-03  2.87219e-02 -1.76370e-03  1.02766e-03  1.26084e-01
 1.21500e+02  1.69884e-01  4.58173e-03  4.22545e-03  2.69698e-02 -2.28916e-03  1.11690e-03  1.29838e-01
 1.22000e+02  1.78481e-01  4.50568e-03  3.91589e-03  2.52446e-02 -2.82684e-03  1.20863e-03  1.33614e-01
 1.22500e+02  1.87009e-01  4.40511e-03  3.57140e-03  2.35556e-02 -3.36581e-03  1.30233e-03  1.37404e-01
 1.23000e+02  1.95424e-01  4.28171e-03  3.19988e-03  2.19098e-02 -3.89469e-03  1.39749e-03  1.41199e-01
 1.23500e+02  2.03684e-01  4.13738e-03  2.81005e-03  2.03127e-02 -4.40205e-03  1.49363e-03  1.44987e-01
 1.24000e+02  2.11751e-01  3.97417e-03  2.41112e-03  1.87681e-02 -4.87683e-03  1.59031e-03  1.48758e-01
 1.24500e+02  2.19590e-01  3.79425e-03  2.01248e-03  1.72788e-02 -5.30878e-03  1.68708e-03  1.52503e-01
 1.25000e+02  2.27170e-01  3.59984e-03  1.62331e-03  1.58464e-02 -5.68881e-03  1.78356e-03  1.56211e-01
 1.25500e+02  2.34464e-01  3.39318e-03  1.25232e-03  1.44721e-02 -6.00926e-03  1.87937e-03  1.59870e-01
 1.26000e+02  2.41448e-01  3.17653e-03  9.07462e-04  1.31562e-02 -6.26414e-03  1.97418e-03  1.63471e-01
 1.26500e+02  2.48104e-01  2.95207e-03  5.95707e-04  1.18985e-02 -6.44930e-03  2.06769e-03  1.67004e-01
 1.27000e+02  2.54418e-01  2.72193e-03  3.22869e-04  1.06987e-02 -6.56242e-03  2.15961e-03  1.70458e-01
 1.27500e+02  2.60379e-01  2.48813e-03  9.35028e-05  9.55580e-03 -6.60307e-03  2.24970e-03  1.73825e-01
 1.28000e+02  2.65980e-01  2.25256e-03 -8.91479e-05  8.46893e-03 -6.57254e-03  2.33775e-03  1.77096e-01
 1.28500e+02  2.71218e-01  2.01701e-03 -2.23145e-04  7.43684e-03 -6.47370e-03  2.42355e-03  1.80264e-01
 1.29000e+02  2.76094e-01  1.78307e-03 -3.07800e-04  6.45821e-03 -6.31080e-03  2.50694e-03  1.83320e-01
 1.29500e+02  2.80612e-01  1.55224e-03 -3.43585e-04  5.53162e-03 -6.08922e-03  2.58777e-03  1.86258e-01
 1.30000e+02  2.84776e-01  1.32580e-03 -3.31996e-04  4.65559e-03 -5.81522e-03  2.66590e-03  1.89074e-01
 1.30500e+02  2.88597e-01  1.10493e-03 -2.75413e-04  3.82861e-03 -5.49563e-03  2.74122e-03  1.91762e-01
 1.31000e+02  2.92085e-01  8.90607e-04 -1.76936e-04  3.04914e-03 -5.13766e-03  2.81363e-03  1.94319e-01
 1.31500e+02  2.95251e-01  6.83696e-04 -4.02187e-05  2.31564e-03 -4.74862e-03  2.88303e-03  1.96743e-01
 1.32000e+02  2.98109e-01  4.84905e-04  1.30690e-04  1.62660e-03 -4.33572e-03  2.94935e-03  1.99032e-01
 1.32500e+02  3.00675e-01  2.94814e-04  3.31500e-04  9.80508e-04 -3.90593e-03  3.01253e-03  2.01185e-01
 1.33000e+02  3.02962e-01  1.13882e-04  5.57814e-04  3.75894e-04 -3.46576e-03  3.07249e-03  2.03202e-01
 1.33500e+02  3.04988e-01 -5.75432e-05  8.05251e-04 -1.88674e-04 -3.02125e-03  3.12919e-03  2.05085e-01
 1.34000e+02  3.06767e-01 -2.19213e-04  1.06955e-03 -7.14590e-04 -2.57780e-03  3.18258e-03  2.06836e-01
 1.34500e+02  3.08316e-01 -3.70966e-04  1.34663e-03 -1.20320e-03 -2.14021e-03  3.23261e-03  2.08456e-01
 1.35000e+02  3.09651e-01 -5.12720e-04  1.63271e-03 -1.65580e-03 -1.71259e-03  3.27926e-03  2.09949e-01
 1.35500e+02  3.10787e-01 -6.44460e-04  1.92428e-03 -2.07364e-03 -1.29844e-03  3.32250e-03  2.11319e-01
 1.36000e+02  3.11738e-01 -7.66225e-04  2.21818e-03 -2.45791e-03 -9.00593e-04  3.36229e-03  2.12569e-01
 1.36500e+02  3.12520e-01 -8.78105e-04  2.51160e-03 -2.80975e-03 -5.21313e-04  3.39863e-03  2.13705e-01
 1.37000e+02  3.13146e-01 -9.80226e-04  2.80211e-03 -3.13025e-03 -1.62307e-04  3.43151e-03  2.14730e-01
 1.37500e+02  3.13630e-01 -1.07275e-03  3.08759e-03 -3.42042e-03  1.75207e-04  3.46092e-03  2.15649e-01
 1.38000e+02  3.13982e-01 -1.15585e-03  3.36627e-03 -3.68125e-03  4.90451e-04  3.48686e-03  2.16469e-01
 1.38500e+02  3.14216e-01 -1.22973e-03  3.63672e-03 -3.91366e-03  7.83030e-04  3.50934e-03  2.17193e-01
 1.39000e+02  3.14342e-01 -1.29461e-03  3.89776e-03 -4.11849e-03  1.05287e-03  3.52838e-03  2.17828e-01
 1.39500e+02  3.14369e-01 -1.35070e-03  4.14849e-03 -4.29656e-03  1.30018e-03  3.54401e-03  2.18377e-01
 1.40000e+02  3.14307e-01 -1.39823e-03  4.38827e-03 -4.44862e-03  1.52537e-03  3.55625e-03  2.18846e-01
 1.40500e+02  3.14165e-01 -1.43742e-03  4.61663e-03 -4.57536e-03  1.72905e-03  3.56515e-03  2.19240e-01
 1.41000e+02  3.13950e-01 -1.46848e-03  4.83330e-03 -4.67744e-03  1.91195e-03  3.57075e-03  2.19563e-01
 1.41500e+02  3.13669e-01 -1.49163e-03  5.03817e-03 -4.75544e-03  2.07490e-03  3.57311e-03  2.19821e-01
 1.42000e+02  3.13329e-01 -1.50709e-03  5.23123e-03 -4.80991e-03  2.21882e-03  3.57227e-03  2.20017e-01
 1.42500e+02  3.12936e-01 -1.51503e-03  5.41260e-03 -4.84134e-03  2.34465e-03  3.56832e-03  2.20155e-01
 1.43000e+02  3.12494e-01 -1.51566e-03  5.58249e-03 -4.85019e-03  2.45334e-03  3.56132e-03  2.20239e-01
 1.43500e+02  3.12009e-01 -1.50915e-03  5.74116e-03 -4.83686e-03  2.54586e-03  3.55134e-03  2.20273e-01
 1.44000e+02  3.11484e-01 -1.49566e-03  5.88892e-03 -4.80172e-03  2.62316e-03  3.53846e-03  2.20260e-01
 1.44500e+02  3.10923e-01 -1.47536e-03  6.02615e-03 -4.74510e-03  2.68616e-03  3.52277e-03  2.20203e-01
 1.45000e+02  3.10329e-01 -1.44840e-03  6.15321e-03 -4.66728e-03  2.73576e-03  3.50433e-03  2.20105e-01
 1.45500e+02  3.09706e-01 -1.41490e-03  6.27051e-03 -4.56853e-03  2.77278e-03  3.48324e-03  2.19968e-01
 1.46000e+02  3.09054e-01 -1.37500e-03  6.37845e-03 -4.44907e-03  2.79803e-03  3.45958e-03  2.19795e-01
 1.46500e+02  3.08377e-01 -1.32883e-03  6.47744e-03 -4.30912e-03  2.81225e-03  3.43342e-03  2.19588e-01
 1.47000e+02  3.07675e-01 -1.27650e-03  6.56788e-03 -4.14885e-03  2.81614e-03  3.40485e-03  2.19348e-01
 1.47500e+02  3.06951e-01 -1.21811e-03  6.65016e-03 -3.96842e-03  2.81034e-03  3.37392e-03  2.19077e-01
 1.48000e+02  3.06204e-01 -1.15378e-03  6.72465e-03 -3.76799e-03  2.79544e-03  3.34072e-03  2.18777e-01
 1.48500e+02  3.05437e-01 -1.08360e-03  6.79171e-03 -3.54770e-03  2.77197e-03  3.30530e-03  2.18449e-01
 1.49000e+02  3.04649e-01 -1.00768e-03  6.85169e-03 -3.30767e-03  2.74044e-03  3.26771e-03  2.18093e-01
 1.49500e+02  3.03840e-01 -9.26114e-04  6.90492e-03 -3.04803e-03  2.70127e-03  3.22801e-03  2.17711e-01
 1.50000e+02  3.03011e-01 -8.39008e-04  6.95170e-03 -2.76890e-03  2.65488e-03  3.18623e-03  2.17302e-01
 1.50500e+02  3.02162e-01 -7.46462e-04  6.99231e-03 -2.47041e-03  2.60162e-03  3.14240e-03  2.16868e-01
 1.51000e+02  3.01291e-01 -6.48582e-04  7.02702e-03 -2.15268e-03  2.54181e-03  3.09656e-03  2.16409e-01
 1.51500e+02  3.00398e-01 -5.45478e-04  7.05609e-03 -1.81585e-03  2.47575e-03  3.04871e-03  2.15925e-01
 1.52000e+02  2.99484e-01 -4.37262e-04  7.07973e-03 -1.46005e-03  2.40369e-03  2.99887e-03  2.15416e-01
 1.52500e+02  2.98545e-01 -3.24055e-04  7.09818e-03 -1.08545e-03  2.32587e-03  2.94703e-03  2.14881e-01
 1.53000e+02  2.97583e-01 -2.05982e-04  7.11164e-03 -6.92183e-04  2.24250e-03  2.89319e-03  2.14320e-01
 1.53500e+02  2.96594e-01 -8.31735e-05  7.12030e-03 -2.80429e-04  2.15379e-03  2.83733e-03  2.13734e-01
 1.54000e+02  2.95579e-01  4.42311e-05  7.12435e-03  1.49642e-04  2.05993e-03  2.77944e-03  2.13121e-01
 1.54500e+02  2.94534e-01  1.76087e-04  7.12396e-03  5.97848e-04  1.96109e-03  2.71950e-03  2.12481e-01
 1.55000e+02  2.93460e-01  3.12241e-04  7.11933e-03  1.06400e-03  1.85746e-03  2.65747e-03  2.11813e-01
 1.55500e+02  2.92353e-01  4.52536e-04  7.11062e-03  1.54791e-03  1.74923e-03  2.59335e-03  2.11117e-01
 1.56000e+02  2.91213e-01  5.96805e-04  7.09801e-03  2.04938e-03  1.63659e-03  2.52708e-03  2.10391e-01
 1.56500e+02  2.90037e-01  7.44877e-04  7.08170e-03  2.56822e-03  1.51974e-03  2.45866e-03  2.09635e-01
 1.57000e+02  2.88822e-01  8.96574e-04  7.06186e-03  3.10424e-03  1.39892e-03  2.38804e-03  2.08849e-01
 1.57500e+02  2.87568e-01  1.05171e-03  7.03871e-03  3.65726e-03  1.27438e-03  2.31522e-03  2.08030e-01
 1.58000e+02  2.86272e-01  1.21011e-03  7.01246e-03  4.22712e-03  1.14638e-03  2.24017e-03  2.07178e-01
 1.58500e+02  2.84931e-01  1.37156e-03  6.98332e-03  4.81367e-03  1.01523e-03  2.16288e-03  2.06293e-01
 1.59000e+02  2.83543e-01  1.53588e-03  6.95154e-03  5.41676e-03  8.81260e-04  2.08336e-03  2.05373e-01
 1.59500e+02  2.82106e-01  1.70287e-03  6.91738e-03  6.03629e-03  7.44845e-04  2.00160e-03  2.04418e-01
 1.60000e+02  2.80618e-01  1.87233e-03  6.88108e-03  6.67216e-03  6.06392e-04  1.91762e-03  2.03426e-01
 1.60500e+02  2.79076e-01  2.04404e-03  6.84295e-03  7.32431e-03  4.66346e-04  1.83145e-03  2.02397e-01
 1.61000e+02  2.77477e-01  2.21780e-03  6.80327e-03  7.99270e-03  3.25193e-04  1.74312e-03  2.01330e-01
 1.61500e+02  2.75821e-01  2.39339e-03  6.76236e-03  8.67733e-03  1.83461e-04  1.65269e-03  2.00225e-01
 1.62000e+02  2.74104e-01  2.57060e-03  6.72053e-03  9.37820e-03  4.17127e-05  1.56023e-03  1.99081e-01
 1.62500e+02  2.72324e-01  2.74921e-03  6.67813e-03  1.00953e-02 -9.94463e-05  1.46581e-03  1.97898e-01
 1.63000e+02  2.70480e-01  2.92899e-03  6.63550e-03  1.08288e-02 -2.39377e-04  1.36953e-03  1.96675e-01
 1.63500e+02  2.68570e-01  3.10969e-03  6.59298e-03  1.15787e-02 -3.77408e-04  1.27150e-03  1.95412e-01
 1.64000e+02  2.66591e-01  3.29109e-03  6.55094e-03  1.23451e-02 -5.12839e-04  1.17184e-03  1.94110e-01
 1.64500e+02  2.64544e-01  3.47291e-03  6.50971e-03  1.31279e-02 -6.44948e-04  1.07070e-03  1.92767e-01
 1.65000e+02  2.62425e-01  3.65489e-03  6.46965e-03  1.39274e-02 -7.72996e-04  9.68229e-04  1.91385e-01
 1.65500e+02  2.60235e-01  3.83673e-03  6.43109e-03  1.47434e-02 -8.96237e-04  8.64604e-04  1.89965e-01
 1.66000e+02  2.57972e-01  4.01814e-03  6.39436e-03  1.55759e-02 -1.01392e-03  7.60012e-04  1.88506e-01
 1.66500e+02  2.55636e-01  4.19877e-03  6.35977e-03  1.64248e-02 -1.12532e-03  6.54656e-04  1.87010e-01
 1.67000e+02  2.53228e-01  4.37826e-03  6.32758e-03  1.72898e-02 -1.22971e-03  5.48753e-04  1.85477e-01
 1.67500e+02  2.50748e-01  4.55624e-03  6.29806e-03  1.81706e-02 -1.32640e-03  4.42533e-04  1.83910e-01
 1.68000e+02  2.48196e-01  4.73228e-03  6.27141e-03  1.90667e-02 -1.41475e-03  3.36242e-04  1.82310e-01
 1.68500e+02  2.45575e-01  4.90591e-03  6.24781e-03  1.99773e-02 -1.49418e-03  2.30136e-04  1.80677e-01
 1.69000e+02  2.42884e-01  5.07666e-03  6.22738e-03  2.09016e-02 -1.56416e-03  1.24484e-04  1.79016e-01
 1.69500e+02  2.40128e-01  5.24398e-03  6.21020e-03  2.18383e-02 -1.62425e-03  1.95638e-05  1.77327e-01
 1.70000e+02  2.37308e-01  5.40730e-03  6.19630e-03  2.27860e-02 -1.67408e-03 -8.43359e-05  1.75613e-01
 1.70500e+02  2.34428e-01  5.56600e-03  6.18565e-03  2.37429e-02 -1.71339e-03 -1.86920e-04  1.73876e-01
 1.71000e+02  2.31492e-01  5.71943e-03  6.17814e-03  2.47068e-02 -1.74203e-03 -2.87886e-04  1.72120e-01
 1.71500e+02  2.28503e-01  5.86687e-03  6.17365e-03  2.56752e-02 -1.75996e-03 -3.86928e-04  1.70347e-01
 1.72000e+02  2.25468e-01  6.00760e-03  6.17197e-03  2.66450e-02 -1.76723e-03 -4.83737e-04  1.68561e-01
 1.72500e+02  2.22391e-01  6.14086e-03  6.17283e-03  2.76129e-02 -1.76405e-03 -5.78003e-04  1.66765e-01
 1.73000e+02  2.19279e-01  6.26583e-03  6.17593e-03  2.85747e-02 -1.75071e-03 -6.69416e-04  1.64962e-01
 1.73500e+02  2.16137e-01  6.38172e-03  6.18090e-03  2.95262e-02 -1.72766e-03 -7.57673e-04  1.63156e-01
 1.74000e+02  2.12973e-01  6.48768e-03  6.18736e-03  3.04624e-02 -1.69542e-03 -8.42474e-04  1.61350e-01
 1.74500e+02  2.09795e-01  6.58289e-03  6.19485e-03  3.13777e-02 -1.65464e-03 -9.23528e-04  1.59549e-01
 1.75000e+02  2.06609e-01  6.66652e-03  6.20291e-03  3.22664e-02 -1.60607e-03 -1.00056e-03  1.57754e-01
 1.75500e+02  2.03424e-01  6.73777e-03  6.21106e-03  3.31218e-02 -1.55053e-03 -1.07329e-03  1.55971e-01
 1.76000e+02  2.00248e-01  6.79588e-03  6.21880e-03  3.39372e-02 -1.48892e-03 -1.14149e-03  1.54203e-01
 1.76500e+02  1.97091e-01  6.84011e-03  6.22562e-03  3.47054e-02 -1.42219e-03 -1.20492e-03  1.52452e-01
 1.77000e+02  1.93959e-01  6.86982e-03  6.23105e-03  3.54189e-02 -1.35135e-03 -1.26337e-03  1.50723e-01
 1.77500e+02  1.90863e-01  6.88442e-03  6.23460e-03  3.60700e-02 -1.27741e-03 -1.31665e-03  1.49019e-01
 1.78000e+02  1.87810e-01  6.88342e-03  6.23582e-03  3.66510e-02 -1.20141e-03 -1.36461e-03  1.47342e-01
 1.78500e+02  1.84809e-01  6.86643e-03  6.23430e-03  3.71542e-02 -1.12434e-03 -1.40712e-03  1.45695e-01
 1.79000e+02  1.81868e-01  6.83316e-03  6.22967e-03  3.75720e-02 -1.04721e-03 -1.44407e-03  1.44081e-01
 1.79500e+02  1.78996e-01  6.78349e-03  6.22161e-03  3.78974e-02 -9.70961e-04 -1.47539e-03  1.42503e-01
 1.80000e+02  1.76199e-01  6.71739e-03  6.20985e-03  3.81238e-02 -8.96467e-04 -1.50106e-03  1.40962e-01
 1.80500e+02  1.73485e-01  6.63499e-03  6.19419e-03  3.82453e-02 -8.24546e-04 -1.52105e-03  1.39460e-01
 1.81000e+02  1.70860e-01  6.53658e-03  6.17449e-03  3.82570e-02 -7.55930e-04 -1.53540e-03  1.37998e-01
 1.81500e+02  1.68329e-01  6.42259e-03  6.15068e-03  3.81549e-02 -6.91259e-04 -1.54416e-03  1.36579e-01
 1.82000e+02  1.65899e-01  6.29358e-03  6.12273e-03  3.79363e-02 -6.31078e-04 -1.54743e-03  1.35203e-01
 1.82500e+02  1.63572e-01  6.15027e-03  6.09069e-03  3.75997e-02 -5.75834e-04 -1.54533e-03  1.33872e-01
 1.83000e+02  1.61353e-01  5.99352e-03  6.05469e-03  3.71454e-02 -5.25871e-04 -1.53801e-03  1.32585e-01
 1.83500e+02  1.59244e-01  5.82431e-03  6.01487e-03  3.65747e-02 -4.81434e-04 -1.52564e-03  1.31344e-01
 1.84000e+02  1.57248e-01  5.64372e-03  5.97146e-03  3.58907e-02 -4.42674e-04 -1.50842e-03  1.30148e-01
 1.84500e+02  1.55363e-01  5.45295e-03  5.92470e-03  3.50980e-02 -4.09645e-04 -1.48659e-03  1.28999e-01
 1.85000e+02  1.53592e-01  5.25327e-03  5.87489e-03  3.42027e-02 -3.82317e-04 -1.46040e-03  1.27895e-01
 1.85500e+02  1.51933e-01  5.04600e-03  5.82236e-03  3.32120e-02 -3.60580e-04 -1.43010e-03  1.26836e-01
 1.86000e+02  1.50384e-01  4.83252e-03  5.76746e-03  3.21346e-02 -3.44247e-04 -1.39600e-03  1.25824e-01
 1.86500e+02  1.48942e-01  4.61422e-03  5.71056e-03  3.09799e-02 -3.33060e-04 -1.35837e-03  1.24855e-01
 1.87000e+02  1.47605e-01  4.39250e-03  5.65207e-03  2.97584e-02 -3.26697e-04 -1.31755e-03  1.23931e-01
 1.87500e+02  1.46369e-01  4.16872e-03  5.59241e-03  2.84809e-02 -3.24770e-04 -1.27386e-03  1.23051e-01
 1.88000e+02  1.45229e-01  3.94423e-03  5.53205e-03  2.71587e-02 -3.26826e-04 -1.22763e-03  1.22214e-01
 1.88500e+02  1.44180e-01  3.72029e-03  5.47149e-03  2.58031e-02 -3.32342e-04 -1.17922e-03  1.21419e-01
 1.89000e+02  1.43216e-01  3.49809e-03  5.41129e-03  2.44254e-02 -3.40716e-04 -1.12897e-03  1.20667e-01
 1.89500e+02  1.42331e-01  3.27876e-03  5.35211e-03  2.30362e-02 -3.51257e-04 -1.07725e-03  1.19956e-01
 1.90000e+02  1.41519e-01  3.06327e-03  5.29471e-03  2.16457e-02 -3.63170e-04 -1.02443e-03  1.19288e-01
 1.90500e+02  1.40773e-01  2.85253e-03  5.23998e-03  2.02633e-02 -3.75533e-04 -9.70887e-04  1.18664e-01
 1.91000e+02  1.40088e-01  2.64728e-03  5.18899e-03  1.88973e-02 -3.87287e-04 -9.16998e-04  1.18086e-01
 1.91500e+02  1.39455e-01  2.44815e-03  5.14301e-03  1.75551e-02 -3.97215e-04 -8.63146e-04  1.17556e-01
 1.92000e+02  1.38870e-01  2.25564e-03  5.10352e-03  1.62429e-02 -4.03943e-04 -8.09715e-04  1.17080e-01
 1.92500e+02  1.38325e-01  2.07010e-03  5.07219e-03  1.49654e-02 -4.05954e-04 -7.57089e-04  1.16663e-01
 1.93000e+02  1.37816e-01  1.89173e-03  5.05086e-03  1.37265e-02 -4.01630e-04 -7.05652e-04  1.16310e-01
 1.93500e+02  1.37338e-01  1.72063e-03  5.04142e-03  1.25284e-02 -3.89336e-04 -6.55780e-04  1.16031e-01
 1.94000e+02  1.36887e-01  1.55673e-03  5.04567e-03  1.13724e-02 -3.67551e-04 -6.07845e-04  1.15831e-01
 1.94500e+02  1.36460e-01  1.39986e-03  5.06508e-03  1.02584e-02 -3.35042e-04 -5.62209e-04  1.15719e-01
 1.95000e+02  1.36056e-01  1.24972e-03  5.10053e-03  9.18537e-03 -2.91092e-04 -5.19220e-04  1.15696e-01
 1.95500e+02  1.35674e-01  1.10592e-03  5.15199e-03  8.15127e-03 -2.35735e-04 -4.79210e-04  1.15765e-01
 1.96000e+02  1.35317e-01  9.67960e-04  5.21823e-03  7.15330e-03 -1.69979e-04 -4.42494e-04  1.15920e-01
 1.96500e+02  1.34985e-01  8.35287e-04  5.29664e-03  6.18800e-03 -9.59561e-05 -4.09361e-04  1.16149e-01
 1.97000e+02  1.34683e-01  7.07285e-04  5.38314e-03  5.25146e-03 -1.69541e-05 -3.80078e-04  1.16435e-01
 1.97500e+02  1.34416e-01  5.83300e-04  5.47239e-03  4.33951e-03  6.27152e-05 -3.54881e-04  1.16752e-01
 1.98000e+02  1.34188e-01  4.62659e-04  5.55810e-03  3.44784e-03  1.38027e-04 -3.33975e-04  1.17072e-01
 1.98500e+02  1.34004e-01  3.44682e-04  5.63369e-03  2.57217e-03  2.03706e-04 -3.17532e-04  1.17364e-01
 1.99000e+02  1.33869e-01  2.28691e-04  5.69292e-03  1.70832e-03  2.54796e-04 -3.05689e-04  1.17597e-01
 1.99500e+02  1.33787e-01  1.14018e-04  5.73071e-03  8.52234e-04  2.87235e-04 -2.98543e-04  1.17748e-01
