 0.00000e+00  5.02309e-01  1.00449e-13  1.74390e+00  1.99974e-13  2.42004e+00  2.64779e+00
 1.00000e-01  5.02304e-01  1.44651e-03  1.74387e+00  2.87975e-03  2.42123e+00  2.64901e+00
 2.00000e-01  5.02297e-01  2.94924e-03  1.74378e+00  5.87151e-03  2.42098e+00  2.64883e+00
 3.00000e-01  5.02288e-01  4.46362e-03  1.74362e+00  8.88658e-03  2.42054e+00  2.64849e+00
 4.00000e-01  5.02274e-01  5.95518e-03  1.74345e+00  1.18564e-02  2.42059e+00  2.64866e+00
 5.00000e-01  5.02260e-01  7.45569e-03  1.74322e+00  1.48443e-02  2.41963e+00  2.64785e+00
 6.00000e-01  5.02240e-01  8.96469e-03  1.74283e+00  1.78494e-02  2.41971e+00  2.64813e+00
 7.00000e-01  5.02219e-01  1.04325e-02  1.74249e+00  2.07727e-02  2.41908e+00  2.64769e+00
 8.00000e-01  5.02198e-01  1.18509e-02  1.74218e+00  2.35981e-02  2.41896e+00  2.64778e+00
 9.00000e-01  5.02178e-01  1.32579e-02  1.74177e+00  2.64008e-02  2.41807e+00  2.64709e+00
 1.00000e+00  5.02158e-01  1.45956e-02  1.74147e+00  2.90657e-02  2.41704e+00  2.64626e+00
 1.10000e+00  5.02135e-01  1.58789e-02  1.74118e+00  3.16228e-02  2.41689e+00  2.64633e+00
 1.20000e+00  5.02112e-01  1.71357e-02  1.74078e+00  3.41273e-02  2.41572e+00  2.64539e+00
 1.30000e+00  5.02084e-01  1.83055e-02  1.74050e+00  3.64590e-02  2.41559e+00  2.64553e+00
 1.40000e+00  5.02056e-01  1.94268e-02  1.74018e+00  3.86945e-02  2.41537e+00  2.64559e+00
 1.50000e+00  5.02028e-01  2.04909e-02  1.73984e+00  4.08162e-02  2.41479e+00  2.64528e+00
 1.60000e+00  5.02002e-01  2.14604e-02  1.73966e+00  4.27497e-02  2.41427e+00  2.64501e+00
 1.70000e+00  5.01975e-01  2.23844e-02  1.73923e+00  4.45926e-02  2.41340e+00  2.64440e+00
 1.80000e+00  5.01948e-01  2.32159e-02  1.73883e+00  4.62515e-02  2.41273e+00  2.64400e+00
 1.90000e+00  5.01921e-01  2.39176e-02  1.73872e+00  4.76521e-02  2.41311e+00  2.64464e+00
 2.00000e+00  5.01897e-01  2.45416e-02  1.73862e+00  4.88977e-02  2.41303e+00  2.64479e+00
 2.10000e+00  5.01878e-01  2.50471e-02  1.73867e+00  4.99067e-02  2.41260e+00  2.64454e+00
 2.20000e+00  5.01861e-01  2.54871e-02  1.73851e+00  5.07851e-02  2.41388e+00  2.64596e+00
 2.30000e+00  5.01857e-01  2.58535e-02  1.73841e+00  5.15156e-02  2.41428e+00  2.64641e+00
 2.40000e+00  5.01867e-01  2.60974e-02  1.73873e+00  5.20006e-02  2.41459e+00  2.64662e+00
 2.50000e+00  5.01892e-01  2.63117e-02  1.73887e+00  5.24251e-02  2.41434e+00  2.64614e+00
 2.60000e+00  5.01927e-01  2.64445e-02  1.73907e+00  5.26859e-02  2.41476e+00  2.64621e+00
 2.70000e+00  5.01973e-01  2.65102e-02  1.73947e+00  5.28120e-02  2.41599e+00  2.64699e+00
 2.80000e+00  5.02031e-01  2.65369e-02  1.73981e+00  5.28590e-02  2.41662e+00  2.64706e+00
 2.90000e+00  5.02102e-01  2.65031e-02  1.74029e+00  5.27842e-02  2.41805e+00  2.64779e+00
 3.00000e+00  5.02187e-01  2.64306e-02  1.74094e+00  5.26309e-02  2.41883e+00  2.64776e+00
 3.10000e+00  5.02283e-01  2.63200e-02  1.74140e+00  5.24008e-02  2.42016e+00  2.64815e+00
 3.20000e+00  5.02391e-01  2.61910e-02  1.74169e+00  5.21326e-02  2.42036e+00  2.64731e+00
 3.30000e+00  5.02506e-01  2.59593e-02  1.74236e+00  5.16596e-02  2.42135e+00  2.64719e+00
 3.40000e+00  5.02625e-01  2.56418e-02  1.74332e+00  5.10157e-02  2.42347e+00  2.64815e+00
 3.50000e+00  5.02749e-01  2.52478e-02  1.74449e+00  5.02195e-02  2.42633e+00  2.64980e+00
 3.60000e+00  5.02880e-01  2.47665e-02  1.74576e+00  4.92494e-02  2.42954e+00  2.65170e+00
 3.70000e+00  5.03024e-01  2.42822e-02  1.74677e+00  4.82724e-02  2.43038e+00  2.65115e+00
 3.80000e+00  5.03173e-01  2.37081e-02  1.74795e+00  4.71172e-02  2.43278e+00  2.65209e+00
 3.90000e+00  5.03326e-01  2.30744e-02  1.74925e+00  4.58439e-02  2.43456e+00  2.65237e+00
 4.00000e+00  5.03479e-01  2.23749e-02  1.75073e+00  4.44406e-02  2.43795e+00  2.65424e+00
 4.10000e+00  5.03634e-01  2.15757e-02  1.75240e+00  4.28399e-02  2.44152e+00  2.65627e+00
 4.20000e+00  5.03794e-01  2.07864e-02  1.75390e+00  4.12597e-02  2.44396e+00  2.65713e+00
 4.30000e+00  5.03957e-01  1.99132e-02  1.75567e+00  3.95137e-02  2.44847e+00  2.66001e+00
 4.40000e+00  5.04128e-01  1.90426e-02  1.75735e+00  3.77734e-02  2.45063e+00  2.66048e+00
 4.50000e+00  5.04302e-01  1.81975e-02  1.75879e+00  3.60844e-02  2.45345e+00  2.66158e+00
 4.60000e+00  5.04478e-01  1.72832e-02  1.76049e+00  3.42595e-02  2.45597e+00  2.66235e+00
 4.70000e+00  5.04651e-01  1.63853e-02  1.76212e+00  3.24686e-02  2.45818e+00  2.66284e+00
 4.80000e+00  5.04816e-01  1.54502e-02  1.76371e+00  3.06056e-02  2.46155e+00  2.66457e+00
 4.90000e+00  5.04973e-01  1.44977e-02  1.76538e+00  2.87099e-02  2.46434e+00  2.66578e+00
 5.00000e+00  5.05122e-01  1.35494e-02  1.76689e+00  2.68239e-02  2.46693e+00  2.66688e+00
 5.10000e+00  5.05259e-01  1.26196e-02  1.76824e+00  2.49766e-02  2.46971e+00  2.66827e+00
 5.20000e+00  5.05387e-01  1.16918e-02  1.76961e+00  2.31343e-02  2.47234e+00  2.66961e+00
 5.30000e+00  5.05504e-01  1.07686e-02  1.77085e+00  2.13028e-02  2.47344e+00  2.66954e+00
 5.40000e+00  5.05604e-01  9.90610e-03  1.77183e+00  1.95926e-02  2.47626e+00  2.67133e+00
 5.50000e+00  5.05693e-01  8.99439e-03  1.77289e+00  1.77863e-02  2.47793e+00  2.67211e+00
 5.60000e+00  5.05767e-01  8.08686e-03  1.77387e+00  1.59893e-02  2.47932e+00  2.67274e+00
 5.70000e+00  5.05826e-01  7.20959e-03  1.77460e+00  1.42531e-02  2.48149e+00  2.67429e+00
 5.80000e+00  5.05874e-01  6.30996e-03  1.77531e+00  1.24734e-02  2.48211e+00  2.67443e+00
 5.90000e+00  5.05908e-01  5.40357e-03  1.77591e+00  1.06809e-02  2.48409e+00  2.67604e+00
 6.00000e+00  5.05933e-01  4.51144e-03  1.77636e+00  8.91707e-03  2.48469e+00  2.67639e+00
 6.10000e+00  5.05948e-01  3.61704e-03  1.77674e+00  7.14904e-03  2.48545e+00  2.67697e+00
 6.20000e+00  5.05954e-01  2.69559e-03  1.77702e+00  5.32773e-03  2.48655e+00  2.67799e+00
 6.30000e+00  5.05956e-01  1.84018e-03  1.77717e+00  3.63703e-03  2.48629e+00  2.67771e+00
 6.40000e+00  5.05950e-01  9.70849e-04  1.77724e+00  1.91886e-03  2.48676e+00  2.67823e+00
 6.50000e+00  5.05939e-01  5.60963e-05  1.77726e+00  1.10875e-04  2.48646e+00  2.67805e+00
 6.60000e+00  5.05922e-01 -8.34655e-04  1.77718e+00 -1.64977e-03  2.48615e+00  2.67791e+00
 6.70000e+00  5.05897e-01 -1.73110e-03  1.77702e+00 -3.42185e-03  2.48626e+00  2.67826e+00
 6.80000e+00  5.05868e-01 -2.61721e-03  1.77682e+00 -5.17370e-03  2.48552e+00  2.67782e+00
 6.90000e+00  5.05832e-01 -3.50890e-03  1.77654e+00 -6.93689e-03  2.48435e+00  2.67702e+00
 7.00000e+00  5.05787e-01 -4.39794e-03  1.77614e+00 -8.69524e-03  2.48367e+00  2.67680e+00
 7.10000e+00  5.05733e-01 -5.23534e-03  1.77573e+00 -1.03520e-02  2.48315e+00  2.67681e+00
 7.20000e+00  5.05672e-01 -6.03858e-03  1.77529e+00 -1.19417e-02  2.48190e+00  2.67618e+00
 7.30000e+00  5.05603e-01 -6.84892e-03  1.77473e+00 -1.35460e-02  2.48072e+00  2.67571e+00
 7.40000e+00  5.05525e-01 -7.62531e-03  1.77411e+00 -1.50839e-02  2.47956e+00  2.67533e+00
 7.50000e+00  5.05439e-01 -8.39460e-03  1.77341e+00 -1.66085e-02  2.47801e+00  2.67465e+00
 7.60000e+00  5.05345e-01 -9.15874e-03  1.77262e+00 -1.81237e-02  2.47653e+00  2.67412e+00
 7.70000e+00  5.05243e-01 -9.89111e-03  1.77177e+00 -1.95769e-02  2.47522e+00  2.67383e+00
 7.80000e+00  5.05135e-01 -1.06526e-02  1.77080e+00 -2.10887e-02  2.47366e+00  2.67333e+00
 7.90000e+00  5.05025e-01 -1.13758e-02  1.76985e+00 -2.25252e-02  2.47162e+00  2.67241e+00
 8.00000e+00  5.04912e-01 -1.21127e-02  1.76876e+00 -2.39898e-02  2.46965e+00  2.67157e+00
 8.10000e+00  5.04795e-01 -1.28468e-02  1.76764e+00 -2.54496e-02  2.46715e+00  2.67025e+00
 8.20000e+00  5.04675e-01 -1.35232e-02  1.76667e+00 -2.67959e-02  2.46502e+00  2.66933e+00
 8.30000e+00  5.04549e-01 -1.42391e-02  1.76551e+00 -2.82214e-02  2.46383e+00  2.66939e+00
 8.40000e+00  5.04424e-01 -1.49380e-02  1.76433e+00 -2.96140e-02  2.46134e+00  2.66814e+00
 8.50000e+00  5.04300e-01 -1.56291e-02  1.76323e+00 -3.09917e-02  2.45902e+00  2.66706e+00
 8.60000e+00  5.04175e-01 -1.63134e-02  1.76212e+00 -3.23566e-02  2.45696e+00  2.66625e+00
 8.70000e+00  5.04051e-01 -1.69809e-02  1.76099e+00 -3.36887e-02  2.45439e+00  2.66492e+00
 8.80000e+00  5.03926e-01 -1.76297e-02  1.75991e+00 -3.49847e-02  2.45297e+00  2.66473e+00
 8.90000e+00  5.03804e-01 -1.82306e-02  1.75892e+00 -3.61860e-02  2.45055e+00  2.66353e+00
 9.00000e+00  5.03682e-01 -1.88107e-02  1.75790e+00 -3.73464e-02  2.44812e+00  2.66232e+00
 9.10000e+00  5.03560e-01 -1.93321e-02  1.75686e+00 -3.83909e-02  2.44729e+00  2.66268e+00
 9.20000e+00  5.03443e-01 -1.98076e-02  1.75582e+00 -3.93442e-02  2.44512e+00  2.66166e+00
 9.30000e+00  5.03333e-01 -2.02032e-02  1.75502e+00 -4.01388e-02  2.44305e+00  2.66069e+00
 9.40000e+00  5.03226e-01 -2.05049e-02  1.75447e+00 -4.07469e-02  2.44239e+00  2.66107e+00
 9.50000e+00  5.03126e-01 -2.07843e-02  1.75363e+00 -4.13103e-02  2.44088e+00  2.66054e+00
 9.60000e+00  5.03036e-01 -2.10082e-02  1.75289e+00 -4.17629e-02  2.43982e+00  2.66037e+00
 9.70000e+00  5.02957e-01 -2.11329e-02  1.75260e+00 -4.20173e-02  2.43935e+00  2.66066e+00
 9.80000e+00  5.02891e-01 -2.12538e-02  1.75204e+00 -4.22633e-02  2.43802e+00  2.65998e+00
 9.90000e+00  5.02839e-01 -2.13382e-02  1.75143e+00 -4.24354e-02  2.43671e+00  2.65919e+00
 1.00000e+01  5.02797e-01 -2.13241e-02  1.75115e+00 -4.24109e-02  2.43591e+00  2.65880e+00
 1.01000e+01  5.02767e-01 -2.12782e-02  1.75098e+00 -4.23222e-02  2.43595e+00  2.65913e+00
 1.02000e+01  5.02749e-01 -2.11224e-02  1.75116e+00 -4.20139e-02  2.43584e+00  2.65920e+00
 1.03000e+01  5.02742e-01 -2.09444e-02  1.75130e+00 -4.16603e-02  2.43566e+00  2.65908e+00
 1.04000e+01  5.02745e-01 -2.07292e-02  1.75138e+00 -4.12320e-02  2.43595e+00  2.65934e+00
 1.05000e+01  5.02759e-01 -2.04453e-02  1.75162e+00 -4.06661e-02  2.43590e+00  2.65916e+00
 1.06000e+01  5.02780e-01 -2.01351e-02  1.75192e+00 -4.00475e-02  2.43604e+00  2.65909e+00
 1.07000e+01  5.02807e-01 -1.97262e-02  1.75230e+00 -3.92320e-02  2.43702e+00  2.65980e+00
 1.08000e+01  5.02842e-01 -1.92948e-02  1.75273e+00 -3.83715e-02  2.43744e+00  2.65989e+00
 1.09000e+01  5.02882e-01 -1.87438e-02  1.75350e+00 -3.72728e-02  2.43835e+00  2.66040e+00
 1.10000e+01  5.02925e-01 -1.81653e-02  1.75412e+00 -3.61193e-02  2.44033e+00  2.66194e+00
 1.11000e+01  5.02976e-01 -1.75703e-02  1.75466e+00 -3.49327e-02  2.44043e+00  2.66154e+00
 1.12000e+01  5.03031e-01 -1.68786e-02  1.75539e+00 -3.35537e-02  2.44156e+00  2.66213e+00
 1.13000e+01  5.03088e-01 -1.62137e-02  1.75590e+00 -3.22284e-02  2.44309e+00  2.66309e+00
 1.14000e+01  5.03150e-01 -1.54699e-02  1.75652e+00 -3.07461e-02  2.44319e+00  2.66259e+00
 1.15000e+01  5.03211e-01 -1.46927e-02  1.75718e+00 -2.91980e-02  2.44458e+00  2.66337e+00
 1.16000e+01  5.03271e-01 -1.38945e-02  1.75766e+00 -2.76084e-02  2.44506e+00  2.66327e+00
 1.17000e+01  5.03328e-01 -1.30322e-02  1.75819e+00 -2.58920e-02  2.44559e+00  2.66324e+00
 1.18000e+01  5.03379e-01 -1.21154e-02  1.75877e+00 -2.40681e-02  2.44696e+00  2.66410e+00
 1.19000e+01  5.03425e-01 -1.11415e-02  1.75928e+00 -2.21314e-02  2.44715e+00  2.66384e+00
 1.20000e+01  5.03462e-01 -1.01317e-02  1.75974e+00 -2.01241e-02  2.44798e+00  2.66431e+00
 1.21000e+01  5.03489e-01 -9.04139e-03  1.76022e+00 -1.79575e-02  2.44954e+00  2.66558e+00
 1.22000e+01  5.03512e-01 -7.93482e-03  1.76060e+00 -1.57589e-02  2.44981e+00  2.66562e+00
 1.23000e+01  5.03529e-01 -6.78309e-03  1.76094e+00 -1.34711e-02  2.45022e+00  2.66587e+00
 1.24000e+01  5.03537e-01 -5.57590e-03  1.76127e+00 -1.10735e-02  2.45103e+00  2.66658e+00
 1.25000e+01  5.03540e-01 -4.35194e-03  1.76153e+00 -8.64268e-03  2.45107e+00  2.66660e+00
 1.26000e+01  5.03535e-01 -3.10619e-03  1.76168e+00 -6.16877e-03  2.45150e+00  2.66707e+00
 1.27000e+01  5.03524e-01 -1.85086e-03  1.76176e+00 -3.67582e-03  2.45125e+00  2.66693e+00
 1.28000e+01  5.03504e-01 -5.46866e-04  1.76178e+00 -1.08612e-03  2.45063e+00  2.66651e+00
 1.29000e+01  5.03474e-01  7.63817e-04  1.76167e+00  1.51709e-03  2.45036e+00  2.66653e+00
 1.30000e+01  5.03433e-01  2.08153e-03  1.76144e+00  4.13468e-03  2.44989e+00  2.66647e+00
 1.31000e+01  5.03381e-01  3.41073e-03  1.76110e+00  6.77563e-03  2.44894e+00  2.66603e+00
 1.32000e+01  5.03318e-01  4.71387e-03  1.76069e+00  9.36558e-03  2.44743e+00  2.66515e+00
 1.33000e+01  5.03240e-01  6.02095e-03  1.76015e+00  1.19644e-02  2.44675e+00  2.66524e+00
 1.34000e+01  5.03150e-01  7.33650e-03  1.75946e+00  1.45811e-02  2.44570e+00  2.66506e+00
 1.35000e+01  5.03050e-01  8.64595e-03  1.75869e+00  1.71871e-02  2.44367e+00  2.66403e+00
 1.36000e+01  5.02938e-01  9.91318e-03  1.75795e+00  1.97105e-02  2.44214e+00  2.66360e+00
 1.37000e+01  5.02814e-01  1.11802e-02  1.75706e+00  2.22352e-02  2.44092e+00  2.66359e+00
 1.38000e+01  5.02683e-01  1.24597e-02  1.75610e+00  2.47864e-02  2.43922e+00  2.66318e+00
 1.39000e+01  5.02546e-01  1.36838e-02  1.75526e+00  2.72290e-02  2.43767e+00  2.66296e+00
 1.40000e+01  5.02406e-01  1.49560e-02  1.75421e+00  2.97687e-02  2.43573e+00  2.66240e+00
 1.41000e+01  5.02264e-01  1.62178e-02  1.75318e+00  3.22893e-02  2.43341e+00  2.66146e+00
 1.42000e+01  5.02120e-01  1.74431e-02  1.75228e+00  3.47389e-02  2.43179e+00  2.66125e+00
 1.43000e+01  5.01976e-01  1.87226e-02  1.75112e+00  3.72979e-02  2.42923e+00  2.66010e+00
 1.44000e+01  5.01830e-01  1.99564e-02  1.74999e+00  3.97673e-02  2.42709e+00  2.65939e+00
 1.45000e+01  5.01685e-01  2.11892e-02  1.74888e+00  4.22361e-02  2.42530e+00  2.65901e+00
 1.46000e+01  5.01543e-01  2.23985e-02  1.74764e+00  4.46593e-02  2.42263e+00  2.65772e+00
 1.47000e+01  5.01403e-01  2.35668e-02  1.74644e+00  4.70018e-02  2.42022e+00  2.65667e+00
 1.48000e+01  5.01265e-01  2.46864e-02  1.74536e+00  4.92481e-02  2.41726e+00  2.65506e+00
 1.49000e+01  5.01124e-01  2.57408e-02  1.74413e+00  5.13661e-02  2.41512e+00  2.65429e+00
 1.50000e+01  5.00984e-01  2.67660e-02  1.74270e+00  5.34269e-02  2.41220e+00  2.65273e+00
 1.51000e+01  5.00841e-01  2.76631e-02  1.74150e+00  5.52333e-02  2.40915e+00  2.65106e+00
 1.52000e+01  5.00693e-01  2.84963e-02  1.74022e+00  5.69138e-02  2.40811e+00  2.65144e+00
 1.53000e+01  5.00548e-01  2.92117e-02  1.73922e+00  5.83594e-02  2.40619e+00  2.65092e+00
 1.54000e+01  5.00408e-01  2.98225e-02  1.73836e+00  5.95964e-02  2.40460e+00  2.65069e+00
 1.55000e+01  5.00274e-01  3.03878e-02  1.73739e+00  6.07422e-02  2.40260e+00  2.64997e+00
 1.56000e+01  5.00148e-01  3.08305e-02  1.73666e+00  6.16427e-02  2.40085e+00  2.64942e+00
 1.57000e+01  5.00029e-01  3.12483e-02  1.73575e+00  6.24930e-02  2.40054e+00  2.65026e+00
 1.58000e+01  4.99926e-01  3.15674e-02  1.73524e+00  6.31441e-02  2.39889e+00  2.64960e+00
 1.59000e+01  4.99837e-01  3.18186e-02  1.73489e+00  6.36580e-02  2.39821e+00  2.64977e+00
 1.60000e+01  4.99764e-01  3.20629e-02  1.73409e+00  6.41561e-02  2.39769e+00  2.64996e+00
 1.61000e+01  4.99712e-01  3.22058e-02  1.73370e+00  6.44488e-02  2.39590e+00  2.64867e+00
 1.62000e+01  4.99675e-01  3.22927e-02  1.73358e+00  6.46274e-02  2.39544e+00  2.64856e+00
 1.63000e+01  4.99654e-01  3.23068e-02  1.73347e+00  6.46584e-02  2.39500e+00  2.64832e+00
 1.64000e+01  4.99646e-01  3.22535e-02  1.73339e+00  6.45526e-02  2.39421e+00  2.64760e+00
 1.65000e+01  4.99649e-01  3.21309e-02  1.73338e+00  6.43071e-02  2.39475e+00  2.64811e+00
 1.66000e+01  4.99665e-01  3.19123e-02  1.73345e+00  6.38674e-02  2.39530e+00  2.64852e+00
 1.67000e+01  4.99696e-01  3.16261e-02  1.73355e+00  6.32907e-02  2.39466e+00  2.64757e+00
 1.68000e+01  4.99737e-01  3.12083e-02  1.73415e+00  6.24495e-02  2.39547e+00  2.64799e+00
 1.69000e+01  4.99787e-01  3.06994e-02  1.73485e+00  6.14251e-02  2.39704e+00  2.64908e+00
 1.70000e+01  4.99847e-01  3.01255e-02  1.73539e+00  6.02694e-02  2.39716e+00  2.64862e+00
 1.71000e+01  4.99913e-01  2.94444e-02  1.73615e+00  5.88991e-02  2.39931e+00  2.65015e+00
 1.72000e+01  4.99988e-01  2.86937e-02  1.73715e+00  5.73889e-02  2.40123e+00  2.65135e+00
 1.73000e+01  5.00073e-01  2.78628e-02  1.73818e+00  5.57174e-02  2.40250e+00  2.65179e+00
 1.74000e+01  5.00166e-01  2.70002e-02  1.73902e+00  5.39825e-02  2.40487e+00  2.65328e+00
 1.75000e+01  5.00270e-01  2.60644e-02  1.74021e+00  5.21007e-02  2.40585e+00  2.65325e+00
 1.76000e+01  5.00379e-01  2.50602e-02  1.74154e+00  5.00825e-02  2.40831e+00  2.65467e+00
 1.77000e+01  5.00492e-01  2.40611e-02  1.74249e+00  4.80748e-02  2.41065e+00  2.65592e+00
 1.78000e+01  5.00612e-01  2.29903e-02  1.74367e+00  4.59244e-02  2.41279e+00  2.65689e+00
 1.79000e+01  5.00739e-01  2.18711e-02  1.74516e+00  4.36776e-02  2.41548e+00  2.65835e+00
 1.80000e+01  5.00873e-01  2.07318e-02  1.74651e+00  4.13913e-02  2.41785e+00  2.65943e+00
 1.81000e+01  5.01012e-01  1.95843e-02  1.74772e+00  3.90896e-02  2.42062e+00  2.66084e+00
 1.82000e+01  5.01158e-01  1.84037e-02  1.74911e+00  3.67224e-02  2.42176e+00  2.66057e+00
 1.83000e+01  5.01302e-01  1.71885e-02  1.75053e+00  3.42877e-02  2.42521e+00  2.66260e+00
 1.84000e+01  5.01449e-01  1.59695e-02  1.75190e+00  3.18466e-02  2.42726e+00  2.66322e+00
 1.85000e+01  5.01595e-01  1.47120e-02  1.75332e+00  2.93304e-02  2.42861e+00  2.66315e+00
 1.86000e+01  5.01732e-01  1.34479e-02  1.75467e+00  2.68030e-02  2.43146e+00  2.66467e+00
 1.87000e+01  5.01861e-01  1.21656e-02  1.75593e+00  2.42409e-02  2.43265e+00  2.66461e+00
 1.88000e+01  5.01974e-01  1.08774e-02  1.75706e+00  2.16693e-02  2.43548e+00  2.66631e+00
 1.89000e+01  5.02077e-01  9.56800e-03  1.75819e+00  1.90569e-02  2.43703e+00  2.66687e+00
 1.90000e+01  5.02165e-01  8.24698e-03  1.75921e+00  1.64229e-02  2.43910e+00  2.66807e+00
 1.91000e+01  5.02239e-01  6.97107e-03  1.76002e+00  1.38800e-02  2.44063e+00  2.66887e+00
 1.92000e+01  5.02301e-01  5.70409e-03  1.76071e+00  1.13559e-02  2.44268e+00  2.67029e+00
 1.93000e+01  5.02354e-01  4.46910e-03  1.76132e+00  8.89633e-03  2.44456e+00  2.67165e+00
 1.94000e+01  5.02403e-01  3.25006e-03  1.76189e+00  6.46904e-03  2.44404e+00  2.67065e+00
 1.95000e+01  5.02438e-01  2.03522e-03  1.76238e+00  4.05069e-03  2.44616e+00  2.67241e+00
 1.96000e+01  5.02468e-01  8.55754e-04  1.76278e+00  1.70310e-03  2.44621e+00  2.67217e+00
 1.97000e+01  5.02488e-01 -2.68474e-04  1.76308e+00 -5.34289e-04  2.44732e+00  2.67307e+00
 1.98000e+01  5.02502e-01 -1.39197e-03  1.76333e+00 -2.77008e-03  2.44840e+00  2.67401e+00
 1.99000e+01  5.02513e-01 -2.49308e-03  1.76352e+00 -4.96123e-03  2.44847e+00  2.67397e+00
 2.00000e+01  5.02520e-01 -3.48902e-03  1.76372e+00 -6.94304e-03  2.44939e+00  2.67481e+00
 2.01000e+01  5.02527e-01 -4.46438e-03  1.76394e+00 -8.88385e-03  2.44923e+00  2.67459e+00
 2.02000e+01  5.02532e-01 -5.39418e-03  1.76409e+00 -1.07340e-02  2.45110e+00  2.67640e+00
 2.03000e+01  5.02542e-01 -6.28976e-03  1.76428e+00 -1.25159e-02  2.45007e+00  2.67527e+00
 2.04000e+01  5.02552e-01 -7.12792e-03  1.76453e+00 -1.41835e-02  2.45049e+00  2.67560e+00
 2.05000e+01  5.02560e-01 -7.90060e-03  1.76476e+00 -1.57207e-02  2.45180e+00  2.67682e+00
 2.06000e+01  5.02573e-01 -8.67543e-03  1.76490e+00 -1.72620e-02  2.45123e+00  2.67613e+00
 2.07000e+01  5.02585e-01 -9.33702e-03  1.76516e+00 -1.85780e-02  2.45192e+00  2.67670e+00
 2.08000e+01  5.02598e-01 -9.93286e-03  1.76555e+00 -1.97630e-02  2.45141e+00  2.67606e+00
 2.09000e+01  5.02606e-01 -1.04951e-02  1.76576e+00 -2.08813e-02  2.45279e+00  2.67735e+00
 2.10000e+01  5.02615e-01 -1.10095e-02  1.76590e+00 -2.19045e-02  2.45333e+00  2.67779e+00
 2.11000e+01  5.02626e-01 -1.14539e-02  1.76621e+00 -2.27881e-02  2.45312e+00  2.67748e+00
 2.12000e+01  5.02636e-01 -1.18192e-02  1.76660e+00 -2.35144e-02  2.45393e+00  2.67818e+00
 2.13000e+01  5.02646e-01 -1.21874e-02  1.76683e+00 -2.42465e-02  2.45423e+00  2.67838e+00
 2.14000e+01  5.02655e-01 -1.25095e-02  1.76698e+00 -2.48869e-02  2.45454e+00  2.67860e+00
 2.15000e+01  5.02664e-01 -1.27957e-02  1.76718e+00 -2.54557e-02  2.45409e+00  2.67806e+00
 2.16000e+01  5.02669e-01 -1.30251e-02  1.76736e+00 -2.59119e-02  2.45462e+00  2.67855e+00
 2.17000e+01  5.02670e-01 -1.32193e-02  1.76742e+00 -2.62981e-02  2.45534e+00  2.67925e+00
 2.18000e+01  5.02671e-01 -1.33613e-02  1.76758e+00 -2.65806e-02  2.45554e+00  2.67943e+00
 2.19000e+01  5.02674e-01 -1.34122e-02  1.76797e+00 -2.66817e-02  2.45642e+00  2.68029e+00
 2.20000e+01  5.02678e-01 -1.34778e-02  1.76820e+00 -2.68121e-02  2.45761e+00  2.68141e+00
 2.21000e+01  5.02690e-01 -1.35254e-02  1.76843e+00 -2.69061e-02  2.45807e+00  2.68175e+00
 2.22000e+01  5.02710e-01 -1.35496e-02  1.76876e+00 -2.69532e-02  2.45852e+00  2.68201e+00
 2.23000e+01  5.02738e-01 -1.35816e-02  1.76907e+00 -2.70153e-02  2.45892e+00  2.68213e+00
 2.24000e+01  5.02771e-01 -1.35738e-02  1.76948e+00 -2.69980e-02  2.45920e+00  2.68208e+00
 2.25000e+01  5.02809e-01 -1.35408e-02  1.76989e+00 -2.69304e-02  2.46003e+00  2.68254e+00
 2.26000e+01  5.02850e-01 -1.34793e-02  1.77037e+00 -2.68059e-02  2.46088e+00  2.68297e+00
 2.27000e+01  5.02895e-01 -1.33344e-02  1.77103e+00 -2.65152e-02  2.46215e+00  2.68379e+00
 2.28000e+01  5.02945e-01 -1.31895e-02  1.77152e+00 -2.62245e-02  2.46277e+00  2.68392e+00
 2.29000e+01  5.02997e-01 -1.29847e-02  1.77210e+00 -2.58147e-02  2.46424e+00  2.68486e+00
 2.30000e+01  5.03054e-01 -1.26884e-02  1.77294e+00 -2.52228e-02  2.46560e+00  2.68565e+00
 2.31000e+01  5.03115e-01 -1.23986e-02  1.77367e+00 -2.46436e-02  2.46604e+00  2.68549e+00
 2.32000e+01  5.03176e-01 -1.20627e-02  1.77429e+00 -2.39731e-02  2.46805e+00  2.68688e+00
 2.33000e+01  5.03240e-01 -1.17187e-02  1.77492e+00 -2.32865e-02  2.46832e+00  2.68652e+00
 2.34000e+01  5.03302e-01 -1.13103e-02  1.77563e+00 -2.24721e-02  2.46935e+00  2.68693e+00
 2.35000e+01  5.03361e-01 -1.08717e-02  1.77633e+00 -2.15982e-02  2.47184e+00  2.68882e+00
 2.36000e+01  5.03424e-01 -1.04177e-02  1.77704e+00 -2.06937e-02  2.47294e+00  2.68928e+00
 2.37000e+01  5.03489e-01 -9.92892e-03  1.77776e+00 -1.97202e-02  2.47467e+00  2.69036e+00
 2.38000e+01  5.03559e-01 -9.46249e-03  1.77847e+00 -1.87912e-02  2.47539e+00  2.69038e+00
 2.39000e+01  5.03630e-01 -8.95237e-03  1.77926e+00 -1.77757e-02  2.47753e+00  2.69180e+00
 2.40000e+01  5.03705e-01 -8.45333e-03  1.78011e+00 -1.67823e-02  2.47927e+00  2.69278e+00
 2.41000e+01  5.03786e-01 -7.97001e-03  1.78091e+00 -1.58202e-02  2.47944e+00  2.69216e+00
 2.42000e+01  5.03865e-01 -7.50000e-03  1.78172e+00 -1.48849e-02  2.48210e+00  2.69401e+00
 2.43000e+01  5.03948e-01 -7.01489e-03  1.78263e+00 -1.39199e-02  2.48315e+00  2.69423e+00
 2.44000e+01  5.04031e-01 -6.57751e-03  1.78347e+00 -1.30498e-02  2.48462e+00  2.69487e+00
 2.45000e+01  5.04114e-01 -6.15483e-03  1.78431e+00 -1.22092e-02  2.48655e+00  2.69595e+00
 2.46000e+01  5.04198e-01 -5.73113e-03  1.78512e+00 -1.13668e-02  2.48715e+00  2.69572e+00
 2.47000e+01  5.04277e-01 -5.35678e-03  1.78590e+00 -1.06227e-02  2.48878e+00  2.69654e+00
 2.48000e+01  5.04352e-01 -4.87892e-03  1.78678e+00 -9.67363e-03  2.49028e+00  2.69728e+00
 2.49000e+01  5.04423e-01 -4.46946e-03  1.78753e+00 -8.86053e-03  2.49173e+00  2.69801e+00
 2.50000e+01  5.04490e-01 -4.06014e-03  1.78819e+00 -8.04802e-03  2.49220e+00  2.69782e+00
 2.51000e+01  5.04547e-01 -3.57560e-03  1.78888e+00 -7.08676e-03  2.49353e+00  2.69857e+00
 2.52000e+01  5.04595e-01 -3.09428e-03  1.78949e+00 -6.13220e-03  2.49507e+00  2.69961e+00
 2.53000e+01  5.04637e-01 -2.57141e-03  1.79004e+00 -5.09557e-03  2.49593e+00  2.70004e+00
 2.54000e+01  5.04672e-01 -2.07266e-03  1.79051e+00 -4.10693e-03  2.49663e+00  2.70038e+00
 2.55000e+01  5.04699e-01 -1.53361e-03  1.79091e+00 -3.03865e-03  2.49647e+00  2.69996e+00
 2.56000e+01  5.04714e-01 -9.87580e-04  1.79122e+00 -1.95671e-03  2.49742e+00  2.70075e+00
 2.57000e+01  5.04717e-01 -4.14646e-04  1.79143e+00 -8.21541e-04  2.49773e+00  2.70101e+00
 2.58000e+01  5.04711e-01  9.90388e-05  1.79154e+00  1.96229e-04  2.49731e+00  2.70066e+00
 2.59000e+01  5.04691e-01  5.61650e-04  1.79154e+00  1.11286e-03  2.49717e+00  2.70072e+00
 2.60000e+01  5.04658e-01  1.06490e-03  1.79142e+00  2.11015e-03  2.49682e+00  2.70071e+00
 2.61000e+01  5.04611e-01  1.50565e-03  1.79120e+00  2.98378e-03  2.49610e+00  2.70046e+00
 2.62000e+01  5.04550e-01  1.96893e-03  1.79087e+00  3.90234e-03  2.49548e+00  2.70045e+00
 2.63000e+01  5.04476e-01  2.44358e-03  1.79041e+00  4.84379e-03  2.49497e+00  2.70068e+00
 2.64000e+01  5.04391e-01  2.90640e-03  1.78988e+00  5.76220e-03  2.49399e+00  2.70055e+00
 2.65000e+01  5.04298e-01  3.37825e-03  1.78927e+00  6.69892e-03  2.49269e+00  2.70019e+00
 2.66000e+01  5.04197e-01  3.85446e-03  1.78858e+00  7.64475e-03  2.49076e+00  2.69928e+00
 2.67000e+01  5.04085e-01  4.32171e-03  1.78783e+00  8.57338e-03  2.49010e+00  2.69972e+00
 2.68000e+01  5.03968e-01  4.79197e-03  1.78706e+00  9.50847e-03  2.48898e+00  2.69977e+00
 2.69000e+01  5.03850e-01  5.31380e-03  1.78623e+00  1.05464e-02  2.48667e+00  2.69865e+00
 2.70000e+01  5.03728e-01  5.86212e-03  1.78536e+00  1.16375e-02  2.48519e+00  2.69838e+00
 2.71000e+01  5.03605e-01  6.45174e-03  1.78447e+00  1.28111e-02  2.48255e+00  2.69700e+00
 2.72000e+01  5.03475e-01  7.08531e-03  1.78346e+00  1.40728e-02  2.47945e+00  2.69522e+00
 2.73000e+01  5.03333e-01  7.75508e-03  1.78233e+00  1.54074e-02  2.47800e+00  2.69517e+00
 2.74000e+01  5.03185e-01  8.40140e-03  1.78129e+00  1.66964e-02  2.47554e+00  2.69419e+00
 2.75000e+01  5.03029e-01  9.07179e-03  1.78022e+00  1.80343e-02  2.47277e+00  2.69298e+00
 2.76000e+01  5.02863e-01  9.79664e-03  1.77894e+00  1.94817e-02  2.47050e+00  2.69235e+00
 2.77000e+01  5.02689e-01  1.05440e-02  1.77752e+00  2.09753e-02  2.46596e+00  2.68957e+00
 2.78000e+01  5.02498e-01  1.13164e-02  1.77605e+00  2.25202e-02  2.46309e+00  2.68860e+00
 2.79000e+01  5.02291e-01  1.20485e-02  1.77464e+00  2.39871e-02  2.46094e+00  2.68849e+00
 2.80000e+01  5.02073e-01  1.28548e-02  1.77290e+00  2.56034e-02  2.45695e+00  2.68666e+00
 2.81000e+01  5.01842e-01  1.36887e-02  1.77088e+00  2.72768e-02  2.45259e+00  2.68458e+00
 2.82000e+01  5.01596e-01  1.44825e-02  1.76885e+00  2.88729e-02  2.44812e+00  2.68254e+00
 2.83000e+01  5.01333e-01  1.52683e-02  1.76687e+00  3.04554e-02  2.44529e+00  2.68229e+00
 2.84000e+01  5.01061e-01  1.59890e-02  1.76500e+00  3.19103e-02  2.44102e+00  2.68068e+00
 2.85000e+01  5.00779e-01  1.67702e-02  1.76272e+00  3.34882e-02  2.43646e+00  2.67888e+00
 2.86000e+01  5.00487e-01  1.75529e-02  1.76030e+00  3.50716e-02  2.43243e+00  2.67769e+00
 2.87000e+01  5.00191e-01  1.82956e-02  1.75814e+00  3.65772e-02  2.42737e+00  2.67552e+00
 2.88000e+01  4.99887e-01  1.90870e-02  1.75575e+00  3.81827e-02  2.42362e+00  2.67472e+00
 2.89000e+01  4.99583e-01  1.98727e-02  1.75332e+00  3.97785e-02  2.41877e+00  2.67281e+00
 2.90000e+01  4.99279e-01  2.06743e-02  1.75088e+00  4.14083e-02  2.41308e+00  2.67004e+00
 2.91000e+01  4.98971e-01  2.14914e-02  1.74822e+00  4.30713e-02  2.40803e+00  2.66796e+00
 2.92000e+01  4.98661e-01  2.22846e-02  1.74559e+00  4.46888e-02  2.40320e+00  2.66610e+00
 2.93000e+01  4.98350e-01  2.30468e-02  1.74317e+00  4.62462e-02  2.39859e+00  2.66448e+00
 2.94000e+01  4.98041e-01  2.37714e-02  1.74075e+00  4.77298e-02  2.39343e+00  2.66226e+00
 2.95000e+01  4.97732e-01  2.44891e-02  1.73794e+00  4.92014e-02  2.38775e+00  2.65950e+00
 2.96000e+01  4.97423e-01  2.51533e-02  1.73534e+00  5.05672e-02  2.38330e+00  2.65799e+00
 2.97000e+01  4.97117e-01  2.56975e-02  1.73341e+00  5.16931e-02  2.37948e+00  2.65707e+00
 2.98000e+01  4.96818e-01  2.62498e-02  1.73097e+00  5.28358e-02  2.37466e+00  2.65506e+00
 2.99000e+01  4.96525e-01  2.67645e-02  1.72833e+00  5.39037e-02  2.37002e+00  2.65318e+00
 3.00000e+01  4.96242e-01  2.71724e-02  1.72607e+00  5.47564e-02  2.36490e+00  2.65070e+00
 3.01000e+01  4.95965e-01  2.75491e-02  1.72367e+00  5.55464e-02  2.36015e+00  2.64854e+00
 3.02000e+01  4.95694e-01  2.77962e-02  1.72160e+00  5.60754e-02  2.35591e+00  2.64682e+00
 3.03000e+01  4.95428e-01  2.79625e-02  1.71970e+00  5.64410e-02  2.35239e+00  2.64578e+00
 3.04000e+01  4.95171e-01  2.80605e-02  1.71756e+00  5.66682e-02  2.34869e+00  2.64447e+00
 3.05000e+01  4.94926e-01  2.80661e-02  1.71558e+00  5.67076e-02  2.34463e+00  2.64267e+00
 3.06000e+01  4.94692e-01  2.79744e-02  1.71388e+00  5.65491e-02  2.34220e+00  2.64243e+00
 3.07000e+01  4.94475e-01  2.77992e-02  1.71202e+00  5.62196e-02  2.33783e+00  2.64005e+00
 3.08000e+01  4.94271e-01  2.75510e-02  1.71051e+00  5.57406e-02  2.33557e+00  2.63968e+00
 3.09000e+01  4.94086e-01  2.71422e-02  1.70957e+00  5.49342e-02  2.33392e+00  2.63976e+00
 3.10000e+01  4.93923e-01  2.67538e-02  1.70791e+00  5.41660e-02  2.32968e+00  2.63698e+00
 3.11000e+01  4.93774e-01  2.62459e-02  1.70668e+00  5.31537e-02  2.32819e+00  2.63686e+00
 3.12000e+01  4.93646e-01  2.55889e-02  1.70614e+00  5.18364e-02  2.32587e+00  2.63570e+00
 3.13000e+01  4.93533e-01  2.49384e-02  1.70513e+00  5.05303e-02  2.32441e+00  2.63529e+00
 3.14000e+01  4.93438e-01  2.41255e-02  1.70462e+00  4.88928e-02  2.32362e+00  2.63539e+00
 3.15000e+01  4.93362e-01  2.32587e-02  1.70433e+00  4.71433e-02  2.32179e+00  2.63422e+00
 3.16000e+01  4.93301e-01  2.23232e-02  1.70392e+00  4.52527e-02  2.32137e+00  2.63438e+00
 3.17000e+01  4.93256e-01  2.12898e-02  1.70377e+00  4.31617e-02  2.32006e+00  2.63346e+00
 3.18000e+01  4.93223e-01  2.01976e-02  1.70358e+00  4.09502e-02  2.31941e+00  2.63310e+00
 3.19000e+01  4.93199e-01  1.90090e-02  1.70347e+00  3.85423e-02  2.31918e+00  2.63310e+00
 3.20000e+01  4.93185e-01  1.77182e-02  1.70364e+00  3.59260e-02  2.31846e+00  2.63249e+00
 3.21000e+01  4.93176e-01  1.63265e-02  1.70377e+00  3.31048e-02  2.31815e+00  2.63225e+00
 3.22000e+01  4.93170e-01  1.48723e-02  1.70387e+00  3.01567e-02  2.31839e+00  2.63256e+00
 3.23000e+01  4.93166e-01  1.32846e-02  1.70414e+00  2.69374e-02  2.31822e+00  2.63243e+00
 3.24000e+01  4.93162e-01  1.16558e-02  1.70430e+00  2.36349e-02  2.31840e+00  2.63264e+00
 3.25000e+01  4.93158e-01  9.94202e-03  1.70451e+00  2.01599e-02  2.31888e+00  2.63318e+00
 3.26000e+01  4.93155e-01  8.15442e-03  1.70469e+00  1.65352e-02  2.31811e+00  2.63241e+00
 3.27000e+01  4.93147e-01  6.37127e-03  1.70474e+00  1.29196e-02  2.31864e+00  2.63303e+00
 3.28000e+01  4.93137e-01  4.46106e-03  1.70492e+00  9.04629e-03  2.31862e+00  2.63312e+00
 3.29000e+01  4.93124e-01  2.53446e-03  1.70505e+00  5.13960e-03  2.31879e+00  2.63341e+00
 3.30000e+01  4.93108e-01  5.87820e-04  1.70512e+00  1.19207e-03  2.31909e+00  2.63387e+00
 3.31000e+01  4.93092e-01 -1.39071e-03  1.70518e+00 -2.82039e-03  2.31860e+00  2.63351e+00
 3.32000e+01  4.93072e-01 -3.32923e-03  1.70525e+00 -6.75202e-03  2.31922e+00  2.63435e+00
 3.33000e+01  4.93052e-01 -5.33104e-03  1.70526e+00 -1.08123e-02  2.31866e+00  2.63396e+00
 3.34000e+01  4.93029e-01 -7.33164e-03  1.70518e+00 -1.48706e-02  2.31882e+00  2.63435e+00
 3.35000e+01  4.93006e-01 -9.28205e-03  1.70520e+00 -1.88275e-02  2.31911e+00  2.63486e+00
 3.36000e+01  4.92984e-01 -1.12437e-02  1.70516e+00 -2.28075e-02  2.31876e+00  2.63471e+00
 3.37000e+01  4.92964e-01 -1.31780e-02  1.70500e+00 -2.67321e-02  2.31874e+00  2.63488e+00
 3.38000e+01  4.92947e-01 -1.50758e-02  1.70488e+00 -3.05829e-02  2.31837e+00  2.63466e+00
 3.39000e+01  4.92931e-01 -1.69085e-02  1.70485e+00 -3.43020e-02  2.31837e+00  2.63482e+00
 3.40000e+01  4.92918e-01 -1.86964e-02  1.70478e+00 -3.79301e-02  2.31810e+00  2.63466e+00
 3.41000e+01  4.92907e-01 -2.04302e-02  1.70472e+00 -4.14482e-02  2.31772e+00  2.63437e+00
 3.42000e+01  4.92897e-01 -2.20957e-02  1.70454e+00 -4.48282e-02  2.31770e+00  2.63445e+00
 3.43000e+01  4.92890e-01 -2.37169e-02  1.70438e+00 -4.81181e-02  2.31761e+00  2.63443e+00
 3.44000e+01  4.92885e-01 -2.52084e-02  1.70471e+00 -5.11445e-02  2.31749e+00  2.63435e+00
 3.45000e+01  4.92880e-01 -2.66716e-02  1.70481e+00 -5.41137e-02  2.31802e+00  2.63493e+00
 3.46000e+01  4.92879e-01 -2.80935e-02  1.70455e+00 -5.69989e-02  2.31757e+00  2.63449e+00
 3.47000e+01  4.92879e-01 -2.94184e-02  1.70459e+00 -5.96869e-02  2.31752e+00  2.63444e+00
 3.48000e+01  4.92880e-01 -3.06807e-02  1.70489e+00 -6.22477e-02  2.31767e+00  2.63458e+00
 3.49000e+01  4.92881e-01 -3.18563e-02  1.70514e+00 -6.46329e-02  2.31752e+00  2.63441e+00
 3.50000e+01  4.92879e-01 -3.30109e-02  1.70492e+00 -6.69756e-02  2.31838e+00  2.63532e+00
 3.51000e+01  4.92881e-01 -3.40730e-02  1.70495e+00 -6.91302e-02  2.31849e+00  2.63542e+00
 3.52000e+01  4.92888e-01 -3.50435e-02  1.70533e+00 -7.10984e-02  2.31897e+00  2.63585e+00
 3.53000e+01  4.92898e-01 -3.59726e-02  1.70512e+00 -7.29818e-02  2.31765e+00  2.63439e+00
 3.54000e+01  4.92906e-01 -3.68135e-02  1.70501e+00 -7.46868e-02  2.31774e+00  2.63441e+00
 3.55000e+01  4.92912e-01 -3.75246e-02  1.70566e+00 -7.61284e-02  2.32019e+00  2.63687e+00
 3.56000e+01  4.92926e-01 -3.81842e-02  1.70588e+00 -7.74645e-02  2.32030e+00  2.63684e+00
 3.57000e+01  4.92947e-01 -3.87946e-02  1.70588e+00 -7.86994e-02  2.32065e+00  2.63701e+00
 3.58000e+01  4.92975e-01 -3.92832e-02  1.70648e+00 -7.96860e-02  2.32134e+00  2.63745e+00
 3.59000e+01  4.93010e-01 -3.97497e-02  1.70662e+00 -8.06265e-02  2.32228e+00  2.63808e+00
 3.60000e+01  4.93055e-01 -4.01326e-02  1.70683e+00 -8.13957e-02  2.32295e+00  2.63834e+00
 3.61000e+01  4.93111e-01 -4.04166e-02  1.70763e+00 -8.19625e-02  2.32360e+00  2.63848e+00
 3.62000e+01  4.93173e-01 -4.06520e-02  1.70816e+00 -8.24294e-02  2.32439e+00  2.63869e+00
 3.63000e+01  4.93240e-01 -4.08115e-02  1.70858e+00 -8.27416e-02  2.32548e+00  2.63918e+00
 3.64000e+01  4.93314e-01 -4.08902e-02  1.70945e+00 -8.28889e-02  2.32805e+00  2.64111e+00
 3.65000e+01  4.93400e-01 -4.08832e-02  1.71060e+00 -8.28602e-02  2.32988e+00  2.64217e+00
 3.66000e+01  4.93497e-01 -4.08391e-02  1.71126e+00 -8.27545e-02  2.33058e+00  2.64196e+00
 3.67000e+01  4.93602e-01 -4.07311e-02  1.71183e+00 -8.25181e-02  2.33197e+00  2.64238e+00
 3.68000e+01  4.93714e-01 -4.05153e-02  1.71287e+00 -8.20622e-02  2.33383e+00  2.64321e+00
 3.69000e+01  4.93834e-01 -4.02248e-02  1.71381e+00 -8.14542e-02  2.33487e+00  2.64314e+00
 3.70000e+01  4.93955e-01 -3.98357e-02  1.71494e+00 -8.06464e-02  2.33736e+00  2.64454e+00
 3.71000e+01  4.94080e-01 -3.93310e-02  1.71628e+00 -7.96044e-02  2.34028e+00  2.64632e+00
 3.72000e+01  4.94212e-01 -3.87716e-02  1.71745e+00 -7.84513e-02  2.34252e+00  2.64735e+00
 3.73000e+01  4.94351e-01 -3.80937e-02  1.71921e+00 -7.70580e-02  2.34691e+00  2.65051e+00
 3.74000e+01  4.94505e-01 -3.73623e-02  1.72077e+00 -7.55550e-02  2.34973e+00  2.65192e+00
 3.75000e+01  4.94673e-01 -3.66249e-02  1.72191e+00 -7.40386e-02  2.35127e+00  2.65188e+00
 3.76000e+01  4.94850e-01 -3.57751e-02  1.72388e+00 -7.22949e-02  2.35516e+00  2.65415e+00
 3.77000e+01  4.95038e-01 -3.49164e-02  1.72586e+00 -7.05327e-02  2.35918e+00  2.65645e+00
 3.78000e+01  4.95239e-01 -3.40530e-02  1.72763e+00 -6.87606e-02  2.36328e+00  2.65870e+00
 3.79000e+01  4.95458e-01 -3.31619e-02  1.72969e+00 -6.69318e-02  2.36683e+00  2.66021e+00
 3.80000e+01  4.95692e-01 -3.23016e-02  1.73163e+00 -6.51647e-02  2.36993e+00  2.66111e+00
 3.81000e+01  4.95936e-01 -3.14252e-02  1.73385e+00 -6.33655e-02  2.37388e+00  2.66277e+00
 3.82000e+01  4.96188e-01 -3.05514e-02  1.73613e+00 -6.15721e-02  2.37829e+00  2.66481e+00
 3.83000e+01  4.96449e-01 -2.97144e-02  1.73815e+00 -5.98539e-02  2.38242e+00  2.66649e+00
 3.84000e+01  4.96719e-01 -2.88460e-02  1.74055e+00 -5.80730e-02  2.38603e+00  2.66754e+00
 3.85000e+01  4.96990e-01 -2.79755e-02  1.74289e+00 -5.62898e-02  2.39002e+00  2.66896e+00
 3.86000e+01  4.97260e-01 -2.71148e-02  1.74497e+00 -5.45284e-02  2.39301e+00  2.66938e+00
 3.87000e+01  4.97520e-01 -2.61934e-02  1.74728e+00 -5.26478e-02  2.39745e+00  2.67134e+00
 3.88000e+01  4.97771e-01 -2.52520e-02  1.74954e+00 -5.07301e-02  2.40286e+00  2.67438e+00
 3.89000e+01  4.98017e-01 -2.42835e-02  1.75161e+00 -4.87603e-02  2.40654e+00  2.67570e+00
 3.90000e+01  4.98257e-01 -2.32830e-02  1.75375e+00 -4.67289e-02  2.41045e+00  2.67731e+00
 3.91000e+01  4.98489e-01 -2.22473e-02  1.75600e+00 -4.46295e-02  2.41416e+00  2.67879e+00
 3.92000e+01  4.98709e-01 -2.12131e-02  1.75783e+00 -4.25359e-02  2.41844e+00  2.68095e+00
 3.93000e+01  4.98921e-01 -2.02094e-02  1.75939e+00 -4.05062e-02  2.42204e+00  2.68251e+00
 3.94000e+01  4.99127e-01 -1.91363e-02  1.76141e+00 -3.83395e-02  2.42539e+00  2.68388e+00
 3.95000e+01  4.99323e-01 -1.80771e-02  1.76334e+00 -3.62033e-02  2.42965e+00  2.68623e+00
 3.96000e+01  4.99514e-01 -1.70782e-02  1.76489e+00 -3.41896e-02  2.43290e+00  2.68763e+00
 3.97000e+01  4.99700e-01 -1.60850e-02  1.76644e+00 -3.21894e-02  2.43520e+00  2.68812e+00
 3.98000e+01  4.99875e-01 -1.51255e-02  1.76801e+00 -3.02585e-02  2.43844e+00  2.68966e+00
 3.99000e+01  5.00042e-01 -1.41753e-02  1.76954e+00 -2.83482e-02  2.44157e+00  2.69116e+00
 4.00000e+01  5.00200e-01 -1.32719e-02  1.77095e+00 -2.65333e-02  2.44391e+00  2.69196e+00
 4.01000e+01  5.00347e-01 -1.23950e-02  1.77231e+00 -2.47729e-02  2.44738e+00  2.69399e+00
 4.02000e+01  5.00488e-01 -1.15356e-02  1.77367e+00 -2.30486e-02  2.44941e+00  2.69463e+00
 4.03000e+01  5.00619e-01 -1.07427e-02  1.77484e+00 -2.14589e-02  2.45201e+00  2.69594e+00
 4.04000e+01  5.00743e-01 -9.96732e-03  1.77597e+00 -1.99051e-02  2.45434e+00  2.69706e+00
 4.05000e+01  5.00859e-01 -9.22468e-03  1.77707e+00 -1.84177e-02  2.45569e+00  2.69727e+00
 4.06000e+01  5.00962e-01 -8.51781e-03  1.77801e+00 -1.70029e-02  2.45804e+00  2.69860e+00
 4.07000e+01  5.01057e-01 -7.84326e-03  1.77881e+00 -1.56534e-02  2.45978e+00  2.69940e+00
 4.08000e+01  5.01144e-01 -7.18109e-03  1.77960e+00 -1.43294e-02  2.46104e+00  2.69980e+00
 4.09000e+01  5.01221e-01 -6.50475e-03  1.78039e+00 -1.29778e-02  2.46251e+00  2.70051e+00
 4.10000e+01  5.01287e-01 -5.86753e-03  1.78105e+00 -1.17049e-02  2.46490e+00  2.70224e+00
 4.11000e+01  5.01350e-01 -5.27255e-03  1.78165e+00 -1.05167e-02  2.46556e+00  2.70229e+00
 4.12000e+01  5.01406e-01 -4.69004e-03  1.78224e+00 -9.35377e-03  2.46678e+00  2.70294e+00
 4.13000e+01  5.01456e-01 -4.14354e-03  1.78277e+00 -8.26302e-03  2.46777e+00  2.70344e+00
 4.14000e+01  5.01501e-01 -3.61804e-03  1.78328e+00 -7.21443e-03  2.46830e+00  2.70352e+00
 4.15000e+01  5.01537e-01 -3.04309e-03  1.78380e+00 -6.06753e-03  2.46934e+00  2.70420e+00
 4.16000e+01  5.01565e-01 -2.48511e-03  1.78425e+00 -4.95471e-03  2.46972e+00  2.70430e+00
 4.17000e+01  5.01584e-01 -1.91621e-03  1.78463e+00 -3.82031e-03  2.47101e+00  2.70540e+00
 4.18000e+01  5.01597e-01 -1.27289e-03  1.78499e+00 -2.53768e-03  2.47070e+00  2.70497e+00
 4.19000e+01  5.01598e-01 -6.14969e-04  1.78525e+00 -1.22602e-03  2.47165e+00  2.70589e+00
 4.20000e+01  5.01592e-01  8.25132e-05  1.78543e+00  1.64503e-04  2.47138e+00  2.70569e+00
 4.21000e+01  5.01576e-01  8.04803e-04  1.78551e+00  1.60455e-03  2.47130e+00  2.70577e+00
 4.22000e+01  5.01549e-01  1.53352e-03  1.78547e+00  3.05757e-03  2.47195e+00  2.70668e+00
 4.23000e+01  5.01516e-01  2.29446e-03  1.78534e+00  4.57504e-03  2.46985e+00  2.70491e+00
 4.24000e+01  5.01467e-01  3.05650e-03  1.78504e+00  6.09512e-03  2.47015e+00  2.70569e+00
 4.25000e+01  5.01408e-01  3.78215e-03  1.78468e+00  7.54306e-03  2.46885e+00  2.70498e+00
 4.26000e+01  5.01335e-01  4.52814e-03  1.78417e+00  9.03216e-03  2.46745e+00  2.70430e+00
 4.27000e+01  5.01248e-01  5.26116e-03  1.78357e+00  1.04961e-02  2.46658e+00  2.70430e+00
 4.28000e+01  5.01149e-01  5.99612e-03  1.78289e+00  1.19648e-02  2.46470e+00  2.70340e+00
 4.29000e+01  5.01035e-01  6.80189e-03  1.78201e+00  1.35757e-02  2.46299e+00  2.70281e+00
 4.30000e+01  5.00907e-01  7.61395e-03  1.78101e+00  1.52003e-02  2.46060e+00  2.70169e+00
 4.31000e+01  5.00763e-01  8.46658e-03  1.77989e+00  1.69074e-02  2.45872e+00  2.70123e+00
 4.32000e+01  5.00606e-01  9.33728e-03  1.77860e+00  1.86520e-02  2.45523e+00  2.69929e+00
 4.33000e+01  5.00431e-01  1.02282e-02  1.77711e+00  2.04387e-02  2.45284e+00  2.69861e+00
 4.34000e+01  5.00241e-01  1.11073e-02  1.77558e+00  2.22039e-02  2.45009e+00  2.69773e+00
 4.35000e+01  5.00039e-01  1.19643e-02  1.77406e+00  2.39268e-02  2.44717e+00  2.69680e+00
 4.36000e+01  4.99826e-01  1.28621e-02  1.77239e+00  2.57331e-02  2.44496e+00  2.69667e+00
 4.37000e+01  4.99609e-01  1.37832e-02  1.77059e+00  2.75879e-02  2.44120e+00  2.69501e+00
 4.38000e+01  4.99389e-01  1.47707e-02  1.76860e+00  2.95775e-02  2.43808e+00  2.69404e+00
 4.39000e+01  4.99169e-01  1.57748e-02  1.76661e+00  3.16020e-02  2.43377e+00  2.69187e+00
 4.40000e+01  4.98947e-01  1.68062e-02  1.76466e+00  3.36832e-02  2.42930e+00  2.68955e+00
 4.41000e+01  4.98720e-01  1.78696e-02  1.76254e+00  3.58309e-02  2.42529e+00  2.68773e+00
 4.42000e+01  4.98488e-01  1.89600e-02  1.76025e+00  3.80350e-02  2.42116e+00  2.68585e+00
 4.43000e+01  4.98252e-01  2.00502e-02  1.75808e+00  4.02410e-02  2.41687e+00  2.68383e+00
 4.44000e+01  4.98012e-01  2.11246e-02  1.75597e+00  4.24178e-02  2.41269e+00  2.68194e+00
 4.45000e+01  4.97768e-01  2.22351e-02  1.75366e+00  4.46696e-02  2.40856e+00  2.68015e+00
 4.46000e+01  4.97522e-01  2.33234e-02  1.75124e+00  4.68792e-02  2.40311e+00  2.67704e+00
 4.47000e+01  4.97268e-01  2.44158e-02  1.74867e+00  4.90998e-02  2.39881e+00  2.67516e+00
 4.48000e+01  4.97010e-01  2.54501e-02  1.74627e+00  5.12065e-02  2.39470e+00  2.67351e+00
 4.49000e+01  4.96751e-01  2.64265e-02  1.74412e+00  5.31988e-02  2.39038e+00  2.67164e+00
 4.50000e+01  4.96490e-01  2.73742e-02  1.74180e+00  5.51355e-02  2.38624e+00  2.66997e+00
 4.51000e+01  4.96230e-01  2.82798e-02  1.73944e+00  5.69893e-02  2.38164e+00  2.66782e+00
 4.52000e+01  4.95971e-01  2.91300e-02  1.73753e+00  5.87333e-02  2.37837e+00  2.66700e+00
 4.53000e+01  4.95717e-01  2.99382e-02  1.73558e+00  6.03937e-02  2.37548e+00  2.66651e+00
 4.54000e+01  4.95475e-01  3.07850e-02  1.73317e+00  6.21323e-02  2.37119e+00  2.66448e+00
 4.55000e+01  4.95245e-01  3.15592e-02  1.73113e+00  6.37243e-02  2.36756e+00  2.66300e+00
 4.56000e+01  4.95031e-01  3.23188e-02  1.72933e+00  6.52864e-02  2.36431e+00  2.66175e+00
 4.57000e+01  4.94833e-01  3.30432e-02  1.72782e+00  6.67765e-02  2.36076e+00  2.66003e+00
 4.58000e+01  4.94649e-01  3.37280e-02  1.72640e+00  6.81857e-02  2.35871e+00  2.65971e+00
 4.59000e+01  4.94485e-01  3.44525e-02  1.72442e+00  6.96735e-02  2.35440e+00  2.65689e+00
 4.60000e+01  4.94334e-01  3.50996e-02  1.72273e+00  7.10038e-02  2.35080e+00  2.65465e+00
 4.61000e+01  4.94195e-01  3.56904e-02  1.72153e+00  7.22192e-02  2.34902e+00  2.65417e+00
 4.62000e+01  4.94069e-01  3.62062e-02  1.72052e+00  7.32817e-02  2.34600e+00  2.65228e+00
 4.63000e+01  4.93952e-01  3.66588e-02  1.71951e+00  7.42153e-02  2.34412e+00  2.65149e+00
 4.64000e+01  4.93843e-01  3.70471e-02  1.71838e+00  7.50180e-02  2.34168e+00  2.65004e+00
 4.65000e+01  4.93741e-01  3.73420e-02  1.71728e+00  7.56309e-02  2.33978e+00  2.64907e+00
 4.66000e+01  4.93645e-01  3.75362e-02  1.71651e+00  7.60388e-02  2.33789e+00  2.64804e+00
 4.67000e+01  4.93555e-01  3.75957e-02  1.71613e+00  7.61733e-02  2.33692e+00  2.64791e+00
 4.68000e+01  4.93469e-01  3.75655e-02  1.71559e+00  7.61254e-02  2.33605e+00  2.64784e+00
 4.69000e+01  4.93390e-01  3.74286e-02  1.71522e+00  7.58599e-02  2.33474e+00  2.64725e+00
 4.70000e+01  4.93316e-01  3.71620e-02  1.71529e+00  7.53311e-02  2.33593e+00  2.64919e+00
 4.71000e+01  4.93255e-01  3.68355e-02  1.71498e+00  7.46783e-02  2.33527e+00  2.64909e+00
 4.72000e+01  4.93208e-01  3.64244e-02  1.71472e+00  7.38519e-02  2.33478e+00  2.64904e+00
 4.73000e+01  4.93176e-01  3.58921e-02  1.71498e+00  7.27775e-02  2.33491e+00  2.64948e+00
 4.74000e+01  4.93159e-01  3.53070e-02  1.71505e+00  7.15936e-02  2.33494e+00  2.64968e+00
 4.75000e+01  4.93156e-01  3.46308e-02  1.71504e+00  7.02229e-02  2.33543e+00  2.65021e+00
 4.76000e+01  4.93171e-01  3.38723e-02  1.71543e+00  6.86827e-02  2.33548e+00  2.65011e+00
 4.77000e+01  4.93201e-01  3.30145e-02  1.71630e+00  6.69392e-02  2.33740e+00  2.65180e+00
 4.78000e+01  4.93249e-01  3.21116e-02  1.71691e+00  6.51023e-02  2.33885e+00  2.65283e+00
 4.79000e+01  4.93317e-01  3.11968e-02  1.71729e+00  6.32388e-02  2.33967e+00  2.65301e+00
 4.80000e+01  4.93406e-01  3.01880e-02  1.71812e+00  6.11828e-02  2.34068e+00  2.65320e+00
 4.81000e+01  4.93512e-01  2.91621e-02  1.71902e+00  5.90910e-02  2.34205e+00  2.65359e+00
 4.82000e+01  4.93633e-01  2.80686e-02  1.72010e+00  5.68612e-02  2.34364e+00  2.65406e+00
 4.83000e+01  4.93765e-01  2.69427e-02  1.72114e+00  5.45660e-02  2.34535e+00  2.65455e+00
 4.84000e+01  4.93906e-01  2.57929e-02  1.72198e+00  5.22223e-02  2.34694e+00  2.65482e+00
 4.85000e+01  4.94054e-01  2.45592e-02  1.72315e+00  4.97095e-02  2.34820e+00  2.65468e+00
 4.86000e+01  4.94204e-01  2.32564e-02  1.72461e+00  4.70583e-02  2.35085e+00  2.65595e+00
 4.87000e+01  4.94354e-01  2.18905e-02  1.72600e+00  4.42811e-02  2.35302e+00  2.65674e+00
 4.88000e+01  4.94501e-01  2.04946e-02  1.72723e+00  4.14451e-02  2.35503e+00  2.65738e+00
 4.89000e+01  4.94642e-01  1.90304e-02  1.72847e+00  3.84730e-02  2.35732e+00  2.65836e+00
 4.90000e+01  4.94778e-01  1.75143e-02  1.72978e+00  3.53983e-02  2.35981e+00  2.65959e+00
 4.91000e+01  4.94908e-01  1.59336e-02  1.73105e+00  3.21952e-02  2.36191e+00  2.66049e+00
 4.92000e+01  4.95030e-01  1.43151e-02  1.73225e+00  2.89175e-02  2.36323e+00  2.66066e+00
 4.93000e+01  4.95139e-01  1.26381e-02  1.73336e+00  2.55244e-02  2.36566e+00  2.66209e+00
 4.94000e+01  4.95237e-01  1.09269e-02  1.73435e+00  2.20640e-02  2.36710e+00  2.66261e+00
 4.95000e+01  4.95321e-01  9.17440e-03  1.73523e+00  1.85221e-02  2.36855e+00  2.66327e+00
 4.96000e+01  4.95391e-01  7.38052e-03  1.73594e+00  1.48984e-02  2.37038e+00  2.66446e+00
 4.97000e+01  4.95449e-01  5.58046e-03  1.73655e+00  1.12634e-02  2.37062e+00  2.66415e+00
 4.98000e+01  4.95490e-01  3.70698e-03  1.73701e+00  7.48143e-03  2.37140e+00  2.66455e+00
 4.99000e+01  4.95514e-01  1.88530e-03  1.73724e+00  3.80474e-03  2.37215e+00  2.66507e+00
 5.00000e+01  4.95523e-01  1.56133e-13  1.73735e+00  3.15087e-13  2.37201e+00  2.66485e+00
 5.01000e+01  4.95514e-01 -1.88530e-03  1.73724e+00 -3.80474e-03  2.37215e+00  2.66507e+00
 5.02000e+01  4.95490e-01 -3.70698e-03  1.73701e+00 -7.48143e-03  2.37140e+00  2.66455e+00
 5.03000e+01  4.95449e-01 -5.58046e-03  1.73655e+00 -1.12634e-02  2.37062e+00  2.66415e+00
 5.04000e+01  4.95391e-01 -7.38052e-03  1.73594e+00 -1.48984e-02  2.37038e+00  2.66446e+00
 5.05000e+01  4.95321e-01 -9.17440e-03  1.73523e+00 -1.85221e-02  2.36855e+00  2.66327e+00
 5.06000e+01  4.95237e-01 -1.09269e-02  1.73435e+00 -2.20640e-02  2.36710e+00  2.66261e+00
 5.07000e+01  4.95139e-01 -1.26381e-02  1.73336e+00 -2.55244e-02  2.36566e+00  2.66209e+00
 5.08000e+01  4.95030e-01 -1.43151e-02  1.73225e+00 -2.89175e-02  2.36323e+00  2.66066e+00
 5.09000e+01  4.94908e-01 -1.59336e-02  1.73105e+00 -3.21952e-02  2.36191e+00  2.66049e+00
 5.10000e+01  4.94778e-01 -1.75143e-02  1.72978e+00 -3.53983e-02  2.35981e+00  2.65959e+00
 5.11000e+01  4.94642e-01 -1.90304e-02  1.72847e+00 -3.84730e-02  2.35732e+00  2.65836e+00
 5.12000e+01  4.94501e-01 -2.04946e-02  1.72723e+00 -4.14451e-02  2.35503e+00  2.65738e+00
 5.13000e+01  4.94354e-01 -2.18905e-02  1.72600e+00 -4.42811e-02  2.35302e+00  2.65674e+00
 5.14000e+01  4.94204e-01 -2.32564e-02  1.72461e+00 -4.70583e-02  2.35085e+00  2.65595e+00
 5.15000e+01  4.94054e-01 -2.45592e-02  1.72315e+00 -4.97095e-02  2.34820e+00  2.65468e+00
 5.16000e+01  4.93906e-01 -2.57929e-02  1.72198e+00 -5.22223e-02  2.34694e+00  2.65482e+00
 5.17000e+01  4.93765e-01 -2.69427e-02  1.72114e+00 -5.45660e-02  2.34535e+00  2.65455e+00
 5.18000e+01  4.93633e-01 -2.80686e-02  1.72010e+00 -5.68612e-02  2.34364e+00  2.65406e+00
 5.19000e+01  4.93512e-01 -2.91621e-02  1.71902e+00 -5.90910e-02  2.34205e+00  2.65359e+00
 5.20000e+01  4.93406e-01 -3.01880e-02  1.71812e+00 -6.11828e-02  2.34068e+00  2.65320e+00
 5.21000e+01  4.93317e-01 -3.11968e-02  1.71729e+00 -6.32388e-02  2.33967e+00  2.65301e+00
 5.22000e+01  4.93249e-01 -3.21116e-02  1.71691e+00 -6.51023e-02  2.33885e+00  2.65283e+00
 5.23000e+01  4.93201e-01 -3.30145e-02  1.71630e+00 -6.69392e-02  2.33740e+00  2.65180e+00
 5.24000e+01  4.93171e-01 -3.38723e-02  1.71543e+00 -6.86827e-02  2.33548e+00  2.65011e+00
 5.25000e+01  4.93156e-01 -3.46308e-02  1.71504e+00 -7.02229e-02  2.33543e+00  2.65021e+00
 5.26000e+01  4.93159e-01 -3.53070e-02  1.71505e+00 -7.15936e-02  2.33494e+00  2.64968e+00
 5.27000e+01  4.93176e-01 -3.58921e-02  1.71498e+00 -7.27775e-02  2.33491e+00  2.64948e+00
 5.28000e+01  4.93208e-01 -3.64244e-02  1.71472e+00 -7.38519e-02  2.33478e+00  2.64904e+00
 5.29000e+01  4.93255e-01 -3.68355e-02  1.71498e+00 -7.46783e-02  2.33527e+00  2.64909e+00
 5.30000e+01  4.93316e-01 -3.71620e-02  1.71529e+00 -7.53311e-02  2.33593e+00  2.64919e+00
 5.31000e+01  4.93390e-01 -3.74286e-02  1.71522e+00 -7.58599e-02  2.33474e+00  2.64725e+00
 5.32000e+01  4.93469e-01 -3.75655e-02  1.71559e+00 -7.61254e-02  2.33605e+00  2.64784e+00
 5.33000e+01  4.93555e-01 -3.75957e-02  1.71613e+00 -7.61733e-02  2.33692e+00  2.64791e+00
 5.34000e+01  4.93645e-01 -3.75362e-02  1.71651e+00 -7.60388e-02  2.33789e+00  2.64804e+00
 5.35000e+01  4.93741e-01 -3.73420e-02  1.71728e+00 -7.56309e-02  2.33978e+00  2.64907e+00
 5.36000e+01  4.93843e-01 -3.70471e-02  1.71838e+00 -7.50180e-02  2.34168e+00  2.65004e+00
 5.37000e+01  4.93952e-01 -3.66588e-02  1.71951e+00 -7.42153e-02  2.34412e+00  2.65149e+00
 5.38000e+01  4.94069e-01 -3.62062e-02  1.72052e+00 -7.32817e-02  2.34600e+00  2.65228e+00
 5.39000e+01  4.94195e-01 -3.56904e-02  1.72153e+00 -7.22192e-02  2.34902e+00  2.65417e+00
 5.40000e+01  4.94334e-01 -3.50996e-02  1.72273e+00 -7.10038e-02  2.35080e+00  2.65465e+00
 5.41000e+01  4.94485e-01 -3.44525e-02  1.72442e+00 -6.96735e-02  2.35440e+00  2.65689e+00
 5.42000e+01  4.94649e-01 -3.37280e-02  1.72640e+00 -6.81857e-02  2.35871e+00  2.65971e+00
 5.43000e+01  4.94833e-01 -3.30432e-02  1.72782e+00 -6.67765e-02  2.36076e+00  2.66003e+00
 5.44000e+01  4.95031e-01 -3.23188e-02  1.72933e+00 -6.52864e-02  2.36431e+00  2.66175e+00
 5.45000e+01  4.95245e-01 -3.15592e-02  1.73113e+00 -6.37243e-02  2.36756e+00  2.66300e+00
 5.46000e+01  4.95475e-01 -3.07850e-02  1.73317e+00 -6.21323e-02  2.37119e+00  2.66448e+00
 5.47000e+01  4.95717e-01 -2.99382e-02  1.73558e+00 -6.03937e-02  2.37548e+00  2.66651e+00
 5.48000e+01  4.95971e-01 -2.91300e-02  1.73753e+00 -5.87333e-02  2.37837e+00  2.66700e+00
 5.49000e+01  4.96230e-01 -2.82798e-02  1.73944e+00 -5.69893e-02  2.38164e+00  2.66782e+00
 5.50000e+01  4.96490e-01 -2.73742e-02  1.74180e+00 -5.51355e-02  2.38624e+00  2.66997e+00
 5.51000e+01  4.96751e-01 -2.64265e-02  1.74412e+00 -5.31988e-02  2.39038e+00  2.67164e+00
 5.52000e+01  4.97010e-01 -2.54501e-02  1.74627e+00 -5.12065e-02  2.39470e+00  2.67351e+00
 5.53000e+01  4.97268e-01 -2.44158e-02  1.74867e+00 -4.90998e-02  2.39881e+00  2.67516e+00
 5.54000e+01  4.97522e-01 -2.33234e-02  1.75124e+00 -4.68792e-02  2.40311e+00  2.67704e+00
 5.55000e+01  4.97768e-01 -2.22351e-02  1.75366e+00 -4.46696e-02  2.40856e+00  2.68015e+00
 5.56000e+01  4.98012e-01 -2.11246e-02  1.75597e+00 -4.24178e-02  2.41269e+00  2.68194e+00
 5.57000e+01  4.98252e-01 -2.00502e-02  1.75808e+00 -4.02410e-02  2.41687e+00  2.68383e+00
 5.58000e+01  4.98488e-01 -1.89600e-02  1.76025e+00 -3.80350e-02  2.42116e+00  2.68585e+00
 5.59000e+01  4.98720e-01 -1.78696e-02  1.76254e+00 -3.58309e-02  2.42529e+00  2.68773e+00
 5.60000e+01  4.98947e-01 -1.68062e-02  1.76466e+00 -3.36832e-02  2.42930e+00  2.68955e+00
 5.61000e+01  4.99169e-01 -1.57748e-02  1.76661e+00 -3.16020e-02  2.43377e+00  2.69187e+00
 5.62000e+01  4.99389e-01 -1.47707e-02  1.76860e+00 -2.95775e-02  2.43808e+00  2.69404e+00
 5.63000e+01  4.99609e-01 -1.37832e-02  1.77059e+00 -2.75879e-02  2.44120e+00  2.69501e+00
 5.64000e+01  4.99826e-01 -1.28621e-02  1.77239e+00 -2.57331e-02  2.44496e+00  2.69667e+00
 5.65000e+01  5.00039e-01 -1.19643e-02  1.77406e+00 -2.39268e-02  2.44717e+00  2.69680e+00
 5.66000e+01  5.00241e-01 -1.11073e-02  1.77558e+00 -2.22039e-02  2.45009e+00  2.69773e+00
 5.67000e+01  5.00431e-01 -1.02282e-02  1.77711e+00 -2.04387e-02  2.45284e+00  2.69861e+00
 5.68000e+01  5.00606e-01 -9.33728e-03  1.77860e+00 -1.86520e-02  2.45523e+00  2.69929e+00
 5.69000e+01  5.00763e-01 -8.46658e-03  1.77989e+00 -1.69074e-02  2.45872e+00  2.70123e+00
 5.70000e+01  5.00907e-01 -7.61395e-03  1.78101e+00 -1.52003e-02  2.46060e+00  2.70169e+00
 5.71000e+01  5.01035e-01 -6.80189e-03  1.78201e+00 -1.35757e-02  2.46299e+00  2.70281e+00
 5.72000e+01  5.01149e-01 -5.99612e-03  1.78289e+00 -1.19648e-02  2.46470e+00  2.70340e+00
 5.73000e+01  5.01248e-01 -5.26116e-03  1.78357e+00 -1.04961e-02  2.46658e+00  2.70430e+00
 5.74000e+01  5.01335e-01 -4.52814e-03  1.78417e+00 -9.03216e-03  2.46745e+00  2.70430e+00
 5.75000e+01  5.01408e-01 -3.78215e-03  1.78468e+00 -7.54306e-03  2.46885e+00  2.70498e+00
 5.76000e+01  5.01467e-01 -3.05650e-03  1.78504e+00 -6.09512e-03  2.47015e+00  2.70569e+00
 5.77000e+01  5.01516e-01 -2.29446e-03  1.78534e+00 -4.57504e-03  2.46985e+00  2.70491e+00
 5.78000e+01  5.01549e-01 -1.53352e-03  1.78547e+00 -3.05757e-03  2.47195e+00  2.70668e+00
 5.79000e+01  5.01576e-01 -8.04803e-04  1.78551e+00 -1.60455e-03  2.47130e+00  2.70577e+00
 5.80000e+01  5.01592e-01 -8.25132e-05  1.78543e+00 -1.64503e-04  2.47138e+00  2.70569e+00
 5.81000e+01  5.01598e-01  6.14969e-04  1.78525e+00  1.22602e-03  2.47165e+00  2.70589e+00
 5.82000e+01  5.01597e-01  1.27289e-03  1.78499e+00  2.53768e-03  2.47070e+00  2.70497e+00
 5.83000e+01  5.01584e-01  1.91621e-03  1.78463e+00  3.82031e-03  2.47101e+00  2.70540e+00
 5.84000e+01  5.01565e-01  2.48511e-03  1.78425e+00  4.95471e-03  2.46972e+00  2.70430e+00
 5.85000e+01  5.01537e-01  3.04309e-03  1.78380e+00  6.06753e-03  2.46934e+00  2.70420e+00
 5.86000e+01  5.01501e-01  3.61804e-03  1.78328e+00  7.21443e-03  2.46830e+00  2.70352e+00
 5.87000e+01  5.01456e-01  4.14354e-03  1.78277e+00  8.26302e-03  2.46777e+00  2.70344e+00
 5.88000e+01  5.01406e-01  4.69004e-03  1.78224e+00  9.35377e-03  2.46678e+00  2.70294e+00
 5.89000e+01  5.01350e-01  5.27255e-03  1.78165e+00  1.05167e-02  2.46556e+00  2.70229e+00
 5.90000e+01  5.01287e-01  5.86753e-03  1.78105e+00  1.17049e-02  2.46490e+00  2.70224e+00
 5.91000e+01  5.01221e-01  6.50475e-03  1.78039e+00  1.29778e-02  2.46251e+00  2.70051e+00
 5.92000e+01  5.01144e-01  7.18109e-03  1.77960e+00  1.43294e-02  2.46104e+00  2.69980e+00
 5.93000e+01  5.01057e-01  7.84326e-03  1.77881e+00  1.56534e-02  2.45978e+00  2.69940e+00
 5.94000e+01  5.00962e-01  8.51781e-03  1.77801e+00  1.70029e-02  2.45804e+00  2.69860e+00
 5.95000e+01  5.00859e-01  9.22468e-03  1.77707e+00  1.84177e-02  2.45569e+00  2.69727e+00
 5.96000e+01  5.00743e-01  9.96732e-03  1.77597e+00  1.99051e-02  2.45434e+00  2.69706e+00
 5.97000e+01  5.00619e-01  1.07427e-02  1.77484e+00  2.14589e-02  2.45201e+00  2.69594e+00
 5.98000e+01  5.00488e-01  1.15356e-02  1.77367e+00  2.30486e-02  2.44941e+00  2.69463e+00
 5.99000e+01  5.00347e-01  1.23950e-02  1.77231e+00  2.47729e-02  2.44738e+00  2.69399e+00
 6.00000e+01  5.00200e-01  1.32719e-02  1.77095e+00  2.65333e-02  2.44391e+00  2.69196e+00
 6.01000e+01  5.00042e-01  1.41753e-02  1.76954e+00  2.83482e-02  2.44157e+00  2.69116e+00
 6.02000e+01  4.99875e-01  1.51255e-02  1.76801e+00  3.02585e-02  2.43844e+00  2.68966e+00
 6.03000e+01  4.99700e-01  1.60850e-02  1.76644e+00  3.21894e-02  2.43520e+00  2.68812e+00
 6.04000e+01  4.99514e-01  1.70782e-02  1.76489e+00  3.41896e-02  2.43290e+00  2.68763e+00
 6.05000e+01  4.99323e-01  1.80771e-02  1.76334e+00  3.62033e-02  2.42965e+00  2.68623e+00
 6.06000e+01  4.99127e-01  1.91363e-02  1.76141e+00  3.83395e-02  2.42539e+00  2.68388e+00
 6.07000e+01  4.98921e-01  2.02094e-02  1.75939e+00  4.05062e-02  2.42204e+00  2.68251e+00
 6.08000e+01  4.98709e-01  2.12131e-02  1.75783e+00  4.25359e-02  2.41844e+00  2.68095e+00
 6.09000e+01  4.98489e-01  2.22473e-02  1.75600e+00  4.46295e-02  2.41416e+00  2.67879e+00
 6.10000e+01  4.98257e-01  2.32830e-02  1.75375e+00  4.67289e-02  2.41045e+00  2.67731e+00
 6.11000e+01  4.98017e-01  2.42835e-02  1.75161e+00  4.87603e-02  2.40654e+00  2.67570e+00
 6.12000e+01  4.97771e-01  2.52520e-02  1.74954e+00  5.07301e-02  2.40286e+00  2.67438e+00
 6.13000e+01  4.97520e-01  2.61934e-02  1.74728e+00  5.26478e-02  2.39745e+00  2.67134e+00
 6.14000e+01  4.97260e-01  2.71148e-02  1.74497e+00  5.45284e-02  2.39301e+00  2.66938e+00
 6.15000e+01  4.96990e-01  2.79755e-02  1.74289e+00  5.62898e-02  2.39002e+00  2.66896e+00
 6.16000e+01  4.96719e-01  2.88460e-02  1.74055e+00  5.80730e-02  2.38603e+00  2.66754e+00
 6.17000e+01  4.96449e-01  2.97144e-02  1.73815e+00  5.98539e-02  2.38242e+00  2.66649e+00
 6.18000e+01  4.96188e-01  3.05514e-02  1.73613e+00  6.15721e-02  2.37829e+00  2.66481e+00
 6.19000e+01  4.95936e-01  3.14252e-02  1.73385e+00  6.33655e-02  2.37388e+00  2.66277e+00
 6.20000e+01  4.95692e-01  3.23016e-02  1.73163e+00  6.51647e-02  2.36993e+00  2.66111e+00
 6.21000e+01  4.95458e-01  3.31619e-02  1.72969e+00  6.69318e-02  2.36683e+00  2.66021e+00
 6.22000e+01  4.95239e-01  3.40530e-02  1.72763e+00  6.87606e-02  2.36328e+00  2.65870e+00
 6.23000e+01  4.95038e-01  3.49164e-02  1.72586e+00  7.05327e-02  2.35918e+00  2.65645e+00
 6.24000e+01  4.94850e-01  3.57751e-02  1.72388e+00  7.22949e-02  2.35516e+00  2.65415e+00
 6.25000e+01  4.94673e-01  3.66249e-02  1.72191e+00  7.40386e-02  2.35127e+00  2.65188e+00
 6.26000e+01  4.94505e-01  3.73623e-02  1.72077e+00  7.55550e-02  2.34973e+00  2.65192e+00
 6.27000e+01  4.94351e-01  3.80937e-02  1.71921e+00  7.70580e-02  2.34691e+00  2.65051e+00
 6.28000e+01  4.94212e-01  3.87716e-02  1.71745e+00  7.84513e-02  2.34252e+00  2.64735e+00
 6.29000e+01  4.94080e-01  3.93310e-02  1.71628e+00  7.96044e-02  2.34028e+00  2.64632e+00
 6.30000e+01  4.93955e-01  3.98357e-02  1.71494e+00  8.06464e-02  2.33736e+00  2.64454e+00
 6.31000e+01  4.93834e-01  4.02248e-02  1.71381e+00  8.14542e-02  2.33487e+00  2.64314e+00
 6.32000e+01  4.93714e-01  4.05153e-02  1.71287e+00  8.20622e-02  2.33383e+00  2.64321e+00
 6.33000e+01  4.93602e-01  4.07311e-02  1.71183e+00  8.25181e-02  2.33197e+00  2.64238e+00
 6.34000e+01  4.93497e-01  4.08391e-02  1.71126e+00  8.27545e-02  2.33058e+00  2.64196e+00
 6.35000e+01  4.93400e-01  4.08832e-02  1.71060e+00  8.28602e-02  2.32988e+00  2.64217e+00
 6.36000e+01  4.93314e-01  4.08902e-02  1.70945e+00  8.28889e-02  2.32805e+00  2.64111e+00
 6.37000e+01  4.93240e-01  4.08115e-02  1.70858e+00  8.27416e-02  2.32548e+00  2.63918e+00
 6.38000e+01  4.93173e-01  4.06520e-02  1.70816e+00  8.24294e-02  2.32439e+00  2.63869e+00
 6.39000e+01  4.93111e-01  4.04166e-02  1.70763e+00  8.19625e-02  2.32360e+00  2.63848e+00
 6.40000e+01  4.93055e-01  4.01326e-02  1.70683e+00  8.13957e-02  2.32295e+00  2.63834e+00
 6.41000e+01  4.93010e-01  3.97497e-02  1.70662e+00  8.06265e-02  2.32228e+00  2.63808e+00
 6.42000e+01  4.92975e-01  3.92832e-02  1.70648e+00  7.96860e-02  2.32134e+00  2.63745e+00
 6.43000e+01  4.92947e-01  3.87946e-02  1.70588e+00  7.86994e-02  2.32065e+00  2.63701e+00
 6.44000e+01  4.92926e-01  3.81842e-02  1.70588e+00  7.74645e-02  2.32030e+00  2.63684e+00
 6.45000e+01  4.92912e-01  3.75246e-02  1.70566e+00  7.61284e-02  2.32019e+00  2.63687e+00
 6.46000e+01  4.92906e-01  3.68135e-02  1.70501e+00  7.46868e-02  2.31774e+00  2.63441e+00
 6.47000e+01  4.92898e-01  3.59726e-02  1.70512e+00  7.29818e-02  2.31765e+00  2.63439e+00
 6.48000e+01  4.92888e-01  3.50435e-02  1.70533e+00  7.10984e-02  2.31897e+00  2.63585e+00
 6.49000e+01  4.92881e-01  3.40730e-02  1.70495e+00  6.91302e-02  2.31849e+00  2.63542e+00
 6.50000e+01  4.92879e-01  3.30109e-02  1.70492e+00  6.69756e-02  2.31838e+00  2.63532e+00
 6.51000e+01  4.92881e-01  3.18563e-02  1.70514e+00  6.46329e-02  2.31752e+00  2.63441e+00
 6.52000e+01  4.92880e-01  3.06807e-02  1.70489e+00  6.22477e-02  2.31767e+00  2.63458e+00
 6.53000e+01  4.92879e-01  2.94184e-02  1.70459e+00  5.96869e-02  2.31752e+00  2.63444e+00
 6.54000e+01  4.92879e-01  2.80935e-02  1.70455e+00  5.69989e-02  2.31757e+00  2.63449e+00
 6.55000e+01  4.92880e-01  2.66716e-02  1.70481e+00  5.41137e-02  2.31802e+00  2.63493e+00
 6.56000e+01  4.92885e-01  2.52084e-02  1.70471e+00  5.11445e-02  2.31749e+00  2.63435e+00
 6.57000e+01  4.92890e-01  2.37169e-02  1.70438e+00  4.81181e-02  2.31761e+00  2.63443e+00
 6.58000e+01  4.92897e-01  2.20957e-02  1.70454e+00  4.48282e-02  2.31770e+00  2.63445e+00
 6.59000e+01  4.92907e-01  2.04302e-02  1.70472e+00  4.14482e-02  2.31772e+00  2.63437e+00
 6.60000e+01  4.92918e-01  1.86964e-02  1.70478e+00  3.79301e-02  2.31810e+00  2.63466e+00
 6.61000e+01  4.92931e-01  1.69085e-02  1.70485e+00  3.43020e-02  2.31837e+00  2.63482e+00
 6.62000e+01  4.92947e-01  1.50758e-02  1.70488e+00  3.05829e-02  2.31837e+00  2.63466e+00
 6.63000e+01  4.92964e-01  1.31780e-02  1.70500e+00  2.67321e-02  2.31874e+00  2.63488e+00
 6.64000e+01  4.92984e-01  1.12437e-02  1.70516e+00  2.28075e-02  2.31876e+00  2.63471e+00
 6.65000e+01  4.93006e-01  9.28205e-03  1.70520e+00  1.88275e-02  2.31911e+00  2.63486e+00
 6.66000e+01  4.93029e-01  7.33164e-03  1.70518e+00  1.48706e-02  2.31882e+00  2.63435e+00
 6.67000e+01  4.93052e-01  5.33104e-03  1.70526e+00  1.08123e-02  2.31866e+00  2.63396e+00
 6.68000e+01  4.93072e-01  3.32923e-03  1.70525e+00  6.75202e-03  2.31922e+00  2.63435e+00
 6.69000e+01  4.93092e-01  1.39071e-03  1.70518e+00  2.82039e-03  2.31860e+00  2.63351e+00
 6.70000e+01  4.93108e-01 -5.87820e-04  1.70512e+00 -1.19207e-03  2.31909e+00  2.63387e+00
 6.71000e+01  4.93124e-01 -2.53446e-03  1.70505e+00 -5.13960e-03  2.31879e+00  2.63341e+00
 6.72000e+01  4.93137e-01 -4.46106e-03  1.70492e+00 -9.04629e-03  2.31862e+00  2.63312e+00
 6.73000e+01  4.93147e-01 -6.37127e-03  1.70474e+00 -1.29196e-02  2.31864e+00  2.63303e+00
 6.74000e+01  4.93155e-01 -8.15442e-03  1.70469e+00 -1.65352e-02  2.31811e+00  2.63241e+00
 6.75000e+01  4.93158e-01 -9.94202e-03  1.70451e+00 -2.01599e-02  2.31888e+00  2.63318e+00
 6.76000e+01  4.93162e-01 -1.16558e-02  1.70430e+00 -2.36349e-02  2.31840e+00  2.63264e+00
 6.77000e+01  4.93166e-01 -1.32846e-02  1.70414e+00 -2.69374e-02  2.31822e+00  2.63243e+00
 6.78000e+01  4.93170e-01 -1.48723e-02  1.70387e+00 -3.01567e-02  2.31839e+00  2.63256e+00
 6.79000e+01  4.93176e-01 -1.63265e-02  1.70377e+00 -3.31048e-02  2.31815e+00  2.63225e+00
 6.80000e+01  4.93185e-01 -1.77182e-02  1.70364e+00 -3.59260e-02  2.31846e+00  2.63249e+00
 6.81000e+01  4.93199e-01 -1.90090e-02  1.70347e+00 -3.85423e-02  2.31918e+00  2.63310e+00
 6.82000e+01  4.93223e-01 -2.01976e-02  1.70358e+00 -4.09502e-02  2.31941e+00  2.63310e+00
 6.83000e+01  4.93256e-01 -2.12898e-02  1.70377e+00 -4.31617e-02  2.32006e+00  2.63346e+00
 6.84000e+01  4.93301e-01 -2.23232e-02  1.70392e+00 -4.52527e-02  2.32137e+00  2.63438e+00
 6.85000e+01  4.93362e-01 -2.32587e-02  1.70433e+00 -4.71433e-02  2.32179e+00  2.63422e+00
 6.86000e+01  4.93438e-01 -2.41255e-02  1.70462e+00 -4.88928e-02  2.32362e+00  2.63539e+00
 6.87000e+01  4.93533e-01 -2.49384e-02  1.70513e+00 -5.05303e-02  2.32441e+00  2.63529e+00
 6.88000e+01  4.93646e-01 -2.55889e-02  1.70614e+00 -5.18364e-02  2.32587e+00  2.63570e+00
 6.89000e+01  4.93774e-01 -2.62459e-02  1.70668e+00 -5.31537e-02  2.32819e+00  2.63686e+00
 6.90000e+01  4.93923e-01 -2.67538e-02  1.70791e+00 -5.41660e-02  2.32968e+00  2.63698e+00
 6.91000e+01  4.94086e-01 -2.71422e-02  1.70957e+00 -5.49342e-02  2.33392e+00  2.63976e+00
 6.92000e+01  4.94271e-01 -2.75510e-02  1.71051e+00 -5.57406e-02  2.33557e+00  2.63968e+00
 6.93000e+01  4.94475e-01 -2.77992e-02  1.71202e+00 -5.62196e-02  2.33783e+00  2.64005e+00
 6.94000e+01  4.94692e-01 -2.79744e-02  1.71388e+00 -5.65491e-02  2.34220e+00  2.64243e+00
 6.95000e+01  4.94926e-01 -2.80661e-02  1.71558e+00 -5.67076e-02  2.34463e+00  2.64267e+00
 6.96000e+01  4.95171e-01 -2.80605e-02  1.71756e+00 -5.66682e-02  2.34869e+00  2.64447e+00
 6.97000e+01  4.95428e-01 -2.79625e-02  1.71970e+00 -5.64410e-02  2.35239e+00  2.64578e+00
 6.98000e+01  4.95694e-01 -2.77962e-02  1.72160e+00 -5.60754e-02  2.35591e+00  2.64682e+00
 6.99000e+01  4.95965e-01 -2.75491e-02  1.72367e+00 -5.55464e-02  2.36015e+00  2.64854e+00
 7.00000e+01  4.96242e-01 -2.71724e-02  1.72607e+00 -5.47564e-02  2.36490e+00  2.65070e+00
 7.01000e+01  4.96525e-01 -2.67645e-02  1.72833e+00 -5.39037e-02  2.37002e+00  2.65318e+00
 7.02000e+01  4.96818e-01 -2.62498e-02  1.73097e+00 -5.28358e-02  2.37466e+00  2.65506e+00
 7.03000e+01  4.97117e-01 -2.56975e-02  1.73341e+00 -5.16931e-02  2.37948e+00  2.65707e+00
 7.04000e+01  4.97423e-01 -2.51533e-02  1.73534e+00 -5.05672e-02  2.38330e+00  2.65799e+00
 7.05000e+01  4.97732e-01 -2.44891e-02  1.73794e+00 -4.92014e-02  2.38775e+00  2.65950e+00
 7.06000e+01  4.98041e-01 -2.37714e-02  1.74075e+00 -4.77298e-02  2.39343e+00  2.66226e+00
 7.07000e+01  4.98350e-01 -2.30468e-02  1.74317e+00 -4.62462e-02  2.39859e+00  2.66448e+00
 7.08000e+01  4.98661e-01 -2.22846e-02  1.74559e+00 -4.46888e-02  2.40320e+00  2.66610e+00
 7.09000e+01  4.98971e-01 -2.14914e-02  1.74822e+00 -4.30713e-02  2.40803e+00  2.66796e+00
 7.10000e+01  4.99279e-01 -2.06743e-02  1.75088e+00 -4.14083e-02  2.41308e+00  2.67004e+00
 7.11000e+01  4.99583e-01 -1.98727e-02  1.75332e+00 -3.97785e-02  2.41877e+00  2.67281e+00
 7.12000e+01  4.99887e-01 -1.90870e-02  1.75575e+00 -3.81827e-02  2.42362e+00  2.67472e+00
 7.13000e+01  5.00191e-01 -1.82956e-02  1.75814e+00 -3.65772e-02  2.42737e+00  2.67552e+00
 7.14000e+01  5.00487e-01 -1.75529e-02  1.76030e+00 -3.50716e-02  2.43243e+00  2.67769e+00
 7.15000e+01  5.00779e-01 -1.67702e-02  1.76272e+00 -3.34882e-02  2.43646e+00  2.67888e+00
 7.16000e+01  5.01061e-01 -1.59890e-02  1.76500e+00 -3.19103e-02  2.44102e+00  2.68068e+00
 7.17000e+01  5.01333e-01 -1.52683e-02  1.76687e+00 -3.04554e-02  2.44529e+00  2.68229e+00
 7.18000e+01  5.01596e-01 -1.44825e-02  1.76885e+00 -2.88729e-02  2.44812e+00  2.68254e+00
 7.19000e+01  5.01842e-01 -1.36887e-02  1.77088e+00 -2.72768e-02  2.45259e+00  2.68458e+00
 7.20000e+01  5.02073e-01 -1.28548e-02  1.77290e+00 -2.56034e-02  2.45695e+00  2.68666e+00
 7.21000e+01  5.02291e-01 -1.20485e-02  1.77464e+00 -2.39871e-02  2.46094e+00  2.68849e+00
 7.22000e+01  5.02498e-01 -1.13164e-02  1.77605e+00 -2.25202e-02  2.46309e+00  2.68860e+00
 7.23000e+01  5.02689e-01 -1.05440e-02  1.77752e+00 -2.09753e-02  2.46596e+00  2.68957e+00
 7.24000e+01  5.02863e-01 -9.79664e-03  1.77894e+00 -1.94817e-02  2.47050e+00  2.69235e+00
 7.25000e+01  5.03029e-01 -9.07179e-03  1.78022e+00 -1.80343e-02  2.47277e+00  2.69298e+00
 7.26000e+01  5.03185e-01 -8.40140e-03  1.78129e+00 -1.66964e-02  2.47554e+00  2.69419e+00
 7.27000e+01  5.03333e-01 -7.75508e-03  1.78233e+00 -1.54074e-02  2.47800e+00  2.69517e+00
 7.28000e+01  5.03475e-01 -7.08531e-03  1.78346e+00 -1.40728e-02  2.47945e+00  2.69522e+00
 7.29000e+01  5.03605e-01 -6.45174e-03  1.78447e+00 -1.28111e-02  2.48255e+00  2.69700e+00
 7.30000e+01  5.03728e-01 -5.86212e-03  1.78536e+00 -1.16375e-02  2.48519e+00  2.69838e+00
 7.31000e+01  5.03850e-01 -5.31380e-03  1.78623e+00 -1.05464e-02  2.48667e+00  2.69865e+00
 7.32000e+01  5.03968e-01 -4.79197e-03  1.78706e+00 -9.50847e-03  2.48898e+00  2.69977e+00
 7.33000e+01  5.04085e-01 -4.32171e-03  1.78783e+00 -8.57338e-03  2.49010e+00  2.69972e+00
 7.34000e+01  5.04197e-01 -3.85446e-03  1.78858e+00 -7.64475e-03  2.49076e+00  2.69928e+00
 7.35000e+01  5.04298e-01 -3.37825e-03  1.78927e+00 -6.69892e-03  2.49269e+00  2.70019e+00
 7.36000e+01  5.04391e-01 -2.90640e-03  1.78988e+00 -5.76220e-03  2.49399e+00  2.70055e+00
 7.37000e+01  5.04476e-01 -2.44358e-03  1.79041e+00 -4.84379e-03  2.49497e+00  2.70068e+00
 7.38000e+01  5.04550e-01 -1.96893e-03  1.79087e+00 -3.90234e-03  2.49548e+00  2.70045e+00
 7.39000e+01  5.04611e-01 -1.50565e-03  1.79120e+00 -2.98378e-03  2.49610e+00  2.70046e+00
 7.40000e+01  5.04658e-01 -1.06490e-03  1.79142e+00 -2.11015e-03  2.49682e+00  2.70071e+00
 7.41000e+01  5.04691e-01 -5.61650e-04  1.79154e+00 -1.11286e-03  2.49717e+00  2.70072e+00
 7.42000e+01  5.04711e-01 -9.90388e-05  1.79154e+00 -1.96229e-04  2.49731e+00  2.70066e+00
 7.43000e+01  5.04717e-01  4.14646e-04  1.79143e+00  8.21541e-04  2.49773e+00  2.70101e+00
 7.44000e+01  5.04714e-01  9.87580e-04  1.79122e+00  1.95671e-03  2.49742e+00  2.70075e+00
 7.45000e+01  5.04699e-01  1.53361e-03  1.79091e+00  3.03865e-03  2.49647e+00  2.69996e+00
 7.46000e+01  5.04672e-01  2.07266e-03  1.79051e+00  4.10693e-03  2.49663e+00  2.70038e+00
 7.47000e+01  5.04637e-01  2.57141e-03  1.79004e+00  5.09557e-03  2.49593e+00  2.70004e+00
 7.48000e+01  5.04595e-01  3.09428e-03  1.78949e+00  6.13220e-03  2.49507e+00  2.69961e+00
 7.49000e+01  5.04547e-01  3.57560e-03  1.78888e+00  7.08676e-03  2.49353e+00  2.69857e+00
 7.50000e+01  5.04490e-01  4.06014e-03  1.78819e+00  8.04802e-03  2.49220e+00  2.69782e+00
 7.51000e+01  5.04423e-01  4.46946e-03  1.78753e+00  8.86053e-03  2.49173e+00  2.69801e+00
 7.52000e+01  5.04352e-01  4.87892e-03  1.78678e+00  9.67363e-03  2.49028e+00  2.69728e+00
 7.53000e+01  5.04277e-01  5.35678e-03  1.78590e+00  1.06227e-02  2.48878e+00  2.69654e+00
 7.54000e+01  5.04198e-01  5.73113e-03  1.78512e+00  1.13668e-02  2.48715e+00  2.69572e+00
 7.55000e+01  5.04114e-01  6.15483e-03  1.78431e+00  1.22092e-02  2.48655e+00  2.69595e+00
 7.56000e+01  5.04031e-01  6.57751e-03  1.78347e+00  1.30498e-02  2.48462e+00  2.69487e+00
 7.57000e+01  5.03948e-01  7.01489e-03  1.78263e+00  1.39199e-02  2.48315e+00  2.69423e+00
 7.58000e+01  5.03865e-01  7.50000e-03  1.78172e+00  1.48849e-02  2.48210e+00  2.69401e+00
 7.59000e+01  5.03786e-01  7.97001e-03  1.78091e+00  1.58202e-02  2.47944e+00  2.69216e+00
 7.60000e+01  5.03705e-01  8.45333e-03  1.78011e+00  1.67823e-02  2.47927e+00  2.69278e+00
 7.61000e+01  5.03630e-01  8.95237e-03  1.77926e+00  1.77757e-02  2.47753e+00  2.69180e+00
 7.62000e+01  5.03559e-01  9.46249e-03  1.77847e+00  1.87912e-02  2.47539e+00  2.69038e+00
 7.63000e+01  5.03489e-01  9.92892e-03  1.77776e+00  1.97202e-02  2.47467e+00  2.69036e+00
 7.64000e+01  5.03424e-01  1.04177e-02  1.77704e+00  2.06937e-02  2.47294e+00  2.68928e+00
 7.65000e+01  5.03361e-01  1.08717e-02  1.77633e+00  2.15982e-02  2.47184e+00  2.68882e+00
 7.66000e+01  5.03302e-01  1.13103e-02  1.77563e+00  2.24721e-02  2.46935e+00  2.68693e+00
 7.67000e+01  5.03240e-01  1.17187e-02  1.77492e+00  2.32865e-02  2.46832e+00  2.68652e+00
 7.68000e+01  5.03176e-01  1.20627e-02  1.77429e+00  2.39731e-02  2.46805e+00  2.68688e+00
 7.69000e+01  5.03115e-01  1.23986e-02  1.77367e+00  2.46436e-02  2.46604e+00  2.68549e+00
 7.70000e+01  5.03054e-01  1.26884e-02  1.77294e+00  2.52228e-02  2.46560e+00  2.68565e+00
 7.71000e+01  5.02997e-01  1.29847e-02  1.77210e+00  2.58147e-02  2.46424e+00  2.68486e+00
 7.72000e+01  5.02945e-01  1.31895e-02  1.77152e+00  2.62245e-02  2.46277e+00  2.68392e+00
 7.73000e+01  5.02895e-01  1.33344e-02  1.77103e+00  2.65152e-02  2.46215e+00  2.68379e+00
 7.74000e+01  5.02850e-01  1.34793e-02  1.77037e+00  2.68059e-02  2.46088e+00  2.68297e+00
 7.75000e+01  5.02809e-01  1.35408e-02  1.76989e+00  2.69304e-02  2.46003e+00  2.68254e+00
 7.76000e+01  5.02771e-01  1.35738e-02  1.76948e+00  2.69980e-02  2.45920e+00  2.68208e+00
 7.77000e+01  5.02738e-01  1.35816e-02  1.76907e+00  2.70153e-02  2.45892e+00  2.68213e+00
 7.78000e+01  5.02710e-01  1.35496e-02  1.76876e+00  2.69532e-02  2.45852e+00  2.68201e+00
 7.79000e+01  5.02690e-01  1.35254e-02  1.76843e+00  2.69061e-02  2.45807e+00  2.68175e+00
 7.80000e+01  5.02678e-01  1.34778e-02  1.76820e+00  2.68121e-02  2.45761e+00  2.68141e+00
 7.81000e+01  5.02674e-01  1.34122e-02  1.76797e+00  2.66817e-02  2.45642e+00  2.68029e+00
 7.82000e+01  5.02671e-01  1.33613e-02  1.76758e+00  2.65806e-02  2.45554e+00  2.67943e+00
 7.83000e+01  5.02670e-01  1.32193e-02  1.76742e+00  2.62981e-02  2.45534e+00  2.67925e+00
 7.84000e+01  5.02669e-01  1.30251e-02  1.76736e+00  2.59119e-02  2.45462e+00  2.67855e+00
 7.85000e+01  5.02664e-01  1.27957e-02  1.76718e+00  2.54557e-02  2.45409e+00  2.67806e+00
 7.86000e+01  5.02655e-01  1.25095e-02  1.76698e+00  2.48869e-02  2.45454e+00  2.67860e+00
 7.87000e+01  5.02646e-01  1.21874e-02  1.76683e+00  2.42465e-02  2.45423e+00  2.67838e+00
 7.88000e+01  5.02636e-01  1.18192e-02  1.76660e+00  2.35144e-02  2.45393e+00  2.67818e+00
 7.89000e+01  5.02626e-01  1.14539e-02  1.76621e+00  2.27881e-02  2.45312e+00  2.67748e+00
 7.90000e+01  5.02615e-01  1.10095e-02  1.76590e+00  2.19045e-02  2.45333e+00  2.67779e+00
 7.91000e+01  5.02606e-01  1.04951e-02  1.76576e+00  2.08813e-02  2.45279e+00  2.67735e+00
 7.92000e+01  5.02598e-01  9.93286e-03  1.76555e+00  1.97630e-02  2.45141e+00  2.67606e+00
 7.93000e+01  5.02585e-01  9.33702e-03  1.76516e+00  1.85780e-02  2.45192e+00  2.67670e+00
 7.94000e+01  5.02573e-01  8.67543e-03  1.76490e+00  1.72620e-02  2.45123e+00  2.67613e+00
 7.95000e+01  5.02560e-01  7.90060e-03  1.76476e+00  1.57207e-02  2.45180e+00  2.67682e+00
 7.96000e+01  5.02552e-01  7.12792e-03  1.76453e+00  1.41835e-02  2.45049e+00  2.67560e+00
 7.97000e+01  5.02542e-01  6.28976e-03  1.76428e+00  1.25159e-02  2.45007e+00  2.67527e+00
 7.98000e+01  5.02532e-01  5.39418e-03  1.76409e+00  1.07340e-02  2.45110e+00  2.67640e+00
 7.99000e+01  5.02527e-01  4.46438e-03  1.76394e+00  8.88385e-03  2.44923e+00  2.67459e+00
 8.00000e+01  5.02520e-01  3.48902e-03  1.76372e+00  6.94304e-03  2.44939e+00  2.67481e+00
 8.01000e+01  5.02513e-01  2.49308e-03  1.76352e+00  4.96123e-03  2.44847e+00  2.67397e+00
 8.02000e+01  5.02502e-01  1.39197e-03  1.76333e+00  2.77008e-03  2.44840e+00  2.67401e+00
 8.03000e+01  5.02488e-01  2.68474e-04  1.76308e+00  5.34289e-04  2.44732e+00  2.67307e+00
 8.04000e+01  5.02468e-01 -8.55754e-04  1.76278e+00 -1.70310e-03  2.44621e+00  2.67217e+00
 8.05000e+01  5.02438e-01 -2.03522e-03  1.76238e+00 -4.05069e-03  2.44616e+00  2.67241e+00
 8.06000e+01  5.02403e-01 -3.25006e-03  1.76189e+00 -6.46904e-03  2.44404e+00  2.67065e+00
 8.07000e+01  5.02354e-01 -4.46910e-03  1.76132e+00 -8.89633e-03  2.44456e+00  2.67165e+00
 8.08000e+01  5.02301e-01 -5.70409e-03  1.76071e+00 -1.13559e-02  2.44268e+00  2.67029e+00
 8.09000e+01  5.02239e-01 -6.97107e-03  1.76002e+00 -1.38800e-02  2.44063e+00  2.66887e+00
 8.10000e+01  5.02165e-01 -8.24698e-03  1.75921e+00 -1.64229e-02  2.43910e+00  2.66807e+00
 8.11000e+01  5.02077e-01 -9.56800e-03  1.75819e+00 -1.90569e-02  2.43703e+00  2.66687e+00
 8.12000e+01  5.01974e-01 -1.08774e-02  1.75706e+00 -2.16693e-02  2.43548e+00  2.66631e+00
 8.13000e+01  5.01861e-01 -1.21656e-02  1.75593e+00 -2.42409e-02  2.43265e+00  2.66461e+00
 8.14000e+01  5.01732e-01 -1.34479e-02  1.75467e+00 -2.68030e-02  2.43146e+00  2.66467e+00
 8.15000e+01  5.01595e-01 -1.47120e-02  1.75332e+00 -2.93304e-02  2.42861e+00  2.66315e+00
 8.16000e+01  5.01449e-01 -1.59695e-02  1.75190e+00 -3.18466e-02  2.42726e+00  2.66322e+00
 8.17000e+01  5.01302e-01 -1.71885e-02  1.75053e+00 -3.42877e-02  2.42521e+00  2.66260e+00
 8.18000e+01  5.01158e-01 -1.84037e-02  1.74911e+00 -3.67224e-02  2.42176e+00  2.66057e+00
 8.19000e+01  5.01012e-01 -1.95843e-02  1.74772e+00 -3.90896e-02  2.42062e+00  2.66084e+00
 8.20000e+01  5.00873e-01 -2.07318e-02  1.74651e+00 -4.13913e-02  2.41785e+00  2.65943e+00
 8.21000e+01  5.00739e-01 -2.18711e-02  1.74516e+00 -4.36776e-02  2.41548e+00  2.65835e+00
 8.22000e+01  5.00612e-01 -2.29903e-02  1.74367e+00 -4.59244e-02  2.41279e+00  2.65689e+00
 8.23000e+01  5.00492e-01 -2.40611e-02  1.74249e+00 -4.80748e-02  2.41065e+00  2.65592e+00
 8.24000e+01  5.00379e-01 -2.50602e-02  1.74154e+00 -5.00825e-02  2.40831e+00  2.65467e+00
 8.25000e+01  5.00270e-01 -2.60644e-02  1.74021e+00 -5.21007e-02  2.40585e+00  2.65325e+00
 8.26000e+01  5.00166e-01 -2.70002e-02  1.73902e+00 -5.39825e-02  2.40487e+00  2.65328e+00
 8.27000e+01  5.00073e-01 -2.78628e-02  1.73818e+00 -5.57174e-02  2.40250e+00  2.65179e+00
 8.28000e+01  4.99988e-01 -2.86937e-02  1.73715e+00 -5.73889e-02  2.40123e+00  2.65135e+00
 8.29000e+01  4.99913e-01 -2.94444e-02  1.73615e+00 -5.88991e-02  2.39931e+00  2.65015e+00
 8.30000e+01  4.99847e-01 -3.01255e-02  1.73539e+00 -6.02694e-02  2.39716e+00  2.64862e+00
 8.31000e+01  4.99787e-01 -3.06994e-02  1.73485e+00 -6.14251e-02  2.39704e+00  2.64908e+00
 8.32000e+01  4.99737e-01 -3.12083e-02  1.73415e+00 -6.24495e-02  2.39547e+00  2.64799e+00
 8.33000e+01  4.99696e-01 -3.16261e-02  1.73355e+00 -6.32907e-02  2.39466e+00  2.64757e+00
 8.34000e+01  4.99665e-01 -3.19123e-02  1.73345e+00 -6.38674e-02  2.39530e+00  2.64852e+00
 8.35000e+01  4.99649e-01 -3.21309e-02  1.73338e+00 -6.43071e-02  2.39475e+00  2.64811e+00
 8.36000e+01  4.99646e-01 -3.22535e-02  1.73339e+00 -6.45526e-02  2.39421e+00  2.64760e+00
 8.37000e+01  4.99654e-01 -3.23068e-02  1.73347e+00 -6.46584e-02  2.39500e+00  2.64832e+00
 8.38000e+01  4.99675e-01 -3.22927e-02  1.73358e+00 -6.46274e-02  2.39544e+00  2.64856e+00
 8.39000e+01  4.99712e-01 -3.22058e-02  1.73370e+00 -6.44488e-02  2.39590e+00  2.64867e+00
 8.40000e+01  4.99764e-01 -3.20629e-02  1.73409e+00 -6.41561e-02  2.39769e+00  2.64996e+00
 8.41000e+01  4.99837e-01 -3.18186e-02  1.73489e+00 -6.36580e-02  2.39821e+00  2.64977e+00
 8.42000e+01  4.99926e-01 -3.15674e-02  1.73524e+00 -6.31441e-02  2.39889e+00  2.64960e+00
 8.43000e+01  5.00029e-01 -3.12483e-02  1.73575e+00 -6.24930e-02  2.40054e+00  2.65026e+00
 8.44000e+01  5.00148e-01 -3.08305e-02  1.73666e+00 -6.16427e-02  2.40085e+00  2.64942e+00
 8.45000e+01  5.00274e-01 -3.03878e-02  1.73739e+00 -6.07422e-02  2.40260e+00  2.64997e+00
 8.46000e+01  5.00408e-01 -2.98225e-02  1.73836e+00 -5.95964e-02  2.40460e+00  2.65069e+00
 8.47000e+01  5.00548e-01 -2.92117e-02  1.73922e+00 -5.83594e-02  2.40619e+00  2.65092e+00
 8.48000e+01  5.00693e-01 -2.84963e-02  1.74022e+00 -5.69138e-02  2.40811e+00  2.65144e+00
 8.49000e+01  5.00841e-01 -2.76631e-02  1.74150e+00 -5.52333e-02  2.40915e+00  2.65106e+00
 8.50000e+01  5.00984e-01 -2.67660e-02  1.74270e+00 -5.34269e-02  2.41220e+00  2.65273e+00
 8.51000e+01  5.01124e-01 -2.57408e-02  1.74413e+00 -5.13661e-02  2.41512e+00  2.65429e+00
 8.52000e+01  5.01265e-01 -2.46864e-02  1.74536e+00 -4.92481e-02  2.41726e+00  2.65506e+00
 8.53000e+01  5.01403e-01 -2.35668e-02  1.74644e+00 -4.70018e-02  2.42022e+00  2.65667e+00
 8.54000e+01  5.01543e-01 -2.23985e-02  1.74764e+00 -4.46593e-02  2.42263e+00  2.65772e+00
 8.55000e+01  5.01685e-01 -2.11892e-02  1.74888e+00 -4.22361e-02  2.42530e+00  2.65901e+00
 8.56000e+01  5.01830e-01 -1.99564e-02  1.74999e+00 -3.97673e-02  2.42709e+00  2.65939e+00
 8.57000e+01  5.01976e-01 -1.87226e-02  1.75112e+00 -3.72979e-02  2.42923e+00  2.66010e+00
 8.58000e+01  5.02120e-01 -1.74431e-02  1.75228e+00 -3.47389e-02  2.43179e+00  2.66125e+00
 8.59000e+01  5.02264e-01 -1.62178e-02  1.75318e+00 -3.22893e-02  2.43341e+00  2.66146e+00
 8.60000e+01  5.02406e-01 -1.49560e-02  1.75421e+00 -2.97687e-02  2.43573e+00  2.66240e+00
 8.61000e+01  5.02546e-01 -1.36838e-02  1.75526e+00 -2.72290e-02  2.43767e+00  2.66296e+00
 8.62000e+01  5.02683e-01 -1.24597e-02  1.75610e+00 -2.47864e-02  2.43922e+00  2.66318e+00
 8.63000e+01  5.02814e-01 -1.11802e-02  1.75706e+00 -2.22352e-02  2.44092e+00  2.66359e+00
 8.64000e+01  5.02938e-01 -9.91318e-03  1.75795e+00 -1.97105e-02  2.44214e+00  2.66360e+00
 8.65000e+01  5.03050e-01 -8.64595e-03  1.75869e+00 -1.71871e-02  2.44367e+00  2.66403e+00
 8.66000e+01  5.03150e-01 -7.33650e-03  1.75946e+00 -1.45811e-02  2.44570e+00  2.66506e+00
 8.67000e+01  5.03240e-01 -6.02095e-03  1.76015e+00 -1.19644e-02  2.44675e+00  2.66524e+00
 8.68000e+01  5.03318e-01 -4.71387e-03  1.76069e+00 -9.36558e-03  2.44743e+00  2.66515e+00
 8.69000e+01  5.03381e-01 -3.41073e-03  1.76110e+00 -6.77563e-03  2.44894e+00  2.66603e+00
 8.70000e+01  5.03433e-01 -2.08153e-03  1.76144e+00 -4.13468e-03  2.44989e+00  2.66647e+00
 8.71000e+01  5.03474e-01 -7.63817e-04  1.76167e+00 -1.51709e-03  2.45036e+00  2.66653e+00
 8.72000e+01  5.03504e-01  5.46866e-04  1.76178e+00  1.08612e-03  2.45063e+00  2.66651e+00
 8.73000e+01  5.03524e-01  1.85086e-03  1.76176e+00  3.67582e-03  2.45125e+00  2.66693e+00
 8.74000e+01  5.03535e-01  3.10619e-03  1.76168e+00  6.16877e-03  2.45150e+00  2.66707e+00
 8.75000e+01  5.03540e-01  4.35194e-03  1.76153e+00  8.64268e-03  2.45107e+00  2.66660e+00
 8.76000e+01  5.03537e-01  5.57590e-03  1.76127e+00  1.10735e-02  2.45103e+00  2.66658e+00
 8.77000e+01  5.03529e-01  6.78309e-03  1.76094e+00  1.34711e-02  2.45022e+00  2.66587e+00
 8.78000e+01  5.03512e-01  7.93482e-03  1.76060e+00  1.57589e-02  2.44981e+00  2.66562e+00
 8.79000e+01  5.03489e-01  9.04139e-03  1.76022e+00  1.79575e-02  2.44954e+00  2.66558e+00
 8.80000e+01  5.03462e-01  1.01317e-02  1.75974e+00  2.01241e-02  2.44798e+00  2.66431e+00
 8.81000e+01  5.03425e-01  1.11415e-02  1.75928e+00  2.21314e-02  2.44715e+00  2.66384e+00
 8.82000e+01  5.03379e-01  1.21154e-02  1.75877e+00  2.40681e-02  2.44696e+00  2.66410e+00
 8.83000e+01  5.03328e-01  1.30322e-02  1.75819e+00  2.58920e-02  2.44559e+00  2.66324e+00
 8.84000e+01  5.03271e-01  1.38945e-02  1.75766e+00  2.76084e-02  2.44506e+00  2.66327e+00
 8.85000e+01  5.03211e-01  1.46927e-02  1.75718e+00  2.91980e-02  2.44458e+00  2.66337e+00
 8.86000e+01  5.03150e-01  1.54699e-02  1.75652e+00  3.07461e-02  2.44319e+00  2.66259e+00
 8.87000e+01  5.03088e-01  1.62137e-02  1.75590e+00  3.22284e-02  2.44309e+00  2.66309e+00
 8.88000e+01  5.03031e-01  1.68786e-02  1.75539e+00  3.35537e-02  2.44156e+00  2.66213e+00
 8.89000e+01  5.02976e-01  1.75703e-02  1.75466e+00  3.49327e-02  2.44043e+00  2.66154e+00
 8.90000e+01  5.02925e-01  1.81653e-02  1.75412e+00  3.61193e-02  2.44033e+00  2.66194e+00
 8.91000e+01  5.02882e-01  1.87438e-02  1.75350e+00  3.72728e-02  2.43835e+00  2.66040e+00
 8.92000e+01  5.02842e-01  1.92948e-02  1.75273e+00  3.83715e-02  2.43744e+00  2.65989e+00
 8.93000e+01  5.02807e-01  1.97262e-02  1.75230e+00  3.92320e-02  2.43702e+00  2.65980e+00
 8.94000e+01  5.02780e-01  2.01351e-02  1.75192e+00  4.00475e-02  2.43604e+00  2.65909e+00
 8.95000e+01  5.02759e-01  2.04453e-02  1.75162e+00  4.06661e-02  2.43590e+00  2.65916e+00
 8.96000e+01  5.02745e-01  2.07292e-02  1.75138e+00  4.12320e-02  2.43595e+00  2.65934e+00
 8.97000e+01  5.02742e-01  2.09444e-02  1.75130e+00  4.16603e-02  2.43566e+00  2.65908e+00
 8.98000e+01  5.02749e-01  2.11224e-02  1.75116e+00  4.20139e-02  2.43584e+00  2.65920e+00
 8.99000e+01  5.02767e-01  2.12782e-02  1.75098e+00  4.23222e-02  2.43595e+00  2.65913e+00
 9.00000e+01  5.02797e-01  2.13241e-02  1.75115e+00  4.24109e-02  2.43591e+00  2.65880e+00
 9.01000e+01  5.02839e-01  2.13382e-02  1.75143e+00  4.24354e-02  2.43671e+00  2.65919e+00
 9.02000e+01  5.02891e-01  2.12538e-02  1.75204e+00  4.22633e-02  2.43802e+00  2.65998e+00
 9.03000e+01  5.02957e-01  2.11329e-02  1.75260e+00  4.20173e-02  2.43935e+00  2.66066e+00
 9.04000e+01  5.03036e-01  2.10082e-02  1.75289e+00  4.17629e-02  2.43982e+00  2.66037e+00
 9.05000e+01  5.03126e-01  2.07843e-02  1.75363e+00  4.13103e-02  2.44088e+00  2.66054e+00
 9.06000e+01  5.03226e-01  2.05049e-02  1.75447e+00  4.07469e-02  2.44239e+00  2.66107e+00
 9.07000e+01  5.03333e-01  2.02032e-02  1.75502e+00  4.01388e-02  2.44305e+00  2.66069e+00
 9.08000e+01  5.03443e-01  1.98076e-02  1.75582e+00  3.93442e-02  2.44512e+00  2.66166e+00
 9.09000e+01  5.03560e-01  1.93321e-02  1.75686e+00  3.83909e-02  2.44729e+00  2.66268e+00
 9.10000e+01  5.03682e-01  1.88107e-02  1.75790e+00  3.73464e-02  2.44812e+00  2.66232e+00
 9.11000e+01  5.03804e-01  1.82306e-02  1.75892e+00  3.61860e-02  2.45055e+00  2.66353e+00
 9.12000e+01  5.03926e-01  1.76297e-02  1.75991e+00  3.49847e-02  2.45297e+00  2.66473e+00
 9.13000e+01  5.04051e-01  1.69809e-02  1.76099e+00  3.36887e-02  2.45439e+00  2.66492e+00
 9.14000e+01  5.04175e-01  1.63134e-02  1.76212e+00  3.23566e-02  2.45696e+00  2.66625e+00
 9.15000e+01  5.04300e-01  1.56291e-02  1.76323e+00  3.09917e-02  2.45902e+00  2.66706e+00
 9.16000e+01  5.04424e-01  1.49380e-02  1.76433e+00  2.96140e-02  2.46134e+00  2.66814e+00
 9.17000e+01  5.04549e-01  1.42391e-02  1.76551e+00  2.82214e-02  2.46383e+00  2.66939e+00
 9.18000e+01  5.04675e-01  1.35232e-02  1.76667e+00  2.67959e-02  2.46502e+00  2.66933e+00
 9.19000e+01  5.04795e-01  1.28468e-02  1.76764e+00  2.54496e-02  2.46715e+00  2.67025e+00
 9.20000e+01  5.04912e-01  1.21127e-02  1.76876e+00  2.39898e-02  2.46965e+00  2.67157e+00
 9.21000e+01  5.05025e-01  1.13758e-02  1.76985e+00  2.25252e-02  2.47162e+00  2.67241e+00
 9.22000e+01  5.05135e-01  1.06526e-02  1.77080e+00  2.10887e-02  2.47366e+00  2.67333e+00
 9.23000e+01  5.05243e-01  9.89111e-03  1.77177e+00  1.95769e-02  2.47522e+00  2.67383e+00
 9.24000e+01  5.05345e-01  9.15874e-03  1.77262e+00  1.81237e-02  2.47653e+00  2.67412e+00
 9.25000e+01  5.05439e-01  8.39460e-03  1.77341e+00  1.66085e-02  2.47801e+00  2.67465e+00
 9.26000e+01  5.05525e-01  7.62531e-03  1.77411e+00  1.50839e-02  2.47956e+00  2.67533e+00
 9.27000e+01  5.05603e-01  6.84892e-03  1.77473e+00  1.35460e-02  2.48072e+00  2.67571e+00
 9.28000e+01  5.05672e-01  6.03858e-03  1.77529e+00  1.19417e-02  2.48190e+00  2.67618e+00
 9.29000e+01  5.05733e-01  5.23534e-03  1.77573e+00  1.03520e-02  2.48315e+00  2.67681e+00
 9.30000e+01  5.05787e-01  4.39794e-03  1.77614e+00  8.69524e-03  2.48367e+00  2.67680e+00
 9.31000e+01  5.05832e-01  3.50890e-03  1.77654e+00  6.93689e-03  2.48435e+00  2.67702e+00
 9.32000e+01  5.05868e-01  2.61721e-03  1.77682e+00  5.17370e-03  2.48552e+00  2.67782e+00
 9.33000e+01  5.05897e-01  1.73110e-03  1.77702e+00  3.42185e-03  2.48626e+00  2.67826e+00
 9.34000e+01  5.05922e-01  8.34655e-04  1.77718e+00  1.64977e-03  2.48615e+00  2.67791e+00
 9.35000e+01  5.05939e-01 -5.60963e-05  1.77726e+00 -1.10875e-04  2.48646e+00  2.67805e+00
 9.36000e+01  5.05950e-01 -9.70849e-04  1.77724e+00 -1.91886e-03  2.48676e+00  2.67823e+00
 9.37000e+01  5.05956e-01 -1.84018e-03  1.77717e+00 -3.63703e-03  2.48629e+00  2.67771e+00
 9.38000e+01  5.05954e-01 -2.69559e-03  1.77702e+00 -5.32773e-03  2.48655e+00  2.67799e+00
 9.39000e+01  5.05948e-01 -3.61704e-03  1.77674e+00 -7.14904e-03  2.48545e+00  2.67697e+00
 9.40000e+01  5.05933e-01 -4.51144e-03  1.77636e+00 -8.91707e-03  2.48469e+00  2.67639e+00
 9.41000e+01  5.05908e-01 -5.40357e-03  1.77591e+00 -1.06809e-02  2.48409e+00  2.67604e+00
 9.42000e+01  5.05874e-01 -6.30996e-03  1.77531e+00 -1.24734e-02  2.48211e+00  2.67443e+00
 9.43000e+01  5.05826e-01 -7.20959e-03  1.77460e+00 -1.42531e-02  2.48149e+00  2.67429e+00
 9.44000e+01  5.05767e-01 -8.08686e-03  1.77387e+00 -1.59893e-02  2.47932e+00  2.67274e+00
 9.45000e+01  5.05693e-01 -8.99439e-03  1.77289e+00 -1.77863e-02  2.47793e+00  2.67211e+00
 9.46000e+01  5.05604e-01 -9.90610e-03  1.77183e+00 -1.95926e-02  2.47626e+00  2.67133e+00
 9.47000e+01  5.05504e-01 -1.07686e-02  1.77085e+00 -2.13028e-02  2.47344e+00  2.66954e+00
 9.48000e+01  5.05387e-01 -1.16918e-02  1.76961e+00 -2.31343e-02  2.47234e+00  2.66961e+00
 9.49000e+01  5.05259e-01 -1.26196e-02  1.76824e+00 -2.49766e-02  2.46971e+00  2.66827e+00
 9.50000e+01  5.05122e-01 -1.35494e-02  1.76689e+00 -2.68239e-02  2.46693e+00  2.66688e+00
 9.51000e+01  5.04973e-01 -1.44977e-02  1.76538e+00 -2.87099e-02  2.46434e+00  2.66578e+00
 9.52000e+01  5.04816e-01 -1.54502e-02  1.76371e+00 -3.06056e-02  2.46155e+00  2.66457e+00
 9.53000e+01  5.04651e-01 -1.63853e-02  1.76212e+00 -3.24686e-02  2.45818e+00  2.66284e+00
 9.54000e+01  5.04478e-01 -1.72832e-02  1.76049e+00 -3.42595e-02  2.45597e+00  2.66235e+00
 9.55000e+01  5.04302e-01 -1.81975e-02  1.75879e+00 -3.60844e-02  2.45345e+00  2.66158e+00
 9.56000e+01  5.04128e-01 -1.90426e-02  1.75735e+00 -3.77734e-02  2.45063e+00  2.66048e+00
 9.57000e+01  5.03957e-01 -1.99132e-02  1.75567e+00 -3.95137e-02  2.44847e+00  2.66001e+00
 9.58000e+01  5.03794e-01 -2.07864e-02  1.75390e+00 -4.12597e-02  2.44396e+00  2.65713e+00
 9.59000e+01  5.03634e-01 -2.15757e-02  1.75240e+00 -4.28399e-02  2.44152e+00  2.65627e+00
 9.60000e+01  5.03479e-01 -2.23749e-02  1.75073e+00 -4.44406e-02  2.43795e+00  2.65424e+00
 9.61000e+01  5.03326e-01 -2.30744e-02  1.74925e+00 -4.58439e-02  2.43456e+00  2.65237e+00
 9.62000e+01  5.03173e-01 -2.37081e-02  1.74795e+00 -4.71172e-02  2.43278e+00  2.65209e+00
 9.63000e+01  5.03024e-01 -2.42822e-02  1.74677e+00 -4.82724e-02  2.43038e+00  2.65115e+00
 9.64000e+01  5.02880e-01 -2.47665e-02  1.74576e+00 -4.92494e-02  2.42954e+00  2.65170e+00
 9.65000e+01  5.02749e-01 -2.52478e-02  1.74449e+00 -5.02195e-02  2.42633e+00  2.64980e+00
 9.66000e+01  5.02625e-01 -2.56418e-02  1.74332e+00 -5.10157e-02  2.42347e+00  2.64815e+00
 9.67000e+01  5.02506e-01 -2.59593e-02  1.74236e+00 -5.16596e-02  2.42135e+00  2.64719e+00
 9.68000e+01  5.02391e-01 -2.61910e-02  1.74169e+00 -5.21326e-02  2.42036e+00  2.64731e+00
 9.69000e+01  5.02283e-01 -2.63200e-02  1.74140e+00 -5.24008e-02  2.42016e+00  2.64815e+00
 9.70000e+01  5.02187e-01 -2.64306e-02  1.74094e+00 -5.26309e-02  2.41883e+00  2.64776e+00
 9.71000e+01  5.02102e-01 -2.65031e-02  1.74029e+00 -5.27842e-02  2.41805e+00  2.64779e+00
 9.72000e+01  5.02031e-01 -2.65369e-02  1.73981e+00 -5.28590e-02  2.41662e+00  2.64706e+00
 9.73000e+01  5.01973e-01 -2.65102e-02  1.73947e+00 -5.28120e-02  2.41599e+00  2.64699e+00
 9.74000e+01  5.01927e-01 -2.64445e-02  1.73907e+00 -5.26859e-02  2.41476e+00  2.64621e+00
 9.75000e+01  5.01892e-01 -2.63117e-02  1.73887e+00 -5.24251e-02  2.41434e+00  2.64614e+00
 9.76000e+01  5.01867e-01 -2.60974e-02  1.73873e+00 -5.20006e-02  2.41459e+00  2.64662e+00
 9.77000e+01  5.01857e-01 -2.58535e-02  1.73841e+00 -5.15156e-02  2.41428e+00  2.64641e+00
 9.78000e+01  5.01861e-01 -2.54871e-02  1.73851e+00 -5.07851e-02  2.41388e+00  2.64596e+00
 9.79000e+01  5.01878e-01 -2.50471e-02  1.73867e+00 -4.99067e-02  2.41260e+00  2.64454e+00
 9.80000e+01  5.01897e-01 -2.45416e-02  1.73862e+00 -4.88977e-02  2.41303e+00  2.64479e+00
 9.81000e+01  5.01921e-01 -2.39176e-02  1.73872e+00 -4.76521e-02  2.41311e+00  2.64464e+00
 9.82000e+01  5.01948e-01 -2.32159e-02  1.73883e+00 -4.62515e-02  2.41273e+00  2.64400e+00
 9.83000e+01  5.01975e-01 -2.23844e-02  1.73923e+00 -4.45926e-02  2.41340e+00  2.64440e+00
 9.84000e+01  5.02002e-01 -2.14604e-02  1.73966e+00 -4.27497e-02  2.41427e+00  2.64501e+00
 9.85000e+01  5.02028e-01 -2.04909e-02  1.73984e+00 -4.08162e-02  2.41479e+00  2.64528e+00
 9.86000e+01  5.02056e-01 -1.94268e-02  1.74018e+00 -3.86945e-02  2.41537e+00  2.64559e+00
 9.87000e+01  5.02084e-01 -1.83055e-02  1.74050e+00 -3.64590e-02  2.41559e+00  2.64553e+00
 9.88000e+01  5.02112e-01 -1.71357e-02  1.74078e+00 -3.41273e-02  2.41572e+00  2.64539e+00
 9.89000e+01  5.02135e-01 -1.58789e-02  1.74118e+00 -3.16228e-02  2.41689e+00  2.64633e+00
 9.90000e+01  5.02158e-01 -1.45956e-02  1.74147e+00 -2.90657e-02  2.41704e+00  2.64626e+00
 9.91000e+01  5.02178e-01 -1.32579e-02  1.74177e+00 -2.64008e-02  2.41807e+00  2.64709e+00
 9.92000e+01  5.02198e-01 -1.18509e-02  1.74218e+00 -2.35981e-02  2.41896e+00  2.64778e+00
 9.93000e+01  5.02219e-01 -1.04325e-02  1.74249e+00 -2.07727e-02  2.41908e+00  2.64769e+00
 9.94000e+01  5.02240e-01 -8.96469e-03  1.74283e+00 -1.78494e-02  2.41971e+00  2.64813e+00
 9.95000e+01  5.02260e-01 -7.45569e-03  1.74322e+00 -1.48443e-02  2.41963e+00  2.64785e+00
 9.96000e+01  5.02274e-01 -5.95518e-03  1.74345e+00 -1.18564e-02  2.42059e+00  2.64866e+00
 9.97000e+01  5.02288e-01 -4.46362e-03  1.74362e+00 -8.88658e-03  2.42054e+00  2.64849e+00
 9.98000e+01  5.02297e-01 -2.94924e-03  1.74378e+00 -5.87151e-03  2.42098e+00  2.64883e+00
 9.99000e+01  5.02304e-01 -1.44651e-03  1.74387e+00 -2.87975e-03  2.42123e+00  2.64901e+00
