 0.00000e+00  1.91094e-01  3.83032e-16  5.87783e-03  2.00442e-15 -1.57692e-03 -1.62341e-03  1.47902e-01
 5.00000e-01  1.91095e-01  1.18502e-04  5.87782e-03  6.20119e-04 -1.57696e-03 -1.62341e-03  1.47902e-01
 1.00000e+00  1.91100e-01  2.37023e-04  5.87778e-03  1.24031e-03 -1.57711e-03 -1.62340e-03  1.47905e-01
 1.50000e+00  1.91107e-01  3.55583e-04  5.87772e-03  1.86065e-03 -1.57734e-03 -1.62340e-03  1.47909e-01
 2.00000e+00  1.91118e-01  4.74201e-04  5.87763e-03  2.48120e-03 -1.57767e-03 -1.62339e-03  1.47915e-01
 2.50000e+00  1.91132e-01  5.92896e-04  5.87752e-03  3.10203e-03 -1.57809e-03 -1.62339e-03  1.47922e-01
 3.00000e+00  1.91148e-01  7.11687e-04  5.87739e-03  3.72322e-03 -1.57860e-03 -1.62339e-03  1.47931e-01
 3.50000e+00  1.91168e-01  8.30592e-04  5.87725e-03  4.34482e-03 -1.57919e-03 -1.62340e-03  1.47941e-01
 4.00000e+00  1.91191e-01  9.49628e-04  5.87710e-03  4.96690e-03 -1.57987e-03 -1.62342e-03  1.47954e-01
 4.50000e+00  1.91218e-01  1.06881e-03  5.87694e-03  5.58951e-03 -1.58063e-03 -1.62346e-03  1.47968e-01
 5.00000e+00  1.91247e-01  1.18816e-03  5.87678e-03  6.21270e-03 -1.58147e-03 -1.62352e-03  1.47984e-01
 5.50000e+00  1.91280e-01  1.30769e-03  5.87662e-03  6.83653e-03 -1.58237e-03 -1.62360e-03  1.48002e-01
 6.00000e+00  1.91316e-01  1.42741e-03  5.87648e-03  7.46102e-03 -1.58335e-03 -1.62371e-03  1.48021e-01
 6.50000e+00  1.91355e-01  1.54734e-03  5.87635e-03  8.08622e-03 -1.58439e-03 -1.62386e-03  1.48043e-01
 7.00000e+00  1.91397e-01  1.66748e-03  5.87625e-03  8.71214e-03 -1.58550e-03 -1.62405e-03  1.48066e-01
 7.50000e+00  1.91444e-01  1.78785e-03  5.87618e-03  9.33881e-03 -1.58665e-03 -1.62428e-03  1.48092e-01
 8.00000e+00  1.91493e-01  1.90846e-03  5.87614e-03  9.96622e-03 -1.58786e-03 -1.62458e-03  1.48119e-01
 8.50000e+00  1.91547e-01  2.02932e-03  5.87616e-03  1.05944e-02 -1.58912e-03 -1.62493e-03  1.48149e-01
 9.00000e+00  1.91604e-01  2.15042e-03  5.87623e-03  1.12233e-02 -1.59042e-03 -1.62534e-03  1.48182e-01
 9.50000e+00  1.91665e-01  2.27177e-03  5.87636e-03  1.18528e-02 -1.59176e-03 -1.62583e-03  1.48216e-01
 1.00000e+01  1.91729e-01  2.39337e-03  5.87656e-03  1.24830e-02 -1.59313e-03 -1.62640e-03  1.48253e-01
 1.05000e+01  1.91799e-01  2.51522e-03  5.87684e-03  1.31139e-02 -1.59453e-03 -1.62705e-03  1.48293e-01
 1.10000e+01  1.91872e-01  2.63732e-03  5.87720e-03  1.37452e-02 -1.59596e-03 -1.62779e-03  1.48335e-01
 1.15000e+01  1.91950e-01  2.75965e-03  5.87766e-03  1.43770e-02 -1.59742e-03 -1.62863e-03  1.48380e-01
 1.20000e+01  1.92032e-01  2.88221e-03  5.87822e-03  1.50090e-02 -1.59890e-03 -1.62956e-03  1.48428e-01
 1.25000e+01  1.92119e-01  3.00499e-03  5.87889e-03  1.56413e-02 -1.60039e-03 -1.63060e-03  1.48480e-01
 1.30000e+01  1.92212e-01  3.12797e-03  5.87967e-03  1.62736e-02 -1.60191e-03 -1.63175e-03  1.48534e-01
 1.35000e+01  1.92309e-01  3.25113e-03  5.88057e-03  1.69058e-02 -1.60344e-03 -1.63301e-03  1.48592e-01
 1.40000e+01  1.92412e-01  3.37445e-03  5.88161e-03  1.75376e-02 -1.60500e-03 -1.63439e-03  1.48653e-01
 1.45000e+01  1.92521e-01  3.49790e-03  5.88277e-03  1.81689e-02 -1.60657e-03 -1.63588e-03  1.48718e-01
 1.50000e+01  1.92636e-01  3.62145e-03  5.88407e-03  1.87995e-02 -1.60816e-03 -1.63749e-03  1.48787e-01
 1.55000e+01  1.92757e-01  3.74507e-03  5.88552e-03  1.94290e-02 -1.60977e-03 -1.63923e-03  1.48860e-01
 1.60000e+01  1.92885e-01  3.86873e-03  5.88711e-03  2.00572e-02 -1.61141e-03 -1.64109e-03  1.48938e-01
 1.65000e+01  1.93020e-01  3.99238e-03  5.88885e-03  2.06838e-02 -1.61307e-03 -1.64306e-03  1.49019e-01
 1.70000e+01  1.93162e-01  4.11598e-03  5.89074e-03  2.13084e-02 -1.61477e-03 -1.64516e-03  1.49106e-01
 1.75000e+01  1.93312e-01  4.23949e-03  5.89279e-03  2.19308e-02 -1.61651e-03 -1.64738e-03  1.49197e-01
 1.80000e+01  1.93471e-01  4.36285e-03  5.89498e-03  2.25504e-02 -1.61828e-03 -1.64971e-03  1.49293e-01
 1.85000e+01  1.93637e-01  4.48600e-03  5.89734e-03  2.31671e-02 -1.62011e-03 -1.65216e-03  1.49395e-01
 1.90000e+01  1.93812e-01  4.60890e-03  5.89984e-03  2.37802e-02 -1.62200e-03 -1.65473e-03  1.49502e-01
 1.95000e+01  1.93997e-01  4.73147e-03  5.90249e-03  2.43894e-02 -1.62394e-03 -1.65740e-03  1.49615e-01
 2.00000e+01  1.94191e-01  4.85366e-03  5.90530e-03  2.49942e-02 -1.62597e-03 -1.66017e-03  1.49734e-01
 2.05000e+01  1.94396e-01  4.97539e-03  5.90825e-03  2.55941e-02 -1.62807e-03 -1.66304e-03  1.49859e-01
 2.10000e+01  1.94611e-01  5.09661e-03  5.91134e-03  2.61887e-02 -1.63026e-03 -1.66600e-03  1.49991e-01
 2.15000e+01  1.94837e-01  5.21723e-03  5.91457e-03  2.67774e-02 -1.63255e-03 -1.66905e-03  1.50129e-01
 2.20000e+01  1.95074e-01  5.33717e-03  5.91793e-03  2.73597e-02 -1.63496e-03 -1.67219e-03  1.50274e-01
 2.25000e+01  1.95323e-01  5.45637e-03  5.92141e-03  2.79351e-02 -1.63748e-03 -1.67539e-03  1.50426e-01
 2.30000e+01  1.95585e-01  5.57475e-03  5.92501e-03  2.85029e-02 -1.64013e-03 -1.67867e-03  1.50586e-01
 2.35000e+01  1.95860e-01  5.69221e-03  5.92873e-03  2.90627e-02 -1.64292e-03 -1.68200e-03  1.50753e-01
 2.40000e+01  1.96147e-01  5.80869e-03  5.93255e-03  2.96139e-02 -1.64586e-03 -1.68539e-03  1.50928e-01
 2.45000e+01  1.96449e-01  5.92409e-03  5.93646e-03  3.01559e-02 -1.64896e-03 -1.68883e-03  1.51112e-01
 2.50000e+01  1.96764e-01  6.03833e-03  5.94046e-03  3.06881e-02 -1.65222e-03 -1.69231e-03  1.51303e-01
 2.55000e+01  1.97094e-01  6.15132e-03  5.94454e-03  3.12100e-02 -1.65566e-03 -1.69582e-03  1.51503e-01
 2.60000e+01  1.97439e-01  6.26299e-03  5.94868e-03  3.17210e-02 -1.65928e-03 -1.69936e-03  1.51712e-01
 2.65000e+01  1.97800e-01  6.37323e-03  5.95289e-03  3.22206e-02 -1.66309e-03 -1.70292e-03  1.51930e-01
 2.70000e+01  1.98176e-01  6.48198e-03  5.95715e-03  3.27081e-02 -1.66709e-03 -1.70650e-03  1.52158e-01
 2.75000e+01  1.98569e-01  6.58913e-03  5.96144e-03  3.31830e-02 -1.67128e-03 -1.71008e-03  1.52394e-01
 2.80000e+01  1.98978e-01  6.69460e-03  5.96577e-03  3.36449e-02 -1.67568e-03 -1.71367e-03  1.52640e-01
 2.85000e+01  1.99405e-01  6.79832e-03  5.97011e-03  3.40931e-02 -1.68028e-03 -1.71726e-03  1.52896e-01
 2.90000e+01  1.99848e-01  6.90018e-03  5.97447e-03  3.45271e-02 -1.68509e-03 -1.72085e-03  1.53162e-01
 2.95000e+01  2.00309e-01  7.00011e-03  5.97882e-03  3.49465e-02 -1.69009e-03 -1.72443e-03  1.53438e-01
 3.00000e+01  2.00789e-01  7.09803e-03  5.98317e-03  3.53508e-02 -1.69530e-03 -1.72799e-03  1.53725e-01
 3.05000e+01  2.01286e-01  7.19385e-03  5.98749e-03  3.57394e-02 -1.70070e-03 -1.73154e-03  1.54021e-01
 3.10000e+01  2.01802e-01  7.28748e-03  5.99179e-03  3.61120e-02 -1.70629e-03 -1.73507e-03  1.54329e-01
 3.15000e+01  2.02337e-01  7.37885e-03  5.99605e-03  3.64682e-02 -1.71207e-03 -1.73859e-03  1.54647e-01
 3.20000e+01  2.02890e-01  7.46786e-03  6.00025e-03  3.68074e-02 -1.71802e-03 -1.74208e-03  1.54976e-01
 3.25000e+01  2.03463e-01  7.55445e-03  6.00440e-03  3.71293e-02 -1.72413e-03 -1.74554e-03  1.55316e-01
 3.30000e+01  2.04056e-01  7.63853e-03  6.00848e-03  3.74336e-02 -1.73040e-03 -1.74898e-03  1.55667e-01
 3.35000e+01  2.04667e-01  7.72001e-03  6.01247e-03  3.77198e-02 -1.73681e-03 -1.75239e-03  1.56029e-01
 3.40000e+01  2.05299e-01  7.79881e-03  6.01638e-03  3.79876e-02 -1.74334e-03 -1.75577e-03  1.56403e-01
 3.45000e+01  2.05950e-01  7.87485e-03  6.02017e-03  3.82367e-02 -1.74998e-03 -1.75912e-03  1.56788e-01
 3.50000e+01  2.06621e-01  7.94804e-03  6.02385e-03  3.84667e-02 -1.75671e-03 -1.76243e-03  1.57184e-01
 3.55000e+01  2.07313e-01  8.01830e-03  6.02741e-03  3.86774e-02 -1.76351e-03 -1.76570e-03  1.57591e-01
 3.60000e+01  2.08024e-01  8.08554e-03  6.03081e-03  3.88684e-02 -1.77037e-03 -1.76892e-03  1.58010e-01
 3.65000e+01  2.08755e-01  8.14967e-03  6.03406e-03  3.90394e-02 -1.77726e-03 -1.77210e-03  1.58440e-01
 3.70000e+01  2.09506e-01  8.21060e-03  6.03713e-03  3.91902e-02 -1.78417e-03 -1.77522e-03  1.58881e-01
 3.75000e+01  2.10278e-01  8.26823e-03  6.04000e-03  3.93205e-02 -1.79107e-03 -1.77827e-03  1.59334e-01
 3.80000e+01  2.11069e-01  8.32246e-03  6.04266e-03  3.94301e-02 -1.79794e-03 -1.78126e-03  1.59798e-01
 3.85000e+01  2.11880e-01  8.37319e-03  6.04507e-03  3.95185e-02 -1.80477e-03 -1.78415e-03  1.60274e-01
 3.90000e+01  2.12711e-01  8.42031e-03  6.04723e-03  3.95856e-02 -1.81152e-03 -1.78695e-03  1.60760e-01
 3.95000e+01  2.13562e-01  8.46372e-03  6.04909e-03  3.96311e-02 -1.81819e-03 -1.78964e-03  1.61258e-01
 4.00000e+01  2.14433e-01  8.50330e-03  6.05064e-03  3.96548e-02 -1.82474e-03 -1.79220e-03  1.61767e-01
 4.05000e+01  2.15323e-01  8.53893e-03  6.05183e-03  3.96563e-02 -1.83117e-03 -1.79460e-03  1.62286e-01
 4.10000e+01  2.16233e-01  8.57049e-03  6.05264e-03  3.96354e-02 -1.83745e-03 -1.79684e-03  1.62816e-01
 4.15000e+01  2.17162e-01  8.59786e-03  6.05303e-03  3.95919e-02 -1.84356e-03 -1.79887e-03  1.63357e-01
 4.20000e+01  2.18110e-01  8.62089e-03  6.05295e-03  3.95254e-02 -1.84950e-03 -1.80068e-03  1.63908e-01
 4.25000e+01  2.19077e-01  8.63946e-03  6.05236e-03  3.94357e-02 -1.85524e-03 -1.80224e-03  1.64469e-01
 4.30000e+01  2.20062e-01  8.65342e-03  6.05121e-03  3.93226e-02 -1.86077e-03 -1.80351e-03  1.65040e-01
 4.35000e+01  2.21066e-01  8.66263e-03  6.04945e-03  3.91857e-02 -1.86609e-03 -1.80445e-03  1.65621e-01
 4.40000e+01  2.22088e-01  8.66694e-03  6.04703e-03  3.90248e-02 -1.87118e-03 -1.80503e-03  1.66211e-01
 4.45000e+01  2.23127e-01  8.66620e-03  6.04388e-03  3.88397e-02 -1.87604e-03 -1.80520e-03  1.66810e-01
 4.50000e+01  2.24184e-01  8.66025e-03  6.03995e-03  3.86301e-02 -1.88066e-03 -1.80492e-03  1.67417e-01
 4.55000e+01  2.25258e-01  8.64893e-03  6.03517e-03  3.83957e-02 -1.88505e-03 -1.80415e-03  1.68033e-01
 4.60000e+01  2.26348e-01  8.63210e-03  6.02946e-03  3.81364e-02 -1.88920e-03 -1.80282e-03  1.68657e-01
 4.65000e+01  2.27455e-01  8.60957e-03  6.02276e-03  3.78518e-02 -1.89313e-03 -1.80091e-03  1.69289e-01
 4.70000e+01  2.28577e-01  8.58120e-03  6.01498e-03  3.75419e-02 -1.89684e-03 -1.79834e-03  1.69928e-01
 4.75000e+01  2.29714e-01  8.54683e-03  6.00605e-03  3.72065e-02 -1.90035e-03 -1.79506e-03  1.70573e-01
 4.80000e+01  2.30865e-01  8.50628e-03  5.99587e-03  3.68453e-02 -1.90366e-03 -1.79102e-03  1.71224e-01
 4.85000e+01  2.32030e-01  8.45941e-03  5.98438e-03  3.64583e-02 -1.90682e-03 -1.78616e-03  1.71881e-01
 4.90000e+01  2.33208e-01  8.40606e-03  5.97146e-03  3.60453e-02 -1.90983e-03 -1.78043e-03  1.72543e-01
 4.95000e+01  2.34399e-01  8.34607e-03  5.95702e-03  3.56062e-02 -1.91273e-03 -1.77375e-03  1.73209e-01
 5.00000e+01  2.35601e-01  8.27929e-03  5.94098e-03  3.51411e-02 -1.91557e-03 -1.76608e-03  1.73878e-01
 5.05000e+01  2.36814e-01  8.20558e-03  5.92322e-03  3.46499e-02 -1.91837e-03 -1.75736e-03  1.74551e-01
 5.10000e+01  2.38036e-01  8.12481e-03  5.90365e-03  3.41327e-02 -1.92121e-03 -1.74752e-03  1.75225e-01
 5.15000e+01  2.39267e-01  8.03683e-03  5.88216e-03  3.35894e-02 -1.92412e-03 -1.73652e-03  1.75901e-01
 5.20000e+01  2.40505e-01  7.94153e-03  5.85863e-03  3.30202e-02 -1.92718e-03 -1.72430e-03  1.76577e-01
 5.25000e+01  2.41750e-01  7.83879e-03  5.83296e-03  3.24252e-02 -1.93046e-03 -1.71080e-03  1.77252e-01
 5.30000e+01  2.43000e-01  7.72849e-03  5.80504e-03  3.18046e-02 -1.93404e-03 -1.69598e-03  1.77926e-01
 5.35000e+01  2.44253e-01  7.61055e-03  5.77475e-03  3.11585e-02 -1.93803e-03 -1.67979e-03  1.78597e-01
 5.40000e+01  2.45508e-01  7.48487e-03  5.74197e-03  3.04872e-02 -1.94252e-03 -1.66219e-03  1.79264e-01
 5.45000e+01  2.46764e-01  7.35137e-03  5.70659e-03  2.97911e-02 -1.94762e-03 -1.64315e-03  1.79927e-01
 5.50000e+01  2.48019e-01  7.20999e-03  5.66849e-03  2.90703e-02 -1.95348e-03 -1.62262e-03  1.80583e-01
 5.55000e+01  2.49271e-01  7.06065e-03  5.62754e-03  2.83252e-02 -1.96023e-03 -1.60058e-03  1.81231e-01
 5.60000e+01  2.50518e-01  6.90333e-03  5.58363e-03  2.75562e-02 -1.96804e-03 -1.57701e-03  1.81871e-01
 5.65000e+01  2.51758e-01  6.73797e-03  5.53663e-03  2.67636e-02 -1.97706e-03 -1.55188e-03  1.82500e-01
 5.70000e+01  2.52989e-01  6.56455e-03  5.48643e-03  2.59479e-02 -1.98750e-03 -1.52519e-03  1.83117e-01
 5.75000e+01  2.54209e-01  6.38306e-03  5.43291e-03  2.51095e-02 -1.99956e-03 -1.49693e-03  1.83720e-01
 5.80000e+01  2.55414e-01  6.19350e-03  5.37594e-03  2.42488e-02 -2.01347e-03 -1.46711e-03  1.84308e-01
 5.85000e+01  2.56603e-01  5.99586e-03  5.31542e-03  2.33663e-02 -2.02946e-03 -1.43572e-03  1.84879e-01
 5.90000e+01  2.57773e-01  5.79017e-03  5.25122e-03  2.24623e-02 -2.04781e-03 -1.40278e-03  1.85430e-01
 5.95000e+01  2.58920e-01  5.57645e-03  5.18325e-03  2.15373e-02 -2.06878e-03 -1.36832e-03  1.85959e-01
 6.00000e+01  2.60042e-01  5.35474e-03  5.11139e-03  2.05918e-02 -2.09269e-03 -1.33235e-03  1.86465e-01
 6.05000e+01  2.61135e-01  5.12508e-03  5.03557e-03  1.96262e-02 -2.11984e-03 -1.29493e-03  1.86945e-01
 6.10000e+01  2.62195e-01  4.88753e-03  4.95568e-03  1.86408e-02 -2.15058e-03 -1.25608e-03  1.87397e-01
 6.15000e+01  2.63219e-01  4.64215e-03  4.87165e-03  1.76360e-02 -2.18524e-03 -1.21586e-03  1.87818e-01
 6.20000e+01  2.64203e-01  4.38901e-03  4.78342e-03  1.66122e-02 -2.22421e-03 -1.17432e-03  1.88205e-01
 6.25000e+01  2.65143e-01  4.12820e-03  4.69095e-03  1.55697e-02 -2.26785e-03 -1.13153e-03  1.88556e-01
 6.30000e+01  2.66033e-01  3.85980e-03  4.59421e-03  1.45087e-02 -2.31656e-03 -1.08756e-03  1.88868e-01
 6.35000e+01  2.66870e-01  3.58391e-03  4.49319e-03  1.34294e-02 -2.37071e-03 -1.04248e-03  1.89138e-01
 6.40000e+01  2.67648e-01  3.30064e-03  4.38792e-03  1.23320e-02 -2.43070e-03 -9.96370e-04  1.89361e-01
 6.45000e+01  2.68362e-01  3.01011e-03  4.27844e-03  1.12166e-02 -2.49690e-03 -9.49326e-04  1.89536e-01
 6.50000e+01  2.69006e-01  2.71244e-03  4.16486e-03  1.00832e-02 -2.56968e-03 -9.01440e-04  1.89659e-01
 6.55000e+01  2.69575e-01  2.40777e-03  4.04729e-03  8.93172e-03 -2.64938e-03 -8.52811e-04  1.89726e-01
 6.60000e+01  2.70062e-01  2.09624e-03  3.92593e-03  7.76208e-03 -2.73629e-03 -8.03545e-04  1.89733e-01
 6.65000e+01  2.70460e-01  1.77802e-03  3.80099e-03  6.57407e-03 -2.83067e-03 -7.53751e-04  1.89676e-01
 6.70000e+01  2.70764e-01  1.45329e-03  3.67279e-03  5.36738e-03 -2.93271e-03 -7.03544e-04  1.89552e-01
 6.75000e+01  2.70965e-01  1.12224e-03  3.54167e-03  4.14164e-03 -3.04252e-03 -6.53041e-04  1.89357e-01
 6.80000e+01  2.71056e-01  7.85076e-04  3.40808e-03  2.89636e-03 -3.16013e-03 -6.02366e-04  1.89086e-01
 6.85000e+01  2.71029e-01  4.42036e-04  3.27254e-03  1.63095e-03 -3.28543e-03 -5.51643e-04  1.88736e-01
 6.90000e+01  2.70876e-01  9.33776e-05  3.13567e-03  3.44724e-04 -3.41819e-03 -5.01001e-04  1.88301e-01
 6.95000e+01  2.70589e-01 -2.60613e-04  2.99817e-03 -9.63135e-04 -3.55804e-03 -4.50571e-04  1.87779e-01
 7.00000e+01  2.70158e-01 -6.19620e-04  2.86088e-03 -2.29355e-03 -3.70440e-03 -4.00484e-04  1.87165e-01
 7.05000e+01  2.69575e-01 -9.83289e-04  2.72471e-03 -3.64756e-03 -3.85651e-03 -3.50876e-04  1.86455e-01
 7.10000e+01  2.68830e-01 -1.35123e-03  2.59071e-03 -5.02633e-03 -4.01341e-03 -3.01880e-04  1.85645e-01
 7.15000e+01  2.67915e-01 -1.72301e-03  2.46003e-03 -6.43118e-03 -4.17386e-03 -2.53631e-04  1.84731e-01
 7.20000e+01  2.66818e-01 -2.09813e-03  2.33394e-03 -7.86352e-03 -4.33641e-03 -2.06265e-04  1.83711e-01
 7.25000e+01  2.65532e-01 -2.47607e-03  2.21380e-03 -9.32493e-03 -4.49932e-03 -1.59916e-04  1.82580e-01
 7.30000e+01  2.64047e-01 -2.85622e-03  2.10109e-03 -1.08171e-02 -4.66060e-03 -1.14716e-04  1.81336e-01
 7.35000e+01  2.62352e-01 -3.23793e-03  1.99735e-03 -1.23420e-02 -4.81799e-03 -7.07957e-05  1.79977e-01
 7.40000e+01  2.60439e-01 -3.62047e-03  1.90416e-03 -1.39014e-02 -4.96898e-03 -2.82832e-05  1.78500e-01
 7.45000e+01  2.58300e-01 -4.00303e-03  1.82316e-03 -1.54976e-02 -5.11084e-03  1.26971e-05  1.76905e-01
 7.50000e+01  2.55925e-01 -4.38475e-03  1.75595e-03 -1.71330e-02 -5.24064e-03  5.20248e-05  1.75191e-01
 7.55000e+01  2.53307e-01 -4.76466e-03  1.70409e-03 -1.88098e-02 -5.35531e-03  8.95842e-05  1.73357e-01
 7.60000e+01  2.50441e-01 -5.14173e-03  1.66903e-03 -2.05307e-02 -5.45172e-03  1.25265e-04  1.71403e-01
 7.65000e+01  2.47319e-01 -5.51484e-03  1.65205e-03 -2.22985e-02 -5.52671e-03  1.58964e-04  1.69332e-01
 7.70000e+01  2.43937e-01 -5.88278e-03  1.65423e-03 -2.41160e-02 -5.57722e-03  1.90584e-04  1.67146e-01
 7.75000e+01  2.40292e-01 -6.24428e-03  1.67634e-03 -2.59862e-02 -5.60040e-03  2.20037e-04  1.64846e-01
 7.80000e+01  2.36383e-01 -6.59796e-03  1.71883e-03 -2.79122e-02 -5.59364e-03  2.47241e-04  1.62436e-01
 7.85000e+01  2.32209e-01 -6.94240e-03  1.78172e-03 -2.98972e-02 -5.55479e-03  2.72126e-04  1.59921e-01
 7.90000e+01  2.27772e-01 -7.27608e-03  1.86459e-03 -3.19445e-02 -5.48215e-03  2.94633e-04  1.57306e-01
 7.95000e+01  2.23077e-01 -7.59744e-03  1.96653e-03 -3.40574e-02 -5.37467e-03  3.14710e-04  1.54595e-01
 8.00000e+01  2.18130e-01 -7.90487e-03  2.08609e-03 -3.62392e-02 -5.23198e-03  3.32320e-04  1.51796e-01
 8.05000e+01  2.12939e-01 -8.19670e-03  2.22131e-03 -3.84931e-02 -5.05446e-03  3.47437e-04  1.48914e-01
 8.10000e+01  2.07516e-01 -8.47128e-03  2.36972e-03 -4.08223e-02 -4.84331e-03  3.60049e-04  1.45957e-01
 8.15000e+01  2.01874e-01 -8.72690e-03  2.52836e-03 -4.32295e-02 -4.60053e-03  3.70155e-04  1.42932e-01
 8.20000e+01  1.96029e-01 -8.96191e-03  2.69389e-03 -4.57172e-02 -4.32891e-03  3.77772e-04  1.39848e-01
 8.25000e+01  1.90000e-01 -9.17465e-03  2.86263e-03 -4.82876e-02 -4.03200e-03  3.82928e-04  1.36711e-01
 8.30000e+01  1.83808e-01 -9.36353e-03  3.03069e-03 -5.09418e-02 -3.71398e-03  3.85667e-04  1.33531e-01
 8.35000e+01  1.77477e-01 -9.52701e-03  3.19408e-03 -5.36804e-02 -3.37958e-03  3.86047e-04  1.30316e-01
 8.40000e+01  1.71031e-01 -9.66366e-03  3.34885e-03 -5.65025e-02 -3.03392e-03  3.84141e-04  1.27074e-01
 8.45000e+01  1.64498e-01 -9.77215e-03  3.49126e-03 -5.94059e-02 -2.68235e-03  3.80036e-04  1.23814e-01
 8.50000e+01  1.57908e-01 -9.85127e-03  3.61785e-03 -6.23863e-02 -2.33027e-03  3.73835e-04  1.20546e-01
 8.55000e+01  1.51290e-01 -9.89996e-03  3.72562e-03 -6.54370e-02 -1.98298e-03  3.65652e-04  1.17277e-01
 8.60000e+01  1.44676e-01 -9.91735e-03  3.81212e-03 -6.85485e-02 -1.64547e-03  3.55616e-04  1.14017e-01
 8.65000e+01  1.38099e-01 -9.90270e-03  3.87552e-03 -7.17073e-02 -1.32230e-03  3.43867e-04  1.10775e-01
 8.70000e+01  1.31590e-01 -9.85552e-03  3.91471e-03 -7.48957e-02 -1.01745e-03  3.30555e-04  1.07559e-01
 8.75000e+01  1.25182e-01 -9.77549e-03  3.92927e-03 -7.80905e-02 -7.34226e-04  3.15842e-04  1.04380e-01
 8.80000e+01  1.18905e-01 -9.66251e-03  3.91951e-03 -8.12623e-02 -4.75179e-04  2.99895e-04  1.01246e-01
 8.85000e+01  1.12791e-01 -9.51671e-03  3.88641e-03 -8.43745e-02 -2.42076e-04  2.82890e-04  9.81653e-02
 8.90000e+01  1.06869e-01 -9.33844e-03  3.83156e-03 -8.73823e-02 -3.58998e-05  2.65004e-04  9.51478e-02
 8.95000e+01  1.01165e-01 -9.12828e-03  3.75709e-03 -9.02319e-02  1.43125e-04  2.46420e-04  9.22020e-02
 9.00000e+01  9.57035e-02 -8.88701e-03  3.66552e-03 -9.28598e-02  2.95465e-04  2.27318e-04  8.93362e-02
 9.05000e+01  9.05075e-02 -8.61565e-03  3.55968e-03 -9.51927e-02  4.22198e-04  2.07880e-04  8.65585e-02
 9.10000e+01  8.55954e-02 -8.31543e-03  3.44257e-03 -9.71481e-02  5.24905e-04  1.88281e-04  8.38763e-02
 9.15000e+01  8.09829e-02 -7.98776e-03  3.31724e-03 -9.86351e-02  6.05562e-04  1.68693e-04  8.12968e-02
 9.20000e+01  7.66821e-02 -7.63424e-03  3.18670e-03 -9.95570e-02  6.66423e-04  1.49279e-04  7.88262e-02
 9.25000e+01  7.27013e-02 -7.25662e-03  3.05379e-03 -9.98143e-02  7.09907e-04  1.30196e-04  7.64706e-02
 9.30000e+01  6.90449e-02 -6.85681e-03  2.92113e-03 -9.93094e-02  7.38496e-04  1.11591e-04  7.42351e-02
 9.35000e+01  6.57138e-02 -6.43679e-03  2.79107e-03 -9.79520e-02  7.54645e-04  9.36013e-05  7.21247e-02
 9.40000e+01  6.27048e-02 -5.99864e-03  2.66564e-03 -9.56648e-02  7.60712e-04  7.63578e-05  7.01438e-02
 9.45000e+01  6.00114e-02 -5.54444e-03  2.54654e-03 -9.23897e-02  7.58901e-04  5.99817e-05  6.82971e-02
 9.50000e+01  5.76241e-02 -5.07627e-03  2.43516e-03 -8.80928e-02  7.51224e-04  4.45867e-05  6.65890e-02
 9.55000e+01  5.55306e-02 -4.59614e-03  2.33259e-03 -8.27678e-02  7.39480e-04  3.02803e-05  6.50241e-02
 9.60000e+01  5.37167e-02 -4.10599e-03  2.23967e-03 -7.64378e-02  7.25243e-04  1.71636e-05  6.36073e-02
 9.65000e+01  5.21670e-02 -3.60758e-03  2.15700e-03 -6.91543e-02  7.09866e-04  5.33175e-06  6.23433e-02
 9.70000e+01  5.08654e-02 -3.10252e-03  2.08498e-03 -6.09947e-02  6.94486e-04 -5.12646e-06  6.12370e-02
 9.75000e+01  4.97960e-02 -2.59225e-03  2.02387e-03 -5.20574e-02  6.80040e-04 -1.41294e-05  6.02928e-02
 9.80000e+01  4.89440e-02 -2.07800e-03  1.97382e-03 -4.24566e-02  6.67278e-04 -2.16039e-05  5.95147e-02
 9.85000e+01  4.82962e-02 -1.56082e-03  1.93488e-03 -3.23176e-02  6.56786e-04 -2.74870e-05  5.89060e-02
 9.90000e+01  4.78418e-02 -1.04161e-03  1.90708e-03 -2.17719e-02  6.48996e-04 -3.17274e-05  5.84694e-02
 9.95000e+01  4.75725e-02 -5.21110e-04  1.89041e-03 -1.09540e-02  6.44206e-04 -3.42872e-05  5.82067e-02
 1.00000e+02  4.74832e-02  3.73682e-16  1.88486e-03  7.86976e-15  6.42590e-04 -3.51431e-05  5.81190e-02
 1.00500e+02  4.75725e-02  5.21110e-04  1.89041e-03  1.09540e-02  6.44206e-04 -3.42872e-05  5.82067e-02
 1.01000e+02  4.78418e-02  1.04161e-03  1.90708e-03  2.17719e-02  6.48996e-04 -3.17274e-05  5.84694e-02
 1.01500e+02  4.82962e-02  1.56082e-03  1.93488e-03  3.23176e-02  6.56786e-04 -2.74870e-05  5.89060e-02
 1.02000e+02  4.89440e-02  2.07800e-03  1.97382e-03  4.24566e-02  6.67278e-04 -2.16039e-05  5.95147e-02
 1.02500e+02  4.97960e-02  2.59225e-03  2.02387e-03  5.20574e-02  6.80040e-04 -1.41294e-05  6.02928e-02
 1.03000e+02  5.08654e-02  3.10252e-03  2.08498e-03  6.09947e-02  6.94486e-04 -5.12646e-06  6.12370e-02
 1.03500e+02  5.21670e-02  3.60758e-03  2.15700e-03  6.91543e-02  7.09866e-04  5.33175e-06  6.23433e-02
 1.04000e+02  5.37167e-02  4.10599e-03  2.23967e-03  7.64378e-02  7.25243e-04  1.71636e-05  6.36073e-02
 1.04500e+02  5.55306e-02  4.59614e-03  2.33259e-03  8.27678e-02  7.39480e-04  3.02803e-05  6.50241e-02
 1.05000e+02  5.76241e-02  5.07627e-03  2.43516e-03  8.80928e-02  7.51224e-04  4.45867e-05  6.65890e-02
 1.05500e+02  6.00114e-02  5.54444e-03  2.54654e-03  9.23897e-02  7.58901e-04  5.99817e-05  6.82971e-02
 1.06000e+02  6.27048e-02  5.99864e-03  2.66564e-03  9.56648e-02  7.60712e-04  7.63578e-05  7.01438e-02
 1.06500e+02  6.57138e-02  6.43679e-03  2.79107e-03  9.79520e-02  7.54645e-04  9.36013e-05  7.21247e-02
 1.07000e+02  6.90449e-02  6.85681e-03  2.92113e-03  9.93094e-02  7.38496e-04  1.11591e-04  7.42351e-02
 1.07500e+02  7.27013e-02  7.25662e-03  3.05379e-03  9.98143e-02  7.09907e-04  1.30196e-04  7.64706e-02
 1.08000e+02  7.66821e-02  7.63424e-03  3.18670e-03  9.95570e-02  6.66423e-04  1.49279e-04  7.88262e-02
 1.08500e+02  8.09829e-02  7.98776e-03  3.31724e-03  9.86351e-02  6.05562e-04  1.68693e-04  8.12968e-02
 1.09000e+02  8.55954e-02  8.31543e-03  3.44257e-03  9.71481e-02  5.24905e-04  1.88281e-04  8.38763e-02
 1.09500e+02  9.05075e-02  8.61565e-03  3.55968e-03  9.51927e-02  4.22198e-04  2.07880e-04  8.65585e-02
 1.10000e+02  9.57035e-02  8.88701e-03  3.66552e-03  9.28598e-02  2.95465e-04  2.27318e-04  8.93362e-02
 1.10500e+02  1.01165e-01  9.12828e-03  3.75709e-03  9.02319e-02  1.43125e-04  2.46420e-04  9.22020e-02
 1.11000e+02  1.06869e-01  9.33844e-03  3.83156e-03  8.73823e-02 -3.58998e-05  2.65004e-04  9.51478e-02
 1.11500e+02  1.12791e-01  9.51671e-03  3.88641e-03  8.43745e-02 -2.42076e-04  2.82890e-04  9.81653e-02
 1.12000e+02  1.18905e-01  9.66251e-03  3.91951e-03  8.12623e-02 -4.75179e-04  2.99895e-04  1.01246e-01
 1.12500e+02  1.25182e-01  9.77549e-03  3.92927e-03  7.80905e-02 -7.34226e-04  3.15842e-04  1.04380e-01
 1.13000e+02  1.31590e-01  9.85552e-03  3.91471e-03  7.48957e-02 -1.01745e-03  3.30555e-04  1.07559e-01
 1.13500e+02  1.38099e-01  9.90270e-03  3.87552e-03  7.17073e-02 -1.32230e-03  3.43867e-04  1.10775e-01
 1.14000e+02  1.44676e-01  9.91735e-03  3.81212e-03  6.85485e-02 -1.64547e-03  3.55616e-04  1.14017e-01
 1.14500e+02  1.51290e-01  9.89996e-03  3.72562e-03  6.54370e-02 -1.98298e-03  3.65652e-04  1.17277e-01
 1.15000e+02  1.57908e-01  9.85127e-03  3.61785e-03  6.23863e-02 -2.33027e-03  3.73835e-04  1.20546e-01
 1.15500e+02  1.64498e-01  9.77215e-03  3.49126e-03  5.94059e-02 -2.68235e-03  3.80036e-04  1.23814e-01
 1.16000e+02  1.71031e-01  9.66366e-03  3.34885e-03  5.65025e-02 -3.03392e-03  3.84141e-04  1.27074e-01
 1.16500e+02  1.77477e-01  9.52701e-03  3.19408e-03  5.36804e-02 -3.37958e-03  3.86047e-04  1.30316e-01
 1.17000e+02  1.83808e-01  9.36353e-03  3.03069e-03  5.09418e-02 -3.71398e-03  3.85667e-04  1.33531e-01
 1.17500e+02  1.90000e-01  9.17465e-03  2.86263e-03  4.82876e-02 -4.03200e-03  3.82928e-04  1.36711e-01
 1.18000e+02  1.96029e-01  8.96191e-03  2.69389e-03  4.57172e-02 -4.32891e-03  3.77772e-04  1.39848e-01
 1.18500e+02  2.01874e-01  8.72690e-03  2.52836e-03  4.32295e-02 -4.60053e-03  3.70155e-04  1.42932e-01
 1.19000e+02  2.07516e-01  8.47128e-03  2.36972e-03  4.08223e-02 -4.84331e-03  3.60049e-04  1.45957e-01
 1.19500e+02  2.12939e-01  8.19670e-03  2.22131e-03  3.84931e-02 -5.05446e-03  3.47437e-04  1.48914e-01
 1.20000e+02  2.18130e-01  7.90487e-03  2.08609e-03  3.62392e-02 -5.23198e-03  3.32320e-04  1.51796e-01
 1.20500e+02  2.23077e-01  7.59744e-03  1.96653e-03  3.40574e-02 -5.37467e-03  3.14710e-04  1.54595e-01
 1.21000e+02  2.27772e-01  7.27608e-03  1.86459e-03  3.19445e-02 -5.48215e-03  2.94633e-04  1.57306e-01
 1.21500e+02  2.32209e-01  6.94240e-03  1.78172e-03  2.98972e-02 -5.55479e-03  2.72126e-04  1.59921e-01
 1.22000e+02  2.36383e-01  6.59796e-03  1.71883e-03  2.79122e-02 -5.59364e-03  2.47241e-04  1.62436e-01
 1.22500e+02  2.40292e-01  6.24428e-03  1.67634e-03  2.59862e-02 -5.60040e-03  2.20037e-04  1.64846e-01
 1.23000e+02  2.43937e-01  5.88278e-03  1.65423e-03  2.41160e-02 -5.57722e-03  1.90584e-04  1.67146e-01
 1.23500e+02  2.47319e-01  5.51484e-03  1.65205e-03  2.22985e-02 -5.52671e-03  1.58964e-04  1.69332e-01
 1.24000e+02  2.50441e-01  5.14173e-03  1.66903e-03  2.05307e-02 -5.45172e-03  1.25265e-04  1.71403e-01
 1.24500e+02  2.53307e-01  4.76466e-03  1.70409e-03  1.88098e-02 -5.35531e-03  8.95842e-05  1.73357e-01
 1.25000e+02  2.55925e-01  4.38475e-03  1.75595e-03  1.71330e-02 -5.24064e-03  5.20248e-05  1.75191e-01
 1.25500e+02  2.58300e-01  4.00303e-03  1.82316e-03  1.54976e-02 -5.11084e-03  1.26971e-05  1.76905e-01
 1.26000e+02  2.60439e-01  3.62047e-03  1.90416e-03  1.39014e-02 -4.96898e-03 -2.82832e-05  1.78500e-01
 1.26500e+02  2.62352e-01  3.23793e-03  1.99735e-03  1.23420e-02 -4.81799e-03 -7.07957e-05  1.79977e-01
 1.27000e+02  2.64047e-01  2.85622e-03  2.10109e-03  1.08171e-02 -4.66060e-03 -1.14716e-04  1.81336e-01
 1.27500e+02  2.65532e-01  2.47607e-03  2.21380e-03  9.32493e-03 -4.49932e-03 -1.59916e-04  1.82580e-01
 1.28000e+02  2.66818e-01  2.09813e-03  2.33394e-03  7.86352e-03 -4.33641e-03 -2.06265e-04  1.83711e-01
 1.28500e+02  2.67915e-01  1.72301e-03  2.46003e-03  6.43118e-03 -4.17386e-03 -2.53631e-04  1.84731e-01
 1.29000e+02  2.68830e-01  1.35123e-03  2.59071e-03  5.02633e-03 -4.01341e-03 -3.01880e-04  1.85645e-01
 1.29500e+02  2.69575e-01  9.83289e-04  2.72471e-03  3.64756e-03 -3.85651e-03 -3.50876e-04  1.86455e-01
 1.30000e+02  2.70158e-01  6.19620e-04  2.86088e-03  2.29355e-03 -3.70440e-03 -4.00484e-04  1.87165e-01
 1.30500e+02  2.70589e-01  2.60613e-04  2.99817e-03  9.63135e-04 -3.55804e-03 -4.50571e-04  1.87779e-01
 1.31000e+02  2.70876e-01 -9.33776e-05  3.13567e-03 -3.44724e-04 -3.41819e-03 -5.01001e-04  1.88301e-01
 1.31500e+02  2.71029e-01 -4.42036e-04  3.27254e-03 -1.63095e-03 -3.28543e-03 -5.51643e-04  1.88736e-01
 1.32000e+02  2.71056e-01 -7.85076e-04  3.40808e-03 -2.89636e-03 -3.16013e-03 -6.02366e-04  1.89086e-01
 1.32500e+02  2.70965e-01 -1.12224e-03  3.54167e-03 -4.14164e-03 -3.04252e-03 -6.53041e-04  1.89357e-01
 1.33000e+02  2.70764e-01 -1.45329e-03  3.67279e-03 -5.36738e-03 -2.93271e-03 -7.03544e-04  1.89552e-01
 1.33500e+02  2.70460e-01 -1.77802e-03  3.80099e-03 -6.57407e-03 -2.83067e-03 -7.53751e-04  1.89676e-01
 1.34000e+02  2.70062e-01 -2.09624e-03  3.92593e-03 -7.76208e-03 -2.73629e-03 -8.03545e-04  1.89733e-01
 1.34500e+02  2.69575e-01 -2.40777e-03  4.04729e-03 -8.93172e-03 -2.64938e-03 -8.52811e-04  1.89726e-01
 1.35000e+02  2.69006e-01 -2.71244e-03  4.16486e-03 -1.00832e-02 -2.56968e-03 -9.01440e-04  1.89659e-01
 1.35500e+02  2.68362e-01 -3.01011e-03  4.27844e-03 -1.12166e-02 -2.49690e-03 -9.49326e-04  1.89536e-01
 1.36000e+02  2.67648e-01 -3.30064e-03  4.38792e-03 -1.23320e-02 -2.43070e-03 -9.96370e-04  1.89361e-01
 1.36500e+02  2.66870e-01 -3.58391e-03  4.49319e-03 -1.34294e-02 -2.37071e-03 -1.04248e-03  1.89138e-01
 1.37000e+02  2.66033e-01 -3.85980e-03  4.59421e-03 -1.45087e-02 -2.31656e-03 -1.08756e-03  1.88868e-01
 1.37500e+02  2.65143e-01 -4.12820e-03  4.69095e-03 -1.55697e-02 -2.26785e-03 -1.13153e-03  1.88556e-01
 1.38000e+02  2.64203e-01 -4.38901e-03  4.78342e-03 -1.66122e-02 -2.22421e-03 -1.17432e-03  1.88205e-01
 1.38500e+02  2.63219e-01 -4.64215e-03  4.87165e-03 -1.76360e-02 -2.18524e-03 -1.21586e-03  1.87818e-01
 1.39000e+02  2.62195e-01 -4.88753e-03  4.95568e-03 -1.86408e-02 -2.15058e-03 -1.25608e-03  1.87397e-01
 1.39500e+02  2.61135e-01 -5.12508e-03  5.03557e-03 -1.96262e-02 -2.11984e-03 -1.29493e-03  1.86945e-01
 1.40000e+02  2.60042e-01 -5.35474e-03  5.11139e-03 -2.05918e-02 -2.09269e-03 -1.33235e-03  1.86465e-01
 1.40500e+02  2.58920e-01 -5.57645e-03  5.18325e-03 -2.15373e-02 -2.06878e-03 -1.36832e-03  1.85959e-01
 1.41000e+02  2.57773e-01 -5.79017e-03  5.25122e-03 -2.24623e-02 -2.04781e-03 -1.40278e-03  1.85430e-01
 1.41500e+02  2.56603e-01 -5.99586e-03  5.31542e-03 -2.33663e-02 -2.02946e-03 -1.43572e-03  1.84879e-01
 1.42000e+02  2.55414e-01 -6.19350e-03  5.37594e-03 -2.42488e-02 -2.01347e-03 -1.46711e-03  1.84308e-01
 1.42500e+02  2.54209e-01 -6.38306e-03  5.43291e-03 -2.51095e-02 -1.99956e-03 -1.49693e-03  1.83720e-01
 1.43000e+02  2.52989e-01 -6.56455e-03  5.48643e-03 -2.59479e-02 -1.98750e-03 -1.52519e-03  1.83117e-01
 1.43500e+02  2.51758e-01 -6.73797e-03  5.53663e-03 -2.67636e-02 -1.97706e-03 -1.55188e-03  1.82500e-01
 1.44000e+02  2.50518e-01 -6.90333e-03  5.58363e-03 -2.75562e-02 -1.96804e-03 -1.57701e-03  1.81871e-01
 1.44500e+02  2.49271e-01 -7.06065e-03  5.62754e-03 -2.83252e-02 -1.96023e-03 -1.60058e-03  1.81231e-01
 1.45000e+02  2.48019e-01 -7.20999e-03  5.66849e-03 -2.90703e-02 -1.95348e-03 -1.62262e-03  1.80583e-01
 1.45500e+02  2.46764e-01 -7.35137e-03  5.70659e-03 -2.97911e-02 -1.94762e-03 -1.64315e-03  1.79927e-01
 1.46000e+02  2.45508e-01 -7.48487e-03  5.74197e-03 -3.04872e-02 -1.94252e-03 -1.66219e-03  1.79264e-01
 1.46500e+02  2.44253e-01 -7.61055e-03  5.77475e-03 -3.11585e-02 -1.93803e-03 -1.67979e-03  1.78597e-01
 1.47000e+02  2.43000e-01 -7.72849e-03  5.80504e-03 -3.18046e-02 -1.93404e-03 -1.69598e-03  1.77926e-01
 1.47500e+02  2.41750e-01 -7.83879e-03  5.83296e-03 -3.24252e-02 -1.93046e-03 -1.71080e-03  1.77252e-01
 1.48000e+02  2.40505e-01 -7.94153e-03  5.85863e-03 -3.30202e-02 -1.92718e-03 -1.72430e-03  1.76577e-01
 1.48500e+02  2.39267e-01 -8.03683e-03  5.88216e-03 -3.35894e-02 -1.92412e-03 -1.73652e-03  1.75901e-01
 1.49000e+02  2.38036e-01 -8.12481e-03  5.90365e-03 -3.41327e-02 -1.92121e-03 -1.74752e-03  1.75225e-01
 1.49500e+02  2.36814e-01 -8.20558e-03  5.92322e-03 -3.46499e-02 -1.91837e-03 -1.75736e-03  1.74551e-01
 1.50000e+02  2.35601e-01 -8.27929e-03  5.94098e-03 -3.51411e-02 -1.91557e-03 -1.76608e-03  1.73878e-01
 1.50500e+02  2.34399e-01 -8.34607e-03  5.95702e-03 -3.56062e-02 -1.91273e-03 -1.77375e-03  1.73209e-01
 1.51000e+02  2.33208e-01 -8.40606e-03  5.97146e-03 -3.60453e-02 -1.90983e-03 -1.78043e-03  1.72543e-01
 1.51500e+02  2.32030e-01 -8.45941e-03  5.98438e-03 -3.64583e-02 -1.90682e-03 -1.78616e-03  1.71881e-01
 1.52000e+02  2.30865e-01 -8.50628e-03  5.99587e-03 -3.68453e-02 -1.90366e-03 -1.79102e-03  1.71224e-01
 1.52500e+02  2.29714e-01 -8.54683e-03  6.00605e-03 -3.72065e-02 -1.90035e-03 -1.79506e-03  1.70573e-01
 1.53000e+02  2.28577e-01 -8.58120e-03  6.01498e-03 -3.75419e-02 -1.89684e-03 -1.79834e-03  1.69928e-01
 1.53500e+02  2.27455e-01 -8.60957e-03  6.02276e-03 -3.78518e-02 -1.89313e-03 -1.80091e-03  1.69289e-01
 1.54000e+02  2.26348e-01 -8.63210e-03  6.02946e-03 -3.81364e-02 -1.88920e-03 -1.80282e-03  1.68657e-01
 1.54500e+02  2.25258e-01 -8.64893e-03  6.03517e-03 -3.83957e-02 -1.88505e-03 -1.80415e-03  1.68033e-01
 1.55000e+02  2.24184e-01 -8.66025e-03  6.03995e-03 -3.86301e-02 -1.88066e-03 -1.80492e-03  1.67417e-01
 1.55500e+02  2.23127e-01 -8.66620e-03  6.04388e-03 -3.88397e-02 -1.87604e-03 -1.80520e-03  1.66810e-01
 1.56000e+02  2.22088e-01 -8.66694e-03  6.04703e-03 -3.90248e-02 -1.87118e-03 -1.80503e-03  1.66211e-01
 1.56500e+02  2.21066e-01 -8.66263e-03  6.04945e-03 -3.91857e-02 -1.86609e-03 -1.80445e-03  1.65621e-01
 1.57000e+02  2.20062e-01 -8.65342e-03  6.05121e-03 -3.93226e-02 -1.86077e-03 -1.80351e-03  1.65040e-01
 1.57500e+02  2.19077e-01 -8.63946e-03  6.05236e-03 -3.94357e-02 -1.85524e-03 -1.80224e-03  1.64469e-01
 1.58000e+02  2.18110e-01 -8.62089e-03  6.05295e-03 -3.95254e-02 -1.84950e-03 -1.80068e-03  1.63908e-01
 1.58500e+02  2.17162e-01 -8.59786e-03  6.05303e-03 -3.95919e-02 -1.84356e-03 -1.79887e-03  1.63357e-01
 1.59000e+02  2.16233e-01 -8.57049e-03  6.05264e-03 -3.96354e-02 -1.83745e-03 -1.79684e-03  1.62816e-01
 1.59500e+02  2.15323e-01 -8.53893e-03  6.05183e-03 -3.96563e-02 -1.83117e-03 -1.79460e-03  1.62286e-01
 1.60000e+02  2.14433e-01 -8.50330e-03  6.05064e-03 -3.96548e-02 -1.82474e-03 -1.79220e-03  1.61767e-01
 1.60500e+02  2.13562e-01 -8.46372e-03  6.04909e-03 -3.96311e-02 -1.81819e-03 -1.78964e-03  1.61258e-01
 1.61000e+02  2.12711e-01 -8.42031e-03  6.04723e-03 -3.95856e-02 -1.81152e-03 -1.78695e-03  1.60760e-01
 1.61500e+02  2.11880e-01 -8.37319e-03  6.04507e-03 -3.95185e-02 -1.80477e-03 -1.78415e-03  1.60274e-01
 1.62000e+02  2.11069e-01 -8.32246e-03  6.04266e-03 -3.94301e-02 -1.79794e-03 -1.78126e-03  1.59798e-01
 1.62500e+02  2.10278e-01 -8.26823e-03  6.04000e-03 -3.93205e-02 -1.79107e-03 -1.77827e-03  1.59334e-01
 1.63000e+02  2.09506e-01 -8.21060e-03  6.03713e-03 -3.91902e-02 -1.78417e-03 -1.77522e-03  1.58881e-01
 1.63500e+02  2.08755e-01 -8.14967e-03  6.03406e-03 -3.90394e-02 -1.77726e-03 -1.77210e-03  1.58440e-01
 1.64000e+02  2.08024e-01 -8.08554e-03  6.03081e-03 -3.88684e-02 -1.77037e-03 -1.76892e-03  1.58010e-01
 1.64500e+02  2.07313e-01 -8.01830e-03  6.02741e-03 -3.86774e-02 -1.76351e-03 -1.76570e-03  1.57591e-01
 1.65000e+02  2.06621e-01 -7.94804e-03  6.02385e-03 -3.84667e-02 -1.75671e-03 -1.76243e-03  1.57184e-01
 1.65500e+02  2.05950e-01 -7.87485e-03  6.02017e-03 -3.82367e-02 -1.74998e-03 -1.75912e-03  1.56788e-01
 1.66000e+02  2.05299e-01 -7.79881e-03  6.01638e-03 -3.79876e-02 -1.74334e-03 -1.75577e-03  1.56403e-01
 1.66500e+02  2.04667e-01 -7.72001e-03  6.01247e-03 -3.77198e-02 -1.73681e-03 -1.75239e-03  1.56029e-01
 1.67000e+02  2.04056e-01 -7.63853e-03  6.00848e-03 -3.74336e-02 -1.73040e-03 -1.74898e-03  1.55667e-01
 1.67500e+02  2.03463e-01 -7.55445e-03  6.00440e-03 -3.71293e-02 -1.72413e-03 -1.74554e-03  1.55316e-01
 1.68000e+02  2.02890e-01 -7.46786e-03  6.00025e-03 -3.68074e-02 -1.71802e-03 -1.74208e-03  1.54976e-01
 1.68500e+02  2.02337e-01 -7.37885e-03  5.99605e-03 -3.64682e-02 -1.71207e-03 -1.73859e-03  1.54647e-01
 1.69000e+02  2.01802e-01 -7.28748e-03  5.99179e-03 -3.61120e-02 -1.70629e-03 -1.73507e-03  1.54329e-01
 1.69500e+02  2.01286e-01 -7.19385e-03  5.98749e-03 -3.57394e-02 -1.70070e-03 -1.73154e-03  1.54021e-01
 1.70000e+02  2.00789e-01 -7.09803e-03  5.98317e-03 -3.53508e-02 -1.69530e-03 -1.72799e-03  1.53725e-01
 1.70500e+02  2.00309e-01 -7.00011e-03  5.97882e-03 -3.49465e-02 -1.69009e-03 -1.72443e-03  1.53438e-01
 1.71000e+02  1.99848e-01 -6.90018e-03  5.97447e-03 -3.45271e-02 -1.68509e-03 -1.72085e-03  1.53162e-01
 1.71500e+02  1.99405e-01 -6.79832e-03  5.97011e-03 -3.40931e-02 -1.68028e-03 -1.71726e-03  1.52896e-01
 1.72000e+02  1.98978e-01 -6.69460e-03  5.96577e-03 -3.36449e-02 -1.67568e-03 -1.71367e-03  1.52640e-01
 1.72500e+02  1.98569e-01 -6.58913e-03  5.96144e-03 -3.31830e-02 -1.67128e-03 -1.71008e-03  1.52394e-01
 1.73000e+02  1.98176e-01 -6.48198e-03  5.95715e-03 -3.27081e-02 -1.66709e-03 -1.70650e-03  1.52158e-01
 1.73500e+02  1.97800e-01 -6.37323e-03  5.95289e-03 -3.22206e-02 -1.66309e-03 -1.70292e-03  1.51930e-01
 1.74000e+02  1.97439e-01 -6.26299e-03  5.94868e-03 -3.17210e-02 -1.65928e-03 -1.69936e-03  1.51712e-01
 1.74500e+02  1.97094e-01 -6.15132e-03  5.94454e-03 -3.12100e-02 -1.65566e-03 -1.69582e-03  1.51503e-01
 1.75000e+02  1.96764e-01 -6.03833e-03  5.94046e-03 -3.06881e-02 -1.65222e-03 -1.69231e-03  1.51303e-01
 1.75500e+02  1.96449e-01 -5.92409e-03  5.93646e-03 -3.01559e-02 -1.64896e-03 -1.68883e-03  1.51112e-01
 1.76000e+02  1.96147e-01 -5.80869e-03  5.93255e-03 -2.96139e-02 -1.64586e-03 -1.68539e-03  1.50928e-01
 1.76500e+02  1.95860e-01 -5.69221e-03  5.92873e-03 -2.90627e-02 -1.64292e-03 -1.68200e-03  1.50753e-01
 1.77000e+02  1.95585e-01 -5.57475e-03  5.92501e-03 -2.85029e-02 -1.64013e-03 -1.67867e-03  1.50586e-01
 1.77500e+02  1.95323e-01 -5.45637e-03  5.92141e-03 -2.79351e-02 -1.63748e-03 -1.67539e-03  1.50426e-01
 1.78000e+02  1.95074e-01 -5.33717e-03  5.91793e-03 -2.73597e-02 -1.63496e-03 -1.67219e-03  1.50274e-01
 1.78500e+02  1.94837e-01 -5.21723e-03  5.91457e-03 -2.67774e-02 -1.63255e-03 -1.66905e-03  1.50129e-01
 1.79000e+02  1.94611e-01 -5.09661e-03  5.91134e-03 -2.61887e-02 -1.63026e-03 -1.66600e-03  1.49991e-01
 1.79500e+02  1.94396e-01 -4.97539e-03  5.90825e-03 -2.55941e-02 -1.62807e-03 -1.66304e-03  1.49859e-01
 1.80000e+02  1.94191e-01 -4.85366e-03  5.90530e-03 -2.49942e-02 -1.62597e-03 -1.66017e-03  1.49734e-01
 1.80500e+02  1.93997e-01 -4.73147e-03  5.90249e-03 -2.43894e-02 -1.62394e-03 -1.65740e-03  1.49615e-01
 1.81000e+02  1.93812e-01 -4.60890e-03  5.89984e-03 -2.37802e-02 -1.62200e-03 -1.65473e-03  1.49502e-01
 1.81500e+02  1.93637e-01 -4.48600e-03  5.89734e-03 -2.31671e-02 -1.62011e-03 -1.65216e-03  1.49395e-01
 1.82000e+02  1.93471e-01 -4.36285e-03  5.89498e-03 -2.25504e-02 -1.61828e-03 -1.64971e-03  1.49293e-01
 1.82500e+02  1.93312e-01 -4.23949e-03  5.89279e-03 -2.19308e-02 -1.61651e-03 -1.64738e-03  1.49197e-01
 1.83000e+02  1.93162e-01 -4.11598e-03  5.89074e-03 -2.13084e-02 -1.61477e-03 -1.64516e-03  1.49106e-01
 1.83500e+02  1.93020e-01 -3.99238e-03  5.88885e-03 -2.06838e-02 -1.61307e-03 -1.64306e-03  1.49019e-01
 1.84000e+02  1.92885e-01 -3.86873e-03  5.88711e-03 -2.00572e-02 -1.61141e-03 -1.64109e-03  1.48938e-01
 1.84500e+02  1.92757e-01 -3.74507e-03  5.88552e-03 -1.94290e-02 -1.60977e-03 -1.63923e-03  1.48860e-01
 1.85000e+02  1.92636e-01 -3.62145e-03  5.88407e-03 -1.87995e-02 -1.60816e-03 -1.63749e-03  1.48787e-01
 1.85500e+02  1.92521e-01 -3.49790e-03  5.88277e-03 -1.81689e-02 -1.60657e-03 -1.63588e-03  1.48718e-01
 1.86000e+02  1.92412e-01 -3.37445e-03  5.88161e-03 -1.75376e-02 -1.60500e-03 -1.63439e-03  1.48653e-01
 1.86500e+02  1.92309e-01 -3.25113e-03  5.88057e-03 -1.69058e-02 -1.60344e-03 -1.63301e-03  1.48592e-01
 1.87000e+02  1.92212e-01 -3.12797e-03  5.87967e-03 -1.62736e-02 -1.60191e-03 -1.63175e-03  1.48534e-01
 1.87500e+02  1.92119e-01 -3.00499e-03  5.87889e-03 -1.56413e-02 -1.60039e-03 -1.63060e-03  1.48480e-01
 1.88000e+02  1.92032e-01 -2.88221e-03  5.87822e-03 -1.50090e-02 -1.59890e-03 -1.62956e-03  1.48428e-01
 1.88500e+02  1.91950e-01 -2.75965e-03  5.87766e-03 -1.43770e-02 -1.59742e-03 -1.62863e-03  1.48380e-01
 1.89000e+02  1.91872e-01 -2.63732e-03  5.87720e-03 -1.37452e-02 -1.59596e-03 -1.62779e-03  1.48335e-01
 1.89500e+02  1.91799e-01 -2.51522e-03  5.87684e-03 -1.31139e-02 -1.59453e-03 -1.62705e-03  1.48293e-01
 1.90000e+02  1.91729e-01 -2.39337e-03  5.87656e-03 -1.24830e-02 -1.59313e-03 -1.62640e-03  1.48253e-01
 1.90500e+02  1.91665e-01 -2.27177e-03  5.87636e-03 -1.18528e-02 -1.59176e-03 -1.62583e-03  1.48216e-01
 1.91000e+02  1.91604e-01 -2.15042e-03  5.87623e-03 -1.12233e-02 -1.59042e-03 -1.62534e-03  1.48182e-01
 1.91500e+02  1.91547e-01 -2.02932e-03  5.87616e-03 -1.05944e-02 -1.58912e-03 -1.62493e-03  1.48149e-01
 1.92000e+02  1.91493e-01 -1.90846e-03  5.87614e-03 -9.96622e-03 -1.58786e-03 -1.62458e-03  1.48119e-01
 1.92500e+02  1.91444e-01 -1.78785e-03  5.87618e-03 -9.33881e-03 -1.58665e-03 -1.62428e-03  1.48092e-01
 1.93000e+02  1.91397e-01 -1.66748e-03  5.87625e-03 -8.71214e-03 -1.58550e-03 -1.62405e-03  1.48066e-01
 1.93500e+02  1.91355e-01 -1.54734e-03  5.87635e-03 -8.08622e-03 -1.58439e-03 -1.62386e-03  1.48043e-01
 1.94000e+02  1.91316e-01 -1.42741e-03  5.87648e-03 -7.46102e-03 -1.58335e-03 -1.62371e-03  1.48021e-01
 1.94500e+02  1.91280e-01 -1.30769e-03  5.87662e-03 -6.83653e-03 -1.58237e-03 -1.62360e-03  1.48002e-01
 1.95000e+02  1.91247e-01 -1.18816e-03  5.87678e-03 -6.21270e-03 -1.58147e-03 -1.62352e-03  1.47984e-01
 1.95500e+02  1.91218e-01 -1.06881e-03  5.87694e-03 -5.58951e-03 -1.58063e-03 -1.62346e-03  1.47968e-01
 1.96000e+02  1.91191e-01 -9.49628e-04  5.87710e-03 -4.96690e-03 -1.57987e-03 -1.62342e-03  1.47954e-01
 1.96500e+02  1.91168e-01 -8.30592e-04  5.87725e-03 -4.34482e-03 -1.57919e-03 -1.62340e-03  1.47941e-01
 1.97000e+02  1.91148e-01 -7.11687e-04  5.87739e-03 -3.72322e-03 -1.57860e-03 -1.62339e-03  1.47931e-01
 1.97500e+02  1.91132e-01 -5.92896e-04  5.87752e-03 -3.10203e-03 -1.57809e-03 -1.62339e-03  1.47922e-01
 1.98000e+02  1.91118e-01 -4.74201e-04  5.87763e-03 -2.48120e-03 -1.57767e-03 -1.62339e-03  1.47915e-01
 1.98500e+02  1.91107e-01 -3.55583e-04  5.87772e-03 -1.86065e-03 -1.57734e-03 -1.62340e-03  1.47909e-01
 1.99000e+02  1.91100e-01 -2.37023e-04  5.87778e-03 -1.24031e-03 -1.57711e-03 -1.62340e-03  1.47905e-01
 1.99500e+02  1.91095e-01 -1.18502e-04  5.87782e-03 -6.20119e-04 -1.57696e-03 -1.62341e-03  1.47902e-01
