 0.00000e+00  9.99857e-01  0.00000e+00  1.49964e+00  0.00000e+00  9.99763e-01  9.99906e-01
 1.00000e-01  9.99857e-01  7.89119e-06  1.49964e+00  7.89231e-06  9.99763e-01  9.99906e-01
 2.00000e-01  9.99857e-01  1.57821e-05  1.49964e+00  1.57843e-05  9.99763e-01  9.99906e-01
 3.00000e-01  9.99857e-01  2.36724e-05  1.49964e+00  2.36758e-05  9.99763e-01  9.99906e-01
 4.00000e-01  9.99857e-01  3.15618e-05  1.49964e+00  3.15663e-05  9.99763e-01  9.99906e-01
 5.00000e-01  9.99857e-01  3.94501e-05  1.49964e+00  3.94557e-05  9.99763e-01  9.99906e-01
 6.00000e-01  9.99858e-01  4.73368e-05  1.49964e+00  4.73436e-05  9.99763e-01  9.99906e-01
 7.00000e-01  9.99858e-01  5.52219e-05  1.49964e+00  5.52297e-05  9.99763e-01  9.99906e-01
 8.00000e-01  9.99858e-01  6.31049e-05  1.49964e+00  6.31138e-05  9.99763e-01  9.99906e-01
 9.00000e-01  9.99858e-01  7.09855e-05  1.49964e+00  7.09956e-05  9.99763e-01  9.99906e-01
 1.00000e+00  9.99858e-01  7.88635e-05  1.49964e+00  7.88747e-05  9.99763e-01  9.99906e-01
 1.10000e+00  9.99858e-01  8.67385e-05  1.49964e+00  8.67509e-05  9.99763e-01  9.99906e-01
 1.20000e+00  9.99858e-01  9.46104e-05  1.49964e+00  9.46238e-05  9.99763e-01  9.99906e-01
 1.30000e+00  9.99858e-01  1.02479e-04  1.49964e+00  1.02493e-04  9.99763e-01  9.99906e-01
 1.40000e+00  9.99858e-01  1.10343e-04  1.49964e+00  1.10359e-04  9.99764e-01  9.99906e-01
 1.50000e+00  9.99858e-01  1.18204e-04  1.49964e+00  1.18220e-04  9.99764e-01  9.99906e-01
 1.60000e+00  9.99858e-01  1.26060e-04  1.49964e+00  1.26078e-04  9.99764e-01  9.99906e-01
 1.70000e+00  9.99858e-01  1.33911e-04  1.49964e+00  1.33930e-04  9.99764e-01  9.99906e-01
 1.80000e+00  9.99858e-01  1.41757e-04  1.49965e+00  1.41777e-04  9.99764e-01  9.99906e-01
 1.90000e+00  9.99858e-01  1.49598e-04  1.49965e+00  1.49620e-04  9.99764e-01  9.99906e-01
 2.00000e+00  9.99858e-01  1.57434e-04  1.49965e+00  1.57456e-04  9.99764e-01  9.99906e-01
 2.10000e+00  9.99858e-01  1.65264e-04  1.49965e+00  1.65287e-04  9.99764e-01  9.99906e-01
 2.20000e+00  9.99858e-01  1.73087e-04  1.49965e+00  1.73112e-04  9.99764e-01  9.99906e-01
 2.30000e+00  9.99858e-01  1.80904e-04  1.49965e+00  1.80930e-04  9.99764e-01  9.99906e-01
 2.40000e+00  9.99858e-01  1.88715e-04  1.49965e+00  1.88741e-04  9.99765e-01  9.99906e-01
 2.50000e+00  9.99859e-01  1.96518e-04  1.49965e+00  1.96546e-04  9.99765e-01  9.99906e-01
 2.60000e+00  9.99859e-01  2.04314e-04  1.49965e+00  2.04343e-04  9.99765e-01  9.99906e-01
 2.70000e+00  9.99859e-01  2.12102e-04  1.49965e+00  2.12132e-04  9.99765e-01  9.99906e-01
 2.80000e+00  9.99859e-01  2.19883e-04  1.49965e+00  2.19914e-04  9.99765e-01  9.99906e-01
 2.90000e+00  9.99859e-01  2.27655e-04  1.49965e+00  2.27687e-04  9.99765e-01  9.99906e-01
 3.00000e+00  9.99859e-01  2.35419e-04  1.49965e+00  2.35452e-04  9.99766e-01  9.99907e-01
 3.10000e+00  9.99859e-01  2.43174e-04  1.49965e+00  2.43209e-04  9.99766e-01  9.99907e-01
 3.20000e+00  9.99859e-01  2.50920e-04  1.49965e+00  2.50956e-04  9.99766e-01  9.99907e-01
 3.30000e+00  9.99859e-01  2.58657e-04  1.49965e+00  2.58694e-04  9.99766e-01  9.99907e-01
 3.40000e+00  9.99859e-01  2.66384e-04  1.49965e+00  2.66422e-04  9.99766e-01  9.99907e-01
 3.50000e+00  9.99860e-01  2.74101e-04  1.49965e+00  2.74140e-04  9.99767e-01  9.99907e-01
 3.60000e+00  9.99860e-01  2.81808e-04  1.49965e+00  2.81848e-04  9.99767e-01  9.99907e-01
 3.70000e+00  9.99860e-01  2.89505e-04  1.49965e+00  2.89546e-04  9.99767e-01  9.99907e-01
 3.80000e+00  9.99860e-01  2.97191e-04  1.49965e+00  2.97232e-04  9.99767e-01  9.99907e-01
 3.90000e+00  9.99860e-01  3.04865e-04  1.49965e+00  3.04908e-04  9.99767e-01  9.99907e-01
 4.00000e+00  9.99860e-01  3.12529e-04  1.49965e+00  3.12572e-04  9.99768e-01  9.99907e-01
 4.10000e+00  9.99860e-01  3.20180e-04  1.49965e+00  3.20225e-04  9.99768e-01  9.99907e-01
 4.20000e+00  9.99860e-01  3.27820e-04  1.49965e+00  3.27866e-04  9.99768e-01  9.99908e-01
 4.30000e+00  9.99861e-01  3.35448e-04  1.49965e+00  3.35494e-04  9.99768e-01  9.99908e-01
 4.40000e+00  9.99861e-01  3.43063e-04  1.49965e+00  3.43110e-04  9.99769e-01  9.99908e-01
 4.50000e+00  9.99861e-01  3.50665e-04  1.49965e+00  3.50714e-04  9.99769e-01  9.99908e-01
 4.60000e+00  9.99861e-01  3.58254e-04  1.49965e+00  3.58304e-04  9.99769e-01  9.99908e-01
 4.70000e+00  9.99861e-01  3.65830e-04  1.49965e+00  3.65881e-04  9.99769e-01  9.99908e-01
 4.80000e+00  9.99861e-01  3.73392e-04  1.49965e+00  3.73444e-04  9.99770e-01  9.99908e-01
 4.90000e+00  9.99862e-01  3.80940e-04  1.49965e+00  3.80993e-04  9.99770e-01  9.99908e-01
 5.00000e+00  9.99862e-01  3.88474e-04  1.49965e+00  3.88528e-04  9.99770e-01  9.99908e-01
 5.10000e+00  9.99862e-01  3.95994e-04  1.49965e+00  3.96049e-04  9.99771e-01  9.99909e-01
 5.20000e+00  9.99862e-01  4.03499e-04  1.49966e+00  4.03554e-04  9.99771e-01  9.99909e-01
 5.30000e+00  9.99862e-01  4.10989e-04  1.49966e+00  4.11045e-04  9.99771e-01  9.99909e-01
 5.40000e+00  9.99862e-01  4.18463e-04  1.49966e+00  4.18521e-04  9.99771e-01  9.99909e-01
 5.50000e+00  9.99863e-01  4.25922e-04  1.49966e+00  4.25980e-04  9.99772e-01  9.99909e-01
 5.60000e+00  9.99863e-01  4.33365e-04  1.49966e+00  4.33424e-04  9.99772e-01  9.99909e-01
 5.70000e+00  9.99863e-01  4.40791e-04  1.49966e+00  4.40852e-04  9.99772e-01  9.99909e-01
 5.80000e+00  9.99863e-01  4.48202e-04  1.49966e+00  4.48263e-04  9.99773e-01  9.99909e-01
 5.90000e+00  9.99863e-01  4.55595e-04  1.49966e+00  4.55657e-04  9.99773e-01  9.99910e-01
 6.00000e+00  9.99864e-01  4.62972e-04  1.49966e+00  4.63035e-04  9.99773e-01  9.99910e-01
 6.10000e+00  9.99864e-01  4.70331e-04  1.49966e+00  4.70395e-04  9.99774e-01  9.99910e-01
 6.20000e+00  9.99864e-01  4.77673e-04  1.49966e+00  4.77738e-04  9.99774e-01  9.99910e-01
 6.30000e+00  9.99864e-01  4.84996e-04  1.49966e+00  4.85062e-04  9.99775e-01  9.99910e-01
 6.40000e+00  9.99865e-01  4.92302e-04  1.49966e+00  4.92369e-04  9.99775e-01  9.99910e-01
 6.50000e+00  9.99865e-01  4.99589e-04  1.49966e+00  4.99657e-04  9.99775e-01  9.99910e-01
 6.60000e+00  9.99865e-01  5.06858e-04  1.49966e+00  5.06926e-04  9.99776e-01  9.99911e-01
 6.70000e+00  9.99865e-01  5.14108e-04  1.49966e+00  5.14177e-04  9.99776e-01  9.99911e-01
 6.80000e+00  9.99866e-01  5.21338e-04  1.49966e+00  5.21408e-04  9.99776e-01  9.99911e-01
 6.90000e+00  9.99866e-01  5.28549e-04  1.49966e+00  5.28620e-04  9.99777e-01  9.99911e-01
 7.00000e+00  9.99866e-01  5.35740e-04  1.49966e+00  5.35812e-04  9.99777e-01  9.99911e-01
 7.10000e+00  9.99866e-01  5.42911e-04  1.49967e+00  5.42984e-04  9.99778e-01  9.99911e-01
 7.20000e+00  9.99867e-01  5.50062e-04  1.49967e+00  5.50136e-04  9.99778e-01  9.99912e-01
 7.30000e+00  9.99867e-01  5.57192e-04  1.49967e+00  5.57267e-04  9.99779e-01  9.99912e-01
 7.40000e+00  9.99867e-01  5.64302e-04  1.49967e+00  5.64377e-04  9.99779e-01  9.99912e-01
 7.50000e+00  9.99867e-01  5.71390e-04  1.49967e+00  5.71466e-04  9.99779e-01  9.99912e-01
 7.60000e+00  9.99868e-01  5.78457e-04  1.49967e+00  5.78533e-04  9.99780e-01  9.99912e-01
 7.70000e+00  9.99868e-01  5.85502e-04  1.49967e+00  5.85579e-04  9.99780e-01  9.99913e-01
 7.80000e+00  9.99868e-01  5.92525e-04  1.49967e+00  5.92603e-04  9.99781e-01  9.99913e-01
 7.90000e+00  9.99868e-01  5.99526e-04  1.49967e+00  5.99605e-04  9.99781e-01  9.99913e-01
 8.00000e+00  9.99869e-01  6.06504e-04  1.49967e+00  6.06584e-04  9.99782e-01  9.99913e-01
 8.10000e+00  9.99869e-01  6.13460e-04  1.49967e+00  6.13540e-04  9.99782e-01  9.99913e-01
 8.20000e+00  9.99869e-01  6.20393e-04  1.49967e+00  6.20474e-04  9.99783e-01  9.99914e-01
 8.30000e+00  9.99870e-01  6.27302e-04  1.49967e+00  6.27384e-04  9.99783e-01  9.99914e-01
 8.40000e+00  9.99870e-01  6.34188e-04  1.49967e+00  6.34271e-04  9.99784e-01  9.99914e-01
 8.50000e+00  9.99870e-01  6.41050e-04  1.49968e+00  6.41134e-04  9.99784e-01  9.99914e-01
 8.60000e+00  9.99870e-01  6.47888e-04  1.49968e+00  6.47972e-04  9.99785e-01  9.99914e-01
 8.70000e+00  9.99871e-01  6.54702e-04  1.49968e+00  6.54787e-04  9.99785e-01  9.99915e-01
 8.80000e+00  9.99871e-01  6.61491e-04  1.49968e+00  6.61577e-04  9.99786e-01  9.99915e-01
 8.90000e+00  9.99871e-01  6.68256e-04  1.49968e+00  6.68341e-04  9.99786e-01  9.99915e-01
 9.00000e+00  9.99872e-01  6.74995e-04  1.49968e+00  6.75081e-04  9.99787e-01  9.99915e-01
 9.10000e+00  9.99872e-01  6.81709e-04  1.49968e+00  6.81796e-04  9.99788e-01  9.99915e-01
 9.20000e+00  9.99872e-01  6.88397e-04  1.49968e+00  6.88485e-04  9.99788e-01  9.99916e-01
 9.30000e+00  9.99873e-01  6.95059e-04  1.49968e+00  6.95147e-04  9.99789e-01  9.99916e-01
 9.40000e+00  9.99873e-01  7.01695e-04  1.49968e+00  7.01784e-04  9.99789e-01  9.99916e-01
 9.50000e+00  9.99873e-01  7.08305e-04  1.49968e+00  7.08395e-04  9.99790e-01  9.99916e-01
 9.60000e+00  9.99874e-01  7.14888e-04  1.49968e+00  7.14978e-04  9.99790e-01  9.99917e-01
 9.70000e+00  9.99874e-01  7.21444e-04  1.49969e+00  7.21535e-04  9.99791e-01  9.99917e-01
 9.80000e+00  9.99875e-01  7.27973e-04  1.49969e+00  7.28065e-04  9.99792e-01  9.99917e-01
 9.90000e+00  9.99875e-01  7.34475e-04  1.49969e+00  7.34567e-04  9.99792e-01  9.99917e-01
 1.00000e+01  9.99875e-01  7.40949e-04  1.49969e+00  7.41041e-04  9.99793e-01  9.99918e-01
 1.01000e+01  9.99876e-01  7.47395e-04  1.49969e+00  7.47488e-04  9.99793e-01  9.99918e-01
 1.02000e+01  9.99876e-01  7.53813e-04  1.49969e+00  7.53906e-04  9.99794e-01  9.99918e-01
 1.03000e+01  9.99876e-01  7.60202e-04  1.49969e+00  7.60296e-04  9.99795e-01  9.99918e-01
 1.04000e+01  9.99877e-01  7.66563e-04  1.49969e+00  7.66658e-04  9.99795e-01  9.99919e-01
 1.05000e+01  9.99877e-01  7.72895e-04  1.49969e+00  7.72990e-04  9.99796e-01  9.99919e-01
 1.06000e+01  9.99878e-01  7.79198e-04  1.49969e+00  7.79293e-04  9.99797e-01  9.99919e-01
 1.07000e+01  9.99878e-01  7.85471e-04  1.49969e+00  7.85567e-04  9.99797e-01  9.99919e-01
 1.08000e+01  9.99878e-01  7.91715e-04  1.49970e+00  7.91811e-04  9.99798e-01  9.99920e-01
 1.09000e+01  9.99879e-01  7.97928e-04  1.49970e+00  7.98025e-04  9.99799e-01  9.99920e-01
 1.10000e+01  9.99879e-01  8.04112e-04  1.49970e+00  8.04209e-04  9.99799e-01  9.99920e-01
 1.11000e+01  9.99880e-01  8.10265e-04  1.49970e+00  8.10363e-04  9.99800e-01  9.99920e-01
 1.12000e+01  9.99880e-01  8.16388e-04  1.49970e+00  8.16486e-04  9.99801e-01  9.99921e-01
 1.13000e+01  9.99880e-01  8.22480e-04  1.49970e+00  8.22578e-04  9.99802e-01  9.99921e-01
 1.14000e+01  9.99881e-01  8.28540e-04  1.49970e+00  8.28639e-04  9.99802e-01  9.99921e-01
 1.15000e+01  9.99881e-01  8.34570e-04  1.49970e+00  8.34669e-04  9.99803e-01  9.99922e-01
 1.16000e+01  9.99882e-01  8.40567e-04  1.49970e+00  8.40667e-04  9.99804e-01  9.99922e-01
 1.17000e+01  9.99882e-01  8.46533e-04  1.49971e+00  8.46633e-04  9.99804e-01  9.99922e-01
 1.18000e+01  9.99883e-01  8.52467e-04  1.49971e+00  8.52567e-04  9.99805e-01  9.99922e-01
 1.19000e+01  9.99883e-01  8.58369e-04  1.49971e+00  8.58469e-04  9.99806e-01  9.99923e-01
 1.20000e+01  9.99884e-01  8.64238e-04  1.49971e+00  8.64339e-04  9.99807e-01  9.99923e-01
 1.21000e+01  9.99884e-01  8.70074e-04  1.49971e+00  8.70175e-04  9.99807e-01  9.99923e-01
 1.22000e+01  9.99884e-01  8.75878e-04  1.49971e+00  8.75979e-04  9.99808e-01  9.99924e-01
 1.23000e+01  9.99885e-01  8.81648e-04  1.49971e+00  8.81749e-04  9.99809e-01  9.99924e-01
 1.24000e+01  9.99885e-01  8.87385e-04  1.49971e+00  8.87486e-04  9.99810e-01  9.99924e-01
 1.25000e+01  9.99886e-01  8.93088e-04  1.49971e+00  8.93190e-04  9.99811e-01  9.99925e-01
 1.26000e+01  9.99886e-01  8.98757e-04  1.49972e+00  8.98859e-04  9.99811e-01  9.99925e-01
 1.27000e+01  9.99887e-01  9.04392e-04  1.49972e+00  9.04495e-04  9.99812e-01  9.99925e-01
 1.28000e+01  9.99887e-01  9.09993e-04  1.49972e+00  9.10095e-04  9.99813e-01  9.99926e-01
 1.29000e+01  9.99888e-01  9.15559e-04  1.49972e+00  9.15662e-04  9.99814e-01  9.99926e-01
 1.30000e+01  9.99888e-01  9.21091e-04  1.49972e+00  9.21193e-04  9.99815e-01  9.99926e-01
 1.31000e+01  9.99889e-01  9.26587e-04  1.49972e+00  9.26690e-04  9.99816e-01  9.99927e-01
 1.32000e+01  9.99889e-01  9.32048e-04  1.49972e+00  9.32151e-04  9.99816e-01  9.99927e-01
 1.33000e+01  9.99890e-01  9.37474e-04  1.49972e+00  9.37577e-04  9.99817e-01  9.99927e-01
 1.34000e+01  9.99890e-01  9.42864e-04  1.49973e+00  9.42967e-04  9.99818e-01  9.99928e-01
 1.35000e+01  9.99891e-01  9.48218e-04  1.49973e+00  9.48322e-04  9.99819e-01  9.99928e-01
 1.36000e+01  9.99891e-01  9.53536e-04  1.49973e+00  9.53640e-04  9.99820e-01  9.99928e-01
 1.37000e+01  9.99892e-01  9.58818e-04  1.49973e+00  9.58922e-04  9.99821e-01  9.99929e-01
 1.38000e+01  9.99893e-01  9.64064e-04  1.49973e+00  9.64167e-04  9.99822e-01  9.99929e-01
 1.39000e+01  9.99893e-01  9.69272e-04  1.49973e+00  9.69376e-04  9.99823e-01  9.99929e-01
 1.40000e+01  9.99894e-01  9.74444e-04  1.49973e+00  9.74547e-04  9.99823e-01  9.99930e-01
 1.41000e+01  9.99894e-01  9.79578e-04  1.49974e+00  9.79682e-04  9.99824e-01  9.99930e-01
 1.42000e+01  9.99895e-01  9.84675e-04  1.49974e+00  9.84779e-04  9.99825e-01  9.99931e-01
 1.43000e+01  9.99895e-01  9.89735e-04  1.49974e+00  9.89839e-04  9.99826e-01  9.99931e-01
 1.44000e+01  9.99896e-01  9.94757e-04  1.49974e+00  9.94860e-04  9.99827e-01  9.99931e-01
 1.45000e+01  9.99896e-01  9.99741e-04  1.49974e+00  9.99844e-04  9.99828e-01  9.99932e-01
 1.46000e+01  9.99897e-01  1.00469e-03  1.49974e+00  1.00479e-03  9.99829e-01  9.99932e-01
 1.47000e+01  9.99898e-01  1.00959e-03  1.49974e+00  1.00970e-03  9.99830e-01  9.99932e-01
 1.48000e+01  9.99898e-01  1.01446e-03  1.49975e+00  1.01457e-03  9.99831e-01  9.99933e-01
 1.49000e+01  9.99899e-01  1.01929e-03  1.49975e+00  1.01940e-03  9.99832e-01  9.99933e-01
 1.50000e+01  9.99899e-01  1.02408e-03  1.49975e+00  1.02419e-03  9.99833e-01  9.99934e-01
 1.51000e+01  9.99900e-01  1.02884e-03  1.49975e+00  1.02894e-03  9.99834e-01  9.99934e-01
 1.52000e+01  9.99901e-01  1.03355e-03  1.49975e+00  1.03365e-03  9.99835e-01  9.99934e-01
 1.53000e+01  9.99901e-01  1.03822e-03  1.49975e+00  1.03832e-03  9.99836e-01  9.99935e-01
 1.54000e+01  9.99902e-01  1.04285e-03  1.49975e+00  1.04296e-03  9.99837e-01  9.99935e-01
 1.55000e+01  9.99902e-01  1.04745e-03  1.49976e+00  1.04755e-03  9.99838e-01  9.99936e-01
 1.56000e+01  9.99903e-01  1.05200e-03  1.49976e+00  1.05210e-03  9.99839e-01  9.99936e-01
 1.57000e+01  9.99904e-01  1.05651e-03  1.49976e+00  1.05661e-03  9.99840e-01  9.99937e-01
 1.58000e+01  9.99904e-01  1.06099e-03  1.49976e+00  1.06109e-03  9.99841e-01  9.99937e-01
 1.59000e+01  9.99905e-01  1.06542e-03  1.49976e+00  1.06552e-03  9.99842e-01  9.99937e-01
 1.60000e+01  9.99906e-01  1.06981e-03  1.49976e+00  1.06991e-03  9.99843e-01  9.99938e-01
 1.61000e+01  9.99906e-01  1.07416e-03  1.49977e+00  1.07426e-03  9.99844e-01  9.99938e-01
 1.62000e+01  9.99907e-01  1.07847e-03  1.49977e+00  1.07857e-03  9.99845e-01  9.99939e-01
 1.63000e+01  9.99907e-01  1.08273e-03  1.49977e+00  1.08283e-03  9.99847e-01  9.99939e-01
 1.64000e+01  9.99908e-01  1.08696e-03  1.49977e+00  1.08706e-03  9.99848e-01  9.99940e-01
 1.65000e+01  9.99909e-01  1.09114e-03  1.49977e+00  1.09124e-03  9.99849e-01  9.99940e-01
 1.66000e+01  9.99909e-01  1.09528e-03  1.49977e+00  1.09538e-03  9.99850e-01  9.99940e-01
 1.67000e+01  9.99910e-01  1.09938e-03  1.49978e+00  1.09948e-03  9.99851e-01  9.99941e-01
 1.68000e+01  9.99911e-01  1.10344e-03  1.49978e+00  1.10354e-03  9.99852e-01  9.99941e-01
 1.69000e+01  9.99911e-01  1.10746e-03  1.49978e+00  1.10755e-03  9.99853e-01  9.99942e-01
 1.70000e+01  9.99912e-01  1.11143e-03  1.49978e+00  1.11153e-03  9.99854e-01  9.99942e-01
 1.71000e+01  9.99913e-01  1.11536e-03  1.49978e+00  1.11545e-03  9.99856e-01  9.99943e-01
 1.72000e+01  9.99914e-01  1.11924e-03  1.49978e+00  1.11934e-03  9.99857e-01  9.99943e-01
 1.73000e+01  9.99914e-01  1.12309e-03  1.49979e+00  1.12318e-03  9.99858e-01  9.99944e-01
 1.74000e+01  9.99915e-01  1.12689e-03  1.49979e+00  1.12698e-03  9.99859e-01  9.99944e-01
 1.75000e+01  9.99916e-01  1.13064e-03  1.49979e+00  1.13074e-03  9.99860e-01  9.99945e-01
 1.76000e+01  9.99916e-01  1.13436e-03  1.49979e+00  1.13445e-03  9.99861e-01  9.99945e-01
 1.77000e+01  9.99917e-01  1.13803e-03  1.49979e+00  1.13812e-03  9.99863e-01  9.99945e-01
 1.78000e+01  9.99918e-01  1.14165e-03  1.49979e+00  1.14175e-03  9.99864e-01  9.99946e-01
 1.79000e+01  9.99919e-01  1.14523e-03  1.49980e+00  1.14533e-03  9.99865e-01  9.99946e-01
 1.80000e+01  9.99919e-01  1.14877e-03  1.49980e+00  1.14886e-03  9.99866e-01  9.99947e-01
 1.81000e+01  9.99920e-01  1.15226e-03  1.49980e+00  1.15235e-03  9.99867e-01  9.99947e-01
 1.82000e+01  9.99921e-01  1.15571e-03  1.49980e+00  1.15580e-03  9.99869e-01  9.99948e-01
 1.83000e+01  9.99921e-01  1.15911e-03  1.49980e+00  1.15921e-03  9.99870e-01  9.99948e-01
 1.84000e+01  9.99922e-01  1.16247e-03  1.49981e+00  1.16256e-03  9.99871e-01  9.99949e-01
 1.85000e+01  9.99923e-01  1.16579e-03  1.49981e+00  1.16588e-03  9.99872e-01  9.99949e-01
 1.86000e+01  9.99924e-01  1.16905e-03  1.49981e+00  1.16914e-03  9.99874e-01  9.99950e-01
 1.87000e+01  9.99925e-01  1.17228e-03  1.49981e+00  1.17237e-03  9.99875e-01  9.99950e-01
 1.88000e+01  9.99925e-01  1.17546e-03  1.49981e+00  1.17554e-03  9.99876e-01  9.99951e-01
 1.89000e+01  9.99926e-01  1.17859e-03  1.49982e+00  1.17868e-03  9.99878e-01  9.99951e-01
 1.90000e+01  9.99927e-01  1.18168e-03  1.49982e+00  1.18176e-03  9.99879e-01  9.99952e-01
 1.91000e+01  9.99928e-01  1.18472e-03  1.49982e+00  1.18480e-03  9.99880e-01  9.99952e-01
 1.92000e+01  9.99928e-01  1.18771e-03  1.49982e+00  1.18780e-03  9.99881e-01  9.99953e-01
 1.93000e+01  9.99929e-01  1.19066e-03  1.49982e+00  1.19074e-03  9.99883e-01  9.99954e-01
 1.94000e+01  9.99930e-01  1.19356e-03  1.49982e+00  1.19365e-03  9.99884e-01  9.99954e-01
 1.95000e+01  9.99931e-01  1.19642e-03  1.49983e+00  1.19650e-03  9.99885e-01  9.99955e-01
 1.96000e+01  9.99932e-01  1.19923e-03  1.49983e+00  1.19931e-03  9.99887e-01  9.99955e-01
 1.97000e+01  9.99932e-01  1.20199e-03  1.49983e+00  1.20207e-03  9.99888e-01  9.99956e-01
 1.98000e+01  9.99933e-01  1.20471e-03  1.49983e+00  1.20479e-03  9.99889e-01  9.99956e-01
 1.99000e+01  9.99934e-01  1.20738e-03  1.49984e+00  1.20746e-03  9.99891e-01  9.99957e-01
 2.00000e+01  9.99935e-01  1.21000e-03  1.49984e+00  1.21008e-03  9.99892e-01  9.99957e-01
 2.01000e+01  9.99936e-01  1.21258e-03  1.49984e+00  1.21265e-03  9.99894e-01  9.99958e-01
 2.02000e+01  9.99937e-01  1.21510e-03  1.49984e+00  1.21518e-03  9.99895e-01  9.99958e-01
 2.03000e+01  9.99937e-01  1.21759e-03  1.49984e+00  1.21766e-03  9.99896e-01  9.99959e-01
 2.04000e+01  9.99938e-01  1.22002e-03  1.49985e+00  1.22009e-03  9.99898e-01  9.99959e-01
 2.05000e+01  9.99939e-01  1.22241e-03  1.49985e+00  1.22248e-03  9.99899e-01  9.99960e-01
 2.06000e+01  9.99940e-01  1.22474e-03  1.49985e+00  1.22482e-03  9.99900e-01  9.99961e-01
 2.07000e+01  9.99941e-01  1.22703e-03  1.49985e+00  1.22711e-03  9.99902e-01  9.99961e-01
 2.08000e+01  9.99942e-01  1.22928e-03  1.49985e+00  1.22935e-03  9.99903e-01  9.99962e-01
 2.09000e+01  9.99942e-01  1.23147e-03  1.49986e+00  1.23154e-03  9.99905e-01  9.99962e-01
 2.10000e+01  9.99943e-01  1.23362e-03  1.49986e+00  1.23369e-03  9.99906e-01  9.99963e-01
 2.11000e+01  9.99944e-01  1.23572e-03  1.49986e+00  1.23579e-03  9.99908e-01  9.99963e-01
 2.12000e+01  9.99945e-01  1.23777e-03  1.49986e+00  1.23784e-03  9.99909e-01  9.99964e-01
 2.13000e+01  9.99946e-01  1.23977e-03  1.49986e+00  1.23984e-03  9.99911e-01  9.99965e-01
 2.14000e+01  9.99947e-01  1.24172e-03  1.49987e+00  1.24179e-03  9.99912e-01  9.99965e-01
 2.15000e+01  9.99948e-01  1.24363e-03  1.49987e+00  1.24370e-03  9.99913e-01  9.99966e-01
 2.16000e+01  9.99949e-01  1.24549e-03  1.49987e+00  1.24555e-03  9.99915e-01  9.99966e-01
 2.17000e+01  9.99949e-01  1.24729e-03  1.49987e+00  1.24736e-03  9.99916e-01  9.99967e-01
 2.18000e+01  9.99950e-01  1.24905e-03  1.49988e+00  1.24912e-03  9.99918e-01  9.99968e-01
 2.19000e+01  9.99951e-01  1.25076e-03  1.49988e+00  1.25082e-03  9.99919e-01  9.99968e-01
 2.20000e+01  9.99952e-01  1.25242e-03  1.49988e+00  1.25248e-03  9.99921e-01  9.99969e-01
 2.21000e+01  9.99953e-01  1.25404e-03  1.49988e+00  1.25410e-03  9.99922e-01  9.99969e-01
 2.22000e+01  9.99954e-01  1.25560e-03  1.49989e+00  1.25566e-03  9.99924e-01  9.99970e-01
 2.23000e+01  9.99955e-01  1.25711e-03  1.49989e+00  1.25717e-03  9.99926e-01  9.99971e-01
 2.24000e+01  9.99956e-01  1.25858e-03  1.49989e+00  1.25863e-03  9.99927e-01  9.99971e-01
 2.25000e+01  9.99957e-01  1.25999e-03  1.49989e+00  1.26005e-03  9.99929e-01  9.99972e-01
 2.26000e+01  9.99958e-01  1.26136e-03  1.49989e+00  1.26141e-03  9.99930e-01  9.99972e-01
 2.27000e+01  9.99959e-01  1.26267e-03  1.49990e+00  1.26273e-03  9.99932e-01  9.99973e-01
 2.28000e+01  9.99960e-01  1.26394e-03  1.49990e+00  1.26399e-03  9.99933e-01  9.99974e-01
 2.29000e+01  9.99961e-01  1.26516e-03  1.49990e+00  1.26521e-03  9.99935e-01  9.99974e-01
 2.30000e+01  9.99961e-01  1.26632e-03  1.49990e+00  1.26637e-03  9.99936e-01  9.99975e-01
 2.31000e+01  9.99962e-01  1.26744e-03  1.49991e+00  1.26749e-03  9.99938e-01  9.99976e-01
 2.32000e+01  9.99963e-01  1.26851e-03  1.49991e+00  1.26856e-03  9.99940e-01  9.99976e-01
 2.33000e+01  9.99964e-01  1.26953e-03  1.49991e+00  1.26957e-03  9.99941e-01  9.99977e-01
 2.34000e+01  9.99965e-01  1.27050e-03  1.49991e+00  1.27054e-03  9.99943e-01  9.99977e-01
 2.35000e+01  9.99966e-01  1.27141e-03  1.49992e+00  1.27146e-03  9.99944e-01  9.99978e-01
 2.36000e+01  9.99967e-01  1.27228e-03  1.49992e+00  1.27232e-03  9.99946e-01  9.99979e-01
 2.37000e+01  9.99968e-01  1.27310e-03  1.49992e+00  1.27314e-03  9.99948e-01  9.99979e-01
 2.38000e+01  9.99969e-01  1.27387e-03  1.49992e+00  1.27390e-03  9.99949e-01  9.99980e-01
 2.39000e+01  9.99970e-01  1.27458e-03  1.49993e+00  1.27462e-03  9.99951e-01  9.99981e-01
 2.40000e+01  9.99971e-01  1.27525e-03  1.49993e+00  1.27529e-03  9.99952e-01  9.99981e-01
 2.41000e+01  9.99972e-01  1.27587e-03  1.49993e+00  1.27590e-03  9.99954e-01  9.99982e-01
 2.42000e+01  9.99973e-01  1.27643e-03  1.49993e+00  1.27647e-03  9.99956e-01  9.99983e-01
 2.43000e+01  9.99974e-01  1.27695e-03  1.49994e+00  1.27698e-03  9.99957e-01  9.99983e-01
 2.44000e+01  9.99975e-01  1.27741e-03  1.49994e+00  1.27745e-03  9.99959e-01  9.99984e-01
 2.45000e+01  9.99976e-01  1.27783e-03  1.49994e+00  1.27786e-03  9.99961e-01  9.99985e-01
 2.46000e+01  9.99977e-01  1.27819e-03  1.49994e+00  1.27822e-03  9.99962e-01  9.99985e-01
 2.47000e+01  9.99978e-01  1.27851e-03  1.49995e+00  1.27854e-03  9.99964e-01  9.99986e-01
 2.48000e+01  9.99979e-01  1.27877e-03  1.49995e+00  1.27880e-03  9.99966e-01  9.99987e-01
 2.49000e+01  9.99980e-01  1.27898e-03  1.49995e+00  1.27901e-03  9.99967e-01  9.99987e-01
 2.50000e+01  9.99981e-01  1.27915e-03  1.49995e+00  1.27917e-03  9.99969e-01  9.99988e-01
 2.51000e+01  9.99982e-01  1.27926e-03  1.49996e+00  1.27928e-03  9.99971e-01  9.99989e-01
 2.52000e+01  9.99983e-01  1.27932e-03  1.49996e+00  1.27934e-03  9.99972e-01  9.99989e-01
 2.53000e+01  9.99984e-01  1.27933e-03  1.49996e+00  1.27935e-03  9.99974e-01  9.99990e-01
 2.54000e+01  9.99985e-01  1.27929e-03  1.49996e+00  1.27931e-03  9.99976e-01  9.99991e-01
 2.55000e+01  9.99986e-01  1.27920e-03  1.49997e+00  1.27922e-03  9.99977e-01  9.99991e-01
 2.56000e+01  9.99987e-01  1.27906e-03  1.49997e+00  1.27907e-03  9.99979e-01  9.99992e-01
 2.57000e+01  9.99988e-01  1.27887e-03  1.49997e+00  1.27888e-03  9.99981e-01  9.99993e-01
 2.58000e+01  9.99989e-01  1.27862e-03  1.49997e+00  1.27864e-03  9.99983e-01  9.99993e-01
 2.59000e+01  9.99990e-01  1.27833e-03  1.49998e+00  1.27834e-03  9.99984e-01  9.99994e-01
 2.60000e+01  9.99991e-01  1.27798e-03  1.49998e+00  1.27800e-03  9.99986e-01  9.99995e-01
 2.61000e+01  9.99992e-01  1.27759e-03  1.49998e+00  1.27760e-03  9.99988e-01  9.99995e-01
 2.62000e+01  9.99993e-01  1.27714e-03  1.49998e+00  1.27715e-03  9.99989e-01  9.99996e-01
 2.63000e+01  9.99994e-01  1.27665e-03  1.49999e+00  1.27665e-03  9.99991e-01  9.99997e-01
 2.64000e+01  9.99996e-01  1.27610e-03  1.49999e+00  1.27610e-03  9.99993e-01  9.99997e-01
 2.65000e+01  9.99997e-01  1.27550e-03  1.49999e+00  1.27551e-03  9.99995e-01  9.99998e-01
 2.66000e+01  9.99998e-01  1.27485e-03  1.49999e+00  1.27486e-03  9.99996e-01  9.99999e-01
 2.67000e+01  9.99999e-01  1.27415e-03  1.50000e+00  1.27415e-03  9.99998e-01  9.99999e-01
 2.68000e+01  1.00000e+00  1.27340e-03  1.50000e+00  1.27340e-03  1.00000e+00  1.00000e+00
 2.69000e+01  1.00000e+00  1.27260e-03  1.50000e+00  1.27260e-03  1.00000e+00  1.00000e+00
 2.70000e+01  1.00000e+00  1.27175e-03  1.50000e+00  1.27175e-03  1.00000e+00  1.00000e+00
 2.71000e+01  1.00000e+00  1.27085e-03  1.50001e+00  1.27085e-03  1.00001e+00  1.00000e+00
 2.72000e+01  1.00000e+00  1.26990e-03  1.50001e+00  1.26989e-03  1.00001e+00  1.00000e+00
 2.73000e+01  1.00001e+00  1.26889e-03  1.50001e+00  1.26889e-03  1.00001e+00  1.00000e+00
 2.74000e+01  1.00001e+00  1.26784e-03  1.50002e+00  1.26783e-03  1.00001e+00  1.00000e+00
 2.75000e+01  1.00001e+00  1.26674e-03  1.50002e+00  1.26673e-03  1.00001e+00  1.00001e+00
 2.76000e+01  1.00001e+00  1.26558e-03  1.50002e+00  1.26557e-03  1.00001e+00  1.00001e+00
 2.77000e+01  1.00001e+00  1.26437e-03  1.50002e+00  1.26436e-03  1.00002e+00  1.00001e+00
 2.78000e+01  1.00001e+00  1.26312e-03  1.50003e+00  1.26311e-03  1.00002e+00  1.00001e+00
 2.79000e+01  1.00001e+00  1.26181e-03  1.50003e+00  1.26180e-03  1.00002e+00  1.00001e+00
 2.80000e+01  1.00001e+00  1.26046e-03  1.50003e+00  1.26044e-03  1.00002e+00  1.00001e+00
 2.81000e+01  1.00001e+00  1.25905e-03  1.50003e+00  1.25903e-03  1.00002e+00  1.00001e+00
 2.82000e+01  1.00001e+00  1.25759e-03  1.50004e+00  1.25757e-03  1.00002e+00  1.00001e+00
 2.83000e+01  1.00002e+00  1.25609e-03  1.50004e+00  1.25607e-03  1.00003e+00  1.00001e+00
 2.84000e+01  1.00002e+00  1.25453e-03  1.50004e+00  1.25451e-03  1.00003e+00  1.00001e+00
 2.85000e+01  1.00002e+00  1.25292e-03  1.50005e+00  1.25290e-03  1.00003e+00  1.00001e+00
 2.86000e+01  1.00002e+00  1.25126e-03  1.50005e+00  1.25124e-03  1.00003e+00  1.00001e+00
 2.87000e+01  1.00002e+00  1.24955e-03  1.50005e+00  1.24953e-03  1.00003e+00  1.00001e+00
 2.88000e+01  1.00002e+00  1.24780e-03  1.50005e+00  1.24777e-03  1.00004e+00  1.00001e+00
 2.89000e+01  1.00002e+00  1.24599e-03  1.50006e+00  1.24596e-03  1.00004e+00  1.00002e+00
 2.90000e+01  1.00002e+00  1.24413e-03  1.50006e+00  1.24410e-03  1.00004e+00  1.00002e+00
 2.91000e+01  1.00002e+00  1.24222e-03  1.50006e+00  1.24219e-03  1.00004e+00  1.00002e+00
 2.92000e+01  1.00003e+00  1.24027e-03  1.50006e+00  1.24023e-03  1.00004e+00  1.00002e+00
 2.93000e+01  1.00003e+00  1.23826e-03  1.50007e+00  1.23823e-03  1.00004e+00  1.00002e+00
 2.94000e+01  1.00003e+00  1.23620e-03  1.50007e+00  1.23617e-03  1.00005e+00  1.00002e+00
 2.95000e+01  1.00003e+00  1.23410e-03  1.50007e+00  1.23406e-03  1.00005e+00  1.00002e+00
 2.96000e+01  1.00003e+00  1.23194e-03  1.50008e+00  1.23190e-03  1.00005e+00  1.00002e+00
 2.97000e+01  1.00003e+00  1.22974e-03  1.50008e+00  1.22970e-03  1.00005e+00  1.00002e+00
 2.98000e+01  1.00003e+00  1.22748e-03  1.50008e+00  1.22744e-03  1.00005e+00  1.00002e+00
 2.99000e+01  1.00003e+00  1.22518e-03  1.50008e+00  1.22514e-03  1.00006e+00  1.00002e+00
 3.00000e+01  1.00003e+00  1.22282e-03  1.50009e+00  1.22278e-03  1.00006e+00  1.00002e+00
 3.01000e+01  1.00004e+00  1.22042e-03  1.50009e+00  1.22038e-03  1.00006e+00  1.00002e+00
 3.02000e+01  1.00004e+00  1.21797e-03  1.50009e+00  1.21793e-03  1.00006e+00  1.00002e+00
 3.03000e+01  1.00004e+00  1.21547e-03  1.50009e+00  1.21543e-03  1.00006e+00  1.00003e+00
 3.04000e+01  1.00004e+00  1.21292e-03  1.50010e+00  1.21288e-03  1.00006e+00  1.00003e+00
 3.05000e+01  1.00004e+00  1.21033e-03  1.50010e+00  1.21028e-03  1.00007e+00  1.00003e+00
 3.06000e+01  1.00004e+00  1.20768e-03  1.50010e+00  1.20763e-03  1.00007e+00  1.00003e+00
 3.07000e+01  1.00004e+00  1.20498e-03  1.50011e+00  1.20493e-03  1.00007e+00  1.00003e+00
 3.08000e+01  1.00004e+00  1.20224e-03  1.50011e+00  1.20219e-03  1.00007e+00  1.00003e+00
 3.09000e+01  1.00004e+00  1.19945e-03  1.50011e+00  1.19940e-03  1.00007e+00  1.00003e+00
 3.10000e+01  1.00005e+00  1.19661e-03  1.50011e+00  1.19656e-03  1.00008e+00  1.00003e+00
 3.11000e+01  1.00005e+00  1.19372e-03  1.50012e+00  1.19367e-03  1.00008e+00  1.00003e+00
 3.12000e+01  1.00005e+00  1.19079e-03  1.50012e+00  1.19073e-03  1.00008e+00  1.00003e+00
 3.13000e+01  1.00005e+00  1.18780e-03  1.50012e+00  1.18774e-03  1.00008e+00  1.00003e+00
 3.14000e+01  1.00005e+00  1.18477e-03  1.50012e+00  1.18471e-03  1.00008e+00  1.00003e+00
 3.15000e+01  1.00005e+00  1.18169e-03  1.50013e+00  1.18163e-03  1.00009e+00  1.00003e+00
 3.16000e+01  1.00005e+00  1.17856e-03  1.50013e+00  1.17850e-03  1.00009e+00  1.00003e+00
 3.17000e+01  1.00005e+00  1.17539e-03  1.50013e+00  1.17533e-03  1.00009e+00  1.00004e+00
 3.18000e+01  1.00005e+00  1.17217e-03  1.50014e+00  1.17210e-03  1.00009e+00  1.00004e+00
 3.19000e+01  1.00006e+00  1.16890e-03  1.50014e+00  1.16883e-03  1.00009e+00  1.00004e+00
 3.20000e+01  1.00006e+00  1.16558e-03  1.50014e+00  1.16551e-03  1.00009e+00  1.00004e+00
 3.21000e+01  1.00006e+00  1.16222e-03  1.50014e+00  1.16215e-03  1.00010e+00  1.00004e+00
 3.22000e+01  1.00006e+00  1.15881e-03  1.50015e+00  1.15874e-03  1.00010e+00  1.00004e+00
 3.23000e+01  1.00006e+00  1.15535e-03  1.50015e+00  1.15528e-03  1.00010e+00  1.00004e+00
 3.24000e+01  1.00006e+00  1.15184e-03  1.50015e+00  1.15177e-03  1.00010e+00  1.00004e+00
 3.25000e+01  1.00006e+00  1.14829e-03  1.50016e+00  1.14822e-03  1.00010e+00  1.00004e+00
 3.26000e+01  1.00006e+00  1.14470e-03  1.50016e+00  1.14462e-03  1.00011e+00  1.00004e+00
 3.27000e+01  1.00006e+00  1.14105e-03  1.50016e+00  1.14098e-03  1.00011e+00  1.00004e+00
 3.28000e+01  1.00007e+00  1.13736e-03  1.50016e+00  1.13729e-03  1.00011e+00  1.00004e+00
 3.29000e+01  1.00007e+00  1.13363e-03  1.50017e+00  1.13355e-03  1.00011e+00  1.00004e+00
 3.30000e+01  1.00007e+00  1.12985e-03  1.50017e+00  1.12977e-03  1.00011e+00  1.00004e+00
 3.31000e+01  1.00007e+00  1.12602e-03  1.50017e+00  1.12594e-03  1.00011e+00  1.00005e+00
 3.32000e+01  1.00007e+00  1.12215e-03  1.50017e+00  1.12207e-03  1.00012e+00  1.00005e+00
 3.33000e+01  1.00007e+00  1.11823e-03  1.50018e+00  1.11815e-03  1.00012e+00  1.00005e+00
 3.34000e+01  1.00007e+00  1.11427e-03  1.50018e+00  1.11419e-03  1.00012e+00  1.00005e+00
 3.35000e+01  1.00007e+00  1.11026e-03  1.50018e+00  1.11018e-03  1.00012e+00  1.00005e+00
 3.36000e+01  1.00007e+00  1.10621e-03  1.50019e+00  1.10612e-03  1.00012e+00  1.00005e+00
 3.37000e+01  1.00008e+00  1.10211e-03  1.50019e+00  1.10203e-03  1.00012e+00  1.00005e+00
 3.38000e+01  1.00008e+00  1.09797e-03  1.50019e+00  1.09788e-03  1.00013e+00  1.00005e+00
 3.39000e+01  1.00008e+00  1.09378e-03  1.50019e+00  1.09369e-03  1.00013e+00  1.00005e+00
 3.40000e+01  1.00008e+00  1.08955e-03  1.50020e+00  1.08946e-03  1.00013e+00  1.00005e+00
 3.41000e+01  1.00008e+00  1.08527e-03  1.50020e+00  1.08519e-03  1.00013e+00  1.00005e+00
 3.42000e+01  1.00008e+00  1.08095e-03  1.50020e+00  1.08086e-03  1.00013e+00  1.00005e+00
 3.43000e+01  1.00008e+00  1.07659e-03  1.50020e+00  1.07650e-03  1.00014e+00  1.00005e+00
 3.44000e+01  1.00008e+00  1.07218e-03  1.50021e+00  1.07209e-03  1.00014e+00  1.00005e+00
 3.45000e+01  1.00008e+00  1.06773e-03  1.50021e+00  1.06764e-03  1.00014e+00  1.00006e+00
 3.46000e+01  1.00008e+00  1.06324e-03  1.50021e+00  1.06315e-03  1.00014e+00  1.00006e+00
 3.47000e+01  1.00009e+00  1.05870e-03  1.50021e+00  1.05861e-03  1.00014e+00  1.00006e+00
 3.48000e+01  1.00009e+00  1.05412e-03  1.50022e+00  1.05403e-03  1.00014e+00  1.00006e+00
 3.49000e+01  1.00009e+00  1.04950e-03  1.50022e+00  1.04940e-03  1.00015e+00  1.00006e+00
 3.50000e+01  1.00009e+00  1.04483e-03  1.50022e+00  1.04474e-03  1.00015e+00  1.00006e+00
 3.51000e+01  1.00009e+00  1.04012e-03  1.50023e+00  1.04003e-03  1.00015e+00  1.00006e+00
 3.52000e+01  1.00009e+00  1.03537e-03  1.50023e+00  1.03528e-03  1.00015e+00  1.00006e+00
 3.53000e+01  1.00009e+00  1.03058e-03  1.50023e+00  1.03049e-03  1.00015e+00  1.00006e+00
 3.54000e+01  1.00009e+00  1.02575e-03  1.50023e+00  1.02565e-03  1.00015e+00  1.00006e+00
 3.55000e+01  1.00009e+00  1.02087e-03  1.50024e+00  1.02077e-03  1.00016e+00  1.00006e+00
 3.56000e+01  1.00010e+00  1.01595e-03  1.50024e+00  1.01586e-03  1.00016e+00  1.00006e+00
 3.57000e+01  1.00010e+00  1.01099e-03  1.50024e+00  1.01090e-03  1.00016e+00  1.00006e+00
 3.58000e+01  1.00010e+00  1.00599e-03  1.50024e+00  1.00590e-03  1.00016e+00  1.00006e+00
 3.59000e+01  1.00010e+00  1.00095e-03  1.50025e+00  1.00086e-03  1.00016e+00  1.00006e+00
 3.60000e+01  1.00010e+00  9.95872e-04  1.50025e+00  9.95773e-04  1.00016e+00  1.00007e+00
 3.61000e+01  1.00010e+00  9.90750e-04  1.50025e+00  9.90650e-04  1.00017e+00  1.00007e+00
 3.62000e+01  1.00010e+00  9.85587e-04  1.50025e+00  9.85488e-04  1.00017e+00  1.00007e+00
 3.63000e+01  1.00010e+00  9.80385e-04  1.50026e+00  9.80285e-04  1.00017e+00  1.00007e+00
 3.64000e+01  1.00010e+00  9.75143e-04  1.50026e+00  9.75042e-04  1.00017e+00  1.00007e+00
 3.65000e+01  1.00010e+00  9.69860e-04  1.50026e+00  9.69759e-04  1.00017e+00  1.00007e+00
 3.66000e+01  1.00011e+00  9.64539e-04  1.50026e+00  9.64437e-04  1.00017e+00  1.00007e+00
 3.67000e+01  1.00011e+00  9.59178e-04  1.50027e+00  9.59076e-04  1.00018e+00  1.00007e+00
 3.68000e+01  1.00011e+00  9.53778e-04  1.50027e+00  9.53675e-04  1.00018e+00  1.00007e+00
 3.69000e+01  1.00011e+00  9.48339e-04  1.50027e+00  9.48236e-04  1.00018e+00  1.00007e+00
 3.70000e+01  1.00011e+00  9.42861e-04  1.50027e+00  9.42758e-04  1.00018e+00  1.00007e+00
 3.71000e+01  1.00011e+00  9.37345e-04  1.50028e+00  9.37242e-04  1.00018e+00  1.00007e+00
 3.72000e+01  1.00011e+00  9.31791e-04  1.50028e+00  9.31688e-04  1.00018e+00  1.00007e+00
 3.73000e+01  1.00011e+00  9.26199e-04  1.50028e+00  9.26095e-04  1.00019e+00  1.00007e+00
 3.74000e+01  1.00011e+00  9.20569e-04  1.50028e+00  9.20465e-04  1.00019e+00  1.00007e+00
 3.75000e+01  1.00011e+00  9.14901e-04  1.50029e+00  9.14797e-04  1.00019e+00  1.00008e+00
 3.76000e+01  1.00012e+00  9.09196e-04  1.50029e+00  9.09092e-04  1.00019e+00  1.00008e+00
 3.77000e+01  1.00012e+00  9.03454e-04  1.50029e+00  9.03350e-04  1.00019e+00  1.00008e+00
 3.78000e+01  1.00012e+00  8.97676e-04  1.50029e+00  8.97571e-04  1.00019e+00  1.00008e+00
 3.79000e+01  1.00012e+00  8.91860e-04  1.50029e+00  8.91755e-04  1.00020e+00  1.00008e+00
 3.80000e+01  1.00012e+00  8.86008e-04  1.50030e+00  8.85903e-04  1.00020e+00  1.00008e+00
 3.81000e+01  1.00012e+00  8.80120e-04  1.50030e+00  8.80015e-04  1.00020e+00  1.00008e+00
 3.82000e+01  1.00012e+00  8.74196e-04  1.50030e+00  8.74090e-04  1.00020e+00  1.00008e+00
 3.83000e+01  1.00012e+00  8.68236e-04  1.50030e+00  8.68131e-04  1.00020e+00  1.00008e+00
 3.84000e+01  1.00012e+00  8.62241e-04  1.50031e+00  8.62135e-04  1.00020e+00  1.00008e+00
 3.85000e+01  1.00012e+00  8.56210e-04  1.50031e+00  8.56105e-04  1.00020e+00  1.00008e+00
 3.86000e+01  1.00012e+00  8.50145e-04  1.50031e+00  8.50039e-04  1.00021e+00  1.00008e+00
 3.87000e+01  1.00013e+00  8.44045e-04  1.50031e+00  8.43939e-04  1.00021e+00  1.00008e+00
 3.88000e+01  1.00013e+00  8.37910e-04  1.50032e+00  8.37804e-04  1.00021e+00  1.00008e+00
 3.89000e+01  1.00013e+00  8.31741e-04  1.50032e+00  8.31635e-04  1.00021e+00  1.00008e+00
 3.90000e+01  1.00013e+00  8.25538e-04  1.50032e+00  8.25433e-04  1.00021e+00  1.00008e+00
 3.91000e+01  1.00013e+00  8.19301e-04  1.50032e+00  8.19196e-04  1.00021e+00  1.00008e+00
 3.92000e+01  1.00013e+00  8.13031e-04  1.50032e+00  8.12926e-04  1.00022e+00  1.00009e+00
 3.93000e+01  1.00013e+00  8.06728e-04  1.50033e+00  8.06622e-04  1.00022e+00  1.00009e+00
 3.94000e+01  1.00013e+00  8.00391e-04  1.50033e+00  8.00286e-04  1.00022e+00  1.00009e+00
 3.95000e+01  1.00013e+00  7.94022e-04  1.50033e+00  7.93917e-04  1.00022e+00  1.00009e+00
 3.96000e+01  1.00013e+00  7.87620e-04  1.50033e+00  7.87515e-04  1.00022e+00  1.00009e+00
 3.97000e+01  1.00013e+00  7.81186e-04  1.50033e+00  7.81081e-04  1.00022e+00  1.00009e+00
 3.98000e+01  1.00013e+00  7.74720e-04  1.50034e+00  7.74616e-04  1.00022e+00  1.00009e+00
 3.99000e+01  1.00014e+00  7.68222e-04  1.50034e+00  7.68118e-04  1.00022e+00  1.00009e+00
 4.00000e+01  1.00014e+00  7.61693e-04  1.50034e+00  7.61589e-04  1.00023e+00  1.00009e+00
 4.01000e+01  1.00014e+00  7.55133e-04  1.50034e+00  7.55029e-04  1.00023e+00  1.00009e+00
 4.02000e+01  1.00014e+00  7.48541e-04  1.50035e+00  7.48438e-04  1.00023e+00  1.00009e+00
 4.03000e+01  1.00014e+00  7.41920e-04  1.50035e+00  7.41817e-04  1.00023e+00  1.00009e+00
 4.04000e+01  1.00014e+00  7.35267e-04  1.50035e+00  7.35165e-04  1.00023e+00  1.00009e+00
 4.05000e+01  1.00014e+00  7.28585e-04  1.50035e+00  7.28482e-04  1.00023e+00  1.00009e+00
 4.06000e+01  1.00014e+00  7.21872e-04  1.50035e+00  7.21770e-04  1.00023e+00  1.00009e+00
 4.07000e+01  1.00014e+00  7.15131e-04  1.50036e+00  7.15029e-04  1.00024e+00  1.00009e+00
 4.08000e+01  1.00014e+00  7.08359e-04  1.50036e+00  7.08258e-04  1.00024e+00  1.00009e+00
 4.09000e+01  1.00014e+00  7.01559e-04  1.50036e+00  7.01458e-04  1.00024e+00  1.00009e+00
 4.10000e+01  1.00014e+00  6.94730e-04  1.50036e+00  6.94630e-04  1.00024e+00  1.00010e+00
 4.11000e+01  1.00015e+00  6.87873e-04  1.50036e+00  6.87773e-04  1.00024e+00  1.00010e+00
 4.12000e+01  1.00015e+00  6.80987e-04  1.50036e+00  6.80888e-04  1.00024e+00  1.00010e+00
 4.13000e+01  1.00015e+00  6.74073e-04  1.50037e+00  6.73974e-04  1.00024e+00  1.00010e+00
 4.14000e+01  1.00015e+00  6.67132e-04  1.50037e+00  6.67034e-04  1.00024e+00  1.00010e+00
 4.15000e+01  1.00015e+00  6.60163e-04  1.50037e+00  6.60066e-04  1.00025e+00  1.00010e+00
 4.16000e+01  1.00015e+00  6.53168e-04  1.50037e+00  6.53070e-04  1.00025e+00  1.00010e+00
 4.17000e+01  1.00015e+00  6.46145e-04  1.50037e+00  6.46048e-04  1.00025e+00  1.00010e+00
 4.18000e+01  1.00015e+00  6.39096e-04  1.50038e+00  6.39000e-04  1.00025e+00  1.00010e+00
 4.19000e+01  1.00015e+00  6.32021e-04  1.50038e+00  6.31925e-04  1.00025e+00  1.00010e+00
 4.20000e+01  1.00015e+00  6.24920e-04  1.50038e+00  6.24825e-04  1.00025e+00  1.00010e+00
 4.21000e+01  1.00015e+00  6.17793e-04  1.50038e+00  6.17699e-04  1.00025e+00  1.00010e+00
 4.22000e+01  1.00015e+00  6.10640e-04  1.50038e+00  6.10547e-04  1.00025e+00  1.00010e+00
 4.23000e+01  1.00015e+00  6.03463e-04  1.50038e+00  6.03371e-04  1.00025e+00  1.00010e+00
 4.24000e+01  1.00015e+00  5.96261e-04  1.50039e+00  5.96169e-04  1.00026e+00  1.00010e+00
 4.25000e+01  1.00015e+00  5.89035e-04  1.50039e+00  5.88943e-04  1.00026e+00  1.00010e+00
 4.26000e+01  1.00016e+00  5.81784e-04  1.50039e+00  5.81693e-04  1.00026e+00  1.00010e+00
 4.27000e+01  1.00016e+00  5.74509e-04  1.50039e+00  5.74420e-04  1.00026e+00  1.00010e+00
 4.28000e+01  1.00016e+00  5.67211e-04  1.50039e+00  5.67122e-04  1.00026e+00  1.00010e+00
 4.29000e+01  1.00016e+00  5.59890e-04  1.50039e+00  5.59801e-04  1.00026e+00  1.00010e+00
 4.30000e+01  1.00016e+00  5.52545e-04  1.50040e+00  5.52458e-04  1.00026e+00  1.00010e+00
 4.31000e+01  1.00016e+00  5.45178e-04  1.50040e+00  5.45091e-04  1.00026e+00  1.00010e+00
 4.32000e+01  1.00016e+00  5.37788e-04  1.50040e+00  5.37703e-04  1.00026e+00  1.00010e+00
 4.33000e+01  1.00016e+00  5.30377e-04  1.50040e+00  5.30292e-04  1.00027e+00  1.00011e+00
 4.34000e+01  1.00016e+00  5.22943e-04  1.50040e+00  5.22859e-04  1.00027e+00  1.00011e+00
 4.35000e+01  1.00016e+00  5.15488e-04  1.50040e+00  5.15405e-04  1.00027e+00  1.00011e+00
 4.36000e+01  1.00016e+00  5.08012e-04  1.50040e+00  5.07930e-04  1.00027e+00  1.00011e+00
 4.37000e+01  1.00016e+00  5.00515e-04  1.50041e+00  5.00434e-04  1.00027e+00  1.00011e+00
 4.38000e+01  1.00016e+00  4.92997e-04  1.50041e+00  4.92917e-04  1.00027e+00  1.00011e+00
 4.39000e+01  1.00016e+00  4.85459e-04  1.50041e+00  4.85380e-04  1.00027e+00  1.00011e+00
 4.40000e+01  1.00016e+00  4.77901e-04  1.50041e+00  4.77823e-04  1.00027e+00  1.00011e+00
 4.41000e+01  1.00016e+00  4.70324e-04  1.50041e+00  4.70247e-04  1.00027e+00  1.00011e+00
 4.42000e+01  1.00016e+00  4.62727e-04  1.50041e+00  4.62651e-04  1.00027e+00  1.00011e+00
 4.43000e+01  1.00017e+00  4.55111e-04  1.50041e+00  4.55036e-04  1.00027e+00  1.00011e+00
 4.44000e+01  1.00017e+00  4.47477e-04  1.50041e+00  4.47402e-04  1.00028e+00  1.00011e+00
 4.45000e+01  1.00017e+00  4.39824e-04  1.50042e+00  4.39750e-04  1.00028e+00  1.00011e+00
 4.46000e+01  1.00017e+00  4.32152e-04  1.50042e+00  4.32080e-04  1.00028e+00  1.00011e+00
 4.47000e+01  1.00017e+00  4.24464e-04  1.50042e+00  4.24392e-04  1.00028e+00  1.00011e+00
 4.48000e+01  1.00017e+00  4.16757e-04  1.50042e+00  4.16687e-04  1.00028e+00  1.00011e+00
 4.49000e+01  1.00017e+00  4.09034e-04  1.50042e+00  4.08965e-04  1.00028e+00  1.00011e+00
 4.50000e+01  1.00017e+00  4.01293e-04  1.50042e+00  4.01226e-04  1.00028e+00  1.00011e+00
 4.51000e+01  1.00017e+00  3.93537e-04  1.50042e+00  3.93470e-04  1.00028e+00  1.00011e+00
 4.52000e+01  1.00017e+00  3.85764e-04  1.50042e+00  3.85698e-04  1.00028e+00  1.00011e+00
 4.53000e+01  1.00017e+00  3.77975e-04  1.50043e+00  3.77910e-04  1.00028e+00  1.00011e+00
 4.54000e+01  1.00017e+00  3.70170e-04  1.50043e+00  3.70107e-04  1.00028e+00  1.00011e+00
 4.55000e+01  1.00017e+00  3.62351e-04  1.50043e+00  3.62289e-04  1.00028e+00  1.00011e+00
 4.56000e+01  1.00017e+00  3.54516e-04  1.50043e+00  3.54455e-04  1.00028e+00  1.00011e+00
 4.57000e+01  1.00017e+00  3.46667e-04  1.50043e+00  3.46607e-04  1.00028e+00  1.00011e+00
 4.58000e+01  1.00017e+00  3.38803e-04  1.50043e+00  3.38745e-04  1.00029e+00  1.00011e+00
 4.59000e+01  1.00017e+00  3.30926e-04  1.50043e+00  3.30869e-04  1.00029e+00  1.00011e+00
 4.60000e+01  1.00017e+00  3.23035e-04  1.50043e+00  3.22979e-04  1.00029e+00  1.00011e+00
 4.61000e+01  1.00017e+00  3.15131e-04  1.50043e+00  3.15076e-04  1.00029e+00  1.00011e+00
 4.62000e+01  1.00017e+00  3.07213e-04  1.50043e+00  3.07160e-04  1.00029e+00  1.00011e+00
 4.63000e+01  1.00017e+00  2.99284e-04  1.50044e+00  2.99231e-04  1.00029e+00  1.00011e+00
 4.64000e+01  1.00017e+00  2.91341e-04  1.50044e+00  2.91291e-04  1.00029e+00  1.00011e+00
 4.65000e+01  1.00017e+00  2.83387e-04  1.50044e+00  2.83338e-04  1.00029e+00  1.00011e+00
 4.66000e+01  1.00018e+00  2.75421e-04  1.50044e+00  2.75373e-04  1.00029e+00  1.00012e+00
 4.67000e+01  1.00018e+00  2.67444e-04  1.50044e+00  2.67397e-04  1.00029e+00  1.00012e+00
 4.68000e+01  1.00018e+00  2.59456e-04  1.50044e+00  2.59410e-04  1.00029e+00  1.00012e+00
 4.69000e+01  1.00018e+00  2.51457e-04  1.50044e+00  2.51412e-04  1.00029e+00  1.00012e+00
 4.70000e+01  1.00018e+00  2.43447e-04  1.50044e+00  2.43404e-04  1.00029e+00  1.00012e+00
 4.71000e+01  1.00018e+00  2.35428e-04  1.50044e+00  2.35386e-04  1.00029e+00  1.00012e+00
 4.72000e+01  1.00018e+00  2.27399e-04  1.50044e+00  2.27359e-04  1.00029e+00  1.00012e+00
 4.73000e+01  1.00018e+00  2.19361e-04  1.50044e+00  2.19322e-04  1.00029e+00  1.00012e+00
 4.74000e+01  1.00018e+00  2.11313e-04  1.50044e+00  2.11276e-04  1.00029e+00  1.00012e+00
 4.75000e+01  1.00018e+00  2.03257e-04  1.50044e+00  2.03221e-04  1.00029e+00  1.00012e+00
 4.76000e+01  1.00018e+00  1.95193e-04  1.50044e+00  1.95158e-04  1.00029e+00  1.00012e+00
 4.77000e+01  1.00018e+00  1.87120e-04  1.50044e+00  1.87087e-04  1.00030e+00  1.00012e+00
 4.78000e+01  1.00018e+00  1.79040e-04  1.50045e+00  1.79008e-04  1.00030e+00  1.00012e+00
 4.79000e+01  1.00018e+00  1.70952e-04  1.50045e+00  1.70922e-04  1.00030e+00  1.00012e+00
 4.80000e+01  1.00018e+00  1.62857e-04  1.50045e+00  1.62828e-04  1.00030e+00  1.00012e+00
 4.81000e+01  1.00018e+00  1.54756e-04  1.50045e+00  1.54728e-04  1.00030e+00  1.00012e+00
 4.82000e+01  1.00018e+00  1.46648e-04  1.50045e+00  1.46622e-04  1.00030e+00  1.00012e+00
 4.83000e+01  1.00018e+00  1.38534e-04  1.50045e+00  1.38510e-04  1.00030e+00  1.00012e+00
 4.84000e+01  1.00018e+00  1.30415e-04  1.50045e+00  1.30392e-04  1.00030e+00  1.00012e+00
 4.85000e+01  1.00018e+00  1.22290e-04  1.50045e+00  1.22268e-04  1.00030e+00  1.00012e+00
 4.86000e+01  1.00018e+00  1.14160e-04  1.50045e+00  1.14140e-04  1.00030e+00  1.00012e+00
 4.87000e+01  1.00018e+00  1.06025e-04  1.50045e+00  1.06006e-04  1.00030e+00  1.00012e+00
 4.88000e+01  1.00018e+00  9.78865e-05  1.50045e+00  9.78689e-05  1.00030e+00  1.00012e+00
 4.89000e+01  1.00018e+00  8.97435e-05  1.50045e+00  8.97273e-05  1.00030e+00  1.00012e+00
 4.90000e+01  1.00018e+00  8.15967e-05  1.50045e+00  8.15821e-05  1.00030e+00  1.00012e+00
 4.91000e+01  1.00018e+00  7.34466e-05  1.50045e+00  7.34334e-05  1.00030e+00  1.00012e+00
 4.92000e+01  1.00018e+00  6.52935e-05  1.50045e+00  6.52818e-05  1.00030e+00  1.00012e+00
 4.93000e+01  1.00018e+00  5.71377e-05  1.50045e+00  5.71274e-05  1.00030e+00  1.00012e+00
 4.94000e+01  1.00018e+00  4.89796e-05  1.50045e+00  4.89707e-05  1.00030e+00  1.00012e+00
 4.95000e+01  1.00018e+00  4.08194e-05  1.50045e+00  4.08120e-05  1.00030e+00  1.00012e+00
 4.96000e+01  1.00018e+00  3.26575e-05  1.50045e+00  3.26516e-05  1.00030e+00  1.00012e+00
 4.97000e+01  1.00018e+00  2.44943e-05  1.50045e+00  2.44899e-05  1.00030e+00  1.00012e+00
 4.98000e+01  1.00018e+00  1.63301e-05  1.50045e+00  1.63272e-05  1.00030e+00  1.00012e+00
 4.99000e+01  1.00018e+00  8.16522e-06  1.50045e+00  8.16375e-06  1.00030e+00  1.00012e+00
 5.00000e+01  1.00018e+00 -0.00000e+00  1.50045e+00 -0.00000e+00  1.00030e+00  1.00012e+00
 5.01000e+01  1.00018e+00 -8.16522e-06  1.50045e+00 -8.16375e-06  1.00030e+00  1.00012e+00
 5.02000e+01  1.00018e+00 -1.63301e-05  1.50045e+00 -1.63272e-05  1.00030e+00  1.00012e+00
 5.03000e+01  1.00018e+00 -2.44943e-05  1.50045e+00 -2.44899e-05  1.00030e+00  1.00012e+00
 5.04000e+01  1.00018e+00 -3.26575e-05  1.50045e+00 -3.26516e-05  1.00030e+00  1.00012e+00
 5.05000e+01  1.00018e+00 -4.08194e-05  1.50045e+00 -4.08120e-05  1.00030e+00  1.00012e+00
 5.06000e+01  1.00018e+00 -4.89796e-05  1.50045e+00 -4.89707e-05  1.00030e+00  1.00012e+00
 5.07000e+01  1.00018e+00 -5.71377e-05  1.50045e+00 -5.71274e-05  1.00030e+00  1.00012e+00
 5.08000e+01  1.00018e+00 -6.52935e-05  1.50045e+00 -6.52818e-05  1.00030e+00  1.00012e+00
 5.09000e+01  1.00018e+00 -7.34466e-05  1.50045e+00 -7.34334e-05  1.00030e+00  1.00012e+00
 5.10000e+01  1.00018e+00 -8.15967e-05  1.50045e+00 -8.15821e-05  1.00030e+00  1.00012e+00
 5.11000e+01  1.00018e+00 -8.97435e-05  1.50045e+00 -8.97273e-05  1.00030e+00  1.00012e+00
 5.12000e+01  1.00018e+00 -9.78865e-05  1.50045e+00 -9.78689e-05  1.00030e+00  1.00012e+00
 5.13000e+01  1.00018e+00 -1.06025e-04  1.50045e+00 -1.06006e-04  1.00030e+00  1.00012e+00
 5.14000e+01  1.00018e+00 -1.14160e-04  1.50045e+00 -1.14140e-04  1.00030e+00  1.00012e+00
 5.15000e+01  1.00018e+00 -1.22290e-04  1.50045e+00 -1.22268e-04  1.00030e+00  1.00012e+00
 5.16000e+01  1.00018e+00 -1.30415e-04  1.50045e+00 -1.30392e-04  1.00030e+00  1.00012e+00
 5.17000e+01  1.00018e+00 -1.38534e-04  1.50045e+00 -1.38510e-04  1.00030e+00  1.00012e+00
 5.18000e+01  1.00018e+00 -1.46648e-04  1.50045e+00 -1.46622e-04  1.00030e+00  1.00012e+00
 5.19000e+01  1.00018e+00 -1.54756e-04  1.50045e+00 -1.54728e-04  1.00030e+00  1.00012e+00
 5.20000e+01  1.00018e+00 -1.62857e-04  1.50045e+00 -1.62828e-04  1.00030e+00  1.00012e+00
 5.21000e+01  1.00018e+00 -1.70952e-04  1.50045e+00 -1.70922e-04  1.00030e+00  1.00012e+00
 5.22000e+01  1.00018e+00 -1.79040e-04  1.50045e+00 -1.79008e-04  1.00030e+00  1.00012e+00
 5.23000e+01  1.00018e+00 -1.87120e-04  1.50044e+00 -1.87087e-04  1.00030e+00  1.00012e+00
 5.24000e+01  1.00018e+00 -1.95193e-04  1.50044e+00 -1.95158e-04  1.00029e+00  1.00012e+00
 5.25000e+01  1.00018e+00 -2.03257e-04  1.50044e+00 -2.03221e-04  1.00029e+00  1.00012e+00
 5.26000e+01  1.00018e+00 -2.11313e-04  1.50044e+00 -2.11276e-04  1.00029e+00  1.00012e+00
 5.27000e+01  1.00018e+00 -2.19361e-04  1.50044e+00 -2.19322e-04  1.00029e+00  1.00012e+00
 5.28000e+01  1.00018e+00 -2.27399e-04  1.50044e+00 -2.27359e-04  1.00029e+00  1.00012e+00
 5.29000e+01  1.00018e+00 -2.35428e-04  1.50044e+00 -2.35386e-04  1.00029e+00  1.00012e+00
 5.30000e+01  1.00018e+00 -2.43447e-04  1.50044e+00 -2.43404e-04  1.00029e+00  1.00012e+00
 5.31000e+01  1.00018e+00 -2.51457e-04  1.50044e+00 -2.51412e-04  1.00029e+00  1.00012e+00
 5.32000e+01  1.00018e+00 -2.59456e-04  1.50044e+00 -2.59410e-04  1.00029e+00  1.00012e+00
 5.33000e+01  1.00018e+00 -2.67444e-04  1.50044e+00 -2.67397e-04  1.00029e+00  1.00012e+00
 5.34000e+01  1.00018e+00 -2.75421e-04  1.50044e+00 -2.75373e-04  1.00029e+00  1.00012e+00
 5.35000e+01  1.00017e+00 -2.83387e-04  1.50044e+00 -2.83338e-04  1.00029e+00  1.00011e+00
 5.36000e+01  1.00017e+00 -2.91341e-04  1.50044e+00 -2.91291e-04  1.00029e+00  1.00011e+00
 5.37000e+01  1.00017e+00 -2.99284e-04  1.50044e+00 -2.99231e-04  1.00029e+00  1.00011e+00
 5.38000e+01  1.00017e+00 -3.07213e-04  1.50043e+00 -3.07160e-04  1.00029e+00  1.00011e+00
 5.39000e+01  1.00017e+00 -3.15131e-04  1.50043e+00 -3.15076e-04  1.00029e+00  1.00011e+00
 5.40000e+01  1.00017e+00 -3.23035e-04  1.50043e+00 -3.22979e-04  1.00029e+00  1.00011e+00
 5.41000e+01  1.00017e+00 -3.30926e-04  1.50043e+00 -3.30869e-04  1.00029e+00  1.00011e+00
 5.42000e+01  1.00017e+00 -3.38803e-04  1.50043e+00 -3.38745e-04  1.00029e+00  1.00011e+00
 5.43000e+01  1.00017e+00 -3.46667e-04  1.50043e+00 -3.46607e-04  1.00028e+00  1.00011e+00
 5.44000e+01  1.00017e+00 -3.54516e-04  1.50043e+00 -3.54455e-04  1.00028e+00  1.00011e+00
 5.45000e+01  1.00017e+00 -3.62351e-04  1.50043e+00 -3.62289e-04  1.00028e+00  1.00011e+00
 5.46000e+01  1.00017e+00 -3.70170e-04  1.50043e+00 -3.70107e-04  1.00028e+00  1.00011e+00
 5.47000e+01  1.00017e+00 -3.77975e-04  1.50043e+00 -3.77910e-04  1.00028e+00  1.00011e+00
 5.48000e+01  1.00017e+00 -3.85764e-04  1.50042e+00 -3.85698e-04  1.00028e+00  1.00011e+00
 5.49000e+01  1.00017e+00 -3.93537e-04  1.50042e+00 -3.93470e-04  1.00028e+00  1.00011e+00
 5.50000e+01  1.00017e+00 -4.01293e-04  1.50042e+00 -4.01226e-04  1.00028e+00  1.00011e+00
 5.51000e+01  1.00017e+00 -4.09034e-04  1.50042e+00 -4.08965e-04  1.00028e+00  1.00011e+00
 5.52000e+01  1.00017e+00 -4.16757e-04  1.50042e+00 -4.16687e-04  1.00028e+00  1.00011e+00
 5.53000e+01  1.00017e+00 -4.24464e-04  1.50042e+00 -4.24392e-04  1.00028e+00  1.00011e+00
 5.54000e+01  1.00017e+00 -4.32152e-04  1.50042e+00 -4.32080e-04  1.00028e+00  1.00011e+00
 5.55000e+01  1.00017e+00 -4.39824e-04  1.50042e+00 -4.39750e-04  1.00028e+00  1.00011e+00
 5.56000e+01  1.00017e+00 -4.47477e-04  1.50041e+00 -4.47402e-04  1.00028e+00  1.00011e+00
 5.57000e+01  1.00017e+00 -4.55111e-04  1.50041e+00 -4.55036e-04  1.00027e+00  1.00011e+00
 5.58000e+01  1.00016e+00 -4.62727e-04  1.50041e+00 -4.62651e-04  1.00027e+00  1.00011e+00
 5.59000e+01  1.00016e+00 -4.70324e-04  1.50041e+00 -4.70247e-04  1.00027e+00  1.00011e+00
 5.60000e+01  1.00016e+00 -4.77901e-04  1.50041e+00 -4.77823e-04  1.00027e+00  1.00011e+00
 5.61000e+01  1.00016e+00 -4.85459e-04  1.50041e+00 -4.85380e-04  1.00027e+00  1.00011e+00
 5.62000e+01  1.00016e+00 -4.92997e-04  1.50041e+00 -4.92917e-04  1.00027e+00  1.00011e+00
 5.63000e+01  1.00016e+00 -5.00515e-04  1.50041e+00 -5.00434e-04  1.00027e+00  1.00011e+00
 5.64000e+01  1.00016e+00 -5.08012e-04  1.50040e+00 -5.07930e-04  1.00027e+00  1.00011e+00
 5.65000e+01  1.00016e+00 -5.15488e-04  1.50040e+00 -5.15405e-04  1.00027e+00  1.00011e+00
 5.66000e+01  1.00016e+00 -5.22943e-04  1.50040e+00 -5.22859e-04  1.00027e+00  1.00011e+00
 5.67000e+01  1.00016e+00 -5.30377e-04  1.50040e+00 -5.30292e-04  1.00027e+00  1.00011e+00
 5.68000e+01  1.00016e+00 -5.37788e-04  1.50040e+00 -5.37703e-04  1.00026e+00  1.00010e+00
 5.69000e+01  1.00016e+00 -5.45178e-04  1.50040e+00 -5.45091e-04  1.00026e+00  1.00010e+00
 5.70000e+01  1.00016e+00 -5.52545e-04  1.50040e+00 -5.52458e-04  1.00026e+00  1.00010e+00
 5.71000e+01  1.00016e+00 -5.59890e-04  1.50039e+00 -5.59801e-04  1.00026e+00  1.00010e+00
 5.72000e+01  1.00016e+00 -5.67211e-04  1.50039e+00 -5.67122e-04  1.00026e+00  1.00010e+00
 5.73000e+01  1.00016e+00 -5.74509e-04  1.50039e+00 -5.74420e-04  1.00026e+00  1.00010e+00
 5.74000e+01  1.00016e+00 -5.81784e-04  1.50039e+00 -5.81693e-04  1.00026e+00  1.00010e+00
 5.75000e+01  1.00015e+00 -5.89035e-04  1.50039e+00 -5.88943e-04  1.00026e+00  1.00010e+00
 5.76000e+01  1.00015e+00 -5.96261e-04  1.50039e+00 -5.96169e-04  1.00026e+00  1.00010e+00
 5.77000e+01  1.00015e+00 -6.03463e-04  1.50038e+00 -6.03371e-04  1.00025e+00  1.00010e+00
 5.78000e+01  1.00015e+00 -6.10640e-04  1.50038e+00 -6.10547e-04  1.00025e+00  1.00010e+00
 5.79000e+01  1.00015e+00 -6.17793e-04  1.50038e+00 -6.17699e-04  1.00025e+00  1.00010e+00
 5.80000e+01  1.00015e+00 -6.24920e-04  1.50038e+00 -6.24825e-04  1.00025e+00  1.00010e+00
 5.81000e+01  1.00015e+00 -6.32021e-04  1.50038e+00 -6.31925e-04  1.00025e+00  1.00010e+00
 5.82000e+01  1.00015e+00 -6.39096e-04  1.50038e+00 -6.39000e-04  1.00025e+00  1.00010e+00
 5.83000e+01  1.00015e+00 -6.46145e-04  1.50037e+00 -6.46048e-04  1.00025e+00  1.00010e+00
 5.84000e+01  1.00015e+00 -6.53168e-04  1.50037e+00 -6.53070e-04  1.00025e+00  1.00010e+00
 5.85000e+01  1.00015e+00 -6.60163e-04  1.50037e+00 -6.60066e-04  1.00025e+00  1.00010e+00
 5.86000e+01  1.00015e+00 -6.67132e-04  1.50037e+00 -6.67034e-04  1.00024e+00  1.00010e+00
 5.87000e+01  1.00015e+00 -6.74073e-04  1.50037e+00 -6.73974e-04  1.00024e+00  1.00010e+00
 5.88000e+01  1.00015e+00 -6.80987e-04  1.50036e+00 -6.80888e-04  1.00024e+00  1.00010e+00
 5.89000e+01  1.00015e+00 -6.87873e-04  1.50036e+00 -6.87773e-04  1.00024e+00  1.00010e+00
 5.90000e+01  1.00014e+00 -6.94730e-04  1.50036e+00 -6.94630e-04  1.00024e+00  1.00010e+00
 5.91000e+01  1.00014e+00 -7.01559e-04  1.50036e+00 -7.01458e-04  1.00024e+00  1.00009e+00
 5.92000e+01  1.00014e+00 -7.08359e-04  1.50036e+00 -7.08258e-04  1.00024e+00  1.00009e+00
 5.93000e+01  1.00014e+00 -7.15131e-04  1.50036e+00 -7.15029e-04  1.00024e+00  1.00009e+00
 5.94000e+01  1.00014e+00 -7.21872e-04  1.50035e+00 -7.21770e-04  1.00023e+00  1.00009e+00
 5.95000e+01  1.00014e+00 -7.28585e-04  1.50035e+00 -7.28482e-04  1.00023e+00  1.00009e+00
 5.96000e+01  1.00014e+00 -7.35267e-04  1.50035e+00 -7.35165e-04  1.00023e+00  1.00009e+00
 5.97000e+01  1.00014e+00 -7.41920e-04  1.50035e+00 -7.41817e-04  1.00023e+00  1.00009e+00
 5.98000e+01  1.00014e+00 -7.48541e-04  1.50035e+00 -7.48438e-04  1.00023e+00  1.00009e+00
 5.99000e+01  1.00014e+00 -7.55133e-04  1.50034e+00 -7.55029e-04  1.00023e+00  1.00009e+00
 6.00000e+01  1.00014e+00 -7.61693e-04  1.50034e+00 -7.61589e-04  1.00023e+00  1.00009e+00
 6.01000e+01  1.00014e+00 -7.68222e-04  1.50034e+00 -7.68118e-04  1.00022e+00  1.00009e+00
 6.02000e+01  1.00013e+00 -7.74720e-04  1.50034e+00 -7.74616e-04  1.00022e+00  1.00009e+00
 6.03000e+01  1.00013e+00 -7.81186e-04  1.50033e+00 -7.81081e-04  1.00022e+00  1.00009e+00
 6.04000e+01  1.00013e+00 -7.87620e-04  1.50033e+00 -7.87515e-04  1.00022e+00  1.00009e+00
 6.05000e+01  1.00013e+00 -7.94022e-04  1.50033e+00 -7.93917e-04  1.00022e+00  1.00009e+00
 6.06000e+01  1.00013e+00 -8.00391e-04  1.50033e+00 -8.00286e-04  1.00022e+00  1.00009e+00
 6.07000e+01  1.00013e+00 -8.06728e-04  1.50033e+00 -8.06622e-04  1.00022e+00  1.00009e+00
 6.08000e+01  1.00013e+00 -8.13031e-04  1.50032e+00 -8.12926e-04  1.00022e+00  1.00009e+00
 6.09000e+01  1.00013e+00 -8.19301e-04  1.50032e+00 -8.19196e-04  1.00021e+00  1.00008e+00
 6.10000e+01  1.00013e+00 -8.25538e-04  1.50032e+00 -8.25433e-04  1.00021e+00  1.00008e+00
 6.11000e+01  1.00013e+00 -8.31741e-04  1.50032e+00 -8.31635e-04  1.00021e+00  1.00008e+00
 6.12000e+01  1.00013e+00 -8.37910e-04  1.50032e+00 -8.37804e-04  1.00021e+00  1.00008e+00
 6.13000e+01  1.00013e+00 -8.44045e-04  1.50031e+00 -8.43939e-04  1.00021e+00  1.00008e+00
 6.14000e+01  1.00012e+00 -8.50145e-04  1.50031e+00 -8.50039e-04  1.00021e+00  1.00008e+00
 6.15000e+01  1.00012e+00 -8.56210e-04  1.50031e+00 -8.56105e-04  1.00020e+00  1.00008e+00
 6.16000e+01  1.00012e+00 -8.62241e-04  1.50031e+00 -8.62135e-04  1.00020e+00  1.00008e+00
 6.17000e+01  1.00012e+00 -8.68236e-04  1.50030e+00 -8.68131e-04  1.00020e+00  1.00008e+00
 6.18000e+01  1.00012e+00 -8.74196e-04  1.50030e+00 -8.74090e-04  1.00020e+00  1.00008e+00
 6.19000e+01  1.00012e+00 -8.80120e-04  1.50030e+00 -8.80015e-04  1.00020e+00  1.00008e+00
 6.20000e+01  1.00012e+00 -8.86008e-04  1.50030e+00 -8.85903e-04  1.00020e+00  1.00008e+00
 6.21000e+01  1.00012e+00 -8.91860e-04  1.50029e+00 -8.91755e-04  1.00020e+00  1.00008e+00
 6.22000e+01  1.00012e+00 -8.97676e-04  1.50029e+00 -8.97571e-04  1.00019e+00  1.00008e+00
 6.23000e+01  1.00012e+00 -9.03454e-04  1.50029e+00 -9.03350e-04  1.00019e+00  1.00008e+00
 6.24000e+01  1.00012e+00 -9.09196e-04  1.50029e+00 -9.09092e-04  1.00019e+00  1.00008e+00
 6.25000e+01  1.00011e+00 -9.14901e-04  1.50029e+00 -9.14797e-04  1.00019e+00  1.00008e+00
 6.26000e+01  1.00011e+00 -9.20569e-04  1.50028e+00 -9.20465e-04  1.00019e+00  1.00007e+00
 6.27000e+01  1.00011e+00 -9.26199e-04  1.50028e+00 -9.26095e-04  1.00019e+00  1.00007e+00
 6.28000e+01  1.00011e+00 -9.31791e-04  1.50028e+00 -9.31688e-04  1.00018e+00  1.00007e+00
 6.29000e+01  1.00011e+00 -9.37345e-04  1.50028e+00 -9.37242e-04  1.00018e+00  1.00007e+00
 6.30000e+01  1.00011e+00 -9.42861e-04  1.50027e+00 -9.42758e-04  1.00018e+00  1.00007e+00
 6.31000e+01  1.00011e+00 -9.48339e-04  1.50027e+00 -9.48236e-04  1.00018e+00  1.00007e+00
 6.32000e+01  1.00011e+00 -9.53778e-04  1.50027e+00 -9.53675e-04  1.00018e+00  1.00007e+00
 6.33000e+01  1.00011e+00 -9.59178e-04  1.50027e+00 -9.59076e-04  1.00018e+00  1.00007e+00
 6.34000e+01  1.00011e+00 -9.64539e-04  1.50026e+00 -9.64437e-04  1.00017e+00  1.00007e+00
 6.35000e+01  1.00010e+00 -9.69860e-04  1.50026e+00 -9.69759e-04  1.00017e+00  1.00007e+00
 6.36000e+01  1.00010e+00 -9.75143e-04  1.50026e+00 -9.75042e-04  1.00017e+00  1.00007e+00
 6.37000e+01  1.00010e+00 -9.80385e-04  1.50026e+00 -9.80285e-04  1.00017e+00  1.00007e+00
 6.38000e+01  1.00010e+00 -9.85587e-04  1.50025e+00 -9.85488e-04  1.00017e+00  1.00007e+00
 6.39000e+01  1.00010e+00 -9.90750e-04  1.50025e+00 -9.90650e-04  1.00017e+00  1.00007e+00
 6.40000e+01  1.00010e+00 -9.95872e-04  1.50025e+00 -9.95773e-04  1.00016e+00  1.00007e+00
 6.41000e+01  1.00010e+00 -1.00095e-03  1.50025e+00 -1.00086e-03  1.00016e+00  1.00006e+00
 6.42000e+01  1.00010e+00 -1.00599e-03  1.50024e+00 -1.00590e-03  1.00016e+00  1.00006e+00
 6.43000e+01  1.00010e+00 -1.01099e-03  1.50024e+00 -1.01090e-03  1.00016e+00  1.00006e+00
 6.44000e+01  1.00010e+00 -1.01595e-03  1.50024e+00 -1.01586e-03  1.00016e+00  1.00006e+00
 6.45000e+01  1.00009e+00 -1.02087e-03  1.50024e+00 -1.02077e-03  1.00016e+00  1.00006e+00
 6.46000e+01  1.00009e+00 -1.02575e-03  1.50023e+00 -1.02565e-03  1.00015e+00  1.00006e+00
 6.47000e+01  1.00009e+00 -1.03058e-03  1.50023e+00 -1.03049e-03  1.00015e+00  1.00006e+00
 6.48000e+01  1.00009e+00 -1.03537e-03  1.50023e+00 -1.03528e-03  1.00015e+00  1.00006e+00
 6.49000e+01  1.00009e+00 -1.04012e-03  1.50023e+00 -1.04003e-03  1.00015e+00  1.00006e+00
 6.50000e+01  1.00009e+00 -1.04483e-03  1.50022e+00 -1.04474e-03  1.00015e+00  1.00006e+00
 6.51000e+01  1.00009e+00 -1.04950e-03  1.50022e+00 -1.04940e-03  1.00015e+00  1.00006e+00
 6.52000e+01  1.00009e+00 -1.05412e-03  1.50022e+00 -1.05403e-03  1.00014e+00  1.00006e+00
 6.53000e+01  1.00009e+00 -1.05870e-03  1.50021e+00 -1.05861e-03  1.00014e+00  1.00006e+00
 6.54000e+01  1.00008e+00 -1.06324e-03  1.50021e+00 -1.06315e-03  1.00014e+00  1.00006e+00
 6.55000e+01  1.00008e+00 -1.06773e-03  1.50021e+00 -1.06764e-03  1.00014e+00  1.00006e+00
 6.56000e+01  1.00008e+00 -1.07218e-03  1.50021e+00 -1.07209e-03  1.00014e+00  1.00005e+00
 6.57000e+01  1.00008e+00 -1.07659e-03  1.50020e+00 -1.07650e-03  1.00014e+00  1.00005e+00
 6.58000e+01  1.00008e+00 -1.08095e-03  1.50020e+00 -1.08086e-03  1.00013e+00  1.00005e+00
 6.59000e+01  1.00008e+00 -1.08527e-03  1.50020e+00 -1.08519e-03  1.00013e+00  1.00005e+00
 6.60000e+01  1.00008e+00 -1.08955e-03  1.50020e+00 -1.08946e-03  1.00013e+00  1.00005e+00
 6.61000e+01  1.00008e+00 -1.09378e-03  1.50019e+00 -1.09369e-03  1.00013e+00  1.00005e+00
 6.62000e+01  1.00008e+00 -1.09797e-03  1.50019e+00 -1.09788e-03  1.00013e+00  1.00005e+00
 6.63000e+01  1.00008e+00 -1.10211e-03  1.50019e+00 -1.10203e-03  1.00012e+00  1.00005e+00
 6.64000e+01  1.00007e+00 -1.10621e-03  1.50019e+00 -1.10612e-03  1.00012e+00  1.00005e+00
 6.65000e+01  1.00007e+00 -1.11026e-03  1.50018e+00 -1.11018e-03  1.00012e+00  1.00005e+00
 6.66000e+01  1.00007e+00 -1.11427e-03  1.50018e+00 -1.11419e-03  1.00012e+00  1.00005e+00
 6.67000e+01  1.00007e+00 -1.11823e-03  1.50018e+00 -1.11815e-03  1.00012e+00  1.00005e+00
 6.68000e+01  1.00007e+00 -1.12215e-03  1.50017e+00 -1.12207e-03  1.00012e+00  1.00005e+00
 6.69000e+01  1.00007e+00 -1.12602e-03  1.50017e+00 -1.12594e-03  1.00011e+00  1.00005e+00
 6.70000e+01  1.00007e+00 -1.12985e-03  1.50017e+00 -1.12977e-03  1.00011e+00  1.00004e+00
 6.71000e+01  1.00007e+00 -1.13363e-03  1.50017e+00 -1.13355e-03  1.00011e+00  1.00004e+00
 6.72000e+01  1.00007e+00 -1.13736e-03  1.50016e+00 -1.13729e-03  1.00011e+00  1.00004e+00
 6.73000e+01  1.00006e+00 -1.14105e-03  1.50016e+00 -1.14098e-03  1.00011e+00  1.00004e+00
 6.74000e+01  1.00006e+00 -1.14470e-03  1.50016e+00 -1.14462e-03  1.00011e+00  1.00004e+00
 6.75000e+01  1.00006e+00 -1.14829e-03  1.50016e+00 -1.14822e-03  1.00010e+00  1.00004e+00
 6.76000e+01  1.00006e+00 -1.15184e-03  1.50015e+00 -1.15177e-03  1.00010e+00  1.00004e+00
 6.77000e+01  1.00006e+00 -1.15535e-03  1.50015e+00 -1.15528e-03  1.00010e+00  1.00004e+00
 6.78000e+01  1.00006e+00 -1.15881e-03  1.50015e+00 -1.15874e-03  1.00010e+00  1.00004e+00
 6.79000e+01  1.00006e+00 -1.16222e-03  1.50014e+00 -1.16215e-03  1.00010e+00  1.00004e+00
 6.80000e+01  1.00006e+00 -1.16558e-03  1.50014e+00 -1.16551e-03  1.00009e+00  1.00004e+00
 6.81000e+01  1.00006e+00 -1.16890e-03  1.50014e+00 -1.16883e-03  1.00009e+00  1.00004e+00
 6.82000e+01  1.00005e+00 -1.17217e-03  1.50014e+00 -1.17210e-03  1.00009e+00  1.00004e+00
 6.83000e+01  1.00005e+00 -1.17539e-03  1.50013e+00 -1.17533e-03  1.00009e+00  1.00004e+00
 6.84000e+01  1.00005e+00 -1.17856e-03  1.50013e+00 -1.17850e-03  1.00009e+00  1.00003e+00
 6.85000e+01  1.00005e+00 -1.18169e-03  1.50013e+00 -1.18163e-03  1.00009e+00  1.00003e+00
 6.86000e+01  1.00005e+00 -1.18477e-03  1.50012e+00 -1.18471e-03  1.00008e+00  1.00003e+00
 6.87000e+01  1.00005e+00 -1.18780e-03  1.50012e+00 -1.18774e-03  1.00008e+00  1.00003e+00
 6.88000e+01  1.00005e+00 -1.19079e-03  1.50012e+00 -1.19073e-03  1.00008e+00  1.00003e+00
 6.89000e+01  1.00005e+00 -1.19372e-03  1.50012e+00 -1.19367e-03  1.00008e+00  1.00003e+00
 6.90000e+01  1.00005e+00 -1.19661e-03  1.50011e+00 -1.19656e-03  1.00008e+00  1.00003e+00
 6.91000e+01  1.00004e+00 -1.19945e-03  1.50011e+00 -1.19940e-03  1.00007e+00  1.00003e+00
 6.92000e+01  1.00004e+00 -1.20224e-03  1.50011e+00 -1.20219e-03  1.00007e+00  1.00003e+00
 6.93000e+01  1.00004e+00 -1.20498e-03  1.50011e+00 -1.20493e-03  1.00007e+00  1.00003e+00
 6.94000e+01  1.00004e+00 -1.20768e-03  1.50010e+00 -1.20763e-03  1.00007e+00  1.00003e+00
 6.95000e+01  1.00004e+00 -1.21033e-03  1.50010e+00 -1.21028e-03  1.00007e+00  1.00003e+00
 6.96000e+01  1.00004e+00 -1.21292e-03  1.50010e+00 -1.21288e-03  1.00006e+00  1.00003e+00
 6.97000e+01  1.00004e+00 -1.21547e-03  1.50009e+00 -1.21543e-03  1.00006e+00  1.00003e+00
 6.98000e+01  1.00004e+00 -1.21797e-03  1.50009e+00 -1.21793e-03  1.00006e+00  1.00002e+00
 6.99000e+01  1.00004e+00 -1.22042e-03  1.50009e+00 -1.22038e-03  1.00006e+00  1.00002e+00
 7.00000e+01  1.00003e+00 -1.22282e-03  1.50009e+00 -1.22278e-03  1.00006e+00  1.00002e+00
 7.01000e+01  1.00003e+00 -1.22518e-03  1.50008e+00 -1.22514e-03  1.00006e+00  1.00002e+00
 7.02000e+01  1.00003e+00 -1.22748e-03  1.50008e+00 -1.22744e-03  1.00005e+00  1.00002e+00
 7.03000e+01  1.00003e+00 -1.22974e-03  1.50008e+00 -1.22970e-03  1.00005e+00  1.00002e+00
 7.04000e+01  1.00003e+00 -1.23194e-03  1.50008e+00 -1.23190e-03  1.00005e+00  1.00002e+00
 7.05000e+01  1.00003e+00 -1.23410e-03  1.50007e+00 -1.23406e-03  1.00005e+00  1.00002e+00
 7.06000e+01  1.00003e+00 -1.23620e-03  1.50007e+00 -1.23617e-03  1.00005e+00  1.00002e+00
 7.07000e+01  1.00003e+00 -1.23826e-03  1.50007e+00 -1.23823e-03  1.00004e+00  1.00002e+00
 7.08000e+01  1.00003e+00 -1.24027e-03  1.50006e+00 -1.24023e-03  1.00004e+00  1.00002e+00
 7.09000e+01  1.00002e+00 -1.24222e-03  1.50006e+00 -1.24219e-03  1.00004e+00  1.00002e+00
 7.10000e+01  1.00002e+00 -1.24413e-03  1.50006e+00 -1.24410e-03  1.00004e+00  1.00002e+00
 7.11000e+01  1.00002e+00 -1.24599e-03  1.50006e+00 -1.24596e-03  1.00004e+00  1.00002e+00
 7.12000e+01  1.00002e+00 -1.24780e-03  1.50005e+00 -1.24777e-03  1.00004e+00  1.00001e+00
 7.13000e+01  1.00002e+00 -1.24955e-03  1.50005e+00 -1.24953e-03  1.00003e+00  1.00001e+00
 7.14000e+01  1.00002e+00 -1.25126e-03  1.50005e+00 -1.25124e-03  1.00003e+00  1.00001e+00
 7.15000e+01  1.00002e+00 -1.25292e-03  1.50005e+00 -1.25290e-03  1.00003e+00  1.00001e+00
 7.16000e+01  1.00002e+00 -1.25453e-03  1.50004e+00 -1.25451e-03  1.00003e+00  1.00001e+00
 7.17000e+01  1.00002e+00 -1.25609e-03  1.50004e+00 -1.25607e-03  1.00003e+00  1.00001e+00
 7.18000e+01  1.00001e+00 -1.25759e-03  1.50004e+00 -1.25757e-03  1.00002e+00  1.00001e+00
 7.19000e+01  1.00001e+00 -1.25905e-03  1.50003e+00 -1.25903e-03  1.00002e+00  1.00001e+00
 7.20000e+01  1.00001e+00 -1.26046e-03  1.50003e+00 -1.26044e-03  1.00002e+00  1.00001e+00
 7.21000e+01  1.00001e+00 -1.26181e-03  1.50003e+00 -1.26180e-03  1.00002e+00  1.00001e+00
 7.22000e+01  1.00001e+00 -1.26312e-03  1.50003e+00 -1.26311e-03  1.00002e+00  1.00001e+00
 7.23000e+01  1.00001e+00 -1.26437e-03  1.50002e+00 -1.26436e-03  1.00002e+00  1.00001e+00
 7.24000e+01  1.00001e+00 -1.26558e-03  1.50002e+00 -1.26557e-03  1.00001e+00  1.00001e+00
 7.25000e+01  1.00001e+00 -1.26674e-03  1.50002e+00 -1.26673e-03  1.00001e+00  1.00001e+00
 7.26000e+01  1.00001e+00 -1.26784e-03  1.50002e+00 -1.26783e-03  1.00001e+00  1.00000e+00
 7.27000e+01  1.00001e+00 -1.26889e-03  1.50001e+00 -1.26889e-03  1.00001e+00  1.00000e+00
 7.28000e+01  1.00000e+00 -1.26990e-03  1.50001e+00 -1.26989e-03  1.00001e+00  1.00000e+00
 7.29000e+01  1.00000e+00 -1.27085e-03  1.50001e+00 -1.27085e-03  1.00001e+00  1.00000e+00
 7.30000e+01  1.00000e+00 -1.27175e-03  1.50000e+00 -1.27175e-03  1.00000e+00  1.00000e+00
 7.31000e+01  1.00000e+00 -1.27260e-03  1.50000e+00 -1.27260e-03  1.00000e+00  1.00000e+00
 7.32000e+01  1.00000e+00 -1.27340e-03  1.50000e+00 -1.27340e-03  1.00000e+00  1.00000e+00
 7.33000e+01  9.99999e-01 -1.27415e-03  1.50000e+00 -1.27415e-03  9.99998e-01  9.99999e-01
 7.34000e+01  9.99998e-01 -1.27485e-03  1.49999e+00 -1.27486e-03  9.99996e-01  9.99999e-01
 7.35000e+01  9.99997e-01 -1.27550e-03  1.49999e+00 -1.27551e-03  9.99995e-01  9.99998e-01
 7.36000e+01  9.99996e-01 -1.27610e-03  1.49999e+00 -1.27610e-03  9.99993e-01  9.99997e-01
 7.37000e+01  9.99994e-01 -1.27665e-03  1.49999e+00 -1.27665e-03  9.99991e-01  9.99997e-01
 7.38000e+01  9.99993e-01 -1.27714e-03  1.49998e+00 -1.27715e-03  9.99989e-01  9.99996e-01
 7.39000e+01  9.99992e-01 -1.27759e-03  1.49998e+00 -1.27760e-03  9.99988e-01  9.99995e-01
 7.40000e+01  9.99991e-01 -1.27798e-03  1.49998e+00 -1.27800e-03  9.99986e-01  9.99995e-01
 7.41000e+01  9.99990e-01 -1.27833e-03  1.49998e+00 -1.27834e-03  9.99984e-01  9.99994e-01
 7.42000e+01  9.99989e-01 -1.27862e-03  1.49997e+00 -1.27864e-03  9.99983e-01  9.99993e-01
 7.43000e+01  9.99988e-01 -1.27887e-03  1.49997e+00 -1.27888e-03  9.99981e-01  9.99993e-01
 7.44000e+01  9.99987e-01 -1.27906e-03  1.49997e+00 -1.27907e-03  9.99979e-01  9.99992e-01
 7.45000e+01  9.99986e-01 -1.27920e-03  1.49997e+00 -1.27922e-03  9.99977e-01  9.99991e-01
 7.46000e+01  9.99985e-01 -1.27929e-03  1.49996e+00 -1.27931e-03  9.99976e-01  9.99991e-01
 7.47000e+01  9.99984e-01 -1.27933e-03  1.49996e+00 -1.27935e-03  9.99974e-01  9.99990e-01
 7.48000e+01  9.99983e-01 -1.27932e-03  1.49996e+00 -1.27934e-03  9.99972e-01  9.99989e-01
 7.49000e+01  9.99982e-01 -1.27926e-03  1.49996e+00 -1.27928e-03  9.99971e-01  9.99989e-01
 7.50000e+01  9.99981e-01 -1.27915e-03  1.49995e+00 -1.27917e-03  9.99969e-01  9.99988e-01
 7.51000e+01  9.99980e-01 -1.27898e-03  1.49995e+00 -1.27901e-03  9.99967e-01  9.99987e-01
 7.52000e+01  9.99979e-01 -1.27877e-03  1.49995e+00 -1.27880e-03  9.99966e-01  9.99987e-01
 7.53000e+01  9.99978e-01 -1.27851e-03  1.49995e+00 -1.27854e-03  9.99964e-01  9.99986e-01
 7.54000e+01  9.99977e-01 -1.27819e-03  1.49994e+00 -1.27822e-03  9.99962e-01  9.99985e-01
 7.55000e+01  9.99976e-01 -1.27783e-03  1.49994e+00 -1.27786e-03  9.99961e-01  9.99985e-01
 7.56000e+01  9.99975e-01 -1.27741e-03  1.49994e+00 -1.27745e-03  9.99959e-01  9.99984e-01
 7.57000e+01  9.99974e-01 -1.27695e-03  1.49994e+00 -1.27698e-03  9.99957e-01  9.99983e-01
 7.58000e+01  9.99973e-01 -1.27643e-03  1.49993e+00 -1.27647e-03  9.99956e-01  9.99983e-01
 7.59000e+01  9.99972e-01 -1.27587e-03  1.49993e+00 -1.27590e-03  9.99954e-01  9.99982e-01
 7.60000e+01  9.99971e-01 -1.27525e-03  1.49993e+00 -1.27529e-03  9.99952e-01  9.99981e-01
 7.61000e+01  9.99970e-01 -1.27458e-03  1.49993e+00 -1.27462e-03  9.99951e-01  9.99981e-01
 7.62000e+01  9.99969e-01 -1.27387e-03  1.49992e+00 -1.27390e-03  9.99949e-01  9.99980e-01
 7.63000e+01  9.99968e-01 -1.27310e-03  1.49992e+00 -1.27314e-03  9.99948e-01  9.99979e-01
 7.64000e+01  9.99967e-01 -1.27228e-03  1.49992e+00 -1.27232e-03  9.99946e-01  9.99979e-01
 7.65000e+01  9.99966e-01 -1.27141e-03  1.49992e+00 -1.27146e-03  9.99944e-01  9.99978e-01
 7.66000e+01  9.99965e-01 -1.27050e-03  1.49991e+00 -1.27054e-03  9.99943e-01  9.99977e-01
 7.67000e+01  9.99964e-01 -1.26953e-03  1.49991e+00 -1.26957e-03  9.99941e-01  9.99977e-01
 7.68000e+01  9.99963e-01 -1.26851e-03  1.49991e+00 -1.26856e-03  9.99940e-01  9.99976e-01
 7.69000e+01  9.99962e-01 -1.26744e-03  1.49991e+00 -1.26749e-03  9.99938e-01  9.99976e-01
 7.70000e+01  9.99961e-01 -1.26632e-03  1.49990e+00 -1.26637e-03  9.99936e-01  9.99975e-01
 7.71000e+01  9.99961e-01 -1.26516e-03  1.49990e+00 -1.26521e-03  9.99935e-01  9.99974e-01
 7.72000e+01  9.99960e-01 -1.26394e-03  1.49990e+00 -1.26399e-03  9.99933e-01  9.99974e-01
 7.73000e+01  9.99959e-01 -1.26267e-03  1.49990e+00 -1.26273e-03  9.99932e-01  9.99973e-01
 7.74000e+01  9.99958e-01 -1.26136e-03  1.49989e+00 -1.26141e-03  9.99930e-01  9.99972e-01
 7.75000e+01  9.99957e-01 -1.25999e-03  1.49989e+00 -1.26005e-03  9.99929e-01  9.99972e-01
 7.76000e+01  9.99956e-01 -1.25858e-03  1.49989e+00 -1.25863e-03  9.99927e-01  9.99971e-01
 7.77000e+01  9.99955e-01 -1.25711e-03  1.49989e+00 -1.25717e-03  9.99926e-01  9.99971e-01
 7.78000e+01  9.99954e-01 -1.25560e-03  1.49989e+00 -1.25566e-03  9.99924e-01  9.99970e-01
 7.79000e+01  9.99953e-01 -1.25404e-03  1.49988e+00 -1.25410e-03  9.99922e-01  9.99969e-01
 7.80000e+01  9.99952e-01 -1.25242e-03  1.49988e+00 -1.25248e-03  9.99921e-01  9.99969e-01
 7.81000e+01  9.99951e-01 -1.25076e-03  1.49988e+00 -1.25082e-03  9.99919e-01  9.99968e-01
 7.82000e+01  9.99950e-01 -1.24905e-03  1.49988e+00 -1.24912e-03  9.99918e-01  9.99968e-01
 7.83000e+01  9.99949e-01 -1.24729e-03  1.49987e+00 -1.24736e-03  9.99916e-01  9.99967e-01
 7.84000e+01  9.99949e-01 -1.24549e-03  1.49987e+00 -1.24555e-03  9.99915e-01  9.99966e-01
 7.85000e+01  9.99948e-01 -1.24363e-03  1.49987e+00 -1.24370e-03  9.99913e-01  9.99966e-01
 7.86000e+01  9.99947e-01 -1.24172e-03  1.49987e+00 -1.24179e-03  9.99912e-01  9.99965e-01
 7.87000e+01  9.99946e-01 -1.23977e-03  1.49986e+00 -1.23984e-03  9.99911e-01  9.99965e-01
 7.88000e+01  9.99945e-01 -1.23777e-03  1.49986e+00 -1.23784e-03  9.99909e-01  9.99964e-01
 7.89000e+01  9.99944e-01 -1.23572e-03  1.49986e+00 -1.23579e-03  9.99908e-01  9.99963e-01
 7.90000e+01  9.99943e-01 -1.23362e-03  1.49986e+00 -1.23369e-03  9.99906e-01  9.99963e-01
 7.91000e+01  9.99942e-01 -1.23147e-03  1.49986e+00 -1.23154e-03  9.99905e-01  9.99962e-01
 7.92000e+01  9.99942e-01 -1.22928e-03  1.49985e+00 -1.22935e-03  9.99903e-01  9.99962e-01
 7.93000e+01  9.99941e-01 -1.22703e-03  1.49985e+00 -1.22711e-03  9.99902e-01  9.99961e-01
 7.94000e+01  9.99940e-01 -1.22474e-03  1.49985e+00 -1.22482e-03  9.99900e-01  9.99961e-01
 7.95000e+01  9.99939e-01 -1.22241e-03  1.49985e+00 -1.22248e-03  9.99899e-01  9.99960e-01
 7.96000e+01  9.99938e-01 -1.22002e-03  1.49985e+00 -1.22009e-03  9.99898e-01  9.99959e-01
 7.97000e+01  9.99937e-01 -1.21759e-03  1.49984e+00 -1.21766e-03  9.99896e-01  9.99959e-01
 7.98000e+01  9.99937e-01 -1.21510e-03  1.49984e+00 -1.21518e-03  9.99895e-01  9.99958e-01
 7.99000e+01  9.99936e-01 -1.21258e-03  1.49984e+00 -1.21265e-03  9.99894e-01  9.99958e-01
 8.00000e+01  9.99935e-01 -1.21000e-03  1.49984e+00 -1.21008e-03  9.99892e-01  9.99957e-01
 8.01000e+01  9.99934e-01 -1.20738e-03  1.49984e+00 -1.20746e-03  9.99891e-01  9.99957e-01
 8.02000e+01  9.99933e-01 -1.20471e-03  1.49983e+00 -1.20479e-03  9.99889e-01  9.99956e-01
 8.03000e+01  9.99932e-01 -1.20199e-03  1.49983e+00 -1.20207e-03  9.99888e-01  9.99956e-01
 8.04000e+01  9.99932e-01 -1.19923e-03  1.49983e+00 -1.19931e-03  9.99887e-01  9.99955e-01
 8.05000e+01  9.99931e-01 -1.19642e-03  1.49983e+00 -1.19650e-03  9.99885e-01  9.99955e-01
 8.06000e+01  9.99930e-01 -1.19356e-03  1.49982e+00 -1.19365e-03  9.99884e-01  9.99954e-01
 8.07000e+01  9.99929e-01 -1.19066e-03  1.49982e+00 -1.19074e-03  9.99883e-01  9.99954e-01
 8.08000e+01  9.99928e-01 -1.18771e-03  1.49982e+00 -1.18780e-03  9.99881e-01  9.99953e-01
 8.09000e+01  9.99928e-01 -1.18472e-03  1.49982e+00 -1.18480e-03  9.99880e-01  9.99952e-01
 8.10000e+01  9.99927e-01 -1.18168e-03  1.49982e+00 -1.18176e-03  9.99879e-01  9.99952e-01
 8.11000e+01  9.99926e-01 -1.17859e-03  1.49982e+00 -1.17868e-03  9.99878e-01  9.99951e-01
 8.12000e+01  9.99925e-01 -1.17546e-03  1.49981e+00 -1.17554e-03  9.99876e-01  9.99951e-01
 8.13000e+01  9.99925e-01 -1.17228e-03  1.49981e+00 -1.17237e-03  9.99875e-01  9.99950e-01
 8.14000e+01  9.99924e-01 -1.16905e-03  1.49981e+00 -1.16914e-03  9.99874e-01  9.99950e-01
 8.15000e+01  9.99923e-01 -1.16579e-03  1.49981e+00 -1.16588e-03  9.99872e-01  9.99949e-01
 8.16000e+01  9.99922e-01 -1.16247e-03  1.49981e+00 -1.16256e-03  9.99871e-01  9.99949e-01
 8.17000e+01  9.99921e-01 -1.15911e-03  1.49980e+00 -1.15921e-03  9.99870e-01  9.99948e-01
 8.18000e+01  9.99921e-01 -1.15571e-03  1.49980e+00 -1.15580e-03  9.99869e-01  9.99948e-01
 8.19000e+01  9.99920e-01 -1.15226e-03  1.49980e+00 -1.15235e-03  9.99867e-01  9.99947e-01
 8.20000e+01  9.99919e-01 -1.14877e-03  1.49980e+00 -1.14886e-03  9.99866e-01  9.99947e-01
 8.21000e+01  9.99919e-01 -1.14523e-03  1.49980e+00 -1.14533e-03  9.99865e-01  9.99946e-01
 8.22000e+01  9.99918e-01 -1.14165e-03  1.49979e+00 -1.14175e-03  9.99864e-01  9.99946e-01
 8.23000e+01  9.99917e-01 -1.13803e-03  1.49979e+00 -1.13812e-03  9.99863e-01  9.99945e-01
 8.24000e+01  9.99916e-01 -1.13436e-03  1.49979e+00 -1.13445e-03  9.99861e-01  9.99945e-01
 8.25000e+01  9.99916e-01 -1.13064e-03  1.49979e+00 -1.13074e-03  9.99860e-01  9.99945e-01
 8.26000e+01  9.99915e-01 -1.12689e-03  1.49979e+00 -1.12698e-03  9.99859e-01  9.99944e-01
 8.27000e+01  9.99914e-01 -1.12309e-03  1.49979e+00 -1.12318e-03  9.99858e-01  9.99944e-01
 8.28000e+01  9.99914e-01 -1.11924e-03  1.49978e+00 -1.11934e-03  9.99857e-01  9.99943e-01
 8.29000e+01  9.99913e-01 -1.11536e-03  1.49978e+00 -1.11545e-03  9.99856e-01  9.99943e-01
 8.30000e+01  9.99912e-01 -1.11143e-03  1.49978e+00 -1.11153e-03  9.99854e-01  9.99942e-01
 8.31000e+01  9.99911e-01 -1.10746e-03  1.49978e+00 -1.10755e-03  9.99853e-01  9.99942e-01
 8.32000e+01  9.99911e-01 -1.10344e-03  1.49978e+00 -1.10354e-03  9.99852e-01  9.99941e-01
 8.33000e+01  9.99910e-01 -1.09938e-03  1.49978e+00 -1.09948e-03  9.99851e-01  9.99941e-01
 8.34000e+01  9.99909e-01 -1.09528e-03  1.49977e+00 -1.09538e-03  9.99850e-01  9.99940e-01
 8.35000e+01  9.99909e-01 -1.09114e-03  1.49977e+00 -1.09124e-03  9.99849e-01  9.99940e-01
 8.36000e+01  9.99908e-01 -1.08696e-03  1.49977e+00 -1.08706e-03  9.99848e-01  9.99940e-01
 8.37000e+01  9.99907e-01 -1.08273e-03  1.49977e+00 -1.08283e-03  9.99847e-01  9.99939e-01
 8.38000e+01  9.99907e-01 -1.07847e-03  1.49977e+00 -1.07857e-03  9.99845e-01  9.99939e-01
 8.39000e+01  9.99906e-01 -1.07416e-03  1.49977e+00 -1.07426e-03  9.99844e-01  9.99938e-01
 8.40000e+01  9.99906e-01 -1.06981e-03  1.49976e+00 -1.06991e-03  9.99843e-01  9.99938e-01
 8.41000e+01  9.99905e-01 -1.06542e-03  1.49976e+00 -1.06552e-03  9.99842e-01  9.99937e-01
 8.42000e+01  9.99904e-01 -1.06099e-03  1.49976e+00 -1.06109e-03  9.99841e-01  9.99937e-01
 8.43000e+01  9.99904e-01 -1.05651e-03  1.49976e+00 -1.05661e-03  9.99840e-01  9.99937e-01
 8.44000e+01  9.99903e-01 -1.05200e-03  1.49976e+00 -1.05210e-03  9.99839e-01  9.99936e-01
 8.45000e+01  9.99902e-01 -1.04745e-03  1.49976e+00 -1.04755e-03  9.99838e-01  9.99936e-01
 8.46000e+01  9.99902e-01 -1.04285e-03  1.49975e+00 -1.04296e-03  9.99837e-01  9.99935e-01
 8.47000e+01  9.99901e-01 -1.03822e-03  1.49975e+00 -1.03832e-03  9.99836e-01  9.99935e-01
 8.48000e+01  9.99901e-01 -1.03355e-03  1.49975e+00 -1.03365e-03  9.99835e-01  9.99934e-01
 8.49000e+01  9.99900e-01 -1.02884e-03  1.49975e+00 -1.02894e-03  9.99834e-01  9.99934e-01
 8.50000e+01  9.99899e-01 -1.02408e-03  1.49975e+00 -1.02419e-03  9.99833e-01  9.99934e-01
 8.51000e+01  9.99899e-01 -1.01929e-03  1.49975e+00 -1.01940e-03  9.99832e-01  9.99933e-01
 8.52000e+01  9.99898e-01 -1.01446e-03  1.49975e+00 -1.01457e-03  9.99831e-01  9.99933e-01
 8.53000e+01  9.99898e-01 -1.00959e-03  1.49974e+00 -1.00970e-03  9.99830e-01  9.99932e-01
 8.54000e+01  9.99897e-01 -1.00469e-03  1.49974e+00 -1.00479e-03  9.99829e-01  9.99932e-01
 8.55000e+01  9.99896e-01 -9.99741e-04  1.49974e+00 -9.99844e-04  9.99828e-01  9.99932e-01
 8.56000e+01  9.99896e-01 -9.94757e-04  1.49974e+00 -9.94860e-04  9.99827e-01  9.99931e-01
 8.57000e+01  9.99895e-01 -9.89735e-04  1.49974e+00 -9.89839e-04  9.99826e-01  9.99931e-01
 8.58000e+01  9.99895e-01 -9.84675e-04  1.49974e+00 -9.84779e-04  9.99825e-01  9.99931e-01
 8.59000e+01  9.99894e-01 -9.79578e-04  1.49974e+00 -9.79682e-04  9.99824e-01  9.99930e-01
 8.60000e+01  9.99894e-01 -9.74444e-04  1.49973e+00 -9.74547e-04  9.99823e-01  9.99930e-01
 8.61000e+01  9.99893e-01 -9.69272e-04  1.49973e+00 -9.69376e-04  9.99823e-01  9.99929e-01
 8.62000e+01  9.99893e-01 -9.64064e-04  1.49973e+00 -9.64167e-04  9.99822e-01  9.99929e-01
 8.63000e+01  9.99892e-01 -9.58818e-04  1.49973e+00 -9.58922e-04  9.99821e-01  9.99929e-01
 8.64000e+01  9.99891e-01 -9.53536e-04  1.49973e+00 -9.53640e-04  9.99820e-01  9.99928e-01
 8.65000e+01  9.99891e-01 -9.48218e-04  1.49973e+00 -9.48322e-04  9.99819e-01  9.99928e-01
 8.66000e+01  9.99890e-01 -9.42864e-04  1.49973e+00 -9.42967e-04  9.99818e-01  9.99928e-01
 8.67000e+01  9.99890e-01 -9.37474e-04  1.49972e+00 -9.37577e-04  9.99817e-01  9.99927e-01
 8.68000e+01  9.99889e-01 -9.32048e-04  1.49972e+00 -9.32151e-04  9.99816e-01  9.99927e-01
 8.69000e+01  9.99889e-01 -9.26587e-04  1.49972e+00 -9.26690e-04  9.99816e-01  9.99927e-01
 8.70000e+01  9.99888e-01 -9.21091e-04  1.49972e+00 -9.21193e-04  9.99815e-01  9.99926e-01
 8.71000e+01  9.99888e-01 -9.15559e-04  1.49972e+00 -9.15662e-04  9.99814e-01  9.99926e-01
 8.72000e+01  9.99887e-01 -9.09993e-04  1.49972e+00 -9.10095e-04  9.99813e-01  9.99926e-01
 8.73000e+01  9.99887e-01 -9.04392e-04  1.49972e+00 -9.04495e-04  9.99812e-01  9.99925e-01
 8.74000e+01  9.99886e-01 -8.98757e-04  1.49972e+00 -8.98859e-04  9.99811e-01  9.99925e-01
 8.75000e+01  9.99886e-01 -8.93088e-04  1.49971e+00 -8.93190e-04  9.99811e-01  9.99925e-01
 8.76000e+01  9.99885e-01 -8.87385e-04  1.49971e+00 -8.87486e-04  9.99810e-01  9.99924e-01
 8.77000e+01  9.99885e-01 -8.81648e-04  1.49971e+00 -8.81749e-04  9.99809e-01  9.99924e-01
 8.78000e+01  9.99884e-01 -8.75878e-04  1.49971e+00 -8.75979e-04  9.99808e-01  9.99924e-01
 8.79000e+01  9.99884e-01 -8.70074e-04  1.49971e+00 -8.70175e-04  9.99807e-01  9.99923e-01
 8.80000e+01  9.99884e-01 -8.64238e-04  1.49971e+00 -8.64339e-04  9.99807e-01  9.99923e-01
 8.81000e+01  9.99883e-01 -8.58369e-04  1.49971e+00 -8.58469e-04  9.99806e-01  9.99923e-01
 8.82000e+01  9.99883e-01 -8.52467e-04  1.49971e+00 -8.52567e-04  9.99805e-01  9.99922e-01
 8.83000e+01  9.99882e-01 -8.46533e-04  1.49971e+00 -8.46633e-04  9.99804e-01  9.99922e-01
 8.84000e+01  9.99882e-01 -8.40567e-04  1.49970e+00 -8.40667e-04  9.99804e-01  9.99922e-01
 8.85000e+01  9.99881e-01 -8.34570e-04  1.49970e+00 -8.34669e-04  9.99803e-01  9.99922e-01
 8.86000e+01  9.99881e-01 -8.28540e-04  1.49970e+00 -8.28639e-04  9.99802e-01  9.99921e-01
 8.87000e+01  9.99880e-01 -8.22480e-04  1.49970e+00 -8.22578e-04  9.99802e-01  9.99921e-01
 8.88000e+01  9.99880e-01 -8.16388e-04  1.49970e+00 -8.16486e-04  9.99801e-01  9.99921e-01
 8.89000e+01  9.99880e-01 -8.10265e-04  1.49970e+00 -8.10363e-04  9.99800e-01  9.99920e-01
 8.90000e+01  9.99879e-01 -8.04112e-04  1.49970e+00 -8.04209e-04  9.99799e-01  9.99920e-01
 8.91000e+01  9.99879e-01 -7.97928e-04  1.49970e+00 -7.98025e-04  9.99799e-01  9.99920e-01
 8.92000e+01  9.99878e-01 -7.91715e-04  1.49970e+00 -7.91811e-04  9.99798e-01  9.99920e-01
 8.93000e+01  9.99878e-01 -7.85471e-04  1.49969e+00 -7.85567e-04  9.99797e-01  9.99919e-01
 8.94000e+01  9.99878e-01 -7.79198e-04  1.49969e+00 -7.79293e-04  9.99797e-01  9.99919e-01
 8.95000e+01  9.99877e-01 -7.72895e-04  1.49969e+00 -7.72990e-04  9.99796e-01  9.99919e-01
 8.96000e+01  9.99877e-01 -7.66563e-04  1.49969e+00 -7.66658e-04  9.99795e-01  9.99919e-01
 8.97000e+01  9.99876e-01 -7.60202e-04  1.49969e+00 -7.60296e-04  9.99795e-01  9.99918e-01
 8.98000e+01  9.99876e-01 -7.53813e-04  1.49969e+00 -7.53906e-04  9.99794e-01  9.99918e-01
 8.99000e+01  9.99876e-01 -7.47395e-04  1.49969e+00 -7.47488e-04  9.99793e-01  9.99918e-01
 9.00000e+01  9.99875e-01 -7.40949e-04  1.49969e+00 -7.41041e-04  9.99793e-01  9.99918e-01
 9.01000e+01  9.99875e-01 -7.34475e-04  1.49969e+00 -7.34567e-04  9.99792e-01  9.99917e-01
 9.02000e+01  9.99875e-01 -7.27973e-04  1.49969e+00 -7.28065e-04  9.99792e-01  9.99917e-01
 9.03000e+01  9.99874e-01 -7.21444e-04  1.49969e+00 -7.21535e-04  9.99791e-01  9.99917e-01
 9.04000e+01  9.99874e-01 -7.14888e-04  1.49968e+00 -7.14978e-04  9.99790e-01  9.99917e-01
 9.05000e+01  9.99873e-01 -7.08305e-04  1.49968e+00 -7.08395e-04  9.99790e-01  9.99916e-01
 9.06000e+01  9.99873e-01 -7.01695e-04  1.49968e+00 -7.01784e-04  9.99789e-01  9.99916e-01
 9.07000e+01  9.99873e-01 -6.95059e-04  1.49968e+00 -6.95147e-04  9.99789e-01  9.99916e-01
 9.08000e+01  9.99872e-01 -6.88397e-04  1.49968e+00 -6.88485e-04  9.99788e-01  9.99916e-01
 9.09000e+01  9.99872e-01 -6.81709e-04  1.49968e+00 -6.81796e-04  9.99788e-01  9.99915e-01
 9.10000e+01  9.99872e-01 -6.74995e-04  1.49968e+00 -6.75081e-04  9.99787e-01  9.99915e-01
 9.11000e+01  9.99871e-01 -6.68256e-04  1.49968e+00 -6.68341e-04  9.99786e-01  9.99915e-01
 9.12000e+01  9.99871e-01 -6.61491e-04  1.49968e+00 -6.61577e-04  9.99786e-01  9.99915e-01
 9.13000e+01  9.99871e-01 -6.54702e-04  1.49968e+00 -6.54787e-04  9.99785e-01  9.99915e-01
 9.14000e+01  9.99870e-01 -6.47888e-04  1.49968e+00 -6.47972e-04  9.99785e-01  9.99914e-01
 9.15000e+01  9.99870e-01 -6.41050e-04  1.49968e+00 -6.41134e-04  9.99784e-01  9.99914e-01
 9.16000e+01  9.99870e-01 -6.34188e-04  1.49967e+00 -6.34271e-04  9.99784e-01  9.99914e-01
 9.17000e+01  9.99870e-01 -6.27302e-04  1.49967e+00 -6.27384e-04  9.99783e-01  9.99914e-01
 9.18000e+01  9.99869e-01 -6.20393e-04  1.49967e+00 -6.20474e-04  9.99783e-01  9.99914e-01
 9.19000e+01  9.99869e-01 -6.13460e-04  1.49967e+00 -6.13540e-04  9.99782e-01  9.99913e-01
 9.20000e+01  9.99869e-01 -6.06504e-04  1.49967e+00 -6.06584e-04  9.99782e-01  9.99913e-01
 9.21000e+01  9.99868e-01 -5.99526e-04  1.49967e+00 -5.99605e-04  9.99781e-01  9.99913e-01
 9.22000e+01  9.99868e-01 -5.92525e-04  1.49967e+00 -5.92603e-04  9.99781e-01  9.99913e-01
 9.23000e+01  9.99868e-01 -5.85502e-04  1.49967e+00 -5.85579e-04  9.99780e-01  9.99913e-01
 9.24000e+01  9.99868e-01 -5.78457e-04  1.49967e+00 -5.78533e-04  9.99780e-01  9.99912e-01
 9.25000e+01  9.99867e-01 -5.71390e-04  1.49967e+00 -5.71466e-04  9.99779e-01  9.99912e-01
 9.26000e+01  9.99867e-01 -5.64302e-04  1.49967e+00 -5.64377e-04  9.99779e-01  9.99912e-01
 9.27000e+01  9.99867e-01 -5.57192e-04  1.49967e+00 -5.57267e-04  9.99779e-01  9.99912e-01
 9.28000e+01  9.99867e-01 -5.50062e-04  1.49967e+00 -5.50136e-04  9.99778e-01  9.99912e-01
 9.29000e+01  9.99866e-01 -5.42911e-04  1.49967e+00 -5.42984e-04  9.99778e-01  9.99911e-01
 9.30000e+01  9.99866e-01 -5.35740e-04  1.49966e+00 -5.35812e-04  9.99777e-01  9.99911e-01
 9.31000e+01  9.99866e-01 -5.28549e-04  1.49966e+00 -5.28620e-04  9.99777e-01  9.99911e-01
 9.32000e+01  9.99866e-01 -5.21338e-04  1.49966e+00 -5.21408e-04  9.99776e-01  9.99911e-01
 9.33000e+01  9.99865e-01 -5.14108e-04  1.49966e+00 -5.14177e-04  9.99776e-01  9.99911e-01
 9.34000e+01  9.99865e-01 -5.06858e-04  1.49966e+00 -5.06926e-04  9.99776e-01  9.99911e-01
 9.35000e+01  9.99865e-01 -4.99589e-04  1.49966e+00 -4.99657e-04  9.99775e-01  9.99910e-01
 9.36000e+01  9.99865e-01 -4.92302e-04  1.49966e+00 -4.92369e-04  9.99775e-01  9.99910e-01
 9.37000e+01  9.99864e-01 -4.84996e-04  1.49966e+00 -4.85062e-04  9.99775e-01  9.99910e-01
 9.38000e+01  9.99864e-01 -4.77673e-04  1.49966e+00 -4.77738e-04  9.99774e-01  9.99910e-01
 9.39000e+01  9.99864e-01 -4.70331e-04  1.49966e+00 -4.70395e-04  9.99774e-01  9.99910e-01
 9.40000e+01  9.99864e-01 -4.62972e-04  1.49966e+00 -4.63035e-04  9.99773e-01  9.99910e-01
 9.41000e+01  9.99863e-01 -4.55595e-04  1.49966e+00 -4.55657e-04  9.99773e-01  9.99910e-01
 9.42000e+01  9.99863e-01 -4.48202e-04  1.49966e+00 -4.48263e-04  9.99773e-01  9.99909e-01
 9.43000e+01  9.99863e-01 -4.40791e-04  1.49966e+00 -4.40852e-04  9.99772e-01  9.99909e-01
 9.44000e+01  9.99863e-01 -4.33365e-04  1.49966e+00 -4.33424e-04  9.99772e-01  9.99909e-01
 9.45000e+01  9.99863e-01 -4.25922e-04  1.49966e+00 -4.25980e-04  9.99772e-01  9.99909e-01
 9.46000e+01  9.99862e-01 -4.18463e-04  1.49966e+00 -4.18521e-04  9.99771e-01  9.99909e-01
 9.47000e+01  9.99862e-01 -4.10989e-04  1.49966e+00 -4.11045e-04  9.99771e-01  9.99909e-01
 9.48000e+01  9.99862e-01 -4.03499e-04  1.49966e+00 -4.03554e-04  9.99771e-01  9.99909e-01
 9.49000e+01  9.99862e-01 -3.95994e-04  1.49965e+00 -3.96049e-04  9.99771e-01  9.99909e-01
 9.50000e+01  9.99862e-01 -3.88474e-04  1.49965e+00 -3.88528e-04  9.99770e-01  9.99908e-01
 9.51000e+01  9.99862e-01 -3.80940e-04  1.49965e+00 -3.80993e-04  9.99770e-01  9.99908e-01
 9.52000e+01  9.99861e-01 -3.73392e-04  1.49965e+00 -3.73444e-04  9.99770e-01  9.99908e-01
 9.53000e+01  9.99861e-01 -3.65830e-04  1.49965e+00 -3.65881e-04  9.99769e-01  9.99908e-01
 9.54000e+01  9.99861e-01 -3.58254e-04  1.49965e+00 -3.58304e-04  9.99769e-01  9.99908e-01
 9.55000e+01  9.99861e-01 -3.50665e-04  1.49965e+00 -3.50714e-04  9.99769e-01  9.99908e-01
 9.56000e+01  9.99861e-01 -3.43063e-04  1.49965e+00 -3.43110e-04  9.99769e-01  9.99908e-01
 9.57000e+01  9.99861e-01 -3.35448e-04  1.49965e+00 -3.35494e-04  9.99768e-01  9.99908e-01
 9.58000e+01  9.99860e-01 -3.27820e-04  1.49965e+00 -3.27866e-04  9.99768e-01  9.99908e-01
 9.59000e+01  9.99860e-01 -3.20180e-04  1.49965e+00 -3.20225e-04  9.99768e-01  9.99907e-01
 9.60000e+01  9.99860e-01 -3.12529e-04  1.49965e+00 -3.12572e-04  9.99768e-01  9.99907e-01
 9.61000e+01  9.99860e-01 -3.04865e-04  1.49965e+00 -3.04908e-04  9.99767e-01  9.99907e-01
 9.62000e+01  9.99860e-01 -2.97191e-04  1.49965e+00 -2.97232e-04  9.99767e-01  9.99907e-01
 9.63000e+01  9.99860e-01 -2.89505e-04  1.49965e+00 -2.89546e-04  9.99767e-01  9.99907e-01
 9.64000e+01  9.99860e-01 -2.81808e-04  1.49965e+00 -2.81848e-04  9.99767e-01  9.99907e-01
 9.65000e+01  9.99860e-01 -2.74101e-04  1.49965e+00 -2.74140e-04  9.99767e-01  9.99907e-01
 9.66000e+01  9.99859e-01 -2.66384e-04  1.49965e+00 -2.66422e-04  9.99766e-01  9.99907e-01
 9.67000e+01  9.99859e-01 -2.58657e-04  1.49965e+00 -2.58694e-04  9.99766e-01  9.99907e-01
 9.68000e+01  9.99859e-01 -2.50920e-04  1.49965e+00 -2.50956e-04  9.99766e-01  9.99907e-01
 9.69000e+01  9.99859e-01 -2.43174e-04  1.49965e+00 -2.43209e-04  9.99766e-01  9.99907e-01
 9.70000e+01  9.99859e-01 -2.35419e-04  1.49965e+00 -2.35452e-04  9.99766e-01  9.99907e-01
 9.71000e+01  9.99859e-01 -2.27655e-04  1.49965e+00 -2.27687e-04  9.99765e-01  9.99906e-01
 9.72000e+01  9.99859e-01 -2.19883e-04  1.49965e+00 -2.19914e-04  9.99765e-01  9.99906e-01
 9.73000e+01  9.99859e-01 -2.12102e-04  1.49965e+00 -2.12132e-04  9.99765e-01  9.99906e-01
 9.74000e+01  9.99859e-01 -2.04314e-04  1.49965e+00 -2.04343e-04  9.99765e-01  9.99906e-01
 9.75000e+01  9.99859e-01 -1.96518e-04  1.49965e+00 -1.96546e-04  9.99765e-01  9.99906e-01
 9.76000e+01  9.99858e-01 -1.88715e-04  1.49965e+00 -1.88741e-04  9.99765e-01  9.99906e-01
 9.77000e+01  9.99858e-01 -1.80904e-04  1.49965e+00 -1.80930e-04  9.99764e-01  9.99906e-01
 9.78000e+01  9.99858e-01 -1.73087e-04  1.49965e+00 -1.73112e-04  9.99764e-01  9.99906e-01
 9.79000e+01  9.99858e-01 -1.65264e-04  1.49965e+00 -1.65287e-04  9.99764e-01  9.99906e-01
 9.80000e+01  9.99858e-01 -1.57434e-04  1.49965e+00 -1.57456e-04  9.99764e-01  9.99906e-01
 9.81000e+01  9.99858e-01 -1.49598e-04  1.49965e+00 -1.49620e-04  9.99764e-01  9.99906e-01
 9.82000e+01  9.99858e-01 -1.41757e-04  1.49965e+00 -1.41777e-04  9.99764e-01  9.99906e-01
 9.83000e+01  9.99858e-01 -1.33911e-04  1.49964e+00 -1.33930e-04  9.99764e-01  9.99906e-01
 9.84000e+01  9.99858e-01 -1.26060e-04  1.49964e+00 -1.26078e-04  9.99764e-01  9.99906e-01
 9.85000e+01  9.99858e-01 -1.18204e-04  1.49964e+00 -1.18220e-04  9.99764e-01  9.99906e-01
 9.86000e+01  9.99858e-01 -1.10343e-04  1.49964e+00 -1.10359e-04  9.99764e-01  9.99906e-01
 9.87000e+01  9.99858e-01 -1.02479e-04  1.49964e+00 -1.02493e-04  9.99763e-01  9.99906e-01
 9.88000e+01  9.99858e-01 -9.46104e-05  1.49964e+00 -9.46238e-05  9.99763e-01  9.99906e-01
 9.89000e+01  9.99858e-01 -8.67385e-05  1.49964e+00 -8.67509e-05  9.99763e-01  9.99906e-01
 9.90000e+01  9.99858e-01 -7.88635e-05  1.49964e+00 -7.88747e-05  9.99763e-01  9.99906e-01
 9.91000e+01  9.99858e-01 -7.09855e-05  1.49964e+00 -7.09956e-05  9.99763e-01  9.99906e-01
 9.92000e+01  9.99858e-01 -6.31049e-05  1.49964e+00 -6.31138e-05  9.99763e-01  9.99906e-01
 9.93000e+01  9.99858e-01 -5.52219e-05  1.49964e+00 -5.52297e-05  9.99763e-01  9.99906e-01
 9.94000e+01  9.99858e-01 -4.73368e-05  1.49964e+00 -4.73436e-05  9.99763e-01  9.99906e-01
 9.95000e+01  9.99857e-01 -3.94501e-05  1.49964e+00 -3.94557e-05  9.99763e-01  9.99906e-01
 9.96000e+01  9.99857e-01 -3.15618e-05  1.49964e+00 -3.15663e-05  9.99763e-01  9.99906e-01
 9.97000e+01  9.99857e-01 -2.36724e-05  1.49964e+00 -2.36758e-05  9.99763e-01  9.99906e-01
 9.98000e+01  9.99857e-01 -1.57821e-05  1.49964e+00 -1.57843e-05  9.99763e-01  9.99906e-01
 9.99000e+01  9.99857e-01 -7.89119e-06  1.49964e+00 -7.89231e-06  9.99763e-01  9.99906e-01
