 0.00000e+00  5.04734e-01 -9.51594e-14  1.76408e+00 -1.88534e-13  2.46255e+00  2.66634e+00
 1.00000e-01  5.04733e-01 -4.09424e-05  1.76406e+00 -8.11169e-05  2.46244e+00  2.66624e+00
 2.00000e-01  5.04731e-01 -8.48473e-05  1.76398e+00 -1.68104e-04  2.46224e+00  2.66606e+00
 3.00000e-01  5.04727e-01 -1.25912e-04  1.76386e+00 -2.49467e-04  2.46211e+00  2.66597e+00
 4.00000e-01  5.04720e-01 -1.65894e-04  1.76369e+00 -3.28685e-04  2.46165e+00  2.66558e+00
 5.00000e-01  5.04711e-01 -2.02088e-04  1.76348e+00 -4.00404e-04  2.46138e+00  2.66540e+00
 6.00000e-01  5.04700e-01 -2.25390e-04  1.76323e+00 -4.46583e-04  2.46094e+00  2.66509e+00
 7.00000e-01  5.04685e-01 -2.51813e-04  1.76294e+00 -4.98951e-04  2.46040e+00  2.66469e+00
 8.00000e-01  5.04667e-01 -2.68058e-04  1.76263e+00 -5.31158e-04  2.46009e+00  2.66456e+00
 9.00000e-01  5.04648e-01 -2.75192e-04  1.76232e+00 -5.45316e-04  2.45940e+00  2.66408e+00
 1.00000e+00  5.04625e-01 -2.75091e-04  1.76200e+00 -5.45140e-04  2.45926e+00  2.66416e+00
 1.10000e+00  5.04603e-01 -2.69794e-04  1.76169e+00 -5.34667e-04  2.45876e+00  2.66388e+00
 1.20000e+00  5.04580e-01 -2.62039e-04  1.76142e+00 -5.19322e-04  2.45829e+00  2.66365e+00
 1.30000e+00  5.04557e-01 -2.39586e-04  1.76117e+00 -4.74844e-04  2.45817e+00  2.66375e+00
 1.40000e+00  5.04536e-01 -2.21753e-04  1.76098e+00 -4.39519e-04  2.45774e+00  2.66352e+00
 1.50000e+00  5.04518e-01 -1.98084e-04  1.76083e+00 -3.92620e-04  2.45756e+00  2.66353e+00
 1.60000e+00  5.04501e-01 -1.75043e-04  1.76073e+00 -3.46961e-04  2.45742e+00  2.66354e+00
 1.70000e+00  5.04488e-01 -1.54051e-04  1.76068e+00 -3.05361e-04  2.45749e+00  2.66374e+00
 1.80000e+00  5.04480e-01 -1.30454e-04  1.76067e+00 -2.58592e-04  2.45736e+00  2.66370e+00
 1.90000e+00  5.04475e-01 -1.09809e-04  1.76070e+00 -2.17670e-04  2.45738e+00  2.66377e+00
 2.00000e+00  5.04474e-01 -7.87627e-05  1.76076e+00 -1.56128e-04  2.45735e+00  2.66374e+00
 2.10000e+00  5.04477e-01 -4.88339e-05  1.76084e+00 -9.68010e-05  2.45741e+00  2.66377e+00
 2.20000e+00  5.04483e-01 -1.00205e-05  1.76092e+00 -1.98629e-05  2.45762e+00  2.66392e+00
 2.30000e+00  5.04492e-01  4.34268e-05  1.76101e+00  8.60804e-05  2.45765e+00  2.66387e+00
 2.40000e+00  5.04504e-01  1.08202e-04  1.76109e+00  2.14472e-04  2.45798e+00  2.66407e+00
 2.50000e+00  5.04519e-01  1.79058e-04  1.76118e+00  3.54909e-04  2.45782e+00  2.66377e+00
 2.60000e+00  5.04536e-01  2.55713e-04  1.76126e+00  5.06828e-04  2.45791e+00  2.66370e+00
 2.70000e+00  5.04553e-01  3.45016e-04  1.76132e+00  6.83806e-04  2.45775e+00  2.66338e+00
 2.80000e+00  5.04569e-01  4.42414e-04  1.76136e+00  8.76817e-04  2.45754e+00  2.66301e+00
 2.90000e+00  5.04581e-01  5.51983e-04  1.76136e+00  1.09394e-03  2.45765e+00  2.66300e+00
 3.00000e+00  5.04590e-01  6.70311e-04  1.76133e+00  1.32843e-03  2.45733e+00  2.66260e+00
 3.10000e+00  5.04594e-01  7.96336e-04  1.76127e+00  1.57817e-03  2.45731e+00  2.66254e+00
 3.20000e+00  5.04593e-01  9.28066e-04  1.76119e+00  1.83924e-03  2.45703e+00  2.66228e+00
 3.30000e+00  5.04586e-01  1.06687e-03  1.76107e+00  2.11435e-03  2.45679e+00  2.66211e+00
 3.40000e+00  5.04573e-01  1.21110e-03  1.76094e+00  2.40025e-03  2.45649e+00  2.66194e+00
 3.50000e+00  5.04553e-01  1.36827e-03  1.76079e+00  2.71184e-03  2.45612e+00  2.66177e+00
 3.60000e+00  5.04527e-01  1.53818e-03  1.76061e+00  3.04875e-03  2.45576e+00  2.66167e+00
 3.70000e+00  5.04494e-01  1.71543e-03  1.76042e+00  3.40030e-03  2.45530e+00  2.66154e+00
 3.80000e+00  5.04454e-01  1.90054e-03  1.76022e+00  3.76752e-03  2.45506e+00  2.66169e+00
 3.90000e+00  5.04409e-01  2.08518e-03  1.76001e+00  4.13391e-03  2.45454e+00  2.66162e+00
 4.00000e+00  5.04359e-01  2.27515e-03  1.75979e+00  4.51097e-03  2.45417e+00  2.66173e+00
 4.10000e+00  5.04306e-01  2.45632e-03  1.75958e+00  4.87071e-03  2.45363e+00  2.66171e+00
 4.20000e+00  5.04249e-01  2.64156e-03  1.75937e+00  5.23860e-03  2.45325e+00  2.66189e+00
 4.30000e+00  5.04190e-01  2.82985e-03  1.75915e+00  5.61266e-03  2.45297e+00  2.66218e+00
 4.40000e+00  5.04131e-01  3.00828e-03  1.75894e+00  5.96726e-03  2.45239e+00  2.66219e+00
 4.50000e+00  5.04072e-01  3.18993e-03  1.75874e+00  6.32831e-03  2.45203e+00  2.66240e+00
 4.60000e+00  5.04016e-01  3.36098e-03  1.75855e+00  6.66841e-03  2.45165e+00  2.66256e+00
 4.70000e+00  5.03962e-01  3.52376e-03  1.75838e+00  6.99211e-03  2.45134e+00  2.66278e+00
 4.80000e+00  5.03913e-01  3.67767e-03  1.75822e+00  7.29823e-03  2.45104e+00  2.66296e+00
 4.90000e+00  5.03869e-01  3.82445e-03  1.75810e+00  7.59017e-03  2.45076e+00  2.66310e+00
 5.00000e+00  5.03832e-01  3.95721e-03  1.75801e+00  7.85423e-03  2.45047e+00  2.66318e+00
 5.10000e+00  5.03801e-01  4.08045e-03  1.75796e+00  8.09932e-03  2.45036e+00  2.66337e+00
 5.20000e+00  5.03778e-01  4.19681e-03  1.75795e+00  8.33067e-03  2.45021e+00  2.66344e+00
 5.30000e+00  5.03762e-01  4.30639e-03  1.75797e+00  8.54846e-03  2.44999e+00  2.66338e+00
 5.40000e+00  5.03753e-01  4.42120e-03  1.75802e+00  8.77652e-03  2.45004e+00  2.66352e+00
 5.50000e+00  5.03750e-01  4.51702e-03  1.75812e+00  8.96679e-03  2.45015e+00  2.66365e+00
 5.60000e+00  5.03755e-01  4.61065e-03  1.75825e+00  9.15257e-03  2.45032e+00  2.66378e+00
 5.70000e+00  5.03765e-01  4.69383e-03  1.75842e+00  9.31749e-03  2.45042e+00  2.66378e+00
 5.80000e+00  5.03781e-01  4.76492e-03  1.75862e+00  9.45831e-03  2.45080e+00  2.66400e+00
 5.90000e+00  5.03803e-01  4.84014e-03  1.75884e+00  9.60721e-03  2.45113e+00  2.66411e+00
 6.00000e+00  5.03829e-01  4.90119e-03  1.75908e+00  9.72788e-03  2.45143e+00  2.66416e+00
 6.10000e+00  5.03859e-01  4.96961e-03  1.75931e+00  9.86308e-03  2.45179e+00  2.66421e+00
 6.20000e+00  5.03893e-01  5.03213e-03  1.75954e+00  9.98651e-03  2.45212e+00  2.66421e+00
 6.30000e+00  5.03929e-01  5.08761e-03  1.75976e+00  1.00959e-02  2.45256e+00  2.66431e+00
 6.40000e+00  5.03966e-01  5.14356e-03  1.75996e+00  1.02062e-02  2.45276e+00  2.66414e+00
 6.50000e+00  5.04004e-01  5.18649e-03  1.76014e+00  1.02906e-02  2.45307e+00  2.66408e+00
 6.60000e+00  5.04040e-01  5.22890e-03  1.76029e+00  1.03740e-02  2.45324e+00  2.66390e+00
 6.70000e+00  5.04075e-01  5.26245e-03  1.76041e+00  1.04398e-02  2.45344e+00  2.66375e+00
 6.80000e+00  5.04106e-01  5.28402e-03  1.76051e+00  1.04820e-02  2.45366e+00  2.66368e+00
 6.90000e+00  5.04133e-01  5.29711e-03  1.76060e+00  1.05074e-02  2.45389e+00  2.66363e+00
 7.00000e+00  5.04157e-01  5.29891e-03  1.76066e+00  1.05104e-02  2.45416e+00  2.66367e+00
 7.10000e+00  5.04177e-01  5.29397e-03  1.76071e+00  1.05002e-02  2.45423e+00  2.66355e+00
 7.20000e+00  5.04192e-01  5.27380e-03  1.76076e+00  1.04599e-02  2.45458e+00  2.66375e+00
 7.30000e+00  5.04204e-01  5.22832e-03  1.76083e+00  1.03695e-02  2.45478e+00  2.66383e+00
 7.40000e+00  5.04213e-01  5.17635e-03  1.76089e+00  1.02662e-02  2.45503e+00  2.66399e+00
 7.50000e+00  5.04220e-01  5.11494e-03  1.76095e+00  1.01443e-02  2.45519e+00  2.66408e+00
 7.60000e+00  5.04224e-01  5.03133e-03  1.76102e+00  9.97835e-03  2.45529e+00  2.66414e+00
 7.70000e+00  5.04227e-01  4.93926e-03  1.76109e+00  9.79571e-03  2.45570e+00  2.66451e+00
 7.80000e+00  5.04229e-01  4.83847e-03  1.76116e+00  9.59579e-03  2.45602e+00  2.66481e+00
 7.90000e+00  5.04231e-01  4.73246e-03  1.76125e+00  9.38549e-03  2.45629e+00  2.66505e+00
 8.00000e+00  5.04236e-01  4.61895e-03  1.76135e+00  9.16030e-03  2.45650e+00  2.66521e+00
 8.10000e+00  5.04242e-01  4.50463e-03  1.76147e+00  8.93346e-03  2.45684e+00  2.66548e+00
 8.20000e+00  5.04251e-01  4.38971e-03  1.76162e+00  8.70541e-03  2.45704e+00  2.66559e+00
 8.30000e+00  5.04262e-01  4.26889e-03  1.76181e+00  8.46561e-03  2.45738e+00  2.66582e+00
 8.40000e+00  5.04276e-01  4.16220e-03  1.76203e+00  8.25381e-03  2.45789e+00  2.66619e+00
 8.50000e+00  5.04293e-01  4.05404e-03  1.76230e+00  8.03905e-03  2.45824e+00  2.66637e+00
 8.60000e+00  5.04313e-01  3.95361e-03  1.76262e+00  7.83959e-03  2.45874e+00  2.66666e+00
 8.70000e+00  5.04335e-01  3.87122e-03  1.76297e+00  7.67588e-03  2.45927e+00  2.66697e+00
 8.80000e+00  5.04359e-01  3.78602e-03  1.76337e+00  7.50659e-03  2.45997e+00  2.66743e+00
 8.90000e+00  5.04386e-01  3.70749e-03  1.76381e+00  7.35050e-03  2.46060e+00  2.66779e+00
 9.00000e+00  5.04413e-01  3.62739e-03  1.76430e+00  7.19131e-03  2.46123e+00  2.66814e+00
 9.10000e+00  5.04441e-01  3.55234e-03  1.76479e+00  7.04212e-03  2.46200e+00  2.66863e+00
 9.20000e+00  5.04469e-01  3.47442e-03  1.76531e+00  6.88728e-03  2.46281e+00  2.66915e+00
 9.30000e+00  5.04497e-01  3.38598e-03  1.76584e+00  6.71160e-03  2.46362e+00  2.66968e+00
 9.40000e+00  5.04524e-01  3.31080e-03  1.76635e+00  6.56223e-03  2.46443e+00  2.67021e+00
 9.50000e+00  5.04550e-01  3.22632e-03  1.76686e+00  6.39446e-03  2.46528e+00  2.67080e+00
 9.60000e+00  5.04575e-01  3.14855e-03  1.76734e+00  6.24000e-03  2.46595e+00  2.67121e+00
 9.70000e+00  5.04598e-01  3.07776e-03  1.76779e+00  6.09942e-03  2.46664e+00  2.67167e+00
 9.80000e+00  5.04620e-01  2.99859e-03  1.76821e+00  5.94227e-03  2.46716e+00  2.67196e+00
 9.90000e+00  5.04639e-01  2.94018e-03  1.76857e+00  5.82630e-03  2.46768e+00  2.67229e+00
 1.00000e+01  5.04655e-01  2.88583e-03  1.76888e+00  5.71843e-03  2.46817e+00  2.67262e+00
 1.01000e+01  5.04667e-01  2.84234e-03  1.76915e+00  5.63211e-03  2.46835e+00  2.67268e+00
 1.02000e+01  5.04674e-01  2.81340e-03  1.76936e+00  5.57469e-03  2.46872e+00  2.67298e+00
 1.03000e+01  5.04676e-01  2.79096e-03  1.76951e+00  5.53020e-03  2.46873e+00  2.67296e+00
 1.04000e+01  5.04673e-01  2.78103e-03  1.76962e+00  5.51056e-03  2.46883e+00  2.67309e+00
 1.05000e+01  5.04664e-01  2.77938e-03  1.76967e+00  5.50738e-03  2.46911e+00  2.67345e+00
 1.06000e+01  5.04650e-01  2.79723e-03  1.76968e+00  5.54292e-03  2.46875e+00  2.67323e+00
 1.07000e+01  5.04630e-01  2.82236e-03  1.76964e+00  5.59294e-03  2.46862e+00  2.67331e+00
 1.08000e+01  5.04604e-01  2.86305e-03  1.76955e+00  5.67386e-03  2.46849e+00  2.67342e+00
 1.09000e+01  5.04572e-01  2.92255e-03  1.76940e+00  5.79213e-03  2.46817e+00  2.67342e+00
 1.10000e+01  5.04537e-01  2.99729e-03  1.76919e+00  5.94068e-03  2.46785e+00  2.67345e+00
 1.11000e+01  5.04497e-01  3.09485e-03  1.76893e+00  6.13453e-03  2.46722e+00  2.67322e+00
 1.12000e+01  5.04454e-01  3.20561e-03  1.76861e+00  6.35463e-03  2.46678e+00  2.67321e+00
 1.13000e+01  5.04407e-01  3.33757e-03  1.76824e+00  6.61680e-03  2.46621e+00  2.67309e+00
 1.14000e+01  5.04360e-01  3.48852e-03  1.76784e+00  6.91673e-03  2.46558e+00  2.67293e+00
 1.15000e+01  5.04312e-01  3.66708e-03  1.76741e+00  7.27144e-03  2.46488e+00  2.67271e+00
 1.16000e+01  5.04265e-01  3.87720e-03  1.76695e+00  7.68881e-03  2.46392e+00  2.67222e+00
 1.17000e+01  5.04218e-01  4.11648e-03  1.76647e+00  8.16409e-03  2.46300e+00  2.67177e+00
 1.18000e+01  5.04172e-01  4.37351e-03  1.76600e+00  8.67465e-03  2.46200e+00  2.67124e+00
 1.19000e+01  5.04125e-01  4.63063e-03  1.76555e+00  9.18549e-03  2.46117e+00  2.67088e+00
 1.20000e+01  5.04078e-01  4.89979e-03  1.76513e+00  9.72031e-03  2.46038e+00  2.67056e+00
 1.21000e+01  5.04031e-01  5.18010e-03  1.76472e+00  1.02773e-02  2.45956e+00  2.67021e+00
 1.22000e+01  5.03984e-01  5.47001e-03  1.76435e+00  1.08535e-02  2.45869e+00  2.66980e+00
 1.23000e+01  5.03937e-01  5.76146e-03  1.76402e+00  1.14329e-02  2.45784e+00  2.66942e+00
 1.24000e+01  5.03889e-01  6.06356e-03  1.76369e+00  1.20335e-02  2.45709e+00  2.66915e+00
 1.25000e+01  5.03840e-01  6.37355e-03  1.76338e+00  1.26500e-02  2.45645e+00  2.66899e+00
 1.26000e+01  5.03789e-01  6.68234e-03  1.76308e+00  1.32642e-02  2.45581e+00  2.66886e+00
 1.27000e+01  5.03738e-01  7.00348e-03  1.76277e+00  1.39030e-02  2.45510e+00  2.66864e+00
 1.28000e+01  5.03687e-01  7.31765e-03  1.76246e+00  1.45282e-02  2.45458e+00  2.66863e+00
 1.29000e+01  5.03636e-01  7.62776e-03  1.76217e+00  1.51454e-02  2.45371e+00  2.66827e+00
 1.30000e+01  5.03584e-01  7.93269e-03  1.76186e+00  1.57525e-02  2.45296e+00  2.66803e+00
 1.31000e+01  5.03532e-01  8.22570e-03  1.76156e+00  1.63360e-02  2.45238e+00  2.66797e+00
 1.32000e+01  5.03480e-01  8.51081e-03  1.76126e+00  1.69040e-02  2.45152e+00  2.66761e+00
 1.33000e+01  5.03427e-01  8.79071e-03  1.76095e+00  1.74617e-02  2.45087e+00  2.66750e+00
 1.34000e+01  5.03373e-01  9.07151e-03  1.76063e+00  1.80214e-02  2.44986e+00  2.66701e+00
 1.35000e+01  5.03318e-01  9.34884e-03  1.76031e+00  1.85744e-02  2.44900e+00  2.66670e+00
 1.36000e+01  5.03259e-01  9.63117e-03  1.75995e+00  1.91376e-02  2.44822e+00  2.66650e+00
 1.37000e+01  5.03199e-01  9.90970e-03  1.75959e+00  1.96934e-02  2.44718e+00  2.66606e+00
 1.38000e+01  5.03134e-01  1.01873e-02  1.75922e+00  2.02477e-02  2.44632e+00  2.66583e+00
 1.39000e+01  5.03066e-01  1.04576e-02  1.75883e+00  2.07878e-02  2.44531e+00  2.66549e+00
 1.40000e+01  5.02994e-01  1.07149e-02  1.75844e+00  2.13023e-02  2.44447e+00  2.66536e+00
 1.41000e+01  5.02918e-01  1.09661e-02  1.75804e+00  2.18049e-02  2.44365e+00  2.66529e+00
 1.42000e+01  5.02839e-01  1.11966e-02  1.75766e+00  2.22668e-02  2.44294e+00  2.66534e+00
 1.43000e+01  5.02759e-01  1.14226e-02  1.75726e+00  2.27198e-02  2.44232e+00  2.66550e+00
 1.44000e+01  5.02680e-01  1.16419e-02  1.75686e+00  2.31596e-02  2.44166e+00  2.66561e+00
 1.45000e+01  5.02605e-01  1.18548e-02  1.75645e+00  2.35867e-02  2.44093e+00  2.66562e+00
 1.46000e+01  5.02533e-01  1.20618e-02  1.75606e+00  2.40020e-02  2.44006e+00  2.66545e+00
 1.47000e+01  5.02467e-01  1.22490e-02  1.75572e+00  2.43777e-02  2.43953e+00  2.66557e+00
 1.48000e+01  5.02408e-01  1.24296e-02  1.75540e+00  2.47401e-02  2.43891e+00  2.66553e+00
 1.49000e+01  5.02356e-01  1.26002e-02  1.75508e+00  2.50822e-02  2.43827e+00  2.66540e+00
 1.50000e+01  5.02312e-01  1.27505e-02  1.75484e+00  2.53836e-02  2.43778e+00  2.66533e+00
 1.51000e+01  5.02277e-01  1.28723e-02  1.75470e+00  2.56278e-02  2.43741e+00  2.66531e+00
 1.52000e+01  5.02251e-01  1.29757e-02  1.75460e+00  2.58351e-02  2.43735e+00  2.66551e+00
 1.53000e+01  5.02234e-01  1.30617e-02  1.75454e+00  2.60073e-02  2.43708e+00  2.66539e+00
 1.54000e+01  5.02228e-01  1.31100e-02  1.75460e+00  2.61038e-02  2.43700e+00  2.66538e+00
 1.55000e+01  5.02230e-01  1.31225e-02  1.75479e+00  2.61286e-02  2.43736e+00  2.66571e+00
 1.56000e+01  5.02241e-01  1.31036e-02  1.75506e+00  2.60902e-02  2.43788e+00  2.66611e+00
 1.57000e+01  5.02262e-01  1.30562e-02  1.75540e+00  2.59947e-02  2.43850e+00  2.66653e+00
 1.58000e+01  5.02294e-01  1.29787e-02  1.75582e+00  2.58388e-02  2.43918e+00  2.66690e+00
 1.59000e+01  5.02335e-01  1.28678e-02  1.75634e+00  2.56159e-02  2.44008e+00  2.66739e+00
 1.60000e+01  5.02386e-01  1.27260e-02  1.75695e+00  2.53312e-02  2.44111e+00  2.66791e+00
 1.61000e+01  5.02446e-01  1.25600e-02  1.75761e+00  2.49976e-02  2.44232e+00  2.66854e+00
 1.62000e+01  5.02515e-01  1.23685e-02  1.75835e+00  2.46133e-02  2.44364e+00  2.66918e+00
 1.63000e+01  5.02593e-01  1.21602e-02  1.75910e+00  2.41949e-02  2.44476e+00  2.66953e+00
 1.64000e+01  5.02677e-01  1.19378e-02  1.75988e+00  2.37485e-02  2.44596e+00  2.66991e+00
 1.65000e+01  5.02766e-01  1.16871e-02  1.76071e+00  2.32456e-02  2.44742e+00  2.67049e+00
 1.66000e+01  5.02858e-01  1.14228e-02  1.76153e+00  2.27158e-02  2.44866e+00  2.67081e+00
 1.67000e+01  5.02952e-01  1.11365e-02  1.76236e+00  2.21422e-02  2.45010e+00  2.67133e+00
 1.68000e+01  5.03046e-01  1.08261e-02  1.76319e+00  2.15210e-02  2.45168e+00  2.67198e+00
 1.69000e+01  5.03139e-01  1.05025e-02  1.76402e+00  2.08740e-02  2.45300e+00  2.67238e+00
 1.70000e+01  5.03231e-01  1.01502e-02  1.76486e+00  2.01700e-02  2.45465e+00  2.67312e+00
 1.71000e+01  5.03319e-01  9.78843e-03  1.76568e+00  1.94478e-02  2.45605e+00  2.67364e+00
 1.72000e+01  5.03404e-01  9.41347e-03  1.76648e+00  1.86996e-02  2.45752e+00  2.67427e+00
 1.73000e+01  5.03485e-01  9.02220e-03  1.76729e+00  1.79195e-02  2.45923e+00  2.67517e+00
 1.74000e+01  5.03562e-01  8.63032e-03  1.76809e+00  1.71385e-02  2.46055e+00  2.67572e+00
 1.75000e+01  5.03635e-01  8.23251e-03  1.76886e+00  1.63462e-02  2.46211e+00  2.67656e+00
 1.76000e+01  5.03704e-01  7.84199e-03  1.76963e+00  1.55686e-02  2.46350e+00  2.67725e+00
 1.77000e+01  5.03769e-01  7.45871e-03  1.77036e+00  1.48058e-02  2.46485e+00  2.67796e+00
 1.78000e+01  5.03829e-01  7.09149e-03  1.77106e+00  1.40752e-02  2.46633e+00  2.67883e+00
 1.79000e+01  5.03886e-01  6.74738e-03  1.77172e+00  1.33907e-02  2.46746e+00  2.67938e+00
 1.80000e+01  5.03940e-01  6.42308e-03  1.77234e+00  1.27457e-02  2.46878e+00  2.68016e+00
 1.81000e+01  5.03991e-01  6.12629e-03  1.77293e+00  1.21556e-02  2.46999e+00  2.68086e+00
 1.82000e+01  5.04040e-01  5.84942e-03  1.77349e+00  1.16051e-02  2.47113e+00  2.68151e+00
 1.83000e+01  5.04087e-01  5.59325e-03  1.77403e+00  1.10958e-02  2.47230e+00  2.68219e+00
 1.84000e+01  5.04134e-01  5.35622e-03  1.77457e+00  1.06246e-02  2.47336e+00  2.68277e+00
 1.85000e+01  5.04182e-01  5.13920e-03  1.77510e+00  1.01931e-02  2.47444e+00  2.68337e+00
 1.86000e+01  5.04229e-01  4.93812e-03  1.77564e+00  9.79341e-03  2.47542e+00  2.68387e+00
 1.87000e+01  5.04278e-01  4.74922e-03  1.77620e+00  9.41787e-03  2.47647e+00  2.68444e+00
 1.88000e+01  5.04326e-01  4.57492e-03  1.77677e+00  9.07135e-03  2.47736e+00  2.68484e+00
 1.89000e+01  5.04374e-01  4.41106e-03  1.77736e+00  8.74561e-03  2.47828e+00  2.68528e+00
 1.90000e+01  5.04421e-01  4.26294e-03  1.77796e+00  8.45116e-03  2.47926e+00  2.68579e+00
 1.91000e+01  5.04466e-01  4.12371e-03  1.77856e+00  8.17441e-03  2.48025e+00  2.68632e+00
 1.92000e+01  5.04508e-01  4.00580e-03  1.77915e+00  7.94002e-03  2.48129e+00  2.68692e+00
 1.93000e+01  5.04548e-01  3.91151e-03  1.77972e+00  7.75252e-03  2.48202e+00  2.68725e+00
 1.94000e+01  5.04583e-01  3.83266e-03  1.78026e+00  7.59570e-03  2.48290e+00  2.68777e+00
 1.95000e+01  5.04614e-01  3.78325e-03  1.78075e+00  7.49731e-03  2.48355e+00  2.68811e+00
 1.96000e+01  5.04640e-01  3.75279e-03  1.78119e+00  7.43657e-03  2.48404e+00  2.68834e+00
 1.97000e+01  5.04659e-01  3.74040e-03  1.78155e+00  7.41174e-03  2.48467e+00  2.68877e+00
 1.98000e+01  5.04670e-01  3.74883e-03  1.78184e+00  7.42827e-03  2.48489e+00  2.68888e+00
 1.99000e+01  5.04674e-01  3.77409e-03  1.78205e+00  7.47828e-03  2.48516e+00  2.68911e+00
 2.00000e+01  5.04669e-01  3.82441e-03  1.78217e+00  7.57805e-03  2.48527e+00  2.68926e+00
 2.01000e+01  5.04656e-01  3.90094e-03  1.78221e+00  7.72990e-03  2.48520e+00  2.68932e+00
 2.02000e+01  5.04634e-01  4.00686e-03  1.78216e+00  7.94014e-03  2.48498e+00  2.68932e+00
 2.03000e+01  5.04602e-01  4.14636e-03  1.78202e+00  8.21707e-03  2.48436e+00  2.68902e+00
 2.04000e+01  5.04561e-01  4.30679e-03  1.78181e+00  8.53571e-03  2.48386e+00  2.68893e+00
 2.05000e+01  5.04509e-01  4.49667e-03  1.78151e+00  8.91296e-03  2.48297e+00  2.68857e+00
 2.06000e+01  5.04446e-01  4.71809e-03  1.78112e+00  9.35301e-03  2.48195e+00  2.68818e+00
 2.07000e+01  5.04370e-01  4.95001e-03  1.78065e+00  9.81424e-03  2.48115e+00  2.68813e+00
 2.08000e+01  5.04285e-01  5.21236e-03  1.78011e+00  1.03361e-02  2.48001e+00  2.68784e+00
 2.09000e+01  5.04189e-01  5.50534e-03  1.77948e+00  1.09192e-02  2.47872e+00  2.68752e+00
 2.10000e+01  5.04084e-01  5.83115e-03  1.77877e+00  1.15678e-02  2.47737e+00  2.68720e+00
 2.11000e+01  5.03972e-01  6.19625e-03  1.77800e+00  1.22948e-02  2.47585e+00  2.68681e+00
 2.12000e+01  5.03852e-01  6.59559e-03  1.77717e+00  1.30903e-02  2.47419e+00  2.68635e+00
 2.13000e+01  5.03726e-01  7.04489e-03  1.77626e+00  1.39856e-02  2.47231e+00  2.68572e+00
 2.14000e+01  5.03595e-01  7.53132e-03  1.77530e+00  1.49551e-02  2.47025e+00  2.68497e+00
 2.15000e+01  5.03458e-01  8.05986e-03  1.77427e+00  1.60090e-02  2.46818e+00  2.68426e+00
 2.16000e+01  5.03316e-01  8.62491e-03  1.77318e+00  1.71362e-02  2.46603e+00  2.68353e+00
 2.17000e+01  5.03170e-01  9.22395e-03  1.77205e+00  1.83317e-02  2.46377e+00  2.68272e+00
 2.18000e+01  5.03021e-01  9.85623e-03  1.77089e+00  1.95941e-02  2.46144e+00  2.68187e+00
 2.19000e+01  5.02868e-01  1.05117e-02  1.76970e+00  2.09036e-02  2.45896e+00  2.68090e+00
 2.20000e+01  5.02713e-01  1.12032e-02  1.76845e+00  2.22855e-02  2.45656e+00  2.68004e+00
 2.21000e+01  5.02556e-01  1.19028e-02  1.76722e+00  2.36845e-02  2.45410e+00  2.67914e+00
 2.22000e+01  5.02398e-01  1.26176e-02  1.76599e+00  2.51148e-02  2.45153e+00  2.67812e+00
 2.23000e+01  5.02238e-01  1.33464e-02  1.76473e+00  2.65738e-02  2.44910e+00  2.67727e+00
 2.24000e+01  5.02078e-01  1.40683e-02  1.76351e+00  2.80201e-02  2.44669e+00  2.67644e+00
 2.25000e+01  5.01918e-01  1.47909e-02  1.76233e+00  2.94688e-02  2.44430e+00  2.67561e+00
 2.26000e+01  5.01760e-01  1.55048e-02  1.76116e+00  3.09009e-02  2.44199e+00  2.67485e+00
 2.27000e+01  5.01604e-01  1.62095e-02  1.76003e+00  3.23153e-02  2.43968e+00  2.67407e+00
 2.28000e+01  5.01451e-01  1.69018e-02  1.75891e+00  3.37058e-02  2.43747e+00  2.67336e+00
 2.29000e+01  5.01302e-01  1.75802e-02  1.75782e+00  3.50690e-02  2.43543e+00  2.67279e+00
 2.30000e+01  5.01158e-01  1.82342e-02  1.75679e+00  3.63841e-02  2.43341e+00  2.67217e+00
 2.31000e+01  5.01020e-01  1.88675e-02  1.75578e+00  3.76581e-02  2.43127e+00  2.67137e+00
 2.32000e+01  5.00889e-01  1.94727e-02  1.75480e+00  3.88763e-02  2.42923e+00  2.67060e+00
 2.33000e+01  5.00765e-01  2.00393e-02  1.75386e+00  4.00174e-02  2.42740e+00  2.66998e+00
 2.34000e+01  5.00648e-01  2.05714e-02  1.75296e+00  4.10896e-02  2.42535e+00  2.66907e+00
 2.35000e+01  5.00537e-01  2.10477e-02  1.75216e+00  4.20503e-02  2.42370e+00  2.66850e+00
 2.36000e+01  5.00433e-01  2.14752e-02  1.75145e+00  4.29132e-02  2.42256e+00  2.66837e+00
 2.37000e+01  5.00338e-01  2.18536e-02  1.75079e+00  4.36777e-02  2.42117e+00  2.66790e+00
 2.38000e+01  5.00253e-01  2.21835e-02  1.75017e+00  4.43446e-02  2.41984e+00  2.66739e+00
 2.39000e+01  5.00176e-01  2.24614e-02  1.74967e+00  4.49070e-02  2.41869e+00  2.66699e+00
 2.40000e+01  5.00108e-01  2.26760e-02  1.74932e+00  4.53422e-02  2.41801e+00  2.66697e+00
 2.41000e+01  5.00050e-01  2.28484e-02  1.74896e+00  4.56923e-02  2.41722e+00  2.66674e+00
 2.42000e+01  5.00002e-01  2.29649e-02  1.74870e+00  4.59296e-02  2.41629e+00  2.66628e+00
 2.43000e+01  4.99962e-01  2.30138e-02  1.74867e+00  4.60311e-02  2.41640e+00  2.66677e+00
 2.44000e+01  4.99932e-01  2.30155e-02  1.74874e+00  4.60373e-02  2.41678e+00  2.66743e+00
 2.45000e+01  4.99915e-01  2.29770e-02  1.74882e+00  4.59618e-02  2.41678e+00  2.66760e+00
 2.46000e+01  4.99912e-01  2.29042e-02  1.74893e+00  4.58164e-02  2.41681e+00  2.66766e+00
 2.47000e+01  4.99920e-01  2.27854e-02  1.74922e+00  4.55781e-02  2.41728e+00  2.66805e+00
 2.48000e+01  4.99942e-01  2.26187e-02  1.74966e+00  4.52426e-02  2.41817e+00  2.66873e+00
 2.49000e+01  4.99977e-01  2.24296e-02  1.75009e+00  4.48613e-02  2.41894e+00  2.66916e+00
 2.50000e+01  5.00026e-01  2.22024e-02  1.75062e+00  4.44025e-02  2.41971e+00  2.66946e+00
 2.51000e+01  5.00087e-01  2.19353e-02  1.75131e+00  4.38630e-02  2.42090e+00  2.67006e+00
 2.52000e+01  5.00160e-01  2.16408e-02  1.75207e+00  4.32677e-02  2.42228e+00  2.67073e+00
 2.53000e+01  5.00245e-01  2.13130e-02  1.75292e+00  4.26051e-02  2.42391e+00  2.67154e+00
 2.54000e+01  5.00341e-01  2.09635e-02  1.75383e+00  4.18983e-02  2.42563e+00  2.67232e+00
 2.55000e+01  5.00450e-01  2.05875e-02  1.75480e+00  4.11380e-02  2.42721e+00  2.67285e+00
 2.56000e+01  5.00567e-01  2.01813e-02  1.75587e+00  4.03170e-02  2.42910e+00  2.67360e+00
 2.57000e+01  5.00693e-01  1.97402e-02  1.75705e+00  3.94258e-02  2.43119e+00  2.67446e+00
 2.58000e+01  5.00826e-01  1.92677e-02  1.75830e+00  3.84719e-02  2.43355e+00  2.67553e+00
 2.59000e+01  5.00966e-01  1.87629e-02  1.75961e+00  3.74534e-02  2.43599e+00  2.67660e+00
 2.60000e+01  5.01111e-01  1.82231e-02  1.76098e+00  3.63655e-02  2.43847e+00  2.67765e+00
 2.61000e+01  5.01262e-01  1.76506e-02  1.76246e+00  3.52123e-02  2.44129e+00  2.67900e+00
 2.62000e+01  5.01417e-01  1.70418e-02  1.76399e+00  3.39872e-02  2.44425e+00  2.68043e+00
 2.63000e+01  5.01577e-01  1.64194e-02  1.76548e+00  3.27355e-02  2.44708e+00  2.68170e+00
 2.64000e+01  5.01742e-01  1.57664e-02  1.76702e+00  3.14234e-02  2.44971e+00  2.68270e+00
 2.65000e+01  5.01908e-01  1.50803e-02  1.76862e+00  3.00460e-02  2.45281e+00  2.68416e+00
 2.66000e+01  5.02077e-01  1.43762e-02  1.77020e+00  2.86334e-02  2.45582e+00  2.68549e+00
 2.67000e+01  5.02248e-01  1.36439e-02  1.77178e+00  2.71657e-02  2.45856e+00  2.68655e+00
 2.68000e+01  5.02418e-01  1.28903e-02  1.77337e+00  2.56565e-02  2.46129e+00  2.68760e+00
 2.69000e+01  5.02585e-01  1.21121e-02  1.77493e+00  2.40996e-02  2.46401e+00  2.68866e+00
 2.70000e+01  5.02748e-01  1.13140e-02  1.77647e+00  2.25043e-02  2.46700e+00  2.69003e+00
 2.71000e+01  5.02905e-01  1.05008e-02  1.77798e+00  2.08803e-02  2.46971e+00  2.69117e+00
 2.72000e+01  5.03057e-01  9.68142e-03  1.77944e+00  1.92452e-02  2.47259e+00  2.69254e+00
 2.73000e+01  5.03202e-01  8.86716e-03  1.78084e+00  1.76215e-02  2.47523e+00  2.69372e+00
 2.74000e+01  5.03341e-01  8.05887e-03  1.78219e+00  1.60108e-02  2.47757e+00  2.69467e+00
 2.75000e+01  5.03471e-01  7.25763e-03  1.78351e+00  1.44152e-02  2.48010e+00  2.69589e+00
 2.76000e+01  5.03593e-01  6.47169e-03  1.78477e+00  1.28510e-02  2.48233e+00  2.69689e+00
 2.77000e+01  5.03706e-01  5.71857e-03  1.78594e+00  1.13530e-02  2.48446e+00  2.69788e+00
 2.78000e+01  5.03809e-01  4.99260e-03  1.78702e+00  9.90969e-03  2.48643e+00  2.69882e+00
 2.79000e+01  5.03902e-01  4.29384e-03  1.78803e+00  8.52119e-03  2.48816e+00  2.69961e+00
 2.80000e+01  5.03983e-01  3.62762e-03  1.78894e+00  7.19790e-03  2.48971e+00  2.70034e+00
 2.81000e+01  5.04052e-01  2.99404e-03  1.78974e+00  5.93994e-03  2.49104e+00  2.70097e+00
 2.82000e+01  5.04108e-01  2.40231e-03  1.79041e+00  4.76548e-03  2.49209e+00  2.70146e+00
 2.83000e+01  5.04149e-01  1.85204e-03  1.79095e+00  3.67360e-03  2.49294e+00  2.70189e+00
 2.84000e+01  5.04176e-01  1.34546e-03  1.79134e+00  2.66864e-03  2.49348e+00  2.70216e+00
 2.85000e+01  5.04186e-01  8.84637e-04  1.79157e+00  1.75458e-03  2.49396e+00  2.70253e+00
 2.86000e+01  5.04182e-01  4.51105e-04  1.79168e+00  8.94727e-04  2.49403e+00  2.70264e+00
 2.87000e+01  5.04162e-01  3.69423e-05  1.79164e+00  7.32747e-05  2.49346e+00  2.70227e+00
 2.88000e+01  5.04124e-01 -3.44479e-04  1.79145e+00 -6.83322e-04  2.49298e+00  2.70217e+00
 2.89000e+01  5.04069e-01 -7.08731e-04  1.79111e+00 -1.40602e-03  2.49198e+00  2.70173e+00
 2.90000e+01  5.03994e-01 -1.07068e-03  1.79061e+00 -2.12439e-03  2.49074e+00  2.70125e+00
 2.91000e+01  5.03900e-01 -1.42875e-03  1.78995e+00 -2.83538e-03  2.48927e+00  2.70072e+00
 2.92000e+01  5.03786e-01 -1.79829e-03  1.78913e+00 -3.56955e-03  2.48728e+00  2.69988e+00
 2.93000e+01  5.03650e-01 -2.18666e-03  1.78814e+00 -4.34163e-03  2.48503e+00  2.69900e+00
 2.94000e+01  5.03492e-01 -2.60398e-03  1.78697e+00 -5.17184e-03  2.48240e+00  2.69795e+00
 2.95000e+01  5.03311e-01 -3.05189e-03  1.78561e+00 -6.06363e-03  2.47957e+00  2.69693e+00
 2.96000e+01  5.03108e-01 -3.53361e-03  1.78406e+00 -7.02356e-03  2.47617e+00  2.69556e+00
 2.97000e+01  5.02881e-01 -4.06369e-03  1.78231e+00 -8.08082e-03  2.47245e+00  2.69411e+00
 2.98000e+01  5.02631e-01 -4.63560e-03  1.78036e+00 -9.22267e-03  2.46829e+00  2.69244e+00
 2.99000e+01  5.02357e-01 -5.25791e-03  1.77818e+00 -1.04665e-02  2.46352e+00  2.69041e+00
 3.00000e+01  5.02056e-01 -5.93028e-03  1.77576e+00 -1.18120e-02  2.45833e+00  2.68819e+00
 3.01000e+01  5.01729e-01 -6.64165e-03  1.77309e+00 -1.32375e-02  2.45272e+00  2.68582e+00
 3.02000e+01  5.01374e-01 -7.38958e-03  1.77019e+00 -1.47387e-02  2.44677e+00  2.68336e+00
 3.03000e+01  5.00991e-01 -8.16907e-03  1.76702e+00 -1.63058e-02  2.44010e+00  2.68045e+00
 3.04000e+01  5.00578e-01 -8.97770e-03  1.76358e+00 -1.79347e-02  2.43313e+00  2.67751e+00
 3.05000e+01  5.00136e-01 -9.79367e-03  1.75993e+00 -1.95820e-02  2.42579e+00  2.67447e+00
 3.06000e+01  4.99664e-01 -1.06226e-02  1.75602e+00 -2.12594e-02  2.41798e+00  2.67122e+00
 3.07000e+01  4.99164e-01 -1.14608e-02  1.75188e+00 -2.29599e-02  2.40982e+00  2.66789e+00
 3.08000e+01  4.98636e-01 -1.22842e-02  1.74758e+00 -2.46356e-02  2.40131e+00  2.66445e+00
 3.09000e+01  4.98081e-01 -1.31101e-02  1.74306e+00 -2.63213e-02  2.39254e+00  2.66097e+00
 3.10000e+01  4.97501e-01 -1.39356e-02  1.73832e+00 -2.80111e-02  2.38326e+00  2.65720e+00
 3.11000e+01  4.96898e-01 -1.47444e-02  1.73343e+00 -2.96728e-02  2.37368e+00  2.65330e+00
 3.12000e+01  4.96274e-01 -1.55377e-02  1.72838e+00 -3.13087e-02  2.36401e+00  2.64950e+00
 3.13000e+01  4.95630e-01 -1.63110e-02  1.72318e+00 -3.29096e-02  2.35411e+00  2.64560e+00
 3.14000e+01  4.94970e-01 -1.70538e-02  1.71790e+00 -3.44542e-02  2.34392e+00  2.64152e+00
 3.15000e+01  4.94297e-01 -1.77687e-02  1.71249e+00 -3.59473e-02  2.33377e+00  2.63759e+00
 3.16000e+01  4.93615e-01 -1.84526e-02  1.70699e+00 -3.73825e-02  2.32361e+00  2.63369e+00
 3.17000e+01  4.92927e-01 -1.90906e-02  1.70152e+00 -3.87290e-02  2.31331e+00  2.62965e+00
 3.18000e+01  4.92238e-01 -1.96908e-02  1.69603e+00 -4.00026e-02  2.30296e+00  2.62553e+00
 3.19000e+01  4.91551e-01 -2.02508e-02  1.69051e+00 -4.11978e-02  2.29270e+00  2.62144e+00
 3.20000e+01  4.90870e-01 -2.07593e-02  1.68507e+00 -4.22907e-02  2.28259e+00  2.61742e+00
 3.21000e+01  4.90199e-01 -2.12170e-02  1.67972e+00 -4.32825e-02  2.27270e+00  2.61349e+00
 3.22000e+01  4.89541e-01 -2.16159e-02  1.67452e+00 -4.41553e-02  2.26321e+00  2.60980e+00
 3.23000e+01  4.88902e-01 -2.19545e-02  1.66951e+00 -4.49058e-02  2.25384e+00  2.60604e+00
 3.24000e+01  4.88284e-01 -2.22382e-02  1.66463e+00 -4.55436e-02  2.24495e+00  2.60254e+00
 3.25000e+01  4.87692e-01 -2.24563e-02  1.66001e+00 -4.60462e-02  2.23642e+00  2.59916e+00
 3.26000e+01  4.87128e-01 -2.26063e-02  1.65570e+00 -4.64073e-02  2.22845e+00  2.59605e+00
 3.27000e+01  4.86597e-01 -2.26945e-02  1.65164e+00 -4.66392e-02  2.22125e+00  2.59344e+00
 3.28000e+01  4.86103e-01 -2.27192e-02  1.64788e+00 -4.67375e-02  2.21427e+00  2.59068e+00
 3.29000e+01  4.85648e-01 -2.26754e-02  1.64451e+00 -4.66911e-02  2.20818e+00  2.58849e+00
 3.30000e+01  4.85237e-01 -2.25698e-02  1.64146e+00 -4.65130e-02  2.20267e+00  2.58648e+00
 3.31000e+01  4.84873e-01 -2.24059e-02  1.63878e+00 -4.62097e-02  2.19778e+00  2.58468e+00
 3.32000e+01  4.84558e-01 -2.21710e-02  1.63656e+00 -4.57550e-02  2.19383e+00  2.58342e+00
 3.33000e+01  4.84296e-01 -2.18832e-02  1.63471e+00 -4.51856e-02  2.19028e+00  2.58208e+00
 3.34000e+01  4.84087e-01 -2.15427e-02  1.63324e+00 -4.45017e-02  2.18762e+00  2.58119e+00
 3.35000e+01  4.83934e-01 -2.11417e-02  1.63223e+00 -4.36871e-02  2.18567e+00  2.58053e+00
 3.36000e+01  4.83837e-01 -2.06912e-02  1.63165e+00 -4.27648e-02  2.18449e+00  2.58017e+00
 3.37000e+01  4.83796e-01 -2.01848e-02  1.63151e+00 -4.17218e-02  2.18429e+00  2.58034e+00
 3.38000e+01  4.83813e-01 -1.96355e-02  1.63180e+00 -4.05849e-02  2.18453e+00  2.58045e+00
 3.39000e+01  4.83886e-01 -1.90371e-02  1.63254e+00 -3.93420e-02  2.18566e+00  2.58097e+00
 3.40000e+01  4.84014e-01 -1.83966e-02  1.63371e+00 -3.80084e-02  2.18783e+00  2.58209e+00
 3.41000e+01  4.84197e-01 -1.77215e-02  1.63531e+00 -3.65997e-02  2.19059e+00  2.58332e+00
 3.42000e+01  4.84434e-01 -1.70053e-02  1.63737e+00 -3.51034e-02  2.19419e+00  2.58495e+00
 3.43000e+01  4.84724e-01 -1.62714e-02  1.63980e+00 -3.35685e-02  2.19847e+00  2.58681e+00
 3.44000e+01  4.85063e-01 -1.55111e-02  1.64263e+00 -3.19776e-02  2.20335e+00  2.58882e+00
 3.45000e+01  4.85449e-01 -1.47332e-02  1.64585e+00 -3.03496e-02  2.20915e+00  2.59138e+00
 3.46000e+01  4.85880e-01 -1.39407e-02  1.64945e+00 -2.86915e-02  2.21546e+00  2.59402e+00
 3.47000e+01  4.86353e-01 -1.31375e-02  1.65336e+00 -2.70122e-02  2.22240e+00  2.59693e+00
 3.48000e+01  4.86864e-01 -1.23370e-02  1.65756e+00 -2.53397e-02  2.23011e+00  2.60028e+00
 3.49000e+01  4.87411e-01 -1.15245e-02  1.66207e+00 -2.36443e-02  2.23822e+00  2.60368e+00
 3.50000e+01  4.87990e-01 -1.07220e-02  1.66682e+00 -2.19718e-02  2.24676e+00  2.60720e+00
 3.51000e+01  4.88598e-01 -9.92716e-03  1.67178e+00 -2.03176e-02  2.25580e+00  2.61096e+00
 3.52000e+01  4.89231e-01 -9.14143e-03  1.67693e+00 -1.86853e-02  2.26516e+00  2.61477e+00
 3.53000e+01  4.89885e-01 -8.37760e-03  1.68222e+00 -1.71012e-02  2.27481e+00  2.61865e+00
 3.54000e+01  4.90556e-01 -7.62752e-03  1.68764e+00 -1.55487e-02  2.28473e+00  2.62261e+00
 3.55000e+01  4.91239e-01 -6.90136e-03  1.69316e+00 -1.40489e-02  2.29478e+00  2.62655e+00
 3.56000e+01  4.91929e-01 -6.19471e-03  1.69874e+00 -1.25927e-02  2.30508e+00  2.63065e+00
 3.57000e+01  4.92623e-01 -5.51527e-03  1.70436e+00 -1.11957e-02  2.31549e+00  2.63479e+00
 3.58000e+01  4.93316e-01 -4.86308e-03  1.70999e+00 -9.85794e-03  2.32595e+00  2.63893e+00
 3.59000e+01  4.94004e-01 -4.23739e-03  1.71560e+00 -8.57765e-03  2.33642e+00  2.64310e+00
 3.60000e+01  4.94683e-01 -3.64393e-03  1.72118e+00 -7.36618e-03  2.34690e+00  2.64733e+00
 3.61000e+01  4.95350e-01 -3.07818e-03  1.72669e+00 -6.21414e-03  2.35731e+00  2.65154e+00
 3.62000e+01  4.96002e-01 -2.54967e-03  1.73210e+00 -5.14044e-03  2.36760e+00  2.65576e+00
 3.63000e+01  4.96636e-01 -2.05537e-03  1.73741e+00 -4.13859e-03  2.37783e+00  2.66004e+00
 3.64000e+01  4.97250e-01 -1.60312e-03  1.74258e+00 -3.22396e-03  2.38767e+00  2.66407e+00
 3.65000e+01  4.97841e-01 -1.19697e-03  1.74759e+00 -2.40433e-03  2.39751e+00  2.66829e+00
 3.66000e+01  4.98410e-01 -8.39436e-04  1.75243e+00 -1.68423e-03  2.40694e+00  2.67229e+00
 3.67000e+01  4.98955e-01 -5.34092e-04  1.75708e+00 -1.07042e-03  2.41599e+00  2.67611e+00
 3.68000e+01  4.99474e-01 -2.67894e-04  1.76153e+00 -5.36351e-04  2.42483e+00  2.67994e+00
 3.69000e+01  4.99968e-01 -4.92409e-05  1.76578e+00 -9.84880e-05  2.43312e+00  2.68342e+00
 3.70000e+01  5.00436e-01  1.25496e-04  1.76980e+00  2.50774e-04  2.44124e+00  2.68698e+00
 3.71000e+01  5.00878e-01  2.62454e-04  1.77362e+00  5.23989e-04  2.44869e+00  2.69011e+00
 3.72000e+01  5.01293e-01  3.56022e-04  1.77721e+00  7.10208e-04  2.45582e+00  2.69315e+00
 3.73000e+01  5.01680e-01  4.07556e-04  1.78059e+00  8.12382e-04  2.46249e+00  2.69600e+00
 3.74000e+01  5.02040e-01  4.14476e-04  1.78374e+00  8.25584e-04  2.46870e+00  2.69864e+00
 3.75000e+01  5.02371e-01  3.82928e-04  1.78668e+00  7.62242e-04  2.47463e+00  2.70126e+00
 3.76000e+01  5.02675e-01  3.18855e-04  1.78941e+00  6.34316e-04  2.47989e+00  2.70349e+00
 3.77000e+01  5.02949e-01  2.28586e-04  1.79193e+00  4.54491e-04  2.48506e+00  2.70590e+00
 3.78000e+01  5.03196e-01  1.17156e-04  1.79425e+00  2.32823e-04  2.48965e+00  2.70801e+00
 3.79000e+01  5.03416e-01 -1.80002e-05  1.79636e+00 -3.57562e-05  2.49403e+00  2.71018e+00
 3.80000e+01  5.03609e-01 -1.67747e-04  1.79828e+00 -3.33090e-04  2.49814e+00  2.71232e+00
 3.81000e+01  5.03779e-01 -3.19511e-04  1.80002e+00 -6.34229e-04  2.50159e+00  2.71404e+00
 3.82000e+01  5.03926e-01 -4.63673e-04  1.80157e+00 -9.20122e-04  2.50486e+00  2.71582e+00
 3.83000e+01  5.04051e-01 -5.99541e-04  1.80295e+00 -1.18944e-03  2.50766e+00  2.71733e+00
 3.84000e+01  5.04157e-01 -7.19604e-04  1.80414e+00 -1.42734e-03  2.51020e+00  2.71878e+00
 3.85000e+01  5.04245e-01 -7.99371e-04  1.80517e+00 -1.58528e-03  2.51230e+00  2.71998e+00
 3.86000e+01  5.04316e-01 -8.41667e-04  1.80603e+00 -1.66893e-03  2.51399e+00  2.72094e+00
 3.87000e+01  5.04371e-01 -8.41555e-04  1.80672e+00 -1.66853e-03  2.51534e+00  2.72173e+00
 3.88000e+01  5.04410e-01 -7.98464e-04  1.80724e+00 -1.58297e-03  2.51640e+00  2.72238e+00
 3.89000e+01  5.04434e-01 -7.25399e-04  1.80761e+00 -1.43805e-03  2.51708e+00  2.72281e+00
 3.90000e+01  5.04444e-01 -6.04087e-04  1.80782e+00 -1.19753e-03  2.51749e+00  2.72312e+00
 3.91000e+01  5.04439e-01 -4.42714e-04  1.80790e+00 -8.77636e-04  2.51786e+00  2.72353e+00
 3.92000e+01  5.04422e-01 -2.52034e-04  1.80784e+00 -4.99648e-04  2.51774e+00  2.72357e+00
 3.93000e+01  5.04393e-01 -3.81140e-05  1.80767e+00 -7.55641e-05  2.51736e+00  2.72349e+00
 3.94000e+01  5.04351e-01  1.93854e-04  1.80739e+00  3.84363e-04  2.51653e+00  2.72309e+00
 3.95000e+01  5.04297e-01  4.47644e-04  1.80698e+00  8.87659e-04  2.51570e+00  2.72282e+00
 3.96000e+01  5.04229e-01  7.22514e-04  1.80646e+00  1.43291e-03  2.51464e+00  2.72244e+00
 3.97000e+01  5.04149e-01  1.01976e-03  1.80581e+00  2.02274e-03  2.51312e+00  2.72174e+00
 3.98000e+01  5.04055e-01  1.32538e-03  1.80502e+00  2.62944e-03  2.51155e+00  2.72112e+00
 3.99000e+01  5.03947e-01  1.64564e-03  1.80410e+00  3.26551e-03  2.50939e+00  2.72006e+00
 4.00000e+01  5.03825e-01  1.96425e-03  1.80304e+00  3.89867e-03  2.50717e+00  2.71909e+00
 4.01000e+01  5.03686e-01  2.29240e-03  1.80182e+00  4.55125e-03  2.50455e+00  2.71788e+00
 4.02000e+01  5.03531e-01  2.64003e-03  1.80042e+00  5.24303e-03  2.50148e+00  2.71638e+00
 4.03000e+01  5.03358e-01  2.98576e-03  1.79885e+00  5.93167e-03  2.49817e+00  2.71482e+00
 4.04000e+01  5.03166e-01  3.34873e-03  1.79710e+00  6.65531e-03  2.49437e+00  2.71297e+00
 4.05000e+01  5.02953e-01  3.70444e-03  1.79517e+00  7.36539e-03  2.49026e+00  2.71102e+00
 4.06000e+01  5.02716e-01  4.07471e-03  1.79304e+00  8.10538e-03  2.48573e+00  2.70886e+00
 4.07000e+01  5.02456e-01  4.46031e-03  1.79068e+00  8.87703e-03  2.48089e+00  2.70663e+00
 4.08000e+01  5.02170e-01  4.84086e-03  1.78813e+00  9.63988e-03  2.47548e+00  2.70409e+00
 4.09000e+01  5.01856e-01  5.23649e-03  1.78536e+00  1.04342e-02  2.46991e+00  2.70163e+00
 4.10000e+01  5.01515e-01  5.62339e-03  1.78241e+00  1.12128e-02  2.46386e+00  2.69898e+00
 4.11000e+01  5.01145e-01  6.02600e-03  1.77924e+00  1.20245e-02  2.45727e+00  2.69604e+00
 4.12000e+01  5.00746e-01  6.44586e-03  1.77583e+00  1.28725e-02  2.45054e+00  2.69324e+00
 4.13000e+01  5.00317e-01  6.88351e-03  1.77218e+00  1.37583e-02  2.44323e+00  2.69013e+00
 4.14000e+01  4.99860e-01  7.33501e-03  1.76830e+00  1.46741e-02  2.43557e+00  2.68694e+00
 4.15000e+01  4.99374e-01  7.77160e-03  1.76424e+00  1.55627e-02  2.42752e+00  2.68361e+00
 4.16000e+01  4.98861e-01  8.20541e-03  1.75997e+00  1.64483e-02  2.41910e+00  2.68014e+00
 4.17000e+01  4.98322e-01  8.62548e-03  1.75546e+00  1.73091e-02  2.41018e+00  2.67641e+00
 4.18000e+01  4.97756e-01  9.01404e-03  1.75078e+00  1.81093e-02  2.40088e+00  2.67251e+00
 4.19000e+01  4.97166e-01  9.36076e-03  1.74592e+00  1.88282e-02  2.39144e+00  2.66870e+00
 4.20000e+01  4.96552e-01  9.66898e-03  1.74086e+00  1.94722e-02  2.38174e+00  2.66481e+00
 4.21000e+01  4.95917e-01  9.91879e-03  1.73567e+00  2.00009e-02  2.37181e+00  2.66085e+00
 4.22000e+01  4.95264e-01  1.01075e-02  1.73035e+00  2.04084e-02  2.36162e+00  2.65677e+00
 4.23000e+01  4.94595e-01  1.02373e-02  1.72492e+00  2.06984e-02  2.35128e+00  2.65265e+00
 4.24000e+01  4.93913e-01  1.02940e-02  1.71942e+00  2.08418e-02  2.34076e+00  2.64842e+00
 4.25000e+01  4.93221e-01  1.02789e-02  1.71389e+00  2.08403e-02  2.33037e+00  2.64438e+00
 4.26000e+01  4.92524e-01  1.01826e-02  1.70836e+00  2.06743e-02  2.31991e+00  2.64029e+00
 4.27000e+01  4.91823e-01  1.00190e-02  1.70283e+00  2.03711e-02  2.30945e+00  2.63618e+00
 4.28000e+01  4.91123e-01  9.77083e-03  1.69736e+00  1.98949e-02  2.29927e+00  2.63230e+00
 4.29000e+01  4.90428e-01  9.44484e-03  1.69198e+00  1.92583e-02  2.28908e+00  2.62834e+00
 4.30000e+01  4.89742e-01  9.04700e-03  1.68668e+00  1.84730e-02  2.27927e+00  2.62465e+00
 4.31000e+01  4.89068e-01  8.56012e-03  1.68153e+00  1.75029e-02  2.26969e+00  2.62104e+00
 4.32000e+01  4.88411e-01  7.99702e-03  1.67655e+00  1.63735e-02  2.26043e+00  2.61756e+00
 4.33000e+01  4.87776e-01  7.35424e-03  1.67174e+00  1.50771e-02  2.25161e+00  2.61431e+00
 4.34000e+01  4.87166e-01  6.63752e-03  1.66714e+00  1.36248e-02  2.24325e+00  2.61128e+00
 4.35000e+01  4.86586e-01  5.84128e-03  1.66278e+00  1.20046e-02  2.23527e+00  2.60833e+00
 4.36000e+01  4.86041e-01  4.97943e-03  1.65867e+00  1.02449e-02  2.22767e+00  2.60543e+00
 4.37000e+01  4.85535e-01  4.04725e-03  1.65485e+00  8.33566e-03  2.22075e+00  2.60286e+00
 4.38000e+01  4.85070e-01  3.04888e-03  1.65133e+00  6.28545e-03  2.21420e+00  2.60028e+00
 4.39000e+01  4.84649e-01  1.99940e-03  1.64814e+00  4.12545e-03  2.20836e+00  2.59802e+00
 4.40000e+01  4.84275e-01  8.88434e-04  1.64529e+00  1.83457e-03  2.20317e+00  2.59600e+00
 4.41000e+01  4.83950e-01 -2.47843e-04  1.64279e+00 -5.12126e-04  2.19860e+00  2.59418e+00
 4.42000e+01  4.83676e-01 -1.41907e-03  1.64067e+00 -2.93391e-03  2.19487e+00  2.59275e+00
 4.43000e+01  4.83456e-01 -2.61800e-03  1.63895e+00 -5.41518e-03  2.19178e+00  2.59152e+00
 4.44000e+01  4.83291e-01 -3.82417e-03  1.63764e+00 -7.91276e-03  2.18950e+00  2.59061e+00
 4.45000e+01  4.83182e-01 -5.04394e-03  1.63675e+00 -1.04390e-02  2.18788e+00  2.58991e+00
 4.46000e+01  4.83130e-01 -6.25086e-03  1.63629e+00 -1.29383e-02  2.18711e+00  2.58957e+00
 4.47000e+01  4.83136e-01 -7.44979e-03  1.63627e+00 -1.54197e-02  2.18713e+00  2.58953e+00
 4.48000e+01  4.83199e-01 -8.63202e-03  1.63666e+00 -1.78643e-02  2.18789e+00  2.58976e+00
 4.49000e+01  4.83319e-01 -9.78121e-03  1.63748e+00 -2.02376e-02  2.18947e+00  2.59032e+00
 4.50000e+01  4.83496e-01 -1.08941e-02  1.63872e+00 -2.25318e-02  2.19181e+00  2.59116e+00
 4.51000e+01  4.83729e-01 -1.19551e-02  1.64040e+00 -2.47144e-02  2.19479e+00  2.59218e+00
 4.52000e+01  4.84015e-01 -1.29620e-02  1.64248e+00 -2.67802e-02  2.19860e+00  2.59356e+00
 4.53000e+01  4.84353e-01 -1.39113e-02  1.64493e+00 -2.87215e-02  2.20322e+00  2.59533e+00
 4.54000e+01  4.84741e-01 -1.47886e-02  1.64778e+00 -3.05083e-02  2.20819e+00  2.59698e+00
 4.55000e+01  4.85175e-01 -1.55862e-02  1.65103e+00 -3.21249e-02  2.21411e+00  2.59920e+00
 4.56000e+01  4.85651e-01 -1.63087e-02  1.65460e+00 -3.35811e-02  2.22067e+00  2.60169e+00
 4.57000e+01  4.86167e-01 -1.69521e-02  1.65846e+00 -3.48688e-02  2.22764e+00  2.60422e+00
 4.58000e+01  4.86719e-01 -1.75092e-02  1.66263e+00 -3.59740e-02  2.23535e+00  2.60717e+00
 4.59000e+01  4.87302e-01 -1.79714e-02  1.66714e+00 -3.68794e-02  2.24350e+00  2.61026e+00
 4.60000e+01  4.87914e-01 -1.83441e-02  1.67190e+00 -3.75970e-02  2.25214e+00  2.61357e+00
 4.61000e+01  4.88548e-01 -1.86364e-02  1.67682e+00 -3.81465e-02  2.26108e+00  2.61695e+00
 4.62000e+01  4.89201e-01 -1.88308e-02  1.68194e+00 -3.84930e-02  2.27041e+00  2.62053e+00
 4.63000e+01  4.89868e-01 -1.89288e-02  1.68725e+00 -3.86407e-02  2.28007e+00  2.62428e+00
 4.64000e+01  4.90544e-01 -1.89265e-02  1.69273e+00 -3.85826e-02  2.29019e+00  2.62839e+00
 4.65000e+01  4.91225e-01 -1.88248e-02  1.69832e+00 -3.83221e-02  2.30050e+00  2.63261e+00
 4.66000e+01  4.91908e-01 -1.86389e-02  1.70394e+00 -3.78911e-02  2.31099e+00  2.63696e+00
 4.67000e+01  4.92589e-01 -1.83570e-02  1.70966e+00 -3.72664e-02  2.32170e+00  2.64150e+00
 4.68000e+01  4.93266e-01 -1.79932e-02  1.71541e+00 -3.64776e-02  2.33227e+00  2.64591e+00
 4.69000e+01  4.93935e-01 -1.75588e-02  1.72110e+00 -3.55489e-02  2.34318e+00  2.65069e+00
 4.70000e+01  4.94594e-01 -1.70594e-02  1.72673e+00 -3.44918e-02  2.35387e+00  2.65530e+00
 4.71000e+01  4.95241e-01 -1.65003e-02  1.73232e+00 -3.33177e-02  2.36438e+00  2.65979e+00
 4.72000e+01  4.95875e-01 -1.58899e-02  1.73781e+00 -3.20441e-02  2.37486e+00  2.66435e+00
 4.73000e+01  4.96493e-01 -1.52434e-02  1.74316e+00 -3.07021e-02  2.38509e+00  2.66877e+00
 4.74000e+01  4.97094e-01 -1.45606e-02  1.74836e+00 -2.92915e-02  2.39490e+00  2.67289e+00
 4.75000e+01  4.97676e-01 -1.38603e-02  1.75336e+00 -2.78502e-02  2.40435e+00  2.67681e+00
 4.76000e+01  4.98235e-01 -1.31333e-02  1.75819e+00 -2.63596e-02  2.41386e+00  2.68096e+00
 4.77000e+01  4.98771e-01 -1.23909e-02  1.76283e+00 -2.48429e-02  2.42281e+00  2.68474e+00
 4.78000e+01  4.99284e-01 -1.16502e-02  1.76724e+00 -2.33339e-02  2.43146e+00  2.68844e+00
 4.79000e+01  4.99772e-01 -1.09099e-02  1.77142e+00 -2.18297e-02  2.43982e+00  2.69205e+00
 4.80000e+01  5.00235e-01 -1.01935e-02  1.77537e+00 -2.03774e-02  2.44764e+00  2.69533e+00
 4.81000e+01  5.00673e-01 -9.50046e-03  1.77907e+00 -1.89754e-02  2.45497e+00  2.69837e+00
 4.82000e+01  5.01086e-01 -8.84161e-03  1.78253e+00 -1.76449e-02  2.46182e+00  2.70115e+00
 4.83000e+01  5.01471e-01 -8.21745e-03  1.78576e+00 -1.63867e-02  2.46819e+00  2.70370e+00
 4.84000e+01  5.01829e-01 -7.62876e-03  1.78875e+00 -1.52019e-02  2.47401e+00  2.70598e+00
 4.85000e+01  5.02157e-01 -7.06835e-03  1.79151e+00 -1.40760e-02  2.47954e+00  2.70823e+00
 4.86000e+01  5.02456e-01 -6.52949e-03  1.79405e+00 -1.29952e-02  2.48453e+00  2.71024e+00
 4.87000e+01  5.02723e-01 -6.01606e-03  1.79637e+00 -1.19669e-02  2.48940e+00  2.71242e+00
 4.88000e+01  5.02962e-01 -5.51116e-03  1.79848e+00 -1.09574e-02  2.49388e+00  2.71450e+00
 4.89000e+01  5.03173e-01 -5.02576e-03  1.80038e+00 -9.98815e-03  2.49781e+00  2.71630e+00
 4.90000e+01  5.03356e-01 -4.55685e-03  1.80207e+00 -9.05294e-03  2.50144e+00  2.71807e+00
 4.91000e+01  5.03514e-01 -4.09789e-03  1.80356e+00 -8.13859e-03  2.50465e+00  2.71968e+00
 4.92000e+01  5.03648e-01 -3.64410e-03  1.80488e+00 -7.23540e-03  2.50758e+00  2.72123e+00
 4.93000e+01  5.03761e-01 -3.19212e-03  1.80602e+00 -6.33657e-03  2.51005e+00  2.72256e+00
 4.94000e+01  5.03853e-01 -2.74062e-03  1.80700e+00 -5.43933e-03  2.51234e+00  2.72390e+00
 4.95000e+01  5.03929e-01 -2.28752e-03  1.80781e+00 -4.53937e-03  2.51416e+00  2.72495e+00
 4.96000e+01  5.03988e-01 -1.83592e-03  1.80847e+00 -3.64278e-03  2.51563e+00  2.72580e+00
 4.97000e+01  5.04033e-01 -1.38025e-03  1.80899e+00 -2.73840e-03  2.51678e+00  2.72649e+00
 4.98000e+01  5.04065e-01 -9.25246e-04  1.80935e+00 -1.83557e-03  2.51747e+00  2.72685e+00
 4.99000e+01  5.04083e-01 -4.61809e-04  1.80957e+00 -9.16137e-04  2.51802e+00  2.72721e+00
 5.00000e+01  5.04089e-01  5.68923e-14  1.80964e+00  1.12862e-13  2.51821e+00  2.72734e+00
 5.01000e+01  5.04083e-01  4.61809e-04  1.80957e+00  9.16137e-04  2.51802e+00  2.72721e+00
 5.02000e+01  5.04065e-01  9.25246e-04  1.80935e+00  1.83557e-03  2.51747e+00  2.72685e+00
 5.03000e+01  5.04033e-01  1.38025e-03  1.80899e+00  2.73840e-03  2.51678e+00  2.72649e+00
 5.04000e+01  5.03988e-01  1.83592e-03  1.80847e+00  3.64278e-03  2.51563e+00  2.72580e+00
 5.05000e+01  5.03929e-01  2.28752e-03  1.80781e+00  4.53937e-03  2.51416e+00  2.72495e+00
 5.06000e+01  5.03853e-01  2.74062e-03  1.80700e+00  5.43933e-03  2.51234e+00  2.72390e+00
 5.07000e+01  5.03761e-01  3.19212e-03  1.80602e+00  6.33657e-03  2.51005e+00  2.72256e+00
 5.08000e+01  5.03648e-01  3.64410e-03  1.80488e+00  7.23540e-03  2.50758e+00  2.72123e+00
 5.09000e+01  5.03514e-01  4.09789e-03  1.80356e+00  8.13859e-03  2.50465e+00  2.71968e+00
 5.10000e+01  5.03356e-01  4.55685e-03  1.80207e+00  9.05294e-03  2.50144e+00  2.71807e+00
 5.11000e+01  5.03173e-01  5.02576e-03  1.80038e+00  9.98815e-03  2.49781e+00  2.71630e+00
 5.12000e+01  5.02962e-01  5.51116e-03  1.79848e+00  1.09574e-02  2.49388e+00  2.71450e+00
 5.13000e+01  5.02723e-01  6.01606e-03  1.79637e+00  1.19669e-02  2.48940e+00  2.71242e+00
 5.14000e+01  5.02456e-01  6.52949e-03  1.79405e+00  1.29952e-02  2.48453e+00  2.71024e+00
 5.15000e+01  5.02157e-01  7.06835e-03  1.79151e+00  1.40760e-02  2.47954e+00  2.70823e+00
 5.16000e+01  5.01829e-01  7.62876e-03  1.78875e+00  1.52019e-02  2.47401e+00  2.70598e+00
 5.17000e+01  5.01471e-01  8.21745e-03  1.78576e+00  1.63867e-02  2.46819e+00  2.70370e+00
 5.18000e+01  5.01086e-01  8.84161e-03  1.78253e+00  1.76449e-02  2.46182e+00  2.70115e+00
 5.19000e+01  5.00673e-01  9.50046e-03  1.77907e+00  1.89754e-02  2.45497e+00  2.69837e+00
 5.20000e+01  5.00235e-01  1.01935e-02  1.77537e+00  2.03774e-02  2.44764e+00  2.69533e+00
 5.21000e+01  4.99772e-01  1.09099e-02  1.77142e+00  2.18297e-02  2.43982e+00  2.69205e+00
 5.22000e+01  4.99284e-01  1.16502e-02  1.76724e+00  2.33339e-02  2.43146e+00  2.68844e+00
 5.23000e+01  4.98771e-01  1.23909e-02  1.76283e+00  2.48429e-02  2.42281e+00  2.68474e+00
 5.24000e+01  4.98235e-01  1.31333e-02  1.75819e+00  2.63596e-02  2.41386e+00  2.68096e+00
 5.25000e+01  4.97676e-01  1.38603e-02  1.75336e+00  2.78502e-02  2.40435e+00  2.67681e+00
 5.26000e+01  4.97094e-01  1.45606e-02  1.74836e+00  2.92915e-02  2.39490e+00  2.67289e+00
 5.27000e+01  4.96493e-01  1.52434e-02  1.74316e+00  3.07021e-02  2.38509e+00  2.66877e+00
 5.28000e+01  4.95875e-01  1.58899e-02  1.73781e+00  3.20441e-02  2.37486e+00  2.66435e+00
 5.29000e+01  4.95241e-01  1.65003e-02  1.73232e+00  3.33177e-02  2.36438e+00  2.65979e+00
 5.30000e+01  4.94594e-01  1.70594e-02  1.72673e+00  3.44918e-02  2.35387e+00  2.65530e+00
 5.31000e+01  4.93935e-01  1.75588e-02  1.72110e+00  3.55489e-02  2.34318e+00  2.65069e+00
 5.32000e+01  4.93266e-01  1.79932e-02  1.71541e+00  3.64776e-02  2.33227e+00  2.64591e+00
 5.33000e+01  4.92589e-01  1.83570e-02  1.70966e+00  3.72664e-02  2.32170e+00  2.64150e+00
 5.34000e+01  4.91908e-01  1.86389e-02  1.70394e+00  3.78911e-02  2.31099e+00  2.63696e+00
 5.35000e+01  4.91225e-01  1.88248e-02  1.69832e+00  3.83221e-02  2.30050e+00  2.63261e+00
 5.36000e+01  4.90544e-01  1.89265e-02  1.69273e+00  3.85826e-02  2.29019e+00  2.62839e+00
 5.37000e+01  4.89868e-01  1.89288e-02  1.68725e+00  3.86407e-02  2.28007e+00  2.62428e+00
 5.38000e+01  4.89201e-01  1.88308e-02  1.68194e+00  3.84930e-02  2.27041e+00  2.62053e+00
 5.39000e+01  4.88548e-01  1.86364e-02  1.67682e+00  3.81465e-02  2.26108e+00  2.61695e+00
 5.40000e+01  4.87914e-01  1.83441e-02  1.67190e+00  3.75970e-02  2.25214e+00  2.61357e+00
 5.41000e+01  4.87302e-01  1.79714e-02  1.66714e+00  3.68794e-02  2.24350e+00  2.61026e+00
 5.42000e+01  4.86719e-01  1.75092e-02  1.66263e+00  3.59740e-02  2.23535e+00  2.60717e+00
 5.43000e+01  4.86167e-01  1.69521e-02  1.65846e+00  3.48688e-02  2.22764e+00  2.60422e+00
 5.44000e+01  4.85651e-01  1.63087e-02  1.65460e+00  3.35811e-02  2.22067e+00  2.60169e+00
 5.45000e+01  4.85175e-01  1.55862e-02  1.65103e+00  3.21249e-02  2.21411e+00  2.59920e+00
 5.46000e+01  4.84741e-01  1.47886e-02  1.64778e+00  3.05083e-02  2.20819e+00  2.59698e+00
 5.47000e+01  4.84353e-01  1.39113e-02  1.64493e+00  2.87215e-02  2.20322e+00  2.59533e+00
 5.48000e+01  4.84015e-01  1.29620e-02  1.64248e+00  2.67802e-02  2.19860e+00  2.59356e+00
 5.49000e+01  4.83729e-01  1.19551e-02  1.64040e+00  2.47144e-02  2.19479e+00  2.59218e+00
 5.50000e+01  4.83496e-01  1.08941e-02  1.63872e+00  2.25318e-02  2.19181e+00  2.59116e+00
 5.51000e+01  4.83319e-01  9.78121e-03  1.63748e+00  2.02376e-02  2.18947e+00  2.59032e+00
 5.52000e+01  4.83199e-01  8.63202e-03  1.63666e+00  1.78643e-02  2.18789e+00  2.58976e+00
 5.53000e+01  4.83136e-01  7.44979e-03  1.63627e+00  1.54197e-02  2.18713e+00  2.58953e+00
 5.54000e+01  4.83130e-01  6.25086e-03  1.63629e+00  1.29383e-02  2.18711e+00  2.58957e+00
 5.55000e+01  4.83182e-01  5.04394e-03  1.63675e+00  1.04390e-02  2.18788e+00  2.58991e+00
 5.56000e+01  4.83291e-01  3.82417e-03  1.63764e+00  7.91276e-03  2.18950e+00  2.59061e+00
 5.57000e+01  4.83456e-01  2.61800e-03  1.63895e+00  5.41518e-03  2.19178e+00  2.59152e+00
 5.58000e+01  4.83676e-01  1.41907e-03  1.64067e+00  2.93391e-03  2.19487e+00  2.59275e+00
 5.59000e+01  4.83950e-01  2.47843e-04  1.64279e+00  5.12126e-04  2.19860e+00  2.59418e+00
 5.60000e+01  4.84275e-01 -8.88434e-04  1.64529e+00 -1.83457e-03  2.20317e+00  2.59600e+00
 5.61000e+01  4.84649e-01 -1.99940e-03  1.64814e+00 -4.12545e-03  2.20836e+00  2.59802e+00
 5.62000e+01  4.85070e-01 -3.04888e-03  1.65133e+00 -6.28545e-03  2.21420e+00  2.60028e+00
 5.63000e+01  4.85535e-01 -4.04725e-03  1.65485e+00 -8.33566e-03  2.22075e+00  2.60286e+00
 5.64000e+01  4.86041e-01 -4.97943e-03  1.65867e+00 -1.02449e-02  2.22767e+00  2.60543e+00
 5.65000e+01  4.86586e-01 -5.84128e-03  1.66278e+00 -1.20046e-02  2.23527e+00  2.60833e+00
 5.66000e+01  4.87166e-01 -6.63752e-03  1.66714e+00 -1.36248e-02  2.24325e+00  2.61128e+00
 5.67000e+01  4.87776e-01 -7.35424e-03  1.67174e+00 -1.50771e-02  2.25161e+00  2.61431e+00
 5.68000e+01  4.88411e-01 -7.99702e-03  1.67655e+00 -1.63735e-02  2.26043e+00  2.61756e+00
 5.69000e+01  4.89068e-01 -8.56012e-03  1.68153e+00 -1.75029e-02  2.26969e+00  2.62104e+00
 5.70000e+01  4.89742e-01 -9.04700e-03  1.68668e+00 -1.84730e-02  2.27927e+00  2.62465e+00
 5.71000e+01  4.90428e-01 -9.44484e-03  1.69198e+00 -1.92583e-02  2.28908e+00  2.62834e+00
 5.72000e+01  4.91123e-01 -9.77083e-03  1.69736e+00 -1.98949e-02  2.29927e+00  2.63230e+00
 5.73000e+01  4.91823e-01 -1.00190e-02  1.70283e+00 -2.03711e-02  2.30945e+00  2.63618e+00
 5.74000e+01  4.92524e-01 -1.01826e-02  1.70836e+00 -2.06743e-02  2.31991e+00  2.64029e+00
 5.75000e+01  4.93221e-01 -1.02789e-02  1.71389e+00 -2.08403e-02  2.33037e+00  2.64438e+00
 5.76000e+01  4.93913e-01 -1.02940e-02  1.71942e+00 -2.08418e-02  2.34076e+00  2.64842e+00
 5.77000e+01  4.94595e-01 -1.02373e-02  1.72492e+00 -2.06984e-02  2.35128e+00  2.65265e+00
 5.78000e+01  4.95264e-01 -1.01075e-02  1.73035e+00 -2.04084e-02  2.36162e+00  2.65677e+00
 5.79000e+01  4.95917e-01 -9.91879e-03  1.73567e+00 -2.00009e-02  2.37181e+00  2.66085e+00
 5.80000e+01  4.96552e-01 -9.66898e-03  1.74086e+00 -1.94722e-02  2.38174e+00  2.66481e+00
 5.81000e+01  4.97166e-01 -9.36076e-03  1.74592e+00 -1.88282e-02  2.39144e+00  2.66870e+00
 5.82000e+01  4.97756e-01 -9.01404e-03  1.75078e+00 -1.81093e-02  2.40088e+00  2.67251e+00
 5.83000e+01  4.98322e-01 -8.62548e-03  1.75546e+00 -1.73091e-02  2.41018e+00  2.67641e+00
 5.84000e+01  4.98861e-01 -8.20541e-03  1.75997e+00 -1.64483e-02  2.41910e+00  2.68014e+00
 5.85000e+01  4.99374e-01 -7.77160e-03  1.76424e+00 -1.55627e-02  2.42752e+00  2.68361e+00
 5.86000e+01  4.99860e-01 -7.33501e-03  1.76830e+00 -1.46741e-02  2.43557e+00  2.68694e+00
 5.87000e+01  5.00317e-01 -6.88351e-03  1.77218e+00 -1.37583e-02  2.44323e+00  2.69013e+00
 5.88000e+01  5.00746e-01 -6.44586e-03  1.77583e+00 -1.28725e-02  2.45054e+00  2.69324e+00
 5.89000e+01  5.01145e-01 -6.02600e-03  1.77924e+00 -1.20245e-02  2.45727e+00  2.69604e+00
 5.90000e+01  5.01515e-01 -5.62339e-03  1.78241e+00 -1.12128e-02  2.46386e+00  2.69898e+00
 5.91000e+01  5.01856e-01 -5.23649e-03  1.78536e+00 -1.04342e-02  2.46991e+00  2.70163e+00
 5.92000e+01  5.02170e-01 -4.84086e-03  1.78813e+00 -9.63988e-03  2.47548e+00  2.70409e+00
 5.93000e+01  5.02456e-01 -4.46031e-03  1.79068e+00 -8.87703e-03  2.48089e+00  2.70663e+00
 5.94000e+01  5.02716e-01 -4.07471e-03  1.79304e+00 -8.10538e-03  2.48573e+00  2.70886e+00
 5.95000e+01  5.02953e-01 -3.70444e-03  1.79517e+00 -7.36539e-03  2.49026e+00  2.71102e+00
 5.96000e+01  5.03166e-01 -3.34873e-03  1.79710e+00 -6.65531e-03  2.49437e+00  2.71297e+00
 5.97000e+01  5.03358e-01 -2.98576e-03  1.79885e+00 -5.93167e-03  2.49817e+00  2.71482e+00
 5.98000e+01  5.03531e-01 -2.64003e-03  1.80042e+00 -5.24303e-03  2.50148e+00  2.71638e+00
 5.99000e+01  5.03686e-01 -2.29240e-03  1.80182e+00 -4.55125e-03  2.50455e+00  2.71788e+00
 6.00000e+01  5.03825e-01 -1.96425e-03  1.80304e+00 -3.89867e-03  2.50717e+00  2.71909e+00
 6.01000e+01  5.03947e-01 -1.64564e-03  1.80410e+00 -3.26551e-03  2.50939e+00  2.72006e+00
 6.02000e+01  5.04055e-01 -1.32538e-03  1.80502e+00 -2.62944e-03  2.51155e+00  2.72112e+00
 6.03000e+01  5.04149e-01 -1.01976e-03  1.80581e+00 -2.02274e-03  2.51312e+00  2.72174e+00
 6.04000e+01  5.04229e-01 -7.22514e-04  1.80646e+00 -1.43291e-03  2.51464e+00  2.72244e+00
 6.05000e+01  5.04297e-01 -4.47644e-04  1.80698e+00 -8.87659e-04  2.51570e+00  2.72282e+00
 6.06000e+01  5.04351e-01 -1.93854e-04  1.80739e+00 -3.84363e-04  2.51653e+00  2.72309e+00
 6.07000e+01  5.04393e-01  3.81140e-05  1.80767e+00  7.55641e-05  2.51736e+00  2.72349e+00
 6.08000e+01  5.04422e-01  2.52034e-04  1.80784e+00  4.99648e-04  2.51774e+00  2.72357e+00
 6.09000e+01  5.04439e-01  4.42714e-04  1.80790e+00  8.77636e-04  2.51786e+00  2.72353e+00
 6.10000e+01  5.04444e-01  6.04087e-04  1.80782e+00  1.19753e-03  2.51749e+00  2.72312e+00
 6.11000e+01  5.04434e-01  7.25399e-04  1.80761e+00  1.43805e-03  2.51708e+00  2.72281e+00
 6.12000e+01  5.04410e-01  7.98464e-04  1.80724e+00  1.58297e-03  2.51640e+00  2.72238e+00
 6.13000e+01  5.04371e-01  8.41555e-04  1.80672e+00  1.66853e-03  2.51534e+00  2.72173e+00
 6.14000e+01  5.04316e-01  8.41667e-04  1.80603e+00  1.66893e-03  2.51399e+00  2.72094e+00
 6.15000e+01  5.04245e-01  7.99371e-04  1.80517e+00  1.58528e-03  2.51230e+00  2.71998e+00
 6.16000e+01  5.04157e-01  7.19604e-04  1.80414e+00  1.42734e-03  2.51020e+00  2.71878e+00
 6.17000e+01  5.04051e-01  5.99541e-04  1.80295e+00  1.18944e-03  2.50766e+00  2.71733e+00
 6.18000e+01  5.03926e-01  4.63673e-04  1.80157e+00  9.20122e-04  2.50486e+00  2.71582e+00
 6.19000e+01  5.03779e-01  3.19511e-04  1.80002e+00  6.34229e-04  2.50159e+00  2.71404e+00
 6.20000e+01  5.03609e-01  1.67747e-04  1.79828e+00  3.33090e-04  2.49814e+00  2.71232e+00
 6.21000e+01  5.03416e-01  1.80002e-05  1.79636e+00  3.57562e-05  2.49403e+00  2.71018e+00
 6.22000e+01  5.03196e-01 -1.17156e-04  1.79425e+00 -2.32823e-04  2.48965e+00  2.70801e+00
 6.23000e+01  5.02949e-01 -2.28586e-04  1.79193e+00 -4.54491e-04  2.48506e+00  2.70590e+00
 6.24000e+01  5.02675e-01 -3.18855e-04  1.78941e+00 -6.34316e-04  2.47989e+00  2.70349e+00
 6.25000e+01  5.02371e-01 -3.82928e-04  1.78668e+00 -7.62242e-04  2.47463e+00  2.70126e+00
 6.26000e+01  5.02040e-01 -4.14476e-04  1.78374e+00 -8.25584e-04  2.46870e+00  2.69864e+00
 6.27000e+01  5.01680e-01 -4.07556e-04  1.78059e+00 -8.12382e-04  2.46249e+00  2.69600e+00
 6.28000e+01  5.01293e-01 -3.56022e-04  1.77721e+00 -7.10208e-04  2.45582e+00  2.69315e+00
 6.29000e+01  5.00878e-01 -2.62454e-04  1.77362e+00 -5.23989e-04  2.44869e+00  2.69011e+00
 6.30000e+01  5.00436e-01 -1.25496e-04  1.76980e+00 -2.50774e-04  2.44124e+00  2.68698e+00
 6.31000e+01  4.99968e-01  4.92409e-05  1.76578e+00  9.84880e-05  2.43312e+00  2.68342e+00
 6.32000e+01  4.99474e-01  2.67894e-04  1.76153e+00  5.36351e-04  2.42483e+00  2.67994e+00
 6.33000e+01  4.98955e-01  5.34092e-04  1.75708e+00  1.07042e-03  2.41599e+00  2.67611e+00
 6.34000e+01  4.98410e-01  8.39436e-04  1.75243e+00  1.68423e-03  2.40694e+00  2.67229e+00
 6.35000e+01  4.97841e-01  1.19697e-03  1.74759e+00  2.40433e-03  2.39751e+00  2.66829e+00
 6.36000e+01  4.97250e-01  1.60312e-03  1.74258e+00  3.22396e-03  2.38767e+00  2.66407e+00
 6.37000e+01  4.96636e-01  2.05537e-03  1.73741e+00  4.13859e-03  2.37783e+00  2.66004e+00
 6.38000e+01  4.96002e-01  2.54967e-03  1.73210e+00  5.14044e-03  2.36760e+00  2.65576e+00
 6.39000e+01  4.95350e-01  3.07818e-03  1.72669e+00  6.21414e-03  2.35731e+00  2.65154e+00
 6.40000e+01  4.94683e-01  3.64393e-03  1.72118e+00  7.36618e-03  2.34690e+00  2.64733e+00
 6.41000e+01  4.94004e-01  4.23739e-03  1.71560e+00  8.57765e-03  2.33642e+00  2.64310e+00
 6.42000e+01  4.93316e-01  4.86308e-03  1.70999e+00  9.85794e-03  2.32595e+00  2.63893e+00
 6.43000e+01  4.92623e-01  5.51527e-03  1.70436e+00  1.11957e-02  2.31549e+00  2.63479e+00
 6.44000e+01  4.91929e-01  6.19471e-03  1.69874e+00  1.25927e-02  2.30508e+00  2.63065e+00
 6.45000e+01  4.91239e-01  6.90136e-03  1.69316e+00  1.40489e-02  2.29478e+00  2.62655e+00
 6.46000e+01  4.90556e-01  7.62752e-03  1.68764e+00  1.55487e-02  2.28473e+00  2.62261e+00
 6.47000e+01  4.89885e-01  8.37760e-03  1.68222e+00  1.71012e-02  2.27481e+00  2.61865e+00
 6.48000e+01  4.89231e-01  9.14143e-03  1.67693e+00  1.86853e-02  2.26516e+00  2.61477e+00
 6.49000e+01  4.88598e-01  9.92716e-03  1.67178e+00  2.03176e-02  2.25580e+00  2.61096e+00
 6.50000e+01  4.87990e-01  1.07220e-02  1.66682e+00  2.19718e-02  2.24676e+00  2.60720e+00
 6.51000e+01  4.87411e-01  1.15245e-02  1.66207e+00  2.36443e-02  2.23822e+00  2.60368e+00
 6.52000e+01  4.86864e-01  1.23370e-02  1.65756e+00  2.53397e-02  2.23011e+00  2.60028e+00
 6.53000e+01  4.86353e-01  1.31375e-02  1.65336e+00  2.70122e-02  2.22240e+00  2.59693e+00
 6.54000e+01  4.85880e-01  1.39407e-02  1.64945e+00  2.86915e-02  2.21546e+00  2.59402e+00
 6.55000e+01  4.85449e-01  1.47332e-02  1.64585e+00  3.03496e-02  2.20915e+00  2.59138e+00
 6.56000e+01  4.85063e-01  1.55111e-02  1.64263e+00  3.19776e-02  2.20335e+00  2.58882e+00
 6.57000e+01  4.84724e-01  1.62714e-02  1.63980e+00  3.35685e-02  2.19847e+00  2.58681e+00
 6.58000e+01  4.84434e-01  1.70053e-02  1.63737e+00  3.51034e-02  2.19419e+00  2.58495e+00
 6.59000e+01  4.84197e-01  1.77215e-02  1.63531e+00  3.65997e-02  2.19059e+00  2.58332e+00
 6.60000e+01  4.84014e-01  1.83966e-02  1.63371e+00  3.80084e-02  2.18783e+00  2.58209e+00
 6.61000e+01  4.83886e-01  1.90371e-02  1.63254e+00  3.93420e-02  2.18566e+00  2.58097e+00
 6.62000e+01  4.83813e-01  1.96355e-02  1.63180e+00  4.05849e-02  2.18453e+00  2.58045e+00
 6.63000e+01  4.83796e-01  2.01848e-02  1.63151e+00  4.17218e-02  2.18429e+00  2.58034e+00
 6.64000e+01  4.83837e-01  2.06912e-02  1.63165e+00  4.27648e-02  2.18449e+00  2.58017e+00
 6.65000e+01  4.83934e-01  2.11417e-02  1.63223e+00  4.36871e-02  2.18567e+00  2.58053e+00
 6.66000e+01  4.84087e-01  2.15427e-02  1.63324e+00  4.45017e-02  2.18762e+00  2.58119e+00
 6.67000e+01  4.84296e-01  2.18832e-02  1.63471e+00  4.51856e-02  2.19028e+00  2.58208e+00
 6.68000e+01  4.84558e-01  2.21710e-02  1.63656e+00  4.57550e-02  2.19383e+00  2.58342e+00
 6.69000e+01  4.84873e-01  2.24059e-02  1.63878e+00  4.62097e-02  2.19778e+00  2.58468e+00
 6.70000e+01  4.85237e-01  2.25698e-02  1.64146e+00  4.65130e-02  2.20267e+00  2.58648e+00
 6.71000e+01  4.85648e-01  2.26754e-02  1.64451e+00  4.66911e-02  2.20818e+00  2.58849e+00
 6.72000e+01  4.86103e-01  2.27192e-02  1.64788e+00  4.67375e-02  2.21427e+00  2.59068e+00
 6.73000e+01  4.86597e-01  2.26945e-02  1.65164e+00  4.66392e-02  2.22125e+00  2.59344e+00
 6.74000e+01  4.87128e-01  2.26063e-02  1.65570e+00  4.64073e-02  2.22845e+00  2.59605e+00
 6.75000e+01  4.87692e-01  2.24563e-02  1.66001e+00  4.60462e-02  2.23642e+00  2.59916e+00
 6.76000e+01  4.88284e-01  2.22382e-02  1.66463e+00  4.55436e-02  2.24495e+00  2.60254e+00
 6.77000e+01  4.88902e-01  2.19545e-02  1.66951e+00  4.49058e-02  2.25384e+00  2.60604e+00
 6.78000e+01  4.89541e-01  2.16159e-02  1.67452e+00  4.41553e-02  2.26321e+00  2.60980e+00
 6.79000e+01  4.90199e-01  2.12170e-02  1.67972e+00  4.32825e-02  2.27270e+00  2.61349e+00
 6.80000e+01  4.90870e-01  2.07593e-02  1.68507e+00  4.22907e-02  2.28259e+00  2.61742e+00
 6.81000e+01  4.91551e-01  2.02508e-02  1.69051e+00  4.11978e-02  2.29270e+00  2.62144e+00
 6.82000e+01  4.92238e-01  1.96908e-02  1.69603e+00  4.00026e-02  2.30296e+00  2.62553e+00
 6.83000e+01  4.92927e-01  1.90906e-02  1.70152e+00  3.87290e-02  2.31331e+00  2.62965e+00
 6.84000e+01  4.93615e-01  1.84526e-02  1.70699e+00  3.73825e-02  2.32361e+00  2.63369e+00
 6.85000e+01  4.94297e-01  1.77687e-02  1.71249e+00  3.59473e-02  2.33377e+00  2.63759e+00
 6.86000e+01  4.94970e-01  1.70538e-02  1.71790e+00  3.44542e-02  2.34392e+00  2.64152e+00
 6.87000e+01  4.95630e-01  1.63110e-02  1.72318e+00  3.29096e-02  2.35411e+00  2.64560e+00
 6.88000e+01  4.96274e-01  1.55377e-02  1.72838e+00  3.13087e-02  2.36401e+00  2.64950e+00
 6.89000e+01  4.96898e-01  1.47444e-02  1.73343e+00  2.96728e-02  2.37368e+00  2.65330e+00
 6.90000e+01  4.97501e-01  1.39356e-02  1.73832e+00  2.80111e-02  2.38326e+00  2.65720e+00
 6.91000e+01  4.98081e-01  1.31101e-02  1.74306e+00  2.63213e-02  2.39254e+00  2.66097e+00
 6.92000e+01  4.98636e-01  1.22842e-02  1.74758e+00  2.46356e-02  2.40131e+00  2.66445e+00
 6.93000e+01  4.99164e-01  1.14608e-02  1.75188e+00  2.29599e-02  2.40982e+00  2.66789e+00
 6.94000e+01  4.99664e-01  1.06226e-02  1.75602e+00  2.12594e-02  2.41798e+00  2.67122e+00
 6.95000e+01  5.00136e-01  9.79367e-03  1.75993e+00  1.95820e-02  2.42579e+00  2.67447e+00
 6.96000e+01  5.00578e-01  8.97770e-03  1.76358e+00  1.79347e-02  2.43313e+00  2.67751e+00
 6.97000e+01  5.00991e-01  8.16907e-03  1.76702e+00  1.63058e-02  2.44010e+00  2.68045e+00
 6.98000e+01  5.01374e-01  7.38958e-03  1.77019e+00  1.47387e-02  2.44677e+00  2.68336e+00
 6.99000e+01  5.01729e-01  6.64165e-03  1.77309e+00  1.32375e-02  2.45272e+00  2.68582e+00
 7.00000e+01  5.02056e-01  5.93028e-03  1.77576e+00  1.18120e-02  2.45833e+00  2.68819e+00
 7.01000e+01  5.02357e-01  5.25791e-03  1.77818e+00  1.04665e-02  2.46352e+00  2.69041e+00
 7.02000e+01  5.02631e-01  4.63560e-03  1.78036e+00  9.22267e-03  2.46829e+00  2.69244e+00
 7.03000e+01  5.02881e-01  4.06369e-03  1.78231e+00  8.08082e-03  2.47245e+00  2.69411e+00
 7.04000e+01  5.03108e-01  3.53361e-03  1.78406e+00  7.02356e-03  2.47617e+00  2.69556e+00
 7.05000e+01  5.03311e-01  3.05189e-03  1.78561e+00  6.06363e-03  2.47957e+00  2.69693e+00
 7.06000e+01  5.03492e-01  2.60398e-03  1.78697e+00  5.17184e-03  2.48240e+00  2.69795e+00
 7.07000e+01  5.03650e-01  2.18666e-03  1.78814e+00  4.34163e-03  2.48503e+00  2.69900e+00
 7.08000e+01  5.03786e-01  1.79829e-03  1.78913e+00  3.56955e-03  2.48728e+00  2.69988e+00
 7.09000e+01  5.03900e-01  1.42875e-03  1.78995e+00  2.83538e-03  2.48927e+00  2.70072e+00
 7.10000e+01  5.03994e-01  1.07068e-03  1.79061e+00  2.12439e-03  2.49074e+00  2.70125e+00
 7.11000e+01  5.04069e-01  7.08731e-04  1.79111e+00  1.40602e-03  2.49198e+00  2.70173e+00
 7.12000e+01  5.04124e-01  3.44479e-04  1.79145e+00  6.83322e-04  2.49298e+00  2.70217e+00
 7.13000e+01  5.04162e-01 -3.69423e-05  1.79164e+00 -7.32747e-05  2.49346e+00  2.70227e+00
 7.14000e+01  5.04182e-01 -4.51105e-04  1.79168e+00 -8.94727e-04  2.49403e+00  2.70264e+00
 7.15000e+01  5.04186e-01 -8.84637e-04  1.79157e+00 -1.75458e-03  2.49396e+00  2.70253e+00
 7.16000e+01  5.04176e-01 -1.34546e-03  1.79134e+00 -2.66864e-03  2.49348e+00  2.70216e+00
 7.17000e+01  5.04149e-01 -1.85204e-03  1.79095e+00 -3.67360e-03  2.49294e+00  2.70189e+00
 7.18000e+01  5.04108e-01 -2.40231e-03  1.79041e+00 -4.76548e-03  2.49209e+00  2.70146e+00
 7.19000e+01  5.04052e-01 -2.99404e-03  1.78974e+00 -5.93994e-03  2.49104e+00  2.70097e+00
 7.20000e+01  5.03983e-01 -3.62762e-03  1.78894e+00 -7.19790e-03  2.48971e+00  2.70034e+00
 7.21000e+01  5.03902e-01 -4.29384e-03  1.78803e+00 -8.52119e-03  2.48816e+00  2.69961e+00
 7.22000e+01  5.03809e-01 -4.99260e-03  1.78702e+00 -9.90969e-03  2.48643e+00  2.69882e+00
 7.23000e+01  5.03706e-01 -5.71857e-03  1.78594e+00 -1.13530e-02  2.48446e+00  2.69788e+00
 7.24000e+01  5.03593e-01 -6.47169e-03  1.78477e+00 -1.28510e-02  2.48233e+00  2.69689e+00
 7.25000e+01  5.03471e-01 -7.25763e-03  1.78351e+00 -1.44152e-02  2.48010e+00  2.69589e+00
 7.26000e+01  5.03341e-01 -8.05887e-03  1.78219e+00 -1.60108e-02  2.47757e+00  2.69467e+00
 7.27000e+01  5.03202e-01 -8.86716e-03  1.78084e+00 -1.76215e-02  2.47523e+00  2.69372e+00
 7.28000e+01  5.03057e-01 -9.68142e-03  1.77944e+00 -1.92452e-02  2.47259e+00  2.69254e+00
 7.29000e+01  5.02905e-01 -1.05008e-02  1.77798e+00 -2.08803e-02  2.46971e+00  2.69117e+00
 7.30000e+01  5.02748e-01 -1.13140e-02  1.77647e+00 -2.25043e-02  2.46700e+00  2.69003e+00
 7.31000e+01  5.02585e-01 -1.21121e-02  1.77493e+00 -2.40996e-02  2.46401e+00  2.68866e+00
 7.32000e+01  5.02418e-01 -1.28903e-02  1.77337e+00 -2.56565e-02  2.46129e+00  2.68760e+00
 7.33000e+01  5.02248e-01 -1.36439e-02  1.77178e+00 -2.71657e-02  2.45856e+00  2.68655e+00
 7.34000e+01  5.02077e-01 -1.43762e-02  1.77020e+00 -2.86334e-02  2.45582e+00  2.68549e+00
 7.35000e+01  5.01908e-01 -1.50803e-02  1.76862e+00 -3.00460e-02  2.45281e+00  2.68416e+00
 7.36000e+01  5.01742e-01 -1.57664e-02  1.76702e+00 -3.14234e-02  2.44971e+00  2.68270e+00
 7.37000e+01  5.01577e-01 -1.64194e-02  1.76548e+00 -3.27355e-02  2.44708e+00  2.68170e+00
 7.38000e+01  5.01417e-01 -1.70418e-02  1.76399e+00 -3.39872e-02  2.44425e+00  2.68043e+00
 7.39000e+01  5.01262e-01 -1.76506e-02  1.76246e+00 -3.52123e-02  2.44129e+00  2.67900e+00
 7.40000e+01  5.01111e-01 -1.82231e-02  1.76098e+00 -3.63655e-02  2.43847e+00  2.67765e+00
 7.41000e+01  5.00966e-01 -1.87629e-02  1.75961e+00 -3.74534e-02  2.43599e+00  2.67660e+00
 7.42000e+01  5.00826e-01 -1.92677e-02  1.75830e+00 -3.84719e-02  2.43355e+00  2.67553e+00
 7.43000e+01  5.00693e-01 -1.97402e-02  1.75705e+00 -3.94258e-02  2.43119e+00  2.67446e+00
 7.44000e+01  5.00567e-01 -2.01813e-02  1.75587e+00 -4.03170e-02  2.42910e+00  2.67360e+00
 7.45000e+01  5.00450e-01 -2.05875e-02  1.75480e+00 -4.11380e-02  2.42721e+00  2.67285e+00
 7.46000e+01  5.00341e-01 -2.09635e-02  1.75383e+00 -4.18983e-02  2.42563e+00  2.67232e+00
 7.47000e+01  5.00245e-01 -2.13130e-02  1.75292e+00 -4.26051e-02  2.42391e+00  2.67154e+00
 7.48000e+01  5.00160e-01 -2.16408e-02  1.75207e+00 -4.32677e-02  2.42228e+00  2.67073e+00
 7.49000e+01  5.00087e-01 -2.19353e-02  1.75131e+00 -4.38630e-02  2.42090e+00  2.67006e+00
 7.50000e+01  5.00026e-01 -2.22024e-02  1.75062e+00 -4.44025e-02  2.41971e+00  2.66946e+00
 7.51000e+01  4.99977e-01 -2.24296e-02  1.75009e+00 -4.48613e-02  2.41894e+00  2.66916e+00
 7.52000e+01  4.99942e-01 -2.26187e-02  1.74966e+00 -4.52426e-02  2.41817e+00  2.66873e+00
 7.53000e+01  4.99920e-01 -2.27854e-02  1.74922e+00 -4.55781e-02  2.41728e+00  2.66805e+00
 7.54000e+01  4.99912e-01 -2.29042e-02  1.74893e+00 -4.58164e-02  2.41681e+00  2.66766e+00
 7.55000e+01  4.99915e-01 -2.29770e-02  1.74882e+00 -4.59618e-02  2.41678e+00  2.66760e+00
 7.56000e+01  4.99932e-01 -2.30155e-02  1.74874e+00 -4.60373e-02  2.41678e+00  2.66743e+00
 7.57000e+01  4.99962e-01 -2.30138e-02  1.74867e+00 -4.60311e-02  2.41640e+00  2.66677e+00
 7.58000e+01  5.00002e-01 -2.29649e-02  1.74870e+00 -4.59296e-02  2.41629e+00  2.66628e+00
 7.59000e+01  5.00050e-01 -2.28484e-02  1.74896e+00 -4.56923e-02  2.41722e+00  2.66674e+00
 7.60000e+01  5.00108e-01 -2.26760e-02  1.74932e+00 -4.53422e-02  2.41801e+00  2.66697e+00
 7.61000e+01  5.00176e-01 -2.24614e-02  1.74967e+00 -4.49070e-02  2.41869e+00  2.66699e+00
 7.62000e+01  5.00253e-01 -2.21835e-02  1.75017e+00 -4.43446e-02  2.41984e+00  2.66739e+00
 7.63000e+01  5.00338e-01 -2.18536e-02  1.75079e+00 -4.36777e-02  2.42117e+00  2.66790e+00
 7.64000e+01  5.00433e-01 -2.14752e-02  1.75145e+00 -4.29132e-02  2.42256e+00  2.66837e+00
 7.65000e+01  5.00537e-01 -2.10477e-02  1.75216e+00 -4.20503e-02  2.42370e+00  2.66850e+00
 7.66000e+01  5.00648e-01 -2.05714e-02  1.75296e+00 -4.10896e-02  2.42535e+00  2.66907e+00
 7.67000e+01  5.00765e-01 -2.00393e-02  1.75386e+00 -4.00174e-02  2.42740e+00  2.66998e+00
 7.68000e+01  5.00889e-01 -1.94727e-02  1.75480e+00 -3.88763e-02  2.42923e+00  2.67060e+00
 7.69000e+01  5.01020e-01 -1.88675e-02  1.75578e+00 -3.76581e-02  2.43127e+00  2.67137e+00
 7.70000e+01  5.01158e-01 -1.82342e-02  1.75679e+00 -3.63841e-02  2.43341e+00  2.67217e+00
 7.71000e+01  5.01302e-01 -1.75802e-02  1.75782e+00 -3.50690e-02  2.43543e+00  2.67279e+00
 7.72000e+01  5.01451e-01 -1.69018e-02  1.75891e+00 -3.37058e-02  2.43747e+00  2.67336e+00
 7.73000e+01  5.01604e-01 -1.62095e-02  1.76003e+00 -3.23153e-02  2.43968e+00  2.67407e+00
 7.74000e+01  5.01760e-01 -1.55048e-02  1.76116e+00 -3.09009e-02  2.44199e+00  2.67485e+00
 7.75000e+01  5.01918e-01 -1.47909e-02  1.76233e+00 -2.94688e-02  2.44430e+00  2.67561e+00
 7.76000e+01  5.02078e-01 -1.40683e-02  1.76351e+00 -2.80201e-02  2.44669e+00  2.67644e+00
 7.77000e+01  5.02238e-01 -1.33464e-02  1.76473e+00 -2.65738e-02  2.44910e+00  2.67727e+00
 7.78000e+01  5.02398e-01 -1.26176e-02  1.76599e+00 -2.51148e-02  2.45153e+00  2.67812e+00
 7.79000e+01  5.02556e-01 -1.19028e-02  1.76722e+00 -2.36845e-02  2.45410e+00  2.67914e+00
 7.80000e+01  5.02713e-01 -1.12032e-02  1.76845e+00 -2.22855e-02  2.45656e+00  2.68004e+00
 7.81000e+01  5.02868e-01 -1.05117e-02  1.76970e+00 -2.09036e-02  2.45896e+00  2.68090e+00
 7.82000e+01  5.03021e-01 -9.85623e-03  1.77089e+00 -1.95941e-02  2.46144e+00  2.68187e+00
 7.83000e+01  5.03170e-01 -9.22395e-03  1.77205e+00 -1.83317e-02  2.46377e+00  2.68272e+00
 7.84000e+01  5.03316e-01 -8.62491e-03  1.77318e+00 -1.71362e-02  2.46603e+00  2.68353e+00
 7.85000e+01  5.03458e-01 -8.05986e-03  1.77427e+00 -1.60090e-02  2.46818e+00  2.68426e+00
 7.86000e+01  5.03595e-01 -7.53132e-03  1.77530e+00 -1.49551e-02  2.47025e+00  2.68497e+00
 7.87000e+01  5.03726e-01 -7.04489e-03  1.77626e+00 -1.39856e-02  2.47231e+00  2.68572e+00
 7.88000e+01  5.03852e-01 -6.59559e-03  1.77717e+00 -1.30903e-02  2.47419e+00  2.68635e+00
 7.89000e+01  5.03972e-01 -6.19625e-03  1.77800e+00 -1.22948e-02  2.47585e+00  2.68681e+00
 7.90000e+01  5.04084e-01 -5.83115e-03  1.77877e+00 -1.15678e-02  2.47737e+00  2.68720e+00
 7.91000e+01  5.04189e-01 -5.50534e-03  1.77948e+00 -1.09192e-02  2.47872e+00  2.68752e+00
 7.92000e+01  5.04285e-01 -5.21236e-03  1.78011e+00 -1.03361e-02  2.48001e+00  2.68784e+00
 7.93000e+01  5.04370e-01 -4.95001e-03  1.78065e+00 -9.81424e-03  2.48115e+00  2.68813e+00
 7.94000e+01  5.04446e-01 -4.71809e-03  1.78112e+00 -9.35301e-03  2.48195e+00  2.68818e+00
 7.95000e+01  5.04509e-01 -4.49667e-03  1.78151e+00 -8.91296e-03  2.48297e+00  2.68857e+00
 7.96000e+01  5.04561e-01 -4.30679e-03  1.78181e+00 -8.53571e-03  2.48386e+00  2.68893e+00
 7.97000e+01  5.04602e-01 -4.14636e-03  1.78202e+00 -8.21707e-03  2.48436e+00  2.68902e+00
 7.98000e+01  5.04634e-01 -4.00686e-03  1.78216e+00 -7.94014e-03  2.48498e+00  2.68932e+00
 7.99000e+01  5.04656e-01 -3.90094e-03  1.78221e+00 -7.72990e-03  2.48520e+00  2.68932e+00
 8.00000e+01  5.04669e-01 -3.82441e-03  1.78217e+00 -7.57805e-03  2.48527e+00  2.68926e+00
 8.01000e+01  5.04674e-01 -3.77409e-03  1.78205e+00 -7.47828e-03  2.48516e+00  2.68911e+00
 8.02000e+01  5.04670e-01 -3.74883e-03  1.78184e+00 -7.42827e-03  2.48489e+00  2.68888e+00
 8.03000e+01  5.04659e-01 -3.74040e-03  1.78155e+00 -7.41174e-03  2.48467e+00  2.68877e+00
 8.04000e+01  5.04640e-01 -3.75279e-03  1.78119e+00 -7.43657e-03  2.48404e+00  2.68834e+00
 8.05000e+01  5.04614e-01 -3.78325e-03  1.78075e+00 -7.49731e-03  2.48355e+00  2.68811e+00
 8.06000e+01  5.04583e-01 -3.83266e-03  1.78026e+00 -7.59570e-03  2.48290e+00  2.68777e+00
 8.07000e+01  5.04548e-01 -3.91151e-03  1.77972e+00 -7.75252e-03  2.48202e+00  2.68725e+00
 8.08000e+01  5.04508e-01 -4.00580e-03  1.77915e+00 -7.94002e-03  2.48129e+00  2.68692e+00
 8.09000e+01  5.04466e-01 -4.12371e-03  1.77856e+00 -8.17441e-03  2.48025e+00  2.68632e+00
 8.10000e+01  5.04421e-01 -4.26294e-03  1.77796e+00 -8.45116e-03  2.47926e+00  2.68579e+00
 8.11000e+01  5.04374e-01 -4.41106e-03  1.77736e+00 -8.74561e-03  2.47828e+00  2.68528e+00
 8.12000e+01  5.04326e-01 -4.57492e-03  1.77677e+00 -9.07135e-03  2.47736e+00  2.68484e+00
 8.13000e+01  5.04278e-01 -4.74922e-03  1.77620e+00 -9.41787e-03  2.47647e+00  2.68444e+00
 8.14000e+01  5.04229e-01 -4.93812e-03  1.77564e+00 -9.79341e-03  2.47542e+00  2.68387e+00
 8.15000e+01  5.04182e-01 -5.13920e-03  1.77510e+00 -1.01931e-02  2.47444e+00  2.68337e+00
 8.16000e+01  5.04134e-01 -5.35622e-03  1.77457e+00 -1.06246e-02  2.47336e+00  2.68277e+00
 8.17000e+01  5.04087e-01 -5.59325e-03  1.77403e+00 -1.10958e-02  2.47230e+00  2.68219e+00
 8.18000e+01  5.04040e-01 -5.84942e-03  1.77349e+00 -1.16051e-02  2.47113e+00  2.68151e+00
 8.19000e+01  5.03991e-01 -6.12629e-03  1.77293e+00 -1.21556e-02  2.46999e+00  2.68086e+00
 8.20000e+01  5.03940e-01 -6.42308e-03  1.77234e+00 -1.27457e-02  2.46878e+00  2.68016e+00
 8.21000e+01  5.03886e-01 -6.74738e-03  1.77172e+00 -1.33907e-02  2.46746e+00  2.67938e+00
 8.22000e+01  5.03829e-01 -7.09149e-03  1.77106e+00 -1.40752e-02  2.46633e+00  2.67883e+00
 8.23000e+01  5.03769e-01 -7.45871e-03  1.77036e+00 -1.48058e-02  2.46485e+00  2.67796e+00
 8.24000e+01  5.03704e-01 -7.84199e-03  1.76963e+00 -1.55686e-02  2.46350e+00  2.67725e+00
 8.25000e+01  5.03635e-01 -8.23251e-03  1.76886e+00 -1.63462e-02  2.46211e+00  2.67656e+00
 8.26000e+01  5.03562e-01 -8.63032e-03  1.76809e+00 -1.71385e-02  2.46055e+00  2.67572e+00
 8.27000e+01  5.03485e-01 -9.02220e-03  1.76729e+00 -1.79195e-02  2.45923e+00  2.67517e+00
 8.28000e+01  5.03404e-01 -9.41347e-03  1.76648e+00 -1.86996e-02  2.45752e+00  2.67427e+00
 8.29000e+01  5.03319e-01 -9.78843e-03  1.76568e+00 -1.94478e-02  2.45605e+00  2.67364e+00
 8.30000e+01  5.03231e-01 -1.01502e-02  1.76486e+00 -2.01700e-02  2.45465e+00  2.67312e+00
 8.31000e+01  5.03139e-01 -1.05025e-02  1.76402e+00 -2.08740e-02  2.45300e+00  2.67238e+00
 8.32000e+01  5.03046e-01 -1.08261e-02  1.76319e+00 -2.15210e-02  2.45168e+00  2.67198e+00
 8.33000e+01  5.02952e-01 -1.11365e-02  1.76236e+00 -2.21422e-02  2.45010e+00  2.67133e+00
 8.34000e+01  5.02858e-01 -1.14228e-02  1.76153e+00 -2.27158e-02  2.44866e+00  2.67081e+00
 8.35000e+01  5.02766e-01 -1.16871e-02  1.76071e+00 -2.32456e-02  2.44742e+00  2.67049e+00
 8.36000e+01  5.02677e-01 -1.19378e-02  1.75988e+00 -2.37485e-02  2.44596e+00  2.66991e+00
 8.37000e+01  5.02593e-01 -1.21602e-02  1.75910e+00 -2.41949e-02  2.44476e+00  2.66953e+00
 8.38000e+01  5.02515e-01 -1.23685e-02  1.75835e+00 -2.46133e-02  2.44364e+00  2.66918e+00
 8.39000e+01  5.02446e-01 -1.25600e-02  1.75761e+00 -2.49976e-02  2.44232e+00  2.66854e+00
 8.40000e+01  5.02386e-01 -1.27260e-02  1.75695e+00 -2.53312e-02  2.44111e+00  2.66791e+00
 8.41000e+01  5.02335e-01 -1.28678e-02  1.75634e+00 -2.56159e-02  2.44008e+00  2.66739e+00
 8.42000e+01  5.02294e-01 -1.29787e-02  1.75582e+00 -2.58388e-02  2.43918e+00  2.66690e+00
 8.43000e+01  5.02262e-01 -1.30562e-02  1.75540e+00 -2.59947e-02  2.43850e+00  2.66653e+00
 8.44000e+01  5.02241e-01 -1.31036e-02  1.75506e+00 -2.60902e-02  2.43788e+00  2.66611e+00
 8.45000e+01  5.02230e-01 -1.31225e-02  1.75479e+00 -2.61286e-02  2.43736e+00  2.66571e+00
 8.46000e+01  5.02228e-01 -1.31100e-02  1.75460e+00 -2.61038e-02  2.43700e+00  2.66538e+00
 8.47000e+01  5.02234e-01 -1.30617e-02  1.75454e+00 -2.60073e-02  2.43708e+00  2.66539e+00
 8.48000e+01  5.02251e-01 -1.29757e-02  1.75460e+00 -2.58351e-02  2.43735e+00  2.66551e+00
 8.49000e+01  5.02277e-01 -1.28723e-02  1.75470e+00 -2.56278e-02  2.43741e+00  2.66531e+00
 8.50000e+01  5.02312e-01 -1.27505e-02  1.75484e+00 -2.53836e-02  2.43778e+00  2.66533e+00
 8.51000e+01  5.02356e-01 -1.26002e-02  1.75508e+00 -2.50822e-02  2.43827e+00  2.66540e+00
 8.52000e+01  5.02408e-01 -1.24296e-02  1.75540e+00 -2.47401e-02  2.43891e+00  2.66553e+00
 8.53000e+01  5.02467e-01 -1.22490e-02  1.75572e+00 -2.43777e-02  2.43953e+00  2.66557e+00
 8.54000e+01  5.02533e-01 -1.20618e-02  1.75606e+00 -2.40020e-02  2.44006e+00  2.66545e+00
 8.55000e+01  5.02605e-01 -1.18548e-02  1.75645e+00 -2.35867e-02  2.44093e+00  2.66562e+00
 8.56000e+01  5.02680e-01 -1.16419e-02  1.75686e+00 -2.31596e-02  2.44166e+00  2.66561e+00
 8.57000e+01  5.02759e-01 -1.14226e-02  1.75726e+00 -2.27198e-02  2.44232e+00  2.66550e+00
 8.58000e+01  5.02839e-01 -1.11966e-02  1.75766e+00 -2.22668e-02  2.44294e+00  2.66534e+00
 8.59000e+01  5.02918e-01 -1.09661e-02  1.75804e+00 -2.18049e-02  2.44365e+00  2.66529e+00
 8.60000e+01  5.02994e-01 -1.07149e-02  1.75844e+00 -2.13023e-02  2.44447e+00  2.66536e+00
 8.61000e+01  5.03066e-01 -1.04576e-02  1.75883e+00 -2.07878e-02  2.44531e+00  2.66549e+00
 8.62000e+01  5.03134e-01 -1.01873e-02  1.75922e+00 -2.02477e-02  2.44632e+00  2.66583e+00
 8.63000e+01  5.03199e-01 -9.90970e-03  1.75959e+00 -1.96934e-02  2.44718e+00  2.66606e+00
 8.64000e+01  5.03259e-01 -9.63117e-03  1.75995e+00 -1.91376e-02  2.44822e+00  2.66650e+00
 8.65000e+01  5.03318e-01 -9.34884e-03  1.76031e+00 -1.85744e-02  2.44900e+00  2.66670e+00
 8.66000e+01  5.03373e-01 -9.07151e-03  1.76063e+00 -1.80214e-02  2.44986e+00  2.66701e+00
 8.67000e+01  5.03427e-01 -8.79071e-03  1.76095e+00 -1.74617e-02  2.45087e+00  2.66750e+00
 8.68000e+01  5.03480e-01 -8.51081e-03  1.76126e+00 -1.69040e-02  2.45152e+00  2.66761e+00
 8.69000e+01  5.03532e-01 -8.22570e-03  1.76156e+00 -1.63360e-02  2.45238e+00  2.66797e+00
 8.70000e+01  5.03584e-01 -7.93269e-03  1.76186e+00 -1.57525e-02  2.45296e+00  2.66803e+00
 8.71000e+01  5.03636e-01 -7.62776e-03  1.76217e+00 -1.51454e-02  2.45371e+00  2.66827e+00
 8.72000e+01  5.03687e-01 -7.31765e-03  1.76246e+00 -1.45282e-02  2.45458e+00  2.66863e+00
 8.73000e+01  5.03738e-01 -7.00348e-03  1.76277e+00 -1.39030e-02  2.45510e+00  2.66864e+00
 8.74000e+01  5.03789e-01 -6.68234e-03  1.76308e+00 -1.32642e-02  2.45581e+00  2.66886e+00
 8.75000e+01  5.03840e-01 -6.37355e-03  1.76338e+00 -1.26500e-02  2.45645e+00  2.66899e+00
 8.76000e+01  5.03889e-01 -6.06356e-03  1.76369e+00 -1.20335e-02  2.45709e+00  2.66915e+00
 8.77000e+01  5.03937e-01 -5.76146e-03  1.76402e+00 -1.14329e-02  2.45784e+00  2.66942e+00
 8.78000e+01  5.03984e-01 -5.47001e-03  1.76435e+00 -1.08535e-02  2.45869e+00  2.66980e+00
 8.79000e+01  5.04031e-01 -5.18010e-03  1.76472e+00 -1.02773e-02  2.45956e+00  2.67021e+00
 8.80000e+01  5.04078e-01 -4.89979e-03  1.76513e+00 -9.72031e-03  2.46038e+00  2.67056e+00
 8.81000e+01  5.04125e-01 -4.63063e-03  1.76555e+00 -9.18549e-03  2.46117e+00  2.67088e+00
 8.82000e+01  5.04172e-01 -4.37351e-03  1.76600e+00 -8.67465e-03  2.46200e+00  2.67124e+00
 8.83000e+01  5.04218e-01 -4.11648e-03  1.76647e+00 -8.16409e-03  2.46300e+00  2.67177e+00
 8.84000e+01  5.04265e-01 -3.87720e-03  1.76695e+00 -7.68881e-03  2.46392e+00  2.67222e+00
 8.85000e+01  5.04312e-01 -3.66708e-03  1.76741e+00 -7.27144e-03  2.46488e+00  2.67271e+00
 8.86000e+01  5.04360e-01 -3.48852e-03  1.76784e+00 -6.91673e-03  2.46558e+00  2.67293e+00
 8.87000e+01  5.04407e-01 -3.33757e-03  1.76824e+00 -6.61680e-03  2.46621e+00  2.67309e+00
 8.88000e+01  5.04454e-01 -3.20561e-03  1.76861e+00 -6.35463e-03  2.46678e+00  2.67321e+00
 8.89000e+01  5.04497e-01 -3.09485e-03  1.76893e+00 -6.13453e-03  2.46722e+00  2.67322e+00
 8.90000e+01  5.04537e-01 -2.99729e-03  1.76919e+00 -5.94068e-03  2.46785e+00  2.67345e+00
 8.91000e+01  5.04572e-01 -2.92255e-03  1.76940e+00 -5.79213e-03  2.46817e+00  2.67342e+00
 8.92000e+01  5.04604e-01 -2.86305e-03  1.76955e+00 -5.67386e-03  2.46849e+00  2.67342e+00
 8.93000e+01  5.04630e-01 -2.82236e-03  1.76964e+00 -5.59294e-03  2.46862e+00  2.67331e+00
 8.94000e+01  5.04650e-01 -2.79723e-03  1.76968e+00 -5.54292e-03  2.46875e+00  2.67323e+00
 8.95000e+01  5.04664e-01 -2.77938e-03  1.76967e+00 -5.50738e-03  2.46911e+00  2.67345e+00
 8.96000e+01  5.04673e-01 -2.78103e-03  1.76962e+00 -5.51056e-03  2.46883e+00  2.67309e+00
 8.97000e+01  5.04676e-01 -2.79096e-03  1.76951e+00 -5.53020e-03  2.46873e+00  2.67296e+00
 8.98000e+01  5.04674e-01 -2.81340e-03  1.76936e+00 -5.57469e-03  2.46872e+00  2.67298e+00
 8.99000e+01  5.04667e-01 -2.84234e-03  1.76915e+00 -5.63211e-03  2.46835e+00  2.67268e+00
 9.00000e+01  5.04655e-01 -2.88583e-03  1.76888e+00 -5.71843e-03  2.46817e+00  2.67262e+00
 9.01000e+01  5.04639e-01 -2.94018e-03  1.76857e+00 -5.82630e-03  2.46768e+00  2.67229e+00
 9.02000e+01  5.04620e-01 -2.99859e-03  1.76821e+00 -5.94227e-03  2.46716e+00  2.67196e+00
 9.03000e+01  5.04598e-01 -3.07776e-03  1.76779e+00 -6.09942e-03  2.46664e+00  2.67167e+00
 9.04000e+01  5.04575e-01 -3.14855e-03  1.76734e+00 -6.24000e-03  2.46595e+00  2.67121e+00
 9.05000e+01  5.04550e-01 -3.22632e-03  1.76686e+00 -6.39446e-03  2.46528e+00  2.67080e+00
 9.06000e+01  5.04524e-01 -3.31080e-03  1.76635e+00 -6.56223e-03  2.46443e+00  2.67021e+00
 9.07000e+01  5.04497e-01 -3.38598e-03  1.76584e+00 -6.71160e-03  2.46362e+00  2.66968e+00
 9.08000e+01  5.04469e-01 -3.47442e-03  1.76531e+00 -6.88728e-03  2.46281e+00  2.66915e+00
 9.09000e+01  5.04441e-01 -3.55234e-03  1.76479e+00 -7.04212e-03  2.46200e+00  2.66863e+00
 9.10000e+01  5.04413e-01 -3.62739e-03  1.76430e+00 -7.19131e-03  2.46123e+00  2.66814e+00
 9.11000e+01  5.04386e-01 -3.70749e-03  1.76381e+00 -7.35050e-03  2.46060e+00  2.66779e+00
 9.12000e+01  5.04359e-01 -3.78602e-03  1.76337e+00 -7.50659e-03  2.45997e+00  2.66743e+00
 9.13000e+01  5.04335e-01 -3.87122e-03  1.76297e+00 -7.67588e-03  2.45927e+00  2.66697e+00
 9.14000e+01  5.04313e-01 -3.95361e-03  1.76262e+00 -7.83959e-03  2.45874e+00  2.66666e+00
 9.15000e+01  5.04293e-01 -4.05404e-03  1.76230e+00 -8.03905e-03  2.45824e+00  2.66637e+00
 9.16000e+01  5.04276e-01 -4.16220e-03  1.76203e+00 -8.25381e-03  2.45789e+00  2.66619e+00
 9.17000e+01  5.04262e-01 -4.26889e-03  1.76181e+00 -8.46561e-03  2.45738e+00  2.66582e+00
 9.18000e+01  5.04251e-01 -4.38971e-03  1.76162e+00 -8.70541e-03  2.45704e+00  2.66559e+00
 9.19000e+01  5.04242e-01 -4.50463e-03  1.76147e+00 -8.93346e-03  2.45684e+00  2.66548e+00
 9.20000e+01  5.04236e-01 -4.61895e-03  1.76135e+00 -9.16030e-03  2.45650e+00  2.66521e+00
 9.21000e+01  5.04231e-01 -4.73246e-03  1.76125e+00 -9.38549e-03  2.45629e+00  2.66505e+00
 9.22000e+01  5.04229e-01 -4.83847e-03  1.76116e+00 -9.59579e-03  2.45602e+00  2.66481e+00
 9.23000e+01  5.04227e-01 -4.93926e-03  1.76109e+00 -9.79571e-03  2.45570e+00  2.66451e+00
 9.24000e+01  5.04224e-01 -5.03133e-03  1.76102e+00 -9.97835e-03  2.45529e+00  2.66414e+00
 9.25000e+01  5.04220e-01 -5.11494e-03  1.76095e+00 -1.01443e-02  2.45519e+00  2.66408e+00
 9.26000e+01  5.04213e-01 -5.17635e-03  1.76089e+00 -1.02662e-02  2.45503e+00  2.66399e+00
 9.27000e+01  5.04204e-01 -5.22832e-03  1.76083e+00 -1.03695e-02  2.45478e+00  2.66383e+00
 9.28000e+01  5.04192e-01 -5.27380e-03  1.76076e+00 -1.04599e-02  2.45458e+00  2.66375e+00
 9.29000e+01  5.04177e-01 -5.29397e-03  1.76071e+00 -1.05002e-02  2.45423e+00  2.66355e+00
 9.30000e+01  5.04157e-01 -5.29891e-03  1.76066e+00 -1.05104e-02  2.45416e+00  2.66367e+00
 9.31000e+01  5.04133e-01 -5.29711e-03  1.76060e+00 -1.05074e-02  2.45389e+00  2.66363e+00
 9.32000e+01  5.04106e-01 -5.28402e-03  1.76051e+00 -1.04820e-02  2.45366e+00  2.66368e+00
 9.33000e+01  5.04075e-01 -5.26245e-03  1.76041e+00 -1.04398e-02  2.45344e+00  2.66375e+00
 9.34000e+01  5.04040e-01 -5.22890e-03  1.76029e+00 -1.03740e-02  2.45324e+00  2.66390e+00
 9.35000e+01  5.04004e-01 -5.18649e-03  1.76014e+00 -1.02906e-02  2.45307e+00  2.66408e+00
 9.36000e+01  5.03966e-01 -5.14356e-03  1.75996e+00 -1.02062e-02  2.45276e+00  2.66414e+00
 9.37000e+01  5.03929e-01 -5.08761e-03  1.75976e+00 -1.00959e-02  2.45256e+00  2.66431e+00
 9.38000e+01  5.03893e-01 -5.03213e-03  1.75954e+00 -9.98651e-03  2.45212e+00  2.66421e+00
 9.39000e+01  5.03859e-01 -4.96961e-03  1.75931e+00 -9.86308e-03  2.45179e+00  2.66421e+00
 9.40000e+01  5.03829e-01 -4.90119e-03  1.75908e+00 -9.72788e-03  2.45143e+00  2.66416e+00
 9.41000e+01  5.03803e-01 -4.84014e-03  1.75884e+00 -9.60721e-03  2.45113e+00  2.66411e+00
 9.42000e+01  5.03781e-01 -4.76492e-03  1.75862e+00 -9.45831e-03  2.45080e+00  2.66400e+00
 9.43000e+01  5.03765e-01 -4.69383e-03  1.75842e+00 -9.31749e-03  2.45042e+00  2.66378e+00
 9.44000e+01  5.03755e-01 -4.61065e-03  1.75825e+00 -9.15257e-03  2.45032e+00  2.66378e+00
 9.45000e+01  5.03750e-01 -4.51702e-03  1.75812e+00 -8.96679e-03  2.45015e+00  2.66365e+00
 9.46000e+01  5.03753e-01 -4.42120e-03  1.75802e+00 -8.77652e-03  2.45004e+00  2.66352e+00
 9.47000e+01  5.03762e-01 -4.30639e-03  1.75797e+00 -8.54846e-03  2.44999e+00  2.66338e+00
 9.48000e+01  5.03778e-01 -4.19681e-03  1.75795e+00 -8.33067e-03  2.45021e+00  2.66344e+00
 9.49000e+01  5.03801e-01 -4.08045e-03  1.75796e+00 -8.09932e-03  2.45036e+00  2.66337e+00
 9.50000e+01  5.03832e-01 -3.95721e-03  1.75801e+00 -7.85423e-03  2.45047e+00  2.66318e+00
 9.51000e+01  5.03869e-01 -3.82445e-03  1.75810e+00 -7.59017e-03  2.45076e+00  2.66310e+00
 9.52000e+01  5.03913e-01 -3.67767e-03  1.75822e+00 -7.29823e-03  2.45104e+00  2.66296e+00
 9.53000e+01  5.03962e-01 -3.52376e-03  1.75838e+00 -6.99211e-03  2.45134e+00  2.66278e+00
 9.54000e+01  5.04016e-01 -3.36098e-03  1.75855e+00 -6.66841e-03  2.45165e+00  2.66256e+00
 9.55000e+01  5.04072e-01 -3.18993e-03  1.75874e+00 -6.32831e-03  2.45203e+00  2.66240e+00
 9.56000e+01  5.04131e-01 -3.00828e-03  1.75894e+00 -5.96726e-03  2.45239e+00  2.66219e+00
 9.57000e+01  5.04190e-01 -2.82985e-03  1.75915e+00 -5.61266e-03  2.45297e+00  2.66218e+00
 9.58000e+01  5.04249e-01 -2.64156e-03  1.75937e+00 -5.23860e-03  2.45325e+00  2.66189e+00
 9.59000e+01  5.04306e-01 -2.45632e-03  1.75958e+00 -4.87071e-03  2.45363e+00  2.66171e+00
 9.60000e+01  5.04359e-01 -2.27515e-03  1.75979e+00 -4.51097e-03  2.45417e+00  2.66173e+00
 9.61000e+01  5.04409e-01 -2.08518e-03  1.76001e+00 -4.13391e-03  2.45454e+00  2.66162e+00
 9.62000e+01  5.04454e-01 -1.90054e-03  1.76022e+00 -3.76752e-03  2.45506e+00  2.66169e+00
 9.63000e+01  5.04494e-01 -1.71543e-03  1.76042e+00 -3.40030e-03  2.45530e+00  2.66154e+00
 9.64000e+01  5.04527e-01 -1.53818e-03  1.76061e+00 -3.04875e-03  2.45576e+00  2.66167e+00
 9.65000e+01  5.04553e-01 -1.36827e-03  1.76079e+00 -2.71184e-03  2.45612e+00  2.66177e+00
 9.66000e+01  5.04573e-01 -1.21110e-03  1.76094e+00 -2.40025e-03  2.45649e+00  2.66194e+00
 9.67000e+01  5.04586e-01 -1.06687e-03  1.76107e+00 -2.11435e-03  2.45679e+00  2.66211e+00
 9.68000e+01  5.04593e-01 -9.28066e-04  1.76119e+00 -1.83924e-03  2.45703e+00  2.66228e+00
 9.69000e+01  5.04594e-01 -7.96336e-04  1.76127e+00 -1.57817e-03  2.45731e+00  2.66254e+00
 9.70000e+01  5.04590e-01 -6.70311e-04  1.76133e+00 -1.32843e-03  2.45733e+00  2.66260e+00
 9.71000e+01  5.04581e-01 -5.51983e-04  1.76136e+00 -1.09394e-03  2.45765e+00  2.66300e+00
 9.72000e+01  5.04569e-01 -4.42414e-04  1.76136e+00 -8.76817e-04  2.45754e+00  2.66301e+00
 9.73000e+01  5.04553e-01 -3.45016e-04  1.76132e+00 -6.83806e-04  2.45775e+00  2.66338e+00
 9.74000e+01  5.04536e-01 -2.55713e-04  1.76126e+00 -5.06828e-04  2.45791e+00  2.66370e+00
 9.75000e+01  5.04519e-01 -1.79058e-04  1.76118e+00 -3.54909e-04  2.45782e+00  2.66377e+00
 9.76000e+01  5.04504e-01 -1.08202e-04  1.76109e+00 -2.14472e-04  2.45798e+00  2.66407e+00
 9.77000e+01  5.04492e-01 -4.34268e-05  1.76101e+00 -8.60804e-05  2.45765e+00  2.66387e+00
 9.78000e+01  5.04483e-01  1.00205e-05  1.76092e+00  1.98629e-05  2.45762e+00  2.66392e+00
 9.79000e+01  5.04477e-01  4.88339e-05  1.76084e+00  9.68010e-05  2.45741e+00  2.66377e+00
 9.80000e+01  5.04474e-01  7.87627e-05  1.76076e+00  1.56128e-04  2.45735e+00  2.66374e+00
 9.81000e+01  5.04475e-01  1.09809e-04  1.76070e+00  2.17670e-04  2.45738e+00  2.66377e+00
 9.82000e+01  5.04480e-01  1.30454e-04  1.76067e+00  2.58592e-04  2.45736e+00  2.66370e+00
 9.83000e+01  5.04488e-01  1.54051e-04  1.76068e+00  3.05361e-04  2.45749e+00  2.66374e+00
 9.84000e+01  5.04501e-01  1.75043e-04  1.76073e+00  3.46961e-04  2.45742e+00  2.66354e+00
 9.85000e+01  5.04518e-01  1.98084e-04  1.76083e+00  3.92620e-04  2.45756e+00  2.66353e+00
 9.86000e+01  5.04536e-01  2.21753e-04  1.76098e+00  4.39519e-04  2.45774e+00  2.66352e+00
 9.87000e+01  5.04557e-01  2.39586e-04  1.76117e+00  4.74844e-04  2.45817e+00  2.66375e+00
 9.88000e+01  5.04580e-01  2.62039e-04  1.76142e+00  5.19322e-04  2.45829e+00  2.66365e+00
 9.89000e+01  5.04603e-01  2.69794e-04  1.76169e+00  5.34667e-04  2.45876e+00  2.66388e+00
 9.90000e+01  5.04625e-01  2.75091e-04  1.76200e+00  5.45140e-04  2.45926e+00  2.66416e+00
 9.91000e+01  5.04648e-01  2.75192e-04  1.76232e+00  5.45316e-04  2.45940e+00  2.66408e+00
 9.92000e+01  5.04667e-01  2.68058e-04  1.76263e+00  5.31158e-04  2.46009e+00  2.66456e+00
 9.93000e+01  5.04685e-01  2.51813e-04  1.76294e+00  4.98951e-04  2.46040e+00  2.66469e+00
 9.94000e+01  5.04700e-01  2.25390e-04  1.76323e+00  4.46583e-04  2.46094e+00  2.66509e+00
 9.95000e+01  5.04711e-01  2.02088e-04  1.76348e+00  4.00404e-04  2.46138e+00  2.66540e+00
 9.96000e+01  5.04720e-01  1.65894e-04  1.76369e+00  3.28685e-04  2.46165e+00  2.66558e+00
 9.97000e+01  5.04727e-01  1.25912e-04  1.76386e+00  2.49467e-04  2.46211e+00  2.66597e+00
 9.98000e+01  5.04731e-01  8.48473e-05  1.76398e+00  1.68104e-04  2.46224e+00  2.66606e+00
 9.99000e+01  5.04733e-01  4.09424e-05  1.76406e+00  8.11169e-05  2.46244e+00  2.66624e+00
