 0.00000e+00  2.14720e-01  7.87199e-15  1.00668e-01  3.66616e-14  7.84989e-02  4.55704e-01
 5.00000e-01  2.14713e-01  2.94381e-05  1.00669e-01  1.37104e-04  7.84984e-02  4.55710e-01
 1.00000e+00  2.14692e-01  5.88169e-05  1.00669e-01  2.73960e-04  7.84967e-02  4.55728e-01
 1.50000e+00  2.14656e-01  8.80770e-05  1.00670e-01  4.10317e-04  7.84940e-02  4.55758e-01
 2.00000e+00  2.14607e-01  1.17159e-04  1.00671e-01  5.45925e-04  7.84901e-02  4.55800e-01
 2.50000e+00  2.14543e-01  1.46004e-04  1.00672e-01  6.80535e-04  7.84852e-02  4.55854e-01
 3.00000e+00  2.14465e-01  1.74552e-04  1.00673e-01  8.13894e-04  7.84791e-02  4.55920e-01
 3.50000e+00  2.14374e-01  2.02743e-04  1.00675e-01  9.45748e-04  7.84719e-02  4.55998e-01
 4.00000e+00  2.14268e-01  2.30518e-04  1.00677e-01  1.07584e-03  7.84635e-02  4.56087e-01
 4.50000e+00  2.14149e-01  2.57817e-04  1.00678e-01  1.20392e-03  7.84540e-02  4.56188e-01
 5.00000e+00  2.14015e-01  2.84580e-04  1.00681e-01  1.32972e-03  7.84434e-02  4.56301e-01
 5.50000e+00  2.13869e-01  3.10746e-04  1.00683e-01  1.45297e-03  7.84316e-02  4.56425e-01
 6.00000e+00  2.13709e-01  3.36255e-04  1.00685e-01  1.57343e-03  7.84186e-02  4.56560e-01
 6.50000e+00  2.13535e-01  3.61048e-04  1.00687e-01  1.69081e-03  7.84044e-02  4.56707e-01
 7.00000e+00  2.13348e-01  3.85062e-04  1.00689e-01  1.80485e-03  7.83889e-02  4.56864e-01
 7.50000e+00  2.13149e-01  4.08239e-04  1.00691e-01  1.91528e-03  7.83722e-02  4.57032e-01
 8.00000e+00  2.12936e-01  4.30517e-04  1.00693e-01  2.02181e-03  7.83543e-02  4.57211e-01
 8.50000e+00  2.12711e-01  4.51836e-04  1.00695e-01  2.12418e-03  7.83350e-02  4.57400e-01
 9.00000e+00  2.12473e-01  4.72135e-04  1.00696e-01  2.22209e-03  7.83145e-02  4.57599e-01
 9.50000e+00  2.12223e-01  4.91354e-04  1.00698e-01  2.31528e-03  7.82926e-02  4.57808e-01
 1.00000e+01  2.11961e-01  5.09434e-04  1.00698e-01  2.40344e-03  7.82693e-02  4.58027e-01
 1.05000e+01  2.11687e-01  5.26315e-04  1.00699e-01  2.48629e-03  7.82447e-02  4.58256e-01
 1.10000e+01  2.11401e-01  5.41937e-04  1.00698e-01  2.56355e-03  7.82186e-02  4.58493e-01
 1.15000e+01  2.11104e-01  5.56242e-04  1.00698e-01  2.63492e-03  7.81911e-02  4.58739e-01
 1.20000e+01  2.10796e-01  5.69173e-04  1.00696e-01  2.70012e-03  7.81621e-02  4.58994e-01
 1.25000e+01  2.10477e-01  5.80673e-04  1.00694e-01  2.75885e-03  7.81317e-02  4.59258e-01
 1.30000e+01  2.10147e-01  5.90686e-04  1.00691e-01  2.81082e-03  7.80997e-02  4.59529e-01
 1.35000e+01  2.09807e-01  5.99159e-04  1.00687e-01  2.85577e-03  7.80661e-02  4.59807e-01
 1.40000e+01  2.09457e-01  6.06040e-04  1.00682e-01  2.89339e-03  7.80310e-02  4.60094e-01
 1.45000e+01  2.09097e-01  6.11279e-04  1.00677e-01  2.92342e-03  7.79943e-02  4.60387e-01
 1.50000e+01  2.08728e-01  6.14827e-04  1.00670e-01  2.94560e-03  7.79559e-02  4.60686e-01
 1.55000e+01  2.08349e-01  6.16642e-04  1.00662e-01  2.95966e-03  7.79159e-02  4.60992e-01
 1.60000e+01  2.07962e-01  6.16680e-04  1.00652e-01  2.96535e-03  7.78743e-02  4.61304e-01
 1.65000e+01  2.07566e-01  6.14905e-04  1.00642e-01  2.96246e-03  7.78309e-02  4.61621e-01
 1.70000e+01  2.07162e-01  6.11285e-04  1.00630e-01  2.95075e-03  7.77859e-02  4.61943e-01
 1.75000e+01  2.06751e-01  6.05790e-04  1.00616e-01  2.93005e-03  7.77392e-02  4.62270e-01
 1.80000e+01  2.06332e-01  5.98399e-04  1.00601e-01  2.90018e-03  7.76908e-02  4.62602e-01
 1.85000e+01  2.05906e-01  5.89095e-04  1.00585e-01  2.86100e-03  7.76407e-02  4.62937e-01
 1.90000e+01  2.05473e-01  5.77871e-04  1.00567e-01  2.81239e-03  7.75889e-02  4.63276e-01
 1.95000e+01  2.05034e-01  5.64725e-04  1.00547e-01  2.75429e-03  7.75354e-02  4.63618e-01
 2.00000e+01  2.04590e-01  5.49664e-04  1.00526e-01  2.68666e-03  7.74803e-02  4.63963e-01
 2.05000e+01  2.04140e-01  5.32705e-04  1.00503e-01  2.60951e-03  7.74236e-02  4.64310e-01
 2.10000e+01  2.03685e-01  5.13877e-04  1.00479e-01  2.52289e-03  7.73653e-02  4.64660e-01
 2.15000e+01  2.03226e-01  4.93216e-04  1.00453e-01  2.42693e-03  7.73055e-02  4.65011e-01
 2.20000e+01  2.02763e-01  4.70773e-04  1.00425e-01  2.32179e-03  7.72442e-02  4.65364e-01
 2.25000e+01  2.02297e-01  4.46611e-04  1.00396e-01  2.20770e-03  7.71816e-02  4.65718e-01
 2.30000e+01  2.01827e-01  4.20804e-04  1.00365e-01  2.08497e-03  7.71176e-02  4.66073e-01
 2.35000e+01  2.01355e-01  3.93441e-04  1.00333e-01  1.95396e-03  7.70523e-02  4.66428e-01
 2.40000e+01  2.00881e-01  3.64625e-04  1.00299e-01  1.81513e-03  7.69860e-02  4.66783e-01
 2.45000e+01  2.00406e-01  3.34472e-04  1.00264e-01  1.66897e-03  7.69186e-02  4.67139e-01
 2.50000e+01  1.99930e-01  3.03114e-04  1.00227e-01  1.51610e-03  7.68504e-02  4.67494e-01
 2.55000e+01  1.99453e-01  2.70696e-04  1.00190e-01  1.35719e-03  7.67814e-02  4.67850e-01
 2.60000e+01  1.98977e-01  2.37375e-04  1.00151e-01  1.19298e-03  7.67118e-02  4.68204e-01
 2.65000e+01  1.98502e-01  2.03324e-04  1.00111e-01  1.02429e-03  7.66417e-02  4.68558e-01
 2.70000e+01  1.98028e-01  1.68726e-04  1.00071e-01  8.52028e-04  7.65714e-02  4.68911e-01
 2.75000e+01  1.97557e-01  1.33775e-04  1.00030e-01  6.77146e-04  7.65009e-02  4.69263e-01
 2.80000e+01  1.97087e-01  9.86751e-05  9.99890e-02  5.00666e-04  7.64306e-02  4.69614e-01
 2.85000e+01  1.96622e-01  6.36385e-05  9.99474e-02  3.23660e-04  7.63604e-02  4.69963e-01
 2.90000e+01  1.96160e-01  2.88824e-05  9.99058e-02  1.47239e-04  7.62908e-02  4.70312e-01
 2.95000e+01  1.95702e-01 -5.37238e-06  9.98643e-02 -2.74518e-05  7.62218e-02  4.70659e-01
 3.00000e+01  1.95250e-01 -3.89039e-05  9.98231e-02 -1.99252e-04  7.61536e-02  4.71005e-01
 3.05000e+01  1.94804e-01 -7.14920e-05  9.97824e-02 -3.66995e-04  7.60865e-02  4.71349e-01
 3.10000e+01  1.94363e-01 -1.02921e-04  9.97424e-02 -5.29529e-04  7.60207e-02  4.71692e-01
 3.15000e+01  1.93930e-01 -1.32982e-04  9.97034e-02 -6.85724e-04  7.59563e-02  4.72034e-01
 3.20000e+01  1.93504e-01 -1.61478e-04  9.96654e-02 -8.34497e-04  7.58935e-02  4.72374e-01
 3.25000e+01  1.93085e-01 -1.88224e-04  9.96287e-02 -9.74822e-04  7.58326e-02  4.72712e-01
 3.30000e+01  1.92676e-01 -2.13050e-04  9.95934e-02 -1.10575e-03  7.57736e-02  4.73048e-01
 3.35000e+01  1.92275e-01 -2.35807e-04  9.95597e-02 -1.22641e-03  7.57167e-02  4.73383e-01
 3.40000e+01  1.91884e-01 -2.56365e-04  9.95278e-02 -1.33604e-03  7.56621e-02  4.73715e-01
 3.45000e+01  1.91502e-01 -2.74617e-04  9.94977e-02 -1.43402e-03  7.56098e-02  4.74044e-01
 3.50000e+01  1.91131e-01 -2.90481e-04  9.94695e-02 -1.51980e-03  7.55601e-02  4.74372e-01
 3.55000e+01  1.90770e-01 -3.03899e-04  9.94434e-02 -1.59301e-03  7.55129e-02  4.74696e-01
 3.60000e+01  1.90420e-01 -3.14842e-04  9.94194e-02 -1.65341e-03  7.54683e-02  4.75017e-01
 3.65000e+01  1.90082e-01 -3.23304e-04  9.93975e-02 -1.70087e-03  7.54264e-02  4.75334e-01
 3.70000e+01  1.89755e-01 -3.29308e-04  9.93778e-02 -1.73544e-03  7.53871e-02  4.75648e-01
 3.75000e+01  1.89440e-01 -3.32898e-04  9.93602e-02 -1.75728e-03  7.53505e-02  4.75957e-01
 3.80000e+01  1.89136e-01 -3.34146e-04  9.93447e-02 -1.76669e-03  7.53166e-02  4.76261e-01
 3.85000e+01  1.88845e-01 -3.33142e-04  9.93313e-02 -1.76410e-03  7.52853e-02  4.76559e-01
 3.90000e+01  1.88566e-01 -3.29997e-04  9.93198e-02 -1.75003e-03  7.52565e-02  4.76851e-01
 3.95000e+01  1.88300e-01 -3.24839e-04  9.93103e-02 -1.72512e-03  7.52303e-02  4.77137e-01
 4.00000e+01  1.88046e-01 -3.17809e-04  9.93025e-02 -1.69006e-03  7.52064e-02  4.77415e-01
 4.05000e+01  1.87804e-01 -3.09058e-04  9.92965e-02 -1.64564e-03  7.51848e-02  4.77685e-01
 4.10000e+01  1.87575e-01 -2.98745e-04  9.92920e-02 -1.59267e-03  7.51654e-02  4.77947e-01
 4.15000e+01  1.87359e-01 -2.87034e-04  9.92889e-02 -1.53200e-03  7.51481e-02  4.78199e-01
 4.20000e+01  1.87155e-01 -2.74087e-04  9.92870e-02 -1.46449e-03  7.51326e-02  4.78441e-01
 4.25000e+01  1.86964e-01 -2.60068e-04  9.92863e-02 -1.39100e-03  7.51190e-02  4.78673e-01
 4.30000e+01  1.86786e-01 -2.45131e-04  9.92865e-02 -1.31237e-03  7.51070e-02  4.78893e-01
 4.35000e+01  1.86620e-01 -2.29426e-04  9.92875e-02 -1.22938e-03  7.50966e-02  4.79101e-01
 4.40000e+01  1.86466e-01 -2.13090e-04  9.92892e-02 -1.14278e-03  7.50875e-02  4.79296e-01
 4.45000e+01  1.86325e-01 -1.96251e-04  9.92913e-02 -1.05327e-03  7.50797e-02  4.79479e-01
 4.50000e+01  1.86197e-01 -1.79022e-04  9.92938e-02 -9.61466e-04  7.50731e-02  4.79647e-01
 4.55000e+01  1.86080e-01 -1.61501e-04  9.92965e-02 -8.67910e-04  7.50675e-02  4.79801e-01
 4.60000e+01  1.85977e-01 -1.43773e-04  9.92993e-02 -7.73071e-04  7.50627e-02  4.79941e-01
 4.65000e+01  1.85885e-01 -1.25907e-04  9.93020e-02 -6.77339e-04  7.50588e-02  4.80065e-01
 4.70000e+01  1.85806e-01 -1.07958e-04  9.93046e-02 -5.81024e-04  7.50556e-02  4.80173e-01
 4.75000e+01  1.85739e-01 -8.99654e-05  9.93070e-02 -4.84365e-04  7.50531e-02  4.80265e-01
 4.80000e+01  1.85684e-01 -7.19585e-05  9.93090e-02 -3.87532e-04  7.50510e-02  4.80341e-01
 4.85000e+01  1.85642e-01 -5.39541e-05  9.93107e-02 -2.90636e-04  7.50495e-02  4.80400e-01
 4.90000e+01  1.85611e-01 -3.59599e-05  9.93119e-02 -1.93738e-04  7.50485e-02  4.80443e-01
 4.95000e+01  1.85593e-01 -1.79766e-05  9.93126e-02 -9.68603e-05  7.50479e-02  4.80469e-01
 5.00000e+01  1.85587e-01  5.45908e-15  9.93129e-02  2.94152e-14  7.50477e-02  4.80477e-01
 5.05000e+01  1.85593e-01  1.79766e-05  9.93126e-02  9.68603e-05  7.50479e-02  4.80469e-01
 5.10000e+01  1.85611e-01  3.59599e-05  9.93119e-02  1.93738e-04  7.50485e-02  4.80443e-01
 5.15000e+01  1.85642e-01  5.39541e-05  9.93107e-02  2.90636e-04  7.50495e-02  4.80400e-01
 5.20000e+01  1.85684e-01  7.19585e-05  9.93090e-02  3.87532e-04  7.50510e-02  4.80341e-01
 5.25000e+01  1.85739e-01  8.99654e-05  9.93070e-02  4.84365e-04  7.50531e-02  4.80265e-01
 5.30000e+01  1.85806e-01  1.07958e-04  9.93046e-02  5.81024e-04  7.50556e-02  4.80173e-01
 5.35000e+01  1.85885e-01  1.25907e-04  9.93020e-02  6.77339e-04  7.50588e-02  4.80065e-01
 5.40000e+01  1.85977e-01  1.43773e-04  9.92993e-02  7.73071e-04  7.50627e-02  4.79941e-01
 5.45000e+01  1.86080e-01  1.61501e-04  9.92965e-02  8.67910e-04  7.50675e-02  4.79801e-01
 5.50000e+01  1.86197e-01  1.79022e-04  9.92938e-02  9.61466e-04  7.50731e-02  4.79647e-01
 5.55000e+01  1.86325e-01  1.96251e-04  9.92913e-02  1.05327e-03  7.50797e-02  4.79479e-01
 5.60000e+01  1.86466e-01  2.13090e-04  9.92892e-02  1.14278e-03  7.50875e-02  4.79296e-01
 5.65000e+01  1.86620e-01  2.29426e-04  9.92875e-02  1.22938e-03  7.50966e-02  4.79101e-01
 5.70000e+01  1.86786e-01  2.45131e-04  9.92865e-02  1.31237e-03  7.51070e-02  4.78893e-01
 5.75000e+01  1.86964e-01  2.60068e-04  9.92863e-02  1.39100e-03  7.51190e-02  4.78673e-01
 5.80000e+01  1.87155e-01  2.74087e-04  9.92870e-02  1.46449e-03  7.51326e-02  4.78441e-01
 5.85000e+01  1.87359e-01  2.87034e-04  9.92889e-02  1.53200e-03  7.51481e-02  4.78199e-01
 5.90000e+01  1.87575e-01  2.98745e-04  9.92920e-02  1.59267e-03  7.51654e-02  4.77947e-01
 5.95000e+01  1.87804e-01  3.09058e-04  9.92965e-02  1.64564e-03  7.51848e-02  4.77685e-01
 6.00000e+01  1.88046e-01  3.17809e-04  9.93025e-02  1.69006e-03  7.52064e-02  4.77415e-01
 6.05000e+01  1.88300e-01  3.24839e-04  9.93103e-02  1.72512e-03  7.52303e-02  4.77137e-01
 6.10000e+01  1.88566e-01  3.29997e-04  9.93198e-02  1.75003e-03  7.52565e-02  4.76851e-01
 6.15000e+01  1.88845e-01  3.33142e-04  9.93313e-02  1.76410e-03  7.52853e-02  4.76559e-01
 6.20000e+01  1.89136e-01  3.34146e-04  9.93447e-02  1.76669e-03  7.53166e-02  4.76261e-01
 6.25000e+01  1.89440e-01  3.32898e-04  9.93602e-02  1.75728e-03  7.53505e-02  4.75957e-01
 6.30000e+01  1.89755e-01  3.29308e-04  9.93778e-02  1.73544e-03  7.53871e-02  4.75648e-01
 6.35000e+01  1.90082e-01  3.23304e-04  9.93975e-02  1.70087e-03  7.54264e-02  4.75334e-01
 6.40000e+01  1.90420e-01  3.14842e-04  9.94194e-02  1.65341e-03  7.54683e-02  4.75017e-01
 6.45000e+01  1.90770e-01  3.03899e-04  9.94434e-02  1.59301e-03  7.55129e-02  4.74696e-01
 6.50000e+01  1.91131e-01  2.90481e-04  9.94695e-02  1.51980e-03  7.55601e-02  4.74372e-01
 6.55000e+01  1.91502e-01  2.74617e-04  9.94977e-02  1.43402e-03  7.56098e-02  4.74044e-01
 6.60000e+01  1.91884e-01  2.56365e-04  9.95278e-02  1.33604e-03  7.56621e-02  4.73715e-01
 6.65000e+01  1.92275e-01  2.35807e-04  9.95597e-02  1.22641e-03  7.57167e-02  4.73383e-01
 6.70000e+01  1.92676e-01  2.13050e-04  9.95934e-02  1.10575e-03  7.57736e-02  4.73048e-01
 6.75000e+01  1.93085e-01  1.88224e-04  9.96287e-02  9.74822e-04  7.58326e-02  4.72712e-01
 6.80000e+01  1.93504e-01  1.61478e-04  9.96654e-02  8.34497e-04  7.58935e-02  4.72374e-01
 6.85000e+01  1.93930e-01  1.32982e-04  9.97034e-02  6.85724e-04  7.59563e-02  4.72034e-01
 6.90000e+01  1.94363e-01  1.02921e-04  9.97424e-02  5.29529e-04  7.60207e-02  4.71692e-01
 6.95000e+01  1.94804e-01  7.14920e-05  9.97824e-02  3.66995e-04  7.60865e-02  4.71349e-01
 7.00000e+01  1.95250e-01  3.89039e-05  9.98231e-02  1.99252e-04  7.61536e-02  4.71005e-01
 7.05000e+01  1.95702e-01  5.37238e-06  9.98643e-02  2.74518e-05  7.62218e-02  4.70659e-01
 7.10000e+01  1.96160e-01 -2.88824e-05  9.99058e-02 -1.47239e-04  7.62908e-02  4.70312e-01
 7.15000e+01  1.96622e-01 -6.36385e-05  9.99474e-02 -3.23660e-04  7.63604e-02  4.69963e-01
 7.20000e+01  1.97087e-01 -9.86751e-05  9.99890e-02 -5.00666e-04  7.64306e-02  4.69614e-01
 7.25000e+01  1.97557e-01 -1.33775e-04  1.00030e-01 -6.77146e-04  7.65009e-02  4.69263e-01
 7.30000e+01  1.98028e-01 -1.68726e-04  1.00071e-01 -8.52028e-04  7.65714e-02  4.68911e-01
 7.35000e+01  1.98502e-01 -2.03324e-04  1.00111e-01 -1.02429e-03  7.66417e-02  4.68558e-01
 7.40000e+01  1.98977e-01 -2.37375e-04  1.00151e-01 -1.19298e-03  7.67118e-02  4.68204e-01
 7.45000e+01  1.99453e-01 -2.70696e-04  1.00190e-01 -1.35719e-03  7.67814e-02  4.67850e-01
 7.50000e+01  1.99930e-01 -3.03114e-04  1.00227e-01 -1.51610e-03  7.68504e-02  4.67494e-01
 7.55000e+01  2.00406e-01 -3.34472e-04  1.00264e-01 -1.66897e-03  7.69186e-02  4.67139e-01
 7.60000e+01  2.00881e-01 -3.64625e-04  1.00299e-01 -1.81513e-03  7.69860e-02  4.66783e-01
 7.65000e+01  2.01355e-01 -3.93441e-04  1.00333e-01 -1.95396e-03  7.70523e-02  4.66428e-01
 7.70000e+01  2.01827e-01 -4.20804e-04  1.00365e-01 -2.08497e-03  7.71176e-02  4.66073e-01
 7.75000e+01  2.02297e-01 -4.46611e-04  1.00396e-01 -2.20770e-03  7.71816e-02  4.65718e-01
 7.80000e+01  2.02763e-01 -4.70773e-04  1.00425e-01 -2.32179e-03  7.72442e-02  4.65364e-01
 7.85000e+01  2.03226e-01 -4.93216e-04  1.00453e-01 -2.42693e-03  7.73055e-02  4.65011e-01
 7.90000e+01  2.03685e-01 -5.13877e-04  1.00479e-01 -2.52289e-03  7.73653e-02  4.64660e-01
 7.95000e+01  2.04140e-01 -5.32705e-04  1.00503e-01 -2.60951e-03  7.74236e-02  4.64310e-01
 8.00000e+01  2.04590e-01 -5.49664e-04  1.00526e-01 -2.68666e-03  7.74803e-02  4.63963e-01
 8.05000e+01  2.05034e-01 -5.64725e-04  1.00547e-01 -2.75429e-03  7.75354e-02  4.63618e-01
 8.10000e+01  2.05473e-01 -5.77871e-04  1.00567e-01 -2.81239e-03  7.75889e-02  4.63276e-01
 8.15000e+01  2.05906e-01 -5.89095e-04  1.00585e-01 -2.86100e-03  7.76407e-02  4.62937e-01
 8.20000e+01  2.06332e-01 -5.98399e-04  1.00601e-01 -2.90018e-03  7.76908e-02  4.62602e-01
 8.25000e+01  2.06751e-01 -6.05790e-04  1.00616e-01 -2.93005e-03  7.77392e-02  4.62270e-01
 8.30000e+01  2.07162e-01 -6.11285e-04  1.00630e-01 -2.95075e-03  7.77859e-02  4.61943e-01
 8.35000e+01  2.07566e-01 -6.14905e-04  1.00642e-01 -2.96246e-03  7.78309e-02  4.61621e-01
 8.40000e+01  2.07962e-01 -6.16680e-04  1.00652e-01 -2.96535e-03  7.78743e-02  4.61304e-01
 8.45000e+01  2.08349e-01 -6.16642e-04  1.00662e-01 -2.95966e-03  7.79159e-02  4.60992e-01
 8.50000e+01  2.08728e-01 -6.14827e-04  1.00670e-01 -2.94560e-03  7.79559e-02  4.60686e-01
 8.55000e+01  2.09097e-01 -6.11279e-04  1.00677e-01 -2.92342e-03  7.79943e-02  4.60387e-01
 8.60000e+01  2.09457e-01 -6.06040e-04  1.00682e-01 -2.89339e-03  7.80310e-02  4.60094e-01
 8.65000e+01  2.09807e-01 -5.99159e-04  1.00687e-01 -2.85577e-03  7.80661e-02  4.59807e-01
 8.70000e+01  2.10147e-01 -5.90686e-04  1.00691e-01 -2.81082e-03  7.80997e-02  4.59529e-01
 8.75000e+01  2.10477e-01 -5.80673e-04  1.00694e-01 -2.75885e-03  7.81317e-02  4.59258e-01
 8.80000e+01  2.10796e-01 -5.69173e-04  1.00696e-01 -2.70012e-03  7.81621e-02  4.58994e-01
 8.85000e+01  2.11104e-01 -5.56242e-04  1.00698e-01 -2.63492e-03  7.81911e-02  4.58739e-01
 8.90000e+01  2.11401e-01 -5.41937e-04  1.00698e-01 -2.56355e-03  7.82186e-02  4.58493e-01
 8.95000e+01  2.11687e-01 -5.26315e-04  1.00699e-01 -2.48629e-03  7.82447e-02  4.58256e-01
 9.00000e+01  2.11961e-01 -5.09434e-04  1.00698e-01 -2.40344e-03  7.82693e-02  4.58027e-01
 9.05000e+01  2.12223e-01 -4.91354e-04  1.00698e-01 -2.31528e-03  7.82926e-02  4.57808e-01
 9.10000e+01  2.12473e-01 -4.72135e-04  1.00696e-01 -2.22209e-03  7.83145e-02  4.57599e-01
 9.15000e+01  2.12711e-01 -4.51836e-04  1.00695e-01 -2.12418e-03  7.83350e-02  4.57400e-01
 9.20000e+01  2.12936e-01 -4.30517e-04  1.00693e-01 -2.02181e-03  7.83543e-02  4.57211e-01
 9.25000e+01  2.13149e-01 -4.08239e-04  1.00691e-01 -1.91528e-03  7.83722e-02  4.57032e-01
 9.30000e+01  2.13348e-01 -3.85062e-04  1.00689e-01 -1.80485e-03  7.83889e-02  4.56864e-01
 9.35000e+01  2.13535e-01 -3.61048e-04  1.00687e-01 -1.69081e-03  7.84044e-02  4.56707e-01
 9.40000e+01  2.13709e-01 -3.36255e-04  1.00685e-01 -1.57343e-03  7.84186e-02  4.56560e-01
 9.45000e+01  2.13869e-01 -3.10746e-04  1.00683e-01 -1.45297e-03  7.84316e-02  4.56425e-01
 9.50000e+01  2.14015e-01 -2.84580e-04  1.00681e-01 -1.32972e-03  7.84434e-02  4.56301e-01
 9.55000e+01  2.14149e-01 -2.57817e-04  1.00678e-01 -1.20392e-03  7.84540e-02  4.56188e-01
 9.60000e+01  2.14268e-01 -2.30518e-04  1.00677e-01 -1.07584e-03  7.84635e-02  4.56087e-01
 9.65000e+01  2.14374e-01 -2.02743e-04  1.00675e-01 -9.45748e-04  7.84719e-02  4.55998e-01
 9.70000e+01  2.14465e-01 -1.74552e-04  1.00673e-01 -8.13894e-04  7.84791e-02  4.55920e-01
 9.75000e+01  2.14543e-01 -1.46004e-04  1.00672e-01 -6.80535e-04  7.84852e-02  4.55854e-01
 9.80000e+01  2.14607e-01 -1.17159e-04  1.00671e-01 -5.45925e-04  7.84901e-02  4.55800e-01
 9.85000e+01  2.14656e-01 -8.80770e-05  1.00670e-01 -4.10317e-04  7.84940e-02  4.55758e-01
 9.90000e+01  2.14692e-01 -5.88169e-05  1.00669e-01 -2.73960e-04  7.84967e-02  4.55728e-01
 9.95000e+01  2.14713e-01 -2.94381e-05  1.00669e-01 -1.37104e-04  7.84984e-02  4.55710e-01
