 0.00000e+00  5.08579e-01 -1.44964e-13  1.79658e+00 -2.85037e-13  2.52799e+00  2.69263e+00
 1.00000e-01  5.08575e-01  1.88369e-05  1.79654e+00  3.70386e-05  2.52946e+00  2.69409e+00
 2.00000e-01  5.08571e-01  6.66325e-05  1.79647e+00  1.31019e-04  2.53008e+00  2.69473e+00
 3.00000e-01  5.08571e-01  5.64336e-05  1.79643e+00  1.10965e-04  2.52874e+00  2.69344e+00
 4.00000e-01  5.08568e-01  1.20360e-04  1.79634e+00  2.36663e-04  2.52875e+00  2.69347e+00
 5.00000e-01  5.08564e-01  1.27761e-04  1.79621e+00  2.51220e-04  2.52928e+00  2.69402e+00
 6.00000e-01  5.08561e-01  1.24850e-04  1.79609e+00  2.45497e-04  2.52832e+00  2.69312e+00
 7.00000e-01  5.08557e-01  1.24344e-04  1.79594e+00  2.44503e-04  2.52799e+00  2.69285e+00
 8.00000e-01  5.08549e-01  1.32426e-04  1.79576e+00  2.60400e-04  2.52751e+00  2.69246e+00
 9.00000e-01  5.08537e-01  1.07503e-04  1.79555e+00  2.11398e-04  2.52711e+00  2.69219e+00
 1.00000e+00  5.08521e-01  3.39203e-05  1.79532e+00  6.67037e-05  2.52696e+00  2.69220e+00
 1.10000e+00  5.08502e-01  1.65401e-05  1.79508e+00  3.25271e-05  2.52489e+00  2.69038e+00
 1.20000e+00  5.08471e-01 -7.20456e-05  1.79477e+00 -1.41691e-04  2.52539e+00  2.69117e+00
 1.30000e+00  5.08434e-01 -1.58061e-04  1.79443e+00 -3.10878e-04  2.52493e+00  2.69109e+00
 1.40000e+00  5.08393e-01 -2.76371e-04  1.79409e+00 -5.43617e-04  2.52338e+00  2.69000e+00
 1.50000e+00  5.08342e-01 -3.85611e-04  1.79369e+00 -7.58567e-04  2.52326e+00  2.69037e+00
 1.60000e+00  5.08286e-01 -4.77075e-04  1.79326e+00 -9.38596e-04  2.52170e+00  2.68941e+00
 1.70000e+00  5.08221e-01 -5.76035e-04  1.79278e+00 -1.13343e-03  2.52074e+00  2.68912e+00
 1.80000e+00  5.08148e-01 -6.04669e-04  1.79224e+00 -1.18995e-03  2.51944e+00  2.68857e+00
 1.90000e+00  5.08066e-01 -6.57593e-04  1.79162e+00 -1.29431e-03  2.51888e+00  2.68884e+00
 2.00000e+00  5.07979e-01 -6.19547e-04  1.79097e+00 -1.21963e-03  2.51732e+00  2.68818e+00
 2.10000e+00  5.07886e-01 -5.93810e-04  1.79024e+00 -1.16918e-03  2.51458e+00  2.68642e+00
 2.20000e+00  5.07781e-01 -5.40165e-04  1.78939e+00 -1.06378e-03  2.51396e+00  2.68685e+00
 2.30000e+00  5.07670e-01 -4.35769e-04  1.78845e+00 -8.58370e-04  2.51194e+00  2.68598e+00
 2.40000e+00  5.07553e-01 -3.73279e-04  1.78743e+00 -7.35448e-04  2.50978e+00  2.68502e+00
 2.50000e+00  5.07430e-01 -2.73565e-04  1.78630e+00 -5.39120e-04  2.50796e+00  2.68447e+00
 2.60000e+00  5.07302e-01 -2.74632e-04  1.78509e+00 -5.41359e-04  2.50434e+00  2.68220e+00
 2.70000e+00  5.07163e-01 -2.80145e-04  1.78375e+00 -5.52378e-04  2.50255e+00  2.68181e+00
 2.80000e+00  5.07017e-01 -3.15318e-04  1.78234e+00 -6.21908e-04  2.49982e+00  2.68057e+00
 2.90000e+00  5.06866e-01 -4.04050e-04  1.78087e+00 -7.97153e-04  2.49597e+00  2.67830e+00
 3.00000e+00  5.06703e-01 -5.36914e-04  1.77928e+00 -1.05962e-03  2.49344e+00  2.67742e+00
 3.10000e+00  5.06532e-01 -6.93385e-04  1.77764e+00 -1.36889e-03  2.48972e+00  2.67547e+00
 3.20000e+00  5.06350e-01 -7.90715e-04  1.77593e+00 -1.56160e-03  2.48679e+00  2.67438e+00
 3.30000e+00  5.06159e-01 -9.68123e-04  1.77416e+00 -1.91268e-03  2.48267e+00  2.67221e+00
 3.40000e+00  5.05957e-01 -1.12468e-03  1.77232e+00 -2.22287e-03  2.47843e+00  2.67003e+00
 3.50000e+00  5.05739e-01 -1.26655e-03  1.77039e+00 -2.50436e-03  2.47555e+00  2.66933e+00
 3.60000e+00  5.05512e-01 -1.42386e-03  1.76840e+00 -2.81668e-03  2.47142e+00  2.66750e+00
 3.70000e+00  5.05275e-01 -1.53067e-03  1.76636e+00 -3.02938e-03  2.46744e+00  2.66589e+00
 3.80000e+00  5.05029e-01 -1.59165e-03  1.76431e+00 -3.15161e-03  2.46386e+00  2.66477e+00
 3.90000e+00  5.04777e-01 -1.61461e-03  1.76224e+00 -3.19865e-03  2.45969e+00  2.66311e+00
 4.00000e+00  5.04521e-01 -1.60865e-03  1.76017e+00 -3.18848e-03  2.45468e+00  2.66067e+00
 4.10000e+00  5.04255e-01 -1.56408e-03  1.75804e+00 -3.10177e-03  2.45061e+00  2.65924e+00
 4.20000e+00  5.03982e-01 -1.50045e-03  1.75588e+00 -2.97718e-03  2.44641e+00  2.65774e+00
 4.30000e+00  5.03703e-01 -1.40548e-03  1.75367e+00 -2.79029e-03  2.44153e+00  2.65562e+00
 4.40000e+00  5.03417e-01 -1.29961e-03  1.75142e+00 -2.58157e-03  2.43735e+00  2.65425e+00
 4.50000e+00  5.03127e-01 -1.09856e-03  1.74917e+00 -2.18347e-03  2.43248e+00  2.65224e+00
 4.60000e+00  5.02831e-01 -9.55136e-04  1.74684e+00 -1.89952e-03  2.42707e+00  2.64973e+00
 4.70000e+00  5.02526e-01 -8.17433e-04  1.74445e+00 -1.62665e-03  2.42236e+00  2.64800e+00
 4.80000e+00  5.02214e-01 -6.16593e-04  1.74200e+00 -1.22775e-03  2.41677e+00  2.64546e+00
 4.90000e+00  5.01891e-01 -4.97796e-04  1.73948e+00 -9.91841e-04  2.41250e+00  2.64432e+00
 5.00000e+00  5.01563e-01 -2.99708e-04  1.73693e+00 -5.97549e-04  2.40737e+00  2.64236e+00
 5.10000e+00  5.01230e-01 -1.84897e-04  1.73436e+00 -3.68887e-04  2.40055e+00  2.63876e+00
 5.20000e+00  5.00885e-01 -2.75843e-05  1.73171e+00 -5.50711e-05  2.39801e+00  2.63953e+00
 5.30000e+00  5.00544e-01  1.73162e-04  1.72911e+00  3.45947e-04  2.39221e+00  2.63701e+00
 5.40000e+00  5.00205e-01  2.83000e-04  1.72656e+00  5.65769e-04  2.38627e+00  2.63431e+00
 5.50000e+00  4.99864e-01  5.02749e-04  1.72401e+00  1.00577e-03  2.38249e+00  2.63378e+00
 5.60000e+00  4.99531e-01  6.86201e-04  1.72153e+00  1.37369e-03  2.37718e+00  2.63165e+00
 5.70000e+00  4.99204e-01  9.01648e-04  1.71911e+00  1.80617e-03  2.37413e+00  2.63170e+00
 5.80000e+00  4.98896e-01  1.14701e-03  1.71684e+00  2.29909e-03  2.36889e+00  2.62937e+00
 5.90000e+00  4.98604e-01  1.37800e-03  1.71468e+00  2.76372e-03  2.36490e+00  2.62815e+00
 6.00000e+00  4.98330e-01  1.64835e-03  1.71265e+00  3.30775e-03  2.36132e+00  2.62714e+00
 6.10000e+00  4.98078e-01  1.91917e-03  1.71077e+00  3.85316e-03  2.35692e+00  2.62511e+00
 6.20000e+00  4.97846e-01  2.17583e-03  1.70907e+00  4.37049e-03  2.35406e+00  2.62443e+00
 6.30000e+00  4.97637e-01  2.42892e-03  1.70751e+00  4.88091e-03  2.35098e+00  2.62330e+00
 6.40000e+00  4.97452e-01  2.78306e-03  1.70605e+00  5.59463e-03  2.34838e+00  2.62243e+00
 6.50000e+00  4.97294e-01  3.07199e-03  1.70485e+00  6.17741e-03  2.34552e+00  2.62104e+00
 6.60000e+00  4.97160e-01  3.32375e-03  1.70388e+00  6.68546e-03  2.34460e+00  2.62138e+00
 6.70000e+00  4.97057e-01  3.67063e-03  1.70304e+00  7.38473e-03  2.34260e+00  2.62033e+00
 6.80000e+00  4.96982e-01  3.95245e-03  1.70248e+00  7.95291e-03  2.33989e+00  2.61829e+00
 6.90000e+00  4.96927e-01  4.20291e-03  1.70216e+00  8.45781e-03  2.33906e+00  2.61798e+00
 7.00000e+00  4.96890e-01  4.48408e-03  1.70192e+00  9.02429e-03  2.33967e+00  2.61894e+00
 7.10000e+00  4.96879e-01  4.77385e-03  1.70184e+00  9.60766e-03  2.33877e+00  2.61814e+00
 7.20000e+00  4.96889e-01  5.01114e-03  1.70208e+00  1.00850e-02  2.33798e+00  2.61724e+00
 7.30000e+00  4.96913e-01  5.21309e-03  1.70243e+00  1.04909e-02  2.34011e+00  2.61917e+00
 7.40000e+00  4.96961e-01  5.51037e-03  1.70278e+00  1.10881e-02  2.34042e+00  2.61903e+00
 7.50000e+00  4.97029e-01  5.71246e-03  1.70347e+00  1.14932e-02  2.34232e+00  2.62031e+00
 7.60000e+00  4.97122e-01  5.87322e-03  1.70440e+00  1.18144e-02  2.34334e+00  2.62046e+00
 7.70000e+00  4.97235e-01  6.12569e-03  1.70532e+00  1.23195e-02  2.34483e+00  2.62090e+00
 7.80000e+00  4.97366e-01  6.27634e-03  1.70654e+00  1.26192e-02  2.34800e+00  2.62287e+00
 7.90000e+00  4.97520e-01  6.49135e-03  1.70784e+00  1.30474e-02  2.34996e+00  2.62339e+00
 8.00000e+00  4.97693e-01  6.74768e-03  1.70916e+00  1.35579e-02  2.35394e+00  2.62576e+00
 8.10000e+00  4.97894e-01  6.93245e-03  1.71082e+00  1.39236e-02  2.35558e+00  2.62550e+00
 8.20000e+00  4.98111e-01  7.13658e-03  1.71263e+00  1.43273e-02  2.35928e+00  2.62716e+00
 8.30000e+00  4.98347e-01  7.29742e-03  1.71459e+00  1.46433e-02  2.36353e+00  2.62921e+00
 8.40000e+00  4.98601e-01  7.46127e-03  1.71670e+00  1.49644e-02  2.36558e+00  2.62885e+00
 8.50000e+00  4.98863e-01  7.62160e-03  1.71881e+00  1.52780e-02  2.37047e+00  2.63128e+00
 8.60000e+00  4.99135e-01  7.73630e-03  1.72112e+00  1.54994e-02  2.37468e+00  2.63291e+00
 8.70000e+00  4.99415e-01  7.82110e-03  1.72355e+00  1.56605e-02  2.37886e+00  2.63443e+00
 8.80000e+00  4.99699e-01  7.90280e-03  1.72591e+00  1.58151e-02  2.38339e+00  2.63626e+00
 8.90000e+00  4.99986e-01  7.95054e-03  1.72833e+00  1.59015e-02  2.38854e+00  2.63867e+00
 9.00000e+00  5.00279e-01  7.90511e-03  1.73094e+00  1.58014e-02  2.39298e+00  2.64031e+00
 9.10000e+00  5.00573e-01  7.83091e-03  1.73355e+00  1.56439e-02  2.39809e+00  2.64260e+00
 9.20000e+00  5.00867e-01  7.71042e-03  1.73621e+00  1.53941e-02  2.40458e+00  2.64625e+00
 9.30000e+00  5.01170e-01  7.54194e-03  1.73895e+00  1.50487e-02  2.40772e+00  2.64648e+00
 9.40000e+00  5.01467e-01  7.42343e-03  1.74147e+00  1.48034e-02  2.41336e+00  2.64923e+00
 9.50000e+00  5.01764e-01  7.26292e-03  1.74400e+00  1.44748e-02  2.41908e+00  2.65207e+00
 9.60000e+00  5.02062e-01  7.06987e-03  1.74659e+00  1.40817e-02  2.42315e+00  2.65324e+00
 9.70000e+00  5.02357e-01  6.90064e-03  1.74909e+00  1.37365e-02  2.42885e+00  2.65605e+00
 9.80000e+00  5.02651e-01  6.67538e-03  1.75161e+00  1.32803e-02  2.43234e+00  2.65667e+00
 9.90000e+00  5.02936e-01  6.51236e-03  1.75395e+00  1.29487e-02  2.43766e+00  2.65919e+00
 1.00000e+01  5.03215e-01  6.30155e-03  1.75632e+00  1.25226e-02  2.44337e+00  2.66214e+00
 1.01000e+01  5.03493e-01  6.07757e-03  1.75867e+00  1.20708e-02  2.44757e+00  2.66360e+00
 1.02000e+01  5.03766e-01  5.90919e-03  1.76098e+00  1.17300e-02  2.45272e+00  2.66603e+00
 1.03000e+01  5.04038e-01  5.63235e-03  1.76344e+00  1.11745e-02  2.45716e+00  2.66777e+00
 1.04000e+01  5.04307e-01  5.48123e-03  1.76570e+00  1.08688e-02  2.46126e+00  2.66921e+00
 1.05000e+01  5.04568e-01  5.33184e-03  1.76792e+00  1.05671e-02  2.46541e+00  2.67075e+00
 1.06000e+01  5.04820e-01  5.11574e-03  1.77021e+00  1.01338e-02  2.46979e+00  2.67260e+00
 1.07000e+01  5.05062e-01  5.01149e-03  1.77228e+00  9.92251e-03  2.47332e+00  2.67371e+00
 1.08000e+01  5.05290e-01  4.84779e-03  1.77425e+00  9.59407e-03  2.47798e+00  2.67607e+00
 1.09000e+01  5.05508e-01  4.68317e-03  1.77619e+00  9.26428e-03  2.48266e+00  2.67853e+00
 1.10000e+01  5.05720e-01  4.49501e-03  1.77810e+00  8.88833e-03  2.48448e+00  2.67824e+00
 1.11000e+01  5.05915e-01  4.27189e-03  1.77989e+00  8.44388e-03  2.48826e+00  2.68004e+00
 1.12000e+01  5.06094e-01  4.11515e-03  1.78147e+00  8.13120e-03  2.49197e+00  2.68192e+00
 1.13000e+01  5.06260e-01  3.95171e-03  1.78291e+00  7.80570e-03  2.49396e+00  2.68225e+00
 1.14000e+01  5.06407e-01  3.86901e-03  1.78410e+00  7.64012e-03  2.49764e+00  2.68440e+00
 1.15000e+01  5.06543e-01  3.76724e-03  1.78521e+00  7.43715e-03  2.50021e+00  2.68558e+00
 1.16000e+01  5.06669e-01  3.60703e-03  1.78632e+00  7.11911e-03  2.50275e+00  2.68682e+00
 1.17000e+01  5.06787e-01  3.46304e-03  1.78741e+00  6.83333e-03  2.50525e+00  2.68811e+00
 1.18000e+01  5.06899e-01  3.31211e-03  1.78843e+00  6.53406e-03  2.50763e+00  2.68933e+00
 1.19000e+01  5.07006e-01  3.29182e-03  1.78932e+00  6.49266e-03  2.51006e+00  2.69064e+00
 1.20000e+01  5.07112e-01  3.25133e-03  1.79026e+00  6.41147e-03  2.51005e+00  2.68960e+00
 1.21000e+01  5.07206e-01  3.18591e-03  1.79116e+00  6.28130e-03  2.51329e+00  2.69182e+00
 1.22000e+01  5.07297e-01  3.12440e-03  1.79206e+00  6.15891e-03  2.51461e+00  2.69222e+00
 1.23000e+01  5.07381e-01  2.96346e-03  1.79297e+00  5.84071e-03  2.51490e+00  2.69168e+00
 1.24000e+01  5.07451e-01  2.82410e-03  1.79377e+00  5.56527e-03  2.51851e+00  2.69450e+00
 1.25000e+01  5.07518e-01  2.63877e-03  1.79454e+00  5.19935e-03  2.51866e+00  2.69398e+00
 1.26000e+01  5.07576e-01  2.50302e-03  1.79519e+00  4.93132e-03  2.52035e+00  2.69505e+00
 1.27000e+01  5.07626e-01  2.36351e-03  1.79577e+00  4.65599e-03  2.52148e+00  2.69566e+00
 1.28000e+01  5.07670e-01  2.18000e-03  1.79629e+00  4.29413e-03  2.52146e+00  2.69521e+00
 1.29000e+01  5.07701e-01  2.07479e-03  1.79665e+00  4.08664e-03  2.52251e+00  2.69593e+00
 1.30000e+01  5.07722e-01  1.89506e-03  1.79695e+00  3.73247e-03  2.52283e+00  2.69603e+00
 1.31000e+01  5.07731e-01  1.76467e-03  1.79713e+00  3.47560e-03  2.52373e+00  2.69681e+00
 1.32000e+01  5.07731e-01  1.64990e-03  1.79724e+00  3.24956e-03  2.52421e+00  2.69728e+00
 1.33000e+01  5.07726e-01  1.55405e-03  1.79730e+00  3.06080e-03  2.52422e+00  2.69734e+00
 1.34000e+01  5.07714e-01  1.54290e-03  1.79731e+00  3.03892e-03  2.52370e+00  2.69695e+00
 1.35000e+01  5.07693e-01  1.49786e-03  1.79728e+00  2.95033e-03  2.52473e+00  2.69815e+00
 1.36000e+01  5.07670e-01  1.56736e-03  1.79722e+00  3.08737e-03  2.52489e+00  2.69855e+00
 1.37000e+01  5.07646e-01  1.60905e-03  1.79719e+00  3.16962e-03  2.52490e+00  2.69878e+00
 1.38000e+01  5.07624e-01  1.61343e-03  1.79721e+00  3.17841e-03  2.52499e+00  2.69908e+00
 1.39000e+01  5.07604e-01  1.67340e-03  1.79724e+00  3.29666e-03  2.52543e+00  2.69971e+00
 1.40000e+01  5.07589e-01  1.61778e-03  1.79735e+00  3.18719e-03  2.52544e+00  2.69986e+00
 1.41000e+01  5.07580e-01  1.60838e-03  1.79746e+00  3.16873e-03  2.52430e+00  2.69885e+00
 1.42000e+01  5.07568e-01  1.55184e-03  1.79756e+00  3.05741e-03  2.52577e+00  2.70039e+00
 1.43000e+01  5.07562e-01  1.38152e-03  1.79773e+00  2.72188e-03  2.52424e+00  2.69896e+00
 1.44000e+01  5.07553e-01  1.21053e-03  1.79786e+00  2.38504e-03  2.52475e+00  2.69955e+00
 1.45000e+01  5.07541e-01  9.35561e-04  1.79797e+00  1.84332e-03  2.52495e+00  2.69986e+00
 1.46000e+01  5.07529e-01  7.37871e-04  1.79803e+00  1.45385e-03  2.52349e+00  2.69856e+00
 1.47000e+01  5.07507e-01  5.62562e-04  1.79799e+00  1.10848e-03  2.52484e+00  2.70010e+00
 1.48000e+01  5.07484e-01  3.12509e-04  1.79796e+00  6.15801e-04  2.52328e+00  2.69880e+00
 1.49000e+01  5.07452e-01  1.19143e-04  1.79785e+00  2.34787e-04  2.52287e+00  2.69872e+00
 1.50000e+01  5.07412e-01 -5.35788e-05  1.79767e+00 -1.05592e-04  2.52196e+00  2.69823e+00
 1.51000e+01  5.07360e-01 -2.13019e-04  1.79739e+00 -4.19857e-04  2.52179e+00  2.69858e+00
 1.52000e+01  5.07299e-01 -3.22152e-04  1.79706e+00 -6.35034e-04  2.52130e+00  2.69870e+00
 1.53000e+01  5.07232e-01 -4.04292e-04  1.79668e+00 -7.97056e-04  2.51950e+00  2.69760e+00
 1.54000e+01  5.07153e-01 -5.19703e-04  1.79622e+00 -1.02475e-03  2.51967e+00  2.69854e+00
 1.55000e+01  5.07069e-01 -6.58646e-04  1.79572e+00 -1.29893e-03  2.51751e+00  2.69726e+00
 1.56000e+01  5.06976e-01 -8.27828e-04  1.79515e+00 -1.63287e-03  2.51553e+00  2.69625e+00
 1.57000e+01  5.06868e-01 -1.00855e-03  1.79447e+00 -1.98976e-03  2.51462e+00  2.69643e+00
 1.58000e+01  5.06750e-01 -1.21811e-03  1.79370e+00 -2.40378e-03  2.51377e+00  2.69675e+00
 1.59000e+01  5.06628e-01 -1.48354e-03  1.79286e+00 -2.92826e-03  2.51223e+00  2.69646e+00
 1.60000e+01  5.06502e-01 -1.77033e-03  1.79200e+00 -3.49521e-03  2.51009e+00  2.69560e+00
 1.61000e+01  5.06372e-01 -2.06403e-03  1.79110e+00 -4.07612e-03  2.50790e+00  2.69474e+00
 1.62000e+01  5.06236e-01 -2.43060e-03  1.79009e+00 -4.80131e-03  2.50603e+00  2.69425e+00
 1.63000e+01  5.06097e-01 -2.82605e-03  1.78904e+00 -5.58402e-03  2.50387e+00  2.69351e+00
 1.64000e+01  5.05954e-01 -3.18405e-03  1.78800e+00 -6.29317e-03  2.50106e+00  2.69216e+00
 1.65000e+01  5.05805e-01 -3.65227e-03  1.78679e+00 -7.22071e-03  2.49886e+00  2.69147e+00
 1.66000e+01  5.05651e-01 -4.09062e-03  1.78555e+00 -8.08982e-03  2.49630e+00  2.69048e+00
 1.67000e+01  5.05493e-01 -4.47919e-03  1.78435e+00 -8.86105e-03  2.49341e+00  2.68920e+00
 1.68000e+01  5.05328e-01 -4.90935e-03  1.78304e+00 -9.71519e-03  2.49111e+00  2.68856e+00
 1.69000e+01  5.05159e-01 -5.26425e-03  1.78174e+00 -1.04210e-02  2.48925e+00  2.68838e+00
 1.70000e+01  5.04992e-01 -5.65005e-03  1.78041e+00 -1.11884e-02  2.48550e+00  2.68634e+00
 1.71000e+01  5.04820e-01 -5.99171e-03  1.77910e+00 -1.18690e-02  2.48343e+00  2.68598e+00
 1.72000e+01  5.04647e-01 -6.26628e-03  1.77792e+00 -1.24172e-02  2.48110e+00  2.68538e+00
 1.73000e+01  5.04477e-01 -6.60817e-03  1.77662e+00 -1.30991e-02  2.47796e+00  2.68397e+00
 1.74000e+01  5.04305e-01 -6.93447e-03  1.77526e+00 -1.37506e-02  2.47605e+00  2.68376e+00
 1.75000e+01  5.04137e-01 -7.25597e-03  1.77399e+00 -1.43928e-02  2.47172e+00  2.68113e+00
 1.76000e+01  5.03965e-01 -7.54532e-03  1.77278e+00 -1.49719e-02  2.46859e+00  2.67974e+00
 1.77000e+01  5.03784e-01 -7.82817e-03  1.77149e+00 -1.55387e-02  2.46573e+00  2.67868e+00
 1.78000e+01  5.03595e-01 -8.18101e-03  1.77000e+00 -1.62452e-02  2.46257e+00  2.67740e+00
 1.79000e+01  5.03397e-01 -8.51880e-03  1.76839e+00 -1.69226e-02  2.45877e+00  2.67558e+00
 1.80000e+01  5.03187e-01 -8.90578e-03  1.76656e+00 -1.76988e-02  2.45430e+00  2.67320e+00
 1.81000e+01  5.02960e-01 -9.23291e-03  1.76476e+00 -1.83571e-02  2.45115e+00  2.67229e+00
 1.82000e+01  5.02721e-01 -9.50105e-03  1.76294e+00 -1.88993e-02  2.44806e+00  2.67155e+00
 1.83000e+01  5.02472e-01 -9.82257e-03  1.76089e+00 -1.95485e-02  2.44352e+00  2.66947e+00
 1.84000e+01  5.02213e-01 -1.00571e-02  1.75882e+00 -2.00255e-02  2.43800e+00  2.66651e+00
 1.85000e+01  5.01936e-01 -1.03188e-02  1.75657e+00 -2.05580e-02  2.43537e+00  2.66658e+00
 1.86000e+01  5.01652e-01 -1.05246e-02  1.75437e+00 -2.09799e-02  2.43175e+00  2.66573e+00
 1.87000e+01  5.01367e-01 -1.06961e-02  1.75217e+00 -2.13339e-02  2.42624e+00  2.66301e+00
 1.88000e+01  5.01075e-01 -1.09195e-02  1.74968e+00 -2.17922e-02  2.42163e+00  2.66124e+00
 1.89000e+01  5.00779e-01 -1.10455e-02  1.74726e+00 -2.20567e-02  2.41663e+00  2.65911e+00
 1.90000e+01  5.00479e-01 -1.11411e-02  1.74487e+00 -2.22608e-02  2.41158e+00  2.65697e+00
 1.91000e+01  5.00172e-01 -1.11632e-02  1.74246e+00 -2.23187e-02  2.40750e+00  2.65584e+00
 1.92000e+01  4.99865e-01 -1.11123e-02  1.74019e+00 -2.22305e-02  2.40251e+00  2.65381e+00
 1.93000e+01  4.99556e-01 -1.10292e-02  1.73781e+00 -2.20780e-02  2.39665e+00  2.65091e+00
 1.94000e+01  4.99240e-01 -1.09349e-02  1.73523e+00 -2.19030e-02  2.39307e+00  2.65035e+00
 1.95000e+01  4.98926e-01 -1.07814e-02  1.73277e+00 -2.16092e-02  2.38875e+00  2.64903e+00
 1.96000e+01  4.98618e-01 -1.05866e-02  1.73038e+00 -2.12319e-02  2.38306e+00  2.64627e+00
 1.97000e+01  4.98312e-01 -1.03737e-02  1.72801e+00 -2.08176e-02  2.37802e+00  2.64412e+00
 1.98000e+01  4.98007e-01 -1.01051e-02  1.72565e+00 -2.02910e-02  2.37390e+00  2.64290e+00
 1.99000e+01  4.97707e-01 -9.86574e-03  1.72328e+00 -1.98224e-02  2.36921e+00  2.64104e+00
 2.00000e+01  4.97412e-01 -9.56644e-03  1.72098e+00 -1.92324e-02  2.36360e+00  2.63819e+00
 2.01000e+01  4.97117e-01 -9.29661e-03  1.71858e+00 -1.87011e-02  2.35827e+00  2.63561e+00
 2.02000e+01  4.96819e-01 -8.96446e-03  1.71634e+00 -1.80437e-02  2.35414e+00  2.63427e+00
 2.03000e+01  4.96521e-01 -8.57811e-03  1.71409e+00 -1.72764e-02  2.34933e+00  2.63224e+00
 2.04000e+01  4.96221e-01 -8.26892e-03  1.71164e+00 -1.66638e-02  2.34385e+00  2.62953e+00
 2.05000e+01  4.95916e-01 -7.80227e-03  1.70942e+00 -1.57330e-02  2.34040e+00  2.62893e+00
 2.06000e+01  4.95613e-01 -7.35857e-03  1.70720e+00 -1.48474e-02  2.33601e+00  2.62734e+00
 2.07000e+01  4.95313e-01 -6.90328e-03  1.70494e+00 -1.39372e-02  2.33106e+00  2.62515e+00
 2.08000e+01  4.95015e-01 -6.40702e-03  1.70267e+00 -1.29431e-02  2.32612e+00  2.62295e+00
 2.09000e+01  4.94715e-01 -5.96364e-03  1.70037e+00 -1.20547e-02  2.32291e+00  2.62251e+00
 2.10000e+01  4.94423e-01 -5.41036e-03  1.69826e+00 -1.09428e-02  2.31875e+00  2.62103e+00
 2.11000e+01  4.94141e-01 -4.92954e-03  1.69613e+00 -9.97598e-03  2.31337e+00  2.61820e+00
 2.12000e+01  4.93861e-01 -4.46501e-03  1.69399e+00 -9.04103e-03  2.30973e+00  2.61712e+00
 2.13000e+01  4.93588e-01 -3.98064e-03  1.69195e+00 -8.06469e-03  2.30545e+00  2.61531e+00
 2.14000e+01  4.93321e-01 -3.56658e-03  1.68994e+00 -7.22973e-03  2.30283e+00  2.61514e+00
 2.15000e+01  4.93069e-01 -3.13512e-03  1.68810e+00 -6.35837e-03  2.29785e+00  2.61241e+00
 2.16000e+01  4.92825e-01 -2.77576e-03  1.68630e+00 -5.63235e-03  2.29408e+00  2.61083e+00
 2.17000e+01  4.92587e-01 -2.52528e-03  1.68450e+00 -5.12657e-03  2.29141e+00  2.61032e+00
 2.18000e+01  4.92363e-01 -2.31206e-03  1.68283e+00 -4.69585e-03  2.28671e+00  2.60759e+00
 2.19000e+01  4.92143e-01 -2.13173e-03  1.68123e+00 -4.33152e-03  2.28434e+00  2.60722e+00
 2.20000e+01  4.91933e-01 -2.03878e-03  1.67971e+00 -4.14442e-03  2.28039e+00  2.60512e+00
 2.21000e+01  4.91728e-01 -1.95834e-03  1.67827e+00 -3.98257e-03  2.27797e+00  2.60454e+00
 2.22000e+01  4.91531e-01 -1.99574e-03  1.67687e+00 -4.06025e-03  2.27510e+00  2.60343e+00
 2.23000e+01  4.91343e-01 -2.15638e-03  1.67552e+00 -4.38876e-03  2.27221e+00  2.60220e+00
 2.24000e+01  4.91162e-01 -2.28636e-03  1.67431e+00 -4.65500e-03  2.27080e+00  2.60244e+00
 2.25000e+01  4.90996e-01 -2.56765e-03  1.67319e+00 -5.22947e-03  2.26697e+00  2.60004e+00
 2.26000e+01  4.90835e-01 -2.95200e-03  1.67208e+00 -6.01424e-03  2.26563e+00  2.60016e+00
 2.27000e+01  4.90685e-01 -3.36721e-03  1.67110e+00 -6.86226e-03  2.26374e+00  2.59960e+00
 2.28000e+01  4.90548e-01 -3.89187e-03  1.67022e+00 -7.93373e-03  2.26137e+00  2.59843e+00
 2.29000e+01  4.90419e-01 -4.46260e-03  1.66943e+00 -9.09957e-03  2.26062e+00  2.59886e+00
 2.30000e+01  4.90306e-01 -5.12022e-03  1.66873e+00 -1.04429e-02  2.25807e+00  2.59727e+00
 2.31000e+01  4.90201e-01 -5.87975e-03  1.66801e+00 -1.19946e-02  2.25751e+00  2.59766e+00
 2.32000e+01  4.90111e-01 -6.65502e-03  1.66750e+00 -1.35786e-02  2.25664e+00  2.59760e+00
 2.33000e+01  4.90037e-01 -7.48087e-03  1.66717e+00 -1.52659e-02  2.25497e+00  2.59656e+00
 2.34000e+01  4.89974e-01 -8.40685e-03  1.66680e+00 -1.71578e-02  2.25554e+00  2.59775e+00
 2.35000e+01  4.89930e-01 -9.38264e-03  1.66653e+00 -1.91510e-02  2.25369e+00  2.59623e+00
 2.36000e+01  4.89897e-01 -1.04066e-02  1.66637e+00 -2.12425e-02  2.25333e+00  2.59617e+00
 2.37000e+01  4.89876e-01 -1.14537e-02  1.66633e+00 -2.33808e-02  2.25429e+00  2.59737e+00
 2.38000e+01  4.89873e-01 -1.25155e-02  1.66641e+00 -2.55485e-02  2.25340e+00  2.59647e+00
 2.39000e+01  4.89883e-01 -1.36109e-02  1.66647e+00 -2.77839e-02  2.25428e+00  2.59729e+00
 2.40000e+01  4.89910e-01 -1.46688e-02  1.66689e+00 -2.99419e-02  2.25461e+00  2.59738e+00
 2.41000e+01  4.89952e-01 -1.57042e-02  1.66752e+00 -3.20525e-02  2.25608e+00  2.59852e+00
 2.42000e+01  4.90011e-01 -1.67881e-02  1.66793e+00 -3.42606e-02  2.25741e+00  2.59934e+00
 2.43000e+01  4.90091e-01 -1.78348e-02  1.66857e+00 -3.63909e-02  2.25775e+00  2.59895e+00
 2.44000e+01  4.90186e-01 -1.88349e-02  1.66947e+00 -3.84241e-02  2.26045e+00  2.60086e+00
 2.45000e+01  4.90302e-01 -1.98313e-02  1.67039e+00 -4.04470e-02  2.26167e+00  2.60105e+00
 2.46000e+01  4.90435e-01 -2.07512e-02  1.67165e+00 -4.23118e-02  2.26429e+00  2.60252e+00
 2.47000e+01  4.90589e-01 -2.16424e-02  1.67308e+00 -4.41151e-02  2.26781e+00  2.60473e+00
 2.48000e+01  4.90766e-01 -2.25075e-02  1.67442e+00 -4.58619e-02  2.26891e+00  2.60420e+00
 2.49000e+01  4.90959e-01 -2.33211e-02  1.67599e+00 -4.75010e-02  2.27251e+00  2.60613e+00
 2.50000e+01  4.91169e-01 -2.40569e-02  1.67796e+00 -4.89788e-02  2.27638e+00  2.60816e+00
 2.51000e+01  4.91399e-01 -2.47566e-02  1.67975e+00 -5.03798e-02  2.27859e+00  2.60828e+00
 2.52000e+01  4.91640e-01 -2.54112e-02  1.68147e+00 -5.16866e-02  2.28149e+00  2.60901e+00
 2.53000e+01  4.91888e-01 -2.59337e-02  1.68361e+00 -5.27228e-02  2.28703e+00  2.61241e+00
 2.54000e+01  4.92151e-01 -2.63914e-02  1.68605e+00 -5.36246e-02  2.29195e+00  2.61499e+00
 2.55000e+01  4.92433e-01 -2.67373e-02  1.68897e+00 -5.42963e-02  2.29595e+00  2.61646e+00
 2.56000e+01  4.92724e-01 -2.70497e-02  1.69147e+00 -5.48983e-02  2.30157e+00  2.61950e+00
 2.57000e+01  4.93030e-01 -2.73678e-02  1.69326e+00 -5.55095e-02  2.30336e+00  2.61844e+00
 2.58000e+01  4.93336e-01 -2.75345e-02  1.69585e+00 -5.58128e-02  2.30843e+00  2.62075e+00
 2.59000e+01  4.93644e-01 -2.75842e-02  1.69891e+00 -5.58787e-02  2.31553e+00  2.62512e+00
 2.60000e+01  4.93961e-01 -2.75981e-02  1.70159e+00 -5.58709e-02  2.32022e+00  2.62691e+00
 2.61000e+01  4.94285e-01 -2.75043e-02  1.70443e+00 -5.56446e-02  2.32630e+00  2.63006e+00
 2.62000e+01  4.94619e-01 -2.73575e-02  1.70707e+00 -5.53102e-02  2.33003e+00  2.63070e+00
 2.63000e+01  4.94954e-01 -2.71405e-02  1.70973e+00 -5.48344e-02  2.33542e+00  2.63301e+00
 2.64000e+01  4.95290e-01 -2.67691e-02  1.71286e+00 -5.40474e-02  2.34057e+00  2.63506e+00
 2.65000e+01  4.95621e-01 -2.63672e-02  1.71569e+00 -5.32003e-02  2.34577e+00  2.63720e+00
 2.66000e+01  4.95947e-01 -2.58392e-02  1.71871e+00 -5.21007e-02  2.35252e+00  2.64096e+00
 2.67000e+01  4.96272e-01 -2.52404e-02  1.72184e+00 -5.08599e-02  2.35852e+00  2.64394e+00
 2.68000e+01  4.96598e-01 -2.46135e-02  1.72471e+00 -4.95642e-02  2.36520e+00  2.64759e+00
 2.69000e+01  4.96931e-01 -2.39117e-02  1.72754e+00 -4.81186e-02  2.37017e+00  2.64944e+00
 2.70000e+01  4.97267e-01 -2.32014e-02  1.73028e+00 -4.66578e-02  2.37439e+00  2.65048e+00
 2.71000e+01  4.97599e-01 -2.23818e-02  1.73340e+00 -4.49797e-02  2.38097e+00  2.65395e+00
 2.72000e+01  4.97930e-01 -2.15319e-02  1.73654e+00 -4.32428e-02  2.38878e+00  2.65864e+00
 2.73000e+01  4.98271e-01 -2.06827e-02  1.73955e+00 -4.15089e-02  2.39312e+00  2.65973e+00
 2.74000e+01  4.98612e-01 -1.97967e-02  1.74263e+00 -3.97036e-02  2.39890e+00  2.66225e+00
 2.75000e+01  4.98953e-01 -1.89488e-02  1.74544e+00 -3.79772e-02  2.40505e+00  2.66515e+00
 2.76000e+01  4.99296e-01 -1.80868e-02  1.74827e+00 -3.62247e-02  2.40948e+00  2.66628e+00
 2.77000e+01  4.99633e-01 -1.71849e-02  1.75131e+00 -3.43950e-02  2.41565e+00  2.66920e+00
 2.78000e+01  4.99967e-01 -1.62891e-02  1.75432e+00 -3.25804e-02  2.42093e+00  2.67125e+00
 2.79000e+01  5.00292e-01 -1.53807e-02  1.75721e+00 -3.07434e-02  2.42688e+00  2.67405e+00
 2.80000e+01  5.00611e-01 -1.45069e-02  1.75996e+00 -2.89784e-02  2.43180e+00  2.67586e+00
 2.81000e+01  5.00921e-01 -1.36153e-02  1.76274e+00 -2.71805e-02  2.43655e+00  2.67759e+00
 2.82000e+01  5.01216e-01 -1.27393e-02  1.76538e+00 -2.54167e-02  2.44243e+00  2.68057e+00
 2.83000e+01  5.01502e-01 -1.19036e-02  1.76787e+00 -2.37360e-02  2.44739e+00  2.68273e+00
 2.84000e+01  5.01776e-01 -1.10493e-02  1.77031e+00 -2.20203e-02  2.45175e+00  2.68439e+00
 2.85000e+01  5.02038e-01 -1.02472e-02  1.77267e+00 -2.04112e-02  2.45638e+00  2.68643e+00
 2.86000e+01  5.02287e-01 -9.40662e-03  1.77498e+00 -1.87276e-02  2.46116e+00  2.68875e+00
 2.87000e+01  5.02523e-01 -8.65261e-03  1.77697e+00 -1.72183e-02  2.46583e+00  2.69106e+00
 2.88000e+01  5.02752e-01 -7.89184e-03  1.77901e+00 -1.56973e-02  2.46985e+00  2.69280e+00
 2.89000e+01  5.02972e-01 -7.05870e-03  1.78118e+00 -1.40340e-02  2.47275e+00  2.69352e+00
 2.90000e+01  5.03176e-01 -6.33178e-03  1.78298e+00 -1.25836e-02  2.47783e+00  2.69653e+00
 2.91000e+01  5.03373e-01 -5.59766e-03  1.78470e+00 -1.11203e-02  2.48093e+00  2.69767e+00
 2.92000e+01  5.03561e-01 -4.82248e-03  1.78652e+00 -9.57676e-03  2.48327e+00  2.69814e+00
 2.93000e+01  5.03732e-01 -4.06169e-03  1.78813e+00 -8.06320e-03  2.48771e+00  2.70084e+00
 2.94000e+01  5.03894e-01 -3.38418e-03  1.78960e+00 -6.71607e-03  2.49024e+00  2.70173e+00
 2.95000e+01  5.04045e-01 -2.64469e-03  1.79107e+00 -5.24693e-03  2.49383e+00  2.70380e+00
 2.96000e+01  5.04188e-01 -1.97586e-03  1.79245e+00 -3.91889e-03  2.49584e+00  2.70436e+00
 2.97000e+01  5.04321e-01 -1.42410e-03  1.79370e+00 -2.82379e-03  2.49756e+00  2.70474e+00
 2.98000e+01  5.04438e-01 -8.59431e-04  1.79486e+00 -1.70374e-03  2.50141e+00  2.70738e+00
 2.99000e+01  5.04549e-01 -3.89083e-04  1.79598e+00 -7.71150e-04  2.50263e+00  2.70748e+00
 3.00000e+01  5.04649e-01  4.61386e-05  1.79700e+00  9.14271e-05  2.50502e+00  2.70884e+00
 3.01000e+01  5.04739e-01  4.14484e-04  1.79795e+00  8.21184e-04  2.50674e+00  2.70964e+00
 3.02000e+01  5.04820e-01  7.32003e-04  1.79882e+00  1.45003e-03  2.50715e+00  2.70925e+00
 3.03000e+01  5.04884e-01  9.56118e-04  1.79955e+00  1.89374e-03  2.50924e+00  2.71068e+00
 3.04000e+01  5.04935e-01  1.08551e-03  1.80019e+00  2.14981e-03  2.50994e+00  2.71085e+00
 3.05000e+01  5.04971e-01  1.18338e-03  1.80069e+00  2.34346e-03  2.51208e+00  2.71260e+00
 3.06000e+01  5.04998e-01  1.27646e-03  1.80108e+00  2.52766e-03  2.51222e+00  2.71247e+00
 3.07000e+01  5.05015e-01  1.29301e-03  1.80141e+00  2.56034e-03  2.51271e+00  2.71278e+00
 3.08000e+01  5.05020e-01  1.25658e-03  1.80165e+00  2.48817e-03  2.51478e+00  2.71476e+00
 3.09000e+01  5.05023e-01  1.28902e-03  1.80184e+00  2.55240e-03  2.51461e+00  2.71456e+00
 3.10000e+01  5.05023e-01  1.28335e-03  1.80201e+00  2.54117e-03  2.51570e+00  2.71564e+00
 3.11000e+01  5.05023e-01  1.32047e-03  1.80218e+00  2.61466e-03  2.51429e+00  2.71425e+00
 3.12000e+01  5.05015e-01  1.37233e-03  1.80227e+00  2.71740e-03  2.51565e+00  2.71566e+00
 3.13000e+01  5.05005e-01  1.39439e-03  1.80240e+00  2.76114e-03  2.51673e+00  2.71681e+00
 3.14000e+01  5.05001e-01  1.41246e-03  1.80258e+00  2.79694e-03  2.51585e+00  2.71600e+00
 3.15000e+01  5.04994e-01  1.52774e-03  1.80269e+00  3.02526e-03  2.51720e+00  2.71738e+00
 3.16000e+01  5.04993e-01  1.65071e-03  1.80285e+00  3.26878e-03  2.51584e+00  2.71607e+00
 3.17000e+01  5.04988e-01  1.62770e-03  1.80307e+00  3.22325e-03  2.51730e+00  2.71754e+00
 3.18000e+01  5.04986e-01  1.68615e-03  1.80327e+00  3.33900e-03  2.51716e+00  2.71743e+00
 3.19000e+01  5.04986e-01  1.72161e-03  1.80345e+00  3.40922e-03  2.51568e+00  2.71598e+00
 3.20000e+01  5.04976e-01  1.73840e-03  1.80356e+00  3.44254e-03  2.51750e+00  2.71787e+00
 3.21000e+01  5.04967e-01  1.74176e-03  1.80368e+00  3.44925e-03  2.51650e+00  2.71697e+00
 3.22000e+01  5.04952e-01  1.74103e-03  1.80372e+00  3.44791e-03  2.51515e+00  2.71580e+00
 3.23000e+01  5.04924e-01  1.80534e-03  1.80361e+00  3.57548e-03  2.51599e+00  2.71689e+00
 3.24000e+01  5.04890e-01  1.79638e-03  1.80345e+00  3.55796e-03  2.51508e+00  2.71634e+00
 3.25000e+01  5.04846e-01  1.83670e-03  1.80319e+00  3.63815e-03  2.51440e+00  2.71610e+00
 3.26000e+01  5.04792e-01  1.85209e-03  1.80284e+00  3.66902e-03  2.51431e+00  2.71654e+00
 3.27000e+01  5.04733e-01  1.84293e-03  1.80246e+00  3.65130e-03  2.51287e+00  2.71572e+00
 3.28000e+01  5.04665e-01  1.83596e-03  1.80200e+00  3.63798e-03  2.51244e+00  2.71597e+00
 3.29000e+01  5.04591e-01  1.80131e-03  1.80149e+00  3.56984e-03  2.51056e+00  2.71485e+00
 3.30000e+01  5.04507e-01  1.76733e-03  1.80092e+00  3.50308e-03  2.50987e+00  2.71500e+00
 3.31000e+01  5.04417e-01  1.64683e-03  1.80033e+00  3.26482e-03  2.50943e+00  2.71546e+00
 3.32000e+01  5.04325e-01  1.59406e-03  1.79970e+00  3.16078e-03  2.50821e+00  2.71517e+00
 3.33000e+01  5.04232e-01  1.53974e-03  1.79906e+00  3.05363e-03  2.50725e+00  2.71514e+00
 3.34000e+01  5.04142e-01  1.43837e-03  1.79845e+00  2.85310e-03  2.50458e+00  2.71340e+00
 3.35000e+01  5.04046e-01  1.35269e-03  1.79779e+00  2.68367e-03  2.50430e+00  2.71407e+00
 3.36000e+01  5.03952e-01  1.20280e-03  1.79713e+00  2.38674e-03  2.50203e+00  2.71277e+00
 3.37000e+01  5.03854e-01  1.06303e-03  1.79643e+00  2.10980e-03  2.49928e+00  2.71103e+00
 3.38000e+01  5.03746e-01  8.78866e-04  1.79563e+00  1.74466e-03  2.49847e+00  2.71130e+00
 3.39000e+01  5.03632e-01  7.11817e-04  1.79475e+00  1.41337e-03  2.49627e+00  2.71025e+00
 3.40000e+01  5.03510e-01  5.91412e-04  1.79379e+00  1.17458e-03  2.49397e+00  2.70919e+00
 3.41000e+01  5.03379e-01  4.64874e-04  1.79273e+00  9.23507e-04  2.49157e+00  2.70811e+00
 3.42000e+01  5.03238e-01  3.79878e-04  1.79158e+00  7.54867e-04  2.49006e+00  2.70800e+00
 3.43000e+01  5.03092e-01  2.70408e-04  1.79038e+00  5.37493e-04  2.48700e+00  2.70643e+00
 3.44000e+01  5.02936e-01  2.33785e-04  1.78910e+00  4.64840e-04  2.48425e+00  2.70523e+00
 3.45000e+01  5.02771e-01  2.69997e-04  1.78775e+00  5.37017e-04  2.48229e+00  2.70491e+00
 3.46000e+01  5.02602e-01  3.24648e-04  1.78637e+00  6.45935e-04  2.47878e+00  2.70311e+00
 3.47000e+01  5.02423e-01  4.13035e-04  1.78493e+00  8.22086e-04  2.47647e+00  2.70257e+00
 3.48000e+01  5.02240e-01  5.48117e-04  1.78346e+00  1.09134e-03  2.47423e+00  2.70215e+00
 3.49000e+01  5.02057e-01  7.78378e-04  1.78198e+00  1.55038e-03  2.47060e+00  2.70035e+00
 3.50000e+01  5.01870e-01  1.01809e-03  1.78049e+00  2.02859e-03  2.46683e+00  2.69845e+00
 3.51000e+01  5.01675e-01  1.23264e-03  1.77897e+00  2.45704e-03  2.46447e+00  2.69801e+00
 3.52000e+01  5.01478e-01  1.54552e-03  1.77739e+00  3.08193e-03  2.46128e+00  2.69677e+00
 3.53000e+01  5.01278e-01  1.94070e-03  1.77575e+00  3.87150e-03  2.45698e+00  2.69445e+00
 3.54000e+01  5.01070e-01  2.26440e-03  1.77412e+00  4.51913e-03  2.45414e+00  2.69366e+00
 3.55000e+01  5.00857e-01  2.64393e-03  1.77243e+00  5.27881e-03  2.45031e+00  2.69192e+00
 3.56000e+01  5.00637e-01  3.10675e-03  1.77060e+00  6.20560e-03  2.44715e+00  2.69092e+00
 3.57000e+01  5.00413e-01  3.56571e-03  1.76874e+00  7.12554e-03  2.44296e+00  2.68893e+00
 3.58000e+01  5.00182e-01  4.02391e-03  1.76689e+00  8.04489e-03  2.43856e+00  2.68679e+00
 3.59000e+01  4.99942e-01  4.48821e-03  1.76496e+00  8.97746e-03  2.43626e+00  2.68682e+00
 3.60000e+01  4.99701e-01  5.01776e-03  1.76298e+00  1.00415e-02  2.42993e+00  2.68283e+00
 3.61000e+01  4.99447e-01  5.53889e-03  1.76092e+00  1.10900e-02  2.42654e+00  2.68192e+00
 3.62000e+01  4.99183e-01  6.12548e-03  1.75874e+00  1.22710e-02  2.42330e+00  2.68123e+00
 3.63000e+01  4.98917e-01  6.71579e-03  1.75661e+00  1.34607e-02  2.41692e+00  2.67741e+00
 3.64000e+01  4.98636e-01  7.30686e-03  1.75436e+00  1.46537e-02  2.41423e+00  2.67743e+00
 3.65000e+01  4.98352e-01  7.98793e-03  1.75195e+00  1.60287e-02  2.40884e+00  2.67476e+00
 3.66000e+01  4.98062e-01  8.56921e-03  1.74977e+00  1.72051e-02  2.40379e+00  2.67250e+00
 3.67000e+01  4.97761e-01  9.18376e-03  1.74753e+00  1.84501e-02  2.40066e+00  2.67226e+00
 3.68000e+01  4.97460e-01  9.86853e-03  1.74509e+00  1.98378e-02  2.39508e+00  2.66953e+00
 3.69000e+01  4.97154e-01  1.05248e-02  1.74269e+00  2.11701e-02  2.39008e+00  2.66744e+00
 3.70000e+01  4.96843e-01  1.12476e-02  1.74014e+00  2.26381e-02  2.38630e+00  2.66662e+00
 3.71000e+01  4.96535e-01  1.19424e-02  1.73771e+00  2.40516e-02  2.38119e+00  2.66441e+00
 3.72000e+01  4.96228e-01  1.26336e-02  1.73529e+00  2.54593e-02  2.37620e+00  2.66231e+00
 3.73000e+01  4.95922e-01  1.33771e-02  1.73270e+00  2.69741e-02  2.37203e+00  2.66102e+00
 3.74000e+01  4.95623e-01  1.40587e-02  1.73030e+00  2.83657e-02  2.36711e+00  2.65890e+00
 3.75000e+01  4.95331e-01  1.47701e-02  1.72784e+00  2.98188e-02  2.36321e+00  2.65775e+00
 3.76000e+01  4.95050e-01  1.54539e-02  1.72553e+00  3.12168e-02  2.35886e+00  2.65600e+00
 3.77000e+01  4.94783e-01  1.60860e-02  1.72347e+00  3.25112e-02  2.35434e+00  2.65395e+00
 3.78000e+01  4.94528e-01  1.67557e-02  1.72123e+00  3.38823e-02  2.34992e+00  2.65189e+00
 3.79000e+01  4.94284e-01  1.73522e-02  1.71916e+00  3.51058e-02  2.34639e+00  2.65063e+00
 3.80000e+01  4.94053e-01  1.79145e-02  1.71736e+00  3.62602e-02  2.34185e+00  2.64819e+00
 3.81000e+01  4.93832e-01  1.84102e-02  1.71571e+00  3.72804e-02  2.33812e+00  2.64649e+00
 3.82000e+01  4.93617e-01  1.88585e-02  1.71398e+00  3.82048e-02  2.33598e+00  2.64636e+00
 3.83000e+01  4.93417e-01  1.92680e-02  1.71231e+00  3.90502e-02  2.33152e+00  2.64369e+00
 3.84000e+01  4.93223e-01  1.95513e-02  1.71107e+00  3.96398e-02  2.33030e+00  2.64429e+00
 3.85000e+01  4.93046e-01  1.97901e-02  1.70983e+00  4.01384e-02  2.32688e+00  2.64247e+00
 3.86000e+01  4.92880e-01  1.99693e-02  1.70860e+00  4.05156e-02  2.32473e+00  2.64184e+00
 3.87000e+01  4.92728e-01  2.00453e-02  1.70772e+00  4.06824e-02  2.32401e+00  2.64255e+00
 3.88000e+01  4.92596e-01  2.01001e-02  1.70663e+00  4.08045e-02  2.32024e+00  2.63993e+00
 3.89000e+01  4.92475e-01  2.00936e-02  1.70562e+00  4.08013e-02  2.31969e+00  2.64052e+00
 3.90000e+01  4.92374e-01  1.99568e-02  1.70506e+00  4.05317e-02  2.31664e+00  2.63833e+00
 3.91000e+01  4.92282e-01  1.98069e-02  1.70432e+00  4.02349e-02  2.31586e+00  2.63841e+00
 3.92000e+01  4.92203e-01  1.95361e-02  1.70380e+00  3.96912e-02  2.31487e+00  2.63815e+00
 3.93000e+01  4.92138e-01  1.92099e-02  1.70317e+00  3.90336e-02  2.31213e+00  2.63594e+00
 3.94000e+01  4.92077e-01  1.88133e-02  1.70269e+00  3.82325e-02  2.31224e+00  2.63664e+00
 3.95000e+01  4.92026e-01  1.82310e-02  1.70270e+00  3.70529e-02  2.31043e+00  2.63525e+00
 3.96000e+01  4.91977e-01  1.76682e-02  1.70229e+00  3.59128e-02  2.31005e+00  2.63533e+00
 3.97000e+01  4.91931e-01  1.69600e-02  1.70203e+00  3.44765e-02  2.30928e+00  2.63498e+00
 3.98000e+01  4.91887e-01  1.61718e-02  1.70190e+00  3.28770e-02  2.30878e+00  2.63487e+00
 3.99000e+01  4.91846e-01  1.53206e-02  1.70165e+00  3.11491e-02  2.30844e+00  2.63492e+00
 4.00000e+01  4.91808e-01  1.43294e-02  1.70147e+00  2.91363e-02  2.30699e+00  2.63378e+00
 4.01000e+01  4.91766e-01  1.32815e-02  1.70129e+00  2.70078e-02  2.30700e+00  2.63418e+00
 4.02000e+01  4.91725e-01  1.20485e-02  1.70134e+00  2.45025e-02  2.30622e+00  2.63377e+00
 4.03000e+01  4.91680e-01  1.07647e-02  1.70127e+00  2.18937e-02  2.30696e+00  2.63497e+00
 4.04000e+01  4.91637e-01  9.39049e-03  1.70114e+00  1.91005e-02  2.30703e+00  2.63546e+00
 4.05000e+01  4.91600e-01  7.94099e-03  1.70099e+00  1.61534e-02  2.30563e+00  2.63436e+00
 4.06000e+01  4.91562e-01  6.45762e-03  1.70080e+00  1.31369e-02  2.30591e+00  2.63501e+00
 4.07000e+01  4.91528e-01  4.84975e-03  1.70068e+00  9.86669e-03  2.30572e+00  2.63514e+00
 4.08000e+01  4.91498e-01  3.25013e-03  1.70049e+00  6.61270e-03  2.30550e+00  2.63518e+00
 4.09000e+01  4.91475e-01  1.57059e-03  1.70036e+00  3.19566e-03  2.30420e+00  2.63406e+00
 4.10000e+01  4.91451e-01 -1.56254e-04  1.70020e+00 -3.17944e-04  2.30428e+00  2.63438e+00
 4.11000e+01  4.91430e-01 -1.84589e-03  1.70006e+00 -3.75616e-03  2.30461e+00  2.63492e+00
 4.12000e+01  4.91414e-01 -3.61426e-03  1.69994e+00 -7.35481e-03  2.30347e+00  2.63389e+00
 4.13000e+01  4.91399e-01 -5.39199e-03  1.69978e+00 -1.09727e-02  2.30449e+00  2.63509e+00
 4.14000e+01  4.91393e-01 -7.09956e-03  1.69992e+00 -1.44478e-02  2.30345e+00  2.63407e+00
 4.15000e+01  4.91388e-01 -8.85136e-03  1.69998e+00 -1.80130e-02  2.30385e+00  2.63452e+00
 4.16000e+01  4.91387e-01 -1.06663e-02  1.69974e+00 -2.17065e-02  2.30418e+00  2.63489e+00
 4.17000e+01  4.91393e-01 -1.23916e-02  1.69978e+00 -2.52172e-02  2.30308e+00  2.63369e+00
 4.18000e+01  4.91399e-01 -1.40630e-02  1.70001e+00 -2.86184e-02  2.30433e+00  2.63492e+00
 4.19000e+01  4.91411e-01 -1.57066e-02  1.70018e+00 -3.19623e-02  2.30394e+00  2.63441e+00
 4.20000e+01  4.91424e-01 -1.72984e-02  1.70024e+00 -3.52006e-02  2.30467e+00  2.63504e+00
 4.21000e+01  4.91443e-01 -1.88610e-02  1.70028e+00 -3.83788e-02  2.30528e+00  2.63548e+00
 4.22000e+01  4.91470e-01 -2.03130e-02  1.70063e+00 -4.13310e-02  2.30550e+00  2.63545e+00
 4.23000e+01  4.91502e-01 -2.17237e-02  1.70079e+00 -4.41985e-02  2.30532e+00  2.63496e+00
 4.24000e+01  4.91537e-01 -2.30723e-02  1.70078e+00 -4.69391e-02  2.30591e+00  2.63524e+00
 4.25000e+01  4.91577e-01 -2.42803e-02  1.70105e+00 -4.93926e-02  2.30709e+00  2.63609e+00
 4.26000e+01  4.91625e-01 -2.54190e-02  1.70146e+00 -5.17041e-02  2.30689e+00  2.63542e+00
 4.27000e+01  4.91675e-01 -2.64112e-02  1.70216e+00 -5.37167e-02  2.30850e+00  2.63660e+00
 4.28000e+01  4.91731e-01 -2.73519e-02  1.70235e+00 -5.56238e-02  2.30824e+00  2.63580e+00
 4.29000e+01  4.91787e-01 -2.82155e-02  1.70232e+00 -5.73735e-02  2.30953e+00  2.63660e+00
 4.30000e+01  4.91849e-01 -2.88807e-02  1.70310e+00 -5.87186e-02  2.31093e+00  2.63746e+00
 4.31000e+01  4.91918e-01 -2.94770e-02  1.70392e+00 -5.99226e-02  2.31160e+00  2.63749e+00
 4.32000e+01  4.91989e-01 -2.99378e-02  1.70456e+00 -6.08505e-02  2.31435e+00  2.63966e+00
 4.33000e+01  4.92071e-01 -3.03271e-02  1.70500e+00 -6.16316e-02  2.31546e+00  2.64001e+00
 4.34000e+01  4.92165e-01 -3.05841e-02  1.70618e+00 -6.21419e-02  2.31794e+00  2.64168e+00
 4.35000e+01  4.92274e-01 -3.06905e-02  1.70796e+00 -6.23443e-02  2.32048e+00  2.64325e+00
 4.36000e+01  4.92396e-01 -3.08356e-02  1.70863e+00 -6.26236e-02  2.32268e+00  2.64436e+00
 4.37000e+01  4.92533e-01 -3.08775e-02  1.70936e+00 -6.26913e-02  2.32449e+00  2.64491e+00
 4.38000e+01  4.92688e-01 -3.08157e-02  1.71081e+00 -6.25461e-02  2.32608e+00  2.64506e+00
 4.39000e+01  4.92853e-01 -3.06864e-02  1.71221e+00 -6.22628e-02  2.32926e+00  2.64676e+00
 4.40000e+01  4.93031e-01 -3.04700e-02  1.71367e+00 -6.18013e-02  2.33219e+00  2.64807e+00
 4.41000e+01  4.93222e-01 -3.01905e-02  1.71526e+00 -6.12108e-02  2.33601e+00  2.65016e+00
 4.42000e+01  4.93431e-01 -2.98394e-02  1.71696e+00 -6.04734e-02  2.33891e+00  2.65114e+00
 4.43000e+01  4.93654e-01 -2.94423e-02  1.71858e+00 -5.96416e-02  2.34220e+00  2.65238e+00
 4.44000e+01  4.93891e-01 -2.89829e-02  1.72029e+00 -5.86829e-02  2.34645e+00  2.65446e+00
 4.45000e+01  4.94147e-01 -2.84442e-02  1.72256e+00 -5.75621e-02  2.34843e+00  2.65402e+00
 4.46000e+01  4.94407e-01 -2.78460e-02  1.72483e+00 -5.63220e-02  2.35331e+00  2.65652e+00
 4.47000e+01  4.94674e-01 -2.72455e-02  1.72656e+00 -5.50777e-02  2.35734e+00  2.65807e+00
 4.48000e+01  4.94949e-01 -2.65789e-02  1.72866e+00 -5.37002e-02  2.35994e+00  2.65808e+00
 4.49000e+01  4.95223e-01 -2.58105e-02  1.73125e+00 -5.21190e-02  2.36641e+00  2.66204e+00
 4.50000e+01  4.95504e-01 -2.50489e-02  1.73346e+00 -5.05524e-02  2.36956e+00  2.66254e+00
 4.51000e+01  4.95785e-01 -2.42282e-02  1.73581e+00 -4.88684e-02  2.37427e+00  2.66462e+00
 4.52000e+01  4.96066e-01 -2.33503e-02  1.73825e+00 -4.70711e-02  2.38003e+00  2.66776e+00
 4.53000e+01  4.96353e-01 -2.24940e-02  1.74031e+00 -4.53186e-02  2.38338e+00  2.66839e+00
 4.54000e+01  4.96640e-01 -2.15438e-02  1.74276e+00 -4.33792e-02  2.38920e+00  2.67151e+00
 4.55000e+01  4.96933e-01 -2.05424e-02  1.74559e+00 -4.13382e-02  2.39357e+00  2.67310e+00
 4.56000e+01  4.97227e-01 -1.95478e-02  1.74803e+00 -3.93137e-02  2.39847e+00  2.67522e+00
 4.57000e+01  4.97520e-01 -1.85558e-02  1.75017e+00 -3.72966e-02  2.40293e+00  2.67688e+00
 4.58000e+01  4.97814e-01 -1.75313e-02  1.75253e+00 -3.52166e-02  2.40760e+00  2.67875e+00
 4.59000e+01  4.98106e-01 -1.64331e-02  1.75525e+00 -3.29912e-02  2.41333e+00  2.68168e+00
 4.60000e+01  4.98402e-01 -1.53510e-02  1.75781e+00 -3.08005e-02  2.41786e+00  2.68337e+00
 4.61000e+01  4.98696e-01 -1.42798e-02  1.76025e+00 -2.86344e-02  2.42256e+00  2.68523e+00
 4.62000e+01  4.98988e-01 -1.31959e-02  1.76289e+00 -2.64452e-02  2.42675e+00  2.68660e+00
 4.63000e+01  4.99272e-01 -1.21376e-02  1.76539e+00 -2.43107e-02  2.43221e+00  2.68931e+00
 4.64000e+01  4.99550e-01 -1.11426e-02  1.76774e+00 -2.23052e-02  2.43576e+00  2.69014e+00
 4.65000e+01  4.99817e-01 -1.01420e-02  1.77020e+00 -2.02913e-02  2.44062e+00  2.69240e+00
 4.66000e+01  5.00073e-01 -9.18719e-03  1.77258e+00 -1.83717e-02  2.44593e+00  2.69522e+00
 4.67000e+01  5.00320e-01 -8.31815e-03  1.77476e+00 -1.66256e-02  2.44894e+00  2.69580e+00
 4.68000e+01  5.00553e-01 -7.47906e-03  1.77691e+00 -1.49416e-02  2.45349e+00  2.69807e+00
 4.69000e+01  5.00771e-01 -6.66453e-03  1.77908e+00 -1.33085e-02  2.45658e+00  2.69901e+00
 4.70000e+01  5.00971e-01 -5.92720e-03  1.78100e+00 -1.18314e-02  2.46078e+00  2.70125e+00
 4.71000e+01  5.01153e-01 -5.29417e-03  1.78274e+00 -1.05640e-02  2.46438e+00  2.70304e+00
 4.72000e+01  5.01320e-01 -4.65822e-03  1.78439e+00 -9.29191e-03  2.46803e+00  2.70504e+00
 4.73000e+01  5.01474e-01 -4.14516e-03  1.78588e+00 -8.26595e-03  2.47165e+00  2.70712e+00
 4.74000e+01  5.01620e-01 -3.60476e-03  1.78737e+00 -7.18624e-03  2.47363e+00  2.70764e+00
 4.75000e+01  5.01753e-01 -3.14045e-03  1.78864e+00 -6.25895e-03  2.47807e+00  2.71075e+00
 4.76000e+01  5.01884e-01 -2.79308e-03  1.78984e+00 -5.56519e-03  2.47993e+00  2.71131e+00
 4.77000e+01  5.02011e-01 -2.35392e-03  1.79103e+00 -4.68899e-03  2.48146e+00  2.71158e+00
 4.78000e+01  5.02128e-01 -2.08918e-03  1.79205e+00 -4.16067e-03  2.48491e+00  2.71385e+00
 4.79000e+01  5.02244e-01 -1.81086e-03  1.79302e+00 -3.60553e-03  2.48718e+00  2.71496e+00
 4.80000e+01  5.02360e-01 -1.59722e-03  1.79397e+00 -3.17943e-03  2.48852e+00  2.71513e+00
 4.81000e+01  5.02474e-01 -1.41925e-03  1.79488e+00 -2.82452e-03  2.49007e+00  2.71555e+00
 4.82000e+01  5.02582e-01 -1.20267e-03  1.79576e+00 -2.39299e-03  2.49269e+00  2.71707e+00
 4.83000e+01  5.02691e-01 -1.07687e-03  1.79663e+00 -2.14222e-03  2.49367e+00  2.71696e+00
 4.84000e+01  5.02794e-01 -8.94902e-04  1.79747e+00 -1.77986e-03  2.49469e+00  2.71695e+00
 4.85000e+01  5.02888e-01 -8.28767e-04  1.79823e+00 -1.64801e-03  2.49644e+00  2.71775e+00
 4.86000e+01  5.02974e-01 -7.42510e-04  1.79895e+00 -1.47624e-03  2.49749e+00  2.71795e+00
 4.87000e+01  5.03049e-01 -6.46713e-04  1.79961e+00 -1.28559e-03  2.49812e+00  2.71782e+00
 4.88000e+01  5.03109e-01 -5.88957e-04  1.80017e+00 -1.17063e-03  2.49937e+00  2.71847e+00
 4.89000e+01  5.03156e-01 -5.39331e-04  1.80064e+00 -1.07190e-03  2.50130e+00  2.71992e+00
 4.90000e+01  5.03194e-01 -4.97829e-04  1.80107e+00 -9.89338e-04  2.50183e+00  2.72006e+00
 4.91000e+01  5.03223e-01 -4.13440e-04  1.80143e+00 -8.21585e-04  2.50282e+00  2.72075e+00
 4.92000e+01  5.03244e-01 -4.07667e-04  1.80175e+00 -8.10079e-04  2.50399e+00  2.72169e+00
 4.93000e+01  5.03261e-01 -2.98511e-04  1.80204e+00 -5.93153e-04  2.50473e+00  2.72225e+00
 4.94000e+01  5.03276e-01 -2.32602e-04  1.80230e+00 -4.62175e-04  2.50588e+00  2.72324e+00
 4.95000e+01  5.03293e-01 -1.98903e-04  1.80257e+00 -3.95203e-04  2.50579e+00  2.72299e+00
 4.96000e+01  5.03309e-01 -9.67527e-05  1.80281e+00 -1.92233e-04  2.50615e+00  2.72319e+00
 4.97000e+01  5.03322e-01 -8.80235e-05  1.80301e+00 -1.74885e-04  2.50678e+00  2.72367e+00
 4.98000e+01  5.03336e-01 -4.73183e-05  1.80318e+00 -9.40094e-05  2.50594e+00  2.72271e+00
 4.99000e+01  5.03342e-01 -2.73769e-05  1.80327e+00 -5.43903e-05  2.50624e+00  2.72294e+00
 5.00000e+01  5.03343e-01  1.94333e-13  1.80329e+00  3.86086e-13  2.50712e+00  2.72381e+00
 5.01000e+01  5.03342e-01  2.73769e-05  1.80327e+00  5.43903e-05  2.50624e+00  2.72294e+00
 5.02000e+01  5.03336e-01  4.73183e-05  1.80318e+00  9.40094e-05  2.50594e+00  2.72271e+00
 5.03000e+01  5.03322e-01  8.80235e-05  1.80301e+00  1.74885e-04  2.50678e+00  2.72367e+00
 5.04000e+01  5.03309e-01  9.67527e-05  1.80281e+00  1.92233e-04  2.50615e+00  2.72319e+00
 5.05000e+01  5.03293e-01  1.98903e-04  1.80257e+00  3.95203e-04  2.50579e+00  2.72299e+00
 5.06000e+01  5.03276e-01  2.32602e-04  1.80230e+00  4.62175e-04  2.50588e+00  2.72324e+00
 5.07000e+01  5.03261e-01  2.98511e-04  1.80204e+00  5.93153e-04  2.50473e+00  2.72225e+00
 5.08000e+01  5.03244e-01  4.07667e-04  1.80175e+00  8.10079e-04  2.50399e+00  2.72169e+00
 5.09000e+01  5.03223e-01  4.13440e-04  1.80143e+00  8.21585e-04  2.50282e+00  2.72075e+00
 5.10000e+01  5.03194e-01  4.97829e-04  1.80107e+00  9.89338e-04  2.50183e+00  2.72006e+00
 5.11000e+01  5.03156e-01  5.39331e-04  1.80064e+00  1.07190e-03  2.50130e+00  2.71992e+00
 5.12000e+01  5.03109e-01  5.88957e-04  1.80017e+00  1.17063e-03  2.49937e+00  2.71847e+00
 5.13000e+01  5.03049e-01  6.46713e-04  1.79961e+00  1.28559e-03  2.49812e+00  2.71782e+00
 5.14000e+01  5.02974e-01  7.42510e-04  1.79895e+00  1.47624e-03  2.49749e+00  2.71795e+00
 5.15000e+01  5.02888e-01  8.28767e-04  1.79823e+00  1.64801e-03  2.49644e+00  2.71775e+00
 5.16000e+01  5.02794e-01  8.94902e-04  1.79747e+00  1.77986e-03  2.49469e+00  2.71695e+00
 5.17000e+01  5.02691e-01  1.07687e-03  1.79663e+00  2.14222e-03  2.49367e+00  2.71696e+00
 5.18000e+01  5.02582e-01  1.20267e-03  1.79576e+00  2.39299e-03  2.49269e+00  2.71707e+00
 5.19000e+01  5.02474e-01  1.41925e-03  1.79488e+00  2.82452e-03  2.49007e+00  2.71555e+00
 5.20000e+01  5.02360e-01  1.59722e-03  1.79397e+00  3.17943e-03  2.48852e+00  2.71513e+00
 5.21000e+01  5.02244e-01  1.81086e-03  1.79302e+00  3.60553e-03  2.48718e+00  2.71496e+00
 5.22000e+01  5.02128e-01  2.08918e-03  1.79205e+00  4.16067e-03  2.48491e+00  2.71385e+00
 5.23000e+01  5.02011e-01  2.35392e-03  1.79103e+00  4.68899e-03  2.48146e+00  2.71158e+00
 5.24000e+01  5.01884e-01  2.79308e-03  1.78984e+00  5.56519e-03  2.47993e+00  2.71131e+00
 5.25000e+01  5.01753e-01  3.14045e-03  1.78864e+00  6.25895e-03  2.47807e+00  2.71075e+00
 5.26000e+01  5.01620e-01  3.60476e-03  1.78737e+00  7.18624e-03  2.47363e+00  2.70764e+00
 5.27000e+01  5.01474e-01  4.14516e-03  1.78588e+00  8.26595e-03  2.47165e+00  2.70712e+00
 5.28000e+01  5.01320e-01  4.65822e-03  1.78439e+00  9.29191e-03  2.46803e+00  2.70504e+00
 5.29000e+01  5.01153e-01  5.29417e-03  1.78274e+00  1.05640e-02  2.46438e+00  2.70304e+00
 5.30000e+01  5.00971e-01  5.92720e-03  1.78100e+00  1.18314e-02  2.46078e+00  2.70125e+00
 5.31000e+01  5.00771e-01  6.66453e-03  1.77908e+00  1.33085e-02  2.45658e+00  2.69901e+00
 5.32000e+01  5.00553e-01  7.47906e-03  1.77691e+00  1.49416e-02  2.45349e+00  2.69807e+00
 5.33000e+01  5.00320e-01  8.31815e-03  1.77476e+00  1.66256e-02  2.44894e+00  2.69580e+00
 5.34000e+01  5.00073e-01  9.18719e-03  1.77258e+00  1.83717e-02  2.44593e+00  2.69522e+00
 5.35000e+01  4.99817e-01  1.01420e-02  1.77020e+00  2.02913e-02  2.44062e+00  2.69240e+00
 5.36000e+01  4.99550e-01  1.11426e-02  1.76774e+00  2.23052e-02  2.43576e+00  2.69014e+00
 5.37000e+01  4.99272e-01  1.21376e-02  1.76539e+00  2.43107e-02  2.43221e+00  2.68931e+00
 5.38000e+01  4.98988e-01  1.31959e-02  1.76289e+00  2.64452e-02  2.42675e+00  2.68660e+00
 5.39000e+01  4.98696e-01  1.42798e-02  1.76025e+00  2.86344e-02  2.42256e+00  2.68523e+00
 5.40000e+01  4.98402e-01  1.53510e-02  1.75781e+00  3.08005e-02  2.41786e+00  2.68337e+00
 5.41000e+01  4.98106e-01  1.64331e-02  1.75525e+00  3.29912e-02  2.41333e+00  2.68168e+00
 5.42000e+01  4.97814e-01  1.75313e-02  1.75253e+00  3.52166e-02  2.40760e+00  2.67875e+00
 5.43000e+01  4.97520e-01  1.85558e-02  1.75017e+00  3.72966e-02  2.40293e+00  2.67688e+00
 5.44000e+01  4.97227e-01  1.95478e-02  1.74803e+00  3.93137e-02  2.39847e+00  2.67522e+00
 5.45000e+01  4.96933e-01  2.05424e-02  1.74559e+00  4.13382e-02  2.39357e+00  2.67310e+00
 5.46000e+01  4.96640e-01  2.15438e-02  1.74276e+00  4.33792e-02  2.38920e+00  2.67151e+00
 5.47000e+01  4.96353e-01  2.24940e-02  1.74031e+00  4.53186e-02  2.38338e+00  2.66839e+00
 5.48000e+01  4.96066e-01  2.33503e-02  1.73825e+00  4.70711e-02  2.38003e+00  2.66776e+00
 5.49000e+01  4.95785e-01  2.42282e-02  1.73581e+00  4.88684e-02  2.37427e+00  2.66462e+00
 5.50000e+01  4.95504e-01  2.50489e-02  1.73346e+00  5.05524e-02  2.36956e+00  2.66254e+00
 5.51000e+01  4.95223e-01  2.58105e-02  1.73125e+00  5.21190e-02  2.36641e+00  2.66204e+00
 5.52000e+01  4.94949e-01  2.65789e-02  1.72866e+00  5.37002e-02  2.35994e+00  2.65808e+00
 5.53000e+01  4.94674e-01  2.72455e-02  1.72656e+00  5.50777e-02  2.35734e+00  2.65807e+00
 5.54000e+01  4.94407e-01  2.78460e-02  1.72483e+00  5.63220e-02  2.35331e+00  2.65652e+00
 5.55000e+01  4.94147e-01  2.84442e-02  1.72256e+00  5.75621e-02  2.34843e+00  2.65402e+00
 5.56000e+01  4.93891e-01  2.89829e-02  1.72029e+00  5.86829e-02  2.34645e+00  2.65446e+00
 5.57000e+01  4.93654e-01  2.94423e-02  1.71858e+00  5.96416e-02  2.34220e+00  2.65238e+00
 5.58000e+01  4.93431e-01  2.98394e-02  1.71696e+00  6.04734e-02  2.33891e+00  2.65114e+00
 5.59000e+01  4.93222e-01  3.01905e-02  1.71526e+00  6.12108e-02  2.33601e+00  2.65016e+00
 5.60000e+01  4.93031e-01  3.04700e-02  1.71367e+00  6.18013e-02  2.33219e+00  2.64807e+00
 5.61000e+01  4.92853e-01  3.06864e-02  1.71221e+00  6.22628e-02  2.32926e+00  2.64676e+00
 5.62000e+01  4.92688e-01  3.08157e-02  1.71081e+00  6.25461e-02  2.32608e+00  2.64506e+00
 5.63000e+01  4.92533e-01  3.08775e-02  1.70936e+00  6.26913e-02  2.32449e+00  2.64491e+00
 5.64000e+01  4.92396e-01  3.08356e-02  1.70863e+00  6.26236e-02  2.32268e+00  2.64436e+00
 5.65000e+01  4.92274e-01  3.06905e-02  1.70796e+00  6.23443e-02  2.32048e+00  2.64325e+00
 5.66000e+01  4.92165e-01  3.05841e-02  1.70618e+00  6.21419e-02  2.31794e+00  2.64168e+00
 5.67000e+01  4.92071e-01  3.03271e-02  1.70500e+00  6.16316e-02  2.31546e+00  2.64001e+00
 5.68000e+01  4.91989e-01  2.99378e-02  1.70456e+00  6.08505e-02  2.31435e+00  2.63966e+00
 5.69000e+01  4.91918e-01  2.94770e-02  1.70392e+00  5.99226e-02  2.31160e+00  2.63749e+00
 5.70000e+01  4.91849e-01  2.88807e-02  1.70310e+00  5.87186e-02  2.31093e+00  2.63746e+00
 5.71000e+01  4.91787e-01  2.82155e-02  1.70232e+00  5.73735e-02  2.30953e+00  2.63660e+00
 5.72000e+01  4.91731e-01  2.73519e-02  1.70235e+00  5.56238e-02  2.30824e+00  2.63580e+00
 5.73000e+01  4.91675e-01  2.64112e-02  1.70216e+00  5.37167e-02  2.30850e+00  2.63660e+00
 5.74000e+01  4.91625e-01  2.54190e-02  1.70146e+00  5.17041e-02  2.30689e+00  2.63542e+00
 5.75000e+01  4.91577e-01  2.42803e-02  1.70105e+00  4.93926e-02  2.30709e+00  2.63609e+00
 5.76000e+01  4.91537e-01  2.30723e-02  1.70078e+00  4.69391e-02  2.30591e+00  2.63524e+00
 5.77000e+01  4.91502e-01  2.17237e-02  1.70079e+00  4.41985e-02  2.30532e+00  2.63496e+00
 5.78000e+01  4.91470e-01  2.03130e-02  1.70063e+00  4.13310e-02  2.30550e+00  2.63545e+00
 5.79000e+01  4.91443e-01  1.88610e-02  1.70028e+00  3.83788e-02  2.30528e+00  2.63548e+00
 5.80000e+01  4.91424e-01  1.72984e-02  1.70024e+00  3.52006e-02  2.30467e+00  2.63504e+00
 5.81000e+01  4.91411e-01  1.57066e-02  1.70018e+00  3.19623e-02  2.30394e+00  2.63441e+00
 5.82000e+01  4.91399e-01  1.40630e-02  1.70001e+00  2.86184e-02  2.30433e+00  2.63492e+00
 5.83000e+01  4.91393e-01  1.23916e-02  1.69978e+00  2.52172e-02  2.30308e+00  2.63369e+00
 5.84000e+01  4.91387e-01  1.06663e-02  1.69974e+00  2.17065e-02  2.30418e+00  2.63489e+00
 5.85000e+01  4.91388e-01  8.85136e-03  1.69998e+00  1.80130e-02  2.30385e+00  2.63452e+00
 5.86000e+01  4.91393e-01  7.09956e-03  1.69992e+00  1.44478e-02  2.30345e+00  2.63407e+00
 5.87000e+01  4.91399e-01  5.39199e-03  1.69978e+00  1.09727e-02  2.30449e+00  2.63509e+00
 5.88000e+01  4.91414e-01  3.61426e-03  1.69994e+00  7.35481e-03  2.30347e+00  2.63389e+00
 5.89000e+01  4.91430e-01  1.84589e-03  1.70006e+00  3.75616e-03  2.30461e+00  2.63492e+00
 5.90000e+01  4.91451e-01  1.56254e-04  1.70020e+00  3.17944e-04  2.30428e+00  2.63438e+00
 5.91000e+01  4.91475e-01 -1.57059e-03  1.70036e+00 -3.19566e-03  2.30420e+00  2.63406e+00
 5.92000e+01  4.91498e-01 -3.25013e-03  1.70049e+00 -6.61270e-03  2.30550e+00  2.63518e+00
 5.93000e+01  4.91528e-01 -4.84975e-03  1.70068e+00 -9.86669e-03  2.30572e+00  2.63514e+00
 5.94000e+01  4.91562e-01 -6.45762e-03  1.70080e+00 -1.31369e-02  2.30591e+00  2.63501e+00
 5.95000e+01  4.91600e-01 -7.94099e-03  1.70099e+00 -1.61534e-02  2.30563e+00  2.63436e+00
 5.96000e+01  4.91637e-01 -9.39049e-03  1.70114e+00 -1.91005e-02  2.30703e+00  2.63546e+00
 5.97000e+01  4.91680e-01 -1.07647e-02  1.70127e+00 -2.18937e-02  2.30696e+00  2.63497e+00
 5.98000e+01  4.91725e-01 -1.20485e-02  1.70134e+00 -2.45025e-02  2.30622e+00  2.63377e+00
 5.99000e+01  4.91766e-01 -1.32815e-02  1.70129e+00 -2.70078e-02  2.30700e+00  2.63418e+00
 6.00000e+01  4.91808e-01 -1.43294e-02  1.70147e+00 -2.91363e-02  2.30699e+00  2.63378e+00
 6.01000e+01  4.91846e-01 -1.53206e-02  1.70165e+00 -3.11491e-02  2.30844e+00  2.63492e+00
 6.02000e+01  4.91887e-01 -1.61718e-02  1.70190e+00 -3.28770e-02  2.30878e+00  2.63487e+00
 6.03000e+01  4.91931e-01 -1.69600e-02  1.70203e+00 -3.44765e-02  2.30928e+00  2.63498e+00
 6.04000e+01  4.91977e-01 -1.76682e-02  1.70229e+00 -3.59128e-02  2.31005e+00  2.63533e+00
 6.05000e+01  4.92026e-01 -1.82310e-02  1.70270e+00 -3.70529e-02  2.31043e+00  2.63525e+00
 6.06000e+01  4.92077e-01 -1.88133e-02  1.70269e+00 -3.82325e-02  2.31224e+00  2.63664e+00
 6.07000e+01  4.92138e-01 -1.92099e-02  1.70317e+00 -3.90336e-02  2.31213e+00  2.63594e+00
 6.08000e+01  4.92203e-01 -1.95361e-02  1.70380e+00 -3.96912e-02  2.31487e+00  2.63815e+00
 6.09000e+01  4.92282e-01 -1.98069e-02  1.70432e+00 -4.02349e-02  2.31586e+00  2.63841e+00
 6.10000e+01  4.92374e-01 -1.99568e-02  1.70506e+00 -4.05317e-02  2.31664e+00  2.63833e+00
 6.11000e+01  4.92475e-01 -2.00936e-02  1.70562e+00 -4.08013e-02  2.31969e+00  2.64052e+00
 6.12000e+01  4.92596e-01 -2.01001e-02  1.70663e+00 -4.08045e-02  2.32024e+00  2.63993e+00
 6.13000e+01  4.92728e-01 -2.00453e-02  1.70772e+00 -4.06824e-02  2.32401e+00  2.64255e+00
 6.14000e+01  4.92880e-01 -1.99693e-02  1.70860e+00 -4.05156e-02  2.32473e+00  2.64184e+00
 6.15000e+01  4.93046e-01 -1.97901e-02  1.70983e+00 -4.01384e-02  2.32688e+00  2.64247e+00
 6.16000e+01  4.93223e-01 -1.95513e-02  1.71107e+00 -3.96398e-02  2.33030e+00  2.64429e+00
 6.17000e+01  4.93417e-01 -1.92680e-02  1.71231e+00 -3.90502e-02  2.33152e+00  2.64369e+00
 6.18000e+01  4.93617e-01 -1.88585e-02  1.71398e+00 -3.82048e-02  2.33598e+00  2.64636e+00
 6.19000e+01  4.93832e-01 -1.84102e-02  1.71571e+00 -3.72804e-02  2.33812e+00  2.64649e+00
 6.20000e+01  4.94053e-01 -1.79145e-02  1.71736e+00 -3.62602e-02  2.34185e+00  2.64819e+00
 6.21000e+01  4.94284e-01 -1.73522e-02  1.71916e+00 -3.51058e-02  2.34639e+00  2.65063e+00
 6.22000e+01  4.94528e-01 -1.67557e-02  1.72123e+00 -3.38823e-02  2.34992e+00  2.65189e+00
 6.23000e+01  4.94783e-01 -1.60860e-02  1.72347e+00 -3.25112e-02  2.35434e+00  2.65395e+00
 6.24000e+01  4.95050e-01 -1.54539e-02  1.72553e+00 -3.12168e-02  2.35886e+00  2.65600e+00
 6.25000e+01  4.95331e-01 -1.47701e-02  1.72784e+00 -2.98188e-02  2.36321e+00  2.65775e+00
 6.26000e+01  4.95623e-01 -1.40587e-02  1.73030e+00 -2.83657e-02  2.36711e+00  2.65890e+00
 6.27000e+01  4.95922e-01 -1.33771e-02  1.73270e+00 -2.69741e-02  2.37203e+00  2.66102e+00
 6.28000e+01  4.96228e-01 -1.26336e-02  1.73529e+00 -2.54593e-02  2.37620e+00  2.66231e+00
 6.29000e+01  4.96535e-01 -1.19424e-02  1.73771e+00 -2.40516e-02  2.38119e+00  2.66441e+00
 6.30000e+01  4.96843e-01 -1.12476e-02  1.74014e+00 -2.26381e-02  2.38630e+00  2.66662e+00
 6.31000e+01  4.97154e-01 -1.05248e-02  1.74269e+00 -2.11701e-02  2.39008e+00  2.66744e+00
 6.32000e+01  4.97460e-01 -9.86853e-03  1.74509e+00 -1.98378e-02  2.39508e+00  2.66953e+00
 6.33000e+01  4.97761e-01 -9.18376e-03  1.74753e+00 -1.84501e-02  2.40066e+00  2.67226e+00
 6.34000e+01  4.98062e-01 -8.56921e-03  1.74977e+00 -1.72051e-02  2.40379e+00  2.67250e+00
 6.35000e+01  4.98352e-01 -7.98793e-03  1.75195e+00 -1.60287e-02  2.40884e+00  2.67476e+00
 6.36000e+01  4.98636e-01 -7.30686e-03  1.75436e+00 -1.46537e-02  2.41423e+00  2.67743e+00
 6.37000e+01  4.98917e-01 -6.71579e-03  1.75661e+00 -1.34607e-02  2.41692e+00  2.67741e+00
 6.38000e+01  4.99183e-01 -6.12548e-03  1.75874e+00 -1.22710e-02  2.42330e+00  2.68123e+00
 6.39000e+01  4.99447e-01 -5.53889e-03  1.76092e+00 -1.10900e-02  2.42654e+00  2.68192e+00
 6.40000e+01  4.99701e-01 -5.01776e-03  1.76298e+00 -1.00415e-02  2.42993e+00  2.68283e+00
 6.41000e+01  4.99942e-01 -4.48821e-03  1.76496e+00 -8.97746e-03  2.43626e+00  2.68682e+00
 6.42000e+01  5.00182e-01 -4.02391e-03  1.76689e+00 -8.04489e-03  2.43856e+00  2.68679e+00
 6.43000e+01  5.00413e-01 -3.56571e-03  1.76874e+00 -7.12554e-03  2.44296e+00  2.68893e+00
 6.44000e+01  5.00637e-01 -3.10675e-03  1.77060e+00 -6.20560e-03  2.44715e+00  2.69092e+00
 6.45000e+01  5.00857e-01 -2.64393e-03  1.77243e+00 -5.27881e-03  2.45031e+00  2.69192e+00
 6.46000e+01  5.01070e-01 -2.26440e-03  1.77412e+00 -4.51913e-03  2.45414e+00  2.69366e+00
 6.47000e+01  5.01278e-01 -1.94070e-03  1.77575e+00 -3.87150e-03  2.45698e+00  2.69445e+00
 6.48000e+01  5.01478e-01 -1.54552e-03  1.77739e+00 -3.08193e-03  2.46128e+00  2.69677e+00
 6.49000e+01  5.01675e-01 -1.23264e-03  1.77897e+00 -2.45704e-03  2.46447e+00  2.69801e+00
 6.50000e+01  5.01870e-01 -1.01809e-03  1.78049e+00 -2.02859e-03  2.46683e+00  2.69845e+00
 6.51000e+01  5.02057e-01 -7.78378e-04  1.78198e+00 -1.55038e-03  2.47060e+00  2.70035e+00
 6.52000e+01  5.02240e-01 -5.48117e-04  1.78346e+00 -1.09134e-03  2.47423e+00  2.70215e+00
 6.53000e+01  5.02423e-01 -4.13035e-04  1.78493e+00 -8.22086e-04  2.47647e+00  2.70257e+00
 6.54000e+01  5.02602e-01 -3.24648e-04  1.78637e+00 -6.45935e-04  2.47878e+00  2.70311e+00
 6.55000e+01  5.02771e-01 -2.69997e-04  1.78775e+00 -5.37017e-04  2.48229e+00  2.70491e+00
 6.56000e+01  5.02936e-01 -2.33785e-04  1.78910e+00 -4.64840e-04  2.48425e+00  2.70523e+00
 6.57000e+01  5.03092e-01 -2.70408e-04  1.79038e+00 -5.37493e-04  2.48700e+00  2.70643e+00
 6.58000e+01  5.03238e-01 -3.79878e-04  1.79158e+00 -7.54867e-04  2.49006e+00  2.70800e+00
 6.59000e+01  5.03379e-01 -4.64874e-04  1.79273e+00 -9.23507e-04  2.49157e+00  2.70811e+00
 6.60000e+01  5.03510e-01 -5.91412e-04  1.79379e+00 -1.17458e-03  2.49397e+00  2.70919e+00
 6.61000e+01  5.03632e-01 -7.11817e-04  1.79475e+00 -1.41337e-03  2.49627e+00  2.71025e+00
 6.62000e+01  5.03746e-01 -8.78866e-04  1.79563e+00 -1.74466e-03  2.49847e+00  2.71130e+00
 6.63000e+01  5.03854e-01 -1.06303e-03  1.79643e+00 -2.10980e-03  2.49928e+00  2.71103e+00
 6.64000e+01  5.03952e-01 -1.20280e-03  1.79713e+00 -2.38674e-03  2.50203e+00  2.71277e+00
 6.65000e+01  5.04046e-01 -1.35269e-03  1.79779e+00 -2.68367e-03  2.50430e+00  2.71407e+00
 6.66000e+01  5.04142e-01 -1.43837e-03  1.79845e+00 -2.85310e-03  2.50458e+00  2.71340e+00
 6.67000e+01  5.04232e-01 -1.53974e-03  1.79906e+00 -3.05363e-03  2.50725e+00  2.71514e+00
 6.68000e+01  5.04325e-01 -1.59406e-03  1.79970e+00 -3.16078e-03  2.50821e+00  2.71517e+00
 6.69000e+01  5.04417e-01 -1.64683e-03  1.80033e+00 -3.26482e-03  2.50943e+00  2.71546e+00
 6.70000e+01  5.04507e-01 -1.76733e-03  1.80092e+00 -3.50308e-03  2.50987e+00  2.71500e+00
 6.71000e+01  5.04591e-01 -1.80131e-03  1.80149e+00 -3.56984e-03  2.51056e+00  2.71485e+00
 6.72000e+01  5.04665e-01 -1.83596e-03  1.80200e+00 -3.63798e-03  2.51244e+00  2.71597e+00
 6.73000e+01  5.04733e-01 -1.84293e-03  1.80246e+00 -3.65130e-03  2.51287e+00  2.71572e+00
 6.74000e+01  5.04792e-01 -1.85209e-03  1.80284e+00 -3.66902e-03  2.51431e+00  2.71654e+00
 6.75000e+01  5.04846e-01 -1.83670e-03  1.80319e+00 -3.63815e-03  2.51440e+00  2.71610e+00
 6.76000e+01  5.04890e-01 -1.79638e-03  1.80345e+00 -3.55796e-03  2.51508e+00  2.71634e+00
 6.77000e+01  5.04924e-01 -1.80534e-03  1.80361e+00 -3.57548e-03  2.51599e+00  2.71689e+00
 6.78000e+01  5.04952e-01 -1.74103e-03  1.80372e+00 -3.44791e-03  2.51515e+00  2.71580e+00
 6.79000e+01  5.04967e-01 -1.74176e-03  1.80368e+00 -3.44925e-03  2.51650e+00  2.71697e+00
 6.80000e+01  5.04976e-01 -1.73840e-03  1.80356e+00 -3.44254e-03  2.51750e+00  2.71787e+00
 6.81000e+01  5.04986e-01 -1.72161e-03  1.80345e+00 -3.40922e-03  2.51568e+00  2.71598e+00
 6.82000e+01  5.04986e-01 -1.68615e-03  1.80327e+00 -3.33900e-03  2.51716e+00  2.71743e+00
 6.83000e+01  5.04988e-01 -1.62770e-03  1.80307e+00 -3.22325e-03  2.51730e+00  2.71754e+00
 6.84000e+01  5.04993e-01 -1.65071e-03  1.80285e+00 -3.26878e-03  2.51584e+00  2.71607e+00
 6.85000e+01  5.04994e-01 -1.52774e-03  1.80269e+00 -3.02526e-03  2.51720e+00  2.71738e+00
 6.86000e+01  5.05001e-01 -1.41246e-03  1.80258e+00 -2.79694e-03  2.51585e+00  2.71600e+00
 6.87000e+01  5.05005e-01 -1.39439e-03  1.80240e+00 -2.76114e-03  2.51673e+00  2.71681e+00
 6.88000e+01  5.05015e-01 -1.37233e-03  1.80227e+00 -2.71740e-03  2.51565e+00  2.71566e+00
 6.89000e+01  5.05023e-01 -1.32047e-03  1.80218e+00 -2.61466e-03  2.51429e+00  2.71425e+00
 6.90000e+01  5.05023e-01 -1.28335e-03  1.80201e+00 -2.54117e-03  2.51570e+00  2.71564e+00
 6.91000e+01  5.05023e-01 -1.28902e-03  1.80184e+00 -2.55240e-03  2.51461e+00  2.71456e+00
 6.92000e+01  5.05020e-01 -1.25658e-03  1.80165e+00 -2.48817e-03  2.51478e+00  2.71476e+00
 6.93000e+01  5.05015e-01 -1.29301e-03  1.80141e+00 -2.56034e-03  2.51271e+00  2.71278e+00
 6.94000e+01  5.04998e-01 -1.27646e-03  1.80108e+00 -2.52766e-03  2.51222e+00  2.71247e+00
 6.95000e+01  5.04971e-01 -1.18338e-03  1.80069e+00 -2.34346e-03  2.51208e+00  2.71260e+00
 6.96000e+01  5.04935e-01 -1.08551e-03  1.80019e+00 -2.14981e-03  2.50994e+00  2.71085e+00
 6.97000e+01  5.04884e-01 -9.56118e-04  1.79955e+00 -1.89374e-03  2.50924e+00  2.71068e+00
 6.98000e+01  5.04820e-01 -7.32003e-04  1.79882e+00 -1.45003e-03  2.50715e+00  2.70925e+00
 6.99000e+01  5.04739e-01 -4.14484e-04  1.79795e+00 -8.21184e-04  2.50674e+00  2.70964e+00
 7.00000e+01  5.04649e-01 -4.61386e-05  1.79700e+00 -9.14271e-05  2.50502e+00  2.70884e+00
 7.01000e+01  5.04549e-01  3.89083e-04  1.79598e+00  7.71150e-04  2.50263e+00  2.70748e+00
 7.02000e+01  5.04438e-01  8.59431e-04  1.79486e+00  1.70374e-03  2.50141e+00  2.70738e+00
 7.03000e+01  5.04321e-01  1.42410e-03  1.79370e+00  2.82379e-03  2.49756e+00  2.70474e+00
 7.04000e+01  5.04188e-01  1.97586e-03  1.79245e+00  3.91889e-03  2.49584e+00  2.70436e+00
 7.05000e+01  5.04045e-01  2.64469e-03  1.79107e+00  5.24693e-03  2.49383e+00  2.70380e+00
 7.06000e+01  5.03894e-01  3.38418e-03  1.78960e+00  6.71607e-03  2.49024e+00  2.70173e+00
 7.07000e+01  5.03732e-01  4.06169e-03  1.78813e+00  8.06320e-03  2.48771e+00  2.70084e+00
 7.08000e+01  5.03561e-01  4.82248e-03  1.78652e+00  9.57676e-03  2.48327e+00  2.69814e+00
 7.09000e+01  5.03373e-01  5.59766e-03  1.78470e+00  1.11203e-02  2.48093e+00  2.69767e+00
 7.10000e+01  5.03176e-01  6.33178e-03  1.78298e+00  1.25836e-02  2.47783e+00  2.69653e+00
 7.11000e+01  5.02972e-01  7.05870e-03  1.78118e+00  1.40340e-02  2.47275e+00  2.69352e+00
 7.12000e+01  5.02752e-01  7.89184e-03  1.77901e+00  1.56973e-02  2.46985e+00  2.69280e+00
 7.13000e+01  5.02523e-01  8.65261e-03  1.77697e+00  1.72183e-02  2.46583e+00  2.69106e+00
 7.14000e+01  5.02287e-01  9.40662e-03  1.77498e+00  1.87276e-02  2.46116e+00  2.68875e+00
 7.15000e+01  5.02038e-01  1.02472e-02  1.77267e+00  2.04112e-02  2.45638e+00  2.68643e+00
 7.16000e+01  5.01776e-01  1.10493e-02  1.77031e+00  2.20203e-02  2.45175e+00  2.68439e+00
 7.17000e+01  5.01502e-01  1.19036e-02  1.76787e+00  2.37360e-02  2.44739e+00  2.68273e+00
 7.18000e+01  5.01216e-01  1.27393e-02  1.76538e+00  2.54167e-02  2.44243e+00  2.68057e+00
 7.19000e+01  5.00921e-01  1.36153e-02  1.76274e+00  2.71805e-02  2.43655e+00  2.67759e+00
 7.20000e+01  5.00611e-01  1.45069e-02  1.75996e+00  2.89784e-02  2.43180e+00  2.67586e+00
 7.21000e+01  5.00292e-01  1.53807e-02  1.75721e+00  3.07434e-02  2.42688e+00  2.67405e+00
 7.22000e+01  4.99967e-01  1.62891e-02  1.75432e+00  3.25804e-02  2.42093e+00  2.67125e+00
 7.23000e+01  4.99633e-01  1.71849e-02  1.75131e+00  3.43950e-02  2.41565e+00  2.66920e+00
 7.24000e+01  4.99296e-01  1.80868e-02  1.74827e+00  3.62247e-02  2.40948e+00  2.66628e+00
 7.25000e+01  4.98953e-01  1.89488e-02  1.74544e+00  3.79772e-02  2.40505e+00  2.66515e+00
 7.26000e+01  4.98612e-01  1.97967e-02  1.74263e+00  3.97036e-02  2.39890e+00  2.66225e+00
 7.27000e+01  4.98271e-01  2.06827e-02  1.73955e+00  4.15089e-02  2.39312e+00  2.65973e+00
 7.28000e+01  4.97930e-01  2.15319e-02  1.73654e+00  4.32428e-02  2.38878e+00  2.65864e+00
 7.29000e+01  4.97599e-01  2.23818e-02  1.73340e+00  4.49797e-02  2.38097e+00  2.65395e+00
 7.30000e+01  4.97267e-01  2.32014e-02  1.73028e+00  4.66578e-02  2.37439e+00  2.65048e+00
 7.31000e+01  4.96931e-01  2.39117e-02  1.72754e+00  4.81186e-02  2.37017e+00  2.64944e+00
 7.32000e+01  4.96598e-01  2.46135e-02  1.72471e+00  4.95642e-02  2.36520e+00  2.64759e+00
 7.33000e+01  4.96272e-01  2.52404e-02  1.72184e+00  5.08599e-02  2.35852e+00  2.64394e+00
 7.34000e+01  4.95947e-01  2.58392e-02  1.71871e+00  5.21007e-02  2.35252e+00  2.64096e+00
 7.35000e+01  4.95621e-01  2.63672e-02  1.71569e+00  5.32003e-02  2.34577e+00  2.63720e+00
 7.36000e+01  4.95290e-01  2.67691e-02  1.71286e+00  5.40474e-02  2.34057e+00  2.63506e+00
 7.37000e+01  4.94954e-01  2.71405e-02  1.70973e+00  5.48344e-02  2.33542e+00  2.63301e+00
 7.38000e+01  4.94619e-01  2.73575e-02  1.70707e+00  5.53102e-02  2.33003e+00  2.63070e+00
 7.39000e+01  4.94285e-01  2.75043e-02  1.70443e+00  5.56446e-02  2.32630e+00  2.63006e+00
 7.40000e+01  4.93961e-01  2.75981e-02  1.70159e+00  5.58709e-02  2.32022e+00  2.62691e+00
 7.41000e+01  4.93644e-01  2.75842e-02  1.69891e+00  5.58787e-02  2.31553e+00  2.62512e+00
 7.42000e+01  4.93336e-01  2.75345e-02  1.69585e+00  5.58128e-02  2.30843e+00  2.62075e+00
 7.43000e+01  4.93030e-01  2.73678e-02  1.69326e+00  5.55095e-02  2.30336e+00  2.61844e+00
 7.44000e+01  4.92724e-01  2.70497e-02  1.69147e+00  5.48983e-02  2.30157e+00  2.61950e+00
 7.45000e+01  4.92433e-01  2.67373e-02  1.68897e+00  5.42963e-02  2.29595e+00  2.61646e+00
 7.46000e+01  4.92151e-01  2.63914e-02  1.68605e+00  5.36246e-02  2.29195e+00  2.61499e+00
 7.47000e+01  4.91888e-01  2.59337e-02  1.68361e+00  5.27228e-02  2.28703e+00  2.61241e+00
 7.48000e+01  4.91640e-01  2.54112e-02  1.68147e+00  5.16866e-02  2.28149e+00  2.60901e+00
 7.49000e+01  4.91399e-01  2.47566e-02  1.67975e+00  5.03798e-02  2.27859e+00  2.60828e+00
 7.50000e+01  4.91169e-01  2.40569e-02  1.67796e+00  4.89788e-02  2.27638e+00  2.60816e+00
 7.51000e+01  4.90959e-01  2.33211e-02  1.67599e+00  4.75010e-02  2.27251e+00  2.60613e+00
 7.52000e+01  4.90766e-01  2.25075e-02  1.67442e+00  4.58619e-02  2.26891e+00  2.60420e+00
 7.53000e+01  4.90589e-01  2.16424e-02  1.67308e+00  4.41151e-02  2.26781e+00  2.60473e+00
 7.54000e+01  4.90435e-01  2.07512e-02  1.67165e+00  4.23118e-02  2.26429e+00  2.60252e+00
 7.55000e+01  4.90302e-01  1.98313e-02  1.67039e+00  4.04470e-02  2.26167e+00  2.60105e+00
 7.56000e+01  4.90186e-01  1.88349e-02  1.66947e+00  3.84241e-02  2.26045e+00  2.60086e+00
 7.57000e+01  4.90091e-01  1.78348e-02  1.66857e+00  3.63909e-02  2.25775e+00  2.59895e+00
 7.58000e+01  4.90011e-01  1.67881e-02  1.66793e+00  3.42606e-02  2.25741e+00  2.59934e+00
 7.59000e+01  4.89952e-01  1.57042e-02  1.66752e+00  3.20525e-02  2.25608e+00  2.59852e+00
 7.60000e+01  4.89910e-01  1.46688e-02  1.66689e+00  2.99419e-02  2.25461e+00  2.59738e+00
 7.61000e+01  4.89883e-01  1.36109e-02  1.66647e+00  2.77839e-02  2.25428e+00  2.59729e+00
 7.62000e+01  4.89873e-01  1.25155e-02  1.66641e+00  2.55485e-02  2.25340e+00  2.59647e+00
 7.63000e+01  4.89876e-01  1.14537e-02  1.66633e+00  2.33808e-02  2.25429e+00  2.59737e+00
 7.64000e+01  4.89897e-01  1.04066e-02  1.66637e+00  2.12425e-02  2.25333e+00  2.59617e+00
 7.65000e+01  4.89930e-01  9.38264e-03  1.66653e+00  1.91510e-02  2.25369e+00  2.59623e+00
 7.66000e+01  4.89974e-01  8.40685e-03  1.66680e+00  1.71578e-02  2.25554e+00  2.59775e+00
 7.67000e+01  4.90037e-01  7.48087e-03  1.66717e+00  1.52659e-02  2.25497e+00  2.59656e+00
 7.68000e+01  4.90111e-01  6.65502e-03  1.66750e+00  1.35786e-02  2.25664e+00  2.59760e+00
 7.69000e+01  4.90201e-01  5.87975e-03  1.66801e+00  1.19946e-02  2.25751e+00  2.59766e+00
 7.70000e+01  4.90306e-01  5.12022e-03  1.66873e+00  1.04429e-02  2.25807e+00  2.59727e+00
 7.71000e+01  4.90419e-01  4.46260e-03  1.66943e+00  9.09957e-03  2.26062e+00  2.59886e+00
 7.72000e+01  4.90548e-01  3.89187e-03  1.67022e+00  7.93373e-03  2.26137e+00  2.59843e+00
 7.73000e+01  4.90685e-01  3.36721e-03  1.67110e+00  6.86226e-03  2.26374e+00  2.59960e+00
 7.74000e+01  4.90835e-01  2.95200e-03  1.67208e+00  6.01424e-03  2.26563e+00  2.60016e+00
 7.75000e+01  4.90996e-01  2.56765e-03  1.67319e+00  5.22947e-03  2.26697e+00  2.60004e+00
 7.76000e+01  4.91162e-01  2.28636e-03  1.67431e+00  4.65500e-03  2.27080e+00  2.60244e+00
 7.77000e+01  4.91343e-01  2.15638e-03  1.67552e+00  4.38876e-03  2.27221e+00  2.60220e+00
 7.78000e+01  4.91531e-01  1.99574e-03  1.67687e+00  4.06025e-03  2.27510e+00  2.60343e+00
 7.79000e+01  4.91728e-01  1.95834e-03  1.67827e+00  3.98257e-03  2.27797e+00  2.60454e+00
 7.80000e+01  4.91933e-01  2.03878e-03  1.67971e+00  4.14442e-03  2.28039e+00  2.60512e+00
 7.81000e+01  4.92143e-01  2.13173e-03  1.68123e+00  4.33152e-03  2.28434e+00  2.60722e+00
 7.82000e+01  4.92363e-01  2.31206e-03  1.68283e+00  4.69585e-03  2.28671e+00  2.60759e+00
 7.83000e+01  4.92587e-01  2.52528e-03  1.68450e+00  5.12657e-03  2.29141e+00  2.61032e+00
 7.84000e+01  4.92825e-01  2.77576e-03  1.68630e+00  5.63235e-03  2.29408e+00  2.61083e+00
 7.85000e+01  4.93069e-01  3.13512e-03  1.68810e+00  6.35837e-03  2.29785e+00  2.61241e+00
 7.86000e+01  4.93321e-01  3.56658e-03  1.68994e+00  7.22973e-03  2.30283e+00  2.61514e+00
 7.87000e+01  4.93588e-01  3.98064e-03  1.69195e+00  8.06469e-03  2.30545e+00  2.61531e+00
 7.88000e+01  4.93861e-01  4.46501e-03  1.69399e+00  9.04103e-03  2.30973e+00  2.61712e+00
 7.89000e+01  4.94141e-01  4.92954e-03  1.69613e+00  9.97598e-03  2.31337e+00  2.61820e+00
 7.90000e+01  4.94423e-01  5.41036e-03  1.69826e+00  1.09428e-02  2.31875e+00  2.62103e+00
 7.91000e+01  4.94715e-01  5.96364e-03  1.70037e+00  1.20547e-02  2.32291e+00  2.62251e+00
 7.92000e+01  4.95015e-01  6.40702e-03  1.70267e+00  1.29431e-02  2.32612e+00  2.62295e+00
 7.93000e+01  4.95313e-01  6.90328e-03  1.70494e+00  1.39372e-02  2.33106e+00  2.62515e+00
 7.94000e+01  4.95613e-01  7.35857e-03  1.70720e+00  1.48474e-02  2.33601e+00  2.62734e+00
 7.95000e+01  4.95916e-01  7.80227e-03  1.70942e+00  1.57330e-02  2.34040e+00  2.62893e+00
 7.96000e+01  4.96221e-01  8.26892e-03  1.71164e+00  1.66638e-02  2.34385e+00  2.62953e+00
 7.97000e+01  4.96521e-01  8.57811e-03  1.71409e+00  1.72764e-02  2.34933e+00  2.63224e+00
 7.98000e+01  4.96819e-01  8.96446e-03  1.71634e+00  1.80437e-02  2.35414e+00  2.63427e+00
 7.99000e+01  4.97117e-01  9.29661e-03  1.71858e+00  1.87011e-02  2.35827e+00  2.63561e+00
 8.00000e+01  4.97412e-01  9.56644e-03  1.72098e+00  1.92324e-02  2.36360e+00  2.63819e+00
 8.01000e+01  4.97707e-01  9.86574e-03  1.72328e+00  1.98224e-02  2.36921e+00  2.64104e+00
 8.02000e+01  4.98007e-01  1.01051e-02  1.72565e+00  2.02910e-02  2.37390e+00  2.64290e+00
 8.03000e+01  4.98312e-01  1.03737e-02  1.72801e+00  2.08176e-02  2.37802e+00  2.64412e+00
 8.04000e+01  4.98618e-01  1.05866e-02  1.73038e+00  2.12319e-02  2.38306e+00  2.64627e+00
 8.05000e+01  4.98926e-01  1.07814e-02  1.73277e+00  2.16092e-02  2.38875e+00  2.64903e+00
 8.06000e+01  4.99240e-01  1.09349e-02  1.73523e+00  2.19030e-02  2.39307e+00  2.65035e+00
 8.07000e+01  4.99556e-01  1.10292e-02  1.73781e+00  2.20780e-02  2.39665e+00  2.65091e+00
 8.08000e+01  4.99865e-01  1.11123e-02  1.74019e+00  2.22305e-02  2.40251e+00  2.65381e+00
 8.09000e+01  5.00172e-01  1.11632e-02  1.74246e+00  2.23187e-02  2.40750e+00  2.65584e+00
 8.10000e+01  5.00479e-01  1.11411e-02  1.74487e+00  2.22608e-02  2.41158e+00  2.65697e+00
 8.11000e+01  5.00779e-01  1.10455e-02  1.74726e+00  2.20567e-02  2.41663e+00  2.65911e+00
 8.12000e+01  5.01075e-01  1.09195e-02  1.74968e+00  2.17922e-02  2.42163e+00  2.66124e+00
 8.13000e+01  5.01367e-01  1.06961e-02  1.75217e+00  2.13339e-02  2.42624e+00  2.66301e+00
 8.14000e+01  5.01652e-01  1.05246e-02  1.75437e+00  2.09799e-02  2.43175e+00  2.66573e+00
 8.15000e+01  5.01936e-01  1.03188e-02  1.75657e+00  2.05580e-02  2.43537e+00  2.66658e+00
 8.16000e+01  5.02213e-01  1.00571e-02  1.75882e+00  2.00255e-02  2.43800e+00  2.66651e+00
 8.17000e+01  5.02472e-01  9.82257e-03  1.76089e+00  1.95485e-02  2.44352e+00  2.66947e+00
 8.18000e+01  5.02721e-01  9.50105e-03  1.76294e+00  1.88993e-02  2.44806e+00  2.67155e+00
 8.19000e+01  5.02960e-01  9.23291e-03  1.76476e+00  1.83571e-02  2.45115e+00  2.67229e+00
 8.20000e+01  5.03187e-01  8.90578e-03  1.76656e+00  1.76988e-02  2.45430e+00  2.67320e+00
 8.21000e+01  5.03397e-01  8.51880e-03  1.76839e+00  1.69226e-02  2.45877e+00  2.67558e+00
 8.22000e+01  5.03595e-01  8.18101e-03  1.77000e+00  1.62452e-02  2.46257e+00  2.67740e+00
 8.23000e+01  5.03784e-01  7.82817e-03  1.77149e+00  1.55387e-02  2.46573e+00  2.67868e+00
 8.24000e+01  5.03965e-01  7.54532e-03  1.77278e+00  1.49719e-02  2.46859e+00  2.67974e+00
 8.25000e+01  5.04137e-01  7.25597e-03  1.77399e+00  1.43928e-02  2.47172e+00  2.68113e+00
 8.26000e+01  5.04305e-01  6.93447e-03  1.77526e+00  1.37506e-02  2.47605e+00  2.68376e+00
 8.27000e+01  5.04477e-01  6.60817e-03  1.77662e+00  1.30991e-02  2.47796e+00  2.68397e+00
 8.28000e+01  5.04647e-01  6.26628e-03  1.77792e+00  1.24172e-02  2.48110e+00  2.68538e+00
 8.29000e+01  5.04820e-01  5.99171e-03  1.77910e+00  1.18690e-02  2.48343e+00  2.68598e+00
 8.30000e+01  5.04992e-01  5.65005e-03  1.78041e+00  1.11884e-02  2.48550e+00  2.68634e+00
 8.31000e+01  5.05159e-01  5.26425e-03  1.78174e+00  1.04210e-02  2.48925e+00  2.68838e+00
 8.32000e+01  5.05328e-01  4.90935e-03  1.78304e+00  9.71519e-03  2.49111e+00  2.68856e+00
 8.33000e+01  5.05493e-01  4.47919e-03  1.78435e+00  8.86105e-03  2.49341e+00  2.68920e+00
 8.34000e+01  5.05651e-01  4.09062e-03  1.78555e+00  8.08982e-03  2.49630e+00  2.69048e+00
 8.35000e+01  5.05805e-01  3.65227e-03  1.78679e+00  7.22071e-03  2.49886e+00  2.69147e+00
 8.36000e+01  5.05954e-01  3.18405e-03  1.78800e+00  6.29317e-03  2.50106e+00  2.69216e+00
 8.37000e+01  5.06097e-01  2.82605e-03  1.78904e+00  5.58402e-03  2.50387e+00  2.69351e+00
 8.38000e+01  5.06236e-01  2.43060e-03  1.79009e+00  4.80131e-03  2.50603e+00  2.69425e+00
 8.39000e+01  5.06372e-01  2.06403e-03  1.79110e+00  4.07612e-03  2.50790e+00  2.69474e+00
 8.40000e+01  5.06502e-01  1.77033e-03  1.79200e+00  3.49521e-03  2.51009e+00  2.69560e+00
 8.41000e+01  5.06628e-01  1.48354e-03  1.79286e+00  2.92826e-03  2.51223e+00  2.69646e+00
 8.42000e+01  5.06750e-01  1.21811e-03  1.79370e+00  2.40378e-03  2.51377e+00  2.69675e+00
 8.43000e+01  5.06868e-01  1.00855e-03  1.79447e+00  1.98976e-03  2.51462e+00  2.69643e+00
 8.44000e+01  5.06976e-01  8.27828e-04  1.79515e+00  1.63287e-03  2.51553e+00  2.69625e+00
 8.45000e+01  5.07069e-01  6.58646e-04  1.79572e+00  1.29893e-03  2.51751e+00  2.69726e+00
 8.46000e+01  5.07153e-01  5.19703e-04  1.79622e+00  1.02475e-03  2.51967e+00  2.69854e+00
 8.47000e+01  5.07232e-01  4.04292e-04  1.79668e+00  7.97056e-04  2.51950e+00  2.69760e+00
 8.48000e+01  5.07299e-01  3.22152e-04  1.79706e+00  6.35034e-04  2.52130e+00  2.69870e+00
 8.49000e+01  5.07360e-01  2.13019e-04  1.79739e+00  4.19857e-04  2.52179e+00  2.69858e+00
 8.50000e+01  5.07412e-01  5.35788e-05  1.79767e+00  1.05592e-04  2.52196e+00  2.69823e+00
 8.51000e+01  5.07452e-01 -1.19143e-04  1.79785e+00 -2.34787e-04  2.52287e+00  2.69872e+00
 8.52000e+01  5.07484e-01 -3.12509e-04  1.79796e+00 -6.15801e-04  2.52328e+00  2.69880e+00
 8.53000e+01  5.07507e-01 -5.62562e-04  1.79799e+00 -1.10848e-03  2.52484e+00  2.70010e+00
 8.54000e+01  5.07529e-01 -7.37871e-04  1.79803e+00 -1.45385e-03  2.52349e+00  2.69856e+00
 8.55000e+01  5.07541e-01 -9.35561e-04  1.79797e+00 -1.84332e-03  2.52495e+00  2.69986e+00
 8.56000e+01  5.07553e-01 -1.21053e-03  1.79786e+00 -2.38504e-03  2.52475e+00  2.69955e+00
 8.57000e+01  5.07562e-01 -1.38152e-03  1.79773e+00 -2.72188e-03  2.52424e+00  2.69896e+00
 8.58000e+01  5.07568e-01 -1.55184e-03  1.79756e+00 -3.05741e-03  2.52577e+00  2.70039e+00
 8.59000e+01  5.07580e-01 -1.60838e-03  1.79746e+00 -3.16873e-03  2.52430e+00  2.69885e+00
 8.60000e+01  5.07589e-01 -1.61778e-03  1.79735e+00 -3.18719e-03  2.52544e+00  2.69986e+00
 8.61000e+01  5.07604e-01 -1.67340e-03  1.79724e+00 -3.29666e-03  2.52543e+00  2.69971e+00
 8.62000e+01  5.07624e-01 -1.61343e-03  1.79721e+00 -3.17841e-03  2.52499e+00  2.69908e+00
 8.63000e+01  5.07646e-01 -1.60905e-03  1.79719e+00 -3.16962e-03  2.52490e+00  2.69878e+00
 8.64000e+01  5.07670e-01 -1.56736e-03  1.79722e+00 -3.08737e-03  2.52489e+00  2.69855e+00
 8.65000e+01  5.07693e-01 -1.49786e-03  1.79728e+00 -2.95033e-03  2.52473e+00  2.69815e+00
 8.66000e+01  5.07714e-01 -1.54290e-03  1.79731e+00 -3.03892e-03  2.52370e+00  2.69695e+00
 8.67000e+01  5.07726e-01 -1.55405e-03  1.79730e+00 -3.06080e-03  2.52422e+00  2.69734e+00
 8.68000e+01  5.07731e-01 -1.64990e-03  1.79724e+00 -3.24956e-03  2.52421e+00  2.69728e+00
 8.69000e+01  5.07731e-01 -1.76467e-03  1.79713e+00 -3.47560e-03  2.52373e+00  2.69681e+00
 8.70000e+01  5.07722e-01 -1.89506e-03  1.79695e+00 -3.73247e-03  2.52283e+00  2.69603e+00
 8.71000e+01  5.07701e-01 -2.07479e-03  1.79665e+00 -4.08664e-03  2.52251e+00  2.69593e+00
 8.72000e+01  5.07670e-01 -2.18000e-03  1.79629e+00 -4.29413e-03  2.52146e+00  2.69521e+00
 8.73000e+01  5.07626e-01 -2.36351e-03  1.79577e+00 -4.65599e-03  2.52148e+00  2.69566e+00
 8.74000e+01  5.07576e-01 -2.50302e-03  1.79519e+00 -4.93132e-03  2.52035e+00  2.69505e+00
 8.75000e+01  5.07518e-01 -2.63877e-03  1.79454e+00 -5.19935e-03  2.51866e+00  2.69398e+00
 8.76000e+01  5.07451e-01 -2.82410e-03  1.79377e+00 -5.56527e-03  2.51851e+00  2.69450e+00
 8.77000e+01  5.07381e-01 -2.96346e-03  1.79297e+00 -5.84071e-03  2.51490e+00  2.69168e+00
 8.78000e+01  5.07297e-01 -3.12440e-03  1.79206e+00 -6.15891e-03  2.51461e+00  2.69222e+00
 8.79000e+01  5.07206e-01 -3.18591e-03  1.79116e+00 -6.28130e-03  2.51329e+00  2.69182e+00
 8.80000e+01  5.07112e-01 -3.25133e-03  1.79026e+00 -6.41147e-03  2.51005e+00  2.68960e+00
 8.81000e+01  5.07006e-01 -3.29182e-03  1.78932e+00 -6.49266e-03  2.51006e+00  2.69064e+00
 8.82000e+01  5.06899e-01 -3.31211e-03  1.78843e+00 -6.53406e-03  2.50763e+00  2.68933e+00
 8.83000e+01  5.06787e-01 -3.46304e-03  1.78741e+00 -6.83333e-03  2.50525e+00  2.68811e+00
 8.84000e+01  5.06669e-01 -3.60703e-03  1.78632e+00 -7.11911e-03  2.50275e+00  2.68682e+00
 8.85000e+01  5.06543e-01 -3.76724e-03  1.78521e+00 -7.43715e-03  2.50021e+00  2.68558e+00
 8.86000e+01  5.06407e-01 -3.86901e-03  1.78410e+00 -7.64012e-03  2.49764e+00  2.68440e+00
 8.87000e+01  5.06260e-01 -3.95171e-03  1.78291e+00 -7.80570e-03  2.49396e+00  2.68225e+00
 8.88000e+01  5.06094e-01 -4.11515e-03  1.78147e+00 -8.13120e-03  2.49197e+00  2.68192e+00
 8.89000e+01  5.05915e-01 -4.27189e-03  1.77989e+00 -8.44388e-03  2.48826e+00  2.68004e+00
 8.90000e+01  5.05720e-01 -4.49501e-03  1.77810e+00 -8.88833e-03  2.48448e+00  2.67824e+00
 8.91000e+01  5.05508e-01 -4.68317e-03  1.77619e+00 -9.26428e-03  2.48266e+00  2.67853e+00
 8.92000e+01  5.05290e-01 -4.84779e-03  1.77425e+00 -9.59407e-03  2.47798e+00  2.67607e+00
 8.93000e+01  5.05062e-01 -5.01149e-03  1.77228e+00 -9.92251e-03  2.47332e+00  2.67371e+00
 8.94000e+01  5.04820e-01 -5.11574e-03  1.77021e+00 -1.01338e-02  2.46979e+00  2.67260e+00
 8.95000e+01  5.04568e-01 -5.33184e-03  1.76792e+00 -1.05671e-02  2.46541e+00  2.67075e+00
 8.96000e+01  5.04307e-01 -5.48123e-03  1.76570e+00 -1.08688e-02  2.46126e+00  2.66921e+00
 8.97000e+01  5.04038e-01 -5.63235e-03  1.76344e+00 -1.11745e-02  2.45716e+00  2.66777e+00
 8.98000e+01  5.03766e-01 -5.90919e-03  1.76098e+00 -1.17300e-02  2.45272e+00  2.66603e+00
 8.99000e+01  5.03493e-01 -6.07757e-03  1.75867e+00 -1.20708e-02  2.44757e+00  2.66360e+00
 9.00000e+01  5.03215e-01 -6.30155e-03  1.75632e+00 -1.25226e-02  2.44337e+00  2.66214e+00
 9.01000e+01  5.02936e-01 -6.51236e-03  1.75395e+00 -1.29487e-02  2.43766e+00  2.65919e+00
 9.02000e+01  5.02651e-01 -6.67538e-03  1.75161e+00 -1.32803e-02  2.43234e+00  2.65667e+00
 9.03000e+01  5.02357e-01 -6.90064e-03  1.74909e+00 -1.37365e-02  2.42885e+00  2.65605e+00
 9.04000e+01  5.02062e-01 -7.06987e-03  1.74659e+00 -1.40817e-02  2.42315e+00  2.65324e+00
 9.05000e+01  5.01764e-01 -7.26292e-03  1.74400e+00 -1.44748e-02  2.41908e+00  2.65207e+00
 9.06000e+01  5.01467e-01 -7.42343e-03  1.74147e+00 -1.48034e-02  2.41336e+00  2.64923e+00
 9.07000e+01  5.01170e-01 -7.54194e-03  1.73895e+00 -1.50487e-02  2.40772e+00  2.64648e+00
 9.08000e+01  5.00867e-01 -7.71042e-03  1.73621e+00 -1.53941e-02  2.40458e+00  2.64625e+00
 9.09000e+01  5.00573e-01 -7.83091e-03  1.73355e+00 -1.56439e-02  2.39809e+00  2.64260e+00
 9.10000e+01  5.00279e-01 -7.90511e-03  1.73094e+00 -1.58014e-02  2.39298e+00  2.64031e+00
 9.11000e+01  4.99986e-01 -7.95054e-03  1.72833e+00 -1.59015e-02  2.38854e+00  2.63867e+00
 9.12000e+01  4.99699e-01 -7.90280e-03  1.72591e+00 -1.58151e-02  2.38339e+00  2.63626e+00
 9.13000e+01  4.99415e-01 -7.82110e-03  1.72355e+00 -1.56605e-02  2.37886e+00  2.63443e+00
 9.14000e+01  4.99135e-01 -7.73630e-03  1.72112e+00 -1.54994e-02  2.37468e+00  2.63291e+00
 9.15000e+01  4.98863e-01 -7.62160e-03  1.71881e+00 -1.52780e-02  2.37047e+00  2.63128e+00
 9.16000e+01  4.98601e-01 -7.46127e-03  1.71670e+00 -1.49644e-02  2.36558e+00  2.62885e+00
 9.17000e+01  4.98347e-01 -7.29742e-03  1.71459e+00 -1.46433e-02  2.36353e+00  2.62921e+00
 9.18000e+01  4.98111e-01 -7.13658e-03  1.71263e+00 -1.43273e-02  2.35928e+00  2.62716e+00
 9.19000e+01  4.97894e-01 -6.93245e-03  1.71082e+00 -1.39236e-02  2.35558e+00  2.62550e+00
 9.20000e+01  4.97693e-01 -6.74768e-03  1.70916e+00 -1.35579e-02  2.35394e+00  2.62576e+00
 9.21000e+01  4.97520e-01 -6.49135e-03  1.70784e+00 -1.30474e-02  2.34996e+00  2.62339e+00
 9.22000e+01  4.97366e-01 -6.27634e-03  1.70654e+00 -1.26192e-02  2.34800e+00  2.62287e+00
 9.23000e+01  4.97235e-01 -6.12569e-03  1.70532e+00 -1.23195e-02  2.34483e+00  2.62090e+00
 9.24000e+01  4.97122e-01 -5.87322e-03  1.70440e+00 -1.18144e-02  2.34334e+00  2.62046e+00
 9.25000e+01  4.97029e-01 -5.71246e-03  1.70347e+00 -1.14932e-02  2.34232e+00  2.62031e+00
 9.26000e+01  4.96961e-01 -5.51037e-03  1.70278e+00 -1.10881e-02  2.34042e+00  2.61903e+00
 9.27000e+01  4.96913e-01 -5.21309e-03  1.70243e+00 -1.04909e-02  2.34011e+00  2.61917e+00
 9.28000e+01  4.96889e-01 -5.01114e-03  1.70208e+00 -1.00850e-02  2.33798e+00  2.61724e+00
 9.29000e+01  4.96879e-01 -4.77385e-03  1.70184e+00 -9.60766e-03  2.33877e+00  2.61814e+00
 9.30000e+01  4.96890e-01 -4.48408e-03  1.70192e+00 -9.02429e-03  2.33967e+00  2.61894e+00
 9.31000e+01  4.96927e-01 -4.20291e-03  1.70216e+00 -8.45781e-03  2.33906e+00  2.61798e+00
 9.32000e+01  4.96982e-01 -3.95245e-03  1.70248e+00 -7.95291e-03  2.33989e+00  2.61829e+00
 9.33000e+01  4.97057e-01 -3.67063e-03  1.70304e+00 -7.38473e-03  2.34260e+00  2.62033e+00
 9.34000e+01  4.97160e-01 -3.32375e-03  1.70388e+00 -6.68546e-03  2.34460e+00  2.62138e+00
 9.35000e+01  4.97294e-01 -3.07199e-03  1.70485e+00 -6.17741e-03  2.34552e+00  2.62104e+00
 9.36000e+01  4.97452e-01 -2.78306e-03  1.70605e+00 -5.59463e-03  2.34838e+00  2.62243e+00
 9.37000e+01  4.97637e-01 -2.42892e-03  1.70751e+00 -4.88091e-03  2.35098e+00  2.62330e+00
 9.38000e+01  4.97846e-01 -2.17583e-03  1.70907e+00 -4.37049e-03  2.35406e+00  2.62443e+00
 9.39000e+01  4.98078e-01 -1.91917e-03  1.71077e+00 -3.85316e-03  2.35692e+00  2.62511e+00
 9.40000e+01  4.98330e-01 -1.64835e-03  1.71265e+00 -3.30775e-03  2.36132e+00  2.62714e+00
 9.41000e+01  4.98604e-01 -1.37800e-03  1.71468e+00 -2.76372e-03  2.36490e+00  2.62815e+00
 9.42000e+01  4.98896e-01 -1.14701e-03  1.71684e+00 -2.29909e-03  2.36889e+00  2.62937e+00
 9.43000e+01  4.99204e-01 -9.01648e-04  1.71911e+00 -1.80617e-03  2.37413e+00  2.63170e+00
 9.44000e+01  4.99531e-01 -6.86201e-04  1.72153e+00 -1.37369e-03  2.37718e+00  2.63165e+00
 9.45000e+01  4.99864e-01 -5.02749e-04  1.72401e+00 -1.00577e-03  2.38249e+00  2.63378e+00
 9.46000e+01  5.00205e-01 -2.83000e-04  1.72656e+00 -5.65769e-04  2.38627e+00  2.63431e+00
 9.47000e+01  5.00544e-01 -1.73162e-04  1.72911e+00 -3.45947e-04  2.39221e+00  2.63701e+00
 9.48000e+01  5.00885e-01  2.75843e-05  1.73171e+00  5.50712e-05  2.39801e+00  2.63953e+00
 9.49000e+01  5.01230e-01  1.84897e-04  1.73436e+00  3.68887e-04  2.40055e+00  2.63876e+00
 9.50000e+01  5.01563e-01  2.99708e-04  1.73693e+00  5.97549e-04  2.40737e+00  2.64236e+00
 9.51000e+01  5.01891e-01  4.97796e-04  1.73948e+00  9.91841e-04  2.41250e+00  2.64432e+00
 9.52000e+01  5.02214e-01  6.16593e-04  1.74200e+00  1.22775e-03  2.41677e+00  2.64546e+00
 9.53000e+01  5.02526e-01  8.17433e-04  1.74445e+00  1.62665e-03  2.42236e+00  2.64800e+00
 9.54000e+01  5.02831e-01  9.55136e-04  1.74684e+00  1.89952e-03  2.42707e+00  2.64973e+00
 9.55000e+01  5.03127e-01  1.09856e-03  1.74917e+00  2.18347e-03  2.43248e+00  2.65224e+00
 9.56000e+01  5.03417e-01  1.29961e-03  1.75142e+00  2.58157e-03  2.43735e+00  2.65425e+00
 9.57000e+01  5.03703e-01  1.40548e-03  1.75367e+00  2.79029e-03  2.44153e+00  2.65562e+00
 9.58000e+01  5.03982e-01  1.50045e-03  1.75588e+00  2.97718e-03  2.44641e+00  2.65774e+00
 9.59000e+01  5.04255e-01  1.56408e-03  1.75804e+00  3.10177e-03  2.45061e+00  2.65924e+00
 9.60000e+01  5.04521e-01  1.60865e-03  1.76017e+00  3.18848e-03  2.45468e+00  2.66067e+00
 9.61000e+01  5.04777e-01  1.61461e-03  1.76224e+00  3.19865e-03  2.45969e+00  2.66311e+00
 9.62000e+01  5.05029e-01  1.59165e-03  1.76431e+00  3.15161e-03  2.46386e+00  2.66477e+00
 9.63000e+01  5.05275e-01  1.53067e-03  1.76636e+00  3.02938e-03  2.46744e+00  2.66589e+00
 9.64000e+01  5.05512e-01  1.42386e-03  1.76840e+00  2.81668e-03  2.47142e+00  2.66750e+00
 9.65000e+01  5.05739e-01  1.26655e-03  1.77039e+00  2.50436e-03  2.47555e+00  2.66933e+00
 9.66000e+01  5.05957e-01  1.12468e-03  1.77232e+00  2.22287e-03  2.47843e+00  2.67003e+00
 9.67000e+01  5.06159e-01  9.68123e-04  1.77416e+00  1.91268e-03  2.48267e+00  2.67221e+00
 9.68000e+01  5.06350e-01  7.90715e-04  1.77593e+00  1.56160e-03  2.48679e+00  2.67438e+00
 9.69000e+01  5.06532e-01  6.93385e-04  1.77764e+00  1.36889e-03  2.48972e+00  2.67547e+00
 9.70000e+01  5.06703e-01  5.36914e-04  1.77928e+00  1.05962e-03  2.49344e+00  2.67742e+00
 9.71000e+01  5.06866e-01  4.04050e-04  1.78087e+00  7.97153e-04  2.49597e+00  2.67830e+00
 9.72000e+01  5.07017e-01  3.15318e-04  1.78234e+00  6.21908e-04  2.49982e+00  2.68057e+00
 9.73000e+01  5.07163e-01  2.80145e-04  1.78375e+00  5.52378e-04  2.50255e+00  2.68181e+00
 9.74000e+01  5.07302e-01  2.74632e-04  1.78509e+00  5.41359e-04  2.50434e+00  2.68220e+00
 9.75000e+01  5.07430e-01  2.73565e-04  1.78630e+00  5.39120e-04  2.50796e+00  2.68447e+00
 9.76000e+01  5.07553e-01  3.73279e-04  1.78743e+00  7.35448e-04  2.50978e+00  2.68502e+00
 9.77000e+01  5.07670e-01  4.35769e-04  1.78845e+00  8.58370e-04  2.51194e+00  2.68598e+00
 9.78000e+01  5.07781e-01  5.40165e-04  1.78939e+00  1.06378e-03  2.51396e+00  2.68685e+00
 9.79000e+01  5.07886e-01  5.93810e-04  1.79024e+00  1.16918e-03  2.51458e+00  2.68642e+00
 9.80000e+01  5.07979e-01  6.19547e-04  1.79097e+00  1.21963e-03  2.51732e+00  2.68818e+00
 9.81000e+01  5.08066e-01  6.57593e-04  1.79162e+00  1.29431e-03  2.51888e+00  2.68884e+00
 9.82000e+01  5.08148e-01  6.04669e-04  1.79224e+00  1.18995e-03  2.51944e+00  2.68857e+00
 9.83000e+01  5.08221e-01  5.76035e-04  1.79278e+00  1.13343e-03  2.52074e+00  2.68912e+00
 9.84000e+01  5.08286e-01  4.77075e-04  1.79326e+00  9.38596e-04  2.52170e+00  2.68941e+00
 9.85000e+01  5.08342e-01  3.85611e-04  1.79369e+00  7.58567e-04  2.52326e+00  2.69037e+00
 9.86000e+01  5.08393e-01  2.76371e-04  1.79409e+00  5.43617e-04  2.52338e+00  2.69000e+00
 9.87000e+01  5.08434e-01  1.58061e-04  1.79443e+00  3.10878e-04  2.52493e+00  2.69109e+00
 9.88000e+01  5.08471e-01  7.20456e-05  1.79477e+00  1.41691e-04  2.52539e+00  2.69117e+00
 9.89000e+01  5.08502e-01 -1.65401e-05  1.79508e+00 -3.25271e-05  2.52489e+00  2.69038e+00
 9.90000e+01  5.08521e-01 -3.39203e-05  1.79532e+00 -6.67037e-05  2.52696e+00  2.69220e+00
 9.91000e+01  5.08537e-01 -1.07503e-04  1.79555e+00 -2.11398e-04  2.52711e+00  2.69219e+00
 9.92000e+01  5.08549e-01 -1.32426e-04  1.79576e+00 -2.60400e-04  2.52751e+00  2.69246e+00
 9.93000e+01  5.08557e-01 -1.24344e-04  1.79594e+00 -2.44503e-04  2.52799e+00  2.69285e+00
 9.94000e+01  5.08561e-01 -1.24850e-04  1.79609e+00 -2.45497e-04  2.52832e+00  2.69312e+00
 9.95000e+01  5.08564e-01 -1.27761e-04  1.79621e+00 -2.51220e-04  2.52928e+00  2.69402e+00
 9.96000e+01  5.08568e-01 -1.20360e-04  1.79634e+00 -2.36663e-04  2.52875e+00  2.69347e+00
 9.97000e+01  5.08571e-01 -5.64336e-05  1.79643e+00 -1.10965e-04  2.52874e+00  2.69344e+00
 9.98000e+01  5.08571e-01 -6.66325e-05  1.79647e+00 -1.31019e-04  2.53008e+00  2.69473e+00
 9.99000e+01  5.08575e-01 -1.88369e-05  1.79654e+00 -3.70386e-05  2.52946e+00  2.69409e+00
