 0.00000e+00  2.13955e-01  3.45206e-15  1.00033e-01  1.61345e-14  7.78887e-02  4.54331e-01
 5.00000e-01  2.13949e-01  4.48232e-05  1.00034e-01  2.09504e-04  7.78884e-02  4.54338e-01
 1.00000e+00  2.13929e-01  8.96108e-05  1.00035e-01  4.18881e-04  7.78878e-02  4.54358e-01
 1.50000e+00  2.13896e-01  1.34327e-04  1.00037e-01  6.28003e-04  7.78867e-02  4.54392e-01
 2.00000e+00  2.13849e-01  1.78937e-04  1.00040e-01  8.36742e-04  7.78851e-02  4.54438e-01
 2.50000e+00  2.13790e-01  2.23403e-04  1.00045e-01  1.04497e-03  7.78831e-02  4.54498e-01
 3.00000e+00  2.13717e-01  2.67691e-04  1.00050e-01  1.25255e-03  7.78807e-02  4.54571e-01
 3.50000e+00  2.13632e-01  3.11764e-04  1.00055e-01  1.45935e-03  7.78778e-02  4.54658e-01
 4.00000e+00  2.13533e-01  3.55585e-04  1.00062e-01  1.66525e-03  7.78744e-02  4.54757e-01
 4.50000e+00  2.13422e-01  3.99118e-04  1.00070e-01  1.87009e-03  7.78706e-02  4.54870e-01
 5.00000e+00  2.13297e-01  4.42326e-04  1.00078e-01  2.07375e-03  7.78663e-02  4.54995e-01
 5.50000e+00  2.13160e-01  4.85170e-04  1.00087e-01  2.27608e-03  7.78615e-02  4.55134e-01
 6.00000e+00  2.13011e-01  5.27613e-04  1.00097e-01  2.47693e-03  7.78563e-02  4.55285e-01
 6.50000e+00  2.12849e-01  5.69617e-04  1.00108e-01  2.67615e-03  7.78505e-02  4.55448e-01
 7.00000e+00  2.12675e-01  6.11142e-04  1.00119e-01  2.87359e-03  7.78442e-02  4.55624e-01
 7.50000e+00  2.12489e-01  6.52150e-04  1.00131e-01  3.06910e-03  7.78375e-02  4.55813e-01
 8.00000e+00  2.12291e-01  6.92601e-04  1.00144e-01  3.26250e-03  7.78301e-02  4.56013e-01
 8.50000e+00  2.12082e-01  7.32454e-04  1.00157e-01  3.45364e-03  7.78223e-02  4.56226e-01
 9.00000e+00  2.11861e-01  7.71670e-04  1.00171e-01  3.64235e-03  7.78139e-02  4.56450e-01
 9.50000e+00  2.11628e-01  8.10206e-04  1.00185e-01  3.82844e-03  7.78049e-02  4.56686e-01
 1.00000e+01  2.11385e-01  8.48022e-04  1.00200e-01  4.01175e-03  7.77954e-02  4.56933e-01
 1.05000e+01  2.11130e-01  8.85076e-04  1.00215e-01  4.19208e-03  7.77853e-02  4.57192e-01
 1.10000e+01  2.10865e-01  9.21325e-04  1.00230e-01  4.36926e-03  7.77745e-02  4.57462e-01
 1.15000e+01  2.10590e-01  9.56727e-04  1.00246e-01  4.54308e-03  7.77632e-02  4.57742e-01
 1.20000e+01  2.10304e-01  9.91239e-04  1.00262e-01  4.71336e-03  7.77512e-02  4.58033e-01
 1.25000e+01  2.10009e-01  1.02482e-03  1.00278e-01  4.87988e-03  7.77385e-02  4.58334e-01
 1.30000e+01  2.09704e-01  1.05742e-03  1.00294e-01  5.04246e-03  7.77252e-02  4.58645e-01
 1.35000e+01  2.09390e-01  1.08901e-03  1.00310e-01  5.20087e-03  7.77112e-02  4.58966e-01
 1.40000e+01  2.09066e-01  1.11953e-03  1.00326e-01  5.35492e-03  7.76964e-02  4.59296e-01
 1.45000e+01  2.08734e-01  1.14896e-03  1.00343e-01  5.50439e-03  7.76809e-02  4.59635e-01
 1.50000e+01  2.08394e-01  1.17723e-03  1.00359e-01  5.64906e-03  7.76647e-02  4.59983e-01
 1.55000e+01  2.08045e-01  1.20432e-03  1.00374e-01  5.78872e-03  7.76476e-02  4.60339e-01
 1.60000e+01  2.07689e-01  1.23017e-03  1.00390e-01  5.92314e-03  7.76298e-02  4.60704e-01
 1.65000e+01  2.07325e-01  1.25475e-03  1.00405e-01  6.05209e-03  7.76111e-02  4.61075e-01
 1.70000e+01  2.06954e-01  1.27801e-03  1.00420e-01  6.17537e-03  7.75915e-02  4.61454e-01
 1.75000e+01  2.06576e-01  1.29992e-03  1.00434e-01  6.29272e-03  7.75710e-02  4.61840e-01
 1.80000e+01  2.06191e-01  1.32043e-03  1.00447e-01  6.40393e-03  7.75495e-02  4.62232e-01
 1.85000e+01  2.05800e-01  1.33950e-03  1.00460e-01  6.50876e-03  7.75271e-02  4.62630e-01
 1.90000e+01  2.05403e-01  1.35709e-03  1.00472e-01  6.60697e-03  7.75037e-02  4.63033e-01
 1.95000e+01  2.05001e-01  1.37316e-03  1.00484e-01  6.69832e-03  7.74792e-02  4.63442e-01
 2.00000e+01  2.04594e-01  1.38767e-03  1.00494e-01  6.78257e-03  7.74537e-02  4.63854e-01
 2.05000e+01  2.04181e-01  1.40058e-03  1.00503e-01  6.85947e-03  7.74270e-02  4.64271e-01
 2.10000e+01  2.03765e-01  1.41184e-03  1.00512e-01  6.92877e-03  7.73992e-02  4.64692e-01
 2.15000e+01  2.03344e-01  1.42142e-03  1.00519e-01  6.99021e-03  7.73702e-02  4.65115e-01
 2.20000e+01  2.02919e-01  1.42927e-03  1.00524e-01  7.04354e-03  7.73400e-02  4.65540e-01
 2.25000e+01  2.02491e-01  1.43535e-03  1.00529e-01  7.08849e-03  7.73086e-02  4.65968e-01
 2.30000e+01  2.02060e-01  1.43963e-03  1.00532e-01  7.12479e-03  7.72758e-02  4.66397e-01
 2.35000e+01  2.01626e-01  1.44206e-03  1.00533e-01  7.15219e-03  7.72418e-02  4.66826e-01
 2.40000e+01  2.01189e-01  1.44261e-03  1.00533e-01  7.17040e-03  7.72065e-02  4.67256e-01
 2.45000e+01  2.00751e-01  1.44123e-03  1.00532e-01  7.17916e-03  7.71698e-02  4.67685e-01
 2.50000e+01  2.00311e-01  1.43788e-03  1.00528e-01  7.17821e-03  7.71317e-02  4.68114e-01
 2.55000e+01  1.99871e-01  1.43253e-03  1.00523e-01  7.16729e-03  7.70923e-02  4.68541e-01
 2.60000e+01  1.99429e-01  1.42514e-03  1.00516e-01  7.14613e-03  7.70515e-02  4.68966e-01
 2.65000e+01  1.98987e-01  1.41569e-03  1.00508e-01  7.11450e-03  7.70093e-02  4.69389e-01
 2.70000e+01  1.98545e-01  1.40414e-03  1.00497e-01  7.07218e-03  7.69657e-02  4.69808e-01
 2.75000e+01  1.98103e-01  1.39047e-03  1.00484e-01  7.01895e-03  7.69208e-02  4.70224e-01
 2.80000e+01  1.97662e-01  1.37467e-03  1.00470e-01  6.95463e-03  7.68744e-02  4.70636e-01
 2.85000e+01  1.97222e-01  1.35671e-03  1.00454e-01  6.87907e-03  7.68268e-02  4.71043e-01
 2.90000e+01  1.96784e-01  1.33659e-03  1.00435e-01  6.79216e-03  7.67778e-02  4.71445e-01
 2.95000e+01  1.96348e-01  1.31432e-03  1.00415e-01  6.69383e-03  7.67276e-02  4.71841e-01
 3.00000e+01  1.95915e-01  1.28991e-03  1.00393e-01  6.58405e-03  7.66761e-02  4.72231e-01
 3.05000e+01  1.95484e-01  1.26339e-03  1.00369e-01  6.46286e-03  7.66234e-02  4.72614e-01
 3.10000e+01  1.95057e-01  1.23478e-03  1.00343e-01  6.33036e-03  7.65696e-02  4.72991e-01
 3.15000e+01  1.94633e-01  1.20414e-03  1.00315e-01  6.18670e-03  7.65148e-02  4.73359e-01
 3.20000e+01  1.94214e-01  1.17153e-03  1.00285e-01  6.03215e-03  7.64589e-02  4.73720e-01
 3.25000e+01  1.93799e-01  1.13702e-03  1.00254e-01  5.86702e-03  7.64021e-02  4.74073e-01
 3.30000e+01  1.93389e-01  1.10072e-03  1.00221e-01  5.69173e-03  7.63446e-02  4.74417e-01
 3.35000e+01  1.92985e-01  1.06272e-03  1.00187e-01  5.50678e-03  7.62862e-02  4.74752e-01
 3.40000e+01  1.92586e-01  1.02316e-03  1.00151e-01  5.31276e-03  7.62273e-02  4.75078e-01
 3.45000e+01  1.92194e-01  9.82186e-04  1.00114e-01  5.11039e-03  7.61679e-02  4.75395e-01
 3.50000e+01  1.91809e-01  9.39946e-04  1.00075e-01  4.90043e-03  7.61081e-02  4.75702e-01
 3.55000e+01  1.91431e-01  8.96620e-04  1.00035e-01  4.68379e-03  7.60480e-02  4.75998e-01
 3.60000e+01  1.91060e-01  8.52401e-04  9.99947e-02  4.46142e-03  7.59879e-02  4.76285e-01
 3.65000e+01  1.90698e-01  8.07491e-04  9.99533e-02  4.23440e-03  7.59277e-02  4.76561e-01
 3.70000e+01  1.90344e-01  7.62109e-04  9.99111e-02  4.00384e-03  7.58678e-02  4.76827e-01
 3.75000e+01  1.90000e-01  7.16482e-04  9.98685e-02  3.77096e-03  7.58082e-02  4.77083e-01
 3.80000e+01  1.89665e-01  6.70845e-04  9.98255e-02  3.53701e-03  7.57491e-02  4.77327e-01
 3.85000e+01  1.89339e-01  6.25439e-04  9.97823e-02  3.30327e-03  7.56907e-02  4.77561e-01
 3.90000e+01  1.89024e-01  5.80505e-04  9.97392e-02  3.07106e-03  7.56331e-02  4.77785e-01
 3.95000e+01  1.88720e-01  5.36285e-04  9.96962e-02  2.84170e-03  7.55765e-02  4.77998e-01
 4.00000e+01  1.88427e-01  4.93013e-04  9.96537e-02  2.61647e-03  7.55211e-02  4.78200e-01
 4.05000e+01  1.88145e-01  4.50917e-04  9.96118e-02  2.39665e-03  7.54671e-02  4.78391e-01
 4.10000e+01  1.87875e-01  4.10211e-04  9.95706e-02  2.18342e-03  7.54147e-02  4.78572e-01
 4.15000e+01  1.87618e-01  3.71091e-04  9.95304e-02  1.97791e-03  7.53639e-02  4.78742e-01
 4.20000e+01  1.87373e-01  3.33734e-04  9.94913e-02  1.78112e-03  7.53151e-02  4.78902e-01
 4.25000e+01  1.87141e-01  2.98292e-04  9.94536e-02  1.59394e-03  7.52683e-02  4.79052e-01
 4.30000e+01  1.86923e-01  2.64889e-04  9.94175e-02  1.41710e-03  7.52237e-02  4.79191e-01
 4.35000e+01  1.86718e-01  2.33618e-04  9.93830e-02  1.25118e-03  7.51815e-02  4.79320e-01
 4.40000e+01  1.86527e-01  2.04541e-04  9.93504e-02  1.09657e-03  7.51419e-02  4.79440e-01
 4.45000e+01  1.86351e-01  1.77681e-04  9.93198e-02  9.53475e-04  7.51048e-02  4.79549e-01
 4.50000e+01  1.86188e-01  1.53027e-04  9.92914e-02  8.21892e-04  7.50706e-02  4.79648e-01
 4.55000e+01  1.86041e-01  1.30530e-04  9.92652e-02  7.01620e-04  7.50392e-02  4.79738e-01
 4.60000e+01  1.85909e-01  1.10104e-04  9.92415e-02  5.92249e-04  7.50109e-02  4.79818e-01
 4.65000e+01  1.85791e-01  9.16269e-05  9.92203e-02  4.93171e-04  7.49856e-02  4.79889e-01
 4.70000e+01  1.85689e-01  7.49406e-05  9.92017e-02  4.03580e-04  7.49636e-02  4.79949e-01
 4.75000e+01  1.85603e-01  5.98560e-05  9.91859e-02  3.22495e-04  7.49448e-02  4.80001e-01
 4.80000e+01  1.85532e-01  4.61540e-05  9.91728e-02  2.48766e-04  7.49294e-02  4.80043e-01
 4.85000e+01  1.85477e-01  3.35905e-05  9.91626e-02  1.81104e-04  7.49173e-02  4.80075e-01
 4.90000e+01  1.85437e-01  2.19000e-05  9.91553e-02  1.18100e-04  7.49087e-02  4.80099e-01
 4.95000e+01  1.85413e-01  1.08008e-05  9.91509e-02  5.82526e-05  7.49035e-02  4.80113e-01
 5.00000e+01  1.85405e-01  5.36259e-15  9.91494e-02  2.89236e-14  7.49017e-02  4.80117e-01
 5.05000e+01  1.85413e-01 -1.08008e-05  9.91509e-02 -5.82526e-05  7.49035e-02  4.80113e-01
 5.10000e+01  1.85437e-01 -2.19000e-05  9.91553e-02 -1.18100e-04  7.49087e-02  4.80099e-01
 5.15000e+01  1.85477e-01 -3.35905e-05  9.91626e-02 -1.81104e-04  7.49173e-02  4.80075e-01
 5.20000e+01  1.85532e-01 -4.61540e-05  9.91728e-02 -2.48766e-04  7.49294e-02  4.80043e-01
 5.25000e+01  1.85603e-01 -5.98560e-05  9.91859e-02 -3.22495e-04  7.49448e-02  4.80001e-01
 5.30000e+01  1.85689e-01 -7.49406e-05  9.92017e-02 -4.03580e-04  7.49636e-02  4.79949e-01
 5.35000e+01  1.85791e-01 -9.16269e-05  9.92203e-02 -4.93171e-04  7.49856e-02  4.79889e-01
 5.40000e+01  1.85909e-01 -1.10104e-04  9.92415e-02 -5.92249e-04  7.50109e-02  4.79818e-01
 5.45000e+01  1.86041e-01 -1.30530e-04  9.92652e-02 -7.01620e-04  7.50392e-02  4.79738e-01
 5.50000e+01  1.86188e-01 -1.53027e-04  9.92914e-02 -8.21892e-04  7.50706e-02  4.79648e-01
 5.55000e+01  1.86351e-01 -1.77681e-04  9.93198e-02 -9.53475e-04  7.51048e-02  4.79549e-01
 5.60000e+01  1.86527e-01 -2.04541e-04  9.93504e-02 -1.09657e-03  7.51419e-02  4.79440e-01
 5.65000e+01  1.86718e-01 -2.33618e-04  9.93830e-02 -1.25118e-03  7.51815e-02  4.79320e-01
 5.70000e+01  1.86923e-01 -2.64889e-04  9.94175e-02 -1.41710e-03  7.52237e-02  4.79191e-01
 5.75000e+01  1.87141e-01 -2.98292e-04  9.94536e-02 -1.59394e-03  7.52683e-02  4.79052e-01
 5.80000e+01  1.87373e-01 -3.33734e-04  9.94913e-02 -1.78112e-03  7.53151e-02  4.78902e-01
 5.85000e+01  1.87618e-01 -3.71091e-04  9.95304e-02 -1.97791e-03  7.53639e-02  4.78742e-01
 5.90000e+01  1.87875e-01 -4.10211e-04  9.95706e-02 -2.18342e-03  7.54147e-02  4.78572e-01
 5.95000e+01  1.88145e-01 -4.50917e-04  9.96118e-02 -2.39665e-03  7.54671e-02  4.78391e-01
 6.00000e+01  1.88427e-01 -4.93013e-04  9.96537e-02 -2.61647e-03  7.55211e-02  4.78200e-01
 6.05000e+01  1.88720e-01 -5.36285e-04  9.96962e-02 -2.84170e-03  7.55765e-02  4.77998e-01
 6.10000e+01  1.89024e-01 -5.80505e-04  9.97392e-02 -3.07106e-03  7.56331e-02  4.77785e-01
 6.15000e+01  1.89339e-01 -6.25439e-04  9.97823e-02 -3.30327e-03  7.56907e-02  4.77561e-01
 6.20000e+01  1.89665e-01 -6.70845e-04  9.98255e-02 -3.53701e-03  7.57491e-02  4.77327e-01
 6.25000e+01  1.90000e-01 -7.16482e-04  9.98685e-02 -3.77096e-03  7.58082e-02  4.77083e-01
 6.30000e+01  1.90344e-01 -7.62109e-04  9.99111e-02 -4.00384e-03  7.58678e-02  4.76827e-01
 6.35000e+01  1.90698e-01 -8.07491e-04  9.99533e-02 -4.23440e-03  7.59277e-02  4.76561e-01
 6.40000e+01  1.91060e-01 -8.52401e-04  9.99947e-02 -4.46142e-03  7.59879e-02  4.76285e-01
 6.45000e+01  1.91431e-01 -8.96620e-04  1.00035e-01 -4.68379e-03  7.60480e-02  4.75998e-01
 6.50000e+01  1.91809e-01 -9.39946e-04  1.00075e-01 -4.90043e-03  7.61081e-02  4.75702e-01
 6.55000e+01  1.92194e-01 -9.82186e-04  1.00114e-01 -5.11039e-03  7.61679e-02  4.75395e-01
 6.60000e+01  1.92586e-01 -1.02316e-03  1.00151e-01 -5.31276e-03  7.62273e-02  4.75078e-01
 6.65000e+01  1.92985e-01 -1.06272e-03  1.00187e-01 -5.50678e-03  7.62862e-02  4.74752e-01
 6.70000e+01  1.93389e-01 -1.10072e-03  1.00221e-01 -5.69173e-03  7.63446e-02  4.74417e-01
 6.75000e+01  1.93799e-01 -1.13702e-03  1.00254e-01 -5.86702e-03  7.64021e-02  4.74073e-01
 6.80000e+01  1.94214e-01 -1.17153e-03  1.00285e-01 -6.03215e-03  7.64589e-02  4.73720e-01
 6.85000e+01  1.94633e-01 -1.20414e-03  1.00315e-01 -6.18670e-03  7.65148e-02  4.73359e-01
 6.90000e+01  1.95057e-01 -1.23478e-03  1.00343e-01 -6.33036e-03  7.65696e-02  4.72991e-01
 6.95000e+01  1.95484e-01 -1.26339e-03  1.00369e-01 -6.46286e-03  7.66234e-02  4.72614e-01
 7.00000e+01  1.95915e-01 -1.28991e-03  1.00393e-01 -6.58405e-03  7.66761e-02  4.72231e-01
 7.05000e+01  1.96348e-01 -1.31432e-03  1.00415e-01 -6.69383e-03  7.67276e-02  4.71841e-01
 7.10000e+01  1.96784e-01 -1.33659e-03  1.00435e-01 -6.79216e-03  7.67778e-02  4.71445e-01
 7.15000e+01  1.97222e-01 -1.35671e-03  1.00454e-01 -6.87907e-03  7.68268e-02  4.71043e-01
 7.20000e+01  1.97662e-01 -1.37467e-03  1.00470e-01 -6.95463e-03  7.68744e-02  4.70636e-01
 7.25000e+01  1.98103e-01 -1.39047e-03  1.00484e-01 -7.01895e-03  7.69208e-02  4.70224e-01
 7.30000e+01  1.98545e-01 -1.40414e-03  1.00497e-01 -7.07218e-03  7.69657e-02  4.69808e-01
 7.35000e+01  1.98987e-01 -1.41569e-03  1.00508e-01 -7.11450e-03  7.70093e-02  4.69389e-01
 7.40000e+01  1.99429e-01 -1.42514e-03  1.00516e-01 -7.14613e-03  7.70515e-02  4.68966e-01
 7.45000e+01  1.99871e-01 -1.43253e-03  1.00523e-01 -7.16729e-03  7.70923e-02  4.68541e-01
 7.50000e+01  2.00311e-01 -1.43788e-03  1.00528e-01 -7.17821e-03  7.71317e-02  4.68114e-01
 7.55000e+01  2.00751e-01 -1.44123e-03  1.00532e-01 -7.17916e-03  7.71698e-02  4.67685e-01
 7.60000e+01  2.01189e-01 -1.44261e-03  1.00533e-01 -7.17040e-03  7.72065e-02  4.67256e-01
 7.65000e+01  2.01626e-01 -1.44206e-03  1.00533e-01 -7.15219e-03  7.72418e-02  4.66826e-01
 7.70000e+01  2.02060e-01 -1.43963e-03  1.00532e-01 -7.12479e-03  7.72758e-02  4.66397e-01
 7.75000e+01  2.02491e-01 -1.43535e-03  1.00529e-01 -7.08849e-03  7.73086e-02  4.65968e-01
 7.80000e+01  2.02919e-01 -1.42927e-03  1.00524e-01 -7.04354e-03  7.73400e-02  4.65540e-01
 7.85000e+01  2.03344e-01 -1.42142e-03  1.00519e-01 -6.99021e-03  7.73702e-02  4.65115e-01
 7.90000e+01  2.03765e-01 -1.41184e-03  1.00512e-01 -6.92877e-03  7.73992e-02  4.64692e-01
 7.95000e+01  2.04181e-01 -1.40058e-03  1.00503e-01 -6.85947e-03  7.74270e-02  4.64271e-01
 8.00000e+01  2.04594e-01 -1.38767e-03  1.00494e-01 -6.78257e-03  7.74537e-02  4.63854e-01
 8.05000e+01  2.05001e-01 -1.37316e-03  1.00484e-01 -6.69832e-03  7.74792e-02  4.63442e-01
 8.10000e+01  2.05403e-01 -1.35709e-03  1.00472e-01 -6.60697e-03  7.75037e-02  4.63033e-01
 8.15000e+01  2.05800e-01 -1.33950e-03  1.00460e-01 -6.50876e-03  7.75271e-02  4.62630e-01
 8.20000e+01  2.06191e-01 -1.32043e-03  1.00447e-01 -6.40393e-03  7.75495e-02  4.62232e-01
 8.25000e+01  2.06576e-01 -1.29992e-03  1.00434e-01 -6.29272e-03  7.75710e-02  4.61840e-01
 8.30000e+01  2.06954e-01 -1.27801e-03  1.00420e-01 -6.17537e-03  7.75915e-02  4.61454e-01
 8.35000e+01  2.07325e-01 -1.25475e-03  1.00405e-01 -6.05209e-03  7.76111e-02  4.61075e-01
 8.40000e+01  2.07689e-01 -1.23017e-03  1.00390e-01 -5.92314e-03  7.76298e-02  4.60704e-01
 8.45000e+01  2.08045e-01 -1.20432e-03  1.00374e-01 -5.78872e-03  7.76476e-02  4.60339e-01
 8.50000e+01  2.08394e-01 -1.17723e-03  1.00359e-01 -5.64906e-03  7.76647e-02  4.59983e-01
 8.55000e+01  2.08734e-01 -1.14896e-03  1.00343e-01 -5.50439e-03  7.76809e-02  4.59635e-01
 8.60000e+01  2.09066e-01 -1.11953e-03  1.00326e-01 -5.35492e-03  7.76964e-02  4.59296e-01
 8.65000e+01  2.09390e-01 -1.08901e-03  1.00310e-01 -5.20087e-03  7.77112e-02  4.58966e-01
 8.70000e+01  2.09704e-01 -1.05742e-03  1.00294e-01 -5.04246e-03  7.77252e-02  4.58645e-01
 8.75000e+01  2.10009e-01 -1.02482e-03  1.00278e-01 -4.87988e-03  7.77385e-02  4.58334e-01
 8.80000e+01  2.10304e-01 -9.91239e-04  1.00262e-01 -4.71336e-03  7.77512e-02  4.58033e-01
 8.85000e+01  2.10590e-01 -9.56727e-04  1.00246e-01 -4.54308e-03  7.77632e-02  4.57742e-01
 8.90000e+01  2.10865e-01 -9.21325e-04  1.00230e-01 -4.36926e-03  7.77745e-02  4.57462e-01
 8.95000e+01  2.11130e-01 -8.85076e-04  1.00215e-01 -4.19208e-03  7.77853e-02  4.57192e-01
 9.00000e+01  2.11385e-01 -8.48022e-04  1.00200e-01 -4.01175e-03  7.77954e-02  4.56933e-01
 9.05000e+01  2.11628e-01 -8.10206e-04  1.00185e-01 -3.82844e-03  7.78049e-02  4.56686e-01
 9.10000e+01  2.11861e-01 -7.71670e-04  1.00171e-01 -3.64235e-03  7.78139e-02  4.56450e-01
 9.15000e+01  2.12082e-01 -7.32454e-04  1.00157e-01 -3.45364e-03  7.78223e-02  4.56226e-01
 9.20000e+01  2.12291e-01 -6.92601e-04  1.00144e-01 -3.26250e-03  7.78301e-02  4.56013e-01
 9.25000e+01  2.12489e-01 -6.52150e-04  1.00131e-01 -3.06910e-03  7.78375e-02  4.55813e-01
 9.30000e+01  2.12675e-01 -6.11142e-04  1.00119e-01 -2.87359e-03  7.78442e-02  4.55624e-01
 9.35000e+01  2.12849e-01 -5.69617e-04  1.00108e-01 -2.67615e-03  7.78505e-02  4.55448e-01
 9.40000e+01  2.13011e-01 -5.27613e-04  1.00097e-01 -2.47693e-03  7.78563e-02  4.55285e-01
 9.45000e+01  2.13160e-01 -4.85170e-04  1.00087e-01 -2.27608e-03  7.78615e-02  4.55134e-01
 9.50000e+01  2.13297e-01 -4.42326e-04  1.00078e-01 -2.07375e-03  7.78663e-02  4.54995e-01
 9.55000e+01  2.13422e-01 -3.99118e-04  1.00070e-01 -1.87009e-03  7.78706e-02  4.54870e-01
 9.60000e+01  2.13533e-01 -3.55585e-04  1.00062e-01 -1.66525e-03  7.78744e-02  4.54757e-01
 9.65000e+01  2.13632e-01 -3.11764e-04  1.00055e-01 -1.45935e-03  7.78778e-02  4.54658e-01
 9.70000e+01  2.13717e-01 -2.67691e-04  1.00050e-01 -1.25255e-03  7.78807e-02  4.54571e-01
 9.75000e+01  2.13790e-01 -2.23403e-04  1.00045e-01 -1.04497e-03  7.78831e-02  4.54498e-01
 9.80000e+01  2.13849e-01 -1.78937e-04  1.00040e-01 -8.36742e-04  7.78851e-02  4.54438e-01
 9.85000e+01  2.13896e-01 -1.34327e-04  1.00037e-01 -6.28003e-04  7.78867e-02  4.54392e-01
 9.90000e+01  2.13929e-01 -8.96108e-05  1.00035e-01 -4.18881e-04  7.78878e-02  4.54358e-01
 9.95000e+01  2.13949e-01 -4.48232e-05  1.00034e-01 -2.09504e-04  7.78884e-02  4.54338e-01
