 0.00000e+00  9.99057e-01  0.00000e+00  1.49764e+00  0.00000e+00  9.98436e-01  9.99378e-01
 1.00000e-01  9.99058e-01 -2.73607e-06  1.49764e+00 -2.73865e-06  9.98436e-01  9.99378e-01
 2.00000e-01  9.99058e-01 -5.47204e-06  1.49764e+00 -5.47720e-06  9.98436e-01  9.99378e-01
 3.00000e-01  9.99058e-01 -8.20780e-06  1.49764e+00 -8.21554e-06  9.98436e-01  9.99378e-01
 4.00000e-01  9.99058e-01 -1.09432e-05  1.49765e+00 -1.09536e-05  9.98436e-01  9.99378e-01
 5.00000e-01  9.99058e-01 -1.36783e-05  1.49765e+00 -1.36912e-05  9.98437e-01  9.99378e-01
 6.00000e-01  9.99058e-01 -1.64128e-05  1.49765e+00 -1.64283e-05  9.98437e-01  9.99378e-01
 7.00000e-01  9.99058e-01 -1.91467e-05  1.49765e+00 -1.91647e-05  9.98437e-01  9.99378e-01
 8.00000e-01  9.99059e-01 -2.18799e-05  1.49765e+00 -2.19005e-05  9.98438e-01  9.99379e-01
 9.00000e-01  9.99059e-01 -2.46122e-05  1.49765e+00 -2.46354e-05  9.98438e-01  9.99379e-01
 1.00000e+00  9.99059e-01 -2.73436e-05  1.49765e+00 -2.73694e-05  9.98439e-01  9.99379e-01
 1.10000e+00  9.99060e-01 -3.00740e-05  1.49765e+00 -3.01023e-05  9.98440e-01  9.99379e-01
 1.20000e+00  9.99060e-01 -3.28032e-05  1.49765e+00 -3.28341e-05  9.98440e-01  9.99380e-01
 1.30000e+00  9.99061e-01 -3.55312e-05  1.49765e+00 -3.55646e-05  9.98441e-01  9.99380e-01
 1.40000e+00  9.99061e-01 -3.82578e-05  1.49765e+00 -3.82938e-05  9.98442e-01  9.99380e-01
 1.50000e+00  9.99062e-01 -4.09830e-05  1.49765e+00 -4.10215e-05  9.98443e-01  9.99381e-01
 1.60000e+00  9.99062e-01 -4.37067e-05  1.49766e+00 -4.37477e-05  9.98444e-01  9.99381e-01
 1.70000e+00  9.99063e-01 -4.64287e-05  1.49766e+00 -4.64722e-05  9.98445e-01  9.99381e-01
 1.80000e+00  9.99064e-01 -4.91489e-05  1.49766e+00 -4.91950e-05  9.98446e-01  9.99382e-01
 1.90000e+00  9.99064e-01 -5.18673e-05  1.49766e+00 -5.19158e-05  9.98447e-01  9.99382e-01
 2.00000e+00  9.99065e-01 -5.45837e-05  1.49766e+00 -5.46347e-05  9.98448e-01  9.99383e-01
 2.10000e+00  9.99066e-01 -5.72980e-05  1.49767e+00 -5.73516e-05  9.98450e-01  9.99383e-01
 2.20000e+00  9.99067e-01 -6.00101e-05  1.49767e+00 -6.00662e-05  9.98451e-01  9.99384e-01
 2.30000e+00  9.99067e-01 -6.27200e-05  1.49767e+00 -6.27786e-05  9.98452e-01  9.99384e-01
 2.40000e+00  9.99068e-01 -6.54275e-05  1.49767e+00 -6.54885e-05  9.98454e-01  9.99385e-01
 2.50000e+00  9.99069e-01 -6.81325e-05  1.49767e+00 -6.81960e-05  9.98455e-01  9.99386e-01
 2.60000e+00  9.99070e-01 -7.08350e-05  1.49768e+00 -7.09009e-05  9.98457e-01  9.99386e-01
 2.70000e+00  9.99071e-01 -7.35347e-05  1.49768e+00 -7.36031e-05  9.98458e-01  9.99387e-01
 2.80000e+00  9.99072e-01 -7.62317e-05  1.49768e+00 -7.63025e-05  9.98460e-01  9.99387e-01
 2.90000e+00  9.99073e-01 -7.89258e-05  1.49768e+00 -7.89990e-05  9.98462e-01  9.99388e-01
 3.00000e+00  9.99074e-01 -8.16169e-05  1.49769e+00 -8.16925e-05  9.98464e-01  9.99389e-01
 3.10000e+00  9.99075e-01 -8.43049e-05  1.49769e+00 -8.43829e-05  9.98466e-01  9.99390e-01
 3.20000e+00  9.99077e-01 -8.69897e-05  1.49769e+00 -8.70701e-05  9.98468e-01  9.99390e-01
 3.30000e+00  9.99078e-01 -8.96712e-05  1.49770e+00 -8.97539e-05  9.98470e-01  9.99391e-01
 3.40000e+00  9.99079e-01 -9.23493e-05  1.49770e+00 -9.24344e-05  9.98472e-01  9.99392e-01
 3.50000e+00  9.99080e-01 -9.50239e-05  1.49770e+00 -9.51113e-05  9.98474e-01  9.99393e-01
 3.60000e+00  9.99082e-01 -9.76949e-05  1.49770e+00 -9.77847e-05  9.98476e-01  9.99394e-01
 3.70000e+00  9.99083e-01 -1.00362e-04  1.49771e+00 -1.00454e-04  9.98478e-01  9.99395e-01
 3.80000e+00  9.99084e-01 -1.03026e-04  1.49771e+00 -1.03120e-04  9.98481e-01  9.99396e-01
 3.90000e+00  9.99086e-01 -1.05685e-04  1.49772e+00 -1.05782e-04  9.98483e-01  9.99397e-01
 4.00000e+00  9.99087e-01 -1.08341e-04  1.49772e+00 -1.08440e-04  9.98485e-01  9.99397e-01
 4.10000e+00  9.99089e-01 -1.10992e-04  1.49772e+00 -1.11093e-04  9.98488e-01  9.99398e-01
 4.20000e+00  9.99090e-01 -1.13639e-04  1.49773e+00 -1.13743e-04  9.98490e-01  9.99399e-01
 4.30000e+00  9.99092e-01 -1.16282e-04  1.49773e+00 -1.16388e-04  9.98493e-01  9.99401e-01
 4.40000e+00  9.99094e-01 -1.18921e-04  1.49773e+00 -1.19029e-04  9.98496e-01  9.99402e-01
 4.50000e+00  9.99095e-01 -1.21555e-04  1.49774e+00 -1.21665e-04  9.98498e-01  9.99403e-01
 4.60000e+00  9.99097e-01 -1.24184e-04  1.49774e+00 -1.24297e-04  9.98501e-01  9.99404e-01
 4.70000e+00  9.99099e-01 -1.26809e-04  1.49775e+00 -1.26923e-04  9.98504e-01  9.99405e-01
 4.80000e+00  9.99100e-01 -1.29429e-04  1.49775e+00 -1.29545e-04  9.98507e-01  9.99406e-01
 4.90000e+00  9.99102e-01 -1.32044e-04  1.49776e+00 -1.32162e-04  9.98510e-01  9.99407e-01
 5.00000e+00  9.99104e-01 -1.34654e-04  1.49776e+00 -1.34774e-04  9.98513e-01  9.99408e-01
 5.10000e+00  9.99106e-01 -1.37259e-04  1.49777e+00 -1.37381e-04  9.98516e-01  9.99410e-01
 5.20000e+00  9.99108e-01 -1.39858e-04  1.49777e+00 -1.39983e-04  9.98519e-01  9.99411e-01
 5.30000e+00  9.99110e-01 -1.42452e-04  1.49777e+00 -1.42579e-04  9.98522e-01  9.99412e-01
 5.40000e+00  9.99112e-01 -1.45041e-04  1.49778e+00 -1.45170e-04  9.98526e-01  9.99414e-01
 5.50000e+00  9.99114e-01 -1.47625e-04  1.49778e+00 -1.47756e-04  9.98529e-01  9.99415e-01
 5.60000e+00  9.99116e-01 -1.50202e-04  1.49779e+00 -1.50335e-04  9.98532e-01  9.99416e-01
 5.70000e+00  9.99118e-01 -1.52775e-04  1.49779e+00 -1.52909e-04  9.98536e-01  9.99418e-01
 5.80000e+00  9.99120e-01 -1.55341e-04  1.49780e+00 -1.55478e-04  9.98539e-01  9.99419e-01
 5.90000e+00  9.99122e-01 -1.57901e-04  1.49781e+00 -1.58040e-04  9.98543e-01  9.99420e-01
 6.00000e+00  9.99124e-01 -1.60456e-04  1.49781e+00 -1.60596e-04  9.98546e-01  9.99422e-01
 6.10000e+00  9.99126e-01 -1.63004e-04  1.49782e+00 -1.63146e-04  9.98550e-01  9.99423e-01
 6.20000e+00  9.99129e-01 -1.65546e-04  1.49782e+00 -1.65690e-04  9.98554e-01  9.99425e-01
 6.30000e+00  9.99131e-01 -1.68082e-04  1.49783e+00 -1.68228e-04  9.98558e-01  9.99426e-01
 6.40000e+00  9.99133e-01 -1.70611e-04  1.49783e+00 -1.70759e-04  9.98561e-01  9.99428e-01
 6.50000e+00  9.99136e-01 -1.73134e-04  1.49784e+00 -1.73284e-04  9.98565e-01  9.99429e-01
 6.60000e+00  9.99138e-01 -1.75650e-04  1.49785e+00 -1.75802e-04  9.98569e-01  9.99431e-01
 6.70000e+00  9.99140e-01 -1.78160e-04  1.49785e+00 -1.78313e-04  9.98573e-01  9.99432e-01
 6.80000e+00  9.99143e-01 -1.80663e-04  1.49786e+00 -1.80818e-04  9.98577e-01  9.99434e-01
 6.90000e+00  9.99145e-01 -1.83159e-04  1.49786e+00 -1.83315e-04  9.98582e-01  9.99436e-01
 7.00000e+00  9.99148e-01 -1.85648e-04  1.49787e+00 -1.85806e-04  9.98586e-01  9.99437e-01
 7.10000e+00  9.99150e-01 -1.88130e-04  1.49788e+00 -1.88290e-04  9.98590e-01  9.99439e-01
 7.20000e+00  9.99153e-01 -1.90605e-04  1.49788e+00 -1.90766e-04  9.98594e-01  9.99441e-01
 7.30000e+00  9.99156e-01 -1.93072e-04  1.49789e+00 -1.93235e-04  9.98599e-01  9.99443e-01
 7.40000e+00  9.99158e-01 -1.95532e-04  1.49790e+00 -1.95697e-04  9.98603e-01  9.99444e-01
 7.50000e+00  9.99161e-01 -1.97985e-04  1.49790e+00 -1.98151e-04  9.98607e-01  9.99446e-01
 7.60000e+00  9.99164e-01 -2.00430e-04  1.49791e+00 -2.00598e-04  9.98612e-01  9.99448e-01
 7.70000e+00  9.99166e-01 -2.02868e-04  1.49792e+00 -2.03037e-04  9.98617e-01  9.99450e-01
 7.80000e+00  9.99169e-01 -2.05298e-04  1.49792e+00 -2.05468e-04  9.98621e-01  9.99452e-01
 7.90000e+00  9.99172e-01 -2.07720e-04  1.49793e+00 -2.07892e-04  9.98626e-01  9.99453e-01
 8.00000e+00  9.99175e-01 -2.10134e-04  1.49794e+00 -2.10307e-04  9.98631e-01  9.99455e-01
 8.10000e+00  9.99178e-01 -2.12540e-04  1.49794e+00 -2.12715e-04  9.98635e-01  9.99457e-01
 8.20000e+00  9.99181e-01 -2.14938e-04  1.49795e+00 -2.15114e-04  9.98640e-01  9.99459e-01
 8.30000e+00  9.99184e-01 -2.17328e-04  1.49796e+00 -2.17506e-04  9.98645e-01  9.99461e-01
 8.40000e+00  9.99187e-01 -2.19710e-04  1.49797e+00 -2.19888e-04  9.98650e-01  9.99463e-01
 8.50000e+00  9.99190e-01 -2.22083e-04  1.49797e+00 -2.22263e-04  9.98655e-01  9.99465e-01
 8.60000e+00  9.99193e-01 -2.24447e-04  1.49798e+00 -2.24629e-04  9.98660e-01  9.99467e-01
 8.70000e+00  9.99196e-01 -2.26804e-04  1.49799e+00 -2.26986e-04  9.98665e-01  9.99469e-01
 8.80000e+00  9.99199e-01 -2.29151e-04  1.49800e+00 -2.29335e-04  9.98670e-01  9.99471e-01
 8.90000e+00  9.99202e-01 -2.31490e-04  1.49801e+00 -2.31675e-04  9.98676e-01  9.99473e-01
 9.00000e+00  9.99205e-01 -2.33820e-04  1.49801e+00 -2.34006e-04  9.98681e-01  9.99475e-01
 9.10000e+00  9.99208e-01 -2.36141e-04  1.49802e+00 -2.36328e-04  9.98686e-01  9.99477e-01
 9.20000e+00  9.99212e-01 -2.38453e-04  1.49803e+00 -2.38641e-04  9.98692e-01  9.99480e-01
 9.30000e+00  9.99215e-01 -2.40756e-04  1.49804e+00 -2.40945e-04  9.98697e-01  9.99482e-01
 9.40000e+00  9.99218e-01 -2.43050e-04  1.49805e+00 -2.43240e-04  9.98702e-01  9.99484e-01
 9.50000e+00  9.99221e-01 -2.45334e-04  1.49805e+00 -2.45525e-04  9.98708e-01  9.99486e-01
 9.60000e+00  9.99225e-01 -2.47609e-04  1.49806e+00 -2.47801e-04  9.98714e-01  9.99488e-01
 9.70000e+00  9.99228e-01 -2.49875e-04  1.49807e+00 -2.50068e-04  9.98719e-01  9.99491e-01
 9.80000e+00  9.99232e-01 -2.52131e-04  1.49808e+00 -2.52325e-04  9.98725e-01  9.99493e-01
 9.90000e+00  9.99235e-01 -2.54377e-04  1.49809e+00 -2.54572e-04  9.98731e-01  9.99495e-01
 1.00000e+01  9.99239e-01 -2.56614e-04  1.49810e+00 -2.56810e-04  9.98736e-01  9.99497e-01
 1.01000e+01  9.99242e-01 -2.58841e-04  1.49811e+00 -2.59037e-04  9.98742e-01  9.99500e-01
 1.02000e+01  9.99246e-01 -2.61058e-04  1.49811e+00 -2.61255e-04  9.98748e-01  9.99502e-01
 1.03000e+01  9.99249e-01 -2.63265e-04  1.49812e+00 -2.63463e-04  9.98754e-01  9.99504e-01
 1.04000e+01  9.99253e-01 -2.65462e-04  1.49813e+00 -2.65661e-04  9.98760e-01  9.99507e-01
 1.05000e+01  9.99256e-01 -2.67649e-04  1.49814e+00 -2.67848e-04  9.98766e-01  9.99509e-01
 1.06000e+01  9.99260e-01 -2.69826e-04  1.49815e+00 -2.70026e-04  9.98772e-01  9.99512e-01
 1.07000e+01  9.99264e-01 -2.71992e-04  1.49816e+00 -2.72192e-04  9.98778e-01  9.99514e-01
 1.08000e+01  9.99268e-01 -2.74148e-04  1.49817e+00 -2.74349e-04  9.98784e-01  9.99516e-01
 1.09000e+01  9.99271e-01 -2.76293e-04  1.49818e+00 -2.76495e-04  9.98791e-01  9.99519e-01
 1.10000e+01  9.99275e-01 -2.78428e-04  1.49819e+00 -2.78630e-04  9.98797e-01  9.99521e-01
 1.11000e+01  9.99279e-01 -2.80553e-04  1.49820e+00 -2.80755e-04  9.98803e-01  9.99524e-01
 1.12000e+01  9.99283e-01 -2.82666e-04  1.49821e+00 -2.82869e-04  9.98810e-01  9.99526e-01
 1.13000e+01  9.99287e-01 -2.84769e-04  1.49822e+00 -2.84972e-04  9.98816e-01  9.99529e-01
 1.14000e+01  9.99290e-01 -2.86860e-04  1.49823e+00 -2.87064e-04  9.98822e-01  9.99532e-01
 1.15000e+01  9.99294e-01 -2.88941e-04  1.49824e+00 -2.89145e-04  9.98829e-01  9.99534e-01
 1.16000e+01  9.99298e-01 -2.91011e-04  1.49825e+00 -2.91215e-04  9.98835e-01  9.99537e-01
 1.17000e+01  9.99302e-01 -2.93069e-04  1.49826e+00 -2.93274e-04  9.98842e-01  9.99539e-01
 1.18000e+01  9.99306e-01 -2.95117e-04  1.49827e+00 -2.95322e-04  9.98849e-01  9.99542e-01
 1.19000e+01  9.99310e-01 -2.97153e-04  1.49828e+00 -2.97358e-04  9.98855e-01  9.99545e-01
 1.20000e+01  9.99314e-01 -2.99177e-04  1.49829e+00 -2.99383e-04  9.98862e-01  9.99547e-01
 1.21000e+01  9.99319e-01 -3.01191e-04  1.49830e+00 -3.01396e-04  9.98869e-01  9.99550e-01
 1.22000e+01  9.99323e-01 -3.03192e-04  1.49831e+00 -3.03398e-04  9.98876e-01  9.99553e-01
 1.23000e+01  9.99327e-01 -3.05182e-04  1.49832e+00 -3.05388e-04  9.98883e-01  9.99556e-01
 1.24000e+01  9.99331e-01 -3.07160e-04  1.49833e+00 -3.07366e-04  9.98890e-01  9.99558e-01
 1.25000e+01  9.99335e-01 -3.09127e-04  1.49834e+00 -3.09333e-04  9.98897e-01  9.99561e-01
 1.26000e+01  9.99339e-01 -3.11081e-04  1.49835e+00 -3.11287e-04  9.98904e-01  9.99564e-01
 1.27000e+01  9.99344e-01 -3.13024e-04  1.49836e+00 -3.13230e-04  9.98911e-01  9.99567e-01
 1.28000e+01  9.99348e-01 -3.14955e-04  1.49837e+00 -3.15160e-04  9.98918e-01  9.99569e-01
 1.29000e+01  9.99352e-01 -3.16873e-04  1.49838e+00 -3.17079e-04  9.98925e-01  9.99572e-01
 1.30000e+01  9.99356e-01 -3.18780e-04  1.49839e+00 -3.18985e-04  9.98932e-01  9.99575e-01
 1.31000e+01  9.99361e-01 -3.20674e-04  1.49840e+00 -3.20879e-04  9.98939e-01  9.99578e-01
 1.32000e+01  9.99365e-01 -3.22556e-04  1.49841e+00 -3.22761e-04  9.98946e-01  9.99581e-01
 1.33000e+01  9.99370e-01 -3.24425e-04  1.49842e+00 -3.24630e-04  9.98954e-01  9.99584e-01
 1.34000e+01  9.99374e-01 -3.26282e-04  1.49844e+00 -3.26487e-04  9.98961e-01  9.99587e-01
 1.35000e+01  9.99378e-01 -3.28127e-04  1.49845e+00 -3.28331e-04  9.98968e-01  9.99590e-01
 1.36000e+01  9.99383e-01 -3.29959e-04  1.49846e+00 -3.30162e-04  9.98976e-01  9.99593e-01
 1.37000e+01  9.99387e-01 -3.31778e-04  1.49847e+00 -3.31981e-04  9.98983e-01  9.99596e-01
 1.38000e+01  9.99392e-01 -3.33584e-04  1.49848e+00 -3.33787e-04  9.98991e-01  9.99599e-01
 1.39000e+01  9.99397e-01 -3.35378e-04  1.49849e+00 -3.35580e-04  9.98998e-01  9.99602e-01
 1.40000e+01  9.99401e-01 -3.37158e-04  1.49850e+00 -3.37360e-04  9.99006e-01  9.99605e-01
 1.41000e+01  9.99406e-01 -3.38926e-04  1.49851e+00 -3.39127e-04  9.99014e-01  9.99608e-01
 1.42000e+01  9.99410e-01 -3.40680e-04  1.49853e+00 -3.40882e-04  9.99021e-01  9.99611e-01
 1.43000e+01  9.99415e-01 -3.42422e-04  1.49854e+00 -3.42622e-04  9.99029e-01  9.99614e-01
 1.44000e+01  9.99420e-01 -3.44150e-04  1.49855e+00 -3.44350e-04  9.99037e-01  9.99617e-01
 1.45000e+01  9.99424e-01 -3.45865e-04  1.49856e+00 -3.46065e-04  9.99044e-01  9.99620e-01
 1.46000e+01  9.99429e-01 -3.47567e-04  1.49857e+00 -3.47766e-04  9.99052e-01  9.99623e-01
 1.47000e+01  9.99434e-01 -3.49255e-04  1.49858e+00 -3.49453e-04  9.99060e-01  9.99626e-01
 1.48000e+01  9.99438e-01 -3.50930e-04  1.49860e+00 -3.51128e-04  9.99068e-01  9.99629e-01
 1.49000e+01  9.99443e-01 -3.52592e-04  1.49861e+00 -3.52788e-04  9.99076e-01  9.99632e-01
 1.50000e+01  9.99448e-01 -3.54239e-04  1.49862e+00 -3.54435e-04  9.99084e-01  9.99636e-01
 1.51000e+01  9.99453e-01 -3.55874e-04  1.49863e+00 -3.56068e-04  9.99092e-01  9.99639e-01
 1.52000e+01  9.99458e-01 -3.57494e-04  1.49864e+00 -3.57688e-04  9.99100e-01  9.99642e-01
 1.53000e+01  9.99463e-01 -3.59100e-04  1.49866e+00 -3.59294e-04  9.99108e-01  9.99645e-01
 1.54000e+01  9.99467e-01 -3.60693e-04  1.49867e+00 -3.60885e-04  9.99116e-01  9.99648e-01
 1.55000e+01  9.99472e-01 -3.62272e-04  1.49868e+00 -3.62463e-04  9.99124e-01  9.99652e-01
 1.56000e+01  9.99477e-01 -3.63837e-04  1.49869e+00 -3.64027e-04  9.99132e-01  9.99655e-01
 1.57000e+01  9.99482e-01 -3.65388e-04  1.49871e+00 -3.65577e-04  9.99141e-01  9.99658e-01
 1.58000e+01  9.99487e-01 -3.66924e-04  1.49872e+00 -3.67113e-04  9.99149e-01  9.99661e-01
 1.59000e+01  9.99492e-01 -3.68447e-04  1.49873e+00 -3.68634e-04  9.99157e-01  9.99665e-01
 1.60000e+01  9.99497e-01 -3.69955e-04  1.49874e+00 -3.70141e-04  9.99165e-01  9.99668e-01
 1.61000e+01  9.99502e-01 -3.71449e-04  1.49876e+00 -3.71634e-04  9.99174e-01  9.99671e-01
 1.62000e+01  9.99507e-01 -3.72928e-04  1.49877e+00 -3.73112e-04  9.99182e-01  9.99675e-01
 1.63000e+01  9.99512e-01 -3.74394e-04  1.49878e+00 -3.74576e-04  9.99190e-01  9.99678e-01
 1.64000e+01  9.99517e-01 -3.75844e-04  1.49879e+00 -3.76026e-04  9.99199e-01  9.99681e-01
 1.65000e+01  9.99522e-01 -3.77280e-04  1.49881e+00 -3.77461e-04  9.99207e-01  9.99685e-01
 1.66000e+01  9.99528e-01 -3.78702e-04  1.49882e+00 -3.78881e-04  9.99216e-01  9.99688e-01
 1.67000e+01  9.99533e-01 -3.80109e-04  1.49883e+00 -3.80287e-04  9.99224e-01  9.99691e-01
 1.68000e+01  9.99538e-01 -3.81501e-04  1.49884e+00 -3.81677e-04  9.99233e-01  9.99695e-01
 1.69000e+01  9.99543e-01 -3.82878e-04  1.49886e+00 -3.83053e-04  9.99241e-01  9.99698e-01
 1.70000e+01  9.99548e-01 -3.84241e-04  1.49887e+00 -3.84415e-04  9.99250e-01  9.99702e-01
 1.71000e+01  9.99553e-01 -3.85589e-04  1.49888e+00 -3.85761e-04  9.99259e-01  9.99705e-01
 1.72000e+01  9.99559e-01 -3.86921e-04  1.49890e+00 -3.87092e-04  9.99267e-01  9.99709e-01
 1.73000e+01  9.99564e-01 -3.88239e-04  1.49891e+00 -3.88409e-04  9.99276e-01  9.99712e-01
 1.74000e+01  9.99569e-01 -3.89542e-04  1.49892e+00 -3.89710e-04  9.99285e-01  9.99716e-01
 1.75000e+01  9.99574e-01 -3.90829e-04  1.49894e+00 -3.90996e-04  9.99294e-01  9.99719e-01
 1.76000e+01  9.99580e-01 -3.92102e-04  1.49895e+00 -3.92267e-04  9.99302e-01  9.99723e-01
 1.77000e+01  9.99585e-01 -3.93359e-04  1.49896e+00 -3.93522e-04  9.99311e-01  9.99726e-01
 1.78000e+01  9.99590e-01 -3.94601e-04  1.49898e+00 -3.94763e-04  9.99320e-01  9.99730e-01
 1.79000e+01  9.99596e-01 -3.95828e-04  1.49899e+00 -3.95988e-04  9.99329e-01  9.99733e-01
 1.80000e+01  9.99601e-01 -3.97039e-04  1.49900e+00 -3.97198e-04  9.99338e-01  9.99737e-01
 1.81000e+01  9.99606e-01 -3.98235e-04  1.49902e+00 -3.98392e-04  9.99347e-01  9.99740e-01
 1.82000e+01  9.99612e-01 -3.99415e-04  1.49903e+00 -3.99570e-04  9.99356e-01  9.99744e-01
 1.83000e+01  9.99617e-01 -4.00580e-04  1.49904e+00 -4.00734e-04  9.99365e-01  9.99747e-01
 1.84000e+01  9.99623e-01 -4.01730e-04  1.49906e+00 -4.01881e-04  9.99374e-01  9.99751e-01
 1.85000e+01  9.99628e-01 -4.02863e-04  1.49907e+00 -4.03013e-04  9.99383e-01  9.99754e-01
 1.86000e+01  9.99634e-01 -4.03981e-04  1.49908e+00 -4.04129e-04  9.99392e-01  9.99758e-01
 1.87000e+01  9.99639e-01 -4.05084e-04  1.49910e+00 -4.05230e-04  9.99401e-01  9.99762e-01
 1.88000e+01  9.99645e-01 -4.06170e-04  1.49911e+00 -4.06315e-04  9.99410e-01  9.99765e-01
 1.89000e+01  9.99650e-01 -4.07241e-04  1.49913e+00 -4.07384e-04  9.99419e-01  9.99769e-01
 1.90000e+01  9.99655e-01 -4.08296e-04  1.49914e+00 -4.08437e-04  9.99428e-01  9.99773e-01
 1.91000e+01  9.99661e-01 -4.09335e-04  1.49915e+00 -4.09474e-04  9.99437e-01  9.99776e-01
 1.92000e+01  9.99667e-01 -4.10358e-04  1.49917e+00 -4.10495e-04  9.99446e-01  9.99780e-01
 1.93000e+01  9.99672e-01 -4.11365e-04  1.49918e+00 -4.11500e-04  9.99456e-01  9.99784e-01
 1.94000e+01  9.99678e-01 -4.12357e-04  1.49919e+00 -4.12490e-04  9.99465e-01  9.99787e-01
 1.95000e+01  9.99683e-01 -4.13332e-04  1.49921e+00 -4.13463e-04  9.99474e-01  9.99791e-01
 1.96000e+01  9.99689e-01 -4.14291e-04  1.49922e+00 -4.14420e-04  9.99483e-01  9.99795e-01
 1.97000e+01  9.99694e-01 -4.15233e-04  1.49924e+00 -4.15360e-04  9.99493e-01  9.99798e-01
 1.98000e+01  9.99700e-01 -4.16160e-04  1.49925e+00 -4.16285e-04  9.99502e-01  9.99802e-01
 1.99000e+01  9.99706e-01 -4.17070e-04  1.49926e+00 -4.17193e-04  9.99511e-01  9.99806e-01
 2.00000e+01  9.99711e-01 -4.17965e-04  1.49928e+00 -4.18085e-04  9.99521e-01  9.99809e-01
 2.01000e+01  9.99717e-01 -4.18842e-04  1.49929e+00 -4.18961e-04  9.99530e-01  9.99813e-01
 2.02000e+01  9.99723e-01 -4.19704e-04  1.49931e+00 -4.19820e-04  9.99539e-01  9.99817e-01
 2.03000e+01  9.99728e-01 -4.20549e-04  1.49932e+00 -4.20663e-04  9.99549e-01  9.99821e-01
 2.04000e+01  9.99734e-01 -4.21378e-04  1.49933e+00 -4.21490e-04  9.99558e-01  9.99824e-01
 2.05000e+01  9.99740e-01 -4.22190e-04  1.49935e+00 -4.22300e-04  9.99568e-01  9.99828e-01
 2.06000e+01  9.99745e-01 -4.22986e-04  1.49936e+00 -4.23093e-04  9.99577e-01  9.99832e-01
 2.07000e+01  9.99751e-01 -4.23765e-04  1.49938e+00 -4.23870e-04  9.99587e-01  9.99836e-01
 2.08000e+01  9.99757e-01 -4.24528e-04  1.49939e+00 -4.24631e-04  9.99596e-01  9.99839e-01
 2.09000e+01  9.99762e-01 -4.25274e-04  1.49941e+00 -4.25375e-04  9.99606e-01  9.99843e-01
 2.10000e+01  9.99768e-01 -4.26003e-04  1.49942e+00 -4.26102e-04  9.99615e-01  9.99847e-01
 2.11000e+01  9.99774e-01 -4.26716e-04  1.49943e+00 -4.26812e-04  9.99625e-01  9.99851e-01
 2.12000e+01  9.99780e-01 -4.27412e-04  1.49945e+00 -4.27506e-04  9.99634e-01  9.99854e-01
 2.13000e+01  9.99785e-01 -4.28091e-04  1.49946e+00 -4.28183e-04  9.99644e-01  9.99858e-01
 2.14000e+01  9.99791e-01 -4.28754e-04  1.49948e+00 -4.28844e-04  9.99653e-01  9.99862e-01
 2.15000e+01  9.99797e-01 -4.29400e-04  1.49949e+00 -4.29487e-04  9.99663e-01  9.99866e-01
 2.16000e+01  9.99803e-01 -4.30029e-04  1.49951e+00 -4.30114e-04  9.99672e-01  9.99870e-01
 2.17000e+01  9.99808e-01 -4.30641e-04  1.49952e+00 -4.30723e-04  9.99682e-01  9.99874e-01
 2.18000e+01  9.99814e-01 -4.31236e-04  1.49954e+00 -4.31316e-04  9.99692e-01  9.99877e-01
 2.19000e+01  9.99820e-01 -4.31815e-04  1.49955e+00 -4.31892e-04  9.99701e-01  9.99881e-01
 2.20000e+01  9.99826e-01 -4.32376e-04  1.49956e+00 -4.32451e-04  9.99711e-01  9.99885e-01
 2.21000e+01  9.99832e-01 -4.32921e-04  1.49958e+00 -4.32994e-04  9.99721e-01  9.99889e-01
 2.22000e+01  9.99838e-01 -4.33448e-04  1.49959e+00 -4.33519e-04  9.99730e-01  9.99893e-01
 2.23000e+01  9.99843e-01 -4.33959e-04  1.49961e+00 -4.34027e-04  9.99740e-01  9.99897e-01
 2.24000e+01  9.99849e-01 -4.34452e-04  1.49962e+00 -4.34518e-04  9.99750e-01  9.99900e-01
 2.25000e+01  9.99855e-01 -4.34929e-04  1.49964e+00 -4.34992e-04  9.99759e-01  9.99904e-01
 2.26000e+01  9.99861e-01 -4.35388e-04  1.49965e+00 -4.35449e-04  9.99769e-01  9.99908e-01
 2.27000e+01  9.99867e-01 -4.35831e-04  1.49967e+00 -4.35889e-04  9.99779e-01  9.99912e-01
 2.28000e+01  9.99873e-01 -4.36256e-04  1.49968e+00 -4.36311e-04  9.99788e-01  9.99916e-01
 2.29000e+01  9.99878e-01 -4.36664e-04  1.49970e+00 -4.36717e-04  9.99798e-01  9.99920e-01
 2.30000e+01  9.99884e-01 -4.37055e-04  1.49971e+00 -4.37105e-04  9.99808e-01  9.99924e-01
 2.31000e+01  9.99890e-01 -4.37429e-04  1.49973e+00 -4.37477e-04  9.99818e-01  9.99927e-01
 2.32000e+01  9.99896e-01 -4.37785e-04  1.49974e+00 -4.37831e-04  9.99827e-01  9.99931e-01
 2.33000e+01  9.99902e-01 -4.38124e-04  1.49975e+00 -4.38167e-04  9.99837e-01  9.99935e-01
 2.34000e+01  9.99908e-01 -4.38446e-04  1.49977e+00 -4.38487e-04  9.99847e-01  9.99939e-01
 2.35000e+01  9.99914e-01 -4.38751e-04  1.49978e+00 -4.38789e-04  9.99857e-01  9.99943e-01
 2.36000e+01  9.99920e-01 -4.39039e-04  1.49980e+00 -4.39074e-04  9.99866e-01  9.99947e-01
 2.37000e+01  9.99925e-01 -4.39309e-04  1.49981e+00 -4.39342e-04  9.99876e-01  9.99951e-01
 2.38000e+01  9.99931e-01 -4.39562e-04  1.49983e+00 -4.39592e-04  9.99886e-01  9.99955e-01
 2.39000e+01  9.99937e-01 -4.39798e-04  1.49984e+00 -4.39826e-04  9.99896e-01  9.99959e-01
 2.40000e+01  9.99943e-01 -4.40016e-04  1.49986e+00 -4.40041e-04  9.99906e-01  9.99962e-01
 2.41000e+01  9.99949e-01 -4.40217e-04  1.49987e+00 -4.40240e-04  9.99915e-01  9.99966e-01
 2.42000e+01  9.99955e-01 -4.40401e-04  1.49989e+00 -4.40421e-04  9.99925e-01  9.99970e-01
 2.43000e+01  9.99961e-01 -4.40567e-04  1.49990e+00 -4.40585e-04  9.99935e-01  9.99974e-01
 2.44000e+01  9.99967e-01 -4.40716e-04  1.49992e+00 -4.40731e-04  9.99945e-01  9.99978e-01
 2.45000e+01  9.99973e-01 -4.40848e-04  1.49993e+00 -4.40860e-04  9.99955e-01  9.99982e-01
 2.46000e+01  9.99979e-01 -4.40962e-04  1.49995e+00 -4.40972e-04  9.99964e-01  9.99986e-01
 2.47000e+01  9.99985e-01 -4.41059e-04  1.49996e+00 -4.41066e-04  9.99974e-01  9.99990e-01
 2.48000e+01  9.99990e-01 -4.41139e-04  1.49998e+00 -4.41143e-04  9.99984e-01  9.99994e-01
 2.49000e+01  9.99996e-01 -4.41201e-04  1.49999e+00 -4.41202e-04  9.99994e-01  9.99998e-01
 2.50000e+01  1.00000e+00 -4.41245e-04  1.50001e+00 -4.41244e-04  1.00000e+00  1.00000e+00
 2.51000e+01  1.00001e+00 -4.41272e-04  1.50002e+00 -4.41269e-04  1.00001e+00  1.00001e+00
 2.52000e+01  1.00001e+00 -4.41282e-04  1.50004e+00 -4.41276e-04  1.00002e+00  1.00001e+00
 2.53000e+01  1.00002e+00 -4.41274e-04  1.50005e+00 -4.41265e-04  1.00003e+00  1.00001e+00
 2.54000e+01  1.00003e+00 -4.41249e-04  1.50006e+00 -4.41238e-04  1.00004e+00  1.00002e+00
 2.55000e+01  1.00003e+00 -4.41207e-04  1.50008e+00 -4.41193e-04  1.00005e+00  1.00002e+00
 2.56000e+01  1.00004e+00 -4.41146e-04  1.50009e+00 -4.41130e-04  1.00006e+00  1.00002e+00
 2.57000e+01  1.00004e+00 -4.41069e-04  1.50011e+00 -4.41050e-04  1.00007e+00  1.00003e+00
 2.58000e+01  1.00005e+00 -4.40974e-04  1.50012e+00 -4.40952e-04  1.00008e+00  1.00003e+00
 2.59000e+01  1.00006e+00 -4.40862e-04  1.50014e+00 -4.40837e-04  1.00009e+00  1.00004e+00
 2.60000e+01  1.00006e+00 -4.40732e-04  1.50015e+00 -4.40705e-04  1.00010e+00  1.00004e+00
 2.61000e+01  1.00007e+00 -4.40585e-04  1.50017e+00 -4.40555e-04  1.00011e+00  1.00004e+00
 2.62000e+01  1.00007e+00 -4.40420e-04  1.50018e+00 -4.40388e-04  1.00012e+00  1.00005e+00
 2.63000e+01  1.00008e+00 -4.40238e-04  1.50020e+00 -4.40203e-04  1.00013e+00  1.00005e+00
 2.64000e+01  1.00008e+00 -4.40038e-04  1.50021e+00 -4.40001e-04  1.00014e+00  1.00006e+00
 2.65000e+01  1.00009e+00 -4.39821e-04  1.50023e+00 -4.39781e-04  1.00015e+00  1.00006e+00
 2.66000e+01  1.00010e+00 -4.39587e-04  1.50024e+00 -4.39544e-04  1.00016e+00  1.00006e+00
 2.67000e+01  1.00010e+00 -4.39335e-04  1.50026e+00 -4.39290e-04  1.00017e+00  1.00007e+00
 2.68000e+01  1.00011e+00 -4.39065e-04  1.50027e+00 -4.39018e-04  1.00018e+00  1.00007e+00
 2.69000e+01  1.00011e+00 -4.38779e-04  1.50029e+00 -4.38728e-04  1.00019e+00  1.00008e+00
 2.70000e+01  1.00012e+00 -4.38474e-04  1.50030e+00 -4.38422e-04  1.00020e+00  1.00008e+00
 2.71000e+01  1.00013e+00 -4.38153e-04  1.50031e+00 -4.38098e-04  1.00021e+00  1.00008e+00
 2.72000e+01  1.00013e+00 -4.37814e-04  1.50033e+00 -4.37756e-04  1.00022e+00  1.00009e+00
 2.73000e+01  1.00014e+00 -4.37458e-04  1.50034e+00 -4.37397e-04  1.00023e+00  1.00009e+00
 2.74000e+01  1.00014e+00 -4.37084e-04  1.50036e+00 -4.37021e-04  1.00024e+00  1.00009e+00
 2.75000e+01  1.00015e+00 -4.36693e-04  1.50037e+00 -4.36628e-04  1.00025e+00  1.00010e+00
 2.76000e+01  1.00016e+00 -4.36284e-04  1.50039e+00 -4.36217e-04  1.00026e+00  1.00010e+00
 2.77000e+01  1.00016e+00 -4.35859e-04  1.50040e+00 -4.35789e-04  1.00027e+00  1.00011e+00
 2.78000e+01  1.00017e+00 -4.35416e-04  1.50042e+00 -4.35343e-04  1.00028e+00  1.00011e+00
 2.79000e+01  1.00017e+00 -4.34955e-04  1.50043e+00 -4.34880e-04  1.00029e+00  1.00011e+00
 2.80000e+01  1.00018e+00 -4.34478e-04  1.50045e+00 -4.34400e-04  1.00030e+00  1.00012e+00
 2.81000e+01  1.00018e+00 -4.33983e-04  1.50046e+00 -4.33903e-04  1.00031e+00  1.00012e+00
 2.82000e+01  1.00019e+00 -4.33470e-04  1.50047e+00 -4.33388e-04  1.00032e+00  1.00013e+00
 2.83000e+01  1.00020e+00 -4.32941e-04  1.50049e+00 -4.32856e-04  1.00032e+00  1.00013e+00
 2.84000e+01  1.00020e+00 -4.32394e-04  1.50050e+00 -4.32307e-04  1.00033e+00  1.00013e+00
 2.85000e+01  1.00021e+00 -4.31830e-04  1.50052e+00 -4.31741e-04  1.00034e+00  1.00014e+00
 2.86000e+01  1.00021e+00 -4.31249e-04  1.50053e+00 -4.31157e-04  1.00035e+00  1.00014e+00
 2.87000e+01  1.00022e+00 -4.30651e-04  1.50055e+00 -4.30557e-04  1.00036e+00  1.00014e+00
 2.88000e+01  1.00022e+00 -4.30035e-04  1.50056e+00 -4.29939e-04  1.00037e+00  1.00015e+00
 2.89000e+01  1.00023e+00 -4.29403e-04  1.50058e+00 -4.29304e-04  1.00038e+00  1.00015e+00
 2.90000e+01  1.00024e+00 -4.28753e-04  1.50059e+00 -4.28652e-04  1.00039e+00  1.00016e+00
 2.91000e+01  1.00024e+00 -4.28086e-04  1.50060e+00 -4.27983e-04  1.00040e+00  1.00016e+00
 2.92000e+01  1.00025e+00 -4.27403e-04  1.50062e+00 -4.27297e-04  1.00041e+00  1.00016e+00
 2.93000e+01  1.00025e+00 -4.26702e-04  1.50063e+00 -4.26594e-04  1.00042e+00  1.00017e+00
 2.94000e+01  1.00026e+00 -4.25984e-04  1.50065e+00 -4.25874e-04  1.00043e+00  1.00017e+00
 2.95000e+01  1.00026e+00 -4.25249e-04  1.50066e+00 -4.25136e-04  1.00044e+00  1.00017e+00
 2.96000e+01  1.00027e+00 -4.24497e-04  1.50067e+00 -4.24382e-04  1.00045e+00  1.00018e+00
 2.97000e+01  1.00028e+00 -4.23728e-04  1.50069e+00 -4.23611e-04  1.00046e+00  1.00018e+00
 2.98000e+01  1.00028e+00 -4.22942e-04  1.50070e+00 -4.22823e-04  1.00047e+00  1.00019e+00
 2.99000e+01  1.00029e+00 -4.22140e-04  1.50072e+00 -4.22019e-04  1.00048e+00  1.00019e+00
 3.00000e+01  1.00029e+00 -4.21320e-04  1.50073e+00 -4.21197e-04  1.00049e+00  1.00019e+00
 3.01000e+01  1.00030e+00 -4.20484e-04  1.50074e+00 -4.20358e-04  1.00049e+00  1.00020e+00
 3.02000e+01  1.00030e+00 -4.19630e-04  1.50076e+00 -4.19503e-04  1.00050e+00  1.00020e+00
 3.03000e+01  1.00031e+00 -4.18761e-04  1.50077e+00 -4.18631e-04  1.00051e+00  1.00020e+00
 3.04000e+01  1.00031e+00 -4.17874e-04  1.50079e+00 -4.17742e-04  1.00052e+00  1.00021e+00
 3.05000e+01  1.00032e+00 -4.16970e-04  1.50080e+00 -4.16837e-04  1.00053e+00  1.00021e+00
 3.06000e+01  1.00033e+00 -4.16050e-04  1.50081e+00 -4.15915e-04  1.00054e+00  1.00021e+00
 3.07000e+01  1.00033e+00 -4.15114e-04  1.50083e+00 -4.14976e-04  1.00055e+00  1.00022e+00
 3.08000e+01  1.00034e+00 -4.14160e-04  1.50084e+00 -4.14021e-04  1.00056e+00  1.00022e+00
 3.09000e+01  1.00034e+00 -4.13190e-04  1.50086e+00 -4.13049e-04  1.00057e+00  1.00023e+00
 3.10000e+01  1.00035e+00 -4.12204e-04  1.50087e+00 -4.12061e-04  1.00058e+00  1.00023e+00
 3.11000e+01  1.00035e+00 -4.11201e-04  1.50088e+00 -4.11056e-04  1.00059e+00  1.00023e+00
 3.12000e+01  1.00036e+00 -4.10181e-04  1.50090e+00 -4.10034e-04  1.00060e+00  1.00024e+00
 3.13000e+01  1.00036e+00 -4.09146e-04  1.50091e+00 -4.08997e-04  1.00060e+00  1.00024e+00
 3.14000e+01  1.00037e+00 -4.08093e-04  1.50092e+00 -4.07943e-04  1.00061e+00  1.00024e+00
 3.15000e+01  1.00037e+00 -4.07025e-04  1.50094e+00 -4.06872e-04  1.00062e+00  1.00025e+00
 3.16000e+01  1.00038e+00 -4.05940e-04  1.50095e+00 -4.05785e-04  1.00063e+00  1.00025e+00
 3.17000e+01  1.00039e+00 -4.04839e-04  1.50096e+00 -4.04682e-04  1.00064e+00  1.00025e+00
 3.18000e+01  1.00039e+00 -4.03721e-04  1.50098e+00 -4.03563e-04  1.00065e+00  1.00026e+00
 3.19000e+01  1.00040e+00 -4.02587e-04  1.50099e+00 -4.02428e-04  1.00066e+00  1.00026e+00
 3.20000e+01  1.00040e+00 -4.01438e-04  1.50100e+00 -4.01276e-04  1.00067e+00  1.00027e+00
 3.21000e+01  1.00041e+00 -4.00272e-04  1.50102e+00 -4.00109e-04  1.00068e+00  1.00027e+00
 3.22000e+01  1.00041e+00 -3.99090e-04  1.50103e+00 -3.98925e-04  1.00068e+00  1.00027e+00
 3.23000e+01  1.00042e+00 -3.97892e-04  1.50104e+00 -3.97726e-04  1.00069e+00  1.00028e+00
 3.24000e+01  1.00042e+00 -3.96678e-04  1.50106e+00 -3.96510e-04  1.00070e+00  1.00028e+00
 3.25000e+01  1.00043e+00 -3.95448e-04  1.50107e+00 -3.95279e-04  1.00071e+00  1.00028e+00
 3.26000e+01  1.00043e+00 -3.94202e-04  1.50108e+00 -3.94031e-04  1.00072e+00  1.00029e+00
 3.27000e+01  1.00044e+00 -3.92940e-04  1.50110e+00 -3.92768e-04  1.00073e+00  1.00029e+00
 3.28000e+01  1.00044e+00 -3.91663e-04  1.50111e+00 -3.91489e-04  1.00074e+00  1.00029e+00
 3.29000e+01  1.00045e+00 -3.90370e-04  1.50112e+00 -3.90195e-04  1.00075e+00  1.00030e+00
 3.30000e+01  1.00045e+00 -3.89061e-04  1.50114e+00 -3.88884e-04  1.00075e+00  1.00030e+00
 3.31000e+01  1.00046e+00 -3.87736e-04  1.50115e+00 -3.87558e-04  1.00076e+00  1.00030e+00
 3.32000e+01  1.00046e+00 -3.86396e-04  1.50116e+00 -3.86217e-04  1.00077e+00  1.00031e+00
 3.33000e+01  1.00047e+00 -3.85041e-04  1.50117e+00 -3.84860e-04  1.00078e+00  1.00031e+00
 3.34000e+01  1.00047e+00 -3.83670e-04  1.50119e+00 -3.83487e-04  1.00079e+00  1.00031e+00
 3.35000e+01  1.00048e+00 -3.82283e-04  1.50120e+00 -3.82100e-04  1.00080e+00  1.00032e+00
 3.36000e+01  1.00048e+00 -3.80881e-04  1.50121e+00 -3.80696e-04  1.00080e+00  1.00032e+00
 3.37000e+01  1.00049e+00 -3.79464e-04  1.50122e+00 -3.79278e-04  1.00081e+00  1.00032e+00
 3.38000e+01  1.00049e+00 -3.78031e-04  1.50124e+00 -3.77844e-04  1.00082e+00  1.00033e+00
 3.39000e+01  1.00050e+00 -3.76583e-04  1.50125e+00 -3.76395e-04  1.00083e+00  1.00033e+00
 3.40000e+01  1.00050e+00 -3.75120e-04  1.50126e+00 -3.74931e-04  1.00084e+00  1.00033e+00
 3.41000e+01  1.00051e+00 -3.73642e-04  1.50127e+00 -3.73452e-04  1.00085e+00  1.00034e+00
 3.42000e+01  1.00051e+00 -3.72149e-04  1.50129e+00 -3.71958e-04  1.00085e+00  1.00034e+00
 3.43000e+01  1.00052e+00 -3.70641e-04  1.50130e+00 -3.70448e-04  1.00086e+00  1.00034e+00
 3.44000e+01  1.00052e+00 -3.69118e-04  1.50131e+00 -3.68924e-04  1.00087e+00  1.00035e+00
 3.45000e+01  1.00053e+00 -3.67580e-04  1.50132e+00 -3.67385e-04  1.00088e+00  1.00035e+00
 3.46000e+01  1.00053e+00 -3.66027e-04  1.50134e+00 -3.65832e-04  1.00089e+00  1.00035e+00
 3.47000e+01  1.00054e+00 -3.64459e-04  1.50135e+00 -3.64263e-04  1.00089e+00  1.00036e+00
 3.48000e+01  1.00054e+00 -3.62877e-04  1.50136e+00 -3.62680e-04  1.00090e+00  1.00036e+00
 3.49000e+01  1.00055e+00 -3.61280e-04  1.50137e+00 -3.61082e-04  1.00091e+00  1.00036e+00
 3.50000e+01  1.00055e+00 -3.59669e-04  1.50138e+00 -3.59470e-04  1.00092e+00  1.00037e+00
 3.51000e+01  1.00056e+00 -3.58043e-04  1.50140e+00 -3.57843e-04  1.00093e+00  1.00037e+00
 3.52000e+01  1.00056e+00 -3.56402e-04  1.50141e+00 -3.56202e-04  1.00093e+00  1.00037e+00
 3.53000e+01  1.00057e+00 -3.54747e-04  1.50142e+00 -3.54546e-04  1.00094e+00  1.00037e+00
 3.54000e+01  1.00057e+00 -3.53078e-04  1.50143e+00 -3.52876e-04  1.00095e+00  1.00038e+00
 3.55000e+01  1.00058e+00 -3.51395e-04  1.50144e+00 -3.51192e-04  1.00096e+00  1.00038e+00
 3.56000e+01  1.00058e+00 -3.49697e-04  1.50145e+00 -3.49494e-04  1.00097e+00  1.00038e+00
 3.57000e+01  1.00059e+00 -3.47985e-04  1.50147e+00 -3.47781e-04  1.00097e+00  1.00039e+00
 3.58000e+01  1.00059e+00 -3.46259e-04  1.50148e+00 -3.46055e-04  1.00098e+00  1.00039e+00
 3.59000e+01  1.00060e+00 -3.44520e-04  1.50149e+00 -3.44315e-04  1.00099e+00  1.00039e+00
 3.60000e+01  1.00060e+00 -3.42766e-04  1.50150e+00 -3.42560e-04  1.00100e+00  1.00040e+00
 3.61000e+01  1.00060e+00 -3.40998e-04  1.50151e+00 -3.40792e-04  1.00100e+00  1.00040e+00
 3.62000e+01  1.00061e+00 -3.39217e-04  1.50152e+00 -3.39010e-04  1.00101e+00  1.00040e+00
 3.63000e+01  1.00061e+00 -3.37422e-04  1.50153e+00 -3.37215e-04  1.00102e+00  1.00040e+00
 3.64000e+01  1.00062e+00 -3.35613e-04  1.50154e+00 -3.35406e-04  1.00103e+00  1.00041e+00
 3.65000e+01  1.00062e+00 -3.33790e-04  1.50156e+00 -3.33583e-04  1.00103e+00  1.00041e+00
 3.66000e+01  1.00063e+00 -3.31954e-04  1.50157e+00 -3.31747e-04  1.00104e+00  1.00041e+00
 3.67000e+01  1.00063e+00 -3.30105e-04  1.50158e+00 -3.29897e-04  1.00105e+00  1.00042e+00
 3.68000e+01  1.00064e+00 -3.28242e-04  1.50159e+00 -3.28034e-04  1.00105e+00  1.00042e+00
 3.69000e+01  1.00064e+00 -3.26366e-04  1.50160e+00 -3.26158e-04  1.00106e+00  1.00042e+00
 3.70000e+01  1.00064e+00 -3.24477e-04  1.50161e+00 -3.24268e-04  1.00107e+00  1.00042e+00
 3.71000e+01  1.00065e+00 -3.22575e-04  1.50162e+00 -3.22366e-04  1.00108e+00  1.00043e+00
 3.72000e+01  1.00065e+00 -3.20659e-04  1.50163e+00 -3.20450e-04  1.00108e+00  1.00043e+00
 3.73000e+01  1.00066e+00 -3.18731e-04  1.50164e+00 -3.18522e-04  1.00109e+00  1.00043e+00
 3.74000e+01  1.00066e+00 -3.16790e-04  1.50165e+00 -3.16581e-04  1.00110e+00  1.00044e+00
 3.75000e+01  1.00066e+00 -3.14836e-04  1.50166e+00 -3.14626e-04  1.00110e+00  1.00044e+00
 3.76000e+01  1.00067e+00 -3.12869e-04  1.50167e+00 -3.12659e-04  1.00111e+00  1.00044e+00
 3.77000e+01  1.00067e+00 -3.10889e-04  1.50168e+00 -3.10680e-04  1.00112e+00  1.00044e+00
 3.78000e+01  1.00068e+00 -3.08897e-04  1.50169e+00 -3.08688e-04  1.00112e+00  1.00045e+00
 3.79000e+01  1.00068e+00 -3.06892e-04  1.50170e+00 -3.06683e-04  1.00113e+00  1.00045e+00
 3.80000e+01  1.00069e+00 -3.04875e-04  1.50171e+00 -3.04666e-04  1.00114e+00  1.00045e+00
 3.81000e+01  1.00069e+00 -3.02845e-04  1.50172e+00 -3.02637e-04  1.00114e+00  1.00045e+00
 3.82000e+01  1.00069e+00 -3.00803e-04  1.50173e+00 -3.00595e-04  1.00115e+00  1.00046e+00
 3.83000e+01  1.00070e+00 -2.98749e-04  1.50174e+00 -2.98541e-04  1.00116e+00  1.00046e+00
 3.84000e+01  1.00070e+00 -2.96683e-04  1.50175e+00 -2.96475e-04  1.00116e+00  1.00046e+00
 3.85000e+01  1.00071e+00 -2.94605e-04  1.50176e+00 -2.94397e-04  1.00117e+00  1.00047e+00
 3.86000e+01  1.00071e+00 -2.92515e-04  1.50177e+00 -2.92308e-04  1.00118e+00  1.00047e+00
 3.87000e+01  1.00071e+00 -2.90413e-04  1.50178e+00 -2.90206e-04  1.00118e+00  1.00047e+00
 3.88000e+01  1.00072e+00 -2.88299e-04  1.50179e+00 -2.88092e-04  1.00119e+00  1.00047e+00
 3.89000e+01  1.00072e+00 -2.86173e-04  1.50180e+00 -2.85967e-04  1.00120e+00  1.00048e+00
 3.90000e+01  1.00072e+00 -2.84036e-04  1.50181e+00 -2.83830e-04  1.00120e+00  1.00048e+00
 3.91000e+01  1.00073e+00 -2.81887e-04  1.50182e+00 -2.81682e-04  1.00121e+00  1.00048e+00
 3.92000e+01  1.00073e+00 -2.79727e-04  1.50183e+00 -2.79523e-04  1.00121e+00  1.00048e+00
 3.93000e+01  1.00074e+00 -2.77555e-04  1.50184e+00 -2.77352e-04  1.00122e+00  1.00049e+00
 3.94000e+01  1.00074e+00 -2.75373e-04  1.50185e+00 -2.75169e-04  1.00123e+00  1.00049e+00
 3.95000e+01  1.00074e+00 -2.73179e-04  1.50186e+00 -2.72976e-04  1.00123e+00  1.00049e+00
 3.96000e+01  1.00075e+00 -2.70973e-04  1.50187e+00 -2.70771e-04  1.00124e+00  1.00049e+00
 3.97000e+01  1.00075e+00 -2.68757e-04  1.50187e+00 -2.68556e-04  1.00124e+00  1.00049e+00
 3.98000e+01  1.00075e+00 -2.66530e-04  1.50188e+00 -2.66330e-04  1.00125e+00  1.00050e+00
 3.99000e+01  1.00076e+00 -2.64292e-04  1.50189e+00 -2.64092e-04  1.00126e+00  1.00050e+00
 4.00000e+01  1.00076e+00 -2.62044e-04  1.50190e+00 -2.61845e-04  1.00126e+00  1.00050e+00
 4.01000e+01  1.00076e+00 -2.59784e-04  1.50191e+00 -2.59586e-04  1.00127e+00  1.00050e+00
 4.02000e+01  1.00077e+00 -2.57514e-04  1.50192e+00 -2.57317e-04  1.00127e+00  1.00051e+00
 4.03000e+01  1.00077e+00 -2.55234e-04  1.50193e+00 -2.55037e-04  1.00128e+00  1.00051e+00
 4.04000e+01  1.00077e+00 -2.52943e-04  1.50193e+00 -2.52748e-04  1.00128e+00  1.00051e+00
 4.05000e+01  1.00078e+00 -2.50642e-04  1.50194e+00 -2.50447e-04  1.00129e+00  1.00051e+00
 4.06000e+01  1.00078e+00 -2.48331e-04  1.50195e+00 -2.48137e-04  1.00130e+00  1.00051e+00
 4.07000e+01  1.00078e+00 -2.46009e-04  1.50196e+00 -2.45817e-04  1.00130e+00  1.00052e+00
 4.08000e+01  1.00079e+00 -2.43678e-04  1.50197e+00 -2.43486e-04  1.00131e+00  1.00052e+00
 4.09000e+01  1.00079e+00 -2.41337e-04  1.50197e+00 -2.41146e-04  1.00131e+00  1.00052e+00
 4.10000e+01  1.00079e+00 -2.38985e-04  1.50198e+00 -2.38796e-04  1.00132e+00  1.00052e+00
 4.11000e+01  1.00080e+00 -2.36624e-04  1.50199e+00 -2.36436e-04  1.00132e+00  1.00053e+00
 4.12000e+01  1.00080e+00 -2.34254e-04  1.50200e+00 -2.34067e-04  1.00133e+00  1.00053e+00
 4.13000e+01  1.00080e+00 -2.31874e-04  1.50201e+00 -2.31688e-04  1.00133e+00  1.00053e+00
 4.14000e+01  1.00081e+00 -2.29484e-04  1.50201e+00 -2.29300e-04  1.00134e+00  1.00053e+00
 4.15000e+01  1.00081e+00 -2.27085e-04  1.50202e+00 -2.26902e-04  1.00134e+00  1.00053e+00
 4.16000e+01  1.00081e+00 -2.24677e-04  1.50203e+00 -2.24495e-04  1.00135e+00  1.00054e+00
 4.17000e+01  1.00081e+00 -2.22260e-04  1.50204e+00 -2.22079e-04  1.00135e+00  1.00054e+00
 4.18000e+01  1.00082e+00 -2.19834e-04  1.50204e+00 -2.19654e-04  1.00136e+00  1.00054e+00
 4.19000e+01  1.00082e+00 -2.17398e-04  1.50205e+00 -2.17220e-04  1.00136e+00  1.00054e+00
 4.20000e+01  1.00082e+00 -2.14954e-04  1.50206e+00 -2.14777e-04  1.00137e+00  1.00054e+00
 4.21000e+01  1.00083e+00 -2.12501e-04  1.50206e+00 -2.12326e-04  1.00137e+00  1.00054e+00
 4.22000e+01  1.00083e+00 -2.10040e-04  1.50207e+00 -2.09866e-04  1.00138e+00  1.00055e+00
 4.23000e+01  1.00083e+00 -2.07569e-04  1.50208e+00 -2.07397e-04  1.00138e+00  1.00055e+00
 4.24000e+01  1.00083e+00 -2.05091e-04  1.50209e+00 -2.04920e-04  1.00138e+00  1.00055e+00
 4.25000e+01  1.00084e+00 -2.02604e-04  1.50209e+00 -2.02434e-04  1.00139e+00  1.00055e+00
 4.26000e+01  1.00084e+00 -2.00108e-04  1.50210e+00 -1.99941e-04  1.00139e+00  1.00055e+00
 4.27000e+01  1.00084e+00 -1.97605e-04  1.50210e+00 -1.97439e-04  1.00140e+00  1.00056e+00
 4.28000e+01  1.00084e+00 -1.95093e-04  1.50211e+00 -1.94929e-04  1.00140e+00  1.00056e+00
 4.29000e+01  1.00085e+00 -1.92574e-04  1.50212e+00 -1.92411e-04  1.00141e+00  1.00056e+00
 4.30000e+01  1.00085e+00 -1.90047e-04  1.50212e+00 -1.89885e-04  1.00141e+00  1.00056e+00
 4.31000e+01  1.00085e+00 -1.87511e-04  1.50213e+00 -1.87352e-04  1.00141e+00  1.00056e+00
 4.32000e+01  1.00085e+00 -1.84969e-04  1.50214e+00 -1.84811e-04  1.00142e+00  1.00056e+00
 4.33000e+01  1.00086e+00 -1.82418e-04  1.50214e+00 -1.82262e-04  1.00142e+00  1.00057e+00
 4.34000e+01  1.00086e+00 -1.79861e-04  1.50215e+00 -1.79706e-04  1.00143e+00  1.00057e+00
 4.35000e+01  1.00086e+00 -1.77296e-04  1.50215e+00 -1.77143e-04  1.00143e+00  1.00057e+00
 4.36000e+01  1.00086e+00 -1.74723e-04  1.50216e+00 -1.74572e-04  1.00143e+00  1.00057e+00
 4.37000e+01  1.00087e+00 -1.72144e-04  1.50217e+00 -1.71995e-04  1.00144e+00  1.00057e+00
 4.38000e+01  1.00087e+00 -1.69557e-04  1.50217e+00 -1.69410e-04  1.00144e+00  1.00057e+00
 4.39000e+01  1.00087e+00 -1.66964e-04  1.50218e+00 -1.66819e-04  1.00145e+00  1.00057e+00
 4.40000e+01  1.00087e+00 -1.64364e-04  1.50218e+00 -1.64220e-04  1.00145e+00  1.00058e+00
 4.41000e+01  1.00087e+00 -1.61757e-04  1.50219e+00 -1.61615e-04  1.00145e+00  1.00058e+00
 4.42000e+01  1.00088e+00 -1.59143e-04  1.50219e+00 -1.59004e-04  1.00146e+00  1.00058e+00
 4.43000e+01  1.00088e+00 -1.56523e-04  1.50220e+00 -1.56386e-04  1.00146e+00  1.00058e+00
 4.44000e+01  1.00088e+00 -1.53896e-04  1.50220e+00 -1.53761e-04  1.00146e+00  1.00058e+00
 4.45000e+01  1.00088e+00 -1.51264e-04  1.50221e+00 -1.51130e-04  1.00147e+00  1.00058e+00
 4.46000e+01  1.00088e+00 -1.48625e-04  1.50221e+00 -1.48493e-04  1.00147e+00  1.00058e+00
 4.47000e+01  1.00089e+00 -1.45980e-04  1.50222e+00 -1.45850e-04  1.00147e+00  1.00059e+00
 4.48000e+01  1.00089e+00 -1.43329e-04  1.50222e+00 -1.43202e-04  1.00148e+00  1.00059e+00
 4.49000e+01  1.00089e+00 -1.40672e-04  1.50223e+00 -1.40547e-04  1.00148e+00  1.00059e+00
 4.50000e+01  1.00089e+00 -1.38009e-04  1.50223e+00 -1.37886e-04  1.00148e+00  1.00059e+00
 4.51000e+01  1.00089e+00 -1.35341e-04  1.50224e+00 -1.35220e-04  1.00148e+00  1.00059e+00
 4.52000e+01  1.00090e+00 -1.32667e-04  1.50224e+00 -1.32549e-04  1.00149e+00  1.00059e+00
 4.53000e+01  1.00090e+00 -1.29988e-04  1.50224e+00 -1.29872e-04  1.00149e+00  1.00059e+00
 4.54000e+01  1.00090e+00 -1.27304e-04  1.50225e+00 -1.27189e-04  1.00149e+00  1.00059e+00
 4.55000e+01  1.00090e+00 -1.24614e-04  1.50225e+00 -1.24502e-04  1.00150e+00  1.00059e+00
 4.56000e+01  1.00090e+00 -1.21919e-04  1.50226e+00 -1.21809e-04  1.00150e+00  1.00060e+00
 4.57000e+01  1.00090e+00 -1.19219e-04  1.50226e+00 -1.19112e-04  1.00150e+00  1.00060e+00
 4.58000e+01  1.00091e+00 -1.16515e-04  1.50227e+00 -1.16409e-04  1.00150e+00  1.00060e+00
 4.59000e+01  1.00091e+00 -1.13805e-04  1.50227e+00 -1.13702e-04  1.00151e+00  1.00060e+00
 4.60000e+01  1.00091e+00 -1.11091e-04  1.50227e+00 -1.10990e-04  1.00151e+00  1.00060e+00
 4.61000e+01  1.00091e+00 -1.08372e-04  1.50228e+00 -1.08274e-04  1.00151e+00  1.00060e+00
 4.62000e+01  1.00091e+00 -1.05649e-04  1.50228e+00 -1.05553e-04  1.00151e+00  1.00060e+00
 4.63000e+01  1.00091e+00 -1.02922e-04  1.50228e+00 -1.02828e-04  1.00152e+00  1.00060e+00
 4.64000e+01  1.00091e+00 -1.00190e-04  1.50229e+00 -1.00099e-04  1.00152e+00  1.00060e+00
 4.65000e+01  1.00092e+00 -9.74546e-05  1.50229e+00 -9.73655e-05  1.00152e+00  1.00060e+00
 4.66000e+01  1.00092e+00 -9.47149e-05  1.50229e+00 -9.46282e-05  1.00152e+00  1.00061e+00
 4.67000e+01  1.00092e+00 -9.19713e-05  1.50230e+00 -9.18870e-05  1.00152e+00  1.00061e+00
 4.68000e+01  1.00092e+00 -8.92240e-05  1.50230e+00 -8.91421e-05  1.00153e+00  1.00061e+00
 4.69000e+01  1.00092e+00 -8.64730e-05  1.50230e+00 -8.63935e-05  1.00153e+00  1.00061e+00
 4.70000e+01  1.00092e+00 -8.37185e-05  1.50230e+00 -8.36414e-05  1.00153e+00  1.00061e+00
 4.71000e+01  1.00092e+00 -8.09605e-05  1.50231e+00 -8.08859e-05  1.00153e+00  1.00061e+00
 4.72000e+01  1.00092e+00 -7.81993e-05  1.50231e+00 -7.81271e-05  1.00153e+00  1.00061e+00
 4.73000e+01  1.00092e+00 -7.54348e-05  1.50231e+00 -7.53651e-05  1.00154e+00  1.00061e+00
 4.74000e+01  1.00093e+00 -7.26672e-05  1.50231e+00 -7.26000e-05  1.00154e+00  1.00061e+00
 4.75000e+01  1.00093e+00 -6.98967e-05  1.50232e+00 -6.98320e-05  1.00154e+00  1.00061e+00
 4.76000e+01  1.00093e+00 -6.71233e-05  1.50232e+00 -6.70611e-05  1.00154e+00  1.00061e+00
 4.77000e+01  1.00093e+00 -6.43472e-05  1.50232e+00 -6.42875e-05  1.00154e+00  1.00061e+00
 4.78000e+01  1.00093e+00 -6.15684e-05  1.50232e+00 -6.15113e-05  1.00154e+00  1.00061e+00
 4.79000e+01  1.00093e+00 -5.87871e-05  1.50233e+00 -5.87325e-05  1.00154e+00  1.00061e+00
 4.80000e+01  1.00093e+00 -5.60034e-05  1.50233e+00 -5.59513e-05  1.00155e+00  1.00061e+00
 4.81000e+01  1.00093e+00 -5.32174e-05  1.50233e+00 -5.31679e-05  1.00155e+00  1.00061e+00
 4.82000e+01  1.00093e+00 -5.04292e-05  1.50233e+00 -5.03823e-05  1.00155e+00  1.00062e+00
 4.83000e+01  1.00093e+00 -4.76390e-05  1.50233e+00 -4.75946e-05  1.00155e+00  1.00062e+00
 4.84000e+01  1.00093e+00 -4.48468e-05  1.50233e+00 -4.48050e-05  1.00155e+00  1.00062e+00
 4.85000e+01  1.00093e+00 -4.20528e-05  1.50234e+00 -4.20136e-05  1.00155e+00  1.00062e+00
 4.86000e+01  1.00093e+00 -3.92571e-05  1.50234e+00 -3.92204e-05  1.00155e+00  1.00062e+00
 4.87000e+01  1.00093e+00 -3.64597e-05  1.50234e+00 -3.64256e-05  1.00155e+00  1.00062e+00
 4.88000e+01  1.00094e+00 -3.36609e-05  1.50234e+00 -3.36294e-05  1.00155e+00  1.00062e+00
 4.89000e+01  1.00094e+00 -3.08606e-05  1.50234e+00 -3.08318e-05  1.00155e+00  1.00062e+00
 4.90000e+01  1.00094e+00 -2.80591e-05  1.50234e+00 -2.80329e-05  1.00155e+00  1.00062e+00
 4.91000e+01  1.00094e+00 -2.52565e-05  1.50234e+00 -2.52329e-05  1.00156e+00  1.00062e+00
 4.92000e+01  1.00094e+00 -2.24528e-05  1.50234e+00 -2.24318e-05  1.00156e+00  1.00062e+00
 4.93000e+01  1.00094e+00 -1.96482e-05  1.50234e+00 -1.96298e-05  1.00156e+00  1.00062e+00
 4.94000e+01  1.00094e+00 -1.68428e-05  1.50234e+00 -1.68271e-05  1.00156e+00  1.00062e+00
 4.95000e+01  1.00094e+00 -1.40368e-05  1.50234e+00 -1.40236e-05  1.00156e+00  1.00062e+00
 4.96000e+01  1.00094e+00 -1.12301e-05  1.50235e+00 -1.12196e-05  1.00156e+00  1.00062e+00
 4.97000e+01  1.00094e+00 -8.42297e-06  1.50235e+00 -8.41508e-06  1.00156e+00  1.00062e+00
 4.98000e+01  1.00094e+00 -5.61551e-06  1.50235e+00 -5.61024e-06  1.00156e+00  1.00062e+00
 4.99000e+01  1.00094e+00 -2.80781e-06  1.50235e+00 -2.80518e-06  1.00156e+00  1.00062e+00
 5.00000e+01  1.00094e+00 -0.00000e+00  1.50235e+00 -0.00000e+00  1.00156e+00  1.00062e+00
 5.01000e+01  1.00094e+00  2.80781e-06  1.50235e+00  2.80518e-06  1.00156e+00  1.00062e+00
 5.02000e+01  1.00094e+00  5.61551e-06  1.50235e+00  5.61024e-06  1.00156e+00  1.00062e+00
 5.03000e+01  1.00094e+00  8.42297e-06  1.50235e+00  8.41508e-06  1.00156e+00  1.00062e+00
 5.04000e+01  1.00094e+00  1.12301e-05  1.50235e+00  1.12196e-05  1.00156e+00  1.00062e+00
 5.05000e+01  1.00094e+00  1.40368e-05  1.50234e+00  1.40236e-05  1.00156e+00  1.00062e+00
 5.06000e+01  1.00094e+00  1.68428e-05  1.50234e+00  1.68271e-05  1.00156e+00  1.00062e+00
 5.07000e+01  1.00094e+00  1.96482e-05  1.50234e+00  1.96298e-05  1.00156e+00  1.00062e+00
 5.08000e+01  1.00094e+00  2.24528e-05  1.50234e+00  2.24318e-05  1.00156e+00  1.00062e+00
 5.09000e+01  1.00094e+00  2.52565e-05  1.50234e+00  2.52329e-05  1.00156e+00  1.00062e+00
 5.10000e+01  1.00094e+00  2.80591e-05  1.50234e+00  2.80329e-05  1.00155e+00  1.00062e+00
 5.11000e+01  1.00094e+00  3.08606e-05  1.50234e+00  3.08318e-05  1.00155e+00  1.00062e+00
 5.12000e+01  1.00094e+00  3.36609e-05  1.50234e+00  3.36294e-05  1.00155e+00  1.00062e+00
 5.13000e+01  1.00093e+00  3.64597e-05  1.50234e+00  3.64256e-05  1.00155e+00  1.00062e+00
 5.14000e+01  1.00093e+00  3.92571e-05  1.50234e+00  3.92204e-05  1.00155e+00  1.00062e+00
 5.15000e+01  1.00093e+00  4.20528e-05  1.50234e+00  4.20136e-05  1.00155e+00  1.00062e+00
 5.16000e+01  1.00093e+00  4.48468e-05  1.50233e+00  4.48050e-05  1.00155e+00  1.00062e+00
 5.17000e+01  1.00093e+00  4.76390e-05  1.50233e+00  4.75946e-05  1.00155e+00  1.00062e+00
 5.18000e+01  1.00093e+00  5.04292e-05  1.50233e+00  5.03823e-05  1.00155e+00  1.00062e+00
 5.19000e+01  1.00093e+00  5.32174e-05  1.50233e+00  5.31679e-05  1.00155e+00  1.00061e+00
 5.20000e+01  1.00093e+00  5.60034e-05  1.50233e+00  5.59513e-05  1.00155e+00  1.00061e+00
 5.21000e+01  1.00093e+00  5.87871e-05  1.50233e+00  5.87325e-05  1.00154e+00  1.00061e+00
 5.22000e+01  1.00093e+00  6.15684e-05  1.50232e+00  6.15113e-05  1.00154e+00  1.00061e+00
 5.23000e+01  1.00093e+00  6.43472e-05  1.50232e+00  6.42875e-05  1.00154e+00  1.00061e+00
 5.24000e+01  1.00093e+00  6.71233e-05  1.50232e+00  6.70611e-05  1.00154e+00  1.00061e+00
 5.25000e+01  1.00093e+00  6.98967e-05  1.50232e+00  6.98320e-05  1.00154e+00  1.00061e+00
 5.26000e+01  1.00093e+00  7.26672e-05  1.50231e+00  7.26000e-05  1.00154e+00  1.00061e+00
 5.27000e+01  1.00092e+00  7.54348e-05  1.50231e+00  7.53651e-05  1.00154e+00  1.00061e+00
 5.28000e+01  1.00092e+00  7.81993e-05  1.50231e+00  7.81271e-05  1.00153e+00  1.00061e+00
 5.29000e+01  1.00092e+00  8.09605e-05  1.50231e+00  8.08859e-05  1.00153e+00  1.00061e+00
 5.30000e+01  1.00092e+00  8.37185e-05  1.50230e+00  8.36414e-05  1.00153e+00  1.00061e+00
 5.31000e+01  1.00092e+00  8.64730e-05  1.50230e+00  8.63935e-05  1.00153e+00  1.00061e+00
 5.32000e+01  1.00092e+00  8.92240e-05  1.50230e+00  8.91421e-05  1.00153e+00  1.00061e+00
 5.33000e+01  1.00092e+00  9.19713e-05  1.50230e+00  9.18870e-05  1.00152e+00  1.00061e+00
 5.34000e+01  1.00092e+00  9.47149e-05  1.50229e+00  9.46282e-05  1.00152e+00  1.00061e+00
 5.35000e+01  1.00092e+00  9.74546e-05  1.50229e+00  9.73655e-05  1.00152e+00  1.00060e+00
 5.36000e+01  1.00091e+00  1.00190e-04  1.50229e+00  1.00099e-04  1.00152e+00  1.00060e+00
 5.37000e+01  1.00091e+00  1.02922e-04  1.50228e+00  1.02828e-04  1.00152e+00  1.00060e+00
 5.38000e+01  1.00091e+00  1.05649e-04  1.50228e+00  1.05553e-04  1.00151e+00  1.00060e+00
 5.39000e+01  1.00091e+00  1.08372e-04  1.50228e+00  1.08274e-04  1.00151e+00  1.00060e+00
 5.40000e+01  1.00091e+00  1.11091e-04  1.50227e+00  1.10990e-04  1.00151e+00  1.00060e+00
 5.41000e+01  1.00091e+00  1.13805e-04  1.50227e+00  1.13702e-04  1.00151e+00  1.00060e+00
 5.42000e+01  1.00091e+00  1.16515e-04  1.50227e+00  1.16409e-04  1.00150e+00  1.00060e+00
 5.43000e+01  1.00090e+00  1.19219e-04  1.50226e+00  1.19112e-04  1.00150e+00  1.00060e+00
 5.44000e+01  1.00090e+00  1.21919e-04  1.50226e+00  1.21809e-04  1.00150e+00  1.00060e+00
 5.45000e+01  1.00090e+00  1.24614e-04  1.50225e+00  1.24502e-04  1.00150e+00  1.00059e+00
 5.46000e+01  1.00090e+00  1.27304e-04  1.50225e+00  1.27189e-04  1.00149e+00  1.00059e+00
 5.47000e+01  1.00090e+00  1.29988e-04  1.50224e+00  1.29872e-04  1.00149e+00  1.00059e+00
 5.48000e+01  1.00090e+00  1.32667e-04  1.50224e+00  1.32549e-04  1.00149e+00  1.00059e+00
 5.49000e+01  1.00089e+00  1.35341e-04  1.50224e+00  1.35220e-04  1.00148e+00  1.00059e+00
 5.50000e+01  1.00089e+00  1.38009e-04  1.50223e+00  1.37886e-04  1.00148e+00  1.00059e+00
 5.51000e+01  1.00089e+00  1.40672e-04  1.50223e+00  1.40547e-04  1.00148e+00  1.00059e+00
 5.52000e+01  1.00089e+00  1.43329e-04  1.50222e+00  1.43202e-04  1.00148e+00  1.00059e+00
 5.53000e+01  1.00089e+00  1.45980e-04  1.50222e+00  1.45850e-04  1.00147e+00  1.00059e+00
 5.54000e+01  1.00088e+00  1.48625e-04  1.50221e+00  1.48493e-04  1.00147e+00  1.00058e+00
 5.55000e+01  1.00088e+00  1.51264e-04  1.50221e+00  1.51130e-04  1.00147e+00  1.00058e+00
 5.56000e+01  1.00088e+00  1.53896e-04  1.50220e+00  1.53761e-04  1.00146e+00  1.00058e+00
 5.57000e+01  1.00088e+00  1.56523e-04  1.50220e+00  1.56386e-04  1.00146e+00  1.00058e+00
 5.58000e+01  1.00088e+00  1.59143e-04  1.50219e+00  1.59004e-04  1.00146e+00  1.00058e+00
 5.59000e+01  1.00087e+00  1.61757e-04  1.50219e+00  1.61615e-04  1.00145e+00  1.00058e+00
 5.60000e+01  1.00087e+00  1.64364e-04  1.50218e+00  1.64220e-04  1.00145e+00  1.00058e+00
 5.61000e+01  1.00087e+00  1.66964e-04  1.50218e+00  1.66819e-04  1.00145e+00  1.00057e+00
 5.62000e+01  1.00087e+00  1.69557e-04  1.50217e+00  1.69410e-04  1.00144e+00  1.00057e+00
 5.63000e+01  1.00087e+00  1.72144e-04  1.50217e+00  1.71995e-04  1.00144e+00  1.00057e+00
 5.64000e+01  1.00086e+00  1.74723e-04  1.50216e+00  1.74572e-04  1.00143e+00  1.00057e+00
 5.65000e+01  1.00086e+00  1.77296e-04  1.50215e+00  1.77143e-04  1.00143e+00  1.00057e+00
 5.66000e+01  1.00086e+00  1.79861e-04  1.50215e+00  1.79706e-04  1.00143e+00  1.00057e+00
 5.67000e+01  1.00086e+00  1.82418e-04  1.50214e+00  1.82262e-04  1.00142e+00  1.00057e+00
 5.68000e+01  1.00085e+00  1.84969e-04  1.50214e+00  1.84811e-04  1.00142e+00  1.00056e+00
 5.69000e+01  1.00085e+00  1.87511e-04  1.50213e+00  1.87352e-04  1.00141e+00  1.00056e+00
 5.70000e+01  1.00085e+00  1.90047e-04  1.50212e+00  1.89885e-04  1.00141e+00  1.00056e+00
 5.71000e+01  1.00085e+00  1.92574e-04  1.50212e+00  1.92411e-04  1.00141e+00  1.00056e+00
 5.72000e+01  1.00084e+00  1.95093e-04  1.50211e+00  1.94929e-04  1.00140e+00  1.00056e+00
 5.73000e+01  1.00084e+00  1.97605e-04  1.50210e+00  1.97439e-04  1.00140e+00  1.00056e+00
 5.74000e+01  1.00084e+00  2.00108e-04  1.50210e+00  1.99941e-04  1.00139e+00  1.00055e+00
 5.75000e+01  1.00084e+00  2.02604e-04  1.50209e+00  2.02434e-04  1.00139e+00  1.00055e+00
 5.76000e+01  1.00083e+00  2.05091e-04  1.50209e+00  2.04920e-04  1.00138e+00  1.00055e+00
 5.77000e+01  1.00083e+00  2.07569e-04  1.50208e+00  2.07397e-04  1.00138e+00  1.00055e+00
 5.78000e+01  1.00083e+00  2.10040e-04  1.50207e+00  2.09866e-04  1.00138e+00  1.00055e+00
 5.79000e+01  1.00083e+00  2.12501e-04  1.50206e+00  2.12326e-04  1.00137e+00  1.00054e+00
 5.80000e+01  1.00082e+00  2.14954e-04  1.50206e+00  2.14777e-04  1.00137e+00  1.00054e+00
 5.81000e+01  1.00082e+00  2.17398e-04  1.50205e+00  2.17220e-04  1.00136e+00  1.00054e+00
 5.82000e+01  1.00082e+00  2.19834e-04  1.50204e+00  2.19654e-04  1.00136e+00  1.00054e+00
 5.83000e+01  1.00081e+00  2.22260e-04  1.50204e+00  2.22079e-04  1.00135e+00  1.00054e+00
 5.84000e+01  1.00081e+00  2.24677e-04  1.50203e+00  2.24495e-04  1.00135e+00  1.00054e+00
 5.85000e+01  1.00081e+00  2.27085e-04  1.50202e+00  2.26902e-04  1.00134e+00  1.00053e+00
 5.86000e+01  1.00081e+00  2.29484e-04  1.50201e+00  2.29300e-04  1.00134e+00  1.00053e+00
 5.87000e+01  1.00080e+00  2.31874e-04  1.50201e+00  2.31688e-04  1.00133e+00  1.00053e+00
 5.88000e+01  1.00080e+00  2.34254e-04  1.50200e+00  2.34067e-04  1.00133e+00  1.00053e+00
 5.89000e+01  1.00080e+00  2.36624e-04  1.50199e+00  2.36436e-04  1.00132e+00  1.00053e+00
 5.90000e+01  1.00079e+00  2.38985e-04  1.50198e+00  2.38796e-04  1.00132e+00  1.00052e+00
 5.91000e+01  1.00079e+00  2.41337e-04  1.50197e+00  2.41146e-04  1.00131e+00  1.00052e+00
 5.92000e+01  1.00079e+00  2.43678e-04  1.50197e+00  2.43486e-04  1.00131e+00  1.00052e+00
 5.93000e+01  1.00078e+00  2.46009e-04  1.50196e+00  2.45817e-04  1.00130e+00  1.00052e+00
 5.94000e+01  1.00078e+00  2.48331e-04  1.50195e+00  2.48137e-04  1.00130e+00  1.00051e+00
 5.95000e+01  1.00078e+00  2.50642e-04  1.50194e+00  2.50447e-04  1.00129e+00  1.00051e+00
 5.96000e+01  1.00077e+00  2.52943e-04  1.50193e+00  2.52748e-04  1.00128e+00  1.00051e+00
 5.97000e+01  1.00077e+00  2.55234e-04  1.50193e+00  2.55037e-04  1.00128e+00  1.00051e+00
 5.98000e+01  1.00077e+00  2.57514e-04  1.50192e+00  2.57317e-04  1.00127e+00  1.00051e+00
 5.99000e+01  1.00076e+00  2.59784e-04  1.50191e+00  2.59586e-04  1.00127e+00  1.00050e+00
 6.00000e+01  1.00076e+00  2.62044e-04  1.50190e+00  2.61845e-04  1.00126e+00  1.00050e+00
 6.01000e+01  1.00076e+00  2.64292e-04  1.50189e+00  2.64092e-04  1.00126e+00  1.00050e+00
 6.02000e+01  1.00075e+00  2.66530e-04  1.50188e+00  2.66330e-04  1.00125e+00  1.00050e+00
 6.03000e+01  1.00075e+00  2.68757e-04  1.50187e+00  2.68556e-04  1.00124e+00  1.00049e+00
 6.04000e+01  1.00075e+00  2.70973e-04  1.50187e+00  2.70771e-04  1.00124e+00  1.00049e+00
 6.05000e+01  1.00074e+00  2.73179e-04  1.50186e+00  2.72976e-04  1.00123e+00  1.00049e+00
 6.06000e+01  1.00074e+00  2.75373e-04  1.50185e+00  2.75169e-04  1.00123e+00  1.00049e+00
 6.07000e+01  1.00074e+00  2.77555e-04  1.50184e+00  2.77352e-04  1.00122e+00  1.00049e+00
 6.08000e+01  1.00073e+00  2.79727e-04  1.50183e+00  2.79523e-04  1.00121e+00  1.00048e+00
 6.09000e+01  1.00073e+00  2.81887e-04  1.50182e+00  2.81682e-04  1.00121e+00  1.00048e+00
 6.10000e+01  1.00072e+00  2.84036e-04  1.50181e+00  2.83830e-04  1.00120e+00  1.00048e+00
 6.11000e+01  1.00072e+00  2.86173e-04  1.50180e+00  2.85967e-04  1.00120e+00  1.00048e+00
 6.12000e+01  1.00072e+00  2.88299e-04  1.50179e+00  2.88092e-04  1.00119e+00  1.00047e+00
 6.13000e+01  1.00071e+00  2.90413e-04  1.50178e+00  2.90206e-04  1.00118e+00  1.00047e+00
 6.14000e+01  1.00071e+00  2.92515e-04  1.50177e+00  2.92308e-04  1.00118e+00  1.00047e+00
 6.15000e+01  1.00071e+00  2.94605e-04  1.50176e+00  2.94397e-04  1.00117e+00  1.00047e+00
 6.16000e+01  1.00070e+00  2.96683e-04  1.50175e+00  2.96475e-04  1.00116e+00  1.00046e+00
 6.17000e+01  1.00070e+00  2.98749e-04  1.50174e+00  2.98541e-04  1.00116e+00  1.00046e+00
 6.18000e+01  1.00069e+00  3.00803e-04  1.50173e+00  3.00595e-04  1.00115e+00  1.00046e+00
 6.19000e+01  1.00069e+00  3.02845e-04  1.50172e+00  3.02637e-04  1.00114e+00  1.00045e+00
 6.20000e+01  1.00069e+00  3.04875e-04  1.50171e+00  3.04666e-04  1.00114e+00  1.00045e+00
 6.21000e+01  1.00068e+00  3.06892e-04  1.50170e+00  3.06683e-04  1.00113e+00  1.00045e+00
 6.22000e+01  1.00068e+00  3.08897e-04  1.50169e+00  3.08688e-04  1.00112e+00  1.00045e+00
 6.23000e+01  1.00067e+00  3.10889e-04  1.50168e+00  3.10680e-04  1.00112e+00  1.00044e+00
 6.24000e+01  1.00067e+00  3.12869e-04  1.50167e+00  3.12659e-04  1.00111e+00  1.00044e+00
 6.25000e+01  1.00066e+00  3.14836e-04  1.50166e+00  3.14626e-04  1.00110e+00  1.00044e+00
 6.26000e+01  1.00066e+00  3.16790e-04  1.50165e+00  3.16581e-04  1.00110e+00  1.00044e+00
 6.27000e+01  1.00066e+00  3.18731e-04  1.50164e+00  3.18522e-04  1.00109e+00  1.00043e+00
 6.28000e+01  1.00065e+00  3.20659e-04  1.50163e+00  3.20450e-04  1.00108e+00  1.00043e+00
 6.29000e+01  1.00065e+00  3.22575e-04  1.50162e+00  3.22366e-04  1.00108e+00  1.00043e+00
 6.30000e+01  1.00064e+00  3.24477e-04  1.50161e+00  3.24268e-04  1.00107e+00  1.00042e+00
 6.31000e+01  1.00064e+00  3.26366e-04  1.50160e+00  3.26158e-04  1.00106e+00  1.00042e+00
 6.32000e+01  1.00064e+00  3.28242e-04  1.50159e+00  3.28034e-04  1.00105e+00  1.00042e+00
 6.33000e+01  1.00063e+00  3.30105e-04  1.50158e+00  3.29897e-04  1.00105e+00  1.00042e+00
 6.34000e+01  1.00063e+00  3.31954e-04  1.50157e+00  3.31747e-04  1.00104e+00  1.00041e+00
 6.35000e+01  1.00062e+00  3.33790e-04  1.50156e+00  3.33583e-04  1.00103e+00  1.00041e+00
 6.36000e+01  1.00062e+00  3.35613e-04  1.50154e+00  3.35406e-04  1.00103e+00  1.00041e+00
 6.37000e+01  1.00061e+00  3.37422e-04  1.50153e+00  3.37215e-04  1.00102e+00  1.00040e+00
 6.38000e+01  1.00061e+00  3.39217e-04  1.50152e+00  3.39010e-04  1.00101e+00  1.00040e+00
 6.39000e+01  1.00060e+00  3.40998e-04  1.50151e+00  3.40792e-04  1.00100e+00  1.00040e+00
 6.40000e+01  1.00060e+00  3.42766e-04  1.50150e+00  3.42560e-04  1.00100e+00  1.00040e+00
 6.41000e+01  1.00060e+00  3.44520e-04  1.50149e+00  3.44315e-04  1.00099e+00  1.00039e+00
 6.42000e+01  1.00059e+00  3.46259e-04  1.50148e+00  3.46055e-04  1.00098e+00  1.00039e+00
 6.43000e+01  1.00059e+00  3.47985e-04  1.50147e+00  3.47781e-04  1.00097e+00  1.00039e+00
 6.44000e+01  1.00058e+00  3.49697e-04  1.50145e+00  3.49494e-04  1.00097e+00  1.00038e+00
 6.45000e+01  1.00058e+00  3.51395e-04  1.50144e+00  3.51192e-04  1.00096e+00  1.00038e+00
 6.46000e+01  1.00057e+00  3.53078e-04  1.50143e+00  3.52876e-04  1.00095e+00  1.00038e+00
 6.47000e+01  1.00057e+00  3.54747e-04  1.50142e+00  3.54546e-04  1.00094e+00  1.00037e+00
 6.48000e+01  1.00056e+00  3.56402e-04  1.50141e+00  3.56202e-04  1.00093e+00  1.00037e+00
 6.49000e+01  1.00056e+00  3.58043e-04  1.50140e+00  3.57843e-04  1.00093e+00  1.00037e+00
 6.50000e+01  1.00055e+00  3.59669e-04  1.50138e+00  3.59470e-04  1.00092e+00  1.00037e+00
 6.51000e+01  1.00055e+00  3.61280e-04  1.50137e+00  3.61082e-04  1.00091e+00  1.00036e+00
 6.52000e+01  1.00054e+00  3.62877e-04  1.50136e+00  3.62680e-04  1.00090e+00  1.00036e+00
 6.53000e+01  1.00054e+00  3.64459e-04  1.50135e+00  3.64263e-04  1.00089e+00  1.00036e+00
 6.54000e+01  1.00053e+00  3.66027e-04  1.50134e+00  3.65832e-04  1.00089e+00  1.00035e+00
 6.55000e+01  1.00053e+00  3.67580e-04  1.50132e+00  3.67385e-04  1.00088e+00  1.00035e+00
 6.56000e+01  1.00052e+00  3.69118e-04  1.50131e+00  3.68924e-04  1.00087e+00  1.00035e+00
 6.57000e+01  1.00052e+00  3.70641e-04  1.50130e+00  3.70448e-04  1.00086e+00  1.00034e+00
 6.58000e+01  1.00051e+00  3.72149e-04  1.50129e+00  3.71958e-04  1.00085e+00  1.00034e+00
 6.59000e+01  1.00051e+00  3.73642e-04  1.50127e+00  3.73452e-04  1.00085e+00  1.00034e+00
 6.60000e+01  1.00050e+00  3.75120e-04  1.50126e+00  3.74931e-04  1.00084e+00  1.00033e+00
 6.61000e+01  1.00050e+00  3.76583e-04  1.50125e+00  3.76395e-04  1.00083e+00  1.00033e+00
 6.62000e+01  1.00049e+00  3.78031e-04  1.50124e+00  3.77844e-04  1.00082e+00  1.00033e+00
 6.63000e+01  1.00049e+00  3.79464e-04  1.50122e+00  3.79278e-04  1.00081e+00  1.00032e+00
 6.64000e+01  1.00048e+00  3.80881e-04  1.50121e+00  3.80696e-04  1.00080e+00  1.00032e+00
 6.65000e+01  1.00048e+00  3.82283e-04  1.50120e+00  3.82100e-04  1.00080e+00  1.00032e+00
 6.66000e+01  1.00047e+00  3.83670e-04  1.50119e+00  3.83487e-04  1.00079e+00  1.00031e+00
 6.67000e+01  1.00047e+00  3.85041e-04  1.50117e+00  3.84860e-04  1.00078e+00  1.00031e+00
 6.68000e+01  1.00046e+00  3.86396e-04  1.50116e+00  3.86217e-04  1.00077e+00  1.00031e+00
 6.69000e+01  1.00046e+00  3.87736e-04  1.50115e+00  3.87558e-04  1.00076e+00  1.00030e+00
 6.70000e+01  1.00045e+00  3.89061e-04  1.50114e+00  3.88884e-04  1.00075e+00  1.00030e+00
 6.71000e+01  1.00045e+00  3.90370e-04  1.50112e+00  3.90195e-04  1.00075e+00  1.00030e+00
 6.72000e+01  1.00044e+00  3.91663e-04  1.50111e+00  3.91489e-04  1.00074e+00  1.00029e+00
 6.73000e+01  1.00044e+00  3.92940e-04  1.50110e+00  3.92768e-04  1.00073e+00  1.00029e+00
 6.74000e+01  1.00043e+00  3.94202e-04  1.50108e+00  3.94031e-04  1.00072e+00  1.00029e+00
 6.75000e+01  1.00043e+00  3.95448e-04  1.50107e+00  3.95279e-04  1.00071e+00  1.00028e+00
 6.76000e+01  1.00042e+00  3.96678e-04  1.50106e+00  3.96510e-04  1.00070e+00  1.00028e+00
 6.77000e+01  1.00042e+00  3.97892e-04  1.50104e+00  3.97726e-04  1.00069e+00  1.00028e+00
 6.78000e+01  1.00041e+00  3.99090e-04  1.50103e+00  3.98925e-04  1.00068e+00  1.00027e+00
 6.79000e+01  1.00041e+00  4.00272e-04  1.50102e+00  4.00109e-04  1.00068e+00  1.00027e+00
 6.80000e+01  1.00040e+00  4.01438e-04  1.50100e+00  4.01276e-04  1.00067e+00  1.00027e+00
 6.81000e+01  1.00040e+00  4.02587e-04  1.50099e+00  4.02428e-04  1.00066e+00  1.00026e+00
 6.82000e+01  1.00039e+00  4.03721e-04  1.50098e+00  4.03563e-04  1.00065e+00  1.00026e+00
 6.83000e+01  1.00039e+00  4.04839e-04  1.50096e+00  4.04682e-04  1.00064e+00  1.00025e+00
 6.84000e+01  1.00038e+00  4.05940e-04  1.50095e+00  4.05785e-04  1.00063e+00  1.00025e+00
 6.85000e+01  1.00037e+00  4.07025e-04  1.50094e+00  4.06872e-04  1.00062e+00  1.00025e+00
 6.86000e+01  1.00037e+00  4.08093e-04  1.50092e+00  4.07943e-04  1.00061e+00  1.00024e+00
 6.87000e+01  1.00036e+00  4.09146e-04  1.50091e+00  4.08997e-04  1.00060e+00  1.00024e+00
 6.88000e+01  1.00036e+00  4.10181e-04  1.50090e+00  4.10034e-04  1.00060e+00  1.00024e+00
 6.89000e+01  1.00035e+00  4.11201e-04  1.50088e+00  4.11056e-04  1.00059e+00  1.00023e+00
 6.90000e+01  1.00035e+00  4.12204e-04  1.50087e+00  4.12061e-04  1.00058e+00  1.00023e+00
 6.91000e+01  1.00034e+00  4.13190e-04  1.50086e+00  4.13049e-04  1.00057e+00  1.00023e+00
 6.92000e+01  1.00034e+00  4.14160e-04  1.50084e+00  4.14021e-04  1.00056e+00  1.00022e+00
 6.93000e+01  1.00033e+00  4.15114e-04  1.50083e+00  4.14976e-04  1.00055e+00  1.00022e+00
 6.94000e+01  1.00033e+00  4.16050e-04  1.50081e+00  4.15915e-04  1.00054e+00  1.00021e+00
 6.95000e+01  1.00032e+00  4.16970e-04  1.50080e+00  4.16837e-04  1.00053e+00  1.00021e+00
 6.96000e+01  1.00031e+00  4.17874e-04  1.50079e+00  4.17742e-04  1.00052e+00  1.00021e+00
 6.97000e+01  1.00031e+00  4.18761e-04  1.50077e+00  4.18631e-04  1.00051e+00  1.00020e+00
 6.98000e+01  1.00030e+00  4.19630e-04  1.50076e+00  4.19503e-04  1.00050e+00  1.00020e+00
 6.99000e+01  1.00030e+00  4.20484e-04  1.50074e+00  4.20358e-04  1.00049e+00  1.00020e+00
 7.00000e+01  1.00029e+00  4.21320e-04  1.50073e+00  4.21197e-04  1.00049e+00  1.00019e+00
 7.01000e+01  1.00029e+00  4.22140e-04  1.50072e+00  4.22019e-04  1.00048e+00  1.00019e+00
 7.02000e+01  1.00028e+00  4.22942e-04  1.50070e+00  4.22823e-04  1.00047e+00  1.00019e+00
 7.03000e+01  1.00028e+00  4.23728e-04  1.50069e+00  4.23611e-04  1.00046e+00  1.00018e+00
 7.04000e+01  1.00027e+00  4.24497e-04  1.50067e+00  4.24382e-04  1.00045e+00  1.00018e+00
 7.05000e+01  1.00026e+00  4.25249e-04  1.50066e+00  4.25136e-04  1.00044e+00  1.00017e+00
 7.06000e+01  1.00026e+00  4.25984e-04  1.50065e+00  4.25874e-04  1.00043e+00  1.00017e+00
 7.07000e+01  1.00025e+00  4.26702e-04  1.50063e+00  4.26594e-04  1.00042e+00  1.00017e+00
 7.08000e+01  1.00025e+00  4.27403e-04  1.50062e+00  4.27297e-04  1.00041e+00  1.00016e+00
 7.09000e+01  1.00024e+00  4.28086e-04  1.50060e+00  4.27983e-04  1.00040e+00  1.00016e+00
 7.10000e+01  1.00024e+00  4.28753e-04  1.50059e+00  4.28652e-04  1.00039e+00  1.00016e+00
 7.11000e+01  1.00023e+00  4.29403e-04  1.50058e+00  4.29304e-04  1.00038e+00  1.00015e+00
 7.12000e+01  1.00022e+00  4.30035e-04  1.50056e+00  4.29939e-04  1.00037e+00  1.00015e+00
 7.13000e+01  1.00022e+00  4.30651e-04  1.50055e+00  4.30557e-04  1.00036e+00  1.00014e+00
 7.14000e+01  1.00021e+00  4.31249e-04  1.50053e+00  4.31157e-04  1.00035e+00  1.00014e+00
 7.15000e+01  1.00021e+00  4.31830e-04  1.50052e+00  4.31741e-04  1.00034e+00  1.00014e+00
 7.16000e+01  1.00020e+00  4.32394e-04  1.50050e+00  4.32307e-04  1.00033e+00  1.00013e+00
 7.17000e+01  1.00020e+00  4.32941e-04  1.50049e+00  4.32856e-04  1.00032e+00  1.00013e+00
 7.18000e+01  1.00019e+00  4.33470e-04  1.50047e+00  4.33388e-04  1.00032e+00  1.00013e+00
 7.19000e+01  1.00018e+00  4.33983e-04  1.50046e+00  4.33903e-04  1.00031e+00  1.00012e+00
 7.20000e+01  1.00018e+00  4.34478e-04  1.50045e+00  4.34400e-04  1.00030e+00  1.00012e+00
 7.21000e+01  1.00017e+00  4.34955e-04  1.50043e+00  4.34880e-04  1.00029e+00  1.00011e+00
 7.22000e+01  1.00017e+00  4.35416e-04  1.50042e+00  4.35343e-04  1.00028e+00  1.00011e+00
 7.23000e+01  1.00016e+00  4.35859e-04  1.50040e+00  4.35789e-04  1.00027e+00  1.00011e+00
 7.24000e+01  1.00016e+00  4.36284e-04  1.50039e+00  4.36217e-04  1.00026e+00  1.00010e+00
 7.25000e+01  1.00015e+00  4.36693e-04  1.50037e+00  4.36628e-04  1.00025e+00  1.00010e+00
 7.26000e+01  1.00014e+00  4.37084e-04  1.50036e+00  4.37021e-04  1.00024e+00  1.00009e+00
 7.27000e+01  1.00014e+00  4.37458e-04  1.50034e+00  4.37397e-04  1.00023e+00  1.00009e+00
 7.28000e+01  1.00013e+00  4.37814e-04  1.50033e+00  4.37756e-04  1.00022e+00  1.00009e+00
 7.29000e+01  1.00013e+00  4.38153e-04  1.50031e+00  4.38098e-04  1.00021e+00  1.00008e+00
 7.30000e+01  1.00012e+00  4.38474e-04  1.50030e+00  4.38422e-04  1.00020e+00  1.00008e+00
 7.31000e+01  1.00011e+00  4.38779e-04  1.50029e+00  4.38728e-04  1.00019e+00  1.00008e+00
 7.32000e+01  1.00011e+00  4.39065e-04  1.50027e+00  4.39018e-04  1.00018e+00  1.00007e+00
 7.33000e+01  1.00010e+00  4.39335e-04  1.50026e+00  4.39290e-04  1.00017e+00  1.00007e+00
 7.34000e+01  1.00010e+00  4.39587e-04  1.50024e+00  4.39544e-04  1.00016e+00  1.00006e+00
 7.35000e+01  1.00009e+00  4.39821e-04  1.50023e+00  4.39781e-04  1.00015e+00  1.00006e+00
 7.36000e+01  1.00008e+00  4.40038e-04  1.50021e+00  4.40001e-04  1.00014e+00  1.00006e+00
 7.37000e+01  1.00008e+00  4.40238e-04  1.50020e+00  4.40203e-04  1.00013e+00  1.00005e+00
 7.38000e+01  1.00007e+00  4.40420e-04  1.50018e+00  4.40388e-04  1.00012e+00  1.00005e+00
 7.39000e+01  1.00007e+00  4.40585e-04  1.50017e+00  4.40555e-04  1.00011e+00  1.00004e+00
 7.40000e+01  1.00006e+00  4.40732e-04  1.50015e+00  4.40705e-04  1.00010e+00  1.00004e+00
 7.41000e+01  1.00006e+00  4.40862e-04  1.50014e+00  4.40837e-04  1.00009e+00  1.00004e+00
 7.42000e+01  1.00005e+00  4.40974e-04  1.50012e+00  4.40952e-04  1.00008e+00  1.00003e+00
 7.43000e+01  1.00004e+00  4.41069e-04  1.50011e+00  4.41050e-04  1.00007e+00  1.00003e+00
 7.44000e+01  1.00004e+00  4.41146e-04  1.50009e+00  4.41130e-04  1.00006e+00  1.00002e+00
 7.45000e+01  1.00003e+00  4.41207e-04  1.50008e+00  4.41193e-04  1.00005e+00  1.00002e+00
 7.46000e+01  1.00003e+00  4.41249e-04  1.50006e+00  4.41238e-04  1.00004e+00  1.00002e+00
 7.47000e+01  1.00002e+00  4.41274e-04  1.50005e+00  4.41265e-04  1.00003e+00  1.00001e+00
 7.48000e+01  1.00001e+00  4.41282e-04  1.50004e+00  4.41276e-04  1.00002e+00  1.00001e+00
 7.49000e+01  1.00001e+00  4.41272e-04  1.50002e+00  4.41269e-04  1.00001e+00  1.00001e+00
 7.50000e+01  1.00000e+00  4.41245e-04  1.50001e+00  4.41244e-04  1.00000e+00  1.00000e+00
 7.51000e+01  9.99996e-01  4.41201e-04  1.49999e+00  4.41202e-04  9.99994e-01  9.99998e-01
 7.52000e+01  9.99990e-01  4.41139e-04  1.49998e+00  4.41143e-04  9.99984e-01  9.99994e-01
 7.53000e+01  9.99985e-01  4.41059e-04  1.49996e+00  4.41066e-04  9.99974e-01  9.99990e-01
 7.54000e+01  9.99979e-01  4.40962e-04  1.49995e+00  4.40972e-04  9.99964e-01  9.99986e-01
 7.55000e+01  9.99973e-01  4.40848e-04  1.49993e+00  4.40860e-04  9.99955e-01  9.99982e-01
 7.56000e+01  9.99967e-01  4.40716e-04  1.49992e+00  4.40731e-04  9.99945e-01  9.99978e-01
 7.57000e+01  9.99961e-01  4.40567e-04  1.49990e+00  4.40585e-04  9.99935e-01  9.99974e-01
 7.58000e+01  9.99955e-01  4.40401e-04  1.49989e+00  4.40421e-04  9.99925e-01  9.99970e-01
 7.59000e+01  9.99949e-01  4.40217e-04  1.49987e+00  4.40240e-04  9.99915e-01  9.99966e-01
 7.60000e+01  9.99943e-01  4.40016e-04  1.49986e+00  4.40041e-04  9.99906e-01  9.99962e-01
 7.61000e+01  9.99937e-01  4.39798e-04  1.49984e+00  4.39826e-04  9.99896e-01  9.99959e-01
 7.62000e+01  9.99931e-01  4.39562e-04  1.49983e+00  4.39592e-04  9.99886e-01  9.99955e-01
 7.63000e+01  9.99925e-01  4.39309e-04  1.49981e+00  4.39342e-04  9.99876e-01  9.99951e-01
 7.64000e+01  9.99920e-01  4.39039e-04  1.49980e+00  4.39074e-04  9.99866e-01  9.99947e-01
 7.65000e+01  9.99914e-01  4.38751e-04  1.49978e+00  4.38789e-04  9.99857e-01  9.99943e-01
 7.66000e+01  9.99908e-01  4.38446e-04  1.49977e+00  4.38487e-04  9.99847e-01  9.99939e-01
 7.67000e+01  9.99902e-01  4.38124e-04  1.49975e+00  4.38167e-04  9.99837e-01  9.99935e-01
 7.68000e+01  9.99896e-01  4.37785e-04  1.49974e+00  4.37831e-04  9.99827e-01  9.99931e-01
 7.69000e+01  9.99890e-01  4.37429e-04  1.49973e+00  4.37477e-04  9.99818e-01  9.99927e-01
 7.70000e+01  9.99884e-01  4.37055e-04  1.49971e+00  4.37105e-04  9.99808e-01  9.99924e-01
 7.71000e+01  9.99878e-01  4.36664e-04  1.49970e+00  4.36717e-04  9.99798e-01  9.99920e-01
 7.72000e+01  9.99873e-01  4.36256e-04  1.49968e+00  4.36311e-04  9.99788e-01  9.99916e-01
 7.73000e+01  9.99867e-01  4.35831e-04  1.49967e+00  4.35889e-04  9.99779e-01  9.99912e-01
 7.74000e+01  9.99861e-01  4.35388e-04  1.49965e+00  4.35449e-04  9.99769e-01  9.99908e-01
 7.75000e+01  9.99855e-01  4.34929e-04  1.49964e+00  4.34992e-04  9.99759e-01  9.99904e-01
 7.76000e+01  9.99849e-01  4.34452e-04  1.49962e+00  4.34518e-04  9.99750e-01  9.99900e-01
 7.77000e+01  9.99843e-01  4.33959e-04  1.49961e+00  4.34027e-04  9.99740e-01  9.99897e-01
 7.78000e+01  9.99838e-01  4.33448e-04  1.49959e+00  4.33519e-04  9.99730e-01  9.99893e-01
 7.79000e+01  9.99832e-01  4.32921e-04  1.49958e+00  4.32994e-04  9.99721e-01  9.99889e-01
 7.80000e+01  9.99826e-01  4.32376e-04  1.49956e+00  4.32451e-04  9.99711e-01  9.99885e-01
 7.81000e+01  9.99820e-01  4.31815e-04  1.49955e+00  4.31892e-04  9.99701e-01  9.99881e-01
 7.82000e+01  9.99814e-01  4.31236e-04  1.49954e+00  4.31316e-04  9.99692e-01  9.99877e-01
 7.83000e+01  9.99808e-01  4.30641e-04  1.49952e+00  4.30723e-04  9.99682e-01  9.99874e-01
 7.84000e+01  9.99803e-01  4.30029e-04  1.49951e+00  4.30114e-04  9.99672e-01  9.99870e-01
 7.85000e+01  9.99797e-01  4.29400e-04  1.49949e+00  4.29487e-04  9.99663e-01  9.99866e-01
 7.86000e+01  9.99791e-01  4.28754e-04  1.49948e+00  4.28844e-04  9.99653e-01  9.99862e-01
 7.87000e+01  9.99785e-01  4.28091e-04  1.49946e+00  4.28183e-04  9.99644e-01  9.99858e-01
 7.88000e+01  9.99780e-01  4.27412e-04  1.49945e+00  4.27506e-04  9.99634e-01  9.99854e-01
 7.89000e+01  9.99774e-01  4.26716e-04  1.49943e+00  4.26812e-04  9.99625e-01  9.99851e-01
 7.90000e+01  9.99768e-01  4.26003e-04  1.49942e+00  4.26102e-04  9.99615e-01  9.99847e-01
 7.91000e+01  9.99762e-01  4.25274e-04  1.49941e+00  4.25375e-04  9.99606e-01  9.99843e-01
 7.92000e+01  9.99757e-01  4.24528e-04  1.49939e+00  4.24631e-04  9.99596e-01  9.99839e-01
 7.93000e+01  9.99751e-01  4.23765e-04  1.49938e+00  4.23870e-04  9.99587e-01  9.99836e-01
 7.94000e+01  9.99745e-01  4.22986e-04  1.49936e+00  4.23093e-04  9.99577e-01  9.99832e-01
 7.95000e+01  9.99740e-01  4.22190e-04  1.49935e+00  4.22300e-04  9.99568e-01  9.99828e-01
 7.96000e+01  9.99734e-01  4.21378e-04  1.49933e+00  4.21490e-04  9.99558e-01  9.99824e-01
 7.97000e+01  9.99728e-01  4.20549e-04  1.49932e+00  4.20663e-04  9.99549e-01  9.99821e-01
 7.98000e+01  9.99723e-01  4.19704e-04  1.49931e+00  4.19820e-04  9.99539e-01  9.99817e-01
 7.99000e+01  9.99717e-01  4.18842e-04  1.49929e+00  4.18961e-04  9.99530e-01  9.99813e-01
 8.00000e+01  9.99711e-01  4.17965e-04  1.49928e+00  4.18085e-04  9.99521e-01  9.99809e-01
 8.01000e+01  9.99706e-01  4.17070e-04  1.49926e+00  4.17193e-04  9.99511e-01  9.99806e-01
 8.02000e+01  9.99700e-01  4.16160e-04  1.49925e+00  4.16285e-04  9.99502e-01  9.99802e-01
 8.03000e+01  9.99694e-01  4.15233e-04  1.49924e+00  4.15360e-04  9.99493e-01  9.99798e-01
 8.04000e+01  9.99689e-01  4.14291e-04  1.49922e+00  4.14420e-04  9.99483e-01  9.99795e-01
 8.05000e+01  9.99683e-01  4.13332e-04  1.49921e+00  4.13463e-04  9.99474e-01  9.99791e-01
 8.06000e+01  9.99678e-01  4.12357e-04  1.49919e+00  4.12490e-04  9.99465e-01  9.99787e-01
 8.07000e+01  9.99672e-01  4.11365e-04  1.49918e+00  4.11500e-04  9.99456e-01  9.99784e-01
 8.08000e+01  9.99667e-01  4.10358e-04  1.49917e+00  4.10495e-04  9.99446e-01  9.99780e-01
 8.09000e+01  9.99661e-01  4.09335e-04  1.49915e+00  4.09474e-04  9.99437e-01  9.99776e-01
 8.10000e+01  9.99655e-01  4.08296e-04  1.49914e+00  4.08437e-04  9.99428e-01  9.99773e-01
 8.11000e+01  9.99650e-01  4.07241e-04  1.49913e+00  4.07384e-04  9.99419e-01  9.99769e-01
 8.12000e+01  9.99645e-01  4.06170e-04  1.49911e+00  4.06315e-04  9.99410e-01  9.99765e-01
 8.13000e+01  9.99639e-01  4.05084e-04  1.49910e+00  4.05230e-04  9.99401e-01  9.99762e-01
 8.14000e+01  9.99634e-01  4.03981e-04  1.49908e+00  4.04129e-04  9.99392e-01  9.99758e-01
 8.15000e+01  9.99628e-01  4.02863e-04  1.49907e+00  4.03013e-04  9.99383e-01  9.99754e-01
 8.16000e+01  9.99623e-01  4.01730e-04  1.49906e+00  4.01881e-04  9.99374e-01  9.99751e-01
 8.17000e+01  9.99617e-01  4.00580e-04  1.49904e+00  4.00734e-04  9.99365e-01  9.99747e-01
 8.18000e+01  9.99612e-01  3.99415e-04  1.49903e+00  3.99570e-04  9.99356e-01  9.99744e-01
 8.19000e+01  9.99606e-01  3.98235e-04  1.49902e+00  3.98392e-04  9.99347e-01  9.99740e-01
 8.20000e+01  9.99601e-01  3.97039e-04  1.49900e+00  3.97198e-04  9.99338e-01  9.99737e-01
 8.21000e+01  9.99596e-01  3.95828e-04  1.49899e+00  3.95988e-04  9.99329e-01  9.99733e-01
 8.22000e+01  9.99590e-01  3.94601e-04  1.49898e+00  3.94763e-04  9.99320e-01  9.99730e-01
 8.23000e+01  9.99585e-01  3.93359e-04  1.49896e+00  3.93522e-04  9.99311e-01  9.99726e-01
 8.24000e+01  9.99580e-01  3.92102e-04  1.49895e+00  3.92267e-04  9.99302e-01  9.99723e-01
 8.25000e+01  9.99574e-01  3.90829e-04  1.49894e+00  3.90996e-04  9.99294e-01  9.99719e-01
 8.26000e+01  9.99569e-01  3.89542e-04  1.49892e+00  3.89710e-04  9.99285e-01  9.99716e-01
 8.27000e+01  9.99564e-01  3.88239e-04  1.49891e+00  3.88409e-04  9.99276e-01  9.99712e-01
 8.28000e+01  9.99559e-01  3.86921e-04  1.49890e+00  3.87092e-04  9.99267e-01  9.99709e-01
 8.29000e+01  9.99553e-01  3.85589e-04  1.49888e+00  3.85761e-04  9.99259e-01  9.99705e-01
 8.30000e+01  9.99548e-01  3.84241e-04  1.49887e+00  3.84415e-04  9.99250e-01  9.99702e-01
 8.31000e+01  9.99543e-01  3.82878e-04  1.49886e+00  3.83053e-04  9.99241e-01  9.99698e-01
 8.32000e+01  9.99538e-01  3.81501e-04  1.49884e+00  3.81677e-04  9.99233e-01  9.99695e-01
 8.33000e+01  9.99533e-01  3.80109e-04  1.49883e+00  3.80287e-04  9.99224e-01  9.99691e-01
 8.34000e+01  9.99528e-01  3.78702e-04  1.49882e+00  3.78881e-04  9.99216e-01  9.99688e-01
 8.35000e+01  9.99522e-01  3.77280e-04  1.49881e+00  3.77461e-04  9.99207e-01  9.99685e-01
 8.36000e+01  9.99517e-01  3.75844e-04  1.49879e+00  3.76026e-04  9.99199e-01  9.99681e-01
 8.37000e+01  9.99512e-01  3.74394e-04  1.49878e+00  3.74576e-04  9.99190e-01  9.99678e-01
 8.38000e+01  9.99507e-01  3.72928e-04  1.49877e+00  3.73112e-04  9.99182e-01  9.99675e-01
 8.39000e+01  9.99502e-01  3.71449e-04  1.49876e+00  3.71634e-04  9.99174e-01  9.99671e-01
 8.40000e+01  9.99497e-01  3.69955e-04  1.49874e+00  3.70141e-04  9.99165e-01  9.99668e-01
 8.41000e+01  9.99492e-01  3.68447e-04  1.49873e+00  3.68634e-04  9.99157e-01  9.99665e-01
 8.42000e+01  9.99487e-01  3.66924e-04  1.49872e+00  3.67113e-04  9.99149e-01  9.99661e-01
 8.43000e+01  9.99482e-01  3.65388e-04  1.49871e+00  3.65577e-04  9.99141e-01  9.99658e-01
 8.44000e+01  9.99477e-01  3.63837e-04  1.49869e+00  3.64027e-04  9.99132e-01  9.99655e-01
 8.45000e+01  9.99472e-01  3.62272e-04  1.49868e+00  3.62463e-04  9.99124e-01  9.99652e-01
 8.46000e+01  9.99467e-01  3.60693e-04  1.49867e+00  3.60885e-04  9.99116e-01  9.99648e-01
 8.47000e+01  9.99463e-01  3.59100e-04  1.49866e+00  3.59294e-04  9.99108e-01  9.99645e-01
 8.48000e+01  9.99458e-01  3.57494e-04  1.49864e+00  3.57688e-04  9.99100e-01  9.99642e-01
 8.49000e+01  9.99453e-01  3.55874e-04  1.49863e+00  3.56068e-04  9.99092e-01  9.99639e-01
 8.50000e+01  9.99448e-01  3.54239e-04  1.49862e+00  3.54435e-04  9.99084e-01  9.99636e-01
 8.51000e+01  9.99443e-01  3.52592e-04  1.49861e+00  3.52788e-04  9.99076e-01  9.99632e-01
 8.52000e+01  9.99438e-01  3.50930e-04  1.49860e+00  3.51128e-04  9.99068e-01  9.99629e-01
 8.53000e+01  9.99434e-01  3.49255e-04  1.49858e+00  3.49453e-04  9.99060e-01  9.99626e-01
 8.54000e+01  9.99429e-01  3.47567e-04  1.49857e+00  3.47766e-04  9.99052e-01  9.99623e-01
 8.55000e+01  9.99424e-01  3.45865e-04  1.49856e+00  3.46065e-04  9.99044e-01  9.99620e-01
 8.56000e+01  9.99420e-01  3.44150e-04  1.49855e+00  3.44350e-04  9.99037e-01  9.99617e-01
 8.57000e+01  9.99415e-01  3.42422e-04  1.49854e+00  3.42622e-04  9.99029e-01  9.99614e-01
 8.58000e+01  9.99410e-01  3.40680e-04  1.49853e+00  3.40882e-04  9.99021e-01  9.99611e-01
 8.59000e+01  9.99406e-01  3.38926e-04  1.49851e+00  3.39127e-04  9.99014e-01  9.99608e-01
 8.60000e+01  9.99401e-01  3.37158e-04  1.49850e+00  3.37360e-04  9.99006e-01  9.99605e-01
 8.61000e+01  9.99397e-01  3.35378e-04  1.49849e+00  3.35580e-04  9.98998e-01  9.99602e-01
 8.62000e+01  9.99392e-01  3.33584e-04  1.49848e+00  3.33787e-04  9.98991e-01  9.99599e-01
 8.63000e+01  9.99387e-01  3.31778e-04  1.49847e+00  3.31981e-04  9.98983e-01  9.99596e-01
 8.64000e+01  9.99383e-01  3.29959e-04  1.49846e+00  3.30162e-04  9.98976e-01  9.99593e-01
 8.65000e+01  9.99378e-01  3.28127e-04  1.49845e+00  3.28331e-04  9.98968e-01  9.99590e-01
 8.66000e+01  9.99374e-01  3.26282e-04  1.49844e+00  3.26487e-04  9.98961e-01  9.99587e-01
 8.67000e+01  9.99370e-01  3.24425e-04  1.49842e+00  3.24630e-04  9.98954e-01  9.99584e-01
 8.68000e+01  9.99365e-01  3.22556e-04  1.49841e+00  3.22761e-04  9.98946e-01  9.99581e-01
 8.69000e+01  9.99361e-01  3.20674e-04  1.49840e+00  3.20879e-04  9.98939e-01  9.99578e-01
 8.70000e+01  9.99356e-01  3.18780e-04  1.49839e+00  3.18985e-04  9.98932e-01  9.99575e-01
 8.71000e+01  9.99352e-01  3.16873e-04  1.49838e+00  3.17079e-04  9.98925e-01  9.99572e-01
 8.72000e+01  9.99348e-01  3.14955e-04  1.49837e+00  3.15160e-04  9.98918e-01  9.99569e-01
 8.73000e+01  9.99344e-01  3.13024e-04  1.49836e+00  3.13230e-04  9.98911e-01  9.99567e-01
 8.74000e+01  9.99339e-01  3.11081e-04  1.49835e+00  3.11287e-04  9.98904e-01  9.99564e-01
 8.75000e+01  9.99335e-01  3.09127e-04  1.49834e+00  3.09333e-04  9.98897e-01  9.99561e-01
 8.76000e+01  9.99331e-01  3.07160e-04  1.49833e+00  3.07366e-04  9.98890e-01  9.99558e-01
 8.77000e+01  9.99327e-01  3.05182e-04  1.49832e+00  3.05388e-04  9.98883e-01  9.99556e-01
 8.78000e+01  9.99323e-01  3.03192e-04  1.49831e+00  3.03398e-04  9.98876e-01  9.99553e-01
 8.79000e+01  9.99319e-01  3.01191e-04  1.49830e+00  3.01396e-04  9.98869e-01  9.99550e-01
 8.80000e+01  9.99314e-01  2.99177e-04  1.49829e+00  2.99383e-04  9.98862e-01  9.99547e-01
 8.81000e+01  9.99310e-01  2.97153e-04  1.49828e+00  2.97358e-04  9.98855e-01  9.99545e-01
 8.82000e+01  9.99306e-01  2.95117e-04  1.49827e+00  2.95322e-04  9.98849e-01  9.99542e-01
 8.83000e+01  9.99302e-01  2.93069e-04  1.49826e+00  2.93274e-04  9.98842e-01  9.99539e-01
 8.84000e+01  9.99298e-01  2.91011e-04  1.49825e+00  2.91215e-04  9.98835e-01  9.99537e-01
 8.85000e+01  9.99294e-01  2.88941e-04  1.49824e+00  2.89145e-04  9.98829e-01  9.99534e-01
 8.86000e+01  9.99290e-01  2.86860e-04  1.49823e+00  2.87064e-04  9.98822e-01  9.99532e-01
 8.87000e+01  9.99287e-01  2.84769e-04  1.49822e+00  2.84972e-04  9.98816e-01  9.99529e-01
 8.88000e+01  9.99283e-01  2.82666e-04  1.49821e+00  2.82869e-04  9.98810e-01  9.99526e-01
 8.89000e+01  9.99279e-01  2.80553e-04  1.49820e+00  2.80755e-04  9.98803e-01  9.99524e-01
 8.90000e+01  9.99275e-01  2.78428e-04  1.49819e+00  2.78630e-04  9.98797e-01  9.99521e-01
 8.91000e+01  9.99271e-01  2.76293e-04  1.49818e+00  2.76495e-04  9.98791e-01  9.99519e-01
 8.92000e+01  9.99268e-01  2.74148e-04  1.49817e+00  2.74349e-04  9.98784e-01  9.99516e-01
 8.93000e+01  9.99264e-01  2.71992e-04  1.49816e+00  2.72192e-04  9.98778e-01  9.99514e-01
 8.94000e+01  9.99260e-01  2.69826e-04  1.49815e+00  2.70026e-04  9.98772e-01  9.99512e-01
 8.95000e+01  9.99256e-01  2.67649e-04  1.49814e+00  2.67848e-04  9.98766e-01  9.99509e-01
 8.96000e+01  9.99253e-01  2.65462e-04  1.49813e+00  2.65661e-04  9.98760e-01  9.99507e-01
 8.97000e+01  9.99249e-01  2.63265e-04  1.49812e+00  2.63463e-04  9.98754e-01  9.99504e-01
 8.98000e+01  9.99246e-01  2.61058e-04  1.49811e+00  2.61255e-04  9.98748e-01  9.99502e-01
 8.99000e+01  9.99242e-01  2.58841e-04  1.49811e+00  2.59037e-04  9.98742e-01  9.99500e-01
 9.00000e+01  9.99239e-01  2.56614e-04  1.49810e+00  2.56810e-04  9.98736e-01  9.99497e-01
 9.01000e+01  9.99235e-01  2.54377e-04  1.49809e+00  2.54572e-04  9.98731e-01  9.99495e-01
 9.02000e+01  9.99232e-01  2.52131e-04  1.49808e+00  2.52325e-04  9.98725e-01  9.99493e-01
 9.03000e+01  9.99228e-01  2.49875e-04  1.49807e+00  2.50068e-04  9.98719e-01  9.99491e-01
 9.04000e+01  9.99225e-01  2.47609e-04  1.49806e+00  2.47801e-04  9.98714e-01  9.99488e-01
 9.05000e+01  9.99221e-01  2.45334e-04  1.49805e+00  2.45525e-04  9.98708e-01  9.99486e-01
 9.06000e+01  9.99218e-01  2.43050e-04  1.49805e+00  2.43240e-04  9.98702e-01  9.99484e-01
 9.07000e+01  9.99215e-01  2.40756e-04  1.49804e+00  2.40945e-04  9.98697e-01  9.99482e-01
 9.08000e+01  9.99212e-01  2.38453e-04  1.49803e+00  2.38641e-04  9.98692e-01  9.99480e-01
 9.09000e+01  9.99208e-01  2.36141e-04  1.49802e+00  2.36328e-04  9.98686e-01  9.99477e-01
 9.10000e+01  9.99205e-01  2.33820e-04  1.49801e+00  2.34006e-04  9.98681e-01  9.99475e-01
 9.11000e+01  9.99202e-01  2.31490e-04  1.49801e+00  2.31675e-04  9.98676e-01  9.99473e-01
 9.12000e+01  9.99199e-01  2.29151e-04  1.49800e+00  2.29335e-04  9.98670e-01  9.99471e-01
 9.13000e+01  9.99196e-01  2.26804e-04  1.49799e+00  2.26986e-04  9.98665e-01  9.99469e-01
 9.14000e+01  9.99193e-01  2.24447e-04  1.49798e+00  2.24629e-04  9.98660e-01  9.99467e-01
 9.15000e+01  9.99190e-01  2.22083e-04  1.49797e+00  2.22263e-04  9.98655e-01  9.99465e-01
 9.16000e+01  9.99187e-01  2.19710e-04  1.49797e+00  2.19888e-04  9.98650e-01  9.99463e-01
 9.17000e+01  9.99184e-01  2.17328e-04  1.49796e+00  2.17506e-04  9.98645e-01  9.99461e-01
 9.18000e+01  9.99181e-01  2.14938e-04  1.49795e+00  2.15114e-04  9.98640e-01  9.99459e-01
 9.19000e+01  9.99178e-01  2.12540e-04  1.49794e+00  2.12715e-04  9.98635e-01  9.99457e-01
 9.20000e+01  9.99175e-01  2.10134e-04  1.49794e+00  2.10307e-04  9.98631e-01  9.99455e-01
 9.21000e+01  9.99172e-01  2.07720e-04  1.49793e+00  2.07892e-04  9.98626e-01  9.99453e-01
 9.22000e+01  9.99169e-01  2.05298e-04  1.49792e+00  2.05468e-04  9.98621e-01  9.99452e-01
 9.23000e+01  9.99166e-01  2.02868e-04  1.49792e+00  2.03037e-04  9.98617e-01  9.99450e-01
 9.24000e+01  9.99164e-01  2.00430e-04  1.49791e+00  2.00598e-04  9.98612e-01  9.99448e-01
 9.25000e+01  9.99161e-01  1.97985e-04  1.49790e+00  1.98151e-04  9.98607e-01  9.99446e-01
 9.26000e+01  9.99158e-01  1.95532e-04  1.49790e+00  1.95697e-04  9.98603e-01  9.99444e-01
 9.27000e+01  9.99156e-01  1.93072e-04  1.49789e+00  1.93235e-04  9.98599e-01  9.99443e-01
 9.28000e+01  9.99153e-01  1.90605e-04  1.49788e+00  1.90766e-04  9.98594e-01  9.99441e-01
 9.29000e+01  9.99150e-01  1.88130e-04  1.49788e+00  1.88290e-04  9.98590e-01  9.99439e-01
 9.30000e+01  9.99148e-01  1.85648e-04  1.49787e+00  1.85806e-04  9.98586e-01  9.99437e-01
 9.31000e+01  9.99145e-01  1.83159e-04  1.49786e+00  1.83315e-04  9.98582e-01  9.99436e-01
 9.32000e+01  9.99143e-01  1.80663e-04  1.49786e+00  1.80818e-04  9.98577e-01  9.99434e-01
 9.33000e+01  9.99140e-01  1.78160e-04  1.49785e+00  1.78313e-04  9.98573e-01  9.99432e-01
 9.34000e+01  9.99138e-01  1.75650e-04  1.49785e+00  1.75802e-04  9.98569e-01  9.99431e-01
 9.35000e+01  9.99136e-01  1.73134e-04  1.49784e+00  1.73284e-04  9.98565e-01  9.99429e-01
 9.36000e+01  9.99133e-01  1.70611e-04  1.49783e+00  1.70759e-04  9.98561e-01  9.99428e-01
 9.37000e+01  9.99131e-01  1.68082e-04  1.49783e+00  1.68228e-04  9.98558e-01  9.99426e-01
 9.38000e+01  9.99129e-01  1.65546e-04  1.49782e+00  1.65690e-04  9.98554e-01  9.99425e-01
 9.39000e+01  9.99126e-01  1.63004e-04  1.49782e+00  1.63146e-04  9.98550e-01  9.99423e-01
 9.40000e+01  9.99124e-01  1.60456e-04  1.49781e+00  1.60596e-04  9.98546e-01  9.99422e-01
 9.41000e+01  9.99122e-01  1.57901e-04  1.49781e+00  1.58040e-04  9.98543e-01  9.99420e-01
 9.42000e+01  9.99120e-01  1.55341e-04  1.49780e+00  1.55478e-04  9.98539e-01  9.99419e-01
 9.43000e+01  9.99118e-01  1.52775e-04  1.49779e+00  1.52909e-04  9.98536e-01  9.99418e-01
 9.44000e+01  9.99116e-01  1.50202e-04  1.49779e+00  1.50335e-04  9.98532e-01  9.99416e-01
 9.45000e+01  9.99114e-01  1.47625e-04  1.49778e+00  1.47756e-04  9.98529e-01  9.99415e-01
 9.46000e+01  9.99112e-01  1.45041e-04  1.49778e+00  1.45170e-04  9.98526e-01  9.99414e-01
 9.47000e+01  9.99110e-01  1.42452e-04  1.49777e+00  1.42579e-04  9.98522e-01  9.99412e-01
 9.48000e+01  9.99108e-01  1.39858e-04  1.49777e+00  1.39983e-04  9.98519e-01  9.99411e-01
 9.49000e+01  9.99106e-01  1.37259e-04  1.49777e+00  1.37381e-04  9.98516e-01  9.99410e-01
 9.50000e+01  9.99104e-01  1.34654e-04  1.49776e+00  1.34774e-04  9.98513e-01  9.99408e-01
 9.51000e+01  9.99102e-01  1.32044e-04  1.49776e+00  1.32162e-04  9.98510e-01  9.99407e-01
 9.52000e+01  9.99100e-01  1.29429e-04  1.49775e+00  1.29545e-04  9.98507e-01  9.99406e-01
 9.53000e+01  9.99099e-01  1.26809e-04  1.49775e+00  1.26923e-04  9.98504e-01  9.99405e-01
 9.54000e+01  9.99097e-01  1.24184e-04  1.49774e+00  1.24297e-04  9.98501e-01  9.99404e-01
 9.55000e+01  9.99095e-01  1.21555e-04  1.49774e+00  1.21665e-04  9.98498e-01  9.99403e-01
 9.56000e+01  9.99094e-01  1.18921e-04  1.49773e+00  1.19029e-04  9.98496e-01  9.99402e-01
 9.57000e+01  9.99092e-01  1.16282e-04  1.49773e+00  1.16388e-04  9.98493e-01  9.99401e-01
 9.58000e+01  9.99090e-01  1.13639e-04  1.49773e+00  1.13743e-04  9.98490e-01  9.99399e-01
 9.59000e+01  9.99089e-01  1.10992e-04  1.49772e+00  1.11093e-04  9.98488e-01  9.99398e-01
 9.60000e+01  9.99087e-01  1.08341e-04  1.49772e+00  1.08440e-04  9.98485e-01  9.99397e-01
 9.61000e+01  9.99086e-01  1.05685e-04  1.49772e+00  1.05782e-04  9.98483e-01  9.99397e-01
 9.62000e+01  9.99084e-01  1.03026e-04  1.49771e+00  1.03120e-04  9.98481e-01  9.99396e-01
 9.63000e+01  9.99083e-01  1.00362e-04  1.49771e+00  1.00454e-04  9.98478e-01  9.99395e-01
 9.64000e+01  9.99082e-01  9.76949e-05  1.49770e+00  9.77847e-05  9.98476e-01  9.99394e-01
 9.65000e+01  9.99080e-01  9.50239e-05  1.49770e+00  9.51113e-05  9.98474e-01  9.99393e-01
 9.66000e+01  9.99079e-01  9.23493e-05  1.49770e+00  9.24344e-05  9.98472e-01  9.99392e-01
 9.67000e+01  9.99078e-01  8.96712e-05  1.49770e+00  8.97539e-05  9.98470e-01  9.99391e-01
 9.68000e+01  9.99077e-01  8.69897e-05  1.49769e+00  8.70701e-05  9.98468e-01  9.99390e-01
 9.69000e+01  9.99075e-01  8.43049e-05  1.49769e+00  8.43829e-05  9.98466e-01  9.99390e-01
 9.70000e+01  9.99074e-01  8.16169e-05  1.49769e+00  8.16925e-05  9.98464e-01  9.99389e-01
 9.71000e+01  9.99073e-01  7.89258e-05  1.49768e+00  7.89990e-05  9.98462e-01  9.99388e-01
 9.72000e+01  9.99072e-01  7.62317e-05  1.49768e+00  7.63025e-05  9.98460e-01  9.99387e-01
 9.73000e+01  9.99071e-01  7.35347e-05  1.49768e+00  7.36031e-05  9.98458e-01  9.99387e-01
 9.74000e+01  9.99070e-01  7.08350e-05  1.49768e+00  7.09009e-05  9.98457e-01  9.99386e-01
 9.75000e+01  9.99069e-01  6.81325e-05  1.49767e+00  6.81960e-05  9.98455e-01  9.99386e-01
 9.76000e+01  9.99068e-01  6.54275e-05  1.49767e+00  6.54885e-05  9.98454e-01  9.99385e-01
 9.77000e+01  9.99067e-01  6.27200e-05  1.49767e+00  6.27786e-05  9.98452e-01  9.99384e-01
 9.78000e+01  9.99067e-01  6.00101e-05  1.49767e+00  6.00662e-05  9.98451e-01  9.99384e-01
 9.79000e+01  9.99066e-01  5.72980e-05  1.49767e+00  5.73516e-05  9.98450e-01  9.99383e-01
 9.80000e+01  9.99065e-01  5.45837e-05  1.49766e+00  5.46347e-05  9.98448e-01  9.99383e-01
 9.81000e+01  9.99064e-01  5.18673e-05  1.49766e+00  5.19158e-05  9.98447e-01  9.99382e-01
 9.82000e+01  9.99064e-01  4.91489e-05  1.49766e+00  4.91950e-05  9.98446e-01  9.99382e-01
 9.83000e+01  9.99063e-01  4.64287e-05  1.49766e+00  4.64722e-05  9.98445e-01  9.99381e-01
 9.84000e+01  9.99062e-01  4.37067e-05  1.49766e+00  4.37477e-05  9.98444e-01  9.99381e-01
 9.85000e+01  9.99062e-01  4.09830e-05  1.49765e+00  4.10215e-05  9.98443e-01  9.99381e-01
 9.86000e+01  9.99061e-01  3.82578e-05  1.49765e+00  3.82938e-05  9.98442e-01  9.99380e-01
 9.87000e+01  9.99061e-01  3.55312e-05  1.49765e+00  3.55646e-05  9.98441e-01  9.99380e-01
 9.88000e+01  9.99060e-01  3.28032e-05  1.49765e+00  3.28341e-05  9.98440e-01  9.99380e-01
 9.89000e+01  9.99060e-01  3.00740e-05  1.49765e+00  3.01023e-05  9.98440e-01  9.99379e-01
 9.90000e+01  9.99059e-01  2.73436e-05  1.49765e+00  2.73694e-05  9.98439e-01  9.99379e-01
 9.91000e+01  9.99059e-01  2.46122e-05  1.49765e+00  2.46354e-05  9.98438e-01  9.99379e-01
 9.92000e+01  9.99059e-01  2.18799e-05  1.49765e+00  2.19005e-05  9.98438e-01  9.99379e-01
 9.93000e+01  9.99058e-01  1.91467e-05  1.49765e+00  1.91647e-05  9.98437e-01  9.99378e-01
 9.94000e+01  9.99058e-01  1.64128e-05  1.49765e+00  1.64283e-05  9.98437e-01  9.99378e-01
 9.95000e+01  9.99058e-01  1.36783e-05  1.49765e+00  1.36912e-05  9.98437e-01  9.99378e-01
 9.96000e+01  9.99058e-01  1.09432e-05  1.49765e+00  1.09536e-05  9.98436e-01  9.99378e-01
 9.97000e+01  9.99058e-01  8.20780e-06  1.49764e+00  8.21554e-06  9.98436e-01  9.99378e-01
 9.98000e+01  9.99058e-01  5.47204e-06  1.49764e+00  5.47720e-06  9.98436e-01  9.99378e-01
 9.99000e+01  9.99058e-01  2.73607e-06  1.49764e+00  2.73865e-06  9.98436e-01  9.99378e-01
