 0.00000e+00  9.99004e-01  0.00000e+00  1.49751e+00  0.00000e+00  9.98348e-01  9.99343e-01
 1.00000e-01  9.99004e-01 -1.68077e-06  1.49751e+00 -1.68244e-06  9.98348e-01  9.99343e-01
 2.00000e-01  9.99004e-01 -3.36148e-06  1.49751e+00 -3.36483e-06  9.98348e-01  9.99343e-01
 3.00000e-01  9.99004e-01 -5.04209e-06  1.49751e+00 -5.04711e-06  9.98348e-01  9.99343e-01
 4.00000e-01  9.99005e-01 -6.72253e-06  1.49751e+00 -6.72922e-06  9.98348e-01  9.99343e-01
 5.00000e-01  9.99005e-01 -8.40274e-06  1.49751e+00 -8.41112e-06  9.98349e-01  9.99343e-01
 6.00000e-01  9.99005e-01 -1.00827e-05  1.49751e+00 -1.00927e-05  9.98349e-01  9.99343e-01
 7.00000e-01  9.99005e-01 -1.17623e-05  1.49751e+00 -1.17740e-05  9.98349e-01  9.99344e-01
 8.00000e-01  9.99006e-01 -1.34415e-05  1.49751e+00 -1.34549e-05  9.98350e-01  9.99344e-01
 9.00000e-01  9.99006e-01 -1.51203e-05  1.49752e+00 -1.51354e-05  9.98351e-01  9.99344e-01
 1.00000e+00  9.99006e-01 -1.67986e-05  1.49752e+00 -1.68153e-05  9.98351e-01  9.99344e-01
 1.10000e+00  9.99007e-01 -1.84764e-05  1.49752e+00 -1.84947e-05  9.98352e-01  9.99345e-01
 1.20000e+00  9.99007e-01 -2.01535e-05  1.49752e+00 -2.01735e-05  9.98353e-01  9.99345e-01
 1.30000e+00  9.99008e-01 -2.18300e-05  1.49752e+00 -2.18517e-05  9.98354e-01  9.99345e-01
 1.40000e+00  9.99008e-01 -2.35058e-05  1.49752e+00 -2.35291e-05  9.98355e-01  9.99346e-01
 1.50000e+00  9.99009e-01 -2.51808e-05  1.49752e+00 -2.52058e-05  9.98356e-01  9.99346e-01
 1.60000e+00  9.99010e-01 -2.68550e-05  1.49752e+00 -2.68816e-05  9.98357e-01  9.99346e-01
 1.70000e+00  9.99010e-01 -2.85283e-05  1.49753e+00 -2.85565e-05  9.98358e-01  9.99347e-01
 1.80000e+00  9.99011e-01 -3.02006e-05  1.49753e+00 -3.02305e-05  9.98359e-01  9.99347e-01
 1.90000e+00  9.99012e-01 -3.18720e-05  1.49753e+00 -3.19035e-05  9.98360e-01  9.99348e-01
 2.00000e+00  9.99013e-01 -3.35424e-05  1.49753e+00 -3.35755e-05  9.98362e-01  9.99348e-01
 2.10000e+00  9.99013e-01 -3.52116e-05  1.49753e+00 -3.52464e-05  9.98363e-01  9.99349e-01
 2.20000e+00  9.99014e-01 -3.68797e-05  1.49754e+00 -3.69161e-05  9.98365e-01  9.99350e-01
 2.30000e+00  9.99015e-01 -3.85466e-05  1.49754e+00 -3.85846e-05  9.98366e-01  9.99350e-01
 2.40000e+00  9.99016e-01 -4.02122e-05  1.49754e+00 -4.02518e-05  9.98368e-01  9.99351e-01
 2.50000e+00  9.99017e-01 -4.18765e-05  1.49754e+00 -4.19177e-05  9.98369e-01  9.99352e-01
 2.60000e+00  9.99018e-01 -4.35394e-05  1.49755e+00 -4.35822e-05  9.98371e-01  9.99352e-01
 2.70000e+00  9.99019e-01 -4.52009e-05  1.49755e+00 -4.52453e-05  9.98373e-01  9.99353e-01
 2.80000e+00  9.99020e-01 -4.68609e-05  1.49755e+00 -4.69069e-05  9.98375e-01  9.99354e-01
 2.90000e+00  9.99022e-01 -4.85194e-05  1.49755e+00 -4.85669e-05  9.98377e-01  9.99354e-01
 3.00000e+00  9.99023e-01 -5.01763e-05  1.49756e+00 -5.02254e-05  9.98379e-01  9.99355e-01
 3.10000e+00  9.99024e-01 -5.18316e-05  1.49756e+00 -5.18822e-05  9.98381e-01  9.99356e-01
 3.20000e+00  9.99025e-01 -5.34851e-05  1.49756e+00 -5.35373e-05  9.98383e-01  9.99357e-01
 3.30000e+00  9.99027e-01 -5.51369e-05  1.49757e+00 -5.51906e-05  9.98385e-01  9.99358e-01
 3.40000e+00  9.99028e-01 -5.67869e-05  1.49757e+00 -5.68421e-05  9.98388e-01  9.99359e-01
 3.50000e+00  9.99030e-01 -5.84350e-05  1.49757e+00 -5.84918e-05  9.98390e-01  9.99360e-01
 3.60000e+00  9.99031e-01 -6.00812e-05  1.49758e+00 -6.01395e-05  9.98392e-01  9.99361e-01
 3.70000e+00  9.99033e-01 -6.17254e-05  1.49758e+00 -6.17852e-05  9.98395e-01  9.99362e-01
 3.80000e+00  9.99034e-01 -6.33676e-05  1.49759e+00 -6.34289e-05  9.98397e-01  9.99363e-01
 3.90000e+00  9.99036e-01 -6.50077e-05  1.49759e+00 -6.50705e-05  9.98400e-01  9.99364e-01
 4.00000e+00  9.99037e-01 -6.66457e-05  1.49759e+00 -6.67099e-05  9.98403e-01  9.99365e-01
 4.10000e+00  9.99039e-01 -6.82815e-05  1.49760e+00 -6.83472e-05  9.98406e-01  9.99366e-01
 4.20000e+00  9.99041e-01 -6.99150e-05  1.49760e+00 -6.99822e-05  9.98408e-01  9.99367e-01
 4.30000e+00  9.99042e-01 -7.15463e-05  1.49761e+00 -7.16148e-05  9.98411e-01  9.99368e-01
 4.40000e+00  9.99044e-01 -7.31751e-05  1.49761e+00 -7.32452e-05  9.98414e-01  9.99369e-01
 4.50000e+00  9.99046e-01 -7.48016e-05  1.49762e+00 -7.48730e-05  9.98417e-01  9.99371e-01
 4.60000e+00  9.99048e-01 -7.64256e-05  1.49762e+00 -7.64984e-05  9.98420e-01  9.99372e-01
 4.70000e+00  9.99050e-01 -7.80471e-05  1.49763e+00 -7.81213e-05  9.98424e-01  9.99373e-01
 4.80000e+00  9.99052e-01 -7.96660e-05  1.49763e+00 -7.97416e-05  9.98427e-01  9.99374e-01
 4.90000e+00  9.99054e-01 -8.12823e-05  1.49764e+00 -8.13593e-05  9.98430e-01  9.99376e-01
 5.00000e+00  9.99056e-01 -8.28959e-05  1.49764e+00 -8.29742e-05  9.98433e-01  9.99377e-01
 5.10000e+00  9.99058e-01 -8.45068e-05  1.49765e+00 -8.45864e-05  9.98437e-01  9.99378e-01
 5.20000e+00  9.99060e-01 -8.61148e-05  1.49765e+00 -8.61958e-05  9.98440e-01  9.99380e-01
 5.30000e+00  9.99062e-01 -8.77200e-05  1.49766e+00 -8.78024e-05  9.98444e-01  9.99381e-01
 5.40000e+00  9.99064e-01 -8.93224e-05  1.49766e+00 -8.94060e-05  9.98448e-01  9.99383e-01
 5.50000e+00  9.99067e-01 -9.09217e-05  1.49767e+00 -9.10067e-05  9.98451e-01  9.99384e-01
 5.60000e+00  9.99069e-01 -9.25181e-05  1.49767e+00 -9.26043e-05  9.98455e-01  9.99386e-01
 5.70000e+00  9.99071e-01 -9.41114e-05  1.49768e+00 -9.41989e-05  9.98459e-01  9.99387e-01
 5.80000e+00  9.99073e-01 -9.57016e-05  1.49768e+00 -9.57903e-05  9.98463e-01  9.99389e-01
 5.90000e+00  9.99076e-01 -9.72886e-05  1.49769e+00 -9.73786e-05  9.98467e-01  9.99390e-01
 6.00000e+00  9.99078e-01 -9.88723e-05  1.49770e+00 -9.89636e-05  9.98471e-01  9.99392e-01
 6.10000e+00  9.99081e-01 -1.00453e-04  1.49770e+00 -1.00545e-04  9.98475e-01  9.99393e-01
 6.20000e+00  9.99083e-01 -1.02030e-04  1.49771e+00 -1.02124e-04  9.98479e-01  9.99395e-01
 6.30000e+00  9.99086e-01 -1.03604e-04  1.49771e+00 -1.03699e-04  9.98483e-01  9.99397e-01
 6.40000e+00  9.99088e-01 -1.05174e-04  1.49772e+00 -1.05270e-04  9.98487e-01  9.99398e-01
 6.50000e+00  9.99091e-01 -1.06741e-04  1.49773e+00 -1.06838e-04  9.98491e-01  9.99400e-01
 6.60000e+00  9.99094e-01 -1.08304e-04  1.49773e+00 -1.08402e-04  9.98496e-01  9.99402e-01
 6.70000e+00  9.99096e-01 -1.09864e-04  1.49774e+00 -1.09963e-04  9.98500e-01  9.99404e-01
 6.80000e+00  9.99099e-01 -1.11420e-04  1.49775e+00 -1.11520e-04  9.98505e-01  9.99405e-01
 6.90000e+00  9.99102e-01 -1.12972e-04  1.49775e+00 -1.13074e-04  9.98509e-01  9.99407e-01
 7.00000e+00  9.99104e-01 -1.14521e-04  1.49776e+00 -1.14623e-04  9.98514e-01  9.99409e-01
 7.10000e+00  9.99107e-01 -1.16066e-04  1.49777e+00 -1.16169e-04  9.98519e-01  9.99411e-01
 7.20000e+00  9.99110e-01 -1.17606e-04  1.49778e+00 -1.17711e-04  9.98523e-01  9.99413e-01
 7.30000e+00  9.99113e-01 -1.19143e-04  1.49778e+00 -1.19249e-04  9.98528e-01  9.99415e-01
 7.40000e+00  9.99116e-01 -1.20676e-04  1.49779e+00 -1.20783e-04  9.98533e-01  9.99417e-01
 7.50000e+00  9.99119e-01 -1.22205e-04  1.49780e+00 -1.22313e-04  9.98538e-01  9.99419e-01
 7.60000e+00  9.99122e-01 -1.23730e-04  1.49781e+00 -1.23839e-04  9.98543e-01  9.99421e-01
 7.70000e+00  9.99125e-01 -1.25251e-04  1.49781e+00 -1.25360e-04  9.98548e-01  9.99423e-01
 7.80000e+00  9.99128e-01 -1.26767e-04  1.49782e+00 -1.26878e-04  9.98553e-01  9.99425e-01
 7.90000e+00  9.99131e-01 -1.28279e-04  1.49783e+00 -1.28391e-04  9.98558e-01  9.99427e-01
 8.00000e+00  9.99134e-01 -1.29787e-04  1.49784e+00 -1.29900e-04  9.98564e-01  9.99429e-01
 8.10000e+00  9.99138e-01 -1.31291e-04  1.49784e+00 -1.31404e-04  9.98569e-01  9.99431e-01
 8.20000e+00  9.99141e-01 -1.32790e-04  1.49785e+00 -1.32904e-04  9.98574e-01  9.99433e-01
 8.30000e+00  9.99144e-01 -1.34285e-04  1.49786e+00 -1.34400e-04  9.98580e-01  9.99435e-01
 8.40000e+00  9.99147e-01 -1.35775e-04  1.49787e+00 -1.35891e-04  9.98585e-01  9.99437e-01
 8.50000e+00  9.99151e-01 -1.37261e-04  1.49788e+00 -1.37377e-04  9.98591e-01  9.99439e-01
 8.60000e+00  9.99154e-01 -1.38742e-04  1.49789e+00 -1.38859e-04  9.98596e-01  9.99442e-01
 8.70000e+00  9.99157e-01 -1.40218e-04  1.49789e+00 -1.40336e-04  9.98602e-01  9.99444e-01
 8.80000e+00  9.99161e-01 -1.41689e-04  1.49790e+00 -1.41808e-04  9.98607e-01  9.99446e-01
 8.90000e+00  9.99164e-01 -1.43156e-04  1.49791e+00 -1.43276e-04  9.98613e-01  9.99448e-01
 9.00000e+00  9.99168e-01 -1.44618e-04  1.49792e+00 -1.44739e-04  9.98619e-01  9.99451e-01
 9.10000e+00  9.99171e-01 -1.46075e-04  1.49793e+00 -1.46196e-04  9.98625e-01  9.99453e-01
 9.20000e+00  9.99175e-01 -1.47527e-04  1.49794e+00 -1.47649e-04  9.98631e-01  9.99455e-01
 9.30000e+00  9.99178e-01 -1.48975e-04  1.49795e+00 -1.49097e-04  9.98637e-01  9.99458e-01
 9.40000e+00  9.99182e-01 -1.50417e-04  1.49796e+00 -1.50540e-04  9.98643e-01  9.99460e-01
 9.50000e+00  9.99186e-01 -1.51854e-04  1.49797e+00 -1.51978e-04  9.98649e-01  9.99463e-01
 9.60000e+00  9.99189e-01 -1.53286e-04  1.49797e+00 -1.53410e-04  9.98655e-01  9.99465e-01
 9.70000e+00  9.99193e-01 -1.54712e-04  1.49798e+00 -1.54837e-04  9.98661e-01  9.99468e-01
 9.80000e+00  9.99197e-01 -1.56134e-04  1.49799e+00 -1.56259e-04  9.98667e-01  9.99470e-01
 9.90000e+00  9.99201e-01 -1.57550e-04  1.49800e+00 -1.57676e-04  9.98674e-01  9.99472e-01
 1.00000e+01  9.99205e-01 -1.58961e-04  1.49801e+00 -1.59087e-04  9.98680e-01  9.99475e-01
 1.01000e+01  9.99208e-01 -1.60366e-04  1.49802e+00 -1.60493e-04  9.98686e-01  9.99478e-01
 1.02000e+01  9.99212e-01 -1.61766e-04  1.49803e+00 -1.61893e-04  9.98693e-01  9.99480e-01
 1.03000e+01  9.99216e-01 -1.63160e-04  1.49804e+00 -1.63288e-04  9.98699e-01  9.99483e-01
 1.04000e+01  9.99220e-01 -1.64549e-04  1.49805e+00 -1.64677e-04  9.98706e-01  9.99485e-01
 1.05000e+01  9.99224e-01 -1.65932e-04  1.49806e+00 -1.66061e-04  9.98713e-01  9.99488e-01
 1.06000e+01  9.99228e-01 -1.67310e-04  1.49807e+00 -1.67439e-04  9.98719e-01  9.99491e-01
 1.07000e+01  9.99232e-01 -1.68682e-04  1.49808e+00 -1.68811e-04  9.98726e-01  9.99493e-01
 1.08000e+01  9.99236e-01 -1.70048e-04  1.49809e+00 -1.70177e-04  9.98733e-01  9.99496e-01
 1.09000e+01  9.99240e-01 -1.71408e-04  1.49810e+00 -1.71538e-04  9.98740e-01  9.99499e-01
 1.10000e+01  9.99245e-01 -1.72762e-04  1.49811e+00 -1.72893e-04  9.98746e-01  9.99501e-01
 1.11000e+01  9.99249e-01 -1.74110e-04  1.49812e+00 -1.74241e-04  9.98753e-01  9.99504e-01
 1.12000e+01  9.99253e-01 -1.75453e-04  1.49813e+00 -1.75584e-04  9.98760e-01  9.99507e-01
 1.13000e+01  9.99257e-01 -1.76789e-04  1.49814e+00 -1.76921e-04  9.98767e-01  9.99510e-01
 1.14000e+01  9.99262e-01 -1.78120e-04  1.49815e+00 -1.78251e-04  9.98774e-01  9.99513e-01
 1.15000e+01  9.99266e-01 -1.79444e-04  1.49816e+00 -1.79576e-04  9.98781e-01  9.99515e-01
 1.16000e+01  9.99270e-01 -1.80762e-04  1.49818e+00 -1.80894e-04  9.98789e-01  9.99518e-01
 1.17000e+01  9.99274e-01 -1.82073e-04  1.49819e+00 -1.82206e-04  9.98796e-01  9.99521e-01
 1.18000e+01  9.99279e-01 -1.83379e-04  1.49820e+00 -1.83511e-04  9.98803e-01  9.99524e-01
 1.19000e+01  9.99283e-01 -1.84678e-04  1.49821e+00 -1.84810e-04  9.98810e-01  9.99527e-01
 1.20000e+01  9.99288e-01 -1.85971e-04  1.49822e+00 -1.86103e-04  9.98818e-01  9.99530e-01
 1.21000e+01  9.99292e-01 -1.87257e-04  1.49823e+00 -1.87390e-04  9.98825e-01  9.99533e-01
 1.22000e+01  9.99297e-01 -1.88537e-04  1.49824e+00 -1.88670e-04  9.98833e-01  9.99536e-01
 1.23000e+01  9.99301e-01 -1.89810e-04  1.49825e+00 -1.89943e-04  9.98840e-01  9.99539e-01
 1.24000e+01  9.99306e-01 -1.91077e-04  1.49826e+00 -1.91210e-04  9.98848e-01  9.99542e-01
 1.25000e+01  9.99310e-01 -1.92337e-04  1.49828e+00 -1.92470e-04  9.98855e-01  9.99545e-01
 1.26000e+01  9.99315e-01 -1.93590e-04  1.49829e+00 -1.93723e-04  9.98863e-01  9.99548e-01
 1.27000e+01  9.99320e-01 -1.94837e-04  1.49830e+00 -1.94970e-04  9.98871e-01  9.99551e-01
 1.28000e+01  9.99324e-01 -1.96077e-04  1.49831e+00 -1.96209e-04  9.98878e-01  9.99554e-01
 1.29000e+01  9.99329e-01 -1.97310e-04  1.49832e+00 -1.97442e-04  9.98886e-01  9.99557e-01
 1.30000e+01  9.99334e-01 -1.98536e-04  1.49833e+00 -1.98668e-04  9.98894e-01  9.99560e-01
 1.31000e+01  9.99338e-01 -1.99755e-04  1.49835e+00 -1.99888e-04  9.98902e-01  9.99563e-01
 1.32000e+01  9.99343e-01 -2.00968e-04  1.49836e+00 -2.01100e-04  9.98910e-01  9.99566e-01
 1.33000e+01  9.99348e-01 -2.02173e-04  1.49837e+00 -2.02305e-04  9.98918e-01  9.99569e-01
 1.34000e+01  9.99353e-01 -2.03371e-04  1.49838e+00 -2.03503e-04  9.98926e-01  9.99573e-01
 1.35000e+01  9.99357e-01 -2.04562e-04  1.49839e+00 -2.04693e-04  9.98934e-01  9.99576e-01
 1.36000e+01  9.99362e-01 -2.05746e-04  1.49841e+00 -2.05877e-04  9.98942e-01  9.99579e-01
 1.37000e+01  9.99367e-01 -2.06922e-04  1.49842e+00 -2.07053e-04  9.98950e-01  9.99582e-01
 1.38000e+01  9.99372e-01 -2.08092e-04  1.49843e+00 -2.08222e-04  9.98958e-01  9.99585e-01
 1.39000e+01  9.99377e-01 -2.09254e-04  1.49844e+00 -2.09384e-04  9.98966e-01  9.99589e-01
 1.40000e+01  9.99382e-01 -2.10408e-04  1.49846e+00 -2.10538e-04  9.98974e-01  9.99592e-01
 1.41000e+01  9.99387e-01 -2.11556e-04  1.49847e+00 -2.11685e-04  9.98983e-01  9.99595e-01
 1.42000e+01  9.99392e-01 -2.12695e-04  1.49848e+00 -2.12825e-04  9.98991e-01  9.99599e-01
 1.43000e+01  9.99397e-01 -2.13828e-04  1.49849e+00 -2.13957e-04  9.98999e-01  9.99602e-01
 1.44000e+01  9.99402e-01 -2.14952e-04  1.49851e+00 -2.15081e-04  9.99008e-01  9.99605e-01
 1.45000e+01  9.99407e-01 -2.16069e-04  1.49852e+00 -2.16198e-04  9.99016e-01  9.99609e-01
 1.46000e+01  9.99412e-01 -2.17179e-04  1.49853e+00 -2.17307e-04  9.99024e-01  9.99612e-01
 1.47000e+01  9.99417e-01 -2.18281e-04  1.49854e+00 -2.18408e-04  9.99033e-01  9.99615e-01
 1.48000e+01  9.99423e-01 -2.19375e-04  1.49856e+00 -2.19501e-04  9.99041e-01  9.99619e-01
 1.49000e+01  9.99428e-01 -2.20461e-04  1.49857e+00 -2.20587e-04  9.99050e-01  9.99622e-01
 1.50000e+01  9.99433e-01 -2.21539e-04  1.49858e+00 -2.21665e-04  9.99059e-01  9.99626e-01
 1.51000e+01  9.99438e-01 -2.22610e-04  1.49860e+00 -2.22735e-04  9.99067e-01  9.99629e-01
 1.52000e+01  9.99443e-01 -2.23672e-04  1.49861e+00 -2.23797e-04  9.99076e-01  9.99632e-01
 1.53000e+01  9.99449e-01 -2.24727e-04  1.49862e+00 -2.24851e-04  9.99085e-01  9.99636e-01
 1.54000e+01  9.99454e-01 -2.25774e-04  1.49863e+00 -2.25897e-04  9.99093e-01  9.99639e-01
 1.55000e+01  9.99459e-01 -2.26812e-04  1.49865e+00 -2.26935e-04  9.99102e-01  9.99643e-01
 1.56000e+01  9.99464e-01 -2.27843e-04  1.49866e+00 -2.27965e-04  9.99111e-01  9.99646e-01
 1.57000e+01  9.99470e-01 -2.28865e-04  1.49867e+00 -2.28986e-04  9.99120e-01  9.99650e-01
 1.58000e+01  9.99475e-01 -2.29879e-04  1.49869e+00 -2.30000e-04  9.99129e-01  9.99653e-01
 1.59000e+01  9.99481e-01 -2.30885e-04  1.49870e+00 -2.31005e-04  9.99138e-01  9.99657e-01
 1.60000e+01  9.99486e-01 -2.31882e-04  1.49872e+00 -2.32001e-04  9.99147e-01  9.99660e-01
 1.61000e+01  9.99491e-01 -2.32871e-04  1.49873e+00 -2.32990e-04  9.99156e-01  9.99664e-01
 1.62000e+01  9.99497e-01 -2.33852e-04  1.49874e+00 -2.33970e-04  9.99165e-01  9.99668e-01
 1.63000e+01  9.99502e-01 -2.34825e-04  1.49876e+00 -2.34941e-04  9.99174e-01  9.99671e-01
 1.64000e+01  9.99508e-01 -2.35788e-04  1.49877e+00 -2.35905e-04  9.99183e-01  9.99675e-01
 1.65000e+01  9.99513e-01 -2.36744e-04  1.49878e+00 -2.36859e-04  9.99192e-01  9.99678e-01
 1.66000e+01  9.99519e-01 -2.37691e-04  1.49880e+00 -2.37805e-04  9.99201e-01  9.99682e-01
 1.67000e+01  9.99524e-01 -2.38629e-04  1.49881e+00 -2.38743e-04  9.99210e-01  9.99686e-01
 1.68000e+01  9.99530e-01 -2.39559e-04  1.49882e+00 -2.39671e-04  9.99219e-01  9.99689e-01
 1.69000e+01  9.99535e-01 -2.40480e-04  1.49884e+00 -2.40591e-04  9.99228e-01  9.99693e-01
 1.70000e+01  9.99541e-01 -2.41392e-04  1.49885e+00 -2.41503e-04  9.99238e-01  9.99697e-01
 1.71000e+01  9.99546e-01 -2.42295e-04  1.49887e+00 -2.42405e-04  9.99247e-01  9.99700e-01
 1.72000e+01  9.99552e-01 -2.43190e-04  1.49888e+00 -2.43299e-04  9.99256e-01  9.99704e-01
 1.73000e+01  9.99558e-01 -2.44076e-04  1.49889e+00 -2.44184e-04  9.99266e-01  9.99708e-01
 1.74000e+01  9.99563e-01 -2.44953e-04  1.49891e+00 -2.45060e-04  9.99275e-01  9.99712e-01
 1.75000e+01  9.99569e-01 -2.45821e-04  1.49892e+00 -2.45927e-04  9.99284e-01  9.99715e-01
 1.76000e+01  9.99575e-01 -2.46680e-04  1.49894e+00 -2.46785e-04  9.99294e-01  9.99719e-01
 1.77000e+01  9.99580e-01 -2.47530e-04  1.49895e+00 -2.47634e-04  9.99303e-01  9.99723e-01
 1.78000e+01  9.99586e-01 -2.48371e-04  1.49897e+00 -2.48473e-04  9.99313e-01  9.99726e-01
 1.79000e+01  9.99592e-01 -2.49202e-04  1.49898e+00 -2.49304e-04  9.99322e-01  9.99730e-01
 1.80000e+01  9.99598e-01 -2.50025e-04  1.49899e+00 -2.50126e-04  9.99332e-01  9.99734e-01
 1.81000e+01  9.99603e-01 -2.50839e-04  1.49901e+00 -2.50938e-04  9.99341e-01  9.99738e-01
 1.82000e+01  9.99609e-01 -2.51643e-04  1.49902e+00 -2.51742e-04  9.99351e-01  9.99742e-01
 1.83000e+01  9.99615e-01 -2.52438e-04  1.49904e+00 -2.52535e-04  9.99360e-01  9.99745e-01
 1.84000e+01  9.99621e-01 -2.53224e-04  1.49905e+00 -2.53320e-04  9.99370e-01  9.99749e-01
 1.85000e+01  9.99626e-01 -2.54000e-04  1.49907e+00 -2.54095e-04  9.99380e-01  9.99753e-01
 1.86000e+01  9.99632e-01 -2.54768e-04  1.49908e+00 -2.54861e-04  9.99389e-01  9.99757e-01
 1.87000e+01  9.99638e-01 -2.55525e-04  1.49910e+00 -2.55618e-04  9.99399e-01  9.99761e-01
 1.88000e+01  9.99644e-01 -2.56274e-04  1.49911e+00 -2.56365e-04  9.99409e-01  9.99765e-01
 1.89000e+01  9.99650e-01 -2.57012e-04  1.49912e+00 -2.57102e-04  9.99418e-01  9.99768e-01
 1.90000e+01  9.99656e-01 -2.57742e-04  1.49914e+00 -2.57830e-04  9.99428e-01  9.99772e-01
 1.91000e+01  9.99661e-01 -2.58461e-04  1.49915e+00 -2.58549e-04  9.99438e-01  9.99776e-01
 1.92000e+01  9.99667e-01 -2.59171e-04  1.49917e+00 -2.59258e-04  9.99447e-01  9.99780e-01
 1.93000e+01  9.99673e-01 -2.59872e-04  1.49918e+00 -2.59957e-04  9.99457e-01  9.99784e-01
 1.94000e+01  9.99679e-01 -2.60563e-04  1.49920e+00 -2.60646e-04  9.99467e-01  9.99788e-01
 1.95000e+01  9.99685e-01 -2.61244e-04  1.49921e+00 -2.61326e-04  9.99477e-01  9.99792e-01
 1.96000e+01  9.99691e-01 -2.61915e-04  1.49923e+00 -2.61996e-04  9.99487e-01  9.99796e-01
 1.97000e+01  9.99697e-01 -2.62577e-04  1.49924e+00 -2.62656e-04  9.99497e-01  9.99800e-01
 1.98000e+01  9.99703e-01 -2.63229e-04  1.49926e+00 -2.63307e-04  9.99506e-01  9.99804e-01
 1.99000e+01  9.99709e-01 -2.63871e-04  1.49927e+00 -2.63947e-04  9.99516e-01  9.99807e-01
 2.00000e+01  9.99715e-01 -2.64503e-04  1.49929e+00 -2.64578e-04  9.99526e-01  9.99811e-01
 2.01000e+01  9.99721e-01 -2.65125e-04  1.49930e+00 -2.65199e-04  9.99536e-01  9.99815e-01
 2.02000e+01  9.99727e-01 -2.65737e-04  1.49932e+00 -2.65810e-04  9.99546e-01  9.99819e-01
 2.03000e+01  9.99733e-01 -2.66339e-04  1.49933e+00 -2.66410e-04  9.99556e-01  9.99823e-01
 2.04000e+01  9.99739e-01 -2.66932e-04  1.49935e+00 -2.67001e-04  9.99566e-01  9.99827e-01
 2.05000e+01  9.99745e-01 -2.67514e-04  1.49936e+00 -2.67582e-04  9.99576e-01  9.99831e-01
 2.06000e+01  9.99751e-01 -2.68086e-04  1.49938e+00 -2.68153e-04  9.99586e-01  9.99835e-01
 2.07000e+01  9.99757e-01 -2.68648e-04  1.49939e+00 -2.68713e-04  9.99596e-01  9.99839e-01
 2.08000e+01  9.99763e-01 -2.69200e-04  1.49941e+00 -2.69264e-04  9.99606e-01  9.99843e-01
 2.09000e+01  9.99769e-01 -2.69741e-04  1.49942e+00 -2.69804e-04  9.99616e-01  9.99847e-01
 2.10000e+01  9.99775e-01 -2.70273e-04  1.49944e+00 -2.70334e-04  9.99626e-01  9.99851e-01
 2.11000e+01  9.99781e-01 -2.70794e-04  1.49945e+00 -2.70853e-04  9.99636e-01  9.99855e-01
 2.12000e+01  9.99787e-01 -2.71305e-04  1.49947e+00 -2.71363e-04  9.99646e-01  9.99859e-01
 2.13000e+01  9.99793e-01 -2.71806e-04  1.49948e+00 -2.71862e-04  9.99656e-01  9.99863e-01
 2.14000e+01  9.99799e-01 -2.72296e-04  1.49950e+00 -2.72351e-04  9.99666e-01  9.99867e-01
 2.15000e+01  9.99805e-01 -2.72776e-04  1.49951e+00 -2.72829e-04  9.99676e-01  9.99871e-01
 2.16000e+01  9.99811e-01 -2.73246e-04  1.49953e+00 -2.73297e-04  9.99687e-01  9.99875e-01
 2.17000e+01  9.99817e-01 -2.73705e-04  1.49954e+00 -2.73755e-04  9.99697e-01  9.99879e-01
 2.18000e+01  9.99824e-01 -2.74154e-04  1.49956e+00 -2.74202e-04  9.99707e-01  9.99883e-01
 2.19000e+01  9.99830e-01 -2.74592e-04  1.49957e+00 -2.74639e-04  9.99717e-01  9.99887e-01
 2.20000e+01  9.99836e-01 -2.75020e-04  1.49959e+00 -2.75065e-04  9.99727e-01  9.99891e-01
 2.21000e+01  9.99842e-01 -2.75437e-04  1.49960e+00 -2.75481e-04  9.99737e-01  9.99895e-01
 2.22000e+01  9.99848e-01 -2.75844e-04  1.49962e+00 -2.75886e-04  9.99747e-01  9.99899e-01
 2.23000e+01  9.99854e-01 -2.76240e-04  1.49964e+00 -2.76280e-04  9.99758e-01  9.99903e-01
 2.24000e+01  9.99860e-01 -2.76626e-04  1.49965e+00 -2.76664e-04  9.99768e-01  9.99907e-01
 2.25000e+01  9.99866e-01 -2.77001e-04  1.49967e+00 -2.77038e-04  9.99778e-01  9.99911e-01
 2.26000e+01  9.99873e-01 -2.77365e-04  1.49968e+00 -2.77400e-04  9.99788e-01  9.99915e-01
 2.27000e+01  9.99879e-01 -2.77718e-04  1.49970e+00 -2.77752e-04  9.99798e-01  9.99920e-01
 2.28000e+01  9.99885e-01 -2.78061e-04  1.49971e+00 -2.78093e-04  9.99808e-01  9.99924e-01
 2.29000e+01  9.99891e-01 -2.78393e-04  1.49973e+00 -2.78424e-04  9.99819e-01  9.99928e-01
 2.30000e+01  9.99897e-01 -2.78715e-04  1.49974e+00 -2.78744e-04  9.99829e-01  9.99932e-01
 2.31000e+01  9.99903e-01 -2.79025e-04  1.49976e+00 -2.79052e-04  9.99839e-01  9.99936e-01
 2.32000e+01  9.99909e-01 -2.79325e-04  1.49977e+00 -2.79351e-04  9.99849e-01  9.99940e-01
 2.33000e+01  9.99915e-01 -2.79614e-04  1.49979e+00 -2.79638e-04  9.99859e-01  9.99944e-01
 2.34000e+01  9.99922e-01 -2.79892e-04  1.49980e+00 -2.79914e-04  9.99870e-01  9.99948e-01
 2.35000e+01  9.99928e-01 -2.80160e-04  1.49982e+00 -2.80180e-04  9.99880e-01  9.99952e-01
 2.36000e+01  9.99934e-01 -2.80416e-04  1.49983e+00 -2.80434e-04  9.99890e-01  9.99956e-01
 2.37000e+01  9.99940e-01 -2.80661e-04  1.49985e+00 -2.80678e-04  9.99900e-01  9.99960e-01
 2.38000e+01  9.99946e-01 -2.80896e-04  1.49987e+00 -2.80911e-04  9.99910e-01  9.99964e-01
 2.39000e+01  9.99952e-01 -2.81119e-04  1.49988e+00 -2.81133e-04  9.99921e-01  9.99968e-01
 2.40000e+01  9.99959e-01 -2.81332e-04  1.49990e+00 -2.81344e-04  9.99931e-01  9.99972e-01
 2.41000e+01  9.99965e-01 -2.81534e-04  1.49991e+00 -2.81544e-04  9.99941e-01  9.99976e-01
 2.42000e+01  9.99971e-01 -2.81724e-04  1.49993e+00 -2.81732e-04  9.99951e-01  9.99980e-01
 2.43000e+01  9.99977e-01 -2.81904e-04  1.49994e+00 -2.81910e-04  9.99961e-01  9.99984e-01
 2.44000e+01  9.99983e-01 -2.82072e-04  1.49996e+00 -2.82077e-04  9.99972e-01  9.99988e-01
 2.45000e+01  9.99989e-01 -2.82230e-04  1.49997e+00 -2.82233e-04  9.99982e-01  9.99992e-01
 2.46000e+01  9.99995e-01 -2.82376e-04  1.49999e+00 -2.82377e-04  9.99992e-01  9.99997e-01
 2.47000e+01  1.00000e+00 -2.82511e-04  1.50000e+00 -2.82511e-04  1.00000e+00  1.00000e+00
 2.48000e+01  1.00001e+00 -2.82635e-04  1.50002e+00 -2.82633e-04  1.00001e+00  1.00000e+00
 2.49000e+01  1.00001e+00 -2.82748e-04  1.50003e+00 -2.82744e-04  1.00002e+00  1.00001e+00
 2.50000e+01  1.00002e+00 -2.82850e-04  1.50005e+00 -2.82844e-04  1.00003e+00  1.00001e+00
 2.51000e+01  1.00003e+00 -2.82941e-04  1.50007e+00 -2.82933e-04  1.00004e+00  1.00002e+00
 2.52000e+01  1.00003e+00 -2.83020e-04  1.50008e+00 -2.83011e-04  1.00005e+00  1.00002e+00
 2.53000e+01  1.00004e+00 -2.83088e-04  1.50010e+00 -2.83078e-04  1.00006e+00  1.00002e+00
 2.54000e+01  1.00004e+00 -2.83145e-04  1.50011e+00 -2.83133e-04  1.00007e+00  1.00003e+00
 2.55000e+01  1.00005e+00 -2.83191e-04  1.50013e+00 -2.83177e-04  1.00008e+00  1.00003e+00
 2.56000e+01  1.00006e+00 -2.83226e-04  1.50014e+00 -2.83210e-04  1.00009e+00  1.00004e+00
 2.57000e+01  1.00006e+00 -2.83249e-04  1.50016e+00 -2.83232e-04  1.00010e+00  1.00004e+00
 2.58000e+01  1.00007e+00 -2.83261e-04  1.50017e+00 -2.83242e-04  1.00011e+00  1.00005e+00
 2.59000e+01  1.00007e+00 -2.83262e-04  1.50019e+00 -2.83241e-04  1.00012e+00  1.00005e+00
 2.60000e+01  1.00008e+00 -2.83252e-04  1.50020e+00 -2.83229e-04  1.00013e+00  1.00005e+00
 2.61000e+01  1.00009e+00 -2.83230e-04  1.50022e+00 -2.83205e-04  1.00014e+00  1.00006e+00
 2.62000e+01  1.00009e+00 -2.83197e-04  1.50023e+00 -2.83170e-04  1.00015e+00  1.00006e+00
 2.63000e+01  1.00010e+00 -2.83152e-04  1.50025e+00 -2.83124e-04  1.00016e+00  1.00007e+00
 2.64000e+01  1.00011e+00 -2.83097e-04  1.50026e+00 -2.83067e-04  1.00017e+00  1.00007e+00
 2.65000e+01  1.00011e+00 -2.83030e-04  1.50028e+00 -2.82998e-04  1.00018e+00  1.00007e+00
 2.66000e+01  1.00012e+00 -2.82951e-04  1.50029e+00 -2.82918e-04  1.00019e+00  1.00008e+00
 2.67000e+01  1.00012e+00 -2.82861e-04  1.50031e+00 -2.82826e-04  1.00020e+00  1.00008e+00
 2.68000e+01  1.00013e+00 -2.82760e-04  1.50032e+00 -2.82724e-04  1.00021e+00  1.00009e+00
 2.69000e+01  1.00014e+00 -2.82648e-04  1.50034e+00 -2.82609e-04  1.00022e+00  1.00009e+00
 2.70000e+01  1.00014e+00 -2.82524e-04  1.50035e+00 -2.82484e-04  1.00023e+00  1.00009e+00
 2.71000e+01  1.00015e+00 -2.82389e-04  1.50037e+00 -2.82347e-04  1.00024e+00  1.00010e+00
 2.72000e+01  1.00015e+00 -2.82242e-04  1.50038e+00 -2.82199e-04  1.00025e+00  1.00010e+00
 2.73000e+01  1.00016e+00 -2.82084e-04  1.50040e+00 -2.82039e-04  1.00026e+00  1.00010e+00
 2.74000e+01  1.00017e+00 -2.81914e-04  1.50041e+00 -2.81868e-04  1.00027e+00  1.00011e+00
 2.75000e+01  1.00017e+00 -2.81734e-04  1.50043e+00 -2.81685e-04  1.00028e+00  1.00011e+00
 2.76000e+01  1.00018e+00 -2.81541e-04  1.50044e+00 -2.81491e-04  1.00029e+00  1.00012e+00
 2.77000e+01  1.00018e+00 -2.81338e-04  1.50046e+00 -2.81286e-04  1.00030e+00  1.00012e+00
 2.78000e+01  1.00019e+00 -2.81123e-04  1.50047e+00 -2.81069e-04  1.00031e+00  1.00012e+00
 2.79000e+01  1.00020e+00 -2.80896e-04  1.50049e+00 -2.80841e-04  1.00032e+00  1.00013e+00
 2.80000e+01  1.00020e+00 -2.80658e-04  1.50050e+00 -2.80602e-04  1.00033e+00  1.00013e+00
 2.81000e+01  1.00021e+00 -2.80409e-04  1.50052e+00 -2.80351e-04  1.00034e+00  1.00014e+00
 2.82000e+01  1.00021e+00 -2.80148e-04  1.50053e+00 -2.80089e-04  1.00035e+00  1.00014e+00
 2.83000e+01  1.00022e+00 -2.79876e-04  1.50055e+00 -2.79815e-04  1.00036e+00  1.00014e+00
 2.84000e+01  1.00022e+00 -2.79593e-04  1.50056e+00 -2.79530e-04  1.00037e+00  1.00015e+00
 2.85000e+01  1.00023e+00 -2.79298e-04  1.50058e+00 -2.79233e-04  1.00038e+00  1.00015e+00
 2.86000e+01  1.00024e+00 -2.78991e-04  1.50059e+00 -2.78925e-04  1.00039e+00  1.00016e+00
 2.87000e+01  1.00024e+00 -2.78673e-04  1.50061e+00 -2.78606e-04  1.00040e+00  1.00016e+00
 2.88000e+01  1.00025e+00 -2.78344e-04  1.50062e+00 -2.78275e-04  1.00041e+00  1.00016e+00
 2.89000e+01  1.00025e+00 -2.78004e-04  1.50064e+00 -2.77933e-04  1.00042e+00  1.00017e+00
 2.90000e+01  1.00026e+00 -2.77652e-04  1.50065e+00 -2.77579e-04  1.00043e+00  1.00017e+00
 2.91000e+01  1.00027e+00 -2.77288e-04  1.50066e+00 -2.77215e-04  1.00044e+00  1.00018e+00
 2.92000e+01  1.00027e+00 -2.76913e-04  1.50068e+00 -2.76838e-04  1.00045e+00  1.00018e+00
 2.93000e+01  1.00028e+00 -2.76527e-04  1.50069e+00 -2.76451e-04  1.00046e+00  1.00018e+00
 2.94000e+01  1.00028e+00 -2.76130e-04  1.50071e+00 -2.76051e-04  1.00047e+00  1.00019e+00
 2.95000e+01  1.00029e+00 -2.75721e-04  1.50072e+00 -2.75641e-04  1.00048e+00  1.00019e+00
 2.96000e+01  1.00029e+00 -2.75300e-04  1.50074e+00 -2.75219e-04  1.00049e+00  1.00019e+00
 2.97000e+01  1.00030e+00 -2.74869e-04  1.50075e+00 -2.74786e-04  1.00050e+00  1.00020e+00
 2.98000e+01  1.00031e+00 -2.74426e-04  1.50077e+00 -2.74342e-04  1.00051e+00  1.00020e+00
 2.99000e+01  1.00031e+00 -2.73971e-04  1.50078e+00 -2.73886e-04  1.00052e+00  1.00021e+00
 3.00000e+01  1.00032e+00 -2.73505e-04  1.50079e+00 -2.73419e-04  1.00053e+00  1.00021e+00
 3.01000e+01  1.00032e+00 -2.73028e-04  1.50081e+00 -2.72940e-04  1.00054e+00  1.00021e+00
 3.02000e+01  1.00033e+00 -2.72540e-04  1.50082e+00 -2.72450e-04  1.00055e+00  1.00022e+00
 3.03000e+01  1.00033e+00 -2.72040e-04  1.50084e+00 -2.71949e-04  1.00055e+00  1.00022e+00
 3.04000e+01  1.00034e+00 -2.71529e-04  1.50085e+00 -2.71437e-04  1.00056e+00  1.00022e+00
 3.05000e+01  1.00035e+00 -2.71007e-04  1.50086e+00 -2.70913e-04  1.00057e+00  1.00023e+00
 3.06000e+01  1.00035e+00 -2.70473e-04  1.50088e+00 -2.70378e-04  1.00058e+00  1.00023e+00
 3.07000e+01  1.00036e+00 -2.69929e-04  1.50089e+00 -2.69832e-04  1.00059e+00  1.00024e+00
 3.08000e+01  1.00036e+00 -2.69372e-04  1.50091e+00 -2.69275e-04  1.00060e+00  1.00024e+00
 3.09000e+01  1.00037e+00 -2.68805e-04  1.50092e+00 -2.68706e-04  1.00061e+00  1.00024e+00
 3.10000e+01  1.00037e+00 -2.68227e-04  1.50093e+00 -2.68126e-04  1.00062e+00  1.00025e+00
 3.11000e+01  1.00038e+00 -2.67637e-04  1.50095e+00 -2.67535e-04  1.00063e+00  1.00025e+00
 3.12000e+01  1.00038e+00 -2.67036e-04  1.50096e+00 -2.66933e-04  1.00064e+00  1.00025e+00
 3.13000e+01  1.00039e+00 -2.66424e-04  1.50097e+00 -2.66320e-04  1.00065e+00  1.00026e+00
 3.14000e+01  1.00040e+00 -2.65800e-04  1.50099e+00 -2.65695e-04  1.00066e+00  1.00026e+00
 3.15000e+01  1.00040e+00 -2.65166e-04  1.50100e+00 -2.65060e-04  1.00067e+00  1.00026e+00
 3.16000e+01  1.00041e+00 -2.64520e-04  1.50102e+00 -2.64413e-04  1.00067e+00  1.00027e+00
 3.17000e+01  1.00041e+00 -2.63864e-04  1.50103e+00 -2.63755e-04  1.00068e+00  1.00027e+00
 3.18000e+01  1.00042e+00 -2.63196e-04  1.50104e+00 -2.63086e-04  1.00069e+00  1.00028e+00
 3.19000e+01  1.00042e+00 -2.62517e-04  1.50106e+00 -2.62406e-04  1.00070e+00  1.00028e+00
 3.20000e+01  1.00043e+00 -2.61827e-04  1.50107e+00 -2.61715e-04  1.00071e+00  1.00028e+00
 3.21000e+01  1.00043e+00 -2.61126e-04  1.50108e+00 -2.61013e-04  1.00072e+00  1.00029e+00
 3.22000e+01  1.00044e+00 -2.60414e-04  1.50110e+00 -2.60300e-04  1.00073e+00  1.00029e+00
 3.23000e+01  1.00044e+00 -2.59691e-04  1.50111e+00 -2.59576e-04  1.00074e+00  1.00029e+00
 3.24000e+01  1.00045e+00 -2.58957e-04  1.50112e+00 -2.58841e-04  1.00075e+00  1.00030e+00
 3.25000e+01  1.00045e+00 -2.58212e-04  1.50114e+00 -2.58095e-04  1.00075e+00  1.00030e+00
 3.26000e+01  1.00046e+00 -2.57456e-04  1.50115e+00 -2.57338e-04  1.00076e+00  1.00030e+00
 3.27000e+01  1.00046e+00 -2.56690e-04  1.50116e+00 -2.56570e-04  1.00077e+00  1.00031e+00
 3.28000e+01  1.00047e+00 -2.55912e-04  1.50118e+00 -2.55792e-04  1.00078e+00  1.00031e+00
 3.29000e+01  1.00048e+00 -2.55124e-04  1.50119e+00 -2.55002e-04  1.00079e+00  1.00031e+00
 3.30000e+01  1.00048e+00 -2.54324e-04  1.50120e+00 -2.54202e-04  1.00080e+00  1.00032e+00
 3.31000e+01  1.00049e+00 -2.53514e-04  1.50121e+00 -2.53391e-04  1.00081e+00  1.00032e+00
 3.32000e+01  1.00049e+00 -2.52693e-04  1.50123e+00 -2.52569e-04  1.00081e+00  1.00032e+00
 3.33000e+01  1.00050e+00 -2.51862e-04  1.50124e+00 -2.51737e-04  1.00082e+00  1.00033e+00
 3.34000e+01  1.00050e+00 -2.51019e-04  1.50125e+00 -2.50894e-04  1.00083e+00  1.00033e+00
 3.35000e+01  1.00051e+00 -2.50166e-04  1.50127e+00 -2.50040e-04  1.00084e+00  1.00033e+00
 3.36000e+01  1.00051e+00 -2.49303e-04  1.50128e+00 -2.49175e-04  1.00085e+00  1.00034e+00
 3.37000e+01  1.00052e+00 -2.48428e-04  1.50129e+00 -2.48300e-04  1.00086e+00  1.00034e+00
 3.38000e+01  1.00052e+00 -2.47543e-04  1.50130e+00 -2.47414e-04  1.00086e+00  1.00034e+00
 3.39000e+01  1.00053e+00 -2.46648e-04  1.50132e+00 -2.46518e-04  1.00087e+00  1.00035e+00
 3.40000e+01  1.00053e+00 -2.45742e-04  1.50133e+00 -2.45611e-04  1.00088e+00  1.00035e+00
 3.41000e+01  1.00054e+00 -2.44825e-04  1.50134e+00 -2.44694e-04  1.00089e+00  1.00035e+00
 3.42000e+01  1.00054e+00 -2.43898e-04  1.50135e+00 -2.43766e-04  1.00090e+00  1.00036e+00
 3.43000e+01  1.00055e+00 -2.42960e-04  1.50136e+00 -2.42828e-04  1.00091e+00  1.00036e+00
 3.44000e+01  1.00055e+00 -2.42012e-04  1.50138e+00 -2.41879e-04  1.00091e+00  1.00036e+00
 3.45000e+01  1.00056e+00 -2.41054e-04  1.50139e+00 -2.40920e-04  1.00092e+00  1.00037e+00
 3.46000e+01  1.00056e+00 -2.40085e-04  1.50140e+00 -2.39951e-04  1.00093e+00  1.00037e+00
 3.47000e+01  1.00057e+00 -2.39106e-04  1.50141e+00 -2.38971e-04  1.00094e+00  1.00037e+00
 3.48000e+01  1.00057e+00 -2.38117e-04  1.50142e+00 -2.37981e-04  1.00095e+00  1.00038e+00
 3.49000e+01  1.00057e+00 -2.37117e-04  1.50144e+00 -2.36981e-04  1.00095e+00  1.00038e+00
 3.50000e+01  1.00058e+00 -2.36107e-04  1.50145e+00 -2.35970e-04  1.00096e+00  1.00038e+00
 3.51000e+01  1.00058e+00 -2.35087e-04  1.50146e+00 -2.34950e-04  1.00097e+00  1.00039e+00
 3.52000e+01  1.00059e+00 -2.34057e-04  1.50147e+00 -2.33919e-04  1.00098e+00  1.00039e+00
 3.53000e+01  1.00059e+00 -2.33017e-04  1.50148e+00 -2.32878e-04  1.00099e+00  1.00039e+00
 3.54000e+01  1.00060e+00 -2.31966e-04  1.50150e+00 -2.31827e-04  1.00099e+00  1.00039e+00
 3.55000e+01  1.00060e+00 -2.30906e-04  1.50151e+00 -2.30767e-04  1.00100e+00  1.00040e+00
 3.56000e+01  1.00061e+00 -2.29835e-04  1.50152e+00 -2.29696e-04  1.00101e+00  1.00040e+00
 3.57000e+01  1.00061e+00 -2.28755e-04  1.50153e+00 -2.28615e-04  1.00102e+00  1.00040e+00
 3.58000e+01  1.00062e+00 -2.27665e-04  1.50154e+00 -2.27525e-04  1.00102e+00  1.00041e+00
 3.59000e+01  1.00062e+00 -2.26565e-04  1.50155e+00 -2.26424e-04  1.00103e+00  1.00041e+00
 3.60000e+01  1.00063e+00 -2.25455e-04  1.50156e+00 -2.25314e-04  1.00104e+00  1.00041e+00
 3.61000e+01  1.00063e+00 -2.24335e-04  1.50158e+00 -2.24194e-04  1.00105e+00  1.00042e+00
 3.62000e+01  1.00063e+00 -2.23205e-04  1.50159e+00 -2.23064e-04  1.00105e+00  1.00042e+00
 3.63000e+01  1.00064e+00 -2.22066e-04  1.50160e+00 -2.21924e-04  1.00106e+00  1.00042e+00
 3.64000e+01  1.00064e+00 -2.20917e-04  1.50161e+00 -2.20775e-04  1.00107e+00  1.00042e+00
 3.65000e+01  1.00065e+00 -2.19759e-04  1.50162e+00 -2.19617e-04  1.00108e+00  1.00043e+00
 3.66000e+01  1.00065e+00 -2.18591e-04  1.50163e+00 -2.18448e-04  1.00108e+00  1.00043e+00
 3.67000e+01  1.00066e+00 -2.17413e-04  1.50164e+00 -2.17271e-04  1.00109e+00  1.00043e+00
 3.68000e+01  1.00066e+00 -2.16226e-04  1.50165e+00 -2.16083e-04  1.00110e+00  1.00044e+00
 3.69000e+01  1.00066e+00 -2.15030e-04  1.50166e+00 -2.14887e-04  1.00110e+00  1.00044e+00
 3.70000e+01  1.00067e+00 -2.13824e-04  1.50167e+00 -2.13681e-04  1.00111e+00  1.00044e+00
 3.71000e+01  1.00067e+00 -2.12608e-04  1.50168e+00 -2.12465e-04  1.00112e+00  1.00044e+00
 3.72000e+01  1.00068e+00 -2.11384e-04  1.50169e+00 -2.11241e-04  1.00112e+00  1.00045e+00
 3.73000e+01  1.00068e+00 -2.10150e-04  1.50170e+00 -2.10007e-04  1.00113e+00  1.00045e+00
 3.74000e+01  1.00069e+00 -2.08907e-04  1.50171e+00 -2.08764e-04  1.00114e+00  1.00045e+00
 3.75000e+01  1.00069e+00 -2.07655e-04  1.50172e+00 -2.07512e-04  1.00115e+00  1.00046e+00
 3.76000e+01  1.00069e+00 -2.06394e-04  1.50173e+00 -2.06251e-04  1.00115e+00  1.00046e+00
 3.77000e+01  1.00070e+00 -2.05123e-04  1.50175e+00 -2.04980e-04  1.00116e+00  1.00046e+00
 3.78000e+01  1.00070e+00 -2.03844e-04  1.50176e+00 -2.03701e-04  1.00117e+00  1.00046e+00
 3.79000e+01  1.00071e+00 -2.02556e-04  1.50177e+00 -2.02413e-04  1.00117e+00  1.00047e+00
 3.80000e+01  1.00071e+00 -2.01259e-04  1.50177e+00 -2.01116e-04  1.00118e+00  1.00047e+00
 3.81000e+01  1.00071e+00 -1.99953e-04  1.50178e+00 -1.99810e-04  1.00119e+00  1.00047e+00
 3.82000e+01  1.00072e+00 -1.98638e-04  1.50179e+00 -1.98495e-04  1.00119e+00  1.00047e+00
 3.83000e+01  1.00072e+00 -1.97314e-04  1.50180e+00 -1.97172e-04  1.00120e+00  1.00048e+00
 3.84000e+01  1.00073e+00 -1.95982e-04  1.50181e+00 -1.95840e-04  1.00120e+00  1.00048e+00
 3.85000e+01  1.00073e+00 -1.94641e-04  1.50182e+00 -1.94499e-04  1.00121e+00  1.00048e+00
 3.86000e+01  1.00073e+00 -1.93292e-04  1.50183e+00 -1.93150e-04  1.00122e+00  1.00048e+00
 3.87000e+01  1.00074e+00 -1.91934e-04  1.50184e+00 -1.91792e-04  1.00122e+00  1.00049e+00
 3.88000e+01  1.00074e+00 -1.90567e-04  1.50185e+00 -1.90426e-04  1.00123e+00  1.00049e+00
 3.89000e+01  1.00074e+00 -1.89192e-04  1.50186e+00 -1.89052e-04  1.00124e+00  1.00049e+00
 3.90000e+01  1.00075e+00 -1.87809e-04  1.50187e+00 -1.87669e-04  1.00124e+00  1.00049e+00
 3.91000e+01  1.00075e+00 -1.86417e-04  1.50188e+00 -1.86277e-04  1.00125e+00  1.00050e+00
 3.92000e+01  1.00076e+00 -1.85018e-04  1.50189e+00 -1.84878e-04  1.00125e+00  1.00050e+00
 3.93000e+01  1.00076e+00 -1.83610e-04  1.50190e+00 -1.83470e-04  1.00126e+00  1.00050e+00
 3.94000e+01  1.00076e+00 -1.82194e-04  1.50191e+00 -1.82055e-04  1.00127e+00  1.00050e+00
 3.95000e+01  1.00077e+00 -1.80769e-04  1.50192e+00 -1.80631e-04  1.00127e+00  1.00051e+00
 3.96000e+01  1.00077e+00 -1.79337e-04  1.50192e+00 -1.79199e-04  1.00128e+00  1.00051e+00
 3.97000e+01  1.00077e+00 -1.77897e-04  1.50193e+00 -1.77760e-04  1.00128e+00  1.00051e+00
 3.98000e+01  1.00078e+00 -1.76449e-04  1.50194e+00 -1.76312e-04  1.00129e+00  1.00051e+00
 3.99000e+01  1.00078e+00 -1.74993e-04  1.50195e+00 -1.74857e-04  1.00129e+00  1.00051e+00
 4.00000e+01  1.00078e+00 -1.73529e-04  1.50196e+00 -1.73394e-04  1.00130e+00  1.00052e+00
 4.01000e+01  1.00079e+00 -1.72058e-04  1.50197e+00 -1.71923e-04  1.00131e+00  1.00052e+00
 4.02000e+01  1.00079e+00 -1.70579e-04  1.50197e+00 -1.70444e-04  1.00131e+00  1.00052e+00
 4.03000e+01  1.00079e+00 -1.69092e-04  1.50198e+00 -1.68958e-04  1.00132e+00  1.00052e+00
 4.04000e+01  1.00080e+00 -1.67598e-04  1.50199e+00 -1.67465e-04  1.00132e+00  1.00053e+00
 4.05000e+01  1.00080e+00 -1.66097e-04  1.50200e+00 -1.65964e-04  1.00133e+00  1.00053e+00
 4.06000e+01  1.00080e+00 -1.64588e-04  1.50201e+00 -1.64456e-04  1.00133e+00  1.00053e+00
 4.07000e+01  1.00081e+00 -1.63071e-04  1.50202e+00 -1.62940e-04  1.00134e+00  1.00053e+00
 4.08000e+01  1.00081e+00 -1.61548e-04  1.50202e+00 -1.61417e-04  1.00134e+00  1.00053e+00
 4.09000e+01  1.00081e+00 -1.60017e-04  1.50203e+00 -1.59887e-04  1.00135e+00  1.00054e+00
 4.10000e+01  1.00082e+00 -1.58479e-04  1.50204e+00 -1.58350e-04  1.00135e+00  1.00054e+00
 4.11000e+01  1.00082e+00 -1.56934e-04  1.50205e+00 -1.56806e-04  1.00136e+00  1.00054e+00
 4.12000e+01  1.00082e+00 -1.55382e-04  1.50205e+00 -1.55254e-04  1.00136e+00  1.00054e+00
 4.13000e+01  1.00082e+00 -1.53823e-04  1.50206e+00 -1.53696e-04  1.00137e+00  1.00054e+00
 4.14000e+01  1.00083e+00 -1.52257e-04  1.50207e+00 -1.52131e-04  1.00137e+00  1.00055e+00
 4.15000e+01  1.00083e+00 -1.50684e-04  1.50208e+00 -1.50559e-04  1.00138e+00  1.00055e+00
 4.16000e+01  1.00083e+00 -1.49105e-04  1.50208e+00 -1.48981e-04  1.00138e+00  1.00055e+00
 4.17000e+01  1.00084e+00 -1.47519e-04  1.50209e+00 -1.47396e-04  1.00139e+00  1.00055e+00
 4.18000e+01  1.00084e+00 -1.45926e-04  1.50210e+00 -1.45804e-04  1.00139e+00  1.00055e+00
 4.19000e+01  1.00084e+00 -1.44327e-04  1.50210e+00 -1.44206e-04  1.00140e+00  1.00056e+00
 4.20000e+01  1.00084e+00 -1.42721e-04  1.50211e+00 -1.42601e-04  1.00140e+00  1.00056e+00
 4.21000e+01  1.00085e+00 -1.41109e-04  1.50212e+00 -1.40990e-04  1.00141e+00  1.00056e+00
 4.22000e+01  1.00085e+00 -1.39491e-04  1.50213e+00 -1.39373e-04  1.00141e+00  1.00056e+00
 4.23000e+01  1.00085e+00 -1.37866e-04  1.50213e+00 -1.37749e-04  1.00142e+00  1.00056e+00
 4.24000e+01  1.00086e+00 -1.36235e-04  1.50214e+00 -1.36119e-04  1.00142e+00  1.00056e+00
 4.25000e+01  1.00086e+00 -1.34598e-04  1.50214e+00 -1.34483e-04  1.00142e+00  1.00057e+00
 4.26000e+01  1.00086e+00 -1.32955e-04  1.50215e+00 -1.32841e-04  1.00143e+00  1.00057e+00
 4.27000e+01  1.00086e+00 -1.31306e-04  1.50216e+00 -1.31193e-04  1.00143e+00  1.00057e+00
 4.28000e+01  1.00087e+00 -1.29652e-04  1.50216e+00 -1.29539e-04  1.00144e+00  1.00057e+00
 4.29000e+01  1.00087e+00 -1.27991e-04  1.50217e+00 -1.27880e-04  1.00144e+00  1.00057e+00
 4.30000e+01  1.00087e+00 -1.26324e-04  1.50218e+00 -1.26214e-04  1.00145e+00  1.00057e+00
 4.31000e+01  1.00087e+00 -1.24652e-04  1.50218e+00 -1.24543e-04  1.00145e+00  1.00058e+00
 4.32000e+01  1.00087e+00 -1.22974e-04  1.50219e+00 -1.22867e-04  1.00145e+00  1.00058e+00
 4.33000e+01  1.00088e+00 -1.21291e-04  1.50219e+00 -1.21185e-04  1.00146e+00  1.00058e+00
 4.34000e+01  1.00088e+00 -1.19602e-04  1.50220e+00 -1.19497e-04  1.00146e+00  1.00058e+00
 4.35000e+01  1.00088e+00 -1.17908e-04  1.50221e+00 -1.17804e-04  1.00146e+00  1.00058e+00
 4.36000e+01  1.00088e+00 -1.16209e-04  1.50221e+00 -1.16106e-04  1.00147e+00  1.00058e+00
 4.37000e+01  1.00089e+00 -1.14504e-04  1.50222e+00 -1.14403e-04  1.00147e+00  1.00059e+00
 4.38000e+01  1.00089e+00 -1.12794e-04  1.50222e+00 -1.12694e-04  1.00148e+00  1.00059e+00
 4.39000e+01  1.00089e+00 -1.11079e-04  1.50223e+00 -1.10980e-04  1.00148e+00  1.00059e+00
 4.40000e+01  1.00089e+00 -1.09359e-04  1.50223e+00 -1.09262e-04  1.00148e+00  1.00059e+00
 4.41000e+01  1.00089e+00 -1.07634e-04  1.50224e+00 -1.07538e-04  1.00149e+00  1.00059e+00
 4.42000e+01  1.00090e+00 -1.05904e-04  1.50224e+00 -1.05809e-04  1.00149e+00  1.00059e+00
 4.43000e+01  1.00090e+00 -1.04170e-04  1.50225e+00 -1.04076e-04  1.00149e+00  1.00059e+00
 4.44000e+01  1.00090e+00 -1.02431e-04  1.50225e+00 -1.02338e-04  1.00150e+00  1.00059e+00
 4.45000e+01  1.00090e+00 -1.00687e-04  1.50226e+00 -1.00596e-04  1.00150e+00  1.00060e+00
 4.46000e+01  1.00090e+00 -9.89382e-05  1.50226e+00 -9.88487e-05  1.00150e+00  1.00060e+00
 4.47000e+01  1.00091e+00 -9.71852e-05  1.50227e+00 -9.70972e-05  1.00151e+00  1.00060e+00
 4.48000e+01  1.00091e+00 -9.54279e-05  1.50227e+00 -9.53413e-05  1.00151e+00  1.00060e+00
 4.49000e+01  1.00091e+00 -9.36663e-05  1.50228e+00 -9.35811e-05  1.00151e+00  1.00060e+00
 4.50000e+01  1.00091e+00 -9.19004e-05  1.50228e+00 -9.18167e-05  1.00151e+00  1.00060e+00
 4.51000e+01  1.00091e+00 -9.01304e-05  1.50229e+00 -9.00481e-05  1.00152e+00  1.00060e+00
 4.52000e+01  1.00092e+00 -8.83562e-05  1.50229e+00 -8.82754e-05  1.00152e+00  1.00060e+00
 4.53000e+01  1.00092e+00 -8.65781e-05  1.50229e+00 -8.64988e-05  1.00152e+00  1.00061e+00
 4.54000e+01  1.00092e+00 -8.47961e-05  1.50230e+00 -8.47182e-05  1.00153e+00  1.00061e+00
 4.55000e+01  1.00092e+00 -8.30102e-05  1.50230e+00 -8.29339e-05  1.00153e+00  1.00061e+00
 4.56000e+01  1.00092e+00 -8.12205e-05  1.50231e+00 -8.11457e-05  1.00153e+00  1.00061e+00
 4.57000e+01  1.00092e+00 -7.94272e-05  1.50231e+00 -7.93539e-05  1.00153e+00  1.00061e+00
 4.58000e+01  1.00092e+00 -7.76303e-05  1.50231e+00 -7.75585e-05  1.00154e+00  1.00061e+00
 4.59000e+01  1.00093e+00 -7.58298e-05  1.50232e+00 -7.57596e-05  1.00154e+00  1.00061e+00
 4.60000e+01  1.00093e+00 -7.40259e-05  1.50232e+00 -7.39573e-05  1.00154e+00  1.00061e+00
 4.61000e+01  1.00093e+00 -7.22187e-05  1.50232e+00 -7.21516e-05  1.00154e+00  1.00061e+00
 4.62000e+01  1.00093e+00 -7.04082e-05  1.50233e+00 -7.03427e-05  1.00155e+00  1.00061e+00
 4.63000e+01  1.00093e+00 -6.85944e-05  1.50233e+00 -6.85306e-05  1.00155e+00  1.00062e+00
 4.64000e+01  1.00093e+00 -6.67776e-05  1.50233e+00 -6.67154e-05  1.00155e+00  1.00062e+00
 4.65000e+01  1.00093e+00 -6.49577e-05  1.50234e+00 -6.48971e-05  1.00155e+00  1.00062e+00
 4.66000e+01  1.00094e+00 -6.31349e-05  1.50234e+00 -6.30759e-05  1.00155e+00  1.00062e+00
 4.67000e+01  1.00094e+00 -6.13093e-05  1.50234e+00 -6.12519e-05  1.00156e+00  1.00062e+00
 4.68000e+01  1.00094e+00 -5.94808e-05  1.50235e+00 -5.94250e-05  1.00156e+00  1.00062e+00
 4.69000e+01  1.00094e+00 -5.76496e-05  1.50235e+00 -5.75955e-05  1.00156e+00  1.00062e+00
 4.70000e+01  1.00094e+00 -5.58158e-05  1.50235e+00 -5.57634e-05  1.00156e+00  1.00062e+00
 4.71000e+01  1.00094e+00 -5.39795e-05  1.50235e+00 -5.39287e-05  1.00156e+00  1.00062e+00
 4.72000e+01  1.00094e+00 -5.21407e-05  1.50236e+00 -5.20916e-05  1.00156e+00  1.00062e+00
 4.73000e+01  1.00094e+00 -5.02996e-05  1.50236e+00 -5.02522e-05  1.00157e+00  1.00062e+00
 4.74000e+01  1.00094e+00 -4.84561e-05  1.50236e+00 -4.84104e-05  1.00157e+00  1.00062e+00
 4.75000e+01  1.00094e+00 -4.66105e-05  1.50236e+00 -4.65665e-05  1.00157e+00  1.00062e+00
 4.76000e+01  1.00095e+00 -4.47627e-05  1.50237e+00 -4.47204e-05  1.00157e+00  1.00062e+00
 4.77000e+01  1.00095e+00 -4.29130e-05  1.50237e+00 -4.28724e-05  1.00157e+00  1.00063e+00
 4.78000e+01  1.00095e+00 -4.10612e-05  1.50237e+00 -4.10223e-05  1.00157e+00  1.00063e+00
 4.79000e+01  1.00095e+00 -3.92076e-05  1.50237e+00 -3.91705e-05  1.00158e+00  1.00063e+00
 4.80000e+01  1.00095e+00 -3.73522e-05  1.50237e+00 -3.73168e-05  1.00158e+00  1.00063e+00
 4.81000e+01  1.00095e+00 -3.54951e-05  1.50237e+00 -3.54614e-05  1.00158e+00  1.00063e+00
 4.82000e+01  1.00095e+00 -3.36364e-05  1.50238e+00 -3.36045e-05  1.00158e+00  1.00063e+00
 4.83000e+01  1.00095e+00 -3.17761e-05  1.50238e+00 -3.17460e-05  1.00158e+00  1.00063e+00
 4.84000e+01  1.00095e+00 -2.99145e-05  1.50238e+00 -2.98860e-05  1.00158e+00  1.00063e+00
 4.85000e+01  1.00095e+00 -2.80514e-05  1.50238e+00 -2.80247e-05  1.00158e+00  1.00063e+00
 4.86000e+01  1.00095e+00 -2.61871e-05  1.50238e+00 -2.61622e-05  1.00158e+00  1.00063e+00
 4.87000e+01  1.00095e+00 -2.43216e-05  1.50238e+00 -2.42984e-05  1.00158e+00  1.00063e+00
 4.88000e+01  1.00095e+00 -2.24549e-05  1.50238e+00 -2.24335e-05  1.00158e+00  1.00063e+00
 4.89000e+01  1.00095e+00 -2.05873e-05  1.50239e+00 -2.05677e-05  1.00158e+00  1.00063e+00
 4.90000e+01  1.00095e+00 -1.87187e-05  1.50239e+00 -1.87008e-05  1.00159e+00  1.00063e+00
 4.91000e+01  1.00095e+00 -1.68493e-05  1.50239e+00 -1.68332e-05  1.00159e+00  1.00063e+00
 4.92000e+01  1.00095e+00 -1.49790e-05  1.50239e+00 -1.49648e-05  1.00159e+00  1.00063e+00
 4.93000e+01  1.00096e+00 -1.31082e-05  1.50239e+00 -1.30957e-05  1.00159e+00  1.00063e+00
 4.94000e+01  1.00096e+00 -1.12367e-05  1.50239e+00 -1.12259e-05  1.00159e+00  1.00063e+00
 4.95000e+01  1.00096e+00 -9.36468e-06  1.50239e+00 -9.35574e-06  1.00159e+00  1.00063e+00
 4.96000e+01  1.00096e+00 -7.49225e-06  1.50239e+00 -7.48510e-06  1.00159e+00  1.00063e+00
 4.97000e+01  1.00096e+00 -5.61949e-06  1.50239e+00 -5.61412e-06  1.00159e+00  1.00063e+00
 4.98000e+01  1.00096e+00 -3.74647e-06  1.50239e+00 -3.74289e-06  1.00159e+00  1.00063e+00
 4.99000e+01  1.00096e+00 -1.87328e-06  1.50239e+00 -1.87149e-06  1.00159e+00  1.00063e+00
 5.00000e+01  1.00096e+00 -0.00000e+00  1.50239e+00 -0.00000e+00  1.00159e+00  1.00063e+00
 5.01000e+01  1.00096e+00  1.87328e-06  1.50239e+00  1.87149e-06  1.00159e+00  1.00063e+00
 5.02000e+01  1.00096e+00  3.74647e-06  1.50239e+00  3.74289e-06  1.00159e+00  1.00063e+00
 5.03000e+01  1.00096e+00  5.61949e-06  1.50239e+00  5.61412e-06  1.00159e+00  1.00063e+00
 5.04000e+01  1.00096e+00  7.49225e-06  1.50239e+00  7.48510e-06  1.00159e+00  1.00063e+00
 5.05000e+01  1.00096e+00  9.36468e-06  1.50239e+00  9.35574e-06  1.00159e+00  1.00063e+00
 5.06000e+01  1.00096e+00  1.12367e-05  1.50239e+00  1.12259e-05  1.00159e+00  1.00063e+00
 5.07000e+01  1.00096e+00  1.31082e-05  1.50239e+00  1.30957e-05  1.00159e+00  1.00063e+00
 5.08000e+01  1.00095e+00  1.49790e-05  1.50239e+00  1.49648e-05  1.00159e+00  1.00063e+00
 5.09000e+01  1.00095e+00  1.68493e-05  1.50239e+00  1.68332e-05  1.00159e+00  1.00063e+00
 5.10000e+01  1.00095e+00  1.87187e-05  1.50239e+00  1.87008e-05  1.00159e+00  1.00063e+00
 5.11000e+01  1.00095e+00  2.05873e-05  1.50239e+00  2.05677e-05  1.00158e+00  1.00063e+00
 5.12000e+01  1.00095e+00  2.24549e-05  1.50238e+00  2.24335e-05  1.00158e+00  1.00063e+00
 5.13000e+01  1.00095e+00  2.43216e-05  1.50238e+00  2.42984e-05  1.00158e+00  1.00063e+00
 5.14000e+01  1.00095e+00  2.61871e-05  1.50238e+00  2.61622e-05  1.00158e+00  1.00063e+00
 5.15000e+01  1.00095e+00  2.80514e-05  1.50238e+00  2.80247e-05  1.00158e+00  1.00063e+00
 5.16000e+01  1.00095e+00  2.99145e-05  1.50238e+00  2.98860e-05  1.00158e+00  1.00063e+00
 5.17000e+01  1.00095e+00  3.17761e-05  1.50238e+00  3.17460e-05  1.00158e+00  1.00063e+00
 5.18000e+01  1.00095e+00  3.36364e-05  1.50238e+00  3.36045e-05  1.00158e+00  1.00063e+00
 5.19000e+01  1.00095e+00  3.54951e-05  1.50237e+00  3.54614e-05  1.00158e+00  1.00063e+00
 5.20000e+01  1.00095e+00  3.73522e-05  1.50237e+00  3.73168e-05  1.00158e+00  1.00063e+00
 5.21000e+01  1.00095e+00  3.92076e-05  1.50237e+00  3.91705e-05  1.00158e+00  1.00063e+00
 5.22000e+01  1.00095e+00  4.10612e-05  1.50237e+00  4.10223e-05  1.00157e+00  1.00063e+00
 5.23000e+01  1.00095e+00  4.29130e-05  1.50237e+00  4.28724e-05  1.00157e+00  1.00063e+00
 5.24000e+01  1.00095e+00  4.47627e-05  1.50237e+00  4.47204e-05  1.00157e+00  1.00062e+00
 5.25000e+01  1.00094e+00  4.66105e-05  1.50236e+00  4.65665e-05  1.00157e+00  1.00062e+00
 5.26000e+01  1.00094e+00  4.84561e-05  1.50236e+00  4.84104e-05  1.00157e+00  1.00062e+00
 5.27000e+01  1.00094e+00  5.02996e-05  1.50236e+00  5.02522e-05  1.00157e+00  1.00062e+00
 5.28000e+01  1.00094e+00  5.21407e-05  1.50236e+00  5.20916e-05  1.00156e+00  1.00062e+00
 5.29000e+01  1.00094e+00  5.39795e-05  1.50235e+00  5.39287e-05  1.00156e+00  1.00062e+00
 5.30000e+01  1.00094e+00  5.58158e-05  1.50235e+00  5.57634e-05  1.00156e+00  1.00062e+00
 5.31000e+01  1.00094e+00  5.76496e-05  1.50235e+00  5.75955e-05  1.00156e+00  1.00062e+00
 5.32000e+01  1.00094e+00  5.94808e-05  1.50235e+00  5.94250e-05  1.00156e+00  1.00062e+00
 5.33000e+01  1.00094e+00  6.13093e-05  1.50234e+00  6.12519e-05  1.00156e+00  1.00062e+00
 5.34000e+01  1.00094e+00  6.31349e-05  1.50234e+00  6.30759e-05  1.00155e+00  1.00062e+00
 5.35000e+01  1.00093e+00  6.49577e-05  1.50234e+00  6.48971e-05  1.00155e+00  1.00062e+00
 5.36000e+01  1.00093e+00  6.67776e-05  1.50233e+00  6.67154e-05  1.00155e+00  1.00062e+00
 5.37000e+01  1.00093e+00  6.85944e-05  1.50233e+00  6.85306e-05  1.00155e+00  1.00062e+00
 5.38000e+01  1.00093e+00  7.04082e-05  1.50233e+00  7.03427e-05  1.00155e+00  1.00061e+00
 5.39000e+01  1.00093e+00  7.22187e-05  1.50232e+00  7.21516e-05  1.00154e+00  1.00061e+00
 5.40000e+01  1.00093e+00  7.40259e-05  1.50232e+00  7.39573e-05  1.00154e+00  1.00061e+00
 5.41000e+01  1.00093e+00  7.58298e-05  1.50232e+00  7.57596e-05  1.00154e+00  1.00061e+00
 5.42000e+01  1.00092e+00  7.76303e-05  1.50231e+00  7.75585e-05  1.00154e+00  1.00061e+00
 5.43000e+01  1.00092e+00  7.94272e-05  1.50231e+00  7.93539e-05  1.00153e+00  1.00061e+00
 5.44000e+01  1.00092e+00  8.12205e-05  1.50231e+00  8.11457e-05  1.00153e+00  1.00061e+00
 5.45000e+01  1.00092e+00  8.30102e-05  1.50230e+00  8.29339e-05  1.00153e+00  1.00061e+00
 5.46000e+01  1.00092e+00  8.47961e-05  1.50230e+00  8.47182e-05  1.00153e+00  1.00061e+00
 5.47000e+01  1.00092e+00  8.65781e-05  1.50229e+00  8.64988e-05  1.00152e+00  1.00061e+00
 5.48000e+01  1.00092e+00  8.83562e-05  1.50229e+00  8.82754e-05  1.00152e+00  1.00060e+00
 5.49000e+01  1.00091e+00  9.01304e-05  1.50229e+00  9.00481e-05  1.00152e+00  1.00060e+00
 5.50000e+01  1.00091e+00  9.19004e-05  1.50228e+00  9.18167e-05  1.00151e+00  1.00060e+00
 5.51000e+01  1.00091e+00  9.36663e-05  1.50228e+00  9.35811e-05  1.00151e+00  1.00060e+00
 5.52000e+01  1.00091e+00  9.54279e-05  1.50227e+00  9.53413e-05  1.00151e+00  1.00060e+00
 5.53000e+01  1.00091e+00  9.71852e-05  1.50227e+00  9.70972e-05  1.00151e+00  1.00060e+00
 5.54000e+01  1.00090e+00  9.89382e-05  1.50226e+00  9.88487e-05  1.00150e+00  1.00060e+00
 5.55000e+01  1.00090e+00  1.00687e-04  1.50226e+00  1.00596e-04  1.00150e+00  1.00060e+00
 5.56000e+01  1.00090e+00  1.02431e-04  1.50225e+00  1.02338e-04  1.00150e+00  1.00059e+00
 5.57000e+01  1.00090e+00  1.04170e-04  1.50225e+00  1.04076e-04  1.00149e+00  1.00059e+00
 5.58000e+01  1.00090e+00  1.05904e-04  1.50224e+00  1.05809e-04  1.00149e+00  1.00059e+00
 5.59000e+01  1.00089e+00  1.07634e-04  1.50224e+00  1.07538e-04  1.00149e+00  1.00059e+00
 5.60000e+01  1.00089e+00  1.09359e-04  1.50223e+00  1.09262e-04  1.00148e+00  1.00059e+00
 5.61000e+01  1.00089e+00  1.11079e-04  1.50223e+00  1.10980e-04  1.00148e+00  1.00059e+00
 5.62000e+01  1.00089e+00  1.12794e-04  1.50222e+00  1.12694e-04  1.00148e+00  1.00059e+00
 5.63000e+01  1.00089e+00  1.14504e-04  1.50222e+00  1.14403e-04  1.00147e+00  1.00059e+00
 5.64000e+01  1.00088e+00  1.16209e-04  1.50221e+00  1.16106e-04  1.00147e+00  1.00058e+00
 5.65000e+01  1.00088e+00  1.17908e-04  1.50221e+00  1.17804e-04  1.00146e+00  1.00058e+00
 5.66000e+01  1.00088e+00  1.19602e-04  1.50220e+00  1.19497e-04  1.00146e+00  1.00058e+00
 5.67000e+01  1.00088e+00  1.21291e-04  1.50219e+00  1.21185e-04  1.00146e+00  1.00058e+00
 5.68000e+01  1.00087e+00  1.22974e-04  1.50219e+00  1.22867e-04  1.00145e+00  1.00058e+00
 5.69000e+01  1.00087e+00  1.24652e-04  1.50218e+00  1.24543e-04  1.00145e+00  1.00058e+00
 5.70000e+01  1.00087e+00  1.26324e-04  1.50218e+00  1.26214e-04  1.00145e+00  1.00057e+00
 5.71000e+01  1.00087e+00  1.27991e-04  1.50217e+00  1.27880e-04  1.00144e+00  1.00057e+00
 5.72000e+01  1.00087e+00  1.29652e-04  1.50216e+00  1.29539e-04  1.00144e+00  1.00057e+00
 5.73000e+01  1.00086e+00  1.31306e-04  1.50216e+00  1.31193e-04  1.00143e+00  1.00057e+00
 5.74000e+01  1.00086e+00  1.32955e-04  1.50215e+00  1.32841e-04  1.00143e+00  1.00057e+00
 5.75000e+01  1.00086e+00  1.34598e-04  1.50214e+00  1.34483e-04  1.00142e+00  1.00057e+00
 5.76000e+01  1.00086e+00  1.36235e-04  1.50214e+00  1.36119e-04  1.00142e+00  1.00056e+00
 5.77000e+01  1.00085e+00  1.37866e-04  1.50213e+00  1.37749e-04  1.00142e+00  1.00056e+00
 5.78000e+01  1.00085e+00  1.39491e-04  1.50213e+00  1.39373e-04  1.00141e+00  1.00056e+00
 5.79000e+01  1.00085e+00  1.41109e-04  1.50212e+00  1.40990e-04  1.00141e+00  1.00056e+00
 5.80000e+01  1.00084e+00  1.42721e-04  1.50211e+00  1.42601e-04  1.00140e+00  1.00056e+00
 5.81000e+01  1.00084e+00  1.44327e-04  1.50210e+00  1.44206e-04  1.00140e+00  1.00056e+00
 5.82000e+01  1.00084e+00  1.45926e-04  1.50210e+00  1.45804e-04  1.00139e+00  1.00055e+00
 5.83000e+01  1.00084e+00  1.47519e-04  1.50209e+00  1.47396e-04  1.00139e+00  1.00055e+00
 5.84000e+01  1.00083e+00  1.49105e-04  1.50208e+00  1.48981e-04  1.00138e+00  1.00055e+00
 5.85000e+01  1.00083e+00  1.50684e-04  1.50208e+00  1.50559e-04  1.00138e+00  1.00055e+00
 5.86000e+01  1.00083e+00  1.52257e-04  1.50207e+00  1.52131e-04  1.00137e+00  1.00055e+00
 5.87000e+01  1.00082e+00  1.53823e-04  1.50206e+00  1.53696e-04  1.00137e+00  1.00054e+00
 5.88000e+01  1.00082e+00  1.55382e-04  1.50205e+00  1.55254e-04  1.00136e+00  1.00054e+00
 5.89000e+01  1.00082e+00  1.56934e-04  1.50205e+00  1.56806e-04  1.00136e+00  1.00054e+00
 5.90000e+01  1.00082e+00  1.58479e-04  1.50204e+00  1.58350e-04  1.00135e+00  1.00054e+00
 5.91000e+01  1.00081e+00  1.60017e-04  1.50203e+00  1.59887e-04  1.00135e+00  1.00054e+00
 5.92000e+01  1.00081e+00  1.61548e-04  1.50202e+00  1.61417e-04  1.00134e+00  1.00053e+00
 5.93000e+01  1.00081e+00  1.63071e-04  1.50202e+00  1.62940e-04  1.00134e+00  1.00053e+00
 5.94000e+01  1.00080e+00  1.64588e-04  1.50201e+00  1.64456e-04  1.00133e+00  1.00053e+00
 5.95000e+01  1.00080e+00  1.66097e-04  1.50200e+00  1.65964e-04  1.00133e+00  1.00053e+00
 5.96000e+01  1.00080e+00  1.67598e-04  1.50199e+00  1.67465e-04  1.00132e+00  1.00053e+00
 5.97000e+01  1.00079e+00  1.69092e-04  1.50198e+00  1.68958e-04  1.00132e+00  1.00052e+00
 5.98000e+01  1.00079e+00  1.70579e-04  1.50197e+00  1.70444e-04  1.00131e+00  1.00052e+00
 5.99000e+01  1.00079e+00  1.72058e-04  1.50197e+00  1.71923e-04  1.00131e+00  1.00052e+00
 6.00000e+01  1.00078e+00  1.73529e-04  1.50196e+00  1.73394e-04  1.00130e+00  1.00052e+00
 6.01000e+01  1.00078e+00  1.74993e-04  1.50195e+00  1.74857e-04  1.00129e+00  1.00051e+00
 6.02000e+01  1.00078e+00  1.76449e-04  1.50194e+00  1.76312e-04  1.00129e+00  1.00051e+00
 6.03000e+01  1.00077e+00  1.77897e-04  1.50193e+00  1.77760e-04  1.00128e+00  1.00051e+00
 6.04000e+01  1.00077e+00  1.79337e-04  1.50192e+00  1.79199e-04  1.00128e+00  1.00051e+00
 6.05000e+01  1.00077e+00  1.80769e-04  1.50192e+00  1.80631e-04  1.00127e+00  1.00051e+00
 6.06000e+01  1.00076e+00  1.82194e-04  1.50191e+00  1.82055e-04  1.00127e+00  1.00050e+00
 6.07000e+01  1.00076e+00  1.83610e-04  1.50190e+00  1.83470e-04  1.00126e+00  1.00050e+00
 6.08000e+01  1.00076e+00  1.85018e-04  1.50189e+00  1.84878e-04  1.00125e+00  1.00050e+00
 6.09000e+01  1.00075e+00  1.86417e-04  1.50188e+00  1.86277e-04  1.00125e+00  1.00050e+00
 6.10000e+01  1.00075e+00  1.87809e-04  1.50187e+00  1.87669e-04  1.00124e+00  1.00049e+00
 6.11000e+01  1.00074e+00  1.89192e-04  1.50186e+00  1.89052e-04  1.00124e+00  1.00049e+00
 6.12000e+01  1.00074e+00  1.90567e-04  1.50185e+00  1.90426e-04  1.00123e+00  1.00049e+00
 6.13000e+01  1.00074e+00  1.91934e-04  1.50184e+00  1.91792e-04  1.00122e+00  1.00049e+00
 6.14000e+01  1.00073e+00  1.93292e-04  1.50183e+00  1.93150e-04  1.00122e+00  1.00048e+00
 6.15000e+01  1.00073e+00  1.94641e-04  1.50182e+00  1.94499e-04  1.00121e+00  1.00048e+00
 6.16000e+01  1.00073e+00  1.95982e-04  1.50181e+00  1.95840e-04  1.00120e+00  1.00048e+00
 6.17000e+01  1.00072e+00  1.97314e-04  1.50180e+00  1.97172e-04  1.00120e+00  1.00048e+00
 6.18000e+01  1.00072e+00  1.98638e-04  1.50179e+00  1.98495e-04  1.00119e+00  1.00047e+00
 6.19000e+01  1.00071e+00  1.99953e-04  1.50178e+00  1.99810e-04  1.00119e+00  1.00047e+00
 6.20000e+01  1.00071e+00  2.01259e-04  1.50177e+00  2.01116e-04  1.00118e+00  1.00047e+00
 6.21000e+01  1.00071e+00  2.02556e-04  1.50177e+00  2.02413e-04  1.00117e+00  1.00047e+00
 6.22000e+01  1.00070e+00  2.03844e-04  1.50176e+00  2.03701e-04  1.00117e+00  1.00046e+00
 6.23000e+01  1.00070e+00  2.05123e-04  1.50175e+00  2.04980e-04  1.00116e+00  1.00046e+00
 6.24000e+01  1.00069e+00  2.06394e-04  1.50173e+00  2.06251e-04  1.00115e+00  1.00046e+00
 6.25000e+01  1.00069e+00  2.07655e-04  1.50172e+00  2.07512e-04  1.00115e+00  1.00046e+00
 6.26000e+01  1.00069e+00  2.08907e-04  1.50171e+00  2.08764e-04  1.00114e+00  1.00045e+00
 6.27000e+01  1.00068e+00  2.10150e-04  1.50170e+00  2.10007e-04  1.00113e+00  1.00045e+00
 6.28000e+01  1.00068e+00  2.11384e-04  1.50169e+00  2.11241e-04  1.00112e+00  1.00045e+00
 6.29000e+01  1.00067e+00  2.12608e-04  1.50168e+00  2.12465e-04  1.00112e+00  1.00044e+00
 6.30000e+01  1.00067e+00  2.13824e-04  1.50167e+00  2.13681e-04  1.00111e+00  1.00044e+00
 6.31000e+01  1.00066e+00  2.15030e-04  1.50166e+00  2.14887e-04  1.00110e+00  1.00044e+00
 6.32000e+01  1.00066e+00  2.16226e-04  1.50165e+00  2.16083e-04  1.00110e+00  1.00044e+00
 6.33000e+01  1.00066e+00  2.17413e-04  1.50164e+00  2.17271e-04  1.00109e+00  1.00043e+00
 6.34000e+01  1.00065e+00  2.18591e-04  1.50163e+00  2.18448e-04  1.00108e+00  1.00043e+00
 6.35000e+01  1.00065e+00  2.19759e-04  1.50162e+00  2.19617e-04  1.00108e+00  1.00043e+00
 6.36000e+01  1.00064e+00  2.20917e-04  1.50161e+00  2.20775e-04  1.00107e+00  1.00042e+00
 6.37000e+01  1.00064e+00  2.22066e-04  1.50160e+00  2.21924e-04  1.00106e+00  1.00042e+00
 6.38000e+01  1.00063e+00  2.23205e-04  1.50159e+00  2.23064e-04  1.00105e+00  1.00042e+00
 6.39000e+01  1.00063e+00  2.24335e-04  1.50158e+00  2.24194e-04  1.00105e+00  1.00042e+00
 6.40000e+01  1.00063e+00  2.25455e-04  1.50156e+00  2.25314e-04  1.00104e+00  1.00041e+00
 6.41000e+01  1.00062e+00  2.26565e-04  1.50155e+00  2.26424e-04  1.00103e+00  1.00041e+00
 6.42000e+01  1.00062e+00  2.27665e-04  1.50154e+00  2.27525e-04  1.00102e+00  1.00041e+00
 6.43000e+01  1.00061e+00  2.28755e-04  1.50153e+00  2.28615e-04  1.00102e+00  1.00040e+00
 6.44000e+01  1.00061e+00  2.29835e-04  1.50152e+00  2.29696e-04  1.00101e+00  1.00040e+00
 6.45000e+01  1.00060e+00  2.30906e-04  1.50151e+00  2.30767e-04  1.00100e+00  1.00040e+00
 6.46000e+01  1.00060e+00  2.31966e-04  1.50150e+00  2.31827e-04  1.00099e+00  1.00039e+00
 6.47000e+01  1.00059e+00  2.33017e-04  1.50148e+00  2.32878e-04  1.00099e+00  1.00039e+00
 6.48000e+01  1.00059e+00  2.34057e-04  1.50147e+00  2.33919e-04  1.00098e+00  1.00039e+00
 6.49000e+01  1.00058e+00  2.35087e-04  1.50146e+00  2.34950e-04  1.00097e+00  1.00039e+00
 6.50000e+01  1.00058e+00  2.36107e-04  1.50145e+00  2.35970e-04  1.00096e+00  1.00038e+00
 6.51000e+01  1.00057e+00  2.37117e-04  1.50144e+00  2.36981e-04  1.00095e+00  1.00038e+00
 6.52000e+01  1.00057e+00  2.38117e-04  1.50142e+00  2.37981e-04  1.00095e+00  1.00038e+00
 6.53000e+01  1.00057e+00  2.39106e-04  1.50141e+00  2.38971e-04  1.00094e+00  1.00037e+00
 6.54000e+01  1.00056e+00  2.40085e-04  1.50140e+00  2.39951e-04  1.00093e+00  1.00037e+00
 6.55000e+01  1.00056e+00  2.41054e-04  1.50139e+00  2.40920e-04  1.00092e+00  1.00037e+00
 6.56000e+01  1.00055e+00  2.42012e-04  1.50138e+00  2.41879e-04  1.00091e+00  1.00036e+00
 6.57000e+01  1.00055e+00  2.42960e-04  1.50136e+00  2.42828e-04  1.00091e+00  1.00036e+00
 6.58000e+01  1.00054e+00  2.43898e-04  1.50135e+00  2.43766e-04  1.00090e+00  1.00036e+00
 6.59000e+01  1.00054e+00  2.44825e-04  1.50134e+00  2.44694e-04  1.00089e+00  1.00035e+00
 6.60000e+01  1.00053e+00  2.45742e-04  1.50133e+00  2.45611e-04  1.00088e+00  1.00035e+00
 6.61000e+01  1.00053e+00  2.46648e-04  1.50132e+00  2.46518e-04  1.00087e+00  1.00035e+00
 6.62000e+01  1.00052e+00  2.47543e-04  1.50130e+00  2.47414e-04  1.00086e+00  1.00034e+00
 6.63000e+01  1.00052e+00  2.48428e-04  1.50129e+00  2.48300e-04  1.00086e+00  1.00034e+00
 6.64000e+01  1.00051e+00  2.49303e-04  1.50128e+00  2.49175e-04  1.00085e+00  1.00034e+00
 6.65000e+01  1.00051e+00  2.50166e-04  1.50127e+00  2.50040e-04  1.00084e+00  1.00033e+00
 6.66000e+01  1.00050e+00  2.51019e-04  1.50125e+00  2.50894e-04  1.00083e+00  1.00033e+00
 6.67000e+01  1.00050e+00  2.51862e-04  1.50124e+00  2.51737e-04  1.00082e+00  1.00033e+00
 6.68000e+01  1.00049e+00  2.52693e-04  1.50123e+00  2.52569e-04  1.00081e+00  1.00032e+00
 6.69000e+01  1.00049e+00  2.53514e-04  1.50121e+00  2.53391e-04  1.00081e+00  1.00032e+00
 6.70000e+01  1.00048e+00  2.54324e-04  1.50120e+00  2.54202e-04  1.00080e+00  1.00032e+00
 6.71000e+01  1.00048e+00  2.55124e-04  1.50119e+00  2.55002e-04  1.00079e+00  1.00031e+00
 6.72000e+01  1.00047e+00  2.55912e-04  1.50118e+00  2.55792e-04  1.00078e+00  1.00031e+00
 6.73000e+01  1.00046e+00  2.56690e-04  1.50116e+00  2.56570e-04  1.00077e+00  1.00031e+00
 6.74000e+01  1.00046e+00  2.57456e-04  1.50115e+00  2.57338e-04  1.00076e+00  1.00030e+00
 6.75000e+01  1.00045e+00  2.58212e-04  1.50114e+00  2.58095e-04  1.00075e+00  1.00030e+00
 6.76000e+01  1.00045e+00  2.58957e-04  1.50112e+00  2.58841e-04  1.00075e+00  1.00030e+00
 6.77000e+01  1.00044e+00  2.59691e-04  1.50111e+00  2.59576e-04  1.00074e+00  1.00029e+00
 6.78000e+01  1.00044e+00  2.60414e-04  1.50110e+00  2.60300e-04  1.00073e+00  1.00029e+00
 6.79000e+01  1.00043e+00  2.61126e-04  1.50108e+00  2.61013e-04  1.00072e+00  1.00029e+00
 6.80000e+01  1.00043e+00  2.61827e-04  1.50107e+00  2.61715e-04  1.00071e+00  1.00028e+00
 6.81000e+01  1.00042e+00  2.62517e-04  1.50106e+00  2.62406e-04  1.00070e+00  1.00028e+00
 6.82000e+01  1.00042e+00  2.63196e-04  1.50104e+00  2.63086e-04  1.00069e+00  1.00028e+00
 6.83000e+01  1.00041e+00  2.63864e-04  1.50103e+00  2.63755e-04  1.00068e+00  1.00027e+00
 6.84000e+01  1.00041e+00  2.64520e-04  1.50102e+00  2.64413e-04  1.00067e+00  1.00027e+00
 6.85000e+01  1.00040e+00  2.65166e-04  1.50100e+00  2.65060e-04  1.00067e+00  1.00026e+00
 6.86000e+01  1.00040e+00  2.65800e-04  1.50099e+00  2.65695e-04  1.00066e+00  1.00026e+00
 6.87000e+01  1.00039e+00  2.66424e-04  1.50097e+00  2.66320e-04  1.00065e+00  1.00026e+00
 6.88000e+01  1.00038e+00  2.67036e-04  1.50096e+00  2.66933e-04  1.00064e+00  1.00025e+00
 6.89000e+01  1.00038e+00  2.67637e-04  1.50095e+00  2.67535e-04  1.00063e+00  1.00025e+00
 6.90000e+01  1.00037e+00  2.68227e-04  1.50093e+00  2.68126e-04  1.00062e+00  1.00025e+00
 6.91000e+01  1.00037e+00  2.68805e-04  1.50092e+00  2.68706e-04  1.00061e+00  1.00024e+00
 6.92000e+01  1.00036e+00  2.69372e-04  1.50091e+00  2.69275e-04  1.00060e+00  1.00024e+00
 6.93000e+01  1.00036e+00  2.69929e-04  1.50089e+00  2.69832e-04  1.00059e+00  1.00024e+00
 6.94000e+01  1.00035e+00  2.70473e-04  1.50088e+00  2.70378e-04  1.00058e+00  1.00023e+00
 6.95000e+01  1.00035e+00  2.71007e-04  1.50086e+00  2.70913e-04  1.00057e+00  1.00023e+00
 6.96000e+01  1.00034e+00  2.71529e-04  1.50085e+00  2.71437e-04  1.00056e+00  1.00022e+00
 6.97000e+01  1.00033e+00  2.72040e-04  1.50084e+00  2.71949e-04  1.00055e+00  1.00022e+00
 6.98000e+01  1.00033e+00  2.72540e-04  1.50082e+00  2.72450e-04  1.00055e+00  1.00022e+00
 6.99000e+01  1.00032e+00  2.73028e-04  1.50081e+00  2.72940e-04  1.00054e+00  1.00021e+00
 7.00000e+01  1.00032e+00  2.73505e-04  1.50079e+00  2.73419e-04  1.00053e+00  1.00021e+00
 7.01000e+01  1.00031e+00  2.73971e-04  1.50078e+00  2.73886e-04  1.00052e+00  1.00021e+00
 7.02000e+01  1.00031e+00  2.74426e-04  1.50077e+00  2.74342e-04  1.00051e+00  1.00020e+00
 7.03000e+01  1.00030e+00  2.74869e-04  1.50075e+00  2.74786e-04  1.00050e+00  1.00020e+00
 7.04000e+01  1.00029e+00  2.75300e-04  1.50074e+00  2.75219e-04  1.00049e+00  1.00019e+00
 7.05000e+01  1.00029e+00  2.75721e-04  1.50072e+00  2.75641e-04  1.00048e+00  1.00019e+00
 7.06000e+01  1.00028e+00  2.76130e-04  1.50071e+00  2.76051e-04  1.00047e+00  1.00019e+00
 7.07000e+01  1.00028e+00  2.76527e-04  1.50069e+00  2.76451e-04  1.00046e+00  1.00018e+00
 7.08000e+01  1.00027e+00  2.76913e-04  1.50068e+00  2.76838e-04  1.00045e+00  1.00018e+00
 7.09000e+01  1.00027e+00  2.77288e-04  1.50066e+00  2.77215e-04  1.00044e+00  1.00018e+00
 7.10000e+01  1.00026e+00  2.77652e-04  1.50065e+00  2.77579e-04  1.00043e+00  1.00017e+00
 7.11000e+01  1.00025e+00  2.78004e-04  1.50064e+00  2.77933e-04  1.00042e+00  1.00017e+00
 7.12000e+01  1.00025e+00  2.78344e-04  1.50062e+00  2.78275e-04  1.00041e+00  1.00016e+00
 7.13000e+01  1.00024e+00  2.78673e-04  1.50061e+00  2.78606e-04  1.00040e+00  1.00016e+00
 7.14000e+01  1.00024e+00  2.78991e-04  1.50059e+00  2.78925e-04  1.00039e+00  1.00016e+00
 7.15000e+01  1.00023e+00  2.79298e-04  1.50058e+00  2.79233e-04  1.00038e+00  1.00015e+00
 7.16000e+01  1.00022e+00  2.79593e-04  1.50056e+00  2.79530e-04  1.00037e+00  1.00015e+00
 7.17000e+01  1.00022e+00  2.79876e-04  1.50055e+00  2.79815e-04  1.00036e+00  1.00014e+00
 7.18000e+01  1.00021e+00  2.80148e-04  1.50053e+00  2.80089e-04  1.00035e+00  1.00014e+00
 7.19000e+01  1.00021e+00  2.80409e-04  1.50052e+00  2.80351e-04  1.00034e+00  1.00014e+00
 7.20000e+01  1.00020e+00  2.80658e-04  1.50050e+00  2.80602e-04  1.00033e+00  1.00013e+00
 7.21000e+01  1.00020e+00  2.80896e-04  1.50049e+00  2.80841e-04  1.00032e+00  1.00013e+00
 7.22000e+01  1.00019e+00  2.81123e-04  1.50047e+00  2.81069e-04  1.00031e+00  1.00012e+00
 7.23000e+01  1.00018e+00  2.81338e-04  1.50046e+00  2.81286e-04  1.00030e+00  1.00012e+00
 7.24000e+01  1.00018e+00  2.81541e-04  1.50044e+00  2.81491e-04  1.00029e+00  1.00012e+00
 7.25000e+01  1.00017e+00  2.81734e-04  1.50043e+00  2.81685e-04  1.00028e+00  1.00011e+00
 7.26000e+01  1.00017e+00  2.81914e-04  1.50041e+00  2.81868e-04  1.00027e+00  1.00011e+00
 7.27000e+01  1.00016e+00  2.82084e-04  1.50040e+00  2.82039e-04  1.00026e+00  1.00010e+00
 7.28000e+01  1.00015e+00  2.82242e-04  1.50038e+00  2.82199e-04  1.00025e+00  1.00010e+00
 7.29000e+01  1.00015e+00  2.82389e-04  1.50037e+00  2.82347e-04  1.00024e+00  1.00010e+00
 7.30000e+01  1.00014e+00  2.82524e-04  1.50035e+00  2.82484e-04  1.00023e+00  1.00009e+00
 7.31000e+01  1.00014e+00  2.82648e-04  1.50034e+00  2.82609e-04  1.00022e+00  1.00009e+00
 7.32000e+01  1.00013e+00  2.82760e-04  1.50032e+00  2.82724e-04  1.00021e+00  1.00009e+00
 7.33000e+01  1.00012e+00  2.82861e-04  1.50031e+00  2.82826e-04  1.00020e+00  1.00008e+00
 7.34000e+01  1.00012e+00  2.82951e-04  1.50029e+00  2.82918e-04  1.00019e+00  1.00008e+00
 7.35000e+01  1.00011e+00  2.83030e-04  1.50028e+00  2.82998e-04  1.00018e+00  1.00007e+00
 7.36000e+01  1.00011e+00  2.83097e-04  1.50026e+00  2.83067e-04  1.00017e+00  1.00007e+00
 7.37000e+01  1.00010e+00  2.83152e-04  1.50025e+00  2.83124e-04  1.00016e+00  1.00007e+00
 7.38000e+01  1.00009e+00  2.83197e-04  1.50023e+00  2.83170e-04  1.00015e+00  1.00006e+00
 7.39000e+01  1.00009e+00  2.83230e-04  1.50022e+00  2.83205e-04  1.00014e+00  1.00006e+00
 7.40000e+01  1.00008e+00  2.83252e-04  1.50020e+00  2.83229e-04  1.00013e+00  1.00005e+00
 7.41000e+01  1.00007e+00  2.83262e-04  1.50019e+00  2.83241e-04  1.00012e+00  1.00005e+00
 7.42000e+01  1.00007e+00  2.83261e-04  1.50017e+00  2.83242e-04  1.00011e+00  1.00005e+00
 7.43000e+01  1.00006e+00  2.83249e-04  1.50016e+00  2.83232e-04  1.00010e+00  1.00004e+00
 7.44000e+01  1.00006e+00  2.83226e-04  1.50014e+00  2.83210e-04  1.00009e+00  1.00004e+00
 7.45000e+01  1.00005e+00  2.83191e-04  1.50013e+00  2.83177e-04  1.00008e+00  1.00003e+00
 7.46000e+01  1.00004e+00  2.83145e-04  1.50011e+00  2.83133e-04  1.00007e+00  1.00003e+00
 7.47000e+01  1.00004e+00  2.83088e-04  1.50010e+00  2.83078e-04  1.00006e+00  1.00002e+00
 7.48000e+01  1.00003e+00  2.83020e-04  1.50008e+00  2.83011e-04  1.00005e+00  1.00002e+00
 7.49000e+01  1.00003e+00  2.82941e-04  1.50007e+00  2.82933e-04  1.00004e+00  1.00002e+00
 7.50000e+01  1.00002e+00  2.82850e-04  1.50005e+00  2.82844e-04  1.00003e+00  1.00001e+00
 7.51000e+01  1.00001e+00  2.82748e-04  1.50003e+00  2.82744e-04  1.00002e+00  1.00001e+00
 7.52000e+01  1.00001e+00  2.82635e-04  1.50002e+00  2.82633e-04  1.00001e+00  1.00000e+00
 7.53000e+01  1.00000e+00  2.82511e-04  1.50000e+00  2.82511e-04  1.00000e+00  1.00000e+00
 7.54000e+01  9.99995e-01  2.82376e-04  1.49999e+00  2.82377e-04  9.99992e-01  9.99997e-01
 7.55000e+01  9.99989e-01  2.82230e-04  1.49997e+00  2.82233e-04  9.99982e-01  9.99992e-01
 7.56000e+01  9.99983e-01  2.82072e-04  1.49996e+00  2.82077e-04  9.99972e-01  9.99988e-01
 7.57000e+01  9.99977e-01  2.81904e-04  1.49994e+00  2.81910e-04  9.99961e-01  9.99984e-01
 7.58000e+01  9.99971e-01  2.81724e-04  1.49993e+00  2.81732e-04  9.99951e-01  9.99980e-01
 7.59000e+01  9.99965e-01  2.81534e-04  1.49991e+00  2.81544e-04  9.99941e-01  9.99976e-01
 7.60000e+01  9.99959e-01  2.81332e-04  1.49990e+00  2.81344e-04  9.99931e-01  9.99972e-01
 7.61000e+01  9.99952e-01  2.81119e-04  1.49988e+00  2.81133e-04  9.99921e-01  9.99968e-01
 7.62000e+01  9.99946e-01  2.80896e-04  1.49987e+00  2.80911e-04  9.99910e-01  9.99964e-01
 7.63000e+01  9.99940e-01  2.80661e-04  1.49985e+00  2.80678e-04  9.99900e-01  9.99960e-01
 7.64000e+01  9.99934e-01  2.80416e-04  1.49983e+00  2.80434e-04  9.99890e-01  9.99956e-01
 7.65000e+01  9.99928e-01  2.80160e-04  1.49982e+00  2.80180e-04  9.99880e-01  9.99952e-01
 7.66000e+01  9.99922e-01  2.79892e-04  1.49980e+00  2.79914e-04  9.99870e-01  9.99948e-01
 7.67000e+01  9.99915e-01  2.79614e-04  1.49979e+00  2.79638e-04  9.99859e-01  9.99944e-01
 7.68000e+01  9.99909e-01  2.79325e-04  1.49977e+00  2.79351e-04  9.99849e-01  9.99940e-01
 7.69000e+01  9.99903e-01  2.79025e-04  1.49976e+00  2.79052e-04  9.99839e-01  9.99936e-01
 7.70000e+01  9.99897e-01  2.78715e-04  1.49974e+00  2.78744e-04  9.99829e-01  9.99932e-01
 7.71000e+01  9.99891e-01  2.78393e-04  1.49973e+00  2.78424e-04  9.99819e-01  9.99928e-01
 7.72000e+01  9.99885e-01  2.78061e-04  1.49971e+00  2.78093e-04  9.99808e-01  9.99924e-01
 7.73000e+01  9.99879e-01  2.77718e-04  1.49970e+00  2.77752e-04  9.99798e-01  9.99920e-01
 7.74000e+01  9.99873e-01  2.77365e-04  1.49968e+00  2.77400e-04  9.99788e-01  9.99915e-01
 7.75000e+01  9.99866e-01  2.77001e-04  1.49967e+00  2.77038e-04  9.99778e-01  9.99911e-01
 7.76000e+01  9.99860e-01  2.76626e-04  1.49965e+00  2.76664e-04  9.99768e-01  9.99907e-01
 7.77000e+01  9.99854e-01  2.76240e-04  1.49964e+00  2.76280e-04  9.99758e-01  9.99903e-01
 7.78000e+01  9.99848e-01  2.75844e-04  1.49962e+00  2.75886e-04  9.99747e-01  9.99899e-01
 7.79000e+01  9.99842e-01  2.75437e-04  1.49960e+00  2.75481e-04  9.99737e-01  9.99895e-01
 7.80000e+01  9.99836e-01  2.75020e-04  1.49959e+00  2.75065e-04  9.99727e-01  9.99891e-01
 7.81000e+01  9.99830e-01  2.74592e-04  1.49957e+00  2.74639e-04  9.99717e-01  9.99887e-01
 7.82000e+01  9.99824e-01  2.74154e-04  1.49956e+00  2.74202e-04  9.99707e-01  9.99883e-01
 7.83000e+01  9.99817e-01  2.73705e-04  1.49954e+00  2.73755e-04  9.99697e-01  9.99879e-01
 7.84000e+01  9.99811e-01  2.73246e-04  1.49953e+00  2.73297e-04  9.99687e-01  9.99875e-01
 7.85000e+01  9.99805e-01  2.72776e-04  1.49951e+00  2.72829e-04  9.99676e-01  9.99871e-01
 7.86000e+01  9.99799e-01  2.72296e-04  1.49950e+00  2.72351e-04  9.99666e-01  9.99867e-01
 7.87000e+01  9.99793e-01  2.71806e-04  1.49948e+00  2.71862e-04  9.99656e-01  9.99863e-01
 7.88000e+01  9.99787e-01  2.71305e-04  1.49947e+00  2.71363e-04  9.99646e-01  9.99859e-01
 7.89000e+01  9.99781e-01  2.70794e-04  1.49945e+00  2.70853e-04  9.99636e-01  9.99855e-01
 7.90000e+01  9.99775e-01  2.70273e-04  1.49944e+00  2.70334e-04  9.99626e-01  9.99851e-01
 7.91000e+01  9.99769e-01  2.69741e-04  1.49942e+00  2.69804e-04  9.99616e-01  9.99847e-01
 7.92000e+01  9.99763e-01  2.69200e-04  1.49941e+00  2.69264e-04  9.99606e-01  9.99843e-01
 7.93000e+01  9.99757e-01  2.68648e-04  1.49939e+00  2.68713e-04  9.99596e-01  9.99839e-01
 7.94000e+01  9.99751e-01  2.68086e-04  1.49938e+00  2.68153e-04  9.99586e-01  9.99835e-01
 7.95000e+01  9.99745e-01  2.67514e-04  1.49936e+00  2.67582e-04  9.99576e-01  9.99831e-01
 7.96000e+01  9.99739e-01  2.66932e-04  1.49935e+00  2.67001e-04  9.99566e-01  9.99827e-01
 7.97000e+01  9.99733e-01  2.66339e-04  1.49933e+00  2.66410e-04  9.99556e-01  9.99823e-01
 7.98000e+01  9.99727e-01  2.65737e-04  1.49932e+00  2.65810e-04  9.99546e-01  9.99819e-01
 7.99000e+01  9.99721e-01  2.65125e-04  1.49930e+00  2.65199e-04  9.99536e-01  9.99815e-01
 8.00000e+01  9.99715e-01  2.64503e-04  1.49929e+00  2.64578e-04  9.99526e-01  9.99811e-01
 8.01000e+01  9.99709e-01  2.63871e-04  1.49927e+00  2.63947e-04  9.99516e-01  9.99807e-01
 8.02000e+01  9.99703e-01  2.63229e-04  1.49926e+00  2.63307e-04  9.99506e-01  9.99804e-01
 8.03000e+01  9.99697e-01  2.62577e-04  1.49924e+00  2.62656e-04  9.99497e-01  9.99800e-01
 8.04000e+01  9.99691e-01  2.61915e-04  1.49923e+00  2.61996e-04  9.99487e-01  9.99796e-01
 8.05000e+01  9.99685e-01  2.61244e-04  1.49921e+00  2.61326e-04  9.99477e-01  9.99792e-01
 8.06000e+01  9.99679e-01  2.60563e-04  1.49920e+00  2.60646e-04  9.99467e-01  9.99788e-01
 8.07000e+01  9.99673e-01  2.59872e-04  1.49918e+00  2.59957e-04  9.99457e-01  9.99784e-01
 8.08000e+01  9.99667e-01  2.59171e-04  1.49917e+00  2.59258e-04  9.99447e-01  9.99780e-01
 8.09000e+01  9.99661e-01  2.58461e-04  1.49915e+00  2.58549e-04  9.99438e-01  9.99776e-01
 8.10000e+01  9.99656e-01  2.57742e-04  1.49914e+00  2.57830e-04  9.99428e-01  9.99772e-01
 8.11000e+01  9.99650e-01  2.57012e-04  1.49912e+00  2.57102e-04  9.99418e-01  9.99768e-01
 8.12000e+01  9.99644e-01  2.56274e-04  1.49911e+00  2.56365e-04  9.99409e-01  9.99765e-01
 8.13000e+01  9.99638e-01  2.55525e-04  1.49910e+00  2.55618e-04  9.99399e-01  9.99761e-01
 8.14000e+01  9.99632e-01  2.54768e-04  1.49908e+00  2.54861e-04  9.99389e-01  9.99757e-01
 8.15000e+01  9.99626e-01  2.54000e-04  1.49907e+00  2.54095e-04  9.99380e-01  9.99753e-01
 8.16000e+01  9.99621e-01  2.53224e-04  1.49905e+00  2.53320e-04  9.99370e-01  9.99749e-01
 8.17000e+01  9.99615e-01  2.52438e-04  1.49904e+00  2.52535e-04  9.99360e-01  9.99745e-01
 8.18000e+01  9.99609e-01  2.51643e-04  1.49902e+00  2.51742e-04  9.99351e-01  9.99742e-01
 8.19000e+01  9.99603e-01  2.50839e-04  1.49901e+00  2.50938e-04  9.99341e-01  9.99738e-01
 8.20000e+01  9.99598e-01  2.50025e-04  1.49899e+00  2.50126e-04  9.99332e-01  9.99734e-01
 8.21000e+01  9.99592e-01  2.49202e-04  1.49898e+00  2.49304e-04  9.99322e-01  9.99730e-01
 8.22000e+01  9.99586e-01  2.48371e-04  1.49897e+00  2.48473e-04  9.99313e-01  9.99726e-01
 8.23000e+01  9.99580e-01  2.47530e-04  1.49895e+00  2.47634e-04  9.99303e-01  9.99723e-01
 8.24000e+01  9.99575e-01  2.46680e-04  1.49894e+00  2.46785e-04  9.99294e-01  9.99719e-01
 8.25000e+01  9.99569e-01  2.45821e-04  1.49892e+00  2.45927e-04  9.99284e-01  9.99715e-01
 8.26000e+01  9.99563e-01  2.44953e-04  1.49891e+00  2.45060e-04  9.99275e-01  9.99712e-01
 8.27000e+01  9.99558e-01  2.44076e-04  1.49889e+00  2.44184e-04  9.99266e-01  9.99708e-01
 8.28000e+01  9.99552e-01  2.43190e-04  1.49888e+00  2.43299e-04  9.99256e-01  9.99704e-01
 8.29000e+01  9.99546e-01  2.42295e-04  1.49887e+00  2.42405e-04  9.99247e-01  9.99700e-01
 8.30000e+01  9.99541e-01  2.41392e-04  1.49885e+00  2.41503e-04  9.99238e-01  9.99697e-01
 8.31000e+01  9.99535e-01  2.40480e-04  1.49884e+00  2.40591e-04  9.99228e-01  9.99693e-01
 8.32000e+01  9.99530e-01  2.39559e-04  1.49882e+00  2.39671e-04  9.99219e-01  9.99689e-01
 8.33000e+01  9.99524e-01  2.38629e-04  1.49881e+00  2.38743e-04  9.99210e-01  9.99686e-01
 8.34000e+01  9.99519e-01  2.37691e-04  1.49880e+00  2.37805e-04  9.99201e-01  9.99682e-01
 8.35000e+01  9.99513e-01  2.36744e-04  1.49878e+00  2.36859e-04  9.99192e-01  9.99678e-01
 8.36000e+01  9.99508e-01  2.35788e-04  1.49877e+00  2.35905e-04  9.99183e-01  9.99675e-01
 8.37000e+01  9.99502e-01  2.34825e-04  1.49876e+00  2.34941e-04  9.99174e-01  9.99671e-01
 8.38000e+01  9.99497e-01  2.33852e-04  1.49874e+00  2.33970e-04  9.99165e-01  9.99668e-01
 8.39000e+01  9.99491e-01  2.32871e-04  1.49873e+00  2.32990e-04  9.99156e-01  9.99664e-01
 8.40000e+01  9.99486e-01  2.31882e-04  1.49872e+00  2.32001e-04  9.99147e-01  9.99660e-01
 8.41000e+01  9.99481e-01  2.30885e-04  1.49870e+00  2.31005e-04  9.99138e-01  9.99657e-01
 8.42000e+01  9.99475e-01  2.29879e-04  1.49869e+00  2.30000e-04  9.99129e-01  9.99653e-01
 8.43000e+01  9.99470e-01  2.28865e-04  1.49867e+00  2.28986e-04  9.99120e-01  9.99650e-01
 8.44000e+01  9.99464e-01  2.27843e-04  1.49866e+00  2.27965e-04  9.99111e-01  9.99646e-01
 8.45000e+01  9.99459e-01  2.26812e-04  1.49865e+00  2.26935e-04  9.99102e-01  9.99643e-01
 8.46000e+01  9.99454e-01  2.25774e-04  1.49863e+00  2.25897e-04  9.99093e-01  9.99639e-01
 8.47000e+01  9.99449e-01  2.24727e-04  1.49862e+00  2.24851e-04  9.99085e-01  9.99636e-01
 8.48000e+01  9.99443e-01  2.23672e-04  1.49861e+00  2.23797e-04  9.99076e-01  9.99632e-01
 8.49000e+01  9.99438e-01  2.22610e-04  1.49860e+00  2.22735e-04  9.99067e-01  9.99629e-01
 8.50000e+01  9.99433e-01  2.21539e-04  1.49858e+00  2.21665e-04  9.99059e-01  9.99626e-01
 8.51000e+01  9.99428e-01  2.20461e-04  1.49857e+00  2.20587e-04  9.99050e-01  9.99622e-01
 8.52000e+01  9.99423e-01  2.19375e-04  1.49856e+00  2.19501e-04  9.99041e-01  9.99619e-01
 8.53000e+01  9.99417e-01  2.18281e-04  1.49854e+00  2.18408e-04  9.99033e-01  9.99615e-01
 8.54000e+01  9.99412e-01  2.17179e-04  1.49853e+00  2.17307e-04  9.99024e-01  9.99612e-01
 8.55000e+01  9.99407e-01  2.16069e-04  1.49852e+00  2.16198e-04  9.99016e-01  9.99609e-01
 8.56000e+01  9.99402e-01  2.14952e-04  1.49851e+00  2.15081e-04  9.99008e-01  9.99605e-01
 8.57000e+01  9.99397e-01  2.13828e-04  1.49849e+00  2.13957e-04  9.98999e-01  9.99602e-01
 8.58000e+01  9.99392e-01  2.12695e-04  1.49848e+00  2.12825e-04  9.98991e-01  9.99599e-01
 8.59000e+01  9.99387e-01  2.11556e-04  1.49847e+00  2.11685e-04  9.98983e-01  9.99595e-01
 8.60000e+01  9.99382e-01  2.10408e-04  1.49846e+00  2.10538e-04  9.98974e-01  9.99592e-01
 8.61000e+01  9.99377e-01  2.09254e-04  1.49844e+00  2.09384e-04  9.98966e-01  9.99589e-01
 8.62000e+01  9.99372e-01  2.08092e-04  1.49843e+00  2.08222e-04  9.98958e-01  9.99585e-01
 8.63000e+01  9.99367e-01  2.06922e-04  1.49842e+00  2.07053e-04  9.98950e-01  9.99582e-01
 8.64000e+01  9.99362e-01  2.05746e-04  1.49841e+00  2.05877e-04  9.98942e-01  9.99579e-01
 8.65000e+01  9.99357e-01  2.04562e-04  1.49839e+00  2.04693e-04  9.98934e-01  9.99576e-01
 8.66000e+01  9.99353e-01  2.03371e-04  1.49838e+00  2.03503e-04  9.98926e-01  9.99573e-01
 8.67000e+01  9.99348e-01  2.02173e-04  1.49837e+00  2.02305e-04  9.98918e-01  9.99569e-01
 8.68000e+01  9.99343e-01  2.00968e-04  1.49836e+00  2.01100e-04  9.98910e-01  9.99566e-01
 8.69000e+01  9.99338e-01  1.99755e-04  1.49835e+00  1.99888e-04  9.98902e-01  9.99563e-01
 8.70000e+01  9.99334e-01  1.98536e-04  1.49833e+00  1.98668e-04  9.98894e-01  9.99560e-01
 8.71000e+01  9.99329e-01  1.97310e-04  1.49832e+00  1.97442e-04  9.98886e-01  9.99557e-01
 8.72000e+01  9.99324e-01  1.96077e-04  1.49831e+00  1.96209e-04  9.98878e-01  9.99554e-01
 8.73000e+01  9.99320e-01  1.94837e-04  1.49830e+00  1.94970e-04  9.98871e-01  9.99551e-01
 8.74000e+01  9.99315e-01  1.93590e-04  1.49829e+00  1.93723e-04  9.98863e-01  9.99548e-01
 8.75000e+01  9.99310e-01  1.92337e-04  1.49828e+00  1.92470e-04  9.98855e-01  9.99545e-01
 8.76000e+01  9.99306e-01  1.91077e-04  1.49826e+00  1.91210e-04  9.98848e-01  9.99542e-01
 8.77000e+01  9.99301e-01  1.89810e-04  1.49825e+00  1.89943e-04  9.98840e-01  9.99539e-01
 8.78000e+01  9.99297e-01  1.88537e-04  1.49824e+00  1.88670e-04  9.98833e-01  9.99536e-01
 8.79000e+01  9.99292e-01  1.87257e-04  1.49823e+00  1.87390e-04  9.98825e-01  9.99533e-01
 8.80000e+01  9.99288e-01  1.85971e-04  1.49822e+00  1.86103e-04  9.98818e-01  9.99530e-01
 8.81000e+01  9.99283e-01  1.84678e-04  1.49821e+00  1.84810e-04  9.98810e-01  9.99527e-01
 8.82000e+01  9.99279e-01  1.83379e-04  1.49820e+00  1.83511e-04  9.98803e-01  9.99524e-01
 8.83000e+01  9.99274e-01  1.82073e-04  1.49819e+00  1.82206e-04  9.98796e-01  9.99521e-01
 8.84000e+01  9.99270e-01  1.80762e-04  1.49818e+00  1.80894e-04  9.98789e-01  9.99518e-01
 8.85000e+01  9.99266e-01  1.79444e-04  1.49816e+00  1.79576e-04  9.98781e-01  9.99515e-01
 8.86000e+01  9.99262e-01  1.78120e-04  1.49815e+00  1.78251e-04  9.98774e-01  9.99513e-01
 8.87000e+01  9.99257e-01  1.76789e-04  1.49814e+00  1.76921e-04  9.98767e-01  9.99510e-01
 8.88000e+01  9.99253e-01  1.75453e-04  1.49813e+00  1.75584e-04  9.98760e-01  9.99507e-01
 8.89000e+01  9.99249e-01  1.74110e-04  1.49812e+00  1.74241e-04  9.98753e-01  9.99504e-01
 8.90000e+01  9.99245e-01  1.72762e-04  1.49811e+00  1.72893e-04  9.98746e-01  9.99501e-01
 8.91000e+01  9.99240e-01  1.71408e-04  1.49810e+00  1.71538e-04  9.98740e-01  9.99499e-01
 8.92000e+01  9.99236e-01  1.70048e-04  1.49809e+00  1.70177e-04  9.98733e-01  9.99496e-01
 8.93000e+01  9.99232e-01  1.68682e-04  1.49808e+00  1.68811e-04  9.98726e-01  9.99493e-01
 8.94000e+01  9.99228e-01  1.67310e-04  1.49807e+00  1.67439e-04  9.98719e-01  9.99491e-01
 8.95000e+01  9.99224e-01  1.65932e-04  1.49806e+00  1.66061e-04  9.98713e-01  9.99488e-01
 8.96000e+01  9.99220e-01  1.64549e-04  1.49805e+00  1.64677e-04  9.98706e-01  9.99485e-01
 8.97000e+01  9.99216e-01  1.63160e-04  1.49804e+00  1.63288e-04  9.98699e-01  9.99483e-01
 8.98000e+01  9.99212e-01  1.61766e-04  1.49803e+00  1.61893e-04  9.98693e-01  9.99480e-01
 8.99000e+01  9.99208e-01  1.60366e-04  1.49802e+00  1.60493e-04  9.98686e-01  9.99478e-01
 9.00000e+01  9.99205e-01  1.58961e-04  1.49801e+00  1.59087e-04  9.98680e-01  9.99475e-01
 9.01000e+01  9.99201e-01  1.57550e-04  1.49800e+00  1.57676e-04  9.98674e-01  9.99472e-01
 9.02000e+01  9.99197e-01  1.56134e-04  1.49799e+00  1.56259e-04  9.98667e-01  9.99470e-01
 9.03000e+01  9.99193e-01  1.54712e-04  1.49798e+00  1.54837e-04  9.98661e-01  9.99468e-01
 9.04000e+01  9.99189e-01  1.53286e-04  1.49797e+00  1.53410e-04  9.98655e-01  9.99465e-01
 9.05000e+01  9.99186e-01  1.51854e-04  1.49797e+00  1.51978e-04  9.98649e-01  9.99463e-01
 9.06000e+01  9.99182e-01  1.50417e-04  1.49796e+00  1.50540e-04  9.98643e-01  9.99460e-01
 9.07000e+01  9.99178e-01  1.48975e-04  1.49795e+00  1.49097e-04  9.98637e-01  9.99458e-01
 9.08000e+01  9.99175e-01  1.47527e-04  1.49794e+00  1.47649e-04  9.98631e-01  9.99455e-01
 9.09000e+01  9.99171e-01  1.46075e-04  1.49793e+00  1.46196e-04  9.98625e-01  9.99453e-01
 9.10000e+01  9.99168e-01  1.44618e-04  1.49792e+00  1.44739e-04  9.98619e-01  9.99451e-01
 9.11000e+01  9.99164e-01  1.43156e-04  1.49791e+00  1.43276e-04  9.98613e-01  9.99448e-01
 9.12000e+01  9.99161e-01  1.41689e-04  1.49790e+00  1.41808e-04  9.98607e-01  9.99446e-01
 9.13000e+01  9.99157e-01  1.40218e-04  1.49789e+00  1.40336e-04  9.98602e-01  9.99444e-01
 9.14000e+01  9.99154e-01  1.38742e-04  1.49789e+00  1.38859e-04  9.98596e-01  9.99442e-01
 9.15000e+01  9.99151e-01  1.37261e-04  1.49788e+00  1.37377e-04  9.98591e-01  9.99439e-01
 9.16000e+01  9.99147e-01  1.35775e-04  1.49787e+00  1.35891e-04  9.98585e-01  9.99437e-01
 9.17000e+01  9.99144e-01  1.34285e-04  1.49786e+00  1.34400e-04  9.98580e-01  9.99435e-01
 9.18000e+01  9.99141e-01  1.32790e-04  1.49785e+00  1.32904e-04  9.98574e-01  9.99433e-01
 9.19000e+01  9.99138e-01  1.31291e-04  1.49784e+00  1.31404e-04  9.98569e-01  9.99431e-01
 9.20000e+01  9.99134e-01  1.29787e-04  1.49784e+00  1.29900e-04  9.98564e-01  9.99429e-01
 9.21000e+01  9.99131e-01  1.28279e-04  1.49783e+00  1.28391e-04  9.98558e-01  9.99427e-01
 9.22000e+01  9.99128e-01  1.26767e-04  1.49782e+00  1.26878e-04  9.98553e-01  9.99425e-01
 9.23000e+01  9.99125e-01  1.25251e-04  1.49781e+00  1.25360e-04  9.98548e-01  9.99423e-01
 9.24000e+01  9.99122e-01  1.23730e-04  1.49781e+00  1.23839e-04  9.98543e-01  9.99421e-01
 9.25000e+01  9.99119e-01  1.22205e-04  1.49780e+00  1.22313e-04  9.98538e-01  9.99419e-01
 9.26000e+01  9.99116e-01  1.20676e-04  1.49779e+00  1.20783e-04  9.98533e-01  9.99417e-01
 9.27000e+01  9.99113e-01  1.19143e-04  1.49778e+00  1.19249e-04  9.98528e-01  9.99415e-01
 9.28000e+01  9.99110e-01  1.17606e-04  1.49778e+00  1.17711e-04  9.98523e-01  9.99413e-01
 9.29000e+01  9.99107e-01  1.16066e-04  1.49777e+00  1.16169e-04  9.98519e-01  9.99411e-01
 9.30000e+01  9.99104e-01  1.14521e-04  1.49776e+00  1.14623e-04  9.98514e-01  9.99409e-01
 9.31000e+01  9.99102e-01  1.12972e-04  1.49775e+00  1.13074e-04  9.98509e-01  9.99407e-01
 9.32000e+01  9.99099e-01  1.11420e-04  1.49775e+00  1.11520e-04  9.98505e-01  9.99405e-01
 9.33000e+01  9.99096e-01  1.09864e-04  1.49774e+00  1.09963e-04  9.98500e-01  9.99404e-01
 9.34000e+01  9.99094e-01  1.08304e-04  1.49773e+00  1.08402e-04  9.98496e-01  9.99402e-01
 9.35000e+01  9.99091e-01  1.06741e-04  1.49773e+00  1.06838e-04  9.98491e-01  9.99400e-01
 9.36000e+01  9.99088e-01  1.05174e-04  1.49772e+00  1.05270e-04  9.98487e-01  9.99398e-01
 9.37000e+01  9.99086e-01  1.03604e-04  1.49771e+00  1.03699e-04  9.98483e-01  9.99397e-01
 9.38000e+01  9.99083e-01  1.02030e-04  1.49771e+00  1.02124e-04  9.98479e-01  9.99395e-01
 9.39000e+01  9.99081e-01  1.00453e-04  1.49770e+00  1.00545e-04  9.98475e-01  9.99393e-01
 9.40000e+01  9.99078e-01  9.88723e-05  1.49770e+00  9.89636e-05  9.98471e-01  9.99392e-01
 9.41000e+01  9.99076e-01  9.72886e-05  1.49769e+00  9.73786e-05  9.98467e-01  9.99390e-01
 9.42000e+01  9.99073e-01  9.57016e-05  1.49768e+00  9.57903e-05  9.98463e-01  9.99389e-01
 9.43000e+01  9.99071e-01  9.41114e-05  1.49768e+00  9.41989e-05  9.98459e-01  9.99387e-01
 9.44000e+01  9.99069e-01  9.25181e-05  1.49767e+00  9.26043e-05  9.98455e-01  9.99386e-01
 9.45000e+01  9.99067e-01  9.09217e-05  1.49767e+00  9.10067e-05  9.98451e-01  9.99384e-01
 9.46000e+01  9.99064e-01  8.93224e-05  1.49766e+00  8.94060e-05  9.98448e-01  9.99383e-01
 9.47000e+01  9.99062e-01  8.77200e-05  1.49766e+00  8.78024e-05  9.98444e-01  9.99381e-01
 9.48000e+01  9.99060e-01  8.61148e-05  1.49765e+00  8.61958e-05  9.98440e-01  9.99380e-01
 9.49000e+01  9.99058e-01  8.45068e-05  1.49765e+00  8.45864e-05  9.98437e-01  9.99378e-01
 9.50000e+01  9.99056e-01  8.28959e-05  1.49764e+00  8.29742e-05  9.98433e-01  9.99377e-01
 9.51000e+01  9.99054e-01  8.12823e-05  1.49764e+00  8.13593e-05  9.98430e-01  9.99376e-01
 9.52000e+01  9.99052e-01  7.96660e-05  1.49763e+00  7.97416e-05  9.98427e-01  9.99374e-01
 9.53000e+01  9.99050e-01  7.80471e-05  1.49763e+00  7.81213e-05  9.98424e-01  9.99373e-01
 9.54000e+01  9.99048e-01  7.64256e-05  1.49762e+00  7.64984e-05  9.98420e-01  9.99372e-01
 9.55000e+01  9.99046e-01  7.48016e-05  1.49762e+00  7.48730e-05  9.98417e-01  9.99371e-01
 9.56000e+01  9.99044e-01  7.31751e-05  1.49761e+00  7.32452e-05  9.98414e-01  9.99369e-01
 9.57000e+01  9.99042e-01  7.15463e-05  1.49761e+00  7.16148e-05  9.98411e-01  9.99368e-01
 9.58000e+01  9.99041e-01  6.99150e-05  1.49760e+00  6.99822e-05  9.98408e-01  9.99367e-01
 9.59000e+01  9.99039e-01  6.82815e-05  1.49760e+00  6.83472e-05  9.98406e-01  9.99366e-01
 9.60000e+01  9.99037e-01  6.66457e-05  1.49759e+00  6.67099e-05  9.98403e-01  9.99365e-01
 9.61000e+01  9.99036e-01  6.50077e-05  1.49759e+00  6.50705e-05  9.98400e-01  9.99364e-01
 9.62000e+01  9.99034e-01  6.33676e-05  1.49759e+00  6.34289e-05  9.98397e-01  9.99363e-01
 9.63000e+01  9.99033e-01  6.17254e-05  1.49758e+00  6.17852e-05  9.98395e-01  9.99362e-01
 9.64000e+01  9.99031e-01  6.00812e-05  1.49758e+00  6.01395e-05  9.98392e-01  9.99361e-01
 9.65000e+01  9.99030e-01  5.84350e-05  1.49757e+00  5.84918e-05  9.98390e-01  9.99360e-01
 9.66000e+01  9.99028e-01  5.67869e-05  1.49757e+00  5.68421e-05  9.98388e-01  9.99359e-01
 9.67000e+01  9.99027e-01  5.51369e-05  1.49757e+00  5.51906e-05  9.98385e-01  9.99358e-01
 9.68000e+01  9.99025e-01  5.34851e-05  1.49756e+00  5.35373e-05  9.98383e-01  9.99357e-01
 9.69000e+01  9.99024e-01  5.18316e-05  1.49756e+00  5.18822e-05  9.98381e-01  9.99356e-01
 9.70000e+01  9.99023e-01  5.01763e-05  1.49756e+00  5.02254e-05  9.98379e-01  9.99355e-01
 9.71000e+01  9.99022e-01  4.85194e-05  1.49755e+00  4.85669e-05  9.98377e-01  9.99354e-01
 9.72000e+01  9.99020e-01  4.68609e-05  1.49755e+00  4.69069e-05  9.98375e-01  9.99354e-01
 9.73000e+01  9.99019e-01  4.52009e-05  1.49755e+00  4.52453e-05  9.98373e-01  9.99353e-01
 9.74000e+01  9.99018e-01  4.35394e-05  1.49755e+00  4.35822e-05  9.98371e-01  9.99352e-01
 9.75000e+01  9.99017e-01  4.18765e-05  1.49754e+00  4.19177e-05  9.98369e-01  9.99352e-01
 9.76000e+01  9.99016e-01  4.02122e-05  1.49754e+00  4.02518e-05  9.98368e-01  9.99351e-01
 9.77000e+01  9.99015e-01  3.85466e-05  1.49754e+00  3.85846e-05  9.98366e-01  9.99350e-01
 9.78000e+01  9.99014e-01  3.68797e-05  1.49754e+00  3.69161e-05  9.98365e-01  9.99350e-01
 9.79000e+01  9.99013e-01  3.52116e-05  1.49753e+00  3.52464e-05  9.98363e-01  9.99349e-01
 9.80000e+01  9.99013e-01  3.35424e-05  1.49753e+00  3.35755e-05  9.98362e-01  9.99348e-01
 9.81000e+01  9.99012e-01  3.18720e-05  1.49753e+00  3.19035e-05  9.98360e-01  9.99348e-01
 9.82000e+01  9.99011e-01  3.02006e-05  1.49753e+00  3.02305e-05  9.98359e-01  9.99347e-01
 9.83000e+01  9.99010e-01  2.85283e-05  1.49753e+00  2.85565e-05  9.98358e-01  9.99347e-01
 9.84000e+01  9.99010e-01  2.68550e-05  1.49752e+00  2.68816e-05  9.98357e-01  9.99346e-01
 9.85000e+01  9.99009e-01  2.51808e-05  1.49752e+00  2.52058e-05  9.98356e-01  9.99346e-01
 9.86000e+01  9.99008e-01  2.35058e-05  1.49752e+00  2.35291e-05  9.98355e-01  9.99346e-01
 9.87000e+01  9.99008e-01  2.18300e-05  1.49752e+00  2.18517e-05  9.98354e-01  9.99345e-01
 9.88000e+01  9.99007e-01  2.01535e-05  1.49752e+00  2.01735e-05  9.98353e-01  9.99345e-01
 9.89000e+01  9.99007e-01  1.84764e-05  1.49752e+00  1.84947e-05  9.98352e-01  9.99345e-01
 9.90000e+01  9.99006e-01  1.67986e-05  1.49752e+00  1.68153e-05  9.98351e-01  9.99344e-01
 9.91000e+01  9.99006e-01  1.51203e-05  1.49752e+00  1.51354e-05  9.98351e-01  9.99344e-01
 9.92000e+01  9.99006e-01  1.34415e-05  1.49751e+00  1.34549e-05  9.98350e-01  9.99344e-01
 9.93000e+01  9.99005e-01  1.17623e-05  1.49751e+00  1.17740e-05  9.98349e-01  9.99344e-01
 9.94000e+01  9.99005e-01  1.00827e-05  1.49751e+00  1.00927e-05  9.98349e-01  9.99343e-01
 9.95000e+01  9.99005e-01  8.40274e-06  1.49751e+00  8.41112e-06  9.98349e-01  9.99343e-01
 9.96000e+01  9.99005e-01  6.72253e-06  1.49751e+00  6.72922e-06  9.98348e-01  9.99343e-01
 9.97000e+01  9.99004e-01  5.04209e-06  1.49751e+00  5.04711e-06  9.98348e-01  9.99343e-01
 9.98000e+01  9.99004e-01  3.36148e-06  1.49751e+00  3.36483e-06  9.98348e-01  9.99343e-01
 9.99000e+01  9.99004e-01  1.68077e-06  1.49751e+00  1.68244e-06  9.98348e-01  9.99343e-01
