 0.00000e+00  2.15032e-01  3.12450e-15  1.00925e-01  1.45304e-14  7.87458e-02  4.56253e-01
 5.00000e-01  2.15024e-01 -1.94756e-05  1.00924e-01 -9.05742e-05  7.87446e-02  4.56258e-01
 1.00000e+00  2.15000e-01 -3.89484e-05  1.00922e-01 -1.81156e-04  7.87409e-02  4.56271e-01
 1.50000e+00  2.14960e-01 -5.84155e-05  1.00920e-01 -2.71751e-04  7.87347e-02  4.56294e-01
 2.00000e+00  2.14904e-01 -7.78737e-05  1.00916e-01 -3.62365e-04  7.87261e-02  4.56325e-01
 2.50000e+00  2.14832e-01 -9.73191e-05  1.00910e-01 -4.53000e-04  7.87150e-02  4.56366e-01
 3.00000e+00  2.14745e-01 -1.16747e-04  1.00904e-01 -5.43655e-04  7.87015e-02  4.56416e-01
 3.50000e+00  2.14642e-01 -1.36153e-04  1.00897e-01 -6.34326e-04  7.86856e-02  4.56475e-01
 4.00000e+00  2.14524e-01 -1.55531e-04  1.00888e-01 -7.25004e-04  7.86673e-02  4.56542e-01
 4.50000e+00  2.14390e-01 -1.74873e-04  1.00879e-01 -8.15675e-04  7.86467e-02  4.56619e-01
 5.00000e+00  2.14242e-01 -1.94171e-04  1.00868e-01 -9.06317e-04  7.86238e-02  4.56705e-01
 5.50000e+00  2.14078e-01 -2.13415e-04  1.00857e-01 -9.96906e-04  7.85987e-02  4.56800e-01
 6.00000e+00  2.13899e-01 -2.32596e-04  1.00844e-01 -1.08741e-03  7.85714e-02  4.56904e-01
 6.50000e+00  2.13706e-01 -2.51699e-04  1.00831e-01 -1.17778e-03  7.85419e-02  4.57017e-01
 7.00000e+00  2.13499e-01 -2.70712e-04  1.00816e-01 -1.26798e-03  7.85104e-02  4.57138e-01
 7.50000e+00  2.13278e-01 -2.89620e-04  1.00801e-01 -1.35795e-03  7.84768e-02  4.57269e-01
 8.00000e+00  2.13043e-01 -3.08404e-04  1.00784e-01 -1.44762e-03  7.84412e-02  4.57409e-01
 8.50000e+00  2.12794e-01 -3.27049e-04  1.00767e-01 -1.53692e-03  7.84037e-02  4.57558e-01
 9.00000e+00  2.12533e-01 -3.45533e-04  1.00749e-01 -1.62579e-03  7.83644e-02  4.57715e-01
 9.50000e+00  2.12258e-01 -3.63835e-04  1.00730e-01 -1.71412e-03  7.83234e-02  4.57882e-01
 1.00000e+01  2.11971e-01 -3.81934e-04  1.00711e-01 -1.80182e-03  7.82806e-02  4.58057e-01
 1.05000e+01  2.11672e-01 -3.99806e-04  1.00690e-01 -1.88880e-03  7.82362e-02  4.58241e-01
 1.10000e+01  2.11361e-01 -4.17425e-04  1.00669e-01 -1.97494e-03  7.81903e-02  4.58434e-01
 1.15000e+01  2.11039e-01 -4.34767e-04  1.00648e-01 -2.06012e-03  7.81430e-02  4.58636e-01
 1.20000e+01  2.10706e-01 -4.51804e-04  1.00625e-01 -2.14424e-03  7.80942e-02  4.58846e-01
 1.25000e+01  2.10362e-01 -4.68509e-04  1.00603e-01 -2.22715e-03  7.80442e-02  4.59065e-01
 1.30000e+01  2.10009e-01 -4.84854e-04  1.00579e-01 -2.30873e-03  7.79930e-02  4.59292e-01
 1.35000e+01  2.09645e-01 -5.00810e-04  1.00555e-01 -2.38885e-03  7.79406e-02  4.59528e-01
 1.40000e+01  2.09272e-01 -5.16350e-04  1.00531e-01 -2.46736e-03  7.78872e-02  4.59772e-01
 1.45000e+01  2.08890e-01 -5.31443e-04  1.00507e-01 -2.54412e-03  7.78329e-02  4.60024e-01
 1.50000e+01  2.08500e-01 -5.46062e-04  1.00482e-01 -2.61900e-03  7.77777e-02  4.60285e-01
 1.55000e+01  2.08102e-01 -5.60177e-04  1.00457e-01 -2.69184e-03  7.77218e-02  4.60553e-01
 1.60000e+01  2.07696e-01 -5.73762e-04  1.00431e-01 -2.76251e-03  7.76651e-02  4.60830e-01
 1.65000e+01  2.07283e-01 -5.86789e-04  1.00405e-01 -2.83085e-03  7.76079e-02  4.61114e-01
 1.70000e+01  2.06864e-01 -5.99230e-04  1.00380e-01 -2.89673e-03  7.75501e-02  4.61406e-01
 1.75000e+01  2.06439e-01 -6.11062e-04  1.00354e-01 -2.96002e-03  7.74919e-02  4.61705e-01
 1.80000e+01  2.06008e-01 -6.22259e-04  1.00328e-01 -3.02056e-03  7.74334e-02  4.62011e-01
 1.85000e+01  2.05571e-01 -6.32798e-04  1.00302e-01 -3.07824e-03  7.73746e-02  4.62325e-01
 1.90000e+01  2.05130e-01 -6.42658e-04  1.00276e-01 -3.13292e-03  7.73155e-02  4.62646e-01
 1.95000e+01  2.04685e-01 -6.51819e-04  1.00250e-01 -3.18449e-03  7.72564e-02  4.62973e-01
 2.00000e+01  2.04237e-01 -6.60261e-04  1.00224e-01 -3.23282e-03  7.71973e-02  4.63306e-01
 2.05000e+01  2.03784e-01 -6.67968e-04  1.00198e-01 -3.27782e-03  7.71381e-02  4.63646e-01
 2.10000e+01  2.03330e-01 -6.74925e-04  1.00172e-01 -3.31936e-03  7.70791e-02  4.63992e-01
 2.15000e+01  2.02873e-01 -6.81119e-04  1.00147e-01 -3.35737e-03  7.70202e-02  4.64343e-01
 2.20000e+01  2.02414e-01 -6.86538e-04  1.00121e-01 -3.39176e-03  7.69616e-02  4.64700e-01
 2.25000e+01  2.01953e-01 -6.91173e-04  1.00096e-01 -3.42244e-03  7.69033e-02  4.65062e-01
 2.30000e+01  2.01492e-01 -6.95016e-04  1.00071e-01 -3.44935e-03  7.68453e-02  4.65429e-01
 2.35000e+01  2.01031e-01 -6.98062e-04  1.00047e-01 -3.47242e-03  7.67878e-02  4.65800e-01
 2.40000e+01  2.00569e-01 -7.00306e-04  1.00023e-01 -3.49160e-03  7.67307e-02  4.66175e-01
 2.45000e+01  2.00108e-01 -7.01748e-04  9.99987e-02 -3.50685e-03  7.66741e-02  4.66555e-01
 2.50000e+01  1.99648e-01 -7.02386e-04  9.99752e-02 -3.51812e-03  7.66182e-02  4.66937e-01
 2.55000e+01  1.99189e-01 -7.02222e-04  9.99520e-02 -3.52540e-03  7.65628e-02  4.67322e-01
 2.60000e+01  1.98732e-01 -7.01260e-04  9.99293e-02 -3.52867e-03  7.65082e-02  4.67711e-01
 2.65000e+01  1.98278e-01 -6.99505e-04  9.99069e-02 -3.52791e-03  7.64542e-02  4.68101e-01
 2.70000e+01  1.97826e-01 -6.96963e-04  9.98850e-02 -3.52311e-03  7.64010e-02  4.68493e-01
 2.75000e+01  1.97377e-01 -6.93642e-04  9.98635e-02 -3.51430e-03  7.63486e-02  4.68887e-01
 2.80000e+01  1.96932e-01 -6.89551e-04  9.98424e-02 -3.50147e-03  7.62970e-02  4.69281e-01
 2.85000e+01  1.96490e-01 -6.84702e-04  9.98219e-02 -3.48466e-03  7.62463e-02  4.69676e-01
 2.90000e+01  1.96053e-01 -6.79106e-04  9.98017e-02 -3.46388e-03  7.61964e-02  4.70071e-01
 2.95000e+01  1.95621e-01 -6.72775e-04  9.97821e-02 -3.43917e-03  7.61475e-02  4.70466e-01
 3.00000e+01  1.95194e-01 -6.65725e-04  9.97629e-02 -3.41058e-03  7.60996e-02  4.70860e-01
 3.05000e+01  1.94772e-01 -6.57969e-04  9.97442e-02 -3.37814e-03  7.60526e-02  4.71252e-01
 3.10000e+01  1.94357e-01 -6.49524e-04  9.97260e-02 -3.34192e-03  7.60066e-02  4.71643e-01
 3.15000e+01  1.93947e-01 -6.40406e-04  9.97083e-02 -3.30196e-03  7.59616e-02  4.72032e-01
 3.20000e+01  1.93544e-01 -6.30631e-04  9.96911e-02 -3.25833e-03  7.59177e-02  4.72417e-01
 3.25000e+01  1.93148e-01 -6.20218e-04  9.96743e-02 -3.21110e-03  7.58749e-02  4.72800e-01
 3.30000e+01  1.92759e-01 -6.09185e-04  9.96581e-02 -3.16034e-03  7.58331e-02  4.73178e-01
 3.35000e+01  1.92378e-01 -5.97551e-04  9.96424e-02 -3.10613e-03  7.57924e-02  4.73553e-01
 3.40000e+01  1.92005e-01 -5.85333e-04  9.96272e-02 -3.04853e-03  7.57529e-02  4.73922e-01
 3.45000e+01  1.91640e-01 -5.72552e-04  9.96125e-02 -2.98764e-03  7.57144e-02  4.74287e-01
 3.50000e+01  1.91283e-01 -5.59226e-04  9.95983e-02 -2.92355e-03  7.56771e-02  4.74645e-01
 3.55000e+01  1.90936e-01 -5.45376e-04  9.95846e-02 -2.85633e-03  7.56409e-02  4.74998e-01
 3.60000e+01  1.90597e-01 -5.31020e-04  9.95713e-02 -2.78609e-03  7.56059e-02  4.75343e-01
 3.65000e+01  1.90268e-01 -5.16179e-04  9.95586e-02 -2.71291e-03  7.55721e-02  4.75682e-01
 3.70000e+01  1.89948e-01 -5.00871e-04  9.95464e-02 -2.63688e-03  7.55395e-02  4.76013e-01
 3.75000e+01  1.89639e-01 -4.85117e-04  9.95347e-02 -2.55812e-03  7.55080e-02  4.76336e-01
 3.80000e+01  1.89339e-01 -4.68936e-04  9.95234e-02 -2.47670e-03  7.54777e-02  4.76650e-01
 3.85000e+01  1.89050e-01 -4.52348e-04  9.95126e-02 -2.39274e-03  7.54486e-02  4.76955e-01
 3.90000e+01  1.88771e-01 -4.35371e-04  9.95024e-02 -2.30634e-03  7.54208e-02  4.77251e-01
 3.95000e+01  1.88504e-01 -4.18025e-04  9.94926e-02 -2.21760e-03  7.53941e-02  4.77537e-01
 4.00000e+01  1.88247e-01 -4.00329e-04  9.94833e-02 -2.12662e-03  7.53687e-02  4.77813e-01
 4.05000e+01  1.88002e-01 -3.82301e-04  9.94744e-02 -2.03350e-03  7.53445e-02  4.78078e-01
 4.10000e+01  1.87768e-01 -3.63960e-04  9.94661e-02 -1.93835e-03  7.53215e-02  4.78331e-01
 4.15000e+01  1.87545e-01 -3.45323e-04  9.94582e-02 -1.84128e-03  7.52997e-02  4.78574e-01
 4.20000e+01  1.87335e-01 -3.26410e-04  9.94507e-02 -1.74239e-03  7.52792e-02  4.78804e-01
 4.25000e+01  1.87136e-01 -3.07238e-04  9.94438e-02 -1.64179e-03  7.52599e-02  4.79023e-01
 4.30000e+01  1.86950e-01 -2.87824e-04  9.94373e-02 -1.53958e-03  7.52418e-02  4.79229e-01
 4.35000e+01  1.86775e-01 -2.68186e-04  9.94312e-02 -1.43588e-03  7.52250e-02  4.79422e-01
 4.40000e+01  1.86613e-01 -2.48341e-04  9.94256e-02 -1.33078e-03  7.52094e-02  4.79602e-01
 4.45000e+01  1.86464e-01 -2.28305e-04  9.94205e-02 -1.22439e-03  7.51950e-02  4.79769e-01
 4.50000e+01  1.86327e-01 -2.08096e-04  9.94158e-02 -1.11683e-03  7.51819e-02  4.79922e-01
 4.55000e+01  1.86203e-01 -1.87730e-04  9.94116e-02 -1.00820e-03  7.51701e-02  4.80061e-01
 4.60000e+01  1.86092e-01 -1.67223e-04  9.94078e-02 -8.98605e-04  7.51594e-02  4.80186e-01
 4.65000e+01  1.85993e-01 -1.46591e-04  9.94045e-02 -7.88152e-04  7.51501e-02  4.80297e-01
 4.70000e+01  1.85908e-01 -1.25851e-04  9.94016e-02 -6.76950e-04  7.51420e-02  4.80393e-01
 4.75000e+01  1.85836e-01 -1.05017e-04  9.93992e-02 -5.65106e-04  7.51351e-02  4.80475e-01
 4.80000e+01  1.85776e-01 -8.41060e-05  9.93972e-02 -4.52727e-04  7.51295e-02  4.80542e-01
 4.85000e+01  1.85730e-01 -6.31334e-05  9.93956e-02 -3.39920e-04  7.51251e-02  4.80594e-01
 4.90000e+01  1.85697e-01 -4.21146e-05  9.93945e-02 -2.26792e-04  7.51220e-02  4.80632e-01
 4.95000e+01  1.85677e-01 -2.10650e-05  9.93939e-02 -1.13449e-04  7.51201e-02  4.80654e-01
 5.00000e+01  1.85671e-01 -3.80182e-16  9.93936e-02 -2.04761e-15  7.51195e-02  4.80662e-01
 5.05000e+01  1.85677e-01  2.10650e-05  9.93939e-02  1.13449e-04  7.51201e-02  4.80654e-01
 5.10000e+01  1.85697e-01  4.21146e-05  9.93945e-02  2.26792e-04  7.51220e-02  4.80632e-01
 5.15000e+01  1.85730e-01  6.31334e-05  9.93956e-02  3.39920e-04  7.51251e-02  4.80594e-01
 5.20000e+01  1.85776e-01  8.41060e-05  9.93972e-02  4.52727e-04  7.51295e-02  4.80542e-01
 5.25000e+01  1.85836e-01  1.05017e-04  9.93992e-02  5.65106e-04  7.51351e-02  4.80475e-01
 5.30000e+01  1.85908e-01  1.25851e-04  9.94016e-02  6.76950e-04  7.51420e-02  4.80393e-01
 5.35000e+01  1.85993e-01  1.46591e-04  9.94045e-02  7.88152e-04  7.51501e-02  4.80297e-01
 5.40000e+01  1.86092e-01  1.67223e-04  9.94078e-02  8.98605e-04  7.51594e-02  4.80186e-01
 5.45000e+01  1.86203e-01  1.87730e-04  9.94116e-02  1.00820e-03  7.51701e-02  4.80061e-01
 5.50000e+01  1.86327e-01  2.08096e-04  9.94158e-02  1.11683e-03  7.51819e-02  4.79922e-01
 5.55000e+01  1.86464e-01  2.28305e-04  9.94205e-02  1.22439e-03  7.51950e-02  4.79769e-01
 5.60000e+01  1.86613e-01  2.48341e-04  9.94256e-02  1.33078e-03  7.52094e-02  4.79602e-01
 5.65000e+01  1.86775e-01  2.68186e-04  9.94312e-02  1.43588e-03  7.52250e-02  4.79422e-01
 5.70000e+01  1.86950e-01  2.87824e-04  9.94373e-02  1.53958e-03  7.52418e-02  4.79229e-01
 5.75000e+01  1.87136e-01  3.07238e-04  9.94438e-02  1.64179e-03  7.52599e-02  4.79023e-01
 5.80000e+01  1.87335e-01  3.26410e-04  9.94507e-02  1.74239e-03  7.52792e-02  4.78804e-01
 5.85000e+01  1.87545e-01  3.45323e-04  9.94582e-02  1.84128e-03  7.52997e-02  4.78574e-01
 5.90000e+01  1.87768e-01  3.63960e-04  9.94661e-02  1.93835e-03  7.53215e-02  4.78331e-01
 5.95000e+01  1.88002e-01  3.82301e-04  9.94744e-02  2.03350e-03  7.53445e-02  4.78078e-01
 6.00000e+01  1.88247e-01  4.00329e-04  9.94833e-02  2.12662e-03  7.53687e-02  4.77813e-01
 6.05000e+01  1.88504e-01  4.18025e-04  9.94926e-02  2.21760e-03  7.53941e-02  4.77537e-01
 6.10000e+01  1.88771e-01  4.35371e-04  9.95024e-02  2.30634e-03  7.54208e-02  4.77251e-01
 6.15000e+01  1.89050e-01  4.52348e-04  9.95126e-02  2.39274e-03  7.54486e-02  4.76955e-01
 6.20000e+01  1.89339e-01  4.68936e-04  9.95234e-02  2.47670e-03  7.54777e-02  4.76650e-01
 6.25000e+01  1.89639e-01  4.85117e-04  9.95347e-02  2.55812e-03  7.55080e-02  4.76336e-01
 6.30000e+01  1.89948e-01  5.00871e-04  9.95464e-02  2.63688e-03  7.55395e-02  4.76013e-01
 6.35000e+01  1.90268e-01  5.16179e-04  9.95586e-02  2.71291e-03  7.55721e-02  4.75682e-01
 6.40000e+01  1.90597e-01  5.31020e-04  9.95713e-02  2.78609e-03  7.56059e-02  4.75343e-01
 6.45000e+01  1.90936e-01  5.45376e-04  9.95846e-02  2.85633e-03  7.56409e-02  4.74998e-01
 6.50000e+01  1.91283e-01  5.59226e-04  9.95983e-02  2.92355e-03  7.56771e-02  4.74645e-01
 6.55000e+01  1.91640e-01  5.72552e-04  9.96125e-02  2.98764e-03  7.57144e-02  4.74287e-01
 6.60000e+01  1.92005e-01  5.85333e-04  9.96272e-02  3.04853e-03  7.57529e-02  4.73922e-01
 6.65000e+01  1.92378e-01  5.97551e-04  9.96424e-02  3.10613e-03  7.57924e-02  4.73553e-01
 6.70000e+01  1.92759e-01  6.09185e-04  9.96581e-02  3.16034e-03  7.58331e-02  4.73178e-01
 6.75000e+01  1.93148e-01  6.20218e-04  9.96743e-02  3.21110e-03  7.58749e-02  4.72800e-01
 6.80000e+01  1.93544e-01  6.30631e-04  9.96911e-02  3.25833e-03  7.59177e-02  4.72417e-01
 6.85000e+01  1.93947e-01  6.40406e-04  9.97083e-02  3.30196e-03  7.59616e-02  4.72032e-01
 6.90000e+01  1.94357e-01  6.49524e-04  9.97260e-02  3.34192e-03  7.60066e-02  4.71643e-01
 6.95000e+01  1.94772e-01  6.57969e-04  9.97442e-02  3.37814e-03  7.60526e-02  4.71252e-01
 7.00000e+01  1.95194e-01  6.65725e-04  9.97629e-02  3.41058e-03  7.60996e-02  4.70860e-01
 7.05000e+01  1.95621e-01  6.72775e-04  9.97821e-02  3.43917e-03  7.61475e-02  4.70466e-01
 7.10000e+01  1.96053e-01  6.79106e-04  9.98017e-02  3.46388e-03  7.61964e-02  4.70071e-01
 7.15000e+01  1.96490e-01  6.84702e-04  9.98219e-02  3.48466e-03  7.62463e-02  4.69676e-01
 7.20000e+01  1.96932e-01  6.89551e-04  9.98424e-02  3.50147e-03  7.62970e-02  4.69281e-01
 7.25000e+01  1.97377e-01  6.93642e-04  9.98635e-02  3.51430e-03  7.63486e-02  4.68887e-01
 7.30000e+01  1.97826e-01  6.96963e-04  9.98850e-02  3.52311e-03  7.64010e-02  4.68493e-01
 7.35000e+01  1.98278e-01  6.99505e-04  9.99069e-02  3.52791e-03  7.64542e-02  4.68101e-01
 7.40000e+01  1.98732e-01  7.01260e-04  9.99293e-02  3.52867e-03  7.65082e-02  4.67711e-01
 7.45000e+01  1.99189e-01  7.02222e-04  9.99520e-02  3.52540e-03  7.65628e-02  4.67322e-01
 7.50000e+01  1.99648e-01  7.02386e-04  9.99752e-02  3.51812e-03  7.66182e-02  4.66937e-01
 7.55000e+01  2.00108e-01  7.01748e-04  9.99987e-02  3.50685e-03  7.66741e-02  4.66555e-01
 7.60000e+01  2.00569e-01  7.00306e-04  1.00023e-01  3.49160e-03  7.67307e-02  4.66175e-01
 7.65000e+01  2.01031e-01  6.98062e-04  1.00047e-01  3.47242e-03  7.67878e-02  4.65800e-01
 7.70000e+01  2.01492e-01  6.95016e-04  1.00071e-01  3.44935e-03  7.68453e-02  4.65429e-01
 7.75000e+01  2.01953e-01  6.91173e-04  1.00096e-01  3.42244e-03  7.69033e-02  4.65062e-01
 7.80000e+01  2.02414e-01  6.86538e-04  1.00121e-01  3.39176e-03  7.69616e-02  4.64700e-01
 7.85000e+01  2.02873e-01  6.81119e-04  1.00147e-01  3.35737e-03  7.70202e-02  4.64343e-01
 7.90000e+01  2.03330e-01  6.74925e-04  1.00172e-01  3.31936e-03  7.70791e-02  4.63992e-01
 7.95000e+01  2.03784e-01  6.67968e-04  1.00198e-01  3.27782e-03  7.71381e-02  4.63646e-01
 8.00000e+01  2.04237e-01  6.60261e-04  1.00224e-01  3.23282e-03  7.71973e-02  4.63306e-01
 8.05000e+01  2.04685e-01  6.51819e-04  1.00250e-01  3.18449e-03  7.72564e-02  4.62973e-01
 8.10000e+01  2.05130e-01  6.42658e-04  1.00276e-01  3.13292e-03  7.73155e-02  4.62646e-01
 8.15000e+01  2.05571e-01  6.32798e-04  1.00302e-01  3.07824e-03  7.73746e-02  4.62325e-01
 8.20000e+01  2.06008e-01  6.22259e-04  1.00328e-01  3.02056e-03  7.74334e-02  4.62011e-01
 8.25000e+01  2.06439e-01  6.11062e-04  1.00354e-01  2.96002e-03  7.74919e-02  4.61705e-01
 8.30000e+01  2.06864e-01  5.99230e-04  1.00380e-01  2.89673e-03  7.75501e-02  4.61406e-01
 8.35000e+01  2.07283e-01  5.86789e-04  1.00405e-01  2.83085e-03  7.76079e-02  4.61114e-01
 8.40000e+01  2.07696e-01  5.73762e-04  1.00431e-01  2.76251e-03  7.76651e-02  4.60830e-01
 8.45000e+01  2.08102e-01  5.60177e-04  1.00457e-01  2.69184e-03  7.77218e-02  4.60553e-01
 8.50000e+01  2.08500e-01  5.46062e-04  1.00482e-01  2.61900e-03  7.77777e-02  4.60285e-01
 8.55000e+01  2.08890e-01  5.31443e-04  1.00507e-01  2.54412e-03  7.78329e-02  4.60024e-01
 8.60000e+01  2.09272e-01  5.16350e-04  1.00531e-01  2.46736e-03  7.78872e-02  4.59772e-01
 8.65000e+01  2.09645e-01  5.00810e-04  1.00555e-01  2.38885e-03  7.79406e-02  4.59528e-01
 8.70000e+01  2.10009e-01  4.84854e-04  1.00579e-01  2.30873e-03  7.79930e-02  4.59292e-01
 8.75000e+01  2.10362e-01  4.68509e-04  1.00603e-01  2.22715e-03  7.80442e-02  4.59065e-01
 8.80000e+01  2.10706e-01  4.51804e-04  1.00625e-01  2.14424e-03  7.80942e-02  4.58846e-01
 8.85000e+01  2.11039e-01  4.34767e-04  1.00648e-01  2.06012e-03  7.81430e-02  4.58636e-01
 8.90000e+01  2.11361e-01  4.17425e-04  1.00669e-01  1.97494e-03  7.81903e-02  4.58434e-01
 8.95000e+01  2.11672e-01  3.99806e-04  1.00690e-01  1.88880e-03  7.82362e-02  4.58241e-01
 9.00000e+01  2.11971e-01  3.81934e-04  1.00711e-01  1.80182e-03  7.82806e-02  4.58057e-01
 9.05000e+01  2.12258e-01  3.63835e-04  1.00730e-01  1.71412e-03  7.83234e-02  4.57882e-01
 9.10000e+01  2.12533e-01  3.45533e-04  1.00749e-01  1.62579e-03  7.83644e-02  4.57715e-01
 9.15000e+01  2.12794e-01  3.27049e-04  1.00767e-01  1.53692e-03  7.84037e-02  4.57558e-01
 9.20000e+01  2.13043e-01  3.08404e-04  1.00784e-01  1.44762e-03  7.84412e-02  4.57409e-01
 9.25000e+01  2.13278e-01  2.89620e-04  1.00801e-01  1.35795e-03  7.84768e-02  4.57269e-01
 9.30000e+01  2.13499e-01  2.70712e-04  1.00816e-01  1.26798e-03  7.85104e-02  4.57138e-01
 9.35000e+01  2.13706e-01  2.51699e-04  1.00831e-01  1.17778e-03  7.85419e-02  4.57017e-01
 9.40000e+01  2.13899e-01  2.32596e-04  1.00844e-01  1.08741e-03  7.85714e-02  4.56904e-01
 9.45000e+01  2.14078e-01  2.13415e-04  1.00857e-01  9.96906e-04  7.85987e-02  4.56800e-01
 9.50000e+01  2.14242e-01  1.94171e-04  1.00868e-01  9.06317e-04  7.86238e-02  4.56705e-01
 9.55000e+01  2.14390e-01  1.74873e-04  1.00879e-01  8.15675e-04  7.86467e-02  4.56619e-01
 9.60000e+01  2.14524e-01  1.55531e-04  1.00888e-01  7.25004e-04  7.86673e-02  4.56542e-01
 9.65000e+01  2.14642e-01  1.36153e-04  1.00897e-01  6.34326e-04  7.86856e-02  4.56475e-01
 9.70000e+01  2.14745e-01  1.16747e-04  1.00904e-01  5.43655e-04  7.87015e-02  4.56416e-01
 9.75000e+01  2.14832e-01  9.73191e-05  1.00910e-01  4.53000e-04  7.87150e-02  4.56366e-01
 9.80000e+01  2.14904e-01  7.78737e-05  1.00916e-01  3.62365e-04  7.87261e-02  4.56325e-01
 9.85000e+01  2.14960e-01  5.84155e-05  1.00920e-01  2.71751e-04  7.87347e-02  4.56294e-01
 9.90000e+01  2.15000e-01  3.89484e-05  1.00922e-01  1.81156e-04  7.87409e-02  4.56271e-01
 9.95000e+01  2.15024e-01  1.94756e-05  1.00924e-01  9.05742e-05  7.87446e-02  4.56258e-01
