 0.00000e+00  2.08798e-01 -2.58734e-16  5.06811e-03 -1.23916e-15 -2.59172e-03 -2.46111e-03  1.55381e-01
 5.00000e-01  2.08794e-01  1.85222e-05  5.06808e-03  8.87101e-05 -2.59170e-03 -2.46113e-03  1.55378e-01
 1.00000e+00  2.08783e-01  3.70138e-05  5.06796e-03  1.77284e-04 -2.59164e-03 -2.46116e-03  1.55371e-01
 1.50000e+00  2.08763e-01  5.54443e-05  5.06776e-03  2.65585e-04 -2.59153e-03 -2.46123e-03  1.55359e-01
 2.00000e+00  2.08736e-01  7.37835e-05  5.06749e-03  3.53478e-04 -2.59138e-03 -2.46131e-03  1.55342e-01
 2.50000e+00  2.08701e-01  9.20011e-05  5.06714e-03  4.40828e-04 -2.59118e-03 -2.46143e-03  1.55320e-01
 3.00000e+00  2.08658e-01  1.10067e-04  5.06672e-03  5.27502e-04 -2.59094e-03 -2.46156e-03  1.55293e-01
 3.50000e+00  2.08607e-01  1.27953e-04  5.06622e-03  6.13367e-04 -2.59065e-03 -2.46172e-03  1.55262e-01
 4.00000e+00  2.08549e-01  1.45628e-04  5.06564e-03  6.98294e-04 -2.59031e-03 -2.46191e-03  1.55226e-01
 4.50000e+00  2.08483e-01  1.63066e-04  5.06500e-03  7.82154e-04 -2.58993e-03 -2.46212e-03  1.55185e-01
 5.00000e+00  2.08409e-01  1.80237e-04  5.06428e-03  8.64821e-04 -2.58949e-03 -2.46235e-03  1.55139e-01
 5.50000e+00  2.08328e-01  1.97114e-04  5.06349e-03  9.46172e-04 -2.58900e-03 -2.46261e-03  1.55089e-01
 6.00000e+00  2.08239e-01  2.13671e-04  5.06263e-03  1.02609e-03 -2.58846e-03 -2.46289e-03  1.55034e-01
 6.50000e+00  2.08143e-01  2.29883e-04  5.06171e-03  1.10445e-03 -2.58785e-03 -2.46319e-03  1.54974e-01
 7.00000e+00  2.08039e-01  2.45723e-04  5.06072e-03  1.18114e-03 -2.58719e-03 -2.46351e-03  1.54910e-01
 7.50000e+00  2.07928e-01  2.61169e-04  5.05966e-03  1.25606e-03 -2.58647e-03 -2.46385e-03  1.54841e-01
 8.00000e+00  2.07809e-01  2.76196e-04  5.05855e-03  1.32909e-03 -2.58568e-03 -2.46422e-03  1.54768e-01
 8.50000e+00  2.07683e-01  2.90783e-04  5.05737e-03  1.40013e-03 -2.58483e-03 -2.46460e-03  1.54690e-01
 9.00000e+00  2.07551e-01  3.04909e-04  5.05614e-03  1.46908e-03 -2.58391e-03 -2.46501e-03  1.54608e-01
 9.50000e+00  2.07411e-01  3.18554e-04  5.05485e-03  1.53586e-03 -2.58291e-03 -2.46543e-03  1.54521e-01
 1.00000e+01  2.07264e-01  3.31699e-04  5.05351e-03  1.60037e-03 -2.58185e-03 -2.46587e-03  1.54430e-01
 1.05000e+01  2.07110e-01  3.44326e-04  5.05212e-03  1.66253e-03 -2.58070e-03 -2.46633e-03  1.54335e-01
 1.10000e+01  2.06949e-01  3.56419e-04  5.05068e-03  1.72226e-03 -2.57948e-03 -2.46681e-03  1.54236e-01
 1.15000e+01  2.06782e-01  3.67963e-04  5.04919e-03  1.77948e-03 -2.57817e-03 -2.46730e-03  1.54133e-01
 1.20000e+01  2.06608e-01  3.78944e-04  5.04766e-03  1.83412e-03 -2.57678e-03 -2.46781e-03  1.54026e-01
 1.25000e+01  2.06427e-01  3.89349e-04  5.04609e-03  1.88613e-03 -2.57530e-03 -2.46833e-03  1.53915e-01
 1.30000e+01  2.06240e-01  3.99167e-04  5.04448e-03  1.93545e-03 -2.57373e-03 -2.46886e-03  1.53800e-01
 1.35000e+01  2.06047e-01  4.08388e-04  5.04284e-03  1.98201e-03 -2.57207e-03 -2.46941e-03  1.53681e-01
 1.40000e+01  2.05848e-01  4.17005e-04  5.04116e-03  2.02579e-03 -2.57031e-03 -2.46997e-03  1.53559e-01
 1.45000e+01  2.05643e-01  4.25008e-04  5.03944e-03  2.06673e-03 -2.56846e-03 -2.47054e-03  1.53433e-01
 1.50000e+01  2.05432e-01  4.32394e-04  5.03770e-03  2.10480e-03 -2.56651e-03 -2.47112e-03  1.53303e-01
 1.55000e+01  2.05216e-01  4.39157e-04  5.03594e-03  2.13998e-03 -2.56445e-03 -2.47171e-03  1.53170e-01
 1.60000e+01  2.04994e-01  4.45295e-04  5.03415e-03  2.17224e-03 -2.56230e-03 -2.47230e-03  1.53034e-01
 1.65000e+01  2.04766e-01  4.50805e-04  5.03233e-03  2.20156e-03 -2.56004e-03 -2.47290e-03  1.52895e-01
 1.70000e+01  2.04534e-01  4.55688e-04  5.03050e-03  2.22793e-03 -2.55768e-03 -2.47351e-03  1.52753e-01
 1.75000e+01  2.04297e-01  4.59944e-04  5.02865e-03  2.25136e-03 -2.55521e-03 -2.47413e-03  1.52607e-01
 1.80000e+01  2.04054e-01  4.63577e-04  5.02678e-03  2.27183e-03 -2.55263e-03 -2.47474e-03  1.52459e-01
 1.85000e+01  2.03808e-01  4.66589e-04  5.02490e-03  2.28936e-03 -2.54995e-03 -2.47536e-03  1.52309e-01
 1.90000e+01  2.03557e-01  4.68986e-04  5.02301e-03  2.30396e-03 -2.54716e-03 -2.47598e-03  1.52155e-01
 1.95000e+01  2.03302e-01  4.70774e-04  5.02111e-03  2.31565e-03 -2.54426e-03 -2.47660e-03  1.52000e-01
 2.00000e+01  2.03042e-01  4.71960e-04  5.01919e-03  2.32444e-03 -2.54126e-03 -2.47722e-03  1.51842e-01
 2.05000e+01  2.02780e-01  4.72553e-04  5.01728e-03  2.33038e-03 -2.53815e-03 -2.47784e-03  1.51681e-01
 2.10000e+01  2.02513e-01  4.72563e-04  5.01535e-03  2.33349e-03 -2.53493e-03 -2.47845e-03  1.51519e-01
 2.15000e+01  2.02244e-01  4.71999e-04  5.01343e-03  2.33381e-03 -2.53161e-03 -2.47906e-03  1.51355e-01
 2.20000e+01  2.01971e-01  4.70875e-04  5.01150e-03  2.33140e-03 -2.52819e-03 -2.47967e-03  1.51189e-01
 2.25000e+01  2.01696e-01  4.69202e-04  5.00957e-03  2.32628e-03 -2.52467e-03 -2.48027e-03  1.51022e-01
 2.30000e+01  2.01418e-01  4.66994e-04  5.00765e-03  2.31853e-03 -2.52106e-03 -2.48086e-03  1.50853e-01
 2.35000e+01  2.01138e-01  4.64266e-04  5.00572e-03  2.30820e-03 -2.51735e-03 -2.48145e-03  1.50683e-01
 2.40000e+01  2.00856e-01  4.61034e-04  5.00380e-03  2.29534e-03 -2.51354e-03 -2.48202e-03  1.50512e-01
 2.45000e+01  2.00572e-01  4.57312e-04  5.00189e-03  2.28003e-03 -2.50965e-03 -2.48259e-03  1.50340e-01
 2.50000e+01  2.00287e-01  4.53118e-04  4.99998e-03  2.26234e-03 -2.50568e-03 -2.48315e-03  1.50168e-01
 2.55000e+01  2.00001e-01  4.48468e-04  4.99808e-03  2.24233e-03 -2.50162e-03 -2.48369e-03  1.49994e-01
 2.60000e+01  1.99714e-01  4.43382e-04  4.99618e-03  2.22008e-03 -2.49750e-03 -2.48423e-03  1.49820e-01
 2.65000e+01  1.99426e-01  4.37876e-04  4.99429e-03  2.19568e-03 -2.49330e-03 -2.48475e-03  1.49646e-01
 2.70000e+01  1.99138e-01  4.31969e-04  4.99242e-03  2.16919e-03 -2.48903e-03 -2.48525e-03  1.49472e-01
 2.75000e+01  1.98850e-01  4.25681e-04  4.99055e-03  2.14071e-03 -2.48470e-03 -2.48575e-03  1.49298e-01
 2.80000e+01  1.98563e-01  4.19030e-04  4.98870e-03  2.11031e-03 -2.48032e-03 -2.48622e-03  1.49125e-01
 2.85000e+01  1.98276e-01  4.12036e-04  4.98686e-03  2.07809e-03 -2.47589e-03 -2.48669e-03  1.48951e-01
 2.90000e+01  1.97990e-01  4.04718e-04  4.98504e-03  2.04413e-03 -2.47142e-03 -2.48713e-03  1.48779e-01
 2.95000e+01  1.97705e-01  3.97095e-04  4.98322e-03  2.00852e-03 -2.46692e-03 -2.48757e-03  1.48607e-01
 3.00000e+01  1.97422e-01  3.89187e-04  4.98143e-03  1.97135e-03 -2.46238e-03 -2.48798e-03  1.48436e-01
 3.05000e+01  1.97141e-01  3.81013e-04  4.97965e-03  1.93270e-03 -2.45782e-03 -2.48838e-03  1.48267e-01
 3.10000e+01  1.96862e-01  3.72592e-04  4.97789e-03  1.89266e-03 -2.45325e-03 -2.48876e-03  1.48099e-01
 3.15000e+01  1.96585e-01  3.63944e-04  4.97615e-03  1.85133e-03 -2.44867e-03 -2.48912e-03  1.47932e-01
 3.20000e+01  1.96311e-01  3.55085e-04  4.97443e-03  1.80879e-03 -2.44409e-03 -2.48947e-03  1.47767e-01
 3.25000e+01  1.96040e-01  3.46035e-04  4.97273e-03  1.76512e-03 -2.43951e-03 -2.48980e-03  1.47604e-01
 3.30000e+01  1.95773e-01  3.36811e-04  4.97105e-03  1.72041e-03 -2.43495e-03 -2.49011e-03  1.47443e-01
 3.35000e+01  1.95510e-01  3.27430e-04  4.96939e-03  1.67475e-03 -2.43042e-03 -2.49040e-03  1.47285e-01
 3.40000e+01  1.95250e-01  3.17910e-04  4.96776e-03  1.62822e-03 -2.42591e-03 -2.49068e-03  1.47129e-01
 3.45000e+01  1.94995e-01  3.08265e-04  4.96616e-03  1.58089e-03 -2.42144e-03 -2.49094e-03  1.46975e-01
 3.50000e+01  1.94745e-01  2.98512e-04  4.96458e-03  1.53284e-03 -2.41702e-03 -2.49118e-03  1.46825e-01
 3.55000e+01  1.94499e-01  2.88665e-04  4.96304e-03  1.48415e-03 -2.41265e-03 -2.49141e-03  1.46677e-01
 3.60000e+01  1.94259e-01  2.78738e-04  4.96152e-03  1.43488e-03 -2.40834e-03 -2.49162e-03  1.46533e-01
 3.65000e+01  1.94024e-01  2.68745e-04  4.96004e-03  1.38511e-03 -2.40411e-03 -2.49182e-03  1.46392e-01
 3.70000e+01  1.93795e-01  2.58698e-04  4.95858e-03  1.33490e-03 -2.39995e-03 -2.49200e-03  1.46254e-01
 3.75000e+01  1.93572e-01  2.48608e-04  4.95717e-03  1.28432e-03 -2.39587e-03 -2.49216e-03  1.46121e-01
 3.80000e+01  1.93356e-01  2.38487e-04  4.95579e-03  1.23341e-03 -2.39189e-03 -2.49232e-03  1.45991e-01
 3.85000e+01  1.93146e-01  2.28345e-04  4.95445e-03  1.18224e-03 -2.38800e-03 -2.49246e-03  1.45865e-01
 3.90000e+01  1.92943e-01  2.18190e-04  4.95315e-03  1.13085e-03 -2.38423e-03 -2.49258e-03  1.45743e-01
 3.95000e+01  1.92747e-01  2.08032e-04  4.95189e-03  1.07930e-03 -2.38056e-03 -2.49270e-03  1.45625e-01
 4.00000e+01  1.92558e-01  1.97877e-04  4.95068e-03  1.02762e-03 -2.37702e-03 -2.49280e-03  1.45512e-01
 4.05000e+01  1.92378e-01  1.87732e-04  4.94951e-03  9.75850e-04 -2.37361e-03 -2.49289e-03  1.45404e-01
 4.10000e+01  1.92205e-01  1.77603e-04  4.94838e-03  9.24029e-04 -2.37033e-03 -2.49297e-03  1.45300e-01
 4.15000e+01  1.92040e-01  1.67494e-04  4.94731e-03  8.72186e-04 -2.36719e-03 -2.49304e-03  1.45201e-01
 4.20000e+01  1.91883e-01  1.57411e-04  4.94629e-03  8.20348e-04 -2.36419e-03 -2.49311e-03  1.45107e-01
 4.25000e+01  1.91735e-01  1.47355e-04  4.94532e-03  7.68538e-04 -2.36135e-03 -2.49316e-03  1.45018e-01
 4.30000e+01  1.91595e-01  1.37330e-04  4.94440e-03  7.16774e-04 -2.35867e-03 -2.49321e-03  1.44934e-01
 4.35000e+01  1.91464e-01  1.27338e-04  4.94354e-03  6.65073e-04 -2.35614e-03 -2.49325e-03  1.44856e-01
 4.40000e+01  1.91343e-01  1.17378e-04  4.94274e-03  6.13446e-04 -2.35379e-03 -2.49329e-03  1.44783e-01
 4.45000e+01  1.91230e-01  1.07452e-04  4.94199e-03  5.61901e-04 -2.35160e-03 -2.49332e-03  1.44716e-01
 4.50000e+01  1.91127e-01  9.75596e-05  4.94131e-03  5.10444e-04 -2.34959e-03 -2.49335e-03  1.44654e-01
 4.55000e+01  1.91033e-01  8.76989e-05  4.94068e-03  4.59077e-04 -2.34777e-03 -2.49337e-03  1.44597e-01
 4.60000e+01  1.90949e-01  7.78689e-05  4.94012e-03  4.07800e-04 -2.34612e-03 -2.49338e-03  1.44547e-01
 4.65000e+01  1.90874e-01  6.80674e-05  4.93962e-03  3.56609e-04 -2.34466e-03 -2.49340e-03  1.44502e-01
 4.70000e+01  1.90809e-01  5.82920e-05  4.93919e-03  3.05499e-04 -2.34339e-03 -2.49341e-03  1.44463e-01
 4.75000e+01  1.90754e-01  4.85397e-05  4.93882e-03  2.54462e-04 -2.34231e-03 -2.49342e-03  1.44430e-01
 4.80000e+01  1.90709e-01  3.88072e-05  4.93852e-03  2.03489e-04 -2.34142e-03 -2.49343e-03  1.44403e-01
 4.85000e+01  1.90674e-01  2.90909e-05  4.93828e-03  1.52569e-04 -2.34073e-03 -2.49343e-03  1.44382e-01
 4.90000e+01  1.90649e-01  1.93869e-05  4.93811e-03  1.01689e-04 -2.34024e-03 -2.49344e-03  1.44367e-01
 4.95000e+01  1.90634e-01  9.69137e-06  4.93801e-03  5.08376e-05 -2.33994e-03 -2.49344e-03  1.44358e-01
 5.00000e+01  1.90629e-01 -1.59454e-16  4.93798e-03 -8.36462e-16 -2.33984e-03 -2.49344e-03  1.44355e-01
 5.05000e+01  1.90634e-01 -9.69137e-06  4.93801e-03 -5.08376e-05 -2.33994e-03 -2.49344e-03  1.44358e-01
 5.10000e+01  1.90649e-01 -1.93869e-05  4.93811e-03 -1.01689e-04 -2.34024e-03 -2.49344e-03  1.44367e-01
 5.15000e+01  1.90674e-01 -2.90909e-05  4.93828e-03 -1.52569e-04 -2.34073e-03 -2.49343e-03  1.44382e-01
 5.20000e+01  1.90709e-01 -3.88072e-05  4.93852e-03 -2.03489e-04 -2.34142e-03 -2.49343e-03  1.44403e-01
 5.25000e+01  1.90754e-01 -4.85397e-05  4.93882e-03 -2.54462e-04 -2.34231e-03 -2.49342e-03  1.44430e-01
 5.30000e+01  1.90809e-01 -5.82920e-05  4.93919e-03 -3.05499e-04 -2.34339e-03 -2.49341e-03  1.44463e-01
 5.35000e+01  1.90874e-01 -6.80674e-05  4.93962e-03 -3.56609e-04 -2.34466e-03 -2.49340e-03  1.44502e-01
 5.40000e+01  1.90949e-01 -7.78689e-05  4.94012e-03 -4.07800e-04 -2.34612e-03 -2.49338e-03  1.44547e-01
 5.45000e+01  1.91033e-01 -8.76989e-05  4.94068e-03 -4.59077e-04 -2.34777e-03 -2.49337e-03  1.44597e-01
 5.50000e+01  1.91127e-01 -9.75596e-05  4.94131e-03 -5.10444e-04 -2.34959e-03 -2.49335e-03  1.44654e-01
 5.55000e+01  1.91230e-01 -1.07452e-04  4.94199e-03 -5.61901e-04 -2.35160e-03 -2.49332e-03  1.44716e-01
 5.60000e+01  1.91343e-01 -1.17378e-04  4.94274e-03 -6.13446e-04 -2.35379e-03 -2.49329e-03  1.44783e-01
 5.65000e+01  1.91464e-01 -1.27338e-04  4.94354e-03 -6.65073e-04 -2.35614e-03 -2.49325e-03  1.44856e-01
 5.70000e+01  1.91595e-01 -1.37330e-04  4.94440e-03 -7.16774e-04 -2.35867e-03 -2.49321e-03  1.44934e-01
 5.75000e+01  1.91735e-01 -1.47355e-04  4.94532e-03 -7.68538e-04 -2.36135e-03 -2.49316e-03  1.45018e-01
 5.80000e+01  1.91883e-01 -1.57411e-04  4.94629e-03 -8.20348e-04 -2.36419e-03 -2.49311e-03  1.45107e-01
 5.85000e+01  1.92040e-01 -1.67494e-04  4.94731e-03 -8.72186e-04 -2.36719e-03 -2.49304e-03  1.45201e-01
 5.90000e+01  1.92205e-01 -1.77603e-04  4.94838e-03 -9.24029e-04 -2.37033e-03 -2.49297e-03  1.45300e-01
 5.95000e+01  1.92378e-01 -1.87732e-04  4.94951e-03 -9.75850e-04 -2.37361e-03 -2.49289e-03  1.45404e-01
 6.00000e+01  1.92558e-01 -1.97877e-04  4.95068e-03 -1.02762e-03 -2.37702e-03 -2.49280e-03  1.45512e-01
 6.05000e+01  1.92747e-01 -2.08032e-04  4.95189e-03 -1.07930e-03 -2.38056e-03 -2.49270e-03  1.45625e-01
 6.10000e+01  1.92943e-01 -2.18190e-04  4.95315e-03 -1.13085e-03 -2.38423e-03 -2.49258e-03  1.45743e-01
 6.15000e+01  1.93146e-01 -2.28345e-04  4.95445e-03 -1.18224e-03 -2.38800e-03 -2.49246e-03  1.45865e-01
 6.20000e+01  1.93356e-01 -2.38487e-04  4.95579e-03 -1.23341e-03 -2.39189e-03 -2.49232e-03  1.45991e-01
 6.25000e+01  1.93572e-01 -2.48608e-04  4.95717e-03 -1.28432e-03 -2.39587e-03 -2.49216e-03  1.46121e-01
 6.30000e+01  1.93795e-01 -2.58698e-04  4.95858e-03 -1.33490e-03 -2.39995e-03 -2.49200e-03  1.46254e-01
 6.35000e+01  1.94024e-01 -2.68745e-04  4.96004e-03 -1.38511e-03 -2.40411e-03 -2.49182e-03  1.46392e-01
 6.40000e+01  1.94259e-01 -2.78738e-04  4.96152e-03 -1.43488e-03 -2.40834e-03 -2.49162e-03  1.46533e-01
 6.45000e+01  1.94499e-01 -2.88665e-04  4.96304e-03 -1.48415e-03 -2.41265e-03 -2.49141e-03  1.46677e-01
 6.50000e+01  1.94745e-01 -2.98512e-04  4.96458e-03 -1.53284e-03 -2.41702e-03 -2.49118e-03  1.46825e-01
 6.55000e+01  1.94995e-01 -3.08265e-04  4.96616e-03 -1.58089e-03 -2.42144e-03 -2.49094e-03  1.46975e-01
 6.60000e+01  1.95250e-01 -3.17910e-04  4.96776e-03 -1.62822e-03 -2.42591e-03 -2.49068e-03  1.47129e-01
 6.65000e+01  1.95510e-01 -3.27430e-04  4.96939e-03 -1.67475e-03 -2.43042e-03 -2.49040e-03  1.47285e-01
 6.70000e+01  1.95773e-01 -3.36811e-04  4.97105e-03 -1.72041e-03 -2.43495e-03 -2.49011e-03  1.47443e-01
 6.75000e+01  1.96040e-01 -3.46035e-04  4.97273e-03 -1.76512e-03 -2.43951e-03 -2.48980e-03  1.47604e-01
 6.80000e+01  1.96311e-01 -3.55085e-04  4.97443e-03 -1.80879e-03 -2.44409e-03 -2.48947e-03  1.47767e-01
 6.85000e+01  1.96585e-01 -3.63944e-04  4.97615e-03 -1.85133e-03 -2.44867e-03 -2.48912e-03  1.47932e-01
 6.90000e+01  1.96862e-01 -3.72592e-04  4.97789e-03 -1.89266e-03 -2.45325e-03 -2.48876e-03  1.48099e-01
 6.95000e+01  1.97141e-01 -3.81013e-04  4.97965e-03 -1.93270e-03 -2.45782e-03 -2.48838e-03  1.48267e-01
 7.00000e+01  1.97422e-01 -3.89187e-04  4.98143e-03 -1.97135e-03 -2.46238e-03 -2.48798e-03  1.48436e-01
 7.05000e+01  1.97705e-01 -3.97095e-04  4.98322e-03 -2.00852e-03 -2.46692e-03 -2.48757e-03  1.48607e-01
 7.10000e+01  1.97990e-01 -4.04718e-04  4.98504e-03 -2.04413e-03 -2.47142e-03 -2.48713e-03  1.48779e-01
 7.15000e+01  1.98276e-01 -4.12036e-04  4.98686e-03 -2.07809e-03 -2.47589e-03 -2.48669e-03  1.48951e-01
 7.20000e+01  1.98563e-01 -4.19030e-04  4.98870e-03 -2.11031e-03 -2.48032e-03 -2.48622e-03  1.49125e-01
 7.25000e+01  1.98850e-01 -4.25681e-04  4.99055e-03 -2.14071e-03 -2.48470e-03 -2.48575e-03  1.49298e-01
 7.30000e+01  1.99138e-01 -4.31969e-04  4.99242e-03 -2.16919e-03 -2.48903e-03 -2.48525e-03  1.49472e-01
 7.35000e+01  1.99426e-01 -4.37876e-04  4.99429e-03 -2.19568e-03 -2.49330e-03 -2.48475e-03  1.49646e-01
 7.40000e+01  1.99714e-01 -4.43382e-04  4.99618e-03 -2.22008e-03 -2.49750e-03 -2.48423e-03  1.49820e-01
 7.45000e+01  2.00001e-01 -4.48468e-04  4.99808e-03 -2.24233e-03 -2.50162e-03 -2.48369e-03  1.49994e-01
 7.50000e+01  2.00287e-01 -4.53118e-04  4.99998e-03 -2.26234e-03 -2.50568e-03 -2.48315e-03  1.50168e-01
 7.55000e+01  2.00572e-01 -4.57312e-04  5.00189e-03 -2.28003e-03 -2.50965e-03 -2.48259e-03  1.50340e-01
 7.60000e+01  2.00856e-01 -4.61034e-04  5.00380e-03 -2.29534e-03 -2.51354e-03 -2.48202e-03  1.50512e-01
 7.65000e+01  2.01138e-01 -4.64266e-04  5.00572e-03 -2.30820e-03 -2.51735e-03 -2.48145e-03  1.50683e-01
 7.70000e+01  2.01418e-01 -4.66994e-04  5.00765e-03 -2.31853e-03 -2.52106e-03 -2.48086e-03  1.50853e-01
 7.75000e+01  2.01696e-01 -4.69202e-04  5.00957e-03 -2.32628e-03 -2.52467e-03 -2.48027e-03  1.51022e-01
 7.80000e+01  2.01971e-01 -4.70875e-04  5.01150e-03 -2.33140e-03 -2.52819e-03 -2.47967e-03  1.51189e-01
 7.85000e+01  2.02244e-01 -4.71999e-04  5.01343e-03 -2.33381e-03 -2.53161e-03 -2.47906e-03  1.51355e-01
 7.90000e+01  2.02513e-01 -4.72563e-04  5.01535e-03 -2.33349e-03 -2.53493e-03 -2.47845e-03  1.51519e-01
 7.95000e+01  2.02780e-01 -4.72553e-04  5.01728e-03 -2.33038e-03 -2.53815e-03 -2.47784e-03  1.51681e-01
 8.00000e+01  2.03042e-01 -4.71960e-04  5.01919e-03 -2.32444e-03 -2.54126e-03 -2.47722e-03  1.51842e-01
 8.05000e+01  2.03302e-01 -4.70774e-04  5.02111e-03 -2.31565e-03 -2.54426e-03 -2.47660e-03  1.52000e-01
 8.10000e+01  2.03557e-01 -4.68986e-04  5.02301e-03 -2.30396e-03 -2.54716e-03 -2.47598e-03  1.52155e-01
 8.15000e+01  2.03808e-01 -4.66589e-04  5.02490e-03 -2.28936e-03 -2.54995e-03 -2.47536e-03  1.52309e-01
 8.20000e+01  2.04054e-01 -4.63577e-04  5.02678e-03 -2.27183e-03 -2.55263e-03 -2.47474e-03  1.52459e-01
 8.25000e+01  2.04297e-01 -4.59944e-04  5.02865e-03 -2.25136e-03 -2.55521e-03 -2.47413e-03  1.52607e-01
 8.30000e+01  2.04534e-01 -4.55688e-04  5.03050e-03 -2.22793e-03 -2.55768e-03 -2.47351e-03  1.52753e-01
 8.35000e+01  2.04766e-01 -4.50805e-04  5.03233e-03 -2.20156e-03 -2.56004e-03 -2.47290e-03  1.52895e-01
 8.40000e+01  2.04994e-01 -4.45295e-04  5.03415e-03 -2.17224e-03 -2.56230e-03 -2.47230e-03  1.53034e-01
 8.45000e+01  2.05216e-01 -4.39157e-04  5.03594e-03 -2.13998e-03 -2.56445e-03 -2.47171e-03  1.53170e-01
 8.50000e+01  2.05432e-01 -4.32394e-04  5.03770e-03 -2.10480e-03 -2.56651e-03 -2.47112e-03  1.53303e-01
 8.55000e+01  2.05643e-01 -4.25008e-04  5.03944e-03 -2.06673e-03 -2.56846e-03 -2.47054e-03  1.53433e-01
 8.60000e+01  2.05848e-01 -4.17005e-04  5.04116e-03 -2.02579e-03 -2.57031e-03 -2.46997e-03  1.53559e-01
 8.65000e+01  2.06047e-01 -4.08388e-04  5.04284e-03 -1.98201e-03 -2.57207e-03 -2.46941e-03  1.53681e-01
 8.70000e+01  2.06240e-01 -3.99167e-04  5.04448e-03 -1.93545e-03 -2.57373e-03 -2.46886e-03  1.53800e-01
 8.75000e+01  2.06427e-01 -3.89349e-04  5.04609e-03 -1.88613e-03 -2.57530e-03 -2.46833e-03  1.53915e-01
 8.80000e+01  2.06608e-01 -3.78944e-04  5.04766e-03 -1.83412e-03 -2.57678e-03 -2.46781e-03  1.54026e-01
 8.85000e+01  2.06782e-01 -3.67963e-04  5.04919e-03 -1.77948e-03 -2.57817e-03 -2.46730e-03  1.54133e-01
 8.90000e+01  2.06949e-01 -3.56419e-04  5.05068e-03 -1.72226e-03 -2.57948e-03 -2.46681e-03  1.54236e-01
 8.95000e+01  2.07110e-01 -3.44326e-04  5.05212e-03 -1.66253e-03 -2.58070e-03 -2.46633e-03  1.54335e-01
 9.00000e+01  2.07264e-01 -3.31699e-04  5.05351e-03 -1.60037e-03 -2.58185e-03 -2.46587e-03  1.54430e-01
 9.05000e+01  2.07411e-01 -3.18554e-04  5.05485e-03 -1.53586e-03 -2.58291e-03 -2.46543e-03  1.54521e-01
 9.10000e+01  2.07551e-01 -3.04909e-04  5.05614e-03 -1.46908e-03 -2.58391e-03 -2.46501e-03  1.54608e-01
 9.15000e+01  2.07683e-01 -2.90783e-04  5.05737e-03 -1.40013e-03 -2.58483e-03 -2.46460e-03  1.54690e-01
 9.20000e+01  2.07809e-01 -2.76196e-04  5.05855e-03 -1.32909e-03 -2.58568e-03 -2.46422e-03  1.54768e-01
 9.25000e+01  2.07928e-01 -2.61169e-04  5.05966e-03 -1.25606e-03 -2.58647e-03 -2.46385e-03  1.54841e-01
 9.30000e+01  2.08039e-01 -2.45723e-04  5.06072e-03 -1.18114e-03 -2.58719e-03 -2.46351e-03  1.54910e-01
 9.35000e+01  2.08143e-01 -2.29883e-04  5.06171e-03 -1.10445e-03 -2.58785e-03 -2.46319e-03  1.54974e-01
 9.40000e+01  2.08239e-01 -2.13671e-04  5.06263e-03 -1.02609e-03 -2.58846e-03 -2.46289e-03  1.55034e-01
 9.45000e+01  2.08328e-01 -1.97114e-04  5.06349e-03 -9.46172e-04 -2.58900e-03 -2.46261e-03  1.55089e-01
 9.50000e+01  2.08409e-01 -1.80237e-04  5.06428e-03 -8.64821e-04 -2.58949e-03 -2.46235e-03  1.55139e-01
 9.55000e+01  2.08483e-01 -1.63066e-04  5.06500e-03 -7.82154e-04 -2.58993e-03 -2.46212e-03  1.55185e-01
 9.60000e+01  2.08549e-01 -1.45628e-04  5.06564e-03 -6.98294e-04 -2.59031e-03 -2.46191e-03  1.55226e-01
 9.65000e+01  2.08607e-01 -1.27953e-04  5.06622e-03 -6.13367e-04 -2.59065e-03 -2.46172e-03  1.55262e-01
 9.70000e+01  2.08658e-01 -1.10067e-04  5.06672e-03 -5.27502e-04 -2.59094e-03 -2.46156e-03  1.55293e-01
 9.75000e+01  2.08701e-01 -9.20011e-05  5.06714e-03 -4.40828e-04 -2.59118e-03 -2.46143e-03  1.55320e-01
 9.80000e+01  2.08736e-01 -7.37835e-05  5.06749e-03 -3.53478e-04 -2.59138e-03 -2.46131e-03  1.55342e-01
 9.85000e+01  2.08763e-01 -5.54443e-05  5.06776e-03 -2.65585e-04 -2.59153e-03 -2.46123e-03  1.55359e-01
 9.90000e+01  2.08783e-01 -3.70138e-05  5.06796e-03 -1.77284e-04 -2.59164e-03 -2.46116e-03  1.55371e-01
 9.95000e+01  2.08794e-01 -1.85222e-05  5.06808e-03 -8.87101e-05 -2.59170e-03 -2.46113e-03  1.55378e-01
