 0.00000e+00  2.07639e-01 -1.10242e-16  4.75001e-03 -5.30928e-16 -2.84278e-03 -2.88365e-03  1.53677e-01
 5.00000e-01  2.07641e-01 -1.81655e-05  4.74972e-03 -8.74850e-05 -2.84304e-03 -2.88355e-03  1.53677e-01
 1.00000e+00  2.07644e-01 -3.64108e-05  4.74886e-03 -1.75352e-04 -2.84382e-03 -2.88326e-03  1.53676e-01
 1.50000e+00  2.07650e-01 -5.48155e-05  4.74744e-03 -2.63980e-04 -2.84511e-03 -2.88279e-03  1.53675e-01
 2.00000e+00  2.07659e-01 -7.34578e-05  4.74546e-03 -3.53743e-04 -2.84690e-03 -2.88211e-03  1.53674e-01
 2.50000e+00  2.07669e-01 -9.24148e-05  4.74293e-03 -4.45010e-04 -2.84919e-03 -2.88125e-03  1.53672e-01
 3.00000e+00  2.07682e-01 -1.11761e-04  4.73988e-03 -5.38138e-04 -2.85194e-03 -2.88018e-03  1.53670e-01
 3.50000e+00  2.07696e-01 -1.31570e-04  4.73633e-03 -6.33474e-04 -2.85514e-03 -2.87891e-03  1.53667e-01
 4.00000e+00  2.07711e-01 -1.51910e-04  4.73229e-03 -7.31350e-04 -2.85877e-03 -2.87742e-03  1.53663e-01
 4.50000e+00  2.07728e-01 -1.72847e-04  4.72781e-03 -8.32085e-04 -2.86279e-03 -2.87573e-03  1.53658e-01
 5.00000e+00  2.07745e-01 -1.94445e-04  4.72290e-03 -9.35977e-04 -2.86718e-03 -2.87381e-03  1.53653e-01
 5.50000e+00  2.07763e-01 -2.16760e-04  4.71761e-03 -1.04330e-03 -2.87190e-03 -2.87167e-03  1.53646e-01
 6.00000e+00  2.07781e-01 -2.39847e-04  4.71197e-03 -1.15433e-03 -2.87691e-03 -2.86929e-03  1.53639e-01
 6.50000e+00  2.07798e-01 -2.63754e-04  4.70603e-03 -1.26928e-03 -2.88217e-03 -2.86666e-03  1.53630e-01
 7.00000e+00  2.07815e-01 -2.88523e-04  4.69983e-03 -1.38837e-03 -2.88764e-03 -2.86379e-03  1.53620e-01
 7.50000e+00  2.07830e-01 -3.14192e-04  4.69342e-03 -1.51178e-03 -2.89326e-03 -2.86066e-03  1.53609e-01
 8.00000e+00  2.07843e-01 -3.40793e-04  4.68684e-03 -1.63966e-03 -2.89900e-03 -2.85725e-03  1.53595e-01
 8.50000e+00  2.07854e-01 -3.68349e-04  4.68015e-03 -1.77216e-03 -2.90478e-03 -2.85357e-03  1.53580e-01
 9.00000e+00  2.07861e-01 -3.96880e-04  4.67341e-03 -1.90935e-03 -2.91057e-03 -2.84961e-03  1.53563e-01
 9.50000e+00  2.07865e-01 -4.26398e-04  4.66667e-03 -2.05132e-03 -2.91630e-03 -2.84535e-03  1.53544e-01
 1.00000e+01  2.07865e-01 -4.56905e-04  4.65999e-03 -2.19809e-03 -2.92192e-03 -2.84078e-03  1.53522e-01
 1.05000e+01  2.07860e-01 -4.88401e-04  4.65343e-03 -2.34967e-03 -2.92737e-03 -2.83590e-03  1.53498e-01
 1.10000e+01  2.07850e-01 -5.20876e-04  4.64706e-03 -2.50602e-03 -2.93258e-03 -2.83069e-03  1.53472e-01
 1.15000e+01  2.07833e-01 -5.54312e-04  4.64092e-03 -2.66710e-03 -2.93749e-03 -2.82515e-03  1.53442e-01
 1.20000e+01  2.07810e-01 -5.88685e-04  4.63509e-03 -2.83280e-03 -2.94205e-03 -2.81927e-03  1.53410e-01
 1.25000e+01  2.07779e-01 -6.23963e-04  4.62963e-03 -3.00301e-03 -2.94619e-03 -2.81304e-03  1.53374e-01
 1.30000e+01  2.07741e-01 -6.60107e-04  4.62460e-03 -3.17755e-03 -2.94984e-03 -2.80645e-03  1.53335e-01
 1.35000e+01  2.07694e-01 -6.97072e-04  4.62006e-03 -3.35624e-03 -2.95295e-03 -2.79949e-03  1.53292e-01
 1.40000e+01  2.07638e-01 -7.34803e-04  4.61608e-03 -3.53886e-03 -2.95545e-03 -2.79216e-03  1.53246e-01
 1.45000e+01  2.07573e-01 -7.73241e-04  4.61271e-03 -3.72516e-03 -2.95729e-03 -2.78446e-03  1.53196e-01
 1.50000e+01  2.07497e-01 -8.12317e-04  4.61001e-03 -3.91484e-03 -2.95840e-03 -2.77637e-03  1.53143e-01
 1.55000e+01  2.07410e-01 -8.51958e-04  4.60805e-03 -4.10760e-03 -2.95872e-03 -2.76789e-03  1.53085e-01
 1.60000e+01  2.07312e-01 -8.92084e-04  4.60686e-03 -4.30309e-03 -2.95821e-03 -2.75902e-03  1.53023e-01
 1.65000e+01  2.07203e-01 -9.32608e-04  4.60651e-03 -4.50094e-03 -2.95681e-03 -2.74975e-03  1.52956e-01
 1.70000e+01  2.07081e-01 -9.73438e-04  4.60705e-03 -4.70076e-03 -2.95447e-03 -2.74009e-03  1.52886e-01
 1.75000e+01  2.06946e-01 -1.01448e-03  4.60851e-03 -4.90213e-03 -2.95114e-03 -2.73002e-03  1.52810e-01
 1.80000e+01  2.06799e-01 -1.05562e-03  4.61094e-03 -5.10458e-03 -2.94677e-03 -2.71956e-03  1.52730e-01
 1.85000e+01  2.06638e-01 -1.09677e-03  4.61438e-03 -5.30767e-03 -2.94134e-03 -2.70870e-03  1.52646e-01
 1.90000e+01  2.06464e-01 -1.13780e-03  4.61886e-03 -5.51089e-03 -2.93479e-03 -2.69745e-03  1.52557e-01
 1.95000e+01  2.06275e-01 -1.17860e-03  4.62441e-03 -5.71374e-03 -2.92711e-03 -2.68580e-03  1.52463e-01
 2.00000e+01  2.06073e-01 -1.21906e-03  4.63105e-03 -5.91568e-03 -2.91825e-03 -2.67377e-03  1.52364e-01
 2.05000e+01  2.05856e-01 -1.25905e-03  4.63880e-03 -6.11618e-03 -2.90821e-03 -2.66136e-03  1.52260e-01
 2.10000e+01  2.05625e-01 -1.29845e-03  4.64767e-03 -6.31467e-03 -2.89696e-03 -2.64857e-03  1.52152e-01
 2.15000e+01  2.05379e-01 -1.33714e-03  4.65767e-03 -6.51057e-03 -2.88448e-03 -2.63542e-03  1.52038e-01
 2.20000e+01  2.05119e-01 -1.37498e-03  4.66881e-03 -6.70332e-03 -2.87078e-03 -2.62191e-03  1.51920e-01
 2.25000e+01  2.04845e-01 -1.41185e-03  4.68108e-03 -6.89230e-03 -2.85584e-03 -2.60805e-03  1.51798e-01
 2.30000e+01  2.04556e-01 -1.44763e-03  4.69446e-03 -7.07693e-03 -2.83968e-03 -2.59386e-03  1.51670e-01
 2.35000e+01  2.04253e-01 -1.48218e-03  4.70896e-03 -7.25660e-03 -2.82229e-03 -2.57935e-03  1.51538e-01
 2.40000e+01  2.03936e-01 -1.51538e-03  4.72454e-03 -7.43069e-03 -2.80370e-03 -2.56454e-03  1.51402e-01
 2.45000e+01  2.03605e-01 -1.54711e-03  4.74119e-03 -7.59860e-03 -2.78391e-03 -2.54943e-03  1.51261e-01
 2.50000e+01  2.03261e-01 -1.57725e-03  4.75887e-03 -7.75971e-03 -2.76296e-03 -2.53406e-03  1.51116e-01
 2.55000e+01  2.02904e-01 -1.60566e-03  4.77755e-03 -7.91342e-03 -2.74088e-03 -2.51842e-03  1.50966e-01
 2.60000e+01  2.02534e-01 -1.63225e-03  4.79718e-03 -8.05914e-03 -2.71769e-03 -2.50255e-03  1.50813e-01
 2.65000e+01  2.02152e-01 -1.65689e-03  4.81773e-03 -8.19625e-03 -2.69345e-03 -2.48646e-03  1.50656e-01
 2.70000e+01  2.01759e-01 -1.67948e-03  4.83914e-03 -8.32418e-03 -2.66819e-03 -2.47018e-03  1.50496e-01
 2.75000e+01  2.01354e-01 -1.69990e-03  4.86136e-03 -8.44236e-03 -2.64196e-03 -2.45372e-03  1.50332e-01
 2.80000e+01  2.00939e-01 -1.71807e-03  4.88433e-03 -8.55021e-03 -2.61482e-03 -2.43711e-03  1.50165e-01
 2.85000e+01  2.00515e-01 -1.73389e-03  4.90799e-03 -8.64720e-03 -2.58683e-03 -2.42037e-03  1.49995e-01
 2.90000e+01  2.00081e-01 -1.74727e-03  4.93229e-03 -8.73280e-03 -2.55804e-03 -2.40353e-03  1.49822e-01
 2.95000e+01  1.99640e-01 -1.75813e-03  4.95714e-03 -8.80650e-03 -2.52852e-03 -2.38661e-03  1.49647e-01
 3.00000e+01  1.99190e-01 -1.76638e-03  4.98250e-03 -8.86782e-03 -2.49835e-03 -2.36963e-03  1.49469e-01
 3.05000e+01  1.98735e-01 -1.77198e-03  5.00827e-03 -8.91630e-03 -2.46758e-03 -2.35262e-03  1.49290e-01
 3.10000e+01  1.98273e-01 -1.77484e-03  5.03441e-03 -8.95149e-03 -2.43630e-03 -2.33561e-03  1.49110e-01
 3.15000e+01  1.97807e-01 -1.77492e-03  5.06082e-03 -8.97300e-03 -2.40458e-03 -2.31862e-03  1.48928e-01
 3.20000e+01  1.97337e-01 -1.77217e-03  5.08744e-03 -8.98044e-03 -2.37251e-03 -2.30168e-03  1.48745e-01
 3.25000e+01  1.96864e-01 -1.76655e-03  5.11420e-03 -8.97347e-03 -2.34015e-03 -2.28482e-03  1.48561e-01
 3.30000e+01  1.96389e-01 -1.75803e-03  5.14102e-03 -8.95179e-03 -2.30759e-03 -2.26807e-03  1.48378e-01
 3.35000e+01  1.95913e-01 -1.74659e-03  5.16783e-03 -8.91511e-03 -2.27492e-03 -2.25144e-03  1.48194e-01
 3.40000e+01  1.95437e-01 -1.73220e-03  5.19456e-03 -8.86321e-03 -2.24220e-03 -2.23498e-03  1.48011e-01
 3.45000e+01  1.94962e-01 -1.71486e-03  5.22114e-03 -8.79587e-03 -2.20954e-03 -2.21870e-03  1.47828e-01
 3.50000e+01  1.94490e-01 -1.69458e-03  5.24750e-03 -8.71295e-03 -2.17700e-03 -2.20263e-03  1.47647e-01
 3.55000e+01  1.94020e-01 -1.67135e-03  5.27358e-03 -8.61432e-03 -2.14467e-03 -2.18679e-03  1.47467e-01
 3.60000e+01  1.93555e-01 -1.64520e-03  5.29931e-03 -8.49991e-03 -2.11263e-03 -2.17123e-03  1.47289e-01
 3.65000e+01  1.93095e-01 -1.61615e-03  5.32462e-03 -8.36969e-03 -2.08095e-03 -2.15595e-03  1.47113e-01
 3.70000e+01  1.92641e-01 -1.58422e-03  5.34947e-03 -8.22368e-03 -2.04972e-03 -2.14099e-03  1.46940e-01
 3.75000e+01  1.92195e-01 -1.54946e-03  5.37378e-03 -8.06194e-03 -2.01902e-03 -2.12637e-03  1.46770e-01
 3.80000e+01  1.91757e-01 -1.51192e-03  5.39751e-03 -7.88458e-03 -1.98890e-03 -2.11211e-03  1.46603e-01
 3.85000e+01  1.91328e-01 -1.47164e-03  5.42061e-03 -7.69174e-03 -1.95946e-03 -2.09825e-03  1.46440e-01
 3.90000e+01  1.90909e-01 -1.42869e-03  5.44302e-03 -7.48363e-03 -1.93075e-03 -2.08479e-03  1.46280e-01
 3.95000e+01  1.90502e-01 -1.38314e-03  5.46471e-03 -7.26050e-03 -1.90285e-03 -2.07177e-03  1.46125e-01
 4.00000e+01  1.90107e-01 -1.33505e-03  5.48562e-03 -7.02263e-03 -1.87581e-03 -2.05921e-03  1.45975e-01
 4.05000e+01  1.89725e-01 -1.28451e-03  5.50573e-03 -6.77038e-03 -1.84971e-03 -2.04712e-03  1.45829e-01
 4.10000e+01  1.89356e-01 -1.23160e-03  5.52499e-03 -6.50413e-03 -1.82459e-03 -2.03552e-03  1.45689e-01
 4.15000e+01  1.89003e-01 -1.17641e-03  5.54337e-03 -6.22431e-03 -1.80052e-03 -2.02444e-03  1.45555e-01
 4.20000e+01  1.88665e-01 -1.11905e-03  5.56083e-03 -5.93139e-03 -1.77754e-03 -2.01390e-03  1.45427e-01
 4.25000e+01  1.88344e-01 -1.05961e-03  5.57736e-03 -5.62591e-03 -1.75571e-03 -2.00391e-03  1.45304e-01
 4.30000e+01  1.88040e-01 -9.98192e-04  5.59293e-03 -5.30841e-03 -1.73507e-03 -1.99448e-03  1.45189e-01
 4.35000e+01  1.87753e-01 -9.34918e-04  5.60751e-03 -4.97950e-03 -1.71567e-03 -1.98563e-03  1.45080e-01
 4.40000e+01  1.87486e-01 -8.69899e-04  5.62108e-03 -4.63982e-03 -1.69755e-03 -1.97739e-03  1.44978e-01
 4.45000e+01  1.87237e-01 -8.03255e-04  5.63362e-03 -4.29005e-03 -1.68075e-03 -1.96975e-03  1.44883e-01
 4.50000e+01  1.87008e-01 -7.35108e-04  5.64512e-03 -3.93090e-03 -1.66529e-03 -1.96274e-03  1.44796e-01
 4.55000e+01  1.86799e-01 -6.65585e-04  5.65557e-03 -3.56311e-03 -1.65121e-03 -1.95635e-03  1.44717e-01
 4.60000e+01  1.86610e-01 -5.94814e-04  5.66494e-03 -3.18747e-03 -1.63854e-03 -1.95062e-03  1.44645e-01
 4.65000e+01  1.86443e-01 -5.22929e-04  5.67324e-03 -2.80476e-03 -1.62730e-03 -1.94553e-03  1.44581e-01
 4.70000e+01  1.86298e-01 -4.50062e-04  5.68045e-03 -2.41582e-03 -1.61752e-03 -1.94111e-03  1.44526e-01
 4.75000e+01  1.86174e-01 -3.76350e-04  5.68656e-03 -2.02150e-03 -1.60921e-03 -1.93736e-03  1.44479e-01
 4.80000e+01  1.86072e-01 -3.01932e-04  5.69157e-03 -1.62266e-03 -1.60239e-03 -1.93428e-03  1.44440e-01
 4.85000e+01  1.85993e-01 -2.26947e-04  5.69547e-03 -1.22019e-03 -1.59707e-03 -1.93188e-03  1.44410e-01
 4.90000e+01  1.85936e-01 -1.51535e-04  5.69825e-03 -8.14986e-04 -1.59326e-03 -1.93016e-03  1.44388e-01
 4.95000e+01  1.85902e-01 -7.58389e-05  5.69993e-03 -4.07951e-04 -1.59097e-03 -1.92913e-03  1.44375e-01
 5.00000e+01  1.85891e-01  9.09521e-16  5.70049e-03  4.89277e-15 -1.59021e-03 -1.92878e-03  1.44371e-01
 5.05000e+01  1.85902e-01  7.58389e-05  5.69993e-03  4.07951e-04 -1.59097e-03 -1.92913e-03  1.44375e-01
 5.10000e+01  1.85936e-01  1.51535e-04  5.69825e-03  8.14986e-04 -1.59326e-03 -1.93016e-03  1.44388e-01
 5.15000e+01  1.85993e-01  2.26947e-04  5.69547e-03  1.22019e-03 -1.59707e-03 -1.93188e-03  1.44410e-01
 5.20000e+01  1.86072e-01  3.01932e-04  5.69157e-03  1.62266e-03 -1.60239e-03 -1.93428e-03  1.44440e-01
 5.25000e+01  1.86174e-01  3.76350e-04  5.68656e-03  2.02150e-03 -1.60921e-03 -1.93736e-03  1.44479e-01
 5.30000e+01  1.86298e-01  4.50062e-04  5.68045e-03  2.41582e-03 -1.61752e-03 -1.94111e-03  1.44526e-01
 5.35000e+01  1.86443e-01  5.22929e-04  5.67324e-03  2.80476e-03 -1.62730e-03 -1.94553e-03  1.44581e-01
 5.40000e+01  1.86610e-01  5.94814e-04  5.66494e-03  3.18747e-03 -1.63854e-03 -1.95062e-03  1.44645e-01
 5.45000e+01  1.86799e-01  6.65585e-04  5.65557e-03  3.56311e-03 -1.65121e-03 -1.95635e-03  1.44717e-01
 5.50000e+01  1.87008e-01  7.35108e-04  5.64512e-03  3.93090e-03 -1.66529e-03 -1.96274e-03  1.44796e-01
 5.55000e+01  1.87237e-01  8.03255e-04  5.63362e-03  4.29005e-03 -1.68075e-03 -1.96975e-03  1.44883e-01
 5.60000e+01  1.87486e-01  8.69899e-04  5.62108e-03  4.63982e-03 -1.69755e-03 -1.97739e-03  1.44978e-01
 5.65000e+01  1.87753e-01  9.34918e-04  5.60751e-03  4.97950e-03 -1.71567e-03 -1.98563e-03  1.45080e-01
 5.70000e+01  1.88040e-01  9.98192e-04  5.59293e-03  5.30841e-03 -1.73507e-03 -1.99448e-03  1.45189e-01
 5.75000e+01  1.88344e-01  1.05961e-03  5.57736e-03  5.62591e-03 -1.75571e-03 -2.00391e-03  1.45304e-01
 5.80000e+01  1.88665e-01  1.11905e-03  5.56083e-03  5.93139e-03 -1.77754e-03 -2.01390e-03  1.45427e-01
 5.85000e+01  1.89003e-01  1.17641e-03  5.54337e-03  6.22431e-03 -1.80052e-03 -2.02444e-03  1.45555e-01
 5.90000e+01  1.89356e-01  1.23160e-03  5.52499e-03  6.50413e-03 -1.82459e-03 -2.03552e-03  1.45689e-01
 5.95000e+01  1.89725e-01  1.28451e-03  5.50573e-03  6.77038e-03 -1.84971e-03 -2.04712e-03  1.45829e-01
 6.00000e+01  1.90107e-01  1.33505e-03  5.48562e-03  7.02263e-03 -1.87581e-03 -2.05921e-03  1.45975e-01
 6.05000e+01  1.90502e-01  1.38314e-03  5.46471e-03  7.26050e-03 -1.90285e-03 -2.07177e-03  1.46125e-01
 6.10000e+01  1.90909e-01  1.42869e-03  5.44302e-03  7.48363e-03 -1.93075e-03 -2.08479e-03  1.46280e-01
 6.15000e+01  1.91328e-01  1.47164e-03  5.42061e-03  7.69174e-03 -1.95946e-03 -2.09825e-03  1.46440e-01
 6.20000e+01  1.91757e-01  1.51192e-03  5.39751e-03  7.88458e-03 -1.98890e-03 -2.11211e-03  1.46603e-01
 6.25000e+01  1.92195e-01  1.54946e-03  5.37378e-03  8.06194e-03 -2.01902e-03 -2.12637e-03  1.46770e-01
 6.30000e+01  1.92641e-01  1.58422e-03  5.34947e-03  8.22368e-03 -2.04972e-03 -2.14099e-03  1.46940e-01
 6.35000e+01  1.93095e-01  1.61615e-03  5.32462e-03  8.36969e-03 -2.08095e-03 -2.15595e-03  1.47113e-01
 6.40000e+01  1.93555e-01  1.64520e-03  5.29931e-03  8.49991e-03 -2.11263e-03 -2.17123e-03  1.47289e-01
 6.45000e+01  1.94020e-01  1.67135e-03  5.27358e-03  8.61432e-03 -2.14467e-03 -2.18679e-03  1.47467e-01
 6.50000e+01  1.94490e-01  1.69458e-03  5.24750e-03  8.71295e-03 -2.17700e-03 -2.20263e-03  1.47647e-01
 6.55000e+01  1.94962e-01  1.71486e-03  5.22114e-03  8.79587e-03 -2.20954e-03 -2.21870e-03  1.47828e-01
 6.60000e+01  1.95437e-01  1.73220e-03  5.19456e-03  8.86321e-03 -2.24220e-03 -2.23498e-03  1.48011e-01
 6.65000e+01  1.95913e-01  1.74659e-03  5.16783e-03  8.91511e-03 -2.27492e-03 -2.25144e-03  1.48194e-01
 6.70000e+01  1.96389e-01  1.75803e-03  5.14102e-03  8.95179e-03 -2.30759e-03 -2.26807e-03  1.48378e-01
 6.75000e+01  1.96864e-01  1.76655e-03  5.11420e-03  8.97347e-03 -2.34015e-03 -2.28482e-03  1.48561e-01
 6.80000e+01  1.97337e-01  1.77217e-03  5.08744e-03  8.98044e-03 -2.37251e-03 -2.30168e-03  1.48745e-01
 6.85000e+01  1.97807e-01  1.77492e-03  5.06082e-03  8.97300e-03 -2.40458e-03 -2.31862e-03  1.48928e-01
 6.90000e+01  1.98273e-01  1.77484e-03  5.03441e-03  8.95149e-03 -2.43630e-03 -2.33561e-03  1.49110e-01
 6.95000e+01  1.98735e-01  1.77198e-03  5.00827e-03  8.91630e-03 -2.46758e-03 -2.35262e-03  1.49290e-01
 7.00000e+01  1.99190e-01  1.76638e-03  4.98250e-03  8.86782e-03 -2.49835e-03 -2.36963e-03  1.49469e-01
 7.05000e+01  1.99640e-01  1.75813e-03  4.95714e-03  8.80650e-03 -2.52852e-03 -2.38661e-03  1.49647e-01
 7.10000e+01  2.00081e-01  1.74727e-03  4.93229e-03  8.73280e-03 -2.55804e-03 -2.40353e-03  1.49822e-01
 7.15000e+01  2.00515e-01  1.73389e-03  4.90799e-03  8.64720e-03 -2.58683e-03 -2.42037e-03  1.49995e-01
 7.20000e+01  2.00939e-01  1.71807e-03  4.88433e-03  8.55021e-03 -2.61482e-03 -2.43711e-03  1.50165e-01
 7.25000e+01  2.01354e-01  1.69990e-03  4.86136e-03  8.44236e-03 -2.64196e-03 -2.45372e-03  1.50332e-01
 7.30000e+01  2.01759e-01  1.67948e-03  4.83914e-03  8.32418e-03 -2.66819e-03 -2.47018e-03  1.50496e-01
 7.35000e+01  2.02152e-01  1.65689e-03  4.81773e-03  8.19625e-03 -2.69345e-03 -2.48646e-03  1.50656e-01
 7.40000e+01  2.02534e-01  1.63225e-03  4.79718e-03  8.05914e-03 -2.71769e-03 -2.50255e-03  1.50813e-01
 7.45000e+01  2.02904e-01  1.60566e-03  4.77755e-03  7.91342e-03 -2.74088e-03 -2.51842e-03  1.50966e-01
 7.50000e+01  2.03261e-01  1.57725e-03  4.75887e-03  7.75971e-03 -2.76296e-03 -2.53406e-03  1.51116e-01
 7.55000e+01  2.03605e-01  1.54711e-03  4.74119e-03  7.59860e-03 -2.78391e-03 -2.54943e-03  1.51261e-01
 7.60000e+01  2.03936e-01  1.51538e-03  4.72454e-03  7.43069e-03 -2.80370e-03 -2.56454e-03  1.51402e-01
 7.65000e+01  2.04253e-01  1.48218e-03  4.70896e-03  7.25660e-03 -2.82229e-03 -2.57935e-03  1.51538e-01
 7.70000e+01  2.04556e-01  1.44763e-03  4.69446e-03  7.07693e-03 -2.83968e-03 -2.59386e-03  1.51670e-01
 7.75000e+01  2.04845e-01  1.41185e-03  4.68108e-03  6.89230e-03 -2.85584e-03 -2.60805e-03  1.51798e-01
 7.80000e+01  2.05119e-01  1.37498e-03  4.66881e-03  6.70332e-03 -2.87078e-03 -2.62191e-03  1.51920e-01
 7.85000e+01  2.05379e-01  1.33714e-03  4.65767e-03  6.51057e-03 -2.88448e-03 -2.63542e-03  1.52038e-01
 7.90000e+01  2.05625e-01  1.29845e-03  4.64767e-03  6.31467e-03 -2.89696e-03 -2.64857e-03  1.52152e-01
 7.95000e+01  2.05856e-01  1.25905e-03  4.63880e-03  6.11618e-03 -2.90821e-03 -2.66136e-03  1.52260e-01
 8.00000e+01  2.06073e-01  1.21906e-03  4.63105e-03  5.91568e-03 -2.91825e-03 -2.67377e-03  1.52364e-01
 8.05000e+01  2.06275e-01  1.17860e-03  4.62441e-03  5.71374e-03 -2.92711e-03 -2.68580e-03  1.52463e-01
 8.10000e+01  2.06464e-01  1.13780e-03  4.61886e-03  5.51089e-03 -2.93479e-03 -2.69745e-03  1.52557e-01
 8.15000e+01  2.06638e-01  1.09677e-03  4.61438e-03  5.30767e-03 -2.94134e-03 -2.70870e-03  1.52646e-01
 8.20000e+01  2.06799e-01  1.05562e-03  4.61094e-03  5.10458e-03 -2.94677e-03 -2.71956e-03  1.52730e-01
 8.25000e+01  2.06946e-01  1.01448e-03  4.60851e-03  4.90213e-03 -2.95114e-03 -2.73002e-03  1.52810e-01
 8.30000e+01  2.07081e-01  9.73438e-04  4.60705e-03  4.70076e-03 -2.95447e-03 -2.74009e-03  1.52886e-01
 8.35000e+01  2.07203e-01  9.32608e-04  4.60651e-03  4.50094e-03 -2.95681e-03 -2.74975e-03  1.52956e-01
 8.40000e+01  2.07312e-01  8.92084e-04  4.60686e-03  4.30309e-03 -2.95821e-03 -2.75902e-03  1.53023e-01
 8.45000e+01  2.07410e-01  8.51958e-04  4.60805e-03  4.10760e-03 -2.95872e-03 -2.76789e-03  1.53085e-01
 8.50000e+01  2.07497e-01  8.12317e-04  4.61001e-03  3.91484e-03 -2.95840e-03 -2.77637e-03  1.53143e-01
 8.55000e+01  2.07573e-01  7.73241e-04  4.61271e-03  3.72516e-03 -2.95729e-03 -2.78446e-03  1.53196e-01
 8.60000e+01  2.07638e-01  7.34803e-04  4.61608e-03  3.53886e-03 -2.95545e-03 -2.79216e-03  1.53246e-01
 8.65000e+01  2.07694e-01  6.97072e-04  4.62006e-03  3.35624e-03 -2.95295e-03 -2.79949e-03  1.53292e-01
 8.70000e+01  2.07741e-01  6.60107e-04  4.62460e-03  3.17755e-03 -2.94984e-03 -2.80645e-03  1.53335e-01
 8.75000e+01  2.07779e-01  6.23963e-04  4.62963e-03  3.00301e-03 -2.94619e-03 -2.81304e-03  1.53374e-01
 8.80000e+01  2.07810e-01  5.88685e-04  4.63509e-03  2.83280e-03 -2.94205e-03 -2.81927e-03  1.53410e-01
 8.85000e+01  2.07833e-01  5.54312e-04  4.64092e-03  2.66710e-03 -2.93749e-03 -2.82515e-03  1.53442e-01
 8.90000e+01  2.07850e-01  5.20876e-04  4.64706e-03  2.50602e-03 -2.93258e-03 -2.83069e-03  1.53472e-01
 8.95000e+01  2.07860e-01  4.88401e-04  4.65343e-03  2.34967e-03 -2.92737e-03 -2.83590e-03  1.53498e-01
 9.00000e+01  2.07865e-01  4.56905e-04  4.65999e-03  2.19809e-03 -2.92192e-03 -2.84078e-03  1.53522e-01
 9.05000e+01  2.07865e-01  4.26398e-04  4.66667e-03  2.05132e-03 -2.91630e-03 -2.84535e-03  1.53544e-01
 9.10000e+01  2.07861e-01  3.96880e-04  4.67341e-03  1.90935e-03 -2.91057e-03 -2.84961e-03  1.53563e-01
 9.15000e+01  2.07854e-01  3.68349e-04  4.68015e-03  1.77216e-03 -2.90478e-03 -2.85357e-03  1.53580e-01
 9.20000e+01  2.07843e-01  3.40793e-04  4.68684e-03  1.63966e-03 -2.89900e-03 -2.85725e-03  1.53595e-01
 9.25000e+01  2.07830e-01  3.14192e-04  4.69342e-03  1.51178e-03 -2.89326e-03 -2.86066e-03  1.53609e-01
 9.30000e+01  2.07815e-01  2.88523e-04  4.69983e-03  1.38837e-03 -2.88764e-03 -2.86379e-03  1.53620e-01
 9.35000e+01  2.07798e-01  2.63754e-04  4.70603e-03  1.26928e-03 -2.88217e-03 -2.86666e-03  1.53630e-01
 9.40000e+01  2.07781e-01  2.39847e-04  4.71197e-03  1.15433e-03 -2.87691e-03 -2.86929e-03  1.53639e-01
 9.45000e+01  2.07763e-01  2.16760e-04  4.71761e-03  1.04330e-03 -2.87190e-03 -2.87167e-03  1.53646e-01
 9.50000e+01  2.07745e-01  1.94445e-04  4.72290e-03  9.35977e-04 -2.86718e-03 -2.87381e-03  1.53653e-01
 9.55000e+01  2.07728e-01  1.72847e-04  4.72781e-03  8.32085e-04 -2.86279e-03 -2.87573e-03  1.53658e-01
 9.60000e+01  2.07711e-01  1.51910e-04  4.73229e-03  7.31350e-04 -2.85877e-03 -2.87742e-03  1.53663e-01
 9.65000e+01  2.07696e-01  1.31570e-04  4.73633e-03  6.33474e-04 -2.85514e-03 -2.87891e-03  1.53667e-01
 9.70000e+01  2.07682e-01  1.11761e-04  4.73988e-03  5.38138e-04 -2.85194e-03 -2.88018e-03  1.53670e-01
 9.75000e+01  2.07669e-01  9.24148e-05  4.74293e-03  4.45010e-04 -2.84919e-03 -2.88125e-03  1.53672e-01
 9.80000e+01  2.07659e-01  7.34578e-05  4.74546e-03  3.53743e-04 -2.84690e-03 -2.88211e-03  1.53674e-01
 9.85000e+01  2.07650e-01  5.48155e-05  4.74744e-03  2.63980e-04 -2.84511e-03 -2.88279e-03  1.53675e-01
 9.90000e+01  2.07644e-01  3.64108e-05  4.74886e-03  1.75352e-04 -2.84382e-03 -2.88326e-03  1.53676e-01
 9.95000e+01  2.07641e-01  1.81655e-05  4.74972e-03  8.74850e-05 -2.84304e-03 -2.88355e-03  1.53677e-01
