 0.00000e+00  2.12883e-01 -2.27249e-15  9.91444e-02 -1.06748e-14  7.70376e-02  4.52404e-01
 5.00000e-01  2.12877e-01  5.84371e-05  9.91451e-02  2.74512e-04  7.70375e-02  4.52411e-01
 1.00000e+00  2.12858e-01  1.16832e-04  9.91471e-02  5.48873e-04  7.70375e-02  4.52432e-01
 1.50000e+00  2.12826e-01  1.75142e-04  9.91503e-02  8.22934e-04  7.70374e-02  4.52467e-01
 2.00000e+00  2.12782e-01  2.33325e-04  9.91549e-02  1.09654e-03  7.70373e-02  4.52516e-01
 2.50000e+00  2.12726e-01  2.91340e-04  9.91607e-02  1.36955e-03  7.70372e-02  4.52579e-01
 3.00000e+00  2.12657e-01  3.49143e-04  9.91678e-02  1.64181e-03  7.70370e-02  4.52656e-01
 3.50000e+00  2.12576e-01  4.06692e-04  9.91762e-02  1.91316e-03  7.70368e-02  4.52747e-01
 4.00000e+00  2.12482e-01  4.63947e-04  9.91859e-02  2.18346e-03  7.70366e-02  4.52852e-01
 4.50000e+00  2.12377e-01  5.20864e-04  9.91968e-02  2.45255e-03  7.70363e-02  4.52971e-01
 5.00000e+00  2.12259e-01  5.77402e-04  9.92089e-02  2.72027e-03  7.70359e-02  4.53103e-01
 5.50000e+00  2.12129e-01  6.33519e-04  9.92222e-02  2.98648e-03  7.70355e-02  4.53249e-01
 6.00000e+00  2.11987e-01  6.89175e-04  9.92366e-02  3.25102e-03  7.70351e-02  4.53408e-01
 6.50000e+00  2.11834e-01  7.44326e-04  9.92522e-02  3.51372e-03  7.70346e-02  4.53581e-01
 7.00000e+00  2.11669e-01  7.98932e-04  9.92690e-02  3.77444e-03  7.70340e-02  4.53767e-01
 7.50000e+00  2.11493e-01  8.52953e-04  9.92868e-02  4.03301e-03  7.70334e-02  4.53967e-01
 8.00000e+00  2.11306e-01  9.06346e-04  9.93057e-02  4.28927e-03  7.70327e-02  4.54179e-01
 8.50000e+00  2.11107e-01  9.59072e-04  9.93256e-02  4.54306e-03  7.70319e-02  4.54404e-01
 9.00000e+00  2.10898e-01  1.01109e-03  9.93466e-02  4.79422e-03  7.70310e-02  4.54642e-01
 9.50000e+00  2.10678e-01  1.06236e-03  9.93685e-02  5.04257e-03  7.70301e-02  4.54892e-01
 1.00000e+01  2.10447e-01  1.11284e-03  9.93913e-02  5.28796e-03  7.70290e-02  4.55155e-01
 1.05000e+01  2.10207e-01  1.16249e-03  9.94150e-02  5.53021e-03  7.70278e-02  4.55430e-01
 1.10000e+01  2.09956e-01  1.21127e-03  9.94395e-02  5.76916e-03  7.70265e-02  4.55718e-01
 1.15000e+01  2.09696e-01  1.25914e-03  9.94648e-02  6.00462e-03  7.70251e-02  4.56016e-01
 1.20000e+01  2.09426e-01  1.30607e-03  9.94909e-02  6.23642e-03  7.70235e-02  4.56327e-01
 1.25000e+01  2.09147e-01  1.35201e-03  9.95177e-02  6.46440e-03  7.70218e-02  4.56649e-01
 1.30000e+01  2.08859e-01  1.39693e-03  9.95452e-02  6.68836e-03  7.70200e-02  4.56982e-01
 1.35000e+01  2.08563e-01  1.44078e-03  9.95733e-02  6.90812e-03  7.70180e-02  4.57326e-01
 1.40000e+01  2.08258e-01  1.48353e-03  9.96019e-02  7.12351e-03  7.70158e-02  4.57680e-01
 1.45000e+01  2.07945e-01  1.52514e-03  9.96311e-02  7.33433e-03  7.70134e-02  4.58045e-01
 1.50000e+01  2.07625e-01  1.56557e-03  9.96607e-02  7.54039e-03  7.70108e-02  4.58419e-01
 1.55000e+01  2.07296e-01  1.60479e-03  9.96908e-02  7.74152e-03  7.70080e-02  4.58804e-01
 1.60000e+01  2.06961e-01  1.64275e-03  9.97212e-02  7.93750e-03  7.70050e-02  4.59198e-01
 1.65000e+01  2.06619e-01  1.67943e-03  9.97519e-02  8.12815e-03  7.70017e-02  4.59601e-01
 1.70000e+01  2.06271e-01  1.71478e-03  9.97829e-02  8.31327e-03  7.69982e-02  4.60012e-01
 1.75000e+01  2.05916e-01  1.74877e-03  9.98141e-02  8.49265e-03  7.69944e-02  4.60432e-01
 1.80000e+01  2.05555e-01  1.78136e-03  9.98454e-02  8.66610e-03  7.69904e-02  4.60860e-01
 1.85000e+01  2.05189e-01  1.81252e-03  9.98768e-02  8.83341e-03  7.69861e-02  4.61296e-01
 1.90000e+01  2.04818e-01  1.84221e-03  9.99083e-02  8.99436e-03  7.69814e-02  4.61739e-01
 1.95000e+01  2.04443e-01  1.87040e-03  9.99397e-02  9.14876e-03  7.69765e-02  4.62188e-01
 2.00000e+01  2.04062e-01  1.89704e-03  9.99710e-02  9.29637e-03  7.69712e-02  4.62644e-01
 2.05000e+01  2.03678e-01  1.92211e-03  1.00002e-01  9.43700e-03  7.69656e-02  4.63106e-01
 2.10000e+01  2.03290e-01  1.94557e-03  1.00033e-01  9.57042e-03  7.69596e-02  4.63574e-01
 2.15000e+01  2.02899e-01  1.96739e-03  1.00064e-01  9.69641e-03  7.69533e-02  4.64047e-01
 2.20000e+01  2.02505e-01  1.98753e-03  1.00094e-01  9.81474e-03  7.69466e-02  4.64524e-01
 2.25000e+01  2.02108e-01  2.00597e-03  1.00124e-01  9.92520e-03  7.69394e-02  4.65005e-01
 2.30000e+01  2.01709e-01  2.02266e-03  1.00154e-01  1.00276e-02  7.69319e-02  4.65490e-01
 2.35000e+01  2.01309e-01  2.03757e-03  1.00183e-01  1.01216e-02  7.69239e-02  4.65979e-01
 2.40000e+01  2.00907e-01  2.05067e-03  1.00212e-01  1.02071e-02  7.69155e-02  4.66469e-01
 2.45000e+01  2.00504e-01  2.06194e-03  1.00240e-01  1.02838e-02  7.69066e-02  4.66962e-01
 2.50000e+01  2.00100e-01  2.07133e-03  1.00267e-01  1.03515e-02  7.68973e-02  4.67457e-01
 2.55000e+01  1.99696e-01  2.07883e-03  1.00294e-01  1.04100e-02  7.68875e-02  4.67953e-01
 2.60000e+01  1.99292e-01  2.08439e-03  1.00320e-01  1.04590e-02  7.68772e-02  4.68449e-01
 2.65000e+01  1.98888e-01  2.08800e-03  1.00345e-01  1.04983e-02  7.68664e-02  4.68945e-01
 2.70000e+01  1.98486e-01  2.08962e-03  1.00369e-01  1.05278e-02  7.68550e-02  4.69441e-01
 2.75000e+01  1.98084e-01  2.08923e-03  1.00393e-01  1.05472e-02  7.68432e-02  4.69935e-01
 2.80000e+01  1.97685e-01  2.08680e-03  1.00415e-01  1.05562e-02  7.68308e-02  4.70428e-01
 2.85000e+01  1.97287e-01  2.08231e-03  1.00437e-01  1.05547e-02  7.68179e-02  4.70919e-01
 2.90000e+01  1.96891e-01  2.07574e-03  1.00458e-01  1.05426e-02  7.68045e-02  4.71406e-01
 2.95000e+01  1.96499e-01  2.06707e-03  1.00477e-01  1.05195e-02  7.67905e-02  4.71891e-01
 3.00000e+01  1.96109e-01  2.05627e-03  1.00495e-01  1.04854e-02  7.67760e-02  4.72371e-01
 3.05000e+01  1.95723e-01  2.04334e-03  1.00513e-01  1.04400e-02  7.67609e-02  4.72847e-01
 3.10000e+01  1.95340e-01  2.02825e-03  1.00529e-01  1.03832e-02  7.67453e-02  4.73317e-01
 3.15000e+01  1.94962e-01  2.01100e-03  1.00544e-01  1.03148e-02  7.67291e-02  4.73782e-01
 3.20000e+01  1.94588e-01  1.99157e-03  1.00558e-01  1.02348e-02  7.67124e-02  4.74241e-01
 3.25000e+01  1.94219e-01  1.96995e-03  1.00571e-01  1.01429e-02  7.66951e-02  4.74693e-01
 3.30000e+01  1.93855e-01  1.94615e-03  1.00582e-01  1.00392e-02  7.66774e-02  4.75137e-01
 3.35000e+01  1.93497e-01  1.92014e-03  1.00592e-01  9.92335e-03  7.66592e-02  4.75574e-01
 3.40000e+01  1.93145e-01  1.89194e-03  1.00601e-01  9.79545e-03  7.66404e-02  4.76002e-01
 3.45000e+01  1.92799e-01  1.86155e-03  1.00609e-01  9.65537e-03  7.66213e-02  4.76421e-01
 3.50000e+01  1.92460e-01  1.82896e-03  1.00615e-01  9.50307e-03  7.66017e-02  4.76831e-01
 3.55000e+01  1.92128e-01  1.79419e-03  1.00621e-01  9.33852e-03  7.65817e-02  4.77231e-01
 3.60000e+01  1.91802e-01  1.75724e-03  1.00625e-01  9.16170e-03  7.65614e-02  4.77621e-01
 3.65000e+01  1.91485e-01  1.71812e-03  1.00628e-01  8.97262e-03  7.65407e-02  4.78000e-01
 3.70000e+01  1.91175e-01  1.67686e-03  1.00630e-01  8.77130e-03  7.65198e-02  4.78367e-01
 3.75000e+01  1.90874e-01  1.63346e-03  1.00631e-01  8.55779e-03  7.64987e-02  4.78723e-01
 3.80000e+01  1.90581e-01  1.58796e-03  1.00631e-01  8.33217e-03  7.64774e-02  4.79068e-01
 3.85000e+01  1.90298e-01  1.54037e-03  1.00630e-01  8.09452e-03  7.64561e-02  4.79400e-01
 3.90000e+01  1.90023e-01  1.49072e-03  1.00628e-01  7.84497e-03  7.64347e-02  4.79719e-01
 3.95000e+01  1.89758e-01  1.43906e-03  1.00625e-01  7.58367e-03  7.64134e-02  4.80025e-01
 4.00000e+01  1.89503e-01  1.38541e-03  1.00621e-01  7.31078e-03  7.63922e-02  4.80319e-01
 4.05000e+01  1.89258e-01  1.32982e-03  1.00617e-01  7.02652e-03  7.63713e-02  4.80599e-01
 4.10000e+01  1.89023e-01  1.27234e-03  1.00612e-01  6.73113e-03  7.63506e-02  4.80865e-01
 4.15000e+01  1.88799e-01  1.21301e-03  1.00607e-01  6.42488e-03  7.63304e-02  4.81118e-01
 4.20000e+01  1.88587e-01  1.15190e-03  1.00601e-01  6.10808e-03  7.63106e-02  4.81356e-01
 4.25000e+01  1.88385e-01  1.08907e-03  1.00595e-01  5.78107e-03  7.62914e-02  4.81581e-01
 4.30000e+01  1.88195e-01  1.02458e-03  1.00589e-01  5.44423e-03  7.62729e-02  4.81791e-01
 4.35000e+01  1.88017e-01  9.58510e-04  1.00582e-01  5.09799e-03  7.62552e-02  4.81987e-01
 4.40000e+01  1.87851e-01  8.90942e-04  1.00576e-01  4.74280e-03  7.62383e-02  4.82169e-01
 4.45000e+01  1.87698e-01  8.21959e-04  1.00570e-01  4.37916e-03  7.62224e-02  4.82336e-01
 4.50000e+01  1.87557e-01  7.51655e-04  1.00563e-01  4.00761e-03  7.62075e-02  4.82489e-01
 4.55000e+01  1.87429e-01  6.80127e-04  1.00558e-01  3.62873e-03  7.61937e-02  4.82627e-01
 4.60000e+01  1.87313e-01  6.07479e-04  1.00552e-01  3.24312e-03  7.61812e-02  4.82751e-01
 4.65000e+01  1.87211e-01  5.33820e-04  1.00547e-01  2.85143e-03  7.61699e-02  4.82860e-01
 4.70000e+01  1.87122e-01  4.59264e-04  1.00543e-01  2.45435e-03  7.61600e-02  4.82954e-01
 4.75000e+01  1.87047e-01  3.83929e-04  1.00539e-01  2.05258e-03  7.61515e-02  4.83034e-01
 4.80000e+01  1.86985e-01  3.07940e-04  1.00535e-01  1.64687e-03  7.61445e-02  4.83100e-01
 4.85000e+01  1.86937e-01  2.31421e-04  1.00533e-01  1.23797e-03  7.61390e-02  4.83151e-01
 4.90000e+01  1.86902e-01  1.54504e-04  1.00531e-01  8.26656e-04  7.61351e-02  4.83187e-01
 4.95000e+01  1.86881e-01  7.73190e-05  1.00530e-01  4.13733e-04  7.61327e-02  4.83209e-01
 5.00000e+01  1.86875e-01 -2.12329e-17  1.00529e-01 -1.13621e-16  7.61319e-02  4.83216e-01
 5.05000e+01  1.86881e-01 -7.73190e-05  1.00530e-01 -4.13733e-04  7.61327e-02  4.83209e-01
 5.10000e+01  1.86902e-01 -1.54504e-04  1.00531e-01 -8.26656e-04  7.61351e-02  4.83187e-01
 5.15000e+01  1.86937e-01 -2.31421e-04  1.00533e-01 -1.23797e-03  7.61390e-02  4.83151e-01
 5.20000e+01  1.86985e-01 -3.07940e-04  1.00535e-01 -1.64687e-03  7.61445e-02  4.83100e-01
 5.25000e+01  1.87047e-01 -3.83929e-04  1.00539e-01 -2.05258e-03  7.61515e-02  4.83034e-01
 5.30000e+01  1.87122e-01 -4.59264e-04  1.00543e-01 -2.45435e-03  7.61600e-02  4.82954e-01
 5.35000e+01  1.87211e-01 -5.33820e-04  1.00547e-01 -2.85143e-03  7.61699e-02  4.82860e-01
 5.40000e+01  1.87313e-01 -6.07479e-04  1.00552e-01 -3.24312e-03  7.61812e-02  4.82751e-01
 5.45000e+01  1.87429e-01 -6.80127e-04  1.00558e-01 -3.62873e-03  7.61937e-02  4.82627e-01
 5.50000e+01  1.87557e-01 -7.51655e-04  1.00563e-01 -4.00761e-03  7.62075e-02  4.82489e-01
 5.55000e+01  1.87698e-01 -8.21959e-04  1.00570e-01 -4.37916e-03  7.62224e-02  4.82336e-01
 5.60000e+01  1.87851e-01 -8.90942e-04  1.00576e-01 -4.74280e-03  7.62383e-02  4.82169e-01
 5.65000e+01  1.88017e-01 -9.58510e-04  1.00582e-01 -5.09799e-03  7.62552e-02  4.81987e-01
 5.70000e+01  1.88195e-01 -1.02458e-03  1.00589e-01 -5.44423e-03  7.62729e-02  4.81791e-01
 5.75000e+01  1.88385e-01 -1.08907e-03  1.00595e-01 -5.78107e-03  7.62914e-02  4.81581e-01
 5.80000e+01  1.88587e-01 -1.15190e-03  1.00601e-01 -6.10808e-03  7.63106e-02  4.81356e-01
 5.85000e+01  1.88799e-01 -1.21301e-03  1.00607e-01 -6.42488e-03  7.63304e-02  4.81118e-01
 5.90000e+01  1.89023e-01 -1.27234e-03  1.00612e-01 -6.73113e-03  7.63506e-02  4.80865e-01
 5.95000e+01  1.89258e-01 -1.32982e-03  1.00617e-01 -7.02652e-03  7.63713e-02  4.80599e-01
 6.00000e+01  1.89503e-01 -1.38541e-03  1.00621e-01 -7.31078e-03  7.63922e-02  4.80319e-01
 6.05000e+01  1.89758e-01 -1.43906e-03  1.00625e-01 -7.58367e-03  7.64134e-02  4.80025e-01
 6.10000e+01  1.90023e-01 -1.49072e-03  1.00628e-01 -7.84497e-03  7.64347e-02  4.79719e-01
 6.15000e+01  1.90298e-01 -1.54037e-03  1.00630e-01 -8.09452e-03  7.64561e-02  4.79400e-01
 6.20000e+01  1.90581e-01 -1.58796e-03  1.00631e-01 -8.33217e-03  7.64774e-02  4.79068e-01
 6.25000e+01  1.90874e-01 -1.63346e-03  1.00631e-01 -8.55779e-03  7.64987e-02  4.78723e-01
 6.30000e+01  1.91175e-01 -1.67686e-03  1.00630e-01 -8.77130e-03  7.65198e-02  4.78367e-01
 6.35000e+01  1.91485e-01 -1.71812e-03  1.00628e-01 -8.97262e-03  7.65407e-02  4.78000e-01
 6.40000e+01  1.91802e-01 -1.75724e-03  1.00625e-01 -9.16170e-03  7.65614e-02  4.77621e-01
 6.45000e+01  1.92128e-01 -1.79419e-03  1.00621e-01 -9.33852e-03  7.65817e-02  4.77231e-01
 6.50000e+01  1.92460e-01 -1.82896e-03  1.00615e-01 -9.50307e-03  7.66017e-02  4.76831e-01
 6.55000e+01  1.92799e-01 -1.86155e-03  1.00609e-01 -9.65537e-03  7.66213e-02  4.76421e-01
 6.60000e+01  1.93145e-01 -1.89194e-03  1.00601e-01 -9.79545e-03  7.66404e-02  4.76002e-01
 6.65000e+01  1.93497e-01 -1.92014e-03  1.00592e-01 -9.92335e-03  7.66592e-02  4.75574e-01
 6.70000e+01  1.93855e-01 -1.94615e-03  1.00582e-01 -1.00392e-02  7.66774e-02  4.75137e-01
 6.75000e+01  1.94219e-01 -1.96995e-03  1.00571e-01 -1.01429e-02  7.66951e-02  4.74693e-01
 6.80000e+01  1.94588e-01 -1.99157e-03  1.00558e-01 -1.02348e-02  7.67124e-02  4.74241e-01
 6.85000e+01  1.94962e-01 -2.01100e-03  1.00544e-01 -1.03148e-02  7.67291e-02  4.73782e-01
 6.90000e+01  1.95340e-01 -2.02825e-03  1.00529e-01 -1.03832e-02  7.67453e-02  4.73317e-01
 6.95000e+01  1.95723e-01 -2.04334e-03  1.00513e-01 -1.04400e-02  7.67609e-02  4.72847e-01
 7.00000e+01  1.96109e-01 -2.05627e-03  1.00495e-01 -1.04854e-02  7.67760e-02  4.72371e-01
 7.05000e+01  1.96499e-01 -2.06707e-03  1.00477e-01 -1.05195e-02  7.67905e-02  4.71891e-01
 7.10000e+01  1.96891e-01 -2.07574e-03  1.00458e-01 -1.05426e-02  7.68045e-02  4.71406e-01
 7.15000e+01  1.97287e-01 -2.08231e-03  1.00437e-01 -1.05547e-02  7.68179e-02  4.70919e-01
 7.20000e+01  1.97685e-01 -2.08680e-03  1.00415e-01 -1.05562e-02  7.68308e-02  4.70428e-01
 7.25000e+01  1.98084e-01 -2.08923e-03  1.00393e-01 -1.05472e-02  7.68432e-02  4.69935e-01
 7.30000e+01  1.98486e-01 -2.08962e-03  1.00369e-01 -1.05278e-02  7.68550e-02  4.69441e-01
 7.35000e+01  1.98888e-01 -2.08800e-03  1.00345e-01 -1.04983e-02  7.68664e-02  4.68945e-01
 7.40000e+01  1.99292e-01 -2.08439e-03  1.00320e-01 -1.04590e-02  7.68772e-02  4.68449e-01
 7.45000e+01  1.99696e-01 -2.07883e-03  1.00294e-01 -1.04100e-02  7.68875e-02  4.67953e-01
 7.50000e+01  2.00100e-01 -2.07133e-03  1.00267e-01 -1.03515e-02  7.68973e-02  4.67457e-01
 7.55000e+01  2.00504e-01 -2.06194e-03  1.00240e-01 -1.02838e-02  7.69066e-02  4.66962e-01
 7.60000e+01  2.00907e-01 -2.05067e-03  1.00212e-01 -1.02071e-02  7.69155e-02  4.66469e-01
 7.65000e+01  2.01309e-01 -2.03757e-03  1.00183e-01 -1.01216e-02  7.69239e-02  4.65979e-01
 7.70000e+01  2.01709e-01 -2.02266e-03  1.00154e-01 -1.00276e-02  7.69319e-02  4.65490e-01
 7.75000e+01  2.02108e-01 -2.00597e-03  1.00124e-01 -9.92520e-03  7.69394e-02  4.65005e-01
 7.80000e+01  2.02505e-01 -1.98753e-03  1.00094e-01 -9.81474e-03  7.69466e-02  4.64524e-01
 7.85000e+01  2.02899e-01 -1.96739e-03  1.00064e-01 -9.69641e-03  7.69533e-02  4.64047e-01
 7.90000e+01  2.03290e-01 -1.94557e-03  1.00033e-01 -9.57042e-03  7.69596e-02  4.63574e-01
 7.95000e+01  2.03678e-01 -1.92211e-03  1.00002e-01 -9.43700e-03  7.69656e-02  4.63106e-01
 8.00000e+01  2.04062e-01 -1.89704e-03  9.99710e-02 -9.29637e-03  7.69712e-02  4.62644e-01
 8.05000e+01  2.04443e-01 -1.87040e-03  9.99397e-02 -9.14876e-03  7.69765e-02  4.62188e-01
 8.10000e+01  2.04818e-01 -1.84221e-03  9.99083e-02 -8.99436e-03  7.69814e-02  4.61739e-01
 8.15000e+01  2.05189e-01 -1.81252e-03  9.98768e-02 -8.83341e-03  7.69861e-02  4.61296e-01
 8.20000e+01  2.05555e-01 -1.78136e-03  9.98454e-02 -8.66610e-03  7.69904e-02  4.60860e-01
 8.25000e+01  2.05916e-01 -1.74877e-03  9.98141e-02 -8.49265e-03  7.69944e-02  4.60432e-01
 8.30000e+01  2.06271e-01 -1.71478e-03  9.97829e-02 -8.31327e-03  7.69982e-02  4.60012e-01
 8.35000e+01  2.06619e-01 -1.67943e-03  9.97519e-02 -8.12815e-03  7.70017e-02  4.59601e-01
 8.40000e+01  2.06961e-01 -1.64275e-03  9.97212e-02 -7.93750e-03  7.70050e-02  4.59198e-01
 8.45000e+01  2.07296e-01 -1.60479e-03  9.96908e-02 -7.74152e-03  7.70080e-02  4.58804e-01
 8.50000e+01  2.07625e-01 -1.56557e-03  9.96607e-02 -7.54039e-03  7.70108e-02  4.58419e-01
 8.55000e+01  2.07945e-01 -1.52514e-03  9.96311e-02 -7.33433e-03  7.70134e-02  4.58045e-01
 8.60000e+01  2.08258e-01 -1.48353e-03  9.96019e-02 -7.12351e-03  7.70158e-02  4.57680e-01
 8.65000e+01  2.08563e-01 -1.44078e-03  9.95733e-02 -6.90812e-03  7.70180e-02  4.57326e-01
 8.70000e+01  2.08859e-01 -1.39693e-03  9.95452e-02 -6.68836e-03  7.70200e-02  4.56982e-01
 8.75000e+01  2.09147e-01 -1.35201e-03  9.95177e-02 -6.46440e-03  7.70218e-02  4.56649e-01
 8.80000e+01  2.09426e-01 -1.30607e-03  9.94909e-02 -6.23642e-03  7.70235e-02  4.56327e-01
 8.85000e+01  2.09696e-01 -1.25914e-03  9.94648e-02 -6.00462e-03  7.70251e-02  4.56016e-01
 8.90000e+01  2.09956e-01 -1.21127e-03  9.94395e-02 -5.76916e-03  7.70265e-02  4.55718e-01
 8.95000e+01  2.10207e-01 -1.16249e-03  9.94150e-02 -5.53021e-03  7.70278e-02  4.55430e-01
 9.00000e+01  2.10447e-01 -1.11284e-03  9.93913e-02 -5.28796e-03  7.70290e-02  4.55155e-01
 9.05000e+01  2.10678e-01 -1.06236e-03  9.93685e-02 -5.04257e-03  7.70301e-02  4.54892e-01
 9.10000e+01  2.10898e-01 -1.01109e-03  9.93466e-02 -4.79422e-03  7.70310e-02  4.54642e-01
 9.15000e+01  2.11107e-01 -9.59072e-04  9.93256e-02 -4.54306e-03  7.70319e-02  4.54404e-01
 9.20000e+01  2.11306e-01 -9.06346e-04  9.93057e-02 -4.28927e-03  7.70327e-02  4.54179e-01
 9.25000e+01  2.11493e-01 -8.52953e-04  9.92868e-02 -4.03301e-03  7.70334e-02  4.53967e-01
 9.30000e+01  2.11669e-01 -7.98932e-04  9.92690e-02 -3.77444e-03  7.70340e-02  4.53767e-01
 9.35000e+01  2.11834e-01 -7.44326e-04  9.92522e-02 -3.51372e-03  7.70346e-02  4.53581e-01
 9.40000e+01  2.11987e-01 -6.89175e-04  9.92366e-02 -3.25102e-03  7.70351e-02  4.53408e-01
 9.45000e+01  2.12129e-01 -6.33519e-04  9.92222e-02 -2.98648e-03  7.70355e-02  4.53249e-01
 9.50000e+01  2.12259e-01 -5.77402e-04  9.92089e-02 -2.72027e-03  7.70359e-02  4.53103e-01
 9.55000e+01  2.12377e-01 -5.20864e-04  9.91968e-02 -2.45255e-03  7.70363e-02  4.52971e-01
 9.60000e+01  2.12482e-01 -4.63947e-04  9.91859e-02 -2.18346e-03  7.70366e-02  4.52852e-01
 9.65000e+01  2.12576e-01 -4.06692e-04  9.91762e-02 -1.91316e-03  7.70368e-02  4.52747e-01
 9.70000e+01  2.12657e-01 -3.49143e-04  9.91678e-02 -1.64181e-03  7.70370e-02  4.52656e-01
 9.75000e+01  2.12726e-01 -2.91340e-04  9.91607e-02 -1.36955e-03  7.70372e-02  4.52579e-01
 9.80000e+01  2.12782e-01 -2.33325e-04  9.91549e-02 -1.09654e-03  7.70373e-02  4.52516e-01
 9.85000e+01  2.12826e-01 -1.75142e-04  9.91503e-02 -8.22934e-04  7.70374e-02  4.52467e-01
 9.90000e+01  2.12858e-01 -1.16832e-04  9.91471e-02 -5.48873e-04  7.70375e-02  4.52432e-01
 9.95000e+01  2.12877e-01 -5.84371e-05  9.91451e-02 -2.74512e-04  7.70375e-02  4.52411e-01
