 0.00000e+00  2.10032e-01  4.68502e-15  9.68048e-02  2.23062e-14  7.48097e-02  4.47291e-01
 5.00000e-01  2.10027e-01  1.10426e-05  9.68062e-02  5.25773e-05  7.48105e-02  4.47300e-01
 1.00000e+00  2.10012e-01  2.20595e-05  9.68107e-02  1.05039e-04  7.48130e-02  4.47326e-01
 1.50000e+00  2.09987e-01  3.30249e-05  9.68180e-02  1.57271e-04  7.48170e-02  4.47369e-01
 2.00000e+00  2.09952e-01  4.39131e-05  9.68283e-02  2.09158e-04  7.48227e-02  4.47430e-01
 2.50000e+00  2.09907e-01  5.46985e-05  9.68415e-02  2.60584e-04  7.48301e-02  4.47507e-01
 3.00000e+00  2.09852e-01  6.53557e-05  9.68576e-02  3.11437e-04  7.48390e-02  4.47602e-01
 3.50000e+00  2.09788e-01  7.58593e-05  9.68766e-02  3.61600e-04  7.48496e-02  4.47715e-01
 4.00000e+00  2.09713e-01  8.61843e-05  9.68985e-02  4.10962e-04  7.48618e-02  4.47844e-01
 4.50000e+00  2.09629e-01  9.63057e-05  9.69234e-02  4.59410e-04  7.48756e-02  4.47990e-01
 5.00000e+00  2.09535e-01  1.06199e-04  9.69510e-02  5.06830e-04  7.48910e-02  4.48154e-01
 5.50000e+00  2.09432e-01  1.15840e-04  9.69816e-02  5.53113e-04  7.49080e-02  4.48334e-01
 6.00000e+00  2.09320e-01  1.25204e-04  9.70149e-02  5.98146e-04  7.49266e-02  4.48531e-01
 6.50000e+00  2.09198e-01  1.34268e-04  9.70511e-02  6.41823e-04  7.49468e-02  4.48745e-01
 7.00000e+00  2.09067e-01  1.43009e-04  9.70900e-02  6.84033e-04  7.49686e-02  4.48976e-01
 7.50000e+00  2.08927e-01  1.51403e-04  9.71318e-02  7.24672e-04  7.49919e-02  4.49223e-01
 8.00000e+00  2.08778e-01  1.59430e-04  9.71762e-02  7.63634e-04  7.50169e-02  4.49487e-01
 8.50000e+00  2.08621e-01  1.67067e-04  9.72234e-02  8.00816e-04  7.50434e-02  4.49767e-01
 9.00000e+00  2.08454e-01  1.74293e-04  9.72733e-02  8.36119e-04  7.50714e-02  4.50063e-01
 9.50000e+00  2.08280e-01  1.81087e-04  9.73258e-02  8.69443e-04  7.51010e-02  4.50376e-01
 1.00000e+01  2.08097e-01  1.87432e-04  9.73809e-02  9.00693e-04  7.51321e-02  4.50704e-01
 1.05000e+01  2.07907e-01  1.93307e-04  9.74386e-02  9.29776e-04  7.51647e-02  4.51048e-01
 1.10000e+01  2.07708e-01  1.98695e-04  9.74988e-02  9.56604e-04  7.51988e-02  4.51407e-01
 1.15000e+01  2.07502e-01  2.03579e-04  9.75616e-02  9.81090e-04  7.52344e-02  4.51782e-01
 1.20000e+01  2.07289e-01  2.07943e-04  9.76268e-02  1.00315e-03  7.52715e-02  4.52172e-01
 1.25000e+01  2.07068e-01  2.11773e-04  9.76944e-02  1.02272e-03  7.53100e-02  4.52577e-01
 1.30000e+01  2.06841e-01  2.15055e-04  9.77644e-02  1.03971e-03  7.53500e-02  4.52997e-01
 1.35000e+01  2.06607e-01  2.17777e-04  9.78367e-02  1.05407e-03  7.53914e-02  4.53432e-01
 1.40000e+01  2.06366e-01  2.19929e-04  9.79113e-02  1.06572e-03  7.54341e-02  4.53880e-01
 1.45000e+01  2.06120e-01  2.21501e-04  9.79881e-02  1.07463e-03  7.54783e-02  4.54343e-01
 1.50000e+01  2.05867e-01  2.22486e-04  9.80671e-02  1.08073e-03  7.55237e-02  4.54819e-01
 1.55000e+01  2.05608e-01  2.22878e-04  9.81482e-02  1.08399e-03  7.55705e-02  4.55309e-01
 1.60000e+01  2.05345e-01  2.22673e-04  9.82313e-02  1.08439e-03  7.56186e-02  4.55812e-01
 1.65000e+01  2.05076e-01  2.21869e-04  9.83164e-02  1.08189e-03  7.56679e-02  4.56327e-01
 1.70000e+01  2.04802e-01  2.20466e-04  9.84034e-02  1.07648e-03  7.57185e-02  4.56855e-01
 1.75000e+01  2.04523e-01  2.18465e-04  9.84923e-02  1.06817e-03  7.57702e-02  4.57396e-01
 1.80000e+01  2.04240e-01  2.15872e-04  9.85829e-02  1.05695e-03  7.58231e-02  4.57947e-01
 1.85000e+01  2.03954e-01  2.12693e-04  9.86753e-02  1.04285e-03  7.58771e-02  4.58511e-01
 1.90000e+01  2.03663e-01  2.08936e-04  9.87692e-02  1.02589e-03  7.59322e-02  4.59085e-01
 1.95000e+01  2.03369e-01  2.04613e-04  9.88647e-02  1.00612e-03  7.59883e-02  4.59669e-01
 2.00000e+01  2.03072e-01  1.99739e-04  9.89617e-02  9.83586e-04  7.60454e-02  4.60264e-01
 2.05000e+01  2.02772e-01  1.94328e-04  9.90600e-02  9.58359e-04  7.61034e-02  4.60868e-01
 2.10000e+01  2.02469e-01  1.88400e-04  9.91596e-02  9.30515e-04  7.61623e-02  4.61481e-01
 2.15000e+01  2.02164e-01  1.81977e-04  9.92604e-02  9.00146e-04  7.62220e-02  4.62103e-01
 2.20000e+01  2.01857e-01  1.75082e-04  9.93623e-02  8.67357e-04  7.62825e-02  4.62732e-01
 2.25000e+01  2.01548e-01  1.67741e-04  9.94652e-02  8.32265e-04  7.63437e-02  4.63369e-01
 2.30000e+01  2.01238e-01  1.59984e-04  9.95690e-02  7.95000e-04  7.64056e-02  4.64013e-01
 2.35000e+01  2.00927e-01  1.51841e-04  9.96736e-02  7.55704e-04  7.64681e-02  4.64664e-01
 2.40000e+01  2.00615e-01  1.43345e-04  9.97788e-02  7.14531e-04  7.65310e-02  4.65320e-01
 2.45000e+01  2.00302e-01  1.34532e-04  9.98846e-02  6.71646e-04  7.65944e-02  4.65981e-01
 2.50000e+01  1.99989e-01  1.25438e-04  9.99909e-02  6.27224e-04  7.66582e-02  4.66647e-01
 2.55000e+01  1.99677e-01  1.16103e-04  1.00097e-01  5.81453e-04  7.67223e-02  4.67316e-01
 2.60000e+01  1.99364e-01  1.06565e-04  1.00204e-01  5.34526e-04  7.67867e-02  4.67989e-01
 2.65000e+01  1.99053e-01  9.68681e-05  1.00311e-01  4.86646e-04  7.68512e-02  4.68664e-01
 2.70000e+01  1.98742e-01  8.70532e-05  1.00418e-01  4.38022e-04  7.69157e-02  4.69341e-01
 2.75000e+01  1.98432e-01  7.71640e-05  1.00525e-01  3.88868e-04  7.69803e-02  4.70019e-01
 2.80000e+01  1.98124e-01  6.72444e-05  1.00632e-01  3.39405e-04  7.70448e-02  4.70697e-01
 2.85000e+01  1.97818e-01  5.73383e-05  1.00738e-01  2.89853e-04  7.71091e-02  4.71375e-01
 2.90000e+01  1.97514e-01  4.74898e-05  1.00843e-01  2.40437e-04  7.71733e-02  4.72052e-01
 2.95000e+01  1.97213e-01  3.77427e-05  1.00949e-01  1.91381e-04  7.72370e-02  4.72726e-01
 3.00000e+01  1.96914e-01  2.81402e-05  1.01053e-01  1.42906e-04  7.73004e-02  4.73398e-01
 3.05000e+01  1.96618e-01  1.87245e-05  1.01156e-01  9.52332e-05  7.73634e-02  4.74067e-01
 3.10000e+01  1.96325e-01  9.53701e-06  1.01259e-01  4.85777e-05  7.74257e-02  4.74731e-01
 3.15000e+01  1.96036e-01  6.17478e-07  1.01360e-01  3.14983e-06  7.74874e-02  4.75390e-01
 3.20000e+01  1.95750e-01 -7.99578e-06  1.01460e-01 -4.08469e-05  7.75484e-02  4.76044e-01
 3.25000e+01  1.95469e-01 -1.62663e-05  1.01559e-01 -8.32170e-05  7.76086e-02  4.76691e-01
 3.30000e+01  1.95192e-01 -2.41598e-05  1.01657e-01 -1.23775e-04  7.76680e-02  4.77330e-01
 3.35000e+01  1.94919e-01 -3.16439e-05  1.01752e-01 -1.62344e-04  7.77264e-02  4.77961e-01
 3.40000e+01  1.94652e-01 -3.86891e-05  1.01846e-01 -1.98760e-04  7.77838e-02  4.78584e-01
 3.45000e+01  1.94389e-01 -4.52679e-05  1.01939e-01 -2.32873e-04  7.78401e-02  4.79196e-01
 3.50000e+01  1.94132e-01 -5.13561e-05  1.02029e-01 -2.64542e-04  7.78953e-02  4.79798e-01
 3.55000e+01  1.93881e-01 -5.69318e-05  1.02118e-01 -2.93643e-04  7.79492e-02  4.80389e-01
 3.60000e+01  1.93635e-01 -6.19762e-05  1.02204e-01 -3.20067e-04  7.80019e-02  4.80968e-01
 3.65000e+01  1.93396e-01 -6.64734e-05  1.02288e-01 -3.43717e-04  7.80532e-02  4.81534e-01
 3.70000e+01  1.93163e-01 -7.04107e-05  1.02370e-01 -3.64515e-04  7.81031e-02  4.82086e-01
 3.75000e+01  1.92936e-01 -7.37783e-05  1.02449e-01 -3.82397e-04  7.81516e-02  4.82624e-01
 3.80000e+01  1.92717e-01 -7.65692e-05  1.02526e-01 -3.97315e-04  7.81985e-02  4.83148e-01
 3.85000e+01  1.92504e-01 -7.87798e-05  1.02601e-01 -4.09236e-04  7.82439e-02  4.83655e-01
 3.90000e+01  1.92299e-01 -8.04093e-05  1.02673e-01 -4.18147e-04  7.82877e-02  4.84147e-01
 3.95000e+01  1.92101e-01 -8.14599e-05  1.02742e-01 -4.24046e-04  7.83299e-02  4.84621e-01
 4.00000e+01  1.91911e-01 -8.19366e-05  1.02808e-01 -4.26950e-04  7.83703e-02  4.85078e-01
 4.05000e+01  1.91729e-01 -8.18474e-05  1.02872e-01 -4.26890e-04  7.84090e-02  4.85517e-01
 4.10000e+01  1.91555e-01 -8.12029e-05  1.02932e-01 -4.23913e-04  7.84460e-02  4.85937e-01
 4.15000e+01  1.91390e-01 -8.00163e-05  1.02990e-01 -4.18080e-04  7.84811e-02  4.86338e-01
 4.20000e+01  1.91233e-01 -7.83034e-05  1.03045e-01 -4.09467e-04  7.85144e-02  4.86718e-01
 4.25000e+01  1.91084e-01 -7.60824e-05  1.03096e-01 -3.98162e-04  7.85458e-02  4.87079e-01
 4.30000e+01  1.90944e-01 -7.33738e-05  1.03145e-01 -3.84268e-04  7.85753e-02  4.87418e-01
 4.35000e+01  1.90814e-01 -7.02001e-05  1.03190e-01 -3.67899e-04  7.86028e-02  4.87736e-01
 4.40000e+01  1.90692e-01 -6.65861e-05  1.03232e-01 -3.49182e-04  7.86285e-02  4.88033e-01
 4.45000e+01  1.90579e-01 -6.25583e-05  1.03271e-01 -3.28253e-04  7.86521e-02  4.88307e-01
 4.50000e+01  1.90476e-01 -5.81450e-05  1.03307e-01 -3.05261e-04  7.86738e-02  4.88558e-01
 4.55000e+01  1.90383e-01 -5.33761e-05  1.03339e-01 -2.80362e-04  7.86934e-02  4.88787e-01
 4.60000e+01  1.90299e-01 -4.82830e-05  1.03368e-01 -2.53722e-04  7.87110e-02  4.88993e-01
 4.65000e+01  1.90224e-01 -4.28984e-05  1.03394e-01 -2.25515e-04  7.87266e-02  4.89175e-01
 4.70000e+01  1.90160e-01 -3.72561e-05  1.03416e-01 -1.95920e-04  7.87401e-02  4.89333e-01
 4.75000e+01  1.90105e-01 -3.13912e-05  1.03435e-01 -1.65126e-04  7.87516e-02  4.89467e-01
 4.80000e+01  1.90060e-01 -2.53392e-05  1.03451e-01 -1.33322e-04  7.87610e-02  4.89577e-01
 4.85000e+01  1.90025e-01 -1.91368e-05  1.03463e-01 -1.00707e-04  7.87683e-02  4.89663e-01
 4.90000e+01  1.90000e-01 -1.28211e-05  1.03471e-01 -6.74795e-05  7.87735e-02  4.89724e-01
 4.95000e+01  1.89985e-01 -6.42953e-06  1.03477e-01 -3.38424e-05  7.87766e-02  4.89761e-01
 5.00000e+01  1.89980e-01 -3.84134e-15  1.03478e-01 -2.02198e-14  7.87777e-02  4.89774e-01
 5.05000e+01  1.89985e-01  6.42953e-06  1.03477e-01  3.38424e-05  7.87766e-02  4.89761e-01
 5.10000e+01  1.90000e-01  1.28211e-05  1.03471e-01  6.74795e-05  7.87735e-02  4.89724e-01
 5.15000e+01  1.90025e-01  1.91368e-05  1.03463e-01  1.00707e-04  7.87683e-02  4.89663e-01
 5.20000e+01  1.90060e-01  2.53392e-05  1.03451e-01  1.33322e-04  7.87610e-02  4.89577e-01
 5.25000e+01  1.90105e-01  3.13912e-05  1.03435e-01  1.65126e-04  7.87516e-02  4.89467e-01
 5.30000e+01  1.90160e-01  3.72561e-05  1.03416e-01  1.95920e-04  7.87401e-02  4.89333e-01
 5.35000e+01  1.90224e-01  4.28984e-05  1.03394e-01  2.25515e-04  7.87266e-02  4.89175e-01
 5.40000e+01  1.90299e-01  4.82830e-05  1.03368e-01  2.53722e-04  7.87110e-02  4.88993e-01
 5.45000e+01  1.90383e-01  5.33761e-05  1.03339e-01  2.80362e-04  7.86934e-02  4.88787e-01
 5.50000e+01  1.90476e-01  5.81450e-05  1.03307e-01  3.05261e-04  7.86738e-02  4.88558e-01
 5.55000e+01  1.90579e-01  6.25583e-05  1.03271e-01  3.28253e-04  7.86521e-02  4.88307e-01
 5.60000e+01  1.90692e-01  6.65861e-05  1.03232e-01  3.49182e-04  7.86285e-02  4.88033e-01
 5.65000e+01  1.90814e-01  7.02001e-05  1.03190e-01  3.67899e-04  7.86028e-02  4.87736e-01
 5.70000e+01  1.90944e-01  7.33738e-05  1.03145e-01  3.84268e-04  7.85753e-02  4.87418e-01
 5.75000e+01  1.91084e-01  7.60824e-05  1.03096e-01  3.98162e-04  7.85458e-02  4.87079e-01
 5.80000e+01  1.91233e-01  7.83034e-05  1.03045e-01  4.09467e-04  7.85144e-02  4.86718e-01
 5.85000e+01  1.91390e-01  8.00163e-05  1.02990e-01  4.18080e-04  7.84811e-02  4.86338e-01
 5.90000e+01  1.91555e-01  8.12029e-05  1.02932e-01  4.23913e-04  7.84460e-02  4.85937e-01
 5.95000e+01  1.91729e-01  8.18474e-05  1.02872e-01  4.26890e-04  7.84090e-02  4.85517e-01
 6.00000e+01  1.91911e-01  8.19366e-05  1.02808e-01  4.26950e-04  7.83703e-02  4.85078e-01
 6.05000e+01  1.92101e-01  8.14599e-05  1.02742e-01  4.24046e-04  7.83299e-02  4.84621e-01
 6.10000e+01  1.92299e-01  8.04093e-05  1.02673e-01  4.18147e-04  7.82877e-02  4.84147e-01
 6.15000e+01  1.92504e-01  7.87798e-05  1.02601e-01  4.09236e-04  7.82439e-02  4.83655e-01
 6.20000e+01  1.92717e-01  7.65692e-05  1.02526e-01  3.97315e-04  7.81985e-02  4.83148e-01
 6.25000e+01  1.92936e-01  7.37783e-05  1.02449e-01  3.82397e-04  7.81516e-02  4.82624e-01
 6.30000e+01  1.93163e-01  7.04107e-05  1.02370e-01  3.64515e-04  7.81031e-02  4.82086e-01
 6.35000e+01  1.93396e-01  6.64734e-05  1.02288e-01  3.43717e-04  7.80532e-02  4.81534e-01
 6.40000e+01  1.93635e-01  6.19762e-05  1.02204e-01  3.20067e-04  7.80019e-02  4.80968e-01
 6.45000e+01  1.93881e-01  5.69318e-05  1.02118e-01  2.93643e-04  7.79492e-02  4.80389e-01
 6.50000e+01  1.94132e-01  5.13561e-05  1.02029e-01  2.64542e-04  7.78953e-02  4.79798e-01
 6.55000e+01  1.94389e-01  4.52679e-05  1.01939e-01  2.32873e-04  7.78401e-02  4.79196e-01
 6.60000e+01  1.94652e-01  3.86891e-05  1.01846e-01  1.98760e-04  7.77838e-02  4.78584e-01
 6.65000e+01  1.94919e-01  3.16439e-05  1.01752e-01  1.62344e-04  7.77264e-02  4.77961e-01
 6.70000e+01  1.95192e-01  2.41598e-05  1.01657e-01  1.23775e-04  7.76680e-02  4.77330e-01
 6.75000e+01  1.95469e-01  1.62663e-05  1.01559e-01  8.32170e-05  7.76086e-02  4.76691e-01
 6.80000e+01  1.95750e-01  7.99578e-06  1.01460e-01  4.08469e-05  7.75484e-02  4.76044e-01
 6.85000e+01  1.96036e-01 -6.17478e-07  1.01360e-01 -3.14983e-06  7.74874e-02  4.75390e-01
 6.90000e+01  1.96325e-01 -9.53701e-06  1.01259e-01 -4.85777e-05  7.74257e-02  4.74731e-01
 6.95000e+01  1.96618e-01 -1.87245e-05  1.01156e-01 -9.52332e-05  7.73634e-02  4.74067e-01
 7.00000e+01  1.96914e-01 -2.81402e-05  1.01053e-01 -1.42906e-04  7.73004e-02  4.73398e-01
 7.05000e+01  1.97213e-01 -3.77427e-05  1.00949e-01 -1.91381e-04  7.72370e-02  4.72726e-01
 7.10000e+01  1.97514e-01 -4.74898e-05  1.00843e-01 -2.40437e-04  7.71733e-02  4.72052e-01
 7.15000e+01  1.97818e-01 -5.73383e-05  1.00738e-01 -2.89853e-04  7.71091e-02  4.71375e-01
 7.20000e+01  1.98124e-01 -6.72444e-05  1.00632e-01 -3.39405e-04  7.70448e-02  4.70697e-01
 7.25000e+01  1.98432e-01 -7.71640e-05  1.00525e-01 -3.88868e-04  7.69803e-02  4.70019e-01
 7.30000e+01  1.98742e-01 -8.70532e-05  1.00418e-01 -4.38022e-04  7.69157e-02  4.69341e-01
 7.35000e+01  1.99053e-01 -9.68681e-05  1.00311e-01 -4.86646e-04  7.68512e-02  4.68664e-01
 7.40000e+01  1.99364e-01 -1.06565e-04  1.00204e-01 -5.34526e-04  7.67867e-02  4.67989e-01
 7.45000e+01  1.99677e-01 -1.16103e-04  1.00097e-01 -5.81453e-04  7.67223e-02  4.67316e-01
 7.50000e+01  1.99989e-01 -1.25438e-04  9.99909e-02 -6.27224e-04  7.66582e-02  4.66647e-01
 7.55000e+01  2.00302e-01 -1.34532e-04  9.98846e-02 -6.71646e-04  7.65944e-02  4.65981e-01
 7.60000e+01  2.00615e-01 -1.43345e-04  9.97788e-02 -7.14531e-04  7.65310e-02  4.65320e-01
 7.65000e+01  2.00927e-01 -1.51841e-04  9.96736e-02 -7.55704e-04  7.64681e-02  4.64664e-01
 7.70000e+01  2.01238e-01 -1.59984e-04  9.95690e-02 -7.95000e-04  7.64056e-02  4.64013e-01
 7.75000e+01  2.01548e-01 -1.67741e-04  9.94652e-02 -8.32265e-04  7.63437e-02  4.63369e-01
 7.80000e+01  2.01857e-01 -1.75082e-04  9.93623e-02 -8.67357e-04  7.62825e-02  4.62732e-01
 7.85000e+01  2.02164e-01 -1.81977e-04  9.92604e-02 -9.00146e-04  7.62220e-02  4.62103e-01
 7.90000e+01  2.02469e-01 -1.88400e-04  9.91596e-02 -9.30515e-04  7.61623e-02  4.61481e-01
 7.95000e+01  2.02772e-01 -1.94328e-04  9.90600e-02 -9.58359e-04  7.61034e-02  4.60868e-01
 8.00000e+01  2.03072e-01 -1.99739e-04  9.89617e-02 -9.83586e-04  7.60454e-02  4.60264e-01
 8.05000e+01  2.03369e-01 -2.04613e-04  9.88647e-02 -1.00612e-03  7.59883e-02  4.59669e-01
 8.10000e+01  2.03663e-01 -2.08936e-04  9.87692e-02 -1.02589e-03  7.59322e-02  4.59085e-01
 8.15000e+01  2.03954e-01 -2.12693e-04  9.86753e-02 -1.04285e-03  7.58771e-02  4.58511e-01
 8.20000e+01  2.04240e-01 -2.15872e-04  9.85829e-02 -1.05695e-03  7.58231e-02  4.57947e-01
 8.25000e+01  2.04523e-01 -2.18465e-04  9.84923e-02 -1.06817e-03  7.57702e-02  4.57396e-01
 8.30000e+01  2.04802e-01 -2.20466e-04  9.84034e-02 -1.07648e-03  7.57185e-02  4.56855e-01
 8.35000e+01  2.05076e-01 -2.21869e-04  9.83164e-02 -1.08189e-03  7.56679e-02  4.56327e-01
 8.40000e+01  2.05345e-01 -2.22673e-04  9.82313e-02 -1.08439e-03  7.56186e-02  4.55812e-01
 8.45000e+01  2.05608e-01 -2.22878e-04  9.81482e-02 -1.08399e-03  7.55705e-02  4.55309e-01
 8.50000e+01  2.05867e-01 -2.22486e-04  9.80671e-02 -1.08073e-03  7.55237e-02  4.54819e-01
 8.55000e+01  2.06120e-01 -2.21501e-04  9.79881e-02 -1.07463e-03  7.54783e-02  4.54343e-01
 8.60000e+01  2.06366e-01 -2.19929e-04  9.79113e-02 -1.06572e-03  7.54341e-02  4.53880e-01
 8.65000e+01  2.06607e-01 -2.17777e-04  9.78367e-02 -1.05407e-03  7.53914e-02  4.53432e-01
 8.70000e+01  2.06841e-01 -2.15055e-04  9.77644e-02 -1.03971e-03  7.53500e-02  4.52997e-01
 8.75000e+01  2.07068e-01 -2.11773e-04  9.76944e-02 -1.02272e-03  7.53100e-02  4.52577e-01
 8.80000e+01  2.07289e-01 -2.07943e-04  9.76268e-02 -1.00315e-03  7.52715e-02  4.52172e-01
 8.85000e+01  2.07502e-01 -2.03579e-04  9.75616e-02 -9.81090e-04  7.52344e-02  4.51782e-01
 8.90000e+01  2.07708e-01 -1.98695e-04  9.74988e-02 -9.56604e-04  7.51988e-02  4.51407e-01
 8.95000e+01  2.07907e-01 -1.93307e-04  9.74386e-02 -9.29776e-04  7.51647e-02  4.51048e-01
 9.00000e+01  2.08097e-01 -1.87432e-04  9.73809e-02 -9.00693e-04  7.51321e-02  4.50704e-01
 9.05000e+01  2.08280e-01 -1.81087e-04  9.73258e-02 -8.69443e-04  7.51010e-02  4.50376e-01
 9.10000e+01  2.08454e-01 -1.74293e-04  9.72733e-02 -8.36119e-04  7.50714e-02  4.50063e-01
 9.15000e+01  2.08621e-01 -1.67067e-04  9.72234e-02 -8.00816e-04  7.50434e-02  4.49767e-01
 9.20000e+01  2.08778e-01 -1.59430e-04  9.71762e-02 -7.63634e-04  7.50169e-02  4.49487e-01
 9.25000e+01  2.08927e-01 -1.51403e-04  9.71318e-02 -7.24672e-04  7.49919e-02  4.49223e-01
 9.30000e+01  2.09067e-01 -1.43009e-04  9.70900e-02 -6.84033e-04  7.49686e-02  4.48976e-01
 9.35000e+01  2.09198e-01 -1.34268e-04  9.70511e-02 -6.41823e-04  7.49468e-02  4.48745e-01
 9.40000e+01  2.09320e-01 -1.25204e-04  9.70149e-02 -5.98146e-04  7.49266e-02  4.48531e-01
 9.45000e+01  2.09432e-01 -1.15840e-04  9.69816e-02 -5.53113e-04  7.49080e-02  4.48334e-01
 9.50000e+01  2.09535e-01 -1.06199e-04  9.69510e-02 -5.06830e-04  7.48910e-02  4.48154e-01
 9.55000e+01  2.09629e-01 -9.63057e-05  9.69234e-02 -4.59410e-04  7.48756e-02  4.47990e-01
 9.60000e+01  2.09713e-01 -8.61843e-05  9.68985e-02 -4.10962e-04  7.48618e-02  4.47844e-01
 9.65000e+01  2.09788e-01 -7.58593e-05  9.68766e-02 -3.61600e-04  7.48496e-02  4.47715e-01
 9.70000e+01  2.09852e-01 -6.53557e-05  9.68576e-02 -3.11437e-04  7.48390e-02  4.47602e-01
 9.75000e+01  2.09907e-01 -5.46985e-05  9.68415e-02 -2.60584e-04  7.48301e-02  4.47507e-01
 9.80000e+01  2.09952e-01 -4.39131e-05  9.68283e-02 -2.09158e-04  7.48227e-02  4.47430e-01
 9.85000e+01  2.09987e-01 -3.30249e-05  9.68180e-02 -1.57271e-04  7.48170e-02  4.47369e-01
 9.90000e+01  2.10012e-01 -2.20595e-05  9.68107e-02 -1.05039e-04  7.48130e-02  4.47326e-01
 9.95000e+01  2.10027e-01 -1.10426e-05  9.68062e-02 -5.25773e-05  7.48105e-02  4.47300e-01
