 0.00000e+00  3.82873e-01 -3.09340e-15  6.95711e-03 -8.07945e-15  1.92831e-02  1.70295e-02  2.67362e-01
 5.00000e-01  3.82909e-01 -9.85509e-04  6.89743e-03 -2.57374e-03  1.92308e-02  1.70212e-02  2.67282e-01
 1.00000e+00  3.83019e-01 -1.96937e-03  6.71900e-03 -5.14172e-03  1.90740e-02  1.69965e-02  2.67040e-01
 1.50000e+00  3.83196e-01 -2.94995e-03  6.42367e-03 -7.69829e-03  1.88134e-02  1.69554e-02  2.66639e-01
 2.00000e+00  3.83434e-01 -3.92559e-03  6.01455e-03 -1.02380e-02  1.84500e-02  1.68979e-02  2.66080e-01
 2.50000e+00  3.83725e-01 -4.89463e-03  5.49601e-03 -1.27556e-02  1.79853e-02  1.68242e-02  2.65365e-01
 3.00000e+00  3.84055e-01 -5.85543e-03  4.87375e-03 -1.52463e-02  1.74214e-02  1.67343e-02  2.64497e-01
 3.50000e+00  3.84411e-01 -6.80629e-03  4.15476e-03 -1.77058e-02  1.67608e-02  1.66284e-02  2.63480e-01
 4.00000e+00  3.84776e-01 -7.74556e-03  3.34741e-03 -2.01301e-02  1.60068e-02  1.65068e-02  2.62317e-01
 4.50000e+00  3.85129e-01 -8.67152e-03  2.46141e-03 -2.25159e-02  1.51634e-02  1.63695e-02  2.61013e-01
 5.00000e+00  3.85450e-01 -9.58248e-03  1.50789e-03 -2.48605e-02  1.42352e-02  1.62170e-02  2.59575e-01
 5.50000e+00  3.85714e-01 -1.04767e-02  4.99288e-04 -2.71618e-02  1.32281e-02  1.60494e-02  2.58006e-01
 6.00000e+00  3.85896e-01 -1.13524e-02 -5.50590e-04 -2.94183e-02  1.21484e-02  1.58670e-02  2.56313e-01
 6.50000e+00  3.85969e-01 -1.22079e-02 -1.62671e-03 -3.16292e-02  1.10038e-02  1.56703e-02  2.54503e-01
 7.00000e+00  3.85903e-01 -1.30412e-02 -2.71287e-03 -3.37941e-02  9.80311e-03  1.54596e-02  2.52582e-01
 7.50000e+00  3.85668e-01 -1.38507e-02 -3.79190e-03 -3.59136e-02  8.55599e-03  1.52354e-02  2.50557e-01
 8.00000e+00  3.85232e-01 -1.46344e-02 -4.84577e-03 -3.79885e-02  7.27346e-03  1.49980e-02  2.48436e-01
 8.50000e+00  3.84565e-01 -1.53904e-02 -5.85592e-03 -4.00202e-02  5.96761e-03  1.47481e-02  2.46225e-01
 9.00000e+00  3.83633e-01 -1.61167e-02 -6.80347e-03 -4.20108e-02  4.65165e-03  1.44862e-02  2.43932e-01
 9.50000e+00  3.82404e-01 -1.68114e-02 -7.66959e-03 -4.39625e-02  3.33982e-03  1.42129e-02  2.41565e-01
 1.00000e+01  3.80846e-01 -1.74725e-02 -8.43588e-03 -4.58781e-02  2.04722e-03  1.39288e-02  2.39131e-01
 1.05000e+01  3.78929e-01 -1.80979e-02 -9.08474e-03 -4.77606e-02  7.89693e-04  1.36347e-02  2.36636e-01
 1.10000e+01  3.76622e-01 -1.86855e-02 -9.59986e-03 -4.96133e-02 -4.16441e-04  1.33313e-02  2.34089e-01
 1.15000e+01  3.73899e-01 -1.92332e-02 -9.96663e-03 -5.14395e-02 -1.55468e-03  1.30194e-02  2.31495e-01
 1.20000e+01  3.70732e-01 -1.97388e-02 -1.01726e-02 -5.32427e-02 -2.60866e-03  1.26998e-02  2.28862e-01
 1.25000e+01  3.67101e-01 -2.02003e-02 -1.02081e-02 -5.50266e-02 -3.56260e-03  1.23734e-02  2.26196e-01
 1.30000e+01  3.62985e-01 -2.06156e-02 -1.00662e-02 -5.67945e-02 -4.40168e-03  1.20412e-02  2.23502e-01
 1.35000e+01  3.58370e-01 -2.09825e-02 -9.74366e-03 -5.85499e-02 -5.11258e-03  1.17042e-02  2.20787e-01
 1.40000e+01  3.53244e-01 -2.12992e-02 -9.24078e-03 -6.02960e-02 -5.68391e-03  1.13633e-02  2.18056e-01
 1.45000e+01  3.47601e-01 -2.15637e-02 -8.56181e-03 -6.20357e-02 -6.10668e-03  1.10196e-02  2.15313e-01
 1.50000e+01  3.41440e-01 -2.17742e-02 -7.71493e-03 -6.37717e-02 -6.37478e-03  1.06742e-02  2.12563e-01
 1.55000e+01  3.34767e-01 -2.19293e-02 -6.71233e-03 -6.55061e-02 -6.48531e-03  1.03283e-02  2.09811e-01
 1.60000e+01  3.27591e-01 -2.20274e-02 -5.56991e-03 -6.72407e-02 -6.43887e-03  9.98290e-03  2.07059e-01
 1.65000e+01  3.19928e-01 -2.20676e-02 -4.30709e-03 -6.89767e-02 -6.23969e-03  9.63919e-03  2.04311e-01
 1.70000e+01  3.11803e-01 -2.20490e-02 -2.94630e-03 -7.07145e-02 -5.89572e-03  9.29830e-03  2.01569e-01
 1.75000e+01  3.03242e-01 -2.19711e-02 -1.51240e-03 -7.24539e-02 -5.41843e-03  8.96135e-03  1.98836e-01
 1.80000e+01  2.94281e-01 -2.18338e-02 -3.20474e-05 -7.41937e-02 -4.82254e-03  8.62946e-03  1.96115e-01
 1.85000e+01  2.84959e-01 -2.16374e-02  1.46714e-03 -7.59318e-02 -4.12562e-03  8.30367e-03  1.93405e-01
 1.90000e+01  2.75322e-01 -2.13828e-02  2.95735e-03 -7.76648e-02 -3.34746e-03  7.98503e-03  1.90709e-01
 1.95000e+01  2.65419e-01 -2.10711e-02  4.41150e-03 -7.93883e-02 -2.50945e-03  7.67449e-03  1.88026e-01
 2.00000e+01  2.55303e-01 -2.07042e-02  5.80400e-03 -8.10964e-02 -1.63375e-03  7.37295e-03  1.85358e-01
 2.05000e+01  2.45033e-01 -2.02841e-02  7.11158e-03 -8.27813e-02 -7.42554e-04  7.08121e-03  1.82704e-01
 2.10000e+01  2.34666e-01 -1.98138e-02  8.31396e-03 -8.44340e-02  1.42699e-04  6.80000e-03  1.80063e-01
 2.15000e+01  2.24264e-01 -1.92964e-02  9.39438e-03 -8.60433e-02  1.00208e-03  6.52993e-03  1.77436e-01
 2.20000e+01  2.13886e-01 -1.87356e-02  1.03401e-02 -8.75961e-02  1.81780e-03  6.27151e-03  1.74820e-01
 2.25000e+01  2.03594e-01 -1.81356e-02  1.11424e-02 -8.90771e-02  2.57471e-03  6.02512e-03  1.72215e-01
 2.30000e+01  1.93446e-01 -1.75009e-02  1.17971e-02 -9.04690e-02  3.26070e-03  5.79103e-03  1.69620e-01
 2.35000e+01  1.83498e-01 -1.68363e-02  1.23038e-02 -9.17522e-02  3.86689e-03  5.56939e-03  1.67033e-01
 2.40000e+01  1.73802e-01 -1.61471e-02  1.26661e-02 -9.29053e-02  4.38767e-03  5.36020e-03  1.64452e-01
 2.45000e+01  1.64405e-01 -1.54385e-02  1.28911e-02 -9.39048e-02  4.82061e-03  5.16339e-03  1.61877e-01
 2.50000e+01  1.55352e-01 -1.47159e-02  1.29886e-02 -9.47260e-02  5.16623e-03  4.97874e-03  1.59307e-01
 2.55000e+01  1.46679e-01 -1.39849e-02  1.29710e-02 -9.53434e-02  5.42761e-03  4.80592e-03  1.56740e-01
 2.60000e+01  1.38417e-01 -1.32508e-02  1.28519e-02 -9.57312e-02  5.60998e-03  4.64455e-03  1.54177e-01
 2.65000e+01  1.30591e-01 -1.25190e-02  1.26462e-02 -9.58645e-02  5.72024e-03  4.49411e-03  1.51619e-01
 2.70000e+01  1.23217e-01 -1.17944e-02  1.23690e-02 -9.57204e-02  5.76646e-03  4.35407e-03  1.49067e-01
 2.75000e+01  1.16309e-01 -1.10818e-02  1.20354e-02 -9.52793e-02  5.75742e-03  4.22381e-03  1.46525e-01
 2.80000e+01  1.09870e-01 -1.03856e-02  1.16597e-02 -9.45257e-02  5.70212e-03  4.10269e-03  1.43995e-01
 2.85000e+01  1.03900e-01 -9.70949e-03  1.12551e-02 -9.34501e-02  5.60944e-03  3.99005e-03  1.41484e-01
 2.90000e+01  9.83929e-02 -9.05702e-03  1.08335e-02 -9.20496e-02  5.48782e-03  3.88522e-03  1.38998e-01
 2.95000e+01  9.33367e-02 -8.43099e-03  1.04054e-02 -9.03288e-02  5.34501e-03  3.78754e-03  1.36546e-01
 3.00000e+01  8.87166e-02 -7.83369e-03  9.97939e-03 -8.83002e-02  5.18789e-03  3.69637e-03  1.34135e-01
 3.05000e+01  8.45137e-02 -7.26684e-03  9.56275e-03 -8.59842e-02  5.02242e-03  3.61111e-03  1.31776e-01
 3.10000e+01  8.07068e-02 -6.73160e-03  9.16106e-03 -8.34081e-02  4.85358e-03  3.53120e-03  1.29478e-01
 3.15000e+01  7.72730e-02 -6.22860e-03  8.77845e-03 -8.06051e-02  4.68539e-03  3.45612e-03  1.27251e-01
 3.20000e+01  7.41879e-02 -5.75795e-03  8.41778e-03 -7.76130e-02  4.52096e-03  3.38540e-03  1.25102e-01
 3.25000e+01  7.14271e-02 -5.31933e-03  8.08080e-03 -7.44722e-02  4.36260e-03  3.31863e-03  1.23040e-01
 3.30000e+01  6.89660e-02 -4.91203e-03  7.76828e-03 -7.12239e-02  4.21192e-03  3.25544e-03  1.21070e-01
 3.35000e+01  6.67808e-02 -4.53497e-03  7.48026e-03 -6.79082e-02  4.06989e-03  3.19552e-03  1.19195e-01
 3.40000e+01  6.48487e-02 -4.18681e-03  7.21617e-03 -6.45628e-02  3.93702e-03  3.13862e-03  1.17417e-01
 3.45000e+01  6.31480e-02 -3.86602e-03  6.97500e-03 -6.12216e-02  3.81340e-03  3.08451e-03  1.15735e-01
 3.50000e+01  6.16585e-02 -3.57089e-03  6.75542e-03 -5.79139e-02  3.69883e-03  3.03301e-03  1.14147e-01
 3.55000e+01  6.03618e-02 -3.29962e-03  6.55590e-03 -5.46641e-02  3.59289e-03  2.98399e-03  1.12648e-01
 3.60000e+01  5.92405e-02 -3.05037e-03  6.37481e-03 -5.14912e-02  3.49501e-03  2.93733e-03  1.11233e-01
 3.65000e+01  5.82792e-02 -2.82129e-03  6.21047e-03 -4.84098e-02  3.40452e-03  2.89295e-03  1.09896e-01
 3.70000e+01  5.74638e-02 -2.61057e-03  6.06125e-03 -4.54299e-02  3.32071e-03  2.85078e-03  1.08629e-01
 3.75000e+01  5.67812e-02 -2.41648e-03  5.92553e-03 -4.25577e-02  3.24285e-03  2.81079e-03  1.07426e-01
 3.80000e+01  5.62198e-02 -2.23734e-03  5.80182e-03 -3.97964e-02  3.17025e-03  2.77292e-03  1.06279e-01
 3.85000e+01  5.57688e-02 -2.07163e-03  5.68871e-03 -3.71467e-02  3.10221e-03  2.73716e-03  1.05183e-01
 3.90000e+01  5.54183e-02 -1.91790e-03  5.58494e-03 -3.46078e-02  3.03813e-03  2.70348e-03  1.04131e-01
 3.95000e+01  5.51591e-02 -1.77487e-03  5.48933e-03 -3.21773e-02  2.97744e-03  2.67186e-03  1.03118e-01
 4.00000e+01  5.49825e-02 -1.64137e-03  5.40088e-03 -2.98525e-02  2.91964e-03  2.64228e-03  1.02141e-01
 4.05000e+01  5.48803e-02 -1.51634e-03  5.31868e-03 -2.76300e-02  2.86432e-03  2.61472e-03  1.01196e-01
 4.10000e+01  5.48446e-02 -1.39888e-03  5.24195e-03 -2.55064e-02  2.81113e-03  2.58913e-03  1.00282e-01
 4.15000e+01  5.48675e-02 -1.28819e-03  5.17005e-03 -2.34783e-02  2.75982e-03  2.56550e-03  9.93969e-02
 4.20000e+01  5.49417e-02 -1.18358e-03  5.10244e-03 -2.15424e-02  2.71018e-03  2.54376e-03  9.85412e-02
 4.25000e+01  5.50596e-02 -1.08444e-03  5.03871e-03 -1.96958e-02  2.66211e-03  2.52388e-03  9.77156e-02
 4.30000e+01  5.52139e-02 -9.90266e-04  4.97855e-03 -1.79351e-02  2.61558e-03  2.50579e-03  9.69215e-02
 4.35000e+01  5.53973e-02 -9.00613e-04  4.92175e-03 -1.62574e-02  2.57062e-03  2.48943e-03  9.61612e-02
 4.40000e+01  5.56027e-02 -8.15096e-04  4.86820e-03 -1.46593e-02  2.52735e-03  2.47473e-03  9.54374e-02
 4.45000e+01  5.58230e-02 -7.33373e-04  4.81789e-03 -1.31375e-02  2.48592e-03  2.46161e-03  9.47530e-02
 4.50000e+01  5.60514e-02 -6.55132e-04  4.77088e-03 -1.16881e-02  2.44656e-03  2.45000e-03  9.41117e-02
 4.55000e+01  5.62812e-02 -5.80083e-04  4.72728e-03 -1.03069e-02  2.40955e-03  2.43981e-03  9.35168e-02
 4.60000e+01  5.65060e-02 -5.07945e-04  4.68730e-03 -8.98922e-03  2.37519e-03  2.43097e-03  9.29722e-02
 4.65000e+01  5.67200e-02 -4.38438e-04  4.65115e-03 -7.72987e-03  2.34380e-03  2.42338e-03  9.24813e-02
 4.70000e+01  5.69175e-02 -3.71276e-04  4.61910e-03 -6.52307e-03  2.31573e-03  2.41699e-03  9.20478e-02
 4.75000e+01  5.70936e-02 -3.06164e-04  4.59139e-03 -5.36250e-03  2.29129e-03  2.41171e-03  9.16749e-02
 4.80000e+01  5.72440e-02 -2.42792e-04  4.56831e-03 -4.24135e-03  2.27082e-03  2.40748e-03  9.13654e-02
 4.85000e+01  5.73649e-02 -1.80834e-04  4.55007e-03 -3.15234e-03  2.25458e-03  2.40425e-03  9.11219e-02
 4.90000e+01  5.74534e-02 -1.19951e-04  4.53689e-03 -2.08780e-03  2.24280e-03  2.40198e-03  9.09465e-02
 4.95000e+01  5.75073e-02 -5.97934e-05  4.52891e-03 -1.03975e-03  2.23566e-03  2.40063e-03  9.08407e-02
 5.00000e+01  5.75255e-02  1.62383e-15  4.52625e-03  2.82280e-14  2.23327e-03  2.40018e-03  9.08053e-02
 5.05000e+01  5.75073e-02  5.97934e-05  4.52891e-03  1.03975e-03  2.23566e-03  2.40063e-03  9.08407e-02
 5.10000e+01  5.74534e-02  1.19951e-04  4.53689e-03  2.08780e-03  2.24280e-03  2.40198e-03  9.09465e-02
 5.15000e+01  5.73649e-02  1.80834e-04  4.55007e-03  3.15234e-03  2.25458e-03  2.40425e-03  9.11219e-02
 5.20000e+01  5.72440e-02  2.42792e-04  4.56831e-03  4.24135e-03  2.27082e-03  2.40748e-03  9.13654e-02
 5.25000e+01  5.70936e-02  3.06164e-04  4.59139e-03  5.36250e-03  2.29129e-03  2.41171e-03  9.16749e-02
 5.30000e+01  5.69175e-02  3.71276e-04  4.61910e-03  6.52307e-03  2.31573e-03  2.41699e-03  9.20478e-02
 5.35000e+01  5.67200e-02  4.38438e-04  4.65115e-03  7.72987e-03  2.34380e-03  2.42338e-03  9.24813e-02
 5.40000e+01  5.65060e-02  5.07945e-04  4.68730e-03  8.98922e-03  2.37519e-03  2.43097e-03  9.29722e-02
 5.45000e+01  5.62812e-02  5.80083e-04  4.72728e-03  1.03069e-02  2.40955e-03  2.43981e-03  9.35168e-02
 5.50000e+01  5.60514e-02  6.55132e-04  4.77088e-03  1.16881e-02  2.44656e-03  2.45000e-03  9.41117e-02
 5.55000e+01  5.58230e-02  7.33373e-04  4.81789e-03  1.31375e-02  2.48592e-03  2.46161e-03  9.47530e-02
 5.60000e+01  5.56027e-02  8.15096e-04  4.86820e-03  1.46593e-02  2.52735e-03  2.47473e-03  9.54374e-02
 5.65000e+01  5.53973e-02  9.00613e-04  4.92175e-03  1.62574e-02  2.57062e-03  2.48943e-03  9.61612e-02
 5.70000e+01  5.52139e-02  9.90266e-04  4.97855e-03  1.79351e-02  2.61558e-03  2.50579e-03  9.69215e-02
 5.75000e+01  5.50596e-02  1.08444e-03  5.03871e-03  1.96958e-02  2.66211e-03  2.52388e-03  9.77156e-02
 5.80000e+01  5.49417e-02  1.18358e-03  5.10244e-03  2.15424e-02  2.71018e-03  2.54376e-03  9.85412e-02
 5.85000e+01  5.48675e-02  1.28819e-03  5.17005e-03  2.34783e-02  2.75982e-03  2.56550e-03  9.93969e-02
 5.90000e+01  5.48446e-02  1.39888e-03  5.24195e-03  2.55064e-02  2.81113e-03  2.58913e-03  1.00282e-01
 5.95000e+01  5.48803e-02  1.51634e-03  5.31868e-03  2.76300e-02  2.86432e-03  2.61472e-03  1.01196e-01
 6.00000e+01  5.49825e-02  1.64137e-03  5.40088e-03  2.98525e-02  2.91964e-03  2.64228e-03  1.02141e-01
 6.05000e+01  5.51591e-02  1.77487e-03  5.48933e-03  3.21773e-02  2.97744e-03  2.67186e-03  1.03118e-01
 6.10000e+01  5.54183e-02  1.91790e-03  5.58494e-03  3.46078e-02  3.03813e-03  2.70348e-03  1.04131e-01
 6.15000e+01  5.57688e-02  2.07163e-03  5.68871e-03  3.71467e-02  3.10221e-03  2.73716e-03  1.05183e-01
 6.20000e+01  5.62198e-02  2.23734e-03  5.80182e-03  3.97964e-02  3.17025e-03  2.77292e-03  1.06279e-01
 6.25000e+01  5.67812e-02  2.41648e-03  5.92553e-03  4.25577e-02  3.24285e-03  2.81079e-03  1.07426e-01
 6.30000e+01  5.74638e-02  2.61057e-03  6.06125e-03  4.54299e-02  3.32071e-03  2.85078e-03  1.08629e-01
 6.35000e+01  5.82792e-02  2.82129e-03  6.21047e-03  4.84098e-02  3.40452e-03  2.89295e-03  1.09896e-01
 6.40000e+01  5.92405e-02  3.05037e-03  6.37481e-03  5.14912e-02  3.49501e-03  2.93733e-03  1.11233e-01
 6.45000e+01  6.03618e-02  3.29962e-03  6.55590e-03  5.46641e-02  3.59289e-03  2.98399e-03  1.12648e-01
 6.50000e+01  6.16585e-02  3.57089e-03  6.75542e-03  5.79139e-02  3.69883e-03  3.03301e-03  1.14147e-01
 6.55000e+01  6.31480e-02  3.86602e-03  6.97500e-03  6.12216e-02  3.81340e-03  3.08451e-03  1.15735e-01
 6.60000e+01  6.48487e-02  4.18681e-03  7.21617e-03  6.45628e-02  3.93702e-03  3.13862e-03  1.17417e-01
 6.65000e+01  6.67808e-02  4.53497e-03  7.48026e-03  6.79082e-02  4.06989e-03  3.19552e-03  1.19195e-01
 6.70000e+01  6.89660e-02  4.91203e-03  7.76828e-03  7.12239e-02  4.21192e-03  3.25544e-03  1.21070e-01
 6.75000e+01  7.14271e-02  5.31933e-03  8.08080e-03  7.44722e-02  4.36260e-03  3.31863e-03  1.23040e-01
 6.80000e+01  7.41879e-02  5.75795e-03  8.41778e-03  7.76130e-02  4.52096e-03  3.38540e-03  1.25102e-01
 6.85000e+01  7.72730e-02  6.22860e-03  8.77845e-03  8.06051e-02  4.68539e-03  3.45612e-03  1.27251e-01
 6.90000e+01  8.07068e-02  6.73160e-03  9.16106e-03  8.34081e-02  4.85358e-03  3.53120e-03  1.29478e-01
 6.95000e+01  8.45137e-02  7.26684e-03  9.56275e-03  8.59842e-02  5.02242e-03  3.61111e-03  1.31776e-01
 7.00000e+01  8.87166e-02  7.83369e-03  9.97939e-03  8.83002e-02  5.18789e-03  3.69637e-03  1.34135e-01
 7.05000e+01  9.33367e-02  8.43099e-03  1.04054e-02  9.03288e-02  5.34501e-03  3.78754e-03  1.36546e-01
 7.10000e+01  9.83929e-02  9.05702e-03  1.08335e-02  9.20496e-02  5.48782e-03  3.88522e-03  1.38998e-01
 7.15000e+01  1.03900e-01  9.70949e-03  1.12551e-02  9.34501e-02  5.60944e-03  3.99005e-03  1.41484e-01
 7.20000e+01  1.09870e-01  1.03856e-02  1.16597e-02  9.45257e-02  5.70212e-03  4.10269e-03  1.43995e-01
 7.25000e+01  1.16309e-01  1.10818e-02  1.20354e-02  9.52793e-02  5.75742e-03  4.22381e-03  1.46525e-01
 7.30000e+01  1.23217e-01  1.17944e-02  1.23690e-02  9.57204e-02  5.76646e-03  4.35407e-03  1.49067e-01
 7.35000e+01  1.30591e-01  1.25190e-02  1.26462e-02  9.58645e-02  5.72024e-03  4.49411e-03  1.51619e-01
 7.40000e+01  1.38417e-01  1.32508e-02  1.28519e-02  9.57312e-02  5.60998e-03  4.64455e-03  1.54177e-01
 7.45000e+01  1.46679e-01  1.39849e-02  1.29710e-02  9.53434e-02  5.42761e-03  4.80592e-03  1.56740e-01
 7.50000e+01  1.55352e-01  1.47159e-02  1.29886e-02  9.47260e-02  5.16623e-03  4.97874e-03  1.59307e-01
 7.55000e+01  1.64405e-01  1.54385e-02  1.28911e-02  9.39048e-02  4.82061e-03  5.16339e-03  1.61877e-01
 7.60000e+01  1.73802e-01  1.61471e-02  1.26661e-02  9.29053e-02  4.38767e-03  5.36020e-03  1.64452e-01
 7.65000e+01  1.83498e-01  1.68363e-02  1.23038e-02  9.17522e-02  3.86689e-03  5.56939e-03  1.67033e-01
 7.70000e+01  1.93446e-01  1.75009e-02  1.17971e-02  9.04690e-02  3.26070e-03  5.79103e-03  1.69620e-01
 7.75000e+01  2.03594e-01  1.81356e-02  1.11424e-02  8.90771e-02  2.57471e-03  6.02512e-03  1.72215e-01
 7.80000e+01  2.13886e-01  1.87356e-02  1.03401e-02  8.75961e-02  1.81780e-03  6.27151e-03  1.74820e-01
 7.85000e+01  2.24264e-01  1.92964e-02  9.39438e-03  8.60433e-02  1.00208e-03  6.52993e-03  1.77436e-01
 7.90000e+01  2.34666e-01  1.98138e-02  8.31396e-03  8.44340e-02  1.42699e-04  6.80000e-03  1.80063e-01
 7.95000e+01  2.45033e-01  2.02841e-02  7.11158e-03  8.27813e-02 -7.42554e-04  7.08121e-03  1.82704e-01
 8.00000e+01  2.55303e-01  2.07042e-02  5.80400e-03  8.10964e-02 -1.63375e-03  7.37295e-03  1.85358e-01
 8.05000e+01  2.65419e-01  2.10711e-02  4.41150e-03  7.93883e-02 -2.50945e-03  7.67449e-03  1.88026e-01
 8.10000e+01  2.75322e-01  2.13828e-02  2.95735e-03  7.76648e-02 -3.34746e-03  7.98503e-03  1.90709e-01
 8.15000e+01  2.84959e-01  2.16374e-02  1.46714e-03  7.59318e-02 -4.12562e-03  8.30367e-03  1.93405e-01
 8.20000e+01  2.94281e-01  2.18338e-02 -3.20474e-05  7.41937e-02 -4.82254e-03  8.62946e-03  1.96115e-01
 8.25000e+01  3.03242e-01  2.19711e-02 -1.51240e-03  7.24539e-02 -5.41843e-03  8.96135e-03  1.98836e-01
 8.30000e+01  3.11803e-01  2.20490e-02 -2.94630e-03  7.07145e-02 -5.89572e-03  9.29830e-03  2.01569e-01
 8.35000e+01  3.19928e-01  2.20676e-02 -4.30709e-03  6.89767e-02 -6.23969e-03  9.63919e-03  2.04311e-01
 8.40000e+01  3.27591e-01  2.20274e-02 -5.56991e-03  6.72407e-02 -6.43887e-03  9.98290e-03  2.07059e-01
 8.45000e+01  3.34767e-01  2.19293e-02 -6.71233e-03  6.55061e-02 -6.48531e-03  1.03283e-02  2.09811e-01
 8.50000e+01  3.41440e-01  2.17742e-02 -7.71493e-03  6.37717e-02 -6.37478e-03  1.06742e-02  2.12563e-01
 8.55000e+01  3.47601e-01  2.15637e-02 -8.56181e-03  6.20357e-02 -6.10668e-03  1.10196e-02  2.15313e-01
 8.60000e+01  3.53244e-01  2.12992e-02 -9.24078e-03  6.02960e-02 -5.68391e-03  1.13633e-02  2.18056e-01
 8.65000e+01  3.58370e-01  2.09825e-02 -9.74366e-03  5.85499e-02 -5.11258e-03  1.17042e-02  2.20787e-01
 8.70000e+01  3.62985e-01  2.06156e-02 -1.00662e-02  5.67945e-02 -4.40168e-03  1.20412e-02  2.23502e-01
 8.75000e+01  3.67101e-01  2.02003e-02 -1.02081e-02  5.50266e-02 -3.56260e-03  1.23734e-02  2.26196e-01
 8.80000e+01  3.70732e-01  1.97388e-02 -1.01726e-02  5.32427e-02 -2.60866e-03  1.26998e-02  2.28862e-01
 8.85000e+01  3.73899e-01  1.92332e-02 -9.96663e-03  5.14395e-02 -1.55468e-03  1.30194e-02  2.31495e-01
 8.90000e+01  3.76622e-01  1.86855e-02 -9.59986e-03  4.96133e-02 -4.16441e-04  1.33313e-02  2.34089e-01
 8.95000e+01  3.78929e-01  1.80979e-02 -9.08474e-03  4.77606e-02  7.89693e-04  1.36347e-02  2.36636e-01
 9.00000e+01  3.80846e-01  1.74725e-02 -8.43588e-03  4.58781e-02  2.04722e-03  1.39288e-02  2.39131e-01
 9.05000e+01  3.82404e-01  1.68114e-02 -7.66959e-03  4.39625e-02  3.33982e-03  1.42129e-02  2.41565e-01
 9.10000e+01  3.83633e-01  1.61167e-02 -6.80347e-03  4.20108e-02  4.65165e-03  1.44862e-02  2.43932e-01
 9.15000e+01  3.84565e-01  1.53904e-02 -5.85592e-03  4.00202e-02  5.96761e-03  1.47481e-02  2.46225e-01
 9.20000e+01  3.85232e-01  1.46344e-02 -4.84577e-03  3.79885e-02  7.27346e-03  1.49980e-02  2.48436e-01
 9.25000e+01  3.85668e-01  1.38507e-02 -3.79190e-03  3.59136e-02  8.55599e-03  1.52354e-02  2.50557e-01
 9.30000e+01  3.85903e-01  1.30412e-02 -2.71287e-03  3.37941e-02  9.80311e-03  1.54596e-02  2.52582e-01
 9.35000e+01  3.85969e-01  1.22079e-02 -1.62671e-03  3.16292e-02  1.10038e-02  1.56703e-02  2.54503e-01
 9.40000e+01  3.85896e-01  1.13524e-02 -5.50590e-04  2.94183e-02  1.21484e-02  1.58670e-02  2.56313e-01
 9.45000e+01  3.85714e-01  1.04767e-02  4.99288e-04  2.71618e-02  1.32281e-02  1.60494e-02  2.58006e-01
 9.50000e+01  3.85450e-01  9.58248e-03  1.50789e-03  2.48605e-02  1.42352e-02  1.62170e-02  2.59575e-01
 9.55000e+01  3.85129e-01  8.67152e-03  2.46141e-03  2.25159e-02  1.51634e-02  1.63695e-02  2.61013e-01
 9.60000e+01  3.84776e-01  7.74556e-03  3.34741e-03  2.01301e-02  1.60068e-02  1.65068e-02  2.62317e-01
 9.65000e+01  3.84411e-01  6.80629e-03  4.15476e-03  1.77058e-02  1.67608e-02  1.66284e-02  2.63480e-01
 9.70000e+01  3.84055e-01  5.85543e-03  4.87375e-03  1.52463e-02  1.74214e-02  1.67343e-02  2.64497e-01
 9.75000e+01  3.83725e-01  4.89463e-03  5.49601e-03  1.27556e-02  1.79853e-02  1.68242e-02  2.65365e-01
 9.80000e+01  3.83434e-01  3.92559e-03  6.01455e-03  1.02380e-02  1.84500e-02  1.68979e-02  2.66080e-01
 9.85000e+01  3.83196e-01  2.94995e-03  6.42367e-03  7.69829e-03  1.88134e-02  1.69554e-02  2.66639e-01
 9.90000e+01  3.83019e-01  1.96937e-03  6.71900e-03  5.14172e-03  1.90740e-02  1.69965e-02  2.67040e-01
 9.95000e+01  3.82909e-01  9.85509e-04  6.89743e-03  2.57374e-03  1.92308e-02  1.70212e-02  2.67282e-01
