 0.00000e+00  1.64717e-01 -3.34173e-16  5.25044e-03 -2.02877e-15 -1.28646e-03 -1.28549e-03  1.31062e-01
 5.00000e-01  1.64717e-01  5.38489e-05  5.24929e-03  3.26917e-04 -1.28738e-03 -1.28424e-03  1.31057e-01
 1.00000e+00  1.64717e-01  1.08382e-04  5.24587e-03  6.57987e-04 -1.29010e-03 -1.28051e-03  1.31043e-01
 1.50000e+00  1.64716e-01  1.64284e-04  5.24022e-03  9.97377e-04 -1.29457e-03 -1.27437e-03  1.31020e-01
 2.00000e+00  1.64713e-01  2.22246e-04  5.23243e-03  1.34929e-03 -1.30070e-03 -1.26592e-03  1.30987e-01
 2.50000e+00  1.64708e-01  2.82964e-04  5.22261e-03  1.71797e-03 -1.30836e-03 -1.25528e-03  1.30944e-01
 3.00000e+00  1.64699e-01  3.47141e-04  5.21090e-03  2.10773e-03 -1.31737e-03 -1.24264e-03  1.30892e-01
 3.50000e+00  1.64684e-01  4.15489e-04  5.19750e-03  2.52294e-03 -1.32755e-03 -1.22819e-03  1.30830e-01
 4.00000e+00  1.64662e-01  4.88727e-04  5.18260e-03  2.96806e-03 -1.33865e-03 -1.21220e-03  1.30758e-01
 4.50000e+00  1.64631e-01  5.67582e-04  5.16643e-03  3.44761e-03 -1.35042e-03 -1.19491e-03  1.30675e-01
 5.00000e+00  1.64587e-01  6.52787e-04  5.14928e-03  3.96621e-03 -1.36256e-03 -1.17665e-03  1.30582e-01
 5.50000e+00  1.64530e-01  7.45079e-04  5.13142e-03  4.52853e-03 -1.37477e-03 -1.15772e-03  1.30479e-01
 6.00000e+00  1.64456e-01  8.45192e-04  5.11317e-03  5.13931e-03 -1.38670e-03 -1.13847e-03  1.30365e-01
 6.50000e+00  1.64364e-01  9.53858e-04  5.09487e-03  5.80331e-03 -1.39801e-03 -1.11927e-03  1.30241e-01
 7.00000e+00  1.64252e-01  1.07179e-03  5.07687e-03  6.52531e-03 -1.40833e-03 -1.10049e-03  1.30107e-01
 7.50000e+00  1.64116e-01  1.19970e-03  5.05955e-03  7.31008e-03 -1.41728e-03 -1.08251e-03  1.29963e-01
 8.00000e+00  1.63956e-01  1.33826e-03  5.04330e-03  8.16230e-03 -1.42447e-03 -1.06573e-03  1.29811e-01
 8.50000e+00  1.63769e-01  1.48809e-03  5.02850e-03  9.08655e-03 -1.42954e-03 -1.05053e-03  1.29649e-01
 9.00000e+00  1.63554e-01  1.64981e-03  5.01558e-03  1.00872e-02 -1.43210e-03 -1.03730e-03  1.29480e-01
 9.50000e+00  1.63311e-01  1.82393e-03  5.00494e-03  1.11684e-02 -1.43178e-03 -1.02640e-03  1.29305e-01
 1.00000e+01  1.63039e-01  2.01091e-03  4.99698e-03  1.23340e-02 -1.42824e-03 -1.01821e-03  1.29125e-01
 1.05000e+01  1.62737e-01  2.21114e-03  4.99212e-03  1.35872e-02 -1.42115e-03 -1.01307e-03  1.28942e-01
 1.10000e+01  1.62406e-01  2.42488e-03  4.99073e-03  1.49310e-02 -1.41020e-03 -1.01129e-03  1.28757e-01
 1.15000e+01  1.62048e-01  2.65230e-03  4.99321e-03  1.63674e-02 -1.39516e-03 -1.01315e-03  1.28574e-01
 1.20000e+01  1.61664e-01  2.89342e-03  4.99988e-03  1.78977e-02 -1.37579e-03 -1.01892e-03  1.28395e-01
 1.25000e+01  1.61257e-01  3.14814e-03  5.01109e-03  1.95224e-02 -1.35193e-03 -1.02879e-03  1.28222e-01
 1.30000e+01  1.60831e-01  3.41616e-03  5.02711e-03  2.12407e-02 -1.32349e-03 -1.04295e-03  1.28059e-01
 1.35000e+01  1.60388e-01  3.69705e-03  5.04818e-03  2.30506e-02 -1.29043e-03 -1.06151e-03  1.27909e-01
 1.40000e+01  1.59936e-01  3.99015e-03  5.07449e-03  2.49485e-02 -1.25278e-03 -1.08453e-03  1.27776e-01
 1.45000e+01  1.59478e-01  4.29462e-03  5.10617e-03  2.69292e-02 -1.21066e-03 -1.11202e-03  1.27664e-01
 1.50000e+01  1.59022e-01  4.60941e-03  5.14329e-03  2.89859e-02 -1.16429e-03 -1.14391e-03  1.27577e-01
 1.55000e+01  1.58576e-01  4.93322e-03  5.18582e-03  3.11094e-02 -1.11396e-03 -1.18009e-03  1.27519e-01
 1.60000e+01  1.58148e-01  5.26456e-03  5.23369e-03  3.32887e-02 -1.06006e-03 -1.22037e-03  1.27495e-01
 1.65000e+01  1.57747e-01  5.60168e-03  5.28671e-03  3.55105e-02 -1.00308e-03 -1.26447e-03  1.27507e-01
 1.70000e+01  1.57383e-01  5.94262e-03  5.34462e-03  3.77589e-02 -9.43627e-04 -1.31206e-03  1.27562e-01
 1.75000e+01  1.57067e-01  6.28520e-03  5.40705e-03  4.00161e-02 -8.82374e-04 -1.36275e-03  1.27661e-01
 1.80000e+01  1.56808e-01  6.62700e-03  5.47357e-03  4.22617e-02 -8.20103e-04 -1.41604e-03  1.27810e-01
 1.85000e+01  1.56620e-01  6.96544e-03  5.54362e-03  4.44734e-02 -7.57679e-04 -1.47139e-03  1.28010e-01
 1.90000e+01  1.56514e-01  7.29775e-03  5.61656e-03  4.66269e-02 -6.96039e-04 -1.52818e-03  1.28266e-01
 1.95000e+01  1.56501e-01  7.62102e-03  5.69169e-03  4.86962e-02 -6.36186e-04 -1.58575e-03  1.28580e-01
 2.00000e+01  1.56594e-01  7.93222e-03  5.76820e-03  5.06547e-02 -5.79170e-04 -1.64337e-03  1.28953e-01
 2.05000e+01  1.56804e-01  8.22825e-03  5.84524e-03  5.24748e-02 -5.26067e-04 -1.70027e-03  1.29387e-01
 2.10000e+01  1.57142e-01  8.50599e-03  5.92191e-03  5.41294e-02 -4.77966e-04 -1.75564e-03  1.29885e-01
 2.15000e+01  1.57619e-01  8.76232e-03  5.99725e-03  5.55919e-02 -4.35937e-04 -1.80866e-03  1.30445e-01
 2.20000e+01  1.58244e-01  8.99421e-03  6.07033e-03  5.68376e-02 -4.01014e-04 -1.85848e-03  1.31070e-01
 2.25000e+01  1.59027e-01  9.19873e-03  6.14019e-03  5.78440e-02 -3.74163e-04 -1.90426e-03  1.31758e-01
 2.30000e+01  1.59973e-01  9.37313e-03  6.20591e-03  5.85918e-02 -3.56260e-04 -1.94518e-03  1.32511e-01
 2.35000e+01  1.61091e-01  9.51491e-03  6.26661e-03  5.90656e-02 -3.48063e-04 -1.98046e-03  1.33328e-01
 2.40000e+01  1.62383e-01  9.62181e-03  6.32150e-03  5.92539e-02 -3.50183e-04 -2.00934e-03  1.34208e-01
 2.45000e+01  1.63852e-01  9.69192e-03  6.36986e-03  5.91504e-02 -3.63067e-04 -2.03114e-03  1.35152e-01
 2.50000e+01  1.65500e-01  9.72366e-03  6.41111e-03  5.87532e-02 -3.86974e-04 -2.04523e-03  1.36159e-01
 2.55000e+01  1.67326e-01  9.71588e-03  6.44476e-03  5.80657e-02 -4.21955e-04 -2.05108e-03  1.37228e-01
 2.60000e+01  1.69326e-01  9.66779e-03  6.47050e-03  5.70958e-02 -4.67846e-04 -2.04825e-03  1.38359e-01
 2.65000e+01  1.71496e-01  9.57908e-03  6.48816e-03  5.58559e-02 -5.24253e-04 -2.03639e-03  1.39553e-01
 2.70000e+01  1.73831e-01  9.44982e-03  6.49772e-03  5.43622e-02 -5.90556e-04 -2.01526e-03  1.40807e-01
 2.75000e+01  1.76321e-01  9.28055e-03  6.49933e-03  5.26343e-02 -6.65908e-04 -1.98473e-03  1.42121e-01
 2.80000e+01  1.78959e-01  9.07219e-03  6.49331e-03  5.06943e-02 -7.49248e-04 -1.94478e-03  1.43495e-01
 2.85000e+01  1.81732e-01  8.82605e-03  6.48013e-03  4.85662e-02 -8.39317e-04 -1.89547e-03  1.44927e-01
 2.90000e+01  1.84630e-01  8.54382e-03  6.46039e-03  4.62754e-02 -9.34679e-04 -1.83700e-03  1.46414e-01
 2.95000e+01  1.87639e-01  8.22749e-03  6.43483e-03  4.38474e-02 -1.03375e-03 -1.76965e-03  1.47955e-01
 3.00000e+01  1.90746e-01  7.87934e-03  6.40431e-03  4.13080e-02 -1.13483e-03 -1.69378e-03  1.49548e-01
 3.05000e+01  1.93937e-01  7.50191e-03  6.36976e-03  3.86821e-02 -1.23615e-03 -1.60983e-03  1.51188e-01
 3.10000e+01  1.97198e-01  7.09789e-03  6.33218e-03  3.59937e-02 -1.33589e-03 -1.51834e-03  1.52873e-01
 3.15000e+01  2.00514e-01  6.67016e-03  6.29259e-03  3.32653e-02 -1.43224e-03 -1.41987e-03  1.54598e-01
 3.20000e+01  2.03871e-01  6.22169e-03  6.25205e-03  3.05178e-02 -1.52344e-03 -1.31505e-03  1.56358e-01
 3.25000e+01  2.07254e-01  5.75549e-03  6.21158e-03  2.77702e-02 -1.60781e-03 -1.20455e-03  1.58150e-01
 3.30000e+01  2.10651e-01  5.27460e-03  6.17217e-03  2.50395e-02 -1.68380e-03 -1.08905e-03  1.59968e-01
 3.35000e+01  2.14047e-01  4.78203e-03  6.13473e-03  2.23410e-02 -1.75000e-03 -9.69264e-04  1.61805e-01
 3.40000e+01  2.17431e-01  4.28074e-03  6.10010e-03  1.96878e-02 -1.80520e-03 -8.45902e-04  1.63658e-01
 3.45000e+01  2.20791e-01  3.77359e-03  6.06902e-03  1.70913e-02 -1.84838e-03 -7.19676e-04  1.65519e-01
 3.50000e+01  2.24116e-01  3.26332e-03  6.04211e-03  1.45609e-02 -1.87875e-03 -5.91284e-04  1.67384e-01
 3.55000e+01  2.27396e-01  2.75254e-03  6.01986e-03  1.21046e-02 -1.89576e-03 -4.61407e-04  1.69246e-01
 3.60000e+01  2.30622e-01  2.24368e-03  6.00264e-03  9.72880e-03 -1.89906e-03 -3.30700e-04  1.71100e-01
 3.65000e+01  2.33786e-01  1.73901e-03  5.99070e-03  7.43845e-03 -1.88857e-03 -1.99788e-04  1.72941e-01
 3.70000e+01  2.36882e-01  1.24062e-03  5.98414e-03  5.23729e-03 -1.86440e-03 -6.92618e-05  1.74763e-01
 3.75000e+01  2.39904e-01  7.50408e-04  5.98296e-03  3.12796e-03 -1.82686e-03  6.03270e-05  1.76562e-01
 3.80000e+01  2.42845e-01  2.70070e-04  5.98705e-03  1.11211e-03 -1.77647e-03  1.88467e-04  1.78333e-01
 3.85000e+01  2.45703e-01 -1.98883e-04  5.99618e-03 -8.09444e-04 -1.71390e-03  3.14689e-04  1.80071e-01
 3.90000e+01  2.48474e-01 -6.55132e-04  6.01005e-03 -2.63662e-03 -1.63995e-03  4.38568e-04  1.81774e-01
 3.95000e+01  2.51155e-01 -1.09754e-03  6.02828e-03 -4.36998e-03 -1.55555e-03  5.59722e-04  1.83438e-01
 4.00000e+01  2.53745e-01 -1.52515e-03  6.05042e-03 -6.01058e-03 -1.46171e-03  6.77812e-04  1.85060e-01
 4.05000e+01  2.56243e-01 -1.93718e-03  6.07599e-03 -7.55995e-03 -1.35950e-03  7.92542e-04  1.86636e-01
 4.10000e+01  2.58648e-01 -2.33299e-03  6.10446e-03 -9.01995e-03 -1.25005e-03  9.03654e-04  1.88166e-01
 4.15000e+01  2.60961e-01 -2.71210e-03  6.13528e-03 -1.03927e-02 -1.13448e-03  1.01093e-03  1.89647e-01
 4.20000e+01  2.63182e-01 -3.07415e-03  6.16790e-03 -1.16807e-02 -1.01393e-03  1.11420e-03  1.91079e-01
 4.25000e+01  2.65313e-01 -3.41894e-03  6.20175e-03 -1.28864e-02 -8.89524e-04  1.21330e-03  1.92459e-01
 4.30000e+01  2.67355e-01 -3.74633e-03  6.23628e-03 -1.40126e-02 -7.62333e-04  1.30814e-03  1.93787e-01
 4.35000e+01  2.69310e-01 -4.05633e-03  6.27096e-03 -1.50619e-02 -6.33399e-04  1.39861e-03  1.95064e-01
 4.40000e+01  2.71181e-01 -4.34902e-03  6.30528e-03 -1.60373e-02 -5.03704e-04  1.48467e-03  1.96288e-01
 4.45000e+01  2.72969e-01 -4.62453e-03  6.33873e-03 -1.69416e-02 -3.74170e-04  1.56629e-03  1.97461e-01
 4.50000e+01  2.74678e-01 -4.88311e-03  6.37087e-03 -1.77776e-02 -2.45651e-04  1.64344e-03  1.98581e-01
 4.55000e+01  2.76310e-01 -5.12503e-03  6.40127e-03 -1.85481e-02 -1.18935e-04  1.71615e-03  1.99651e-01
 4.60000e+01  2.77867e-01 -5.35061e-03  6.42951e-03 -1.92560e-02  5.26400e-06  1.78443e-03  2.00671e-01
 4.65000e+01  2.79354e-01 -5.56023e-03  6.45525e-03 -1.99039e-02  1.26298e-04  1.84833e-03  2.01641e-01
 4.70000e+01  2.80772e-01 -5.75429e-03  6.47815e-03 -2.04945e-02  2.43586e-04  1.90790e-03  2.02563e-01
 4.75000e+01  2.82124e-01 -5.93321e-03  6.49790e-03 -2.10305e-02  3.56613e-04  1.96319e-03  2.03438e-01
 4.80000e+01  2.83415e-01 -6.09744e-03  6.51424e-03 -2.15142e-02  4.64923e-04  2.01428e-03  2.04266e-01
 4.85000e+01  2.84645e-01 -6.24744e-03  6.52691e-03 -2.19482e-02  5.68114e-04  2.06125e-03  2.05050e-01
 4.90000e+01  2.85818e-01 -6.38366e-03  6.53571e-03 -2.23347e-02  6.65837e-04  2.10418e-03  2.05790e-01
 4.95000e+01  2.86937e-01 -6.50658e-03  6.54043e-03 -2.26760e-02  7.57785e-04  2.14316e-03  2.06487e-01
 5.00000e+01  2.88004e-01 -6.61667e-03  6.54089e-03 -2.29742e-02  8.43692e-04  2.17828e-03  2.07144e-01
 5.05000e+01  2.89022e-01 -6.71441e-03  6.53695e-03 -2.32315e-02  9.23326e-04  2.20963e-03  2.07760e-01
 5.10000e+01  2.89992e-01 -6.80024e-03  6.52844e-03 -2.34497e-02  9.96482e-04  2.23731e-03  2.08337e-01
 5.15000e+01  2.90918e-01 -6.87463e-03  6.51525e-03 -2.36308e-02  1.06298e-03  2.26142e-03  2.08876e-01
 5.20000e+01  2.91800e-01 -6.93802e-03  6.49725e-03 -2.37766e-02  1.12264e-03  2.28204e-03  2.09377e-01
 5.25000e+01  2.92641e-01 -6.99086e-03  6.47433e-03 -2.38889e-02  1.17533e-03  2.29929e-03  2.09843e-01
 5.30000e+01  2.93442e-01 -7.03358e-03  6.44638e-03 -2.39692e-02  1.22089e-03  2.31326e-03  2.10274e-01
 5.35000e+01  2.94205e-01 -7.06659e-03  6.41329e-03 -2.40192e-02  1.25919e-03  2.32405e-03  2.10669e-01
 5.40000e+01  2.94931e-01 -7.09030e-03  6.37496e-03 -2.40405e-02  1.29006e-03  2.33177e-03  2.11031e-01
 5.45000e+01  2.95621e-01 -7.10511e-03  6.33129e-03 -2.40345e-02  1.31336e-03  2.33651e-03  2.11359e-01
 5.50000e+01  2.96275e-01 -7.11141e-03  6.28216e-03 -2.40027e-02  1.32892e-03  2.33838e-03  2.11653e-01
 5.55000e+01  2.96895e-01 -7.10958e-03  6.22748e-03 -2.39464e-02  1.33657e-03  2.33750e-03  2.11914e-01
 5.60000e+01  2.97481e-01 -7.09999e-03  6.16712e-03 -2.38671e-02  1.33610e-03  2.33397e-03  2.12141e-01
 5.65000e+01  2.98032e-01 -7.08299e-03  6.10098e-03 -2.37659e-02  1.32731e-03  2.32790e-03  2.12335e-01
 5.70000e+01  2.98549e-01 -7.05894e-03  6.02893e-03 -2.36442e-02  1.30996e-03  2.31942e-03  2.12495e-01
 5.75000e+01  2.99030e-01 -7.02817e-03  5.95084e-03 -2.35032e-02  1.28377e-03  2.30865e-03  2.12621e-01
 5.80000e+01  2.99477e-01 -6.99103e-03  5.86658e-03 -2.33441e-02  1.24847e-03  2.29571e-03  2.12711e-01
 5.85000e+01  2.99886e-01 -6.94783e-03  5.77603e-03 -2.31682e-02  1.20373e-03  2.28073e-03  2.12765e-01
 5.90000e+01  3.00258e-01 -6.89888e-03  5.67906e-03 -2.29765e-02  1.14921e-03  2.26385e-03  2.12781e-01
 5.95000e+01  3.00590e-01 -6.84449e-03  5.57554e-03 -2.27702e-02  1.08456e-03  2.24520e-03  2.12759e-01
 6.00000e+01  3.00881e-01 -6.78495e-03  5.46534e-03 -2.25503e-02  1.00936e-03  2.22493e-03  2.12697e-01
 6.05000e+01  3.01127e-01 -6.72053e-03  5.34835e-03 -2.23179e-02  9.23224e-04  2.20319e-03  2.12592e-01
 6.10000e+01  3.01327e-01 -6.65150e-03  5.22450e-03 -2.20740e-02  8.25712e-04  2.18011e-03  2.12444e-01
 6.15000e+01  3.01477e-01 -6.57810e-03  5.09369e-03 -2.18196e-02  7.16389e-04  2.15585e-03  2.12248e-01
 6.20000e+01  3.01573e-01 -6.50057e-03  4.95590e-03 -2.15555e-02  5.94818e-04  2.13055e-03  2.12004e-01
 6.25000e+01  3.01611e-01 -6.41911e-03  4.81112e-03 -2.12827e-02  4.60569e-04  2.10437e-03  2.11708e-01
 6.30000e+01  3.01587e-01 -6.33390e-03  4.65941e-03 -2.10019e-02  3.13232e-04  2.07745e-03  2.11358e-01
 6.35000e+01  3.01495e-01 -6.24512e-03  4.50087e-03 -2.07139e-02  1.52432e-04  2.04994e-03  2.10949e-01
 6.40000e+01  3.01329e-01 -6.15289e-03  4.33569e-03 -2.04191e-02 -2.21500e-05  2.02196e-03  2.10479e-01
 6.45000e+01  3.01085e-01 -6.05731e-03  4.16414e-03 -2.01183e-02 -2.10764e-04  1.99365e-03  2.09943e-01
 6.50000e+01  3.00754e-01 -5.95846e-03  3.98661e-03 -1.98118e-02 -4.13561e-04  1.96513e-03  2.09339e-01
 6.55000e+01  3.00329e-01 -5.85637e-03  3.80358e-03 -1.94998e-02 -6.30573e-04  1.93651e-03  2.08662e-01
 6.60000e+01  2.99802e-01 -5.75104e-03  3.61570e-03 -1.91828e-02 -8.61678e-04  1.90789e-03  2.07908e-01
 6.65000e+01  2.99166e-01 -5.64243e-03  3.42373e-03 -1.88606e-02 -1.10657e-03  1.87935e-03  2.07073e-01
 6.70000e+01  2.98409e-01 -5.53046e-03  3.22864e-03 -1.85331e-02 -1.36474e-03  1.85098e-03  2.06153e-01
 6.75000e+01  2.97524e-01 -5.41502e-03  3.03155e-03 -1.82003e-02 -1.63542e-03  1.82282e-03  2.05142e-01
 6.80000e+01  2.96499e-01 -5.29594e-03  2.83380e-03 -1.78616e-02 -1.91756e-03  1.79490e-03  2.04037e-01
 6.85000e+01  2.95323e-01 -5.17303e-03  2.63689e-03 -1.75165e-02 -2.20978e-03  1.76726e-03  2.02834e-01
 6.90000e+01  2.93985e-01 -5.04605e-03  2.44258e-03 -1.71643e-02 -2.51037e-03  1.73990e-03  2.01529e-01
 6.95000e+01  2.92474e-01 -4.91473e-03  2.25279e-03 -1.68040e-02 -2.81725e-03  1.71279e-03  2.00118e-01
 7.00000e+01  2.90777e-01 -4.77876e-03  2.06967e-03 -1.64344e-02 -3.12791e-03  1.68591e-03  1.98597e-01
 7.05000e+01  2.88883e-01 -4.63781e-03  1.89552e-03 -1.60543e-02 -3.43948e-03  1.65920e-03  1.96963e-01
 7.10000e+01  2.86777e-01 -4.49154e-03  1.73281e-03 -1.56621e-02 -3.74864e-03  1.63259e-03  1.95213e-01
 7.15000e+01  2.84449e-01 -4.33959e-03  1.58411e-03 -1.52561e-02 -4.05171e-03  1.60600e-03  1.93345e-01
 7.20000e+01  2.81886e-01 -4.18157e-03  1.45208e-03 -1.48343e-02 -4.34464e-03  1.57934e-03  1.91358e-01
 7.25000e+01  2.79075e-01 -4.01713e-03  1.33936e-03 -1.43944e-02 -4.62306e-03  1.55248e-03  1.89250e-01
 7.30000e+01  2.76006e-01 -3.84592e-03  1.24852e-03 -1.39342e-02 -4.88236e-03  1.52532e-03  1.87020e-01
 7.35000e+01  2.72668e-01 -3.66761e-03  1.18201e-03 -1.34508e-02 -5.11779e-03  1.49772e-03  1.84669e-01
 7.40000e+01  2.69051e-01 -3.48194e-03  1.14201e-03 -1.29416e-02 -5.32454e-03  1.46957e-03  1.82197e-01
 7.45000e+01  2.65147e-01 -3.28866e-03  1.13035e-03 -1.24032e-02 -5.49789e-03  1.44072e-03  1.79606e-01
 7.50000e+01  2.60948e-01 -3.08762e-03  1.14847e-03 -1.18323e-02 -5.63337e-03  1.41105e-03  1.76899e-01
 7.55000e+01  2.56450e-01 -2.87875e-03  1.19721e-03 -1.12254e-02 -5.72687e-03  1.38046e-03  1.74079e-01
 7.60000e+01  2.51649e-01 -2.66207e-03  1.27684e-03 -1.05785e-02 -5.77485e-03  1.34883e-03  1.71149e-01
 7.65000e+01  2.46545e-01 -2.43771e-03  1.38688e-03 -9.88749e-03 -5.77446e-03  1.31607e-03  1.68113e-01
 7.70000e+01  2.41138e-01 -2.20592e-03  1.52610e-03 -9.14796e-03 -5.72375e-03  1.28211e-03  1.64978e-01
 7.75000e+01  2.35433e-01 -1.96710e-03  1.69246e-03 -8.35523e-03 -5.62172e-03  1.24691e-03  1.61748e-01
 7.80000e+01  2.29437e-01 -1.72178e-03  1.88313e-03 -7.50435e-03 -5.46850e-03  1.21044e-03  1.58430e-01
 7.85000e+01  2.23160e-01 -1.47065e-03  2.09445e-03 -6.59010e-03 -5.26540e-03  1.17271e-03  1.55030e-01
 7.90000e+01  2.16615e-01 -1.21455e-03  2.32206e-03 -5.60696e-03 -5.01493e-03  1.13377e-03  1.51556e-01
 7.95000e+01  2.09818e-01 -9.54501e-04  2.56097e-03 -4.54918e-03 -4.72078e-03  1.09368e-03  1.48016e-01
 8.00000e+01  2.02789e-01 -6.91657e-04  2.80565e-03 -3.41072e-03 -4.38779e-03  1.05256e-03  1.44416e-01
 8.05000e+01  1.95550e-01 -4.27336e-04  3.05025e-03 -2.18530e-03 -4.02178e-03  1.01054e-03  1.40766e-01
 8.10000e+01  1.88127e-01 -1.62999e-04  3.28873e-03 -8.66428e-04 -3.62943e-03  9.67815e-04  1.37073e-01
 8.15000e+01  1.80549e-01  9.97636e-05  3.51509e-03  5.52558e-04 -3.21807e-03  9.24582e-04  1.33345e-01
 8.20000e+01  1.72845e-01  3.59246e-04  3.72358e-03  2.07844e-03 -2.79543e-03  8.81088e-04  1.29592e-01
 8.25000e+01  1.65049e-01  6.13651e-04  3.90888e-03  3.71800e-03 -2.36939e-03  8.37603e-04  1.25821e-01
 8.30000e+01  1.57195e-01  8.61110e-04  4.06631e-03  5.47797e-03 -1.94773e-03  7.94420e-04  1.22042e-01
 8.35000e+01  1.49321e-01  1.09972e-03  4.19199e-03  7.36478e-03 -1.53785e-03  7.51850e-04  1.18263e-01
 8.40000e+01  1.41463e-01  1.32755e-03  4.28300e-03  9.38442e-03 -1.14652e-03  7.10218e-04  1.14493e-01
 8.45000e+01  1.33659e-01  1.54271e-03  4.33744e-03  1.15421e-02 -7.79699e-04  6.69855e-04  1.10740e-01
 8.50000e+01  1.25946e-01  1.74335e-03  4.35452e-03  1.38421e-02 -4.42345e-04  6.31092e-04  1.07013e-01
 8.55000e+01  1.18361e-01  1.92772e-03  4.33453e-03  1.62868e-02 -1.38288e-04  5.94250e-04  1.03321e-01
 8.60000e+01  1.10940e-01  2.09418e-03  4.27884e-03  1.88768e-02  1.29831e-04  5.59638e-04  9.96725e-02
 8.65000e+01  1.03716e-01  2.24128e-03  4.18978e-03  2.16097e-02  3.60579e-04  5.27538e-04  9.60752e-02
 8.70000e+01  9.67221e-02  2.36772e-03  4.07051e-03  2.44796e-02  5.53691e-04  4.98204e-04  9.25378e-02
 8.75000e+01  8.99863e-02  2.47245e-03  3.92491e-03  2.74759e-02  7.09986e-04  4.71850e-04  8.90687e-02
 8.80000e+01  8.35346e-02  2.55467e-03  3.75736e-03  3.05821e-02  8.31242e-04  4.48648e-04  8.56762e-02
 8.85000e+01  7.73893e-02  2.61383e-03  3.57256e-03  3.37751e-02  9.20037e-04  4.28715e-04  8.23686e-02
 8.90000e+01  7.15688e-02  2.64972e-03  3.37538e-03  3.70233e-02  9.79576e-04  4.12116e-04  7.91543e-02
 8.95000e+01  6.60877e-02  2.66239e-03  3.17062e-03  4.02858e-02  1.01351e-03  3.98856e-04  7.60424e-02
 9.00000e+01  6.09562e-02  2.65226e-03  2.96293e-03  4.35109e-02  1.02575e-03  3.88877e-04  7.30425e-02
 9.05000e+01  5.61802e-02  2.62003e-03  2.75663e-03  4.66362e-02  1.02032e-03  3.82061e-04  7.01652e-02
 9.10000e+01  5.17615e-02  2.56674e-03  2.55565e-03  4.95879e-02  1.00119e-03  3.78227e-04  6.74233e-02
 9.15000e+01  4.76978e-02  2.49374e-03  2.36343e-03  5.22821e-02  9.72143e-04  3.77141e-04  6.48319e-02
 9.20000e+01  4.39827e-02  2.40264e-03  2.18290e-03  5.46269e-02  9.36725e-04  3.78515e-04  6.24091e-02
 9.25000e+01  4.06065e-02  2.29529e-03  2.01648e-03  5.65252e-02  8.98117e-04  3.82021e-04  6.01770e-02
 9.30000e+01  3.75562e-02  2.17375e-03  1.86602e-03  5.78800e-02  8.59096e-04  3.87301e-04  5.81616e-02
 9.35000e+01  3.48164e-02  2.04020e-03  1.73284e-03  5.85988e-02  8.21991e-04  3.93975e-04  5.63915e-02
 9.40000e+01  3.23698e-02  1.89687e-03  1.61768e-03  5.85999e-02  7.88631e-04  4.01660e-04  5.48965e-02
 9.45000e+01  3.01979e-02  1.74597e-03  1.52069e-03  5.78175e-02  7.60323e-04  4.09983e-04  5.37037e-02
 9.50000e+01  2.82820e-02  1.58960e-03  1.44143e-03  5.62053e-02  7.37821e-04  4.18590e-04  5.28323e-02
 9.55000e+01  2.66038e-02  1.42967e-03  1.37885e-03  5.37395e-02  7.21333e-04  4.27160e-04  5.22886e-02
 9.60000e+01  2.51461e-02  1.26785e-03  1.33135e-03  5.04195e-02  7.10559e-04  4.35415e-04  5.20604e-02
 9.65000e+01  2.38934e-02  1.10549e-03  1.29689e-03  4.62674e-02  7.04772e-04  4.43119e-04  5.21143e-02
 9.70000e+01  2.28324e-02  9.43596e-04  1.27315e-03  4.13271e-02  7.02950e-04  4.50083e-04  5.23955e-02
 9.75000e+01  2.19518e-02  7.82865e-04  1.25778e-03  3.56629e-02  7.03920e-04  4.56162e-04  5.28326e-02
 9.80000e+01  2.12426e-02  6.23649e-04  1.24850e-03  2.93584e-02  7.06513e-04  4.61247e-04  5.33441e-02
 9.85000e+01  2.06978e-02  4.66018e-04  1.24338e-03  2.25154e-02  7.09676e-04  4.65264e-04  5.38472e-02
 9.90000e+01  2.03121e-02  3.09796e-04  1.24084e-03  1.52518e-02  7.12554e-04  4.68163e-04  5.42672e-02
 9.95000e+01  2.00821e-02  1.54620e-04  1.23976e-03  7.69942e-03  7.14528e-04  4.69913e-04  5.45446e-02
 1.00000e+02  2.00056e-02 -1.94729e-15  1.23948e-03 -9.73371e-14  7.15227e-04  4.70498e-04  5.46415e-02
 1.00500e+02  2.00821e-02 -1.54620e-04  1.23976e-03 -7.69942e-03  7.14528e-04  4.69913e-04  5.45446e-02
 1.01000e+02  2.03121e-02 -3.09796e-04  1.24084e-03 -1.52518e-02  7.12554e-04  4.68163e-04  5.42672e-02
 1.01500e+02  2.06978e-02 -4.66018e-04  1.24338e-03 -2.25154e-02  7.09676e-04  4.65264e-04  5.38472e-02
 1.02000e+02  2.12426e-02 -6.23649e-04  1.24850e-03 -2.93584e-02  7.06513e-04  4.61247e-04  5.33441e-02
 1.02500e+02  2.19518e-02 -7.82865e-04  1.25778e-03 -3.56629e-02  7.03920e-04  4.56162e-04  5.28326e-02
 1.03000e+02  2.28324e-02 -9.43596e-04  1.27315e-03 -4.13271e-02  7.02950e-04  4.50083e-04  5.23955e-02
 1.03500e+02  2.38934e-02 -1.10549e-03  1.29689e-03 -4.62674e-02  7.04772e-04  4.43119e-04  5.21143e-02
 1.04000e+02  2.51461e-02 -1.26785e-03  1.33135e-03 -5.04195e-02  7.10559e-04  4.35415e-04  5.20604e-02
 1.04500e+02  2.66038e-02 -1.42967e-03  1.37885e-03 -5.37395e-02  7.21333e-04  4.27160e-04  5.22886e-02
 1.05000e+02  2.82820e-02 -1.58960e-03  1.44143e-03 -5.62053e-02  7.37821e-04  4.18590e-04  5.28323e-02
 1.05500e+02  3.01979e-02 -1.74597e-03  1.52069e-03 -5.78175e-02  7.60323e-04  4.09983e-04  5.37037e-02
 1.06000e+02  3.23698e-02 -1.89687e-03  1.61768e-03 -5.85999e-02  7.88631e-04  4.01660e-04  5.48965e-02
 1.06500e+02  3.48164e-02 -2.04020e-03  1.73284e-03 -5.85988e-02  8.21991e-04  3.93975e-04  5.63915e-02
 1.07000e+02  3.75562e-02 -2.17375e-03  1.86602e-03 -5.78800e-02  8.59096e-04  3.87301e-04  5.81616e-02
 1.07500e+02  4.06065e-02 -2.29529e-03  2.01648e-03 -5.65252e-02  8.98117e-04  3.82021e-04  6.01770e-02
 1.08000e+02  4.39827e-02 -2.40264e-03  2.18290e-03 -5.46269e-02  9.36725e-04  3.78515e-04  6.24091e-02
 1.08500e+02  4.76978e-02 -2.49374e-03  2.36343e-03 -5.22821e-02  9.72143e-04  3.77141e-04  6.48319e-02
 1.09000e+02  5.17615e-02 -2.56674e-03  2.55565e-03 -4.95879e-02  1.00119e-03  3.78227e-04  6.74233e-02
 1.09500e+02  5.61802e-02 -2.62003e-03  2.75663e-03 -4.66362e-02  1.02032e-03  3.82061e-04  7.01652e-02
 1.10000e+02  6.09562e-02 -2.65226e-03  2.96293e-03 -4.35109e-02  1.02575e-03  3.88877e-04  7.30425e-02
 1.10500e+02  6.60877e-02 -2.66239e-03  3.17062e-03 -4.02858e-02  1.01351e-03  3.98856e-04  7.60424e-02
 1.11000e+02  7.15688e-02 -2.64972e-03  3.37538e-03 -3.70233e-02  9.79576e-04  4.12116e-04  7.91543e-02
 1.11500e+02  7.73893e-02 -2.61383e-03  3.57256e-03 -3.37751e-02  9.20037e-04  4.28715e-04  8.23686e-02
 1.12000e+02  8.35346e-02 -2.55467e-03  3.75736e-03 -3.05821e-02  8.31242e-04  4.48648e-04  8.56762e-02
 1.12500e+02  8.99863e-02 -2.47245e-03  3.92491e-03 -2.74759e-02  7.09986e-04  4.71850e-04  8.90687e-02
 1.13000e+02  9.67221e-02 -2.36772e-03  4.07051e-03 -2.44796e-02  5.53691e-04  4.98204e-04  9.25378e-02
 1.13500e+02  1.03716e-01 -2.24128e-03  4.18978e-03 -2.16097e-02  3.60579e-04  5.27538e-04  9.60752e-02
 1.14000e+02  1.10940e-01 -2.09418e-03  4.27884e-03 -1.88768e-02  1.29831e-04  5.59638e-04  9.96725e-02
 1.14500e+02  1.18361e-01 -1.92772e-03  4.33453e-03 -1.62868e-02 -1.38288e-04  5.94250e-04  1.03321e-01
 1.15000e+02  1.25946e-01 -1.74335e-03  4.35452e-03 -1.38421e-02 -4.42345e-04  6.31092e-04  1.07013e-01
 1.15500e+02  1.33659e-01 -1.54271e-03  4.33744e-03 -1.15421e-02 -7.79699e-04  6.69855e-04  1.10740e-01
 1.16000e+02  1.41463e-01 -1.32755e-03  4.28300e-03 -9.38442e-03 -1.14652e-03  7.10218e-04  1.14493e-01
 1.16500e+02  1.49321e-01 -1.09972e-03  4.19199e-03 -7.36478e-03 -1.53785e-03  7.51850e-04  1.18263e-01
 1.17000e+02  1.57195e-01 -8.61110e-04  4.06631e-03 -5.47797e-03 -1.94773e-03  7.94420e-04  1.22042e-01
 1.17500e+02  1.65049e-01 -6.13651e-04  3.90888e-03 -3.71800e-03 -2.36939e-03  8.37603e-04  1.25821e-01
 1.18000e+02  1.72845e-01 -3.59246e-04  3.72358e-03 -2.07844e-03 -2.79543e-03  8.81088e-04  1.29592e-01
 1.18500e+02  1.80549e-01 -9.97636e-05  3.51509e-03 -5.52558e-04 -3.21807e-03  9.24582e-04  1.33345e-01
 1.19000e+02  1.88127e-01  1.62999e-04  3.28873e-03  8.66428e-04 -3.62943e-03  9.67815e-04  1.37073e-01
 1.19500e+02  1.95550e-01  4.27336e-04  3.05025e-03  2.18530e-03 -4.02178e-03  1.01054e-03  1.40766e-01
 1.20000e+02  2.02789e-01  6.91657e-04  2.80565e-03  3.41072e-03 -4.38779e-03  1.05256e-03  1.44416e-01
 1.20500e+02  2.09818e-01  9.54501e-04  2.56097e-03  4.54918e-03 -4.72078e-03  1.09368e-03  1.48016e-01
 1.21000e+02  2.16615e-01  1.21455e-03  2.32206e-03  5.60696e-03 -5.01493e-03  1.13377e-03  1.51556e-01
 1.21500e+02  2.23160e-01  1.47065e-03  2.09445e-03  6.59010e-03 -5.26540e-03  1.17271e-03  1.55030e-01
 1.22000e+02  2.29437e-01  1.72178e-03  1.88313e-03  7.50435e-03 -5.46850e-03  1.21044e-03  1.58430e-01
 1.22500e+02  2.35433e-01  1.96710e-03  1.69246e-03  8.35523e-03 -5.62172e-03  1.24691e-03  1.61748e-01
 1.23000e+02  2.41138e-01  2.20592e-03  1.52610e-03  9.14796e-03 -5.72375e-03  1.28211e-03  1.64978e-01
 1.23500e+02  2.46545e-01  2.43771e-03  1.38688e-03  9.88749e-03 -5.77446e-03  1.31607e-03  1.68113e-01
 1.24000e+02  2.51649e-01  2.66207e-03  1.27684e-03  1.05785e-02 -5.77485e-03  1.34883e-03  1.71149e-01
 1.24500e+02  2.56450e-01  2.87875e-03  1.19721e-03  1.12254e-02 -5.72687e-03  1.38046e-03  1.74079e-01
 1.25000e+02  2.60948e-01  3.08762e-03  1.14847e-03  1.18323e-02 -5.63337e-03  1.41105e-03  1.76899e-01
 1.25500e+02  2.65147e-01  3.28866e-03  1.13035e-03  1.24032e-02 -5.49789e-03  1.44072e-03  1.79606e-01
 1.26000e+02  2.69051e-01  3.48194e-03  1.14201e-03  1.29416e-02 -5.32454e-03  1.46957e-03  1.82197e-01
 1.26500e+02  2.72668e-01  3.66761e-03  1.18201e-03  1.34508e-02 -5.11779e-03  1.49772e-03  1.84669e-01
 1.27000e+02  2.76006e-01  3.84592e-03  1.24852e-03  1.39342e-02 -4.88236e-03  1.52532e-03  1.87020e-01
 1.27500e+02  2.79075e-01  4.01713e-03  1.33936e-03  1.43944e-02 -4.62306e-03  1.55248e-03  1.89250e-01
 1.28000e+02  2.81886e-01  4.18157e-03  1.45208e-03  1.48343e-02 -4.34464e-03  1.57934e-03  1.91358e-01
 1.28500e+02  2.84449e-01  4.33959e-03  1.58411e-03  1.52561e-02 -4.05171e-03  1.60600e-03  1.93345e-01
 1.29000e+02  2.86777e-01  4.49154e-03  1.73281e-03  1.56621e-02 -3.74864e-03  1.63259e-03  1.95213e-01
 1.29500e+02  2.88883e-01  4.63781e-03  1.89552e-03  1.60543e-02 -3.43948e-03  1.65920e-03  1.96963e-01
 1.30000e+02  2.90777e-01  4.77876e-03  2.06967e-03  1.64344e-02 -3.12791e-03  1.68591e-03  1.98597e-01
 1.30500e+02  2.92474e-01  4.91473e-03  2.25279e-03  1.68040e-02 -2.81725e-03  1.71279e-03  2.00118e-01
 1.31000e+02  2.93985e-01  5.04605e-03  2.44258e-03  1.71643e-02 -2.51037e-03  1.73990e-03  2.01529e-01
 1.31500e+02  2.95323e-01  5.17303e-03  2.63689e-03  1.75165e-02 -2.20978e-03  1.76726e-03  2.02834e-01
 1.32000e+02  2.96499e-01  5.29594e-03  2.83380e-03  1.78616e-02 -1.91756e-03  1.79490e-03  2.04037e-01
 1.32500e+02  2.97524e-01  5.41502e-03  3.03155e-03  1.82003e-02 -1.63542e-03  1.82282e-03  2.05142e-01
 1.33000e+02  2.98409e-01  5.53046e-03  3.22864e-03  1.85331e-02 -1.36474e-03  1.85098e-03  2.06153e-01
 1.33500e+02  2.99166e-01  5.64243e-03  3.42373e-03  1.88606e-02 -1.10657e-03  1.87935e-03  2.07073e-01
 1.34000e+02  2.99802e-01  5.75104e-03  3.61570e-03  1.91828e-02 -8.61678e-04  1.90789e-03  2.07908e-01
 1.34500e+02  3.00329e-01  5.85637e-03  3.80358e-03  1.94998e-02 -6.30573e-04  1.93651e-03  2.08662e-01
 1.35000e+02  3.00754e-01  5.95846e-03  3.98661e-03  1.98118e-02 -4.13561e-04  1.96513e-03  2.09339e-01
 1.35500e+02  3.01085e-01  6.05731e-03  4.16414e-03  2.01183e-02 -2.10764e-04  1.99365e-03  2.09943e-01
 1.36000e+02  3.01329e-01  6.15289e-03  4.33569e-03  2.04191e-02 -2.21500e-05  2.02196e-03  2.10479e-01
 1.36500e+02  3.01495e-01  6.24512e-03  4.50087e-03  2.07139e-02  1.52432e-04  2.04994e-03  2.10949e-01
 1.37000e+02  3.01587e-01  6.33390e-03  4.65941e-03  2.10019e-02  3.13232e-04  2.07745e-03  2.11358e-01
 1.37500e+02  3.01611e-01  6.41911e-03  4.81112e-03  2.12827e-02  4.60569e-04  2.10437e-03  2.11708e-01
 1.38000e+02  3.01573e-01  6.50057e-03  4.95590e-03  2.15555e-02  5.94818e-04  2.13055e-03  2.12004e-01
 1.38500e+02  3.01477e-01  6.57810e-03  5.09369e-03  2.18196e-02  7.16389e-04  2.15585e-03  2.12248e-01
 1.39000e+02  3.01327e-01  6.65150e-03  5.22450e-03  2.20740e-02  8.25712e-04  2.18011e-03  2.12444e-01
 1.39500e+02  3.01127e-01  6.72053e-03  5.34835e-03  2.23179e-02  9.23224e-04  2.20319e-03  2.12592e-01
 1.40000e+02  3.00881e-01  6.78495e-03  5.46534e-03  2.25503e-02  1.00936e-03  2.22493e-03  2.12697e-01
 1.40500e+02  3.00590e-01  6.84449e-03  5.57554e-03  2.27702e-02  1.08456e-03  2.24520e-03  2.12759e-01
 1.41000e+02  3.00258e-01  6.89888e-03  5.67906e-03  2.29765e-02  1.14921e-03  2.26385e-03  2.12781e-01
 1.41500e+02  2.99886e-01  6.94783e-03  5.77603e-03  2.31682e-02  1.20373e-03  2.28073e-03  2.12765e-01
 1.42000e+02  2.99477e-01  6.99103e-03  5.86658e-03  2.33441e-02  1.24847e-03  2.29571e-03  2.12711e-01
 1.42500e+02  2.99030e-01  7.02817e-03  5.95084e-03  2.35032e-02  1.28377e-03  2.30865e-03  2.12621e-01
 1.43000e+02  2.98549e-01  7.05894e-03  6.02893e-03  2.36442e-02  1.30996e-03  2.31942e-03  2.12495e-01
 1.43500e+02  2.98032e-01  7.08299e-03  6.10098e-03  2.37659e-02  1.32731e-03  2.32790e-03  2.12335e-01
 1.44000e+02  2.97481e-01  7.09999e-03  6.16712e-03  2.38671e-02  1.33610e-03  2.33397e-03  2.12141e-01
 1.44500e+02  2.96895e-01  7.10958e-03  6.22748e-03  2.39464e-02  1.33657e-03  2.33750e-03  2.11914e-01
 1.45000e+02  2.96275e-01  7.11141e-03  6.28216e-03  2.40027e-02  1.32892e-03  2.33838e-03  2.11653e-01
 1.45500e+02  2.95621e-01  7.10511e-03  6.33129e-03  2.40345e-02  1.31336e-03  2.33651e-03  2.11359e-01
 1.46000e+02  2.94931e-01  7.09030e-03  6.37496e-03  2.40405e-02  1.29006e-03  2.33177e-03  2.11031e-01
 1.46500e+02  2.94205e-01  7.06659e-03  6.41329e-03  2.40192e-02  1.25919e-03  2.32405e-03  2.10669e-01
 1.47000e+02  2.93442e-01  7.03358e-03  6.44638e-03  2.39692e-02  1.22089e-03  2.31326e-03  2.10274e-01
 1.47500e+02  2.92641e-01  6.99086e-03  6.47433e-03  2.38889e-02  1.17533e-03  2.29929e-03  2.09843e-01
 1.48000e+02  2.91800e-01  6.93802e-03  6.49725e-03  2.37766e-02  1.12264e-03  2.28204e-03  2.09377e-01
 1.48500e+02  2.90918e-01  6.87463e-03  6.51525e-03  2.36308e-02  1.06298e-03  2.26142e-03  2.08876e-01
 1.49000e+02  2.89992e-01  6.80024e-03  6.52844e-03  2.34497e-02  9.96482e-04  2.23731e-03  2.08337e-01
 1.49500e+02  2.89022e-01  6.71441e-03  6.53695e-03  2.32315e-02  9.23326e-04  2.20963e-03  2.07760e-01
 1.50000e+02  2.88004e-01  6.61667e-03  6.54089e-03  2.29742e-02  8.43692e-04  2.17828e-03  2.07144e-01
 1.50500e+02  2.86937e-01  6.50658e-03  6.54043e-03  2.26760e-02  7.57785e-04  2.14316e-03  2.06487e-01
 1.51000e+02  2.85818e-01  6.38366e-03  6.53571e-03  2.23347e-02  6.65837e-04  2.10418e-03  2.05790e-01
 1.51500e+02  2.84645e-01  6.24744e-03  6.52691e-03  2.19482e-02  5.68114e-04  2.06125e-03  2.05050e-01
 1.52000e+02  2.83415e-01  6.09744e-03  6.51424e-03  2.15142e-02  4.64923e-04  2.01428e-03  2.04266e-01
 1.52500e+02  2.82124e-01  5.93321e-03  6.49790e-03  2.10305e-02  3.56613e-04  1.96319e-03  2.03438e-01
 1.53000e+02  2.80772e-01  5.75429e-03  6.47815e-03  2.04945e-02  2.43586e-04  1.90790e-03  2.02563e-01
 1.53500e+02  2.79354e-01  5.56023e-03  6.45525e-03  1.99039e-02  1.26298e-04  1.84833e-03  2.01641e-01
 1.54000e+02  2.77867e-01  5.35061e-03  6.42951e-03  1.92560e-02  5.26400e-06  1.78443e-03  2.00671e-01
 1.54500e+02  2.76310e-01  5.12503e-03  6.40127e-03  1.85481e-02 -1.18935e-04  1.71615e-03  1.99651e-01
 1.55000e+02  2.74678e-01  4.88311e-03  6.37087e-03  1.77776e-02 -2.45651e-04  1.64344e-03  1.98581e-01
 1.55500e+02  2.72969e-01  4.62453e-03  6.33873e-03  1.69416e-02 -3.74170e-04  1.56629e-03  1.97461e-01
 1.56000e+02  2.71181e-01  4.34902e-03  6.30528e-03  1.60373e-02 -5.03704e-04  1.48467e-03  1.96288e-01
 1.56500e+02  2.69310e-01  4.05633e-03  6.27096e-03  1.50619e-02 -6.33399e-04  1.39861e-03  1.95064e-01
 1.57000e+02  2.67355e-01  3.74633e-03  6.23628e-03  1.40126e-02 -7.62333e-04  1.30814e-03  1.93787e-01
 1.57500e+02  2.65313e-01  3.41894e-03  6.20175e-03  1.28864e-02 -8.89524e-04  1.21330e-03  1.92459e-01
 1.58000e+02  2.63182e-01  3.07415e-03  6.16790e-03  1.16807e-02 -1.01393e-03  1.11420e-03  1.91079e-01
 1.58500e+02  2.60961e-01  2.71210e-03  6.13528e-03  1.03927e-02 -1.13448e-03  1.01093e-03  1.89647e-01
 1.59000e+02  2.58648e-01  2.33299e-03  6.10446e-03  9.01995e-03 -1.25005e-03  9.03654e-04  1.88166e-01
 1.59500e+02  2.56243e-01  1.93718e-03  6.07599e-03  7.55995e-03 -1.35950e-03  7.92542e-04  1.86636e-01
 1.60000e+02  2.53745e-01  1.52515e-03  6.05042e-03  6.01058e-03 -1.46171e-03  6.77812e-04  1.85060e-01
 1.60500e+02  2.51155e-01  1.09754e-03  6.02828e-03  4.36998e-03 -1.55555e-03  5.59722e-04  1.83438e-01
 1.61000e+02  2.48474e-01  6.55132e-04  6.01005e-03  2.63662e-03 -1.63995e-03  4.38568e-04  1.81774e-01
 1.61500e+02  2.45703e-01  1.98883e-04  5.99618e-03  8.09444e-04 -1.71390e-03  3.14689e-04  1.80071e-01
 1.62000e+02  2.42845e-01 -2.70070e-04  5.98705e-03 -1.11211e-03 -1.77647e-03  1.88467e-04  1.78333e-01
 1.62500e+02  2.39904e-01 -7.50408e-04  5.98296e-03 -3.12796e-03 -1.82686e-03  6.03270e-05  1.76562e-01
 1.63000e+02  2.36882e-01 -1.24062e-03  5.98414e-03 -5.23729e-03 -1.86440e-03 -6.92618e-05  1.74763e-01
 1.63500e+02  2.33786e-01 -1.73901e-03  5.99070e-03 -7.43845e-03 -1.88857e-03 -1.99788e-04  1.72941e-01
 1.64000e+02  2.30622e-01 -2.24368e-03  6.00264e-03 -9.72880e-03 -1.89906e-03 -3.30700e-04  1.71100e-01
 1.64500e+02  2.27396e-01 -2.75254e-03  6.01986e-03 -1.21046e-02 -1.89576e-03 -4.61407e-04  1.69246e-01
 1.65000e+02  2.24116e-01 -3.26332e-03  6.04211e-03 -1.45609e-02 -1.87875e-03 -5.91284e-04  1.67384e-01
 1.65500e+02  2.20791e-01 -3.77359e-03  6.06902e-03 -1.70913e-02 -1.84838e-03 -7.19676e-04  1.65519e-01
 1.66000e+02  2.17431e-01 -4.28074e-03  6.10010e-03 -1.96878e-02 -1.80520e-03 -8.45902e-04  1.63658e-01
 1.66500e+02  2.14047e-01 -4.78203e-03  6.13473e-03 -2.23410e-02 -1.75000e-03 -9.69264e-04  1.61805e-01
 1.67000e+02  2.10651e-01 -5.27460e-03  6.17217e-03 -2.50395e-02 -1.68380e-03 -1.08905e-03  1.59968e-01
 1.67500e+02  2.07254e-01 -5.75549e-03  6.21158e-03 -2.77702e-02 -1.60781e-03 -1.20455e-03  1.58150e-01
 1.68000e+02  2.03871e-01 -6.22169e-03  6.25205e-03 -3.05178e-02 -1.52344e-03 -1.31505e-03  1.56358e-01
 1.68500e+02  2.00514e-01 -6.67016e-03  6.29259e-03 -3.32653e-02 -1.43224e-03 -1.41987e-03  1.54598e-01
 1.69000e+02  1.97198e-01 -7.09789e-03  6.33218e-03 -3.59937e-02 -1.33589e-03 -1.51834e-03  1.52873e-01
 1.69500e+02  1.93937e-01 -7.50191e-03  6.36976e-03 -3.86821e-02 -1.23615e-03 -1.60983e-03  1.51188e-01
 1.70000e+02  1.90746e-01 -7.87934e-03  6.40431e-03 -4.13080e-02 -1.13483e-03 -1.69378e-03  1.49548e-01
 1.70500e+02  1.87639e-01 -8.22749e-03  6.43483e-03 -4.38474e-02 -1.03375e-03 -1.76965e-03  1.47955e-01
 1.71000e+02  1.84630e-01 -8.54382e-03  6.46039e-03 -4.62754e-02 -9.34679e-04 -1.83700e-03  1.46414e-01
 1.71500e+02  1.81732e-01 -8.82605e-03  6.48013e-03 -4.85662e-02 -8.39317e-04 -1.89547e-03  1.44927e-01
 1.72000e+02  1.78959e-01 -9.07219e-03  6.49331e-03 -5.06943e-02 -7.49248e-04 -1.94478e-03  1.43495e-01
 1.72500e+02  1.76321e-01 -9.28055e-03  6.49933e-03 -5.26343e-02 -6.65908e-04 -1.98473e-03  1.42121e-01
 1.73000e+02  1.73831e-01 -9.44982e-03  6.49772e-03 -5.43622e-02 -5.90556e-04 -2.01526e-03  1.40807e-01
 1.73500e+02  1.71496e-01 -9.57908e-03  6.48816e-03 -5.58559e-02 -5.24253e-04 -2.03639e-03  1.39553e-01
 1.74000e+02  1.69326e-01 -9.66779e-03  6.47050e-03 -5.70958e-02 -4.67846e-04 -2.04825e-03  1.38359e-01
 1.74500e+02  1.67326e-01 -9.71588e-03  6.44476e-03 -5.80657e-02 -4.21955e-04 -2.05108e-03  1.37228e-01
 1.75000e+02  1.65500e-01 -9.72366e-03  6.41111e-03 -5.87532e-02 -3.86974e-04 -2.04523e-03  1.36159e-01
 1.75500e+02  1.63852e-01 -9.69192e-03  6.36986e-03 -5.91504e-02 -3.63067e-04 -2.03114e-03  1.35152e-01
 1.76000e+02  1.62383e-01 -9.62181e-03  6.32150e-03 -5.92539e-02 -3.50183e-04 -2.00934e-03  1.34208e-01
 1.76500e+02  1.61091e-01 -9.51491e-03  6.26661e-03 -5.90656e-02 -3.48063e-04 -1.98046e-03  1.33328e-01
 1.77000e+02  1.59973e-01 -9.37313e-03  6.20591e-03 -5.85918e-02 -3.56260e-04 -1.94518e-03  1.32511e-01
 1.77500e+02  1.59027e-01 -9.19873e-03  6.14019e-03 -5.78440e-02 -3.74163e-04 -1.90426e-03  1.31758e-01
 1.78000e+02  1.58244e-01 -8.99421e-03  6.07033e-03 -5.68376e-02 -4.01014e-04 -1.85848e-03  1.31070e-01
 1.78500e+02  1.57619e-01 -8.76232e-03  5.99725e-03 -5.55919e-02 -4.35937e-04 -1.80866e-03  1.30445e-01
 1.79000e+02  1.57142e-01 -8.50599e-03  5.92191e-03 -5.41294e-02 -4.77966e-04 -1.75564e-03  1.29885e-01
 1.79500e+02  1.56804e-01 -8.22825e-03  5.84524e-03 -5.24748e-02 -5.26067e-04 -1.70027e-03  1.29387e-01
 1.80000e+02  1.56594e-01 -7.93222e-03  5.76820e-03 -5.06547e-02 -5.79170e-04 -1.64337e-03  1.28953e-01
 1.80500e+02  1.56501e-01 -7.62102e-03  5.69169e-03 -4.86962e-02 -6.36186e-04 -1.58575e-03  1.28580e-01
 1.81000e+02  1.56514e-01 -7.29775e-03  5.61656e-03 -4.66269e-02 -6.96039e-04 -1.52818e-03  1.28266e-01
 1.81500e+02  1.56620e-01 -6.96544e-03  5.54362e-03 -4.44734e-02 -7.57679e-04 -1.47139e-03  1.28010e-01
 1.82000e+02  1.56808e-01 -6.62700e-03  5.47357e-03 -4.22617e-02 -8.20103e-04 -1.41604e-03  1.27810e-01
 1.82500e+02  1.57067e-01 -6.28520e-03  5.40705e-03 -4.00161e-02 -8.82374e-04 -1.36275e-03  1.27661e-01
 1.83000e+02  1.57383e-01 -5.94262e-03  5.34462e-03 -3.77589e-02 -9.43627e-04 -1.31206e-03  1.27562e-01
 1.83500e+02  1.57747e-01 -5.60168e-03  5.28671e-03 -3.55105e-02 -1.00308e-03 -1.26447e-03  1.27507e-01
 1.84000e+02  1.58148e-01 -5.26456e-03  5.23369e-03 -3.32887e-02 -1.06006e-03 -1.22037e-03  1.27495e-01
 1.84500e+02  1.58576e-01 -4.93322e-03  5.18582e-03 -3.11094e-02 -1.11396e-03 -1.18009e-03  1.27519e-01
 1.85000e+02  1.59022e-01 -4.60941e-03  5.14329e-03 -2.89859e-02 -1.16429e-03 -1.14391e-03  1.27577e-01
 1.85500e+02  1.59478e-01 -4.29462e-03  5.10617e-03 -2.69292e-02 -1.21066e-03 -1.11202e-03  1.27664e-01
 1.86000e+02  1.59936e-01 -3.99015e-03  5.07449e-03 -2.49485e-02 -1.25278e-03 -1.08453e-03  1.27776e-01
 1.86500e+02  1.60388e-01 -3.69705e-03  5.04818e-03 -2.30506e-02 -1.29043e-03 -1.06151e-03  1.27909e-01
 1.87000e+02  1.60831e-01 -3.41616e-03  5.02711e-03 -2.12407e-02 -1.32349e-03 -1.04295e-03  1.28059e-01
 1.87500e+02  1.61257e-01 -3.14814e-03  5.01109e-03 -1.95224e-02 -1.35193e-03 -1.02879e-03  1.28222e-01
 1.88000e+02  1.61664e-01 -2.89342e-03  4.99988e-03 -1.78977e-02 -1.37579e-03 -1.01892e-03  1.28395e-01
 1.88500e+02  1.62048e-01 -2.65230e-03  4.99321e-03 -1.63674e-02 -1.39516e-03 -1.01315e-03  1.28574e-01
 1.89000e+02  1.62406e-01 -2.42488e-03  4.99073e-03 -1.49310e-02 -1.41020e-03 -1.01129e-03  1.28757e-01
 1.89500e+02  1.62737e-01 -2.21114e-03  4.99212e-03 -1.35872e-02 -1.42115e-03 -1.01307e-03  1.28942e-01
 1.90000e+02  1.63039e-01 -2.01091e-03  4.99698e-03 -1.23340e-02 -1.42824e-03 -1.01821e-03  1.29125e-01
 1.90500e+02  1.63311e-01 -1.82393e-03  5.00494e-03 -1.11684e-02 -1.43178e-03 -1.02640e-03  1.29305e-01
 1.91000e+02  1.63554e-01 -1.64981e-03  5.01558e-03 -1.00872e-02 -1.43210e-03 -1.03730e-03  1.29480e-01
 1.91500e+02  1.63769e-01 -1.48809e-03  5.02850e-03 -9.08655e-03 -1.42954e-03 -1.05053e-03  1.29649e-01
 1.92000e+02  1.63956e-01 -1.33826e-03  5.04330e-03 -8.16230e-03 -1.42447e-03 -1.06573e-03  1.29811e-01
 1.92500e+02  1.64116e-01 -1.19970e-03  5.05955e-03 -7.31008e-03 -1.41728e-03 -1.08251e-03  1.29963e-01
 1.93000e+02  1.64252e-01 -1.07179e-03  5.07687e-03 -6.52531e-03 -1.40833e-03 -1.10049e-03  1.30107e-01
 1.93500e+02  1.64364e-01 -9.53858e-04  5.09487e-03 -5.80331e-03 -1.39801e-03 -1.11927e-03  1.30241e-01
 1.94000e+02  1.64456e-01 -8.45192e-04  5.11317e-03 -5.13931e-03 -1.38670e-03 -1.13847e-03  1.30365e-01
 1.94500e+02  1.64530e-01 -7.45079e-04  5.13142e-03 -4.52853e-03 -1.37477e-03 -1.15772e-03  1.30479e-01
 1.95000e+02  1.64587e-01 -6.52787e-04  5.14928e-03 -3.96621e-03 -1.36256e-03 -1.17665e-03  1.30582e-01
 1.95500e+02  1.64631e-01 -5.67582e-04  5.16643e-03 -3.44761e-03 -1.35042e-03 -1.19491e-03  1.30675e-01
 1.96000e+02  1.64662e-01 -4.88727e-04  5.18260e-03 -2.96806e-03 -1.33865e-03 -1.21220e-03  1.30758e-01
 1.96500e+02  1.64684e-01 -4.15489e-04  5.19750e-03 -2.52294e-03 -1.32755e-03 -1.22819e-03  1.30830e-01
 1.97000e+02  1.64699e-01 -3.47141e-04  5.21090e-03 -2.10773e-03 -1.31737e-03 -1.24264e-03  1.30892e-01
 1.97500e+02  1.64708e-01 -2.82964e-04  5.22261e-03 -1.71797e-03 -1.30836e-03 -1.25528e-03  1.30944e-01
 1.98000e+02  1.64713e-01 -2.22246e-04  5.23243e-03 -1.34929e-03 -1.30070e-03 -1.26592e-03  1.30987e-01
 1.98500e+02  1.64716e-01 -1.64284e-04  5.24022e-03 -9.97377e-04 -1.29457e-03 -1.27437e-03  1.31020e-01
 1.99000e+02  1.64717e-01 -1.08382e-04  5.24587e-03 -6.57987e-04 -1.29010e-03 -1.28051e-03  1.31043e-01
 1.99500e+02  1.64717e-01 -5.38489e-05  5.24929e-03 -3.26917e-04 -1.28738e-03 -1.28424e-03  1.31057e-01
