 0.00000e+00  1.34664e-01  1.76527e-15  3.17867e-03  1.31087e-14 -1.71451e-03  2.15868e-04  1.05512e-01
 5.00000e-01  1.34574e-01  8.52203e-04  3.18942e-03  6.33258e-03 -1.70239e-03  2.10046e-04  1.05516e-01
 1.00000e+00  1.34308e-01  1.70033e-03  3.22148e-03  1.26600e-02 -1.66628e-03  1.92667e-04  1.05529e-01
 1.50000e+00  1.33871e-01  2.54029e-03  3.27422e-03  1.89757e-02 -1.60694e-03  1.63990e-04  1.05552e-01
 2.00000e+00  1.33274e-01  3.36788e-03  3.34668e-03  2.52705e-02 -1.52564e-03  1.24448e-04  1.05590e-01
 2.50000e+00  1.32531e-01  4.17885e-03  3.43747e-03  3.15310e-02 -1.42409e-03  7.46359e-05  1.05646e-01
 3.00000e+00  1.31663e-01  4.96878e-03  3.54493e-03  3.77387e-02 -1.30443e-03  1.53113e-05  1.05725e-01
 3.50000e+00  1.30690e-01  5.73315e-03  3.66707e-03  4.38684e-02 -1.16921e-03 -5.26192e-05  1.05833e-01
 4.00000e+00  1.29638e-01  6.46732e-03  3.80167e-03  4.98874e-02 -1.02126e-03 -1.28109e-04  1.05976e-01
 4.50000e+00  1.28536e-01  7.16650e-03  3.94632e-03  5.57548e-02 -8.63698e-04 -2.09988e-04  1.06159e-01
 5.00000e+00  1.27414e-01  7.82585e-03  4.09846e-03  6.14207e-02 -6.99816e-04 -2.96975e-04  1.06387e-01
 5.50000e+00  1.26304e-01  8.44050e-03  4.25549e-03  6.68267e-02 -5.33014e-04 -3.87702e-04  1.06664e-01
 6.00000e+00  1.25241e-01  9.00561e-03  4.41479e-03  7.19064e-02 -3.66721e-04 -4.80737e-04  1.06994e-01
 6.50000e+00  1.24257e-01  9.51647e-03  4.57378e-03  7.65867e-02 -2.04311e-04 -5.74605e-04  1.07378e-01
 7.00000e+00  1.23388e-01  9.96859e-03  4.73004e-03  8.07905e-02 -4.90283e-05 -6.67825e-04  1.07815e-01
 7.50000e+00  1.22666e-01  1.03578e-02  4.88128e-03  8.44393e-02  9.60850e-05 -7.58933e-04  1.08306e-01
 8.00000e+00  1.22121e-01  1.06804e-02  5.02546e-03  8.74575e-02  2.28253e-04 -8.46517e-04  1.08848e-01
 8.50000e+00  1.21783e-01  1.09333e-02  5.16079e-03  8.97767e-02  3.45020e-04 -9.29248e-04  1.09440e-01
 9.00000e+00  1.21677e-01  1.11140e-02  5.28578e-03  9.13401e-02  4.44289e-04 -1.00591e-03  1.10079e-01
 9.50000e+00  1.21824e-01  1.12208e-02  5.39923e-03  9.21068e-02  5.24354e-04 -1.07542e-03  1.10762e-01
 1.00000e+01  1.22241e-01  1.12529e-02  5.50029e-03  9.20552e-02  5.83917e-04 -1.13687e-03  1.11491e-01
 1.05000e+01  1.22942e-01  1.12105e-02  5.58840e-03  9.11855e-02  6.22092e-04 -1.18950e-03  1.12265e-01
 1.10000e+01  1.23933e-01  1.10945e-02  5.66333e-03  8.95203e-02  6.38409e-04 -1.23278e-03  1.13087e-01
 1.15000e+01  1.25219e-01  1.09070e-02  5.72512e-03  8.71037e-02  6.32803e-04 -1.26631e-03  1.13960e-01
 1.20000e+01  1.26797e-01  1.06508e-02  5.77412e-03  8.39990e-02  6.05609e-04 -1.28992e-03  1.14890e-01
 1.25000e+01  1.28662e-01  1.03296e-02  5.81091e-03  8.02850e-02  5.57551e-04 -1.30358e-03  1.15884e-01
 1.30000e+01  1.30804e-01  9.94786e-03  5.83635e-03  7.60514e-02  4.89727e-04 -1.30743e-03  1.16949e-01
 1.35000e+01  1.33210e-01  9.51053e-03  5.85152e-03  7.13948e-02  4.03597e-04 -1.30173e-03  1.18091e-01
 1.40000e+01  1.35864e-01  9.02319e-03  5.85774e-03  6.64134e-02  3.00956e-04 -1.28686e-03  1.19319e-01
 1.45000e+01  1.38747e-01  8.49178e-03  5.85648e-03  6.12033e-02  1.83904e-04 -1.26329e-03  1.20638e-01
 1.50000e+01  1.41839e-01  7.92248e-03  5.84937e-03  5.58553e-02  5.47961e-05 -1.23154e-03  1.22053e-01
 1.55000e+01  1.45120e-01  7.32164e-03  5.83813e-03  5.04523e-02 -8.38169e-05 -1.19220e-03  1.23567e-01
 1.60000e+01  1.48567e-01  6.69561e-03  5.82448e-03  4.50680e-02 -2.29268e-04 -1.14586e-03  1.25181e-01
 1.65000e+01  1.52158e-01  6.05069e-03  5.81006e-03  3.97658e-02 -3.78858e-04 -1.09314e-03  1.26895e-01
 1.70000e+01  1.55871e-01  5.39299e-03  5.79638e-03  3.45990e-02 -5.29944e-04 -1.03464e-03  1.28706e-01
 1.75000e+01  1.59686e-01  4.72840e-03  5.78474e-03  2.96107e-02 -6.80024e-04 -9.70966e-04  1.30608e-01
 1.80000e+01  1.63580e-01  4.06248e-03  5.77616e-03  2.48348e-02 -8.26809e-04 -9.02685e-04  1.32594e-01
 1.85000e+01  1.67535e-01  3.40041e-03  5.77136e-03  2.02967e-02 -9.68278e-04 -8.30348e-04  1.34656e-01
 1.90000e+01  1.71532e-01  2.74695e-03  5.77075e-03  1.60142e-02 -1.10271e-03 -7.54472e-04  1.36783e-01
 1.95000e+01  1.75554e-01  2.10642e-03  5.77448e-03  1.19987e-02 -1.22868e-03 -6.75546e-04  1.38965e-01
 2.00000e+01  1.79584e-01  1.48263e-03  5.78244e-03  8.25589e-03 -1.34509e-03 -5.94026e-04  1.41189e-01
 2.05000e+01  1.83608e-01  8.78914e-04  5.79432e-03  4.78689e-03 -1.45109e-03 -5.10337e-04  1.43444e-01
 2.10000e+01  1.87613e-01  2.98101e-04  5.80969e-03  1.58892e-03 -1.54610e-03 -4.24881e-04  1.45719e-01
 2.15000e+01  1.91585e-01 -2.57477e-04  5.82804e-03 -1.34393e-03 -1.62971e-03 -3.38029e-04  1.48003e-01
 2.20000e+01  1.95513e-01 -7.85969e-04  5.84884e-03 -4.02003e-03 -1.70171e-03 -2.50134e-04  1.50286e-01
 2.25000e+01  1.99388e-01 -1.28599e-03  5.87161e-03 -6.44969e-03 -1.76198e-03 -1.61527e-04  1.52557e-01
 2.30000e+01  2.03200e-01 -1.75659e-03  5.89591e-03 -8.64465e-03 -1.81053e-03 -7.25235e-05  1.54810e-01
 2.35000e+01  2.06941e-01 -2.19723e-03  5.92137e-03 -1.06177e-02 -1.84742e-03  1.65765e-05  1.57036e-01
 2.40000e+01  2.10604e-01 -2.60775e-03  5.94774e-03 -1.23823e-02 -1.87280e-03  1.05485e-04  1.59230e-01
 2.45000e+01  2.14182e-01 -2.98833e-03  5.97485e-03 -1.39522e-02 -1.88684e-03  1.93924e-04  1.61386e-01
 2.50000e+01  2.17671e-01 -3.33943e-03  6.00260e-03 -1.53416e-02 -1.88978e-03  2.81626e-04  1.63498e-01
 2.55000e+01  2.21065e-01 -3.66179e-03  6.03096e-03 -1.65643e-02 -1.88191e-03  3.68330e-04  1.65565e-01
 2.60000e+01  2.24361e-01 -3.95638e-03  6.05997e-03 -1.76340e-02 -1.86357e-03  4.53787e-04  1.67581e-01
 2.65000e+01  2.27555e-01 -4.22434e-03  6.08967e-03 -1.85640e-02 -1.83516e-03  5.37751e-04  1.69544e-01
 2.70000e+01  2.30645e-01 -4.46696e-03  6.12012e-03 -1.93673e-02 -1.79715e-03  6.19988e-04  1.71453e-01
 2.75000e+01  2.33628e-01 -4.68564e-03  6.15140e-03 -2.00560e-02 -1.75005e-03  7.00271e-04  1.73305e-01
 2.80000e+01  2.36504e-01 -4.88186e-03  6.18354e-03 -2.06418e-02 -1.69445e-03  7.78384e-04  1.75100e-01
 2.85000e+01  2.39271e-01 -5.05716e-03  6.21658e-03 -2.11357e-02 -1.63100e-03  8.54120e-04  1.76835e-01
 2.90000e+01  2.41929e-01 -5.21309e-03  6.25049e-03 -2.15480e-02 -1.56037e-03  9.27284e-04  1.78510e-01
 2.95000e+01  2.44478e-01 -5.35118e-03  6.28523e-03 -2.18882e-02 -1.48332e-03  9.97692e-04  1.80125e-01
 3.00000e+01  2.46920e-01 -5.47296e-03  6.32072e-03 -2.21649e-02 -1.40061e-03  1.06518e-03  1.81679e-01
 3.05000e+01  2.49254e-01 -5.57990e-03  6.35685e-03 -2.23864e-02 -1.31303e-03  1.12958e-03  1.83172e-01
 3.10000e+01  2.51482e-01 -5.67341e-03  6.39345e-03 -2.25599e-02 -1.22139e-03  1.19075e-03  1.84604e-01
 3.15000e+01  2.53607e-01 -5.75482e-03  6.43037e-03 -2.26919e-02 -1.12651e-03  1.24858e-03  1.85975e-01
 3.20000e+01  2.55629e-01 -5.82540e-03  6.46740e-03 -2.27885e-02 -1.02918e-03  1.30294e-03  1.87286e-01
 3.25000e+01  2.57551e-01 -5.88629e-03  6.50434e-03 -2.28549e-02 -9.30182e-04  1.35374e-03  1.88537e-01
 3.30000e+01  2.59376e-01 -5.93856e-03  6.54096e-03 -2.28956e-02 -8.30274e-04  1.40090e-03  1.89729e-01
 3.35000e+01  2.61105e-01 -5.98316e-03  6.57704e-03 -2.29148e-02 -7.30173e-04  1.44435e-03  1.90863e-01
 3.40000e+01  2.62743e-01 -6.02096e-03  6.61237e-03 -2.29158e-02 -6.30554e-04  1.48403e-03  1.91940e-01
 3.45000e+01  2.64291e-01 -6.05272e-03  6.64671e-03 -2.29017e-02 -5.32046e-04  1.51992e-03  1.92960e-01
 3.50000e+01  2.65754e-01 -6.07908e-03  6.67987e-03 -2.28749e-02 -4.35226e-04  1.55197e-03  1.93926e-01
 3.55000e+01  2.67133e-01 -6.10061e-03  6.71165e-03 -2.28374e-02 -3.40620e-04  1.58019e-03  1.94838e-01
 3.60000e+01  2.68432e-01 -6.11778e-03  6.74186e-03 -2.27908e-02 -2.48696e-04  1.60456e-03  1.95698e-01
 3.65000e+01  2.69654e-01 -6.13096e-03  6.77034e-03 -2.27364e-02 -1.59871e-04  1.62511e-03  1.96508e-01
 3.70000e+01  2.70803e-01 -6.14047e-03  6.79693e-03 -2.26750e-02 -7.45066e-05  1.64184e-03  1.97268e-01
 3.75000e+01  2.71881e-01 -6.14651e-03  6.82151e-03 -2.26074e-02  7.08806e-06  1.65481e-03  1.97981e-01
 3.80000e+01  2.72892e-01 -6.14925e-03  6.84394e-03 -2.25336e-02  8.46521e-05  1.66404e-03  1.98647e-01
 3.85000e+01  2.73838e-01 -6.14877e-03  6.86414e-03 -2.24540e-02  1.57972e-04  1.66958e-03  1.99270e-01
 3.90000e+01  2.74724e-01 -6.14512e-03  6.88201e-03 -2.23684e-02  2.26876e-04  1.67150e-03  1.99849e-01
 3.95000e+01  2.75551e-01 -6.13827e-03  6.89747e-03 -2.22764e-02  2.91235e-04  1.66985e-03  2.00388e-01
 4.00000e+01  2.76323e-01 -6.12818e-03  6.91046e-03 -2.21776e-02  3.50952e-04  1.66471e-03  2.00888e-01
 4.05000e+01  2.77043e-01 -6.11475e-03  6.92094e-03 -2.20715e-02  4.05965e-04  1.65616e-03  2.01349e-01
 4.10000e+01  2.77713e-01 -6.09786e-03  6.92885e-03 -2.19574e-02  4.56240e-04  1.64428e-03  2.01775e-01
 4.15000e+01  2.78336e-01 -6.07736e-03  6.93417e-03 -2.18346e-02  5.01767e-04  1.62917e-03  2.02166e-01
 4.20000e+01  2.78916e-01 -6.05308e-03  6.93687e-03 -2.17022e-02  5.42556e-04  1.61091e-03  2.02525e-01
 4.25000e+01  2.79454e-01 -6.02485e-03  6.93691e-03 -2.15593e-02  5.78636e-04  1.58960e-03  2.02851e-01
 4.30000e+01  2.79953e-01 -5.99247e-03  6.93429e-03 -2.14052e-02  6.10050e-04  1.56535e-03  2.03149e-01
 4.35000e+01  2.80416e-01 -5.95576e-03  6.92898e-03 -2.12390e-02  6.36852e-04  1.53827e-03  2.03417e-01
 4.40000e+01  2.80845e-01 -5.91451e-03  6.92097e-03 -2.10597e-02  6.59105e-04  1.50846e-03  2.03659e-01
 4.45000e+01  2.81241e-01 -5.86855e-03  6.91024e-03 -2.08666e-02  6.76877e-04  1.47605e-03  2.03874e-01
 4.50000e+01  2.81608e-01 -5.81770e-03  6.89677e-03 -2.06589e-02  6.90239e-04  1.44115e-03  2.04066e-01
 4.55000e+01  2.81947e-01 -5.76178e-03  6.88054e-03 -2.04357e-02  6.99265e-04  1.40387e-03  2.04234e-01
 4.60000e+01  2.82260e-01 -5.70065e-03  6.86154e-03 -2.01964e-02  7.04027e-04  1.36435e-03  2.04379e-01
 4.65000e+01  2.82549e-01 -5.63417e-03  6.83973e-03 -1.99405e-02  7.04594e-04  1.32270e-03  2.04504e-01
 4.70000e+01  2.82816e-01 -5.56222e-03  6.81509e-03 -1.96673e-02  7.01033e-04  1.27905e-03  2.04609e-01
 4.75000e+01  2.83062e-01 -5.48472e-03  6.78758e-03 -1.93764e-02  6.93402e-04  1.23353e-03  2.04694e-01
 4.80000e+01  2.83290e-01 -5.40159e-03  6.75717e-03 -1.90674e-02  6.81754e-04  1.18626e-03  2.04761e-01
 4.85000e+01  2.83499e-01 -5.31281e-03  6.72382e-03 -1.87401e-02  6.66135e-04  1.13737e-03  2.04811e-01
 4.90000e+01  2.83693e-01 -5.21836e-03  6.68747e-03 -1.83944e-02  6.46578e-04  1.08699e-03  2.04844e-01
 4.95000e+01  2.83871e-01 -5.11825e-03  6.64808e-03 -1.80302e-02  6.23108e-04  1.03524e-03  2.04860e-01
 5.00000e+01  2.84035e-01 -5.01254e-03  6.60558e-03 -1.76476e-02  5.95739e-04  9.82253e-04  2.04861e-01
 5.05000e+01  2.84186e-01 -4.90130e-03  6.55992e-03 -1.72468e-02  5.64470e-04  9.28148e-04  2.04846e-01
 5.10000e+01  2.84325e-01 -4.78465e-03  6.51102e-03 -1.68281e-02  5.29289e-04  8.73051e-04  2.04816e-01
 5.15000e+01  2.84452e-01 -4.66272e-03  6.45880e-03 -1.63919e-02  4.90169e-04  8.17084e-04  2.04772e-01
 5.20000e+01  2.84568e-01 -4.53570e-03  6.40319e-03 -1.59389e-02  4.47068e-04  7.60369e-04  2.04713e-01
 5.25000e+01  2.84674e-01 -4.40379e-03  6.34408e-03 -1.54696e-02  3.99929e-04  7.03025e-04  2.04640e-01
 5.30000e+01  2.84770e-01 -4.26722e-03  6.28140e-03 -1.49848e-02  3.48678e-04  6.45173e-04  2.04552e-01
 5.35000e+01  2.84855e-01 -4.12626e-03  6.21503e-03 -1.44855e-02  2.93225e-04  5.86931e-04  2.04449e-01
 5.40000e+01  2.84930e-01 -3.98120e-03  6.14487e-03 -1.39726e-02  2.33463e-04  5.28415e-04  2.04331e-01
 5.45000e+01  2.84994e-01 -3.83236e-03  6.07080e-03 -1.34471e-02  1.69267e-04  4.69743e-04  2.04197e-01
 5.50000e+01  2.85048e-01 -3.68009e-03  5.99272e-03 -1.29104e-02  1.00496e-04  4.11032e-04  2.04048e-01
 5.55000e+01  2.85090e-01 -3.52475e-03  5.91050e-03 -1.23636e-02  2.69914e-05  3.52398e-04  2.03881e-01
 5.60000e+01  2.85120e-01 -3.36674e-03  5.82401e-03 -1.18082e-02 -5.14228e-05  2.93959e-04  2.03698e-01
 5.65000e+01  2.85136e-01 -3.20647e-03  5.73315e-03 -1.12454e-02 -1.34937e-04  2.35830e-04  2.03495e-01
 5.70000e+01  2.85138e-01 -3.04436e-03  5.63777e-03 -1.06768e-02 -2.23756e-04  1.78131e-04  2.03273e-01
 5.75000e+01  2.85123e-01 -2.88086e-03  5.53778e-03 -1.01039e-02 -3.18099e-04  1.20980e-04  2.03030e-01
 5.80000e+01  2.85091e-01 -2.71643e-03  5.43305e-03 -9.52828e-03 -4.18191e-04  6.44975e-05  2.02765e-01
 5.85000e+01  2.85038e-01 -2.55153e-03  5.32349e-03 -8.95153e-03 -5.24269e-04  8.80398e-06  2.02476e-01
 5.90000e+01  2.84963e-01 -2.38664e-03  5.20901e-03 -8.37525e-03 -6.36569e-04 -4.59780e-05  2.02162e-01
 5.95000e+01  2.84863e-01 -2.22225e-03  5.08956e-03 -7.80110e-03 -7.55329e-04 -9.97251e-05  2.01820e-01
 6.00000e+01  2.84735e-01 -2.05884e-03  4.96508e-03 -7.23070e-03 -8.80776e-04 -1.52313e-04  2.01449e-01
 6.05000e+01  2.84576e-01 -1.89690e-03  4.83557e-03 -6.66570e-03 -1.01313e-03 -2.03616e-04  2.01046e-01
 6.10000e+01  2.84382e-01 -1.73692e-03  4.70106e-03 -6.10770e-03 -1.15257e-03 -2.53508e-04  2.00609e-01
 6.15000e+01  2.84149e-01 -1.57939e-03  4.56163e-03 -5.55831e-03 -1.29928e-03 -3.01863e-04  2.00135e-01
 6.20000e+01  2.83872e-01 -1.42479e-03  4.41741e-03 -5.01911e-03 -1.45337e-03 -3.48556e-04  1.99622e-01
 6.25000e+01  2.83548e-01 -1.27359e-03  4.26859e-03 -4.49161e-03 -1.61490e-03 -3.93461e-04  1.99068e-01
 6.30000e+01  2.83170e-01 -1.12625e-03  4.11544e-03 -3.97731e-03 -1.78389e-03 -4.36454e-04  1.98469e-01
 6.35000e+01  2.82733e-01 -9.83243e-04  3.95831e-03 -3.47764e-03 -1.96026e-03 -4.77412e-04  1.97822e-01
 6.40000e+01  2.82231e-01 -8.44998e-04  3.79763e-03 -2.99400e-03 -2.14384e-03 -5.16217e-04  1.97124e-01
 6.45000e+01  2.81657e-01 -7.11944e-04  3.63396e-03 -2.52770e-03 -2.33436e-03 -5.52752e-04  1.96373e-01
 6.50000e+01  2.81005e-01 -5.84489e-04  3.46794e-03 -2.07999e-03 -2.53141e-03 -5.86904e-04  1.95564e-01
 6.55000e+01  2.80268e-01 -4.63025e-04  3.30034e-03 -1.65208e-03 -2.73445e-03 -6.18567e-04  1.94696e-01
 6.60000e+01  2.79437e-01 -3.47920e-04  3.13205e-03 -1.24507e-03 -2.94278e-03 -6.47638e-04  1.93764e-01
 6.65000e+01  2.78505e-01 -2.39521e-04  2.96409e-03 -8.60023e-04 -3.15552e-03 -6.74022e-04  1.92765e-01
 6.70000e+01  2.77464e-01 -1.38149e-04  2.79761e-03 -4.97898e-04 -3.37161e-03 -6.97631e-04  1.91698e-01
 6.75000e+01  2.76304e-01 -4.40975e-05  2.63388e-03 -1.59598e-04 -3.58981e-03 -7.18385e-04  1.90558e-01
 6.80000e+01  2.75017e-01  4.23679e-05  2.47430e-03  1.54056e-04 -3.80863e-03 -7.36214e-04  1.89343e-01
 6.85000e+01  2.73594e-01  1.21014e-04  2.32037e-03  4.42312e-04 -4.02641e-03 -7.51055e-04  1.88050e-01
 6.90000e+01  2.72025e-01  1.91640e-04  2.17371e-03  7.04495e-04 -4.24127e-03 -7.62859e-04  1.86677e-01
 6.95000e+01  2.70301e-01  2.54083e-04  2.03600e-03  9.39999e-04 -4.45112e-03 -7.71585e-04  1.85222e-01
 7.00000e+01  2.68413e-01  3.08214e-04  1.90896e-03  1.14828e-03 -4.65368e-03 -7.77207e-04  1.83683e-01
 7.05000e+01  2.66352e-01  3.53950e-04  1.79437e-03  1.32888e-03 -4.84651e-03 -7.79709e-04  1.82059e-01
 7.10000e+01  2.64109e-01  3.91244e-04  1.69397e-03  1.48138e-03 -5.02702e-03 -7.79089e-04  1.80348e-01
 7.15000e+01  2.61675e-01  4.20099e-04  1.60944e-03  1.60542e-03 -5.19251e-03 -7.75360e-04  1.78550e-01
 7.20000e+01  2.59042e-01  4.40562e-04  1.54237e-03  1.70073e-03 -5.34025e-03 -7.68548e-04  1.76664e-01
 7.25000e+01  2.56204e-01  4.52728e-04  1.49420e-03  1.76706e-03 -5.46747e-03 -7.58692e-04  1.74690e-01
 7.30000e+01  2.53152e-01  4.56744e-04  1.46617e-03  1.80423e-03 -5.57148e-03 -7.45849e-04  1.72629e-01
 7.35000e+01  2.49882e-01  4.52809e-04  1.45926e-03  1.81209e-03 -5.64971e-03 -7.30089e-04  1.70481e-01
 7.40000e+01  2.46389e-01  4.41173e-04  1.47414e-03  1.79055e-03 -5.69978e-03 -7.11496e-04  1.68248e-01
 7.45000e+01  2.42669e-01  4.22141e-04  1.51116e-03  1.73958e-03 -5.71959e-03 -6.90171e-04  1.65931e-01
 7.50000e+01  2.38720e-01  3.96073e-04  1.57025e-03  1.65915e-03 -5.70738e-03 -6.66227e-04  1.63532e-01
 7.55000e+01  2.34543e-01  3.63381e-04  1.65093e-03  1.54932e-03 -5.66182e-03 -6.39795e-04  1.61054e-01
 7.60000e+01  2.30136e-01  3.24531e-04  1.75226e-03  1.41017e-03 -5.58206e-03 -6.11015e-04  1.58500e-01
 7.65000e+01  2.25504e-01  2.80038e-04  1.87286e-03  1.24183e-03 -5.46778e-03 -5.80044e-04  1.55873e-01
 7.70000e+01  2.20651e-01  2.30468e-04  2.01088e-03  1.04449e-03 -5.31927e-03 -5.47048e-04  1.53177e-01
 7.75000e+01  2.15584e-01  1.76429e-04  2.16405e-03  8.18378e-04 -5.13742e-03 -5.12207e-04  1.50415e-01
 7.80000e+01  2.10310e-01  1.18574e-04  2.32967e-03  5.63803e-04 -4.92376e-03 -4.75707e-04  1.47592e-01
 7.85000e+01  2.04841e-01  5.75871e-05  2.50472e-03  2.81131e-04 -4.68045e-03 -4.37747e-04  1.44712e-01
 7.90000e+01  1.99188e-01 -5.81395e-06  2.68586e-03 -2.91883e-05 -4.41022e-03 -3.98529e-04  1.41781e-01
 7.95000e+01  1.93366e-01 -7.08901e-05  2.86956e-03 -3.66611e-04 -4.11636e-03 -3.58262e-04  1.38804e-01
 8.00000e+01  1.87391e-01 -1.36887e-04  3.05214e-03 -7.30487e-04 -3.80265e-03 -3.17160e-04  1.35786e-01
 8.05000e+01  1.81281e-01 -2.03042e-04  3.22991e-03 -1.12004e-03 -3.47322e-03 -2.75437e-04  1.32732e-01
 8.10000e+01  1.75055e-01 -2.68595e-04  3.39925e-03 -1.53434e-03 -3.13253e-03 -2.33307e-04  1.29649e-01
 8.15000e+01  1.68735e-01 -3.32796e-04  3.55671e-03 -1.97230e-03 -2.78519e-03 -1.90982e-04  1.26543e-01
 8.20000e+01  1.62343e-01 -3.94917e-04  3.69911e-03 -2.43261e-03 -2.43586e-03 -1.48672e-04  1.23419e-01
 8.25000e+01  1.55901e-01 -4.54257e-04  3.82364e-03 -2.91376e-03 -2.08912e-03 -1.06578e-04  1.20285e-01
 8.30000e+01  1.49434e-01 -5.10158e-04  3.92792e-03 -3.41394e-03 -1.74936e-03 -6.48966e-05  1.17146e-01
 8.35000e+01  1.42966e-01 -5.62008e-04  4.01011e-03 -3.93106e-03 -1.42067e-03 -2.38120e-05  1.14010e-01
 8.40000e+01  1.36522e-01 -6.09252e-04  4.06890e-03 -4.46267e-03 -1.10671e-03  1.65009e-05  1.10884e-01
 8.45000e+01  1.30126e-01 -6.51402e-04  4.10359e-03 -5.00592e-03 -8.10633e-04  5.58801e-05  1.07775e-01
 8.50000e+01  1.23803e-01 -6.88041e-04  4.11408e-03 -5.55754e-03 -5.35036e-04  9.41777e-05  1.04689e-01
 8.55000e+01  1.17576e-01 -7.18830e-04  4.10085e-03 -6.11376e-03 -2.81891e-04  1.31261e-04  1.01636e-01
 8.60000e+01  1.11467e-01 -7.43515e-04  4.06498e-03 -6.67027e-03 -5.25323e-05  1.67011e-04  9.86233e-02
 8.65000e+01  1.05497e-01 -7.61925e-04  4.00803e-03 -7.22221e-03  1.52346e-04  2.01330e-04  9.56595e-02
 8.70000e+01  9.96873e-02 -7.73982e-04  3.93206e-03 -7.76410e-03  3.32666e-04  2.34132e-04  9.27542e-02
 8.75000e+01  9.40544e-02 -7.79697e-04  3.83947e-03 -8.28985e-03  4.88915e-04  2.65351e-04  8.99175e-02
 8.80000e+01  8.86151e-02 -7.79170e-04  3.73297e-03 -8.79275e-03  6.22088e-04  2.94937e-04  8.71605e-02
 8.85000e+01  8.33834e-02 -7.72591e-04  3.61542e-03 -9.26552e-03  7.33598e-04  3.22859e-04  8.44949e-02
 8.90000e+01  7.83717e-02 -7.60233e-04  3.48978e-03 -9.70034e-03  8.25182e-04  3.49098e-04  8.19335e-02
 8.95000e+01  7.35901e-02 -7.42451e-04  3.35895e-03 -1.00890e-02  8.98801e-04  3.73655e-04  7.94894e-02
 9.00000e+01  6.90467e-02 -7.19672e-04  3.22569e-03 -1.04230e-02  9.56536e-04  3.96541e-04  7.71762e-02
 9.05000e+01  6.47476e-02 -6.92393e-04  3.09253e-03 -1.06937e-02  1.00049e-03  4.17784e-04  7.50070e-02
 9.10000e+01  6.06970e-02 -6.61163e-04  2.96167e-03 -1.08928e-02  1.03270e-03  4.37423e-04  7.29942e-02
 9.15000e+01  5.68973e-02 -6.26575e-04  2.83494e-03 -1.10124e-02  1.05509e-03  4.55504e-04  7.11486e-02
 9.20000e+01  5.33496e-02 -5.89255e-04  2.71380e-03 -1.10452e-02  1.06937e-03  4.72085e-04  6.94785e-02
 9.25000e+01  5.00530e-02 -5.49838e-04  2.59930e-03 -1.09851e-02  1.07707e-03  4.87229e-04  6.79893e-02
 9.30000e+01  4.70058e-02 -5.08957e-04  2.49215e-03 -1.08275e-02  1.07953e-03  5.01002e-04  6.66825e-02
 9.35000e+01  4.42048e-02 -4.67222e-04  2.39277e-03 -1.05695e-02  1.07785e-03  5.13475e-04  6.55559e-02
 9.40000e+01  4.16460e-02 -4.25204e-04  2.30131e-03 -1.02100e-02  1.07300e-03  5.24716e-04  6.46033e-02
 9.45000e+01  3.93246e-02 -3.83413e-04  2.21780e-03 -9.74996e-03  1.06578e-03  5.34794e-04  6.38146e-02
 9.50000e+01  3.72350e-02 -3.42289e-04  2.14213e-03 -9.19266e-03  1.05691e-03  5.43775e-04  6.31766e-02
 9.55000e+01  3.53712e-02 -3.02185e-04  2.07414e-03 -8.54324e-03  1.04701e-03  5.51719e-04  6.26736e-02
 9.60000e+01  3.37269e-02 -2.63361e-04  2.01368e-03 -7.80864e-03  1.03662e-03  5.58682e-04  6.22883e-02
 9.65000e+01  3.22955e-02 -2.25982e-04  1.96061e-03 -6.99732e-03  1.02623e-03  5.64714e-04  6.20026e-02
 9.70000e+01  3.10706e-02 -1.90114e-04  1.91478e-03 -6.11877e-03  1.01630e-03  5.69857e-04  6.17983e-02
 9.75000e+01  3.00462e-02 -1.55733e-04  1.87612e-03 -5.18311e-03  1.00721e-03  5.74148e-04  6.16583e-02
 9.80000e+01  2.92166e-02 -1.22729e-04  1.84456e-03 -4.20066e-03  9.99306e-04  5.77620e-04  6.15671e-02
 9.85000e+01  2.85768e-02 -9.09194e-05  1.82004e-03 -3.18158e-03  9.92861e-04  5.80295e-04  6.15109e-02
 9.90000e+01  2.81229e-02 -6.00603e-05  1.80255e-03 -2.13564e-03  9.88099e-04  5.82193e-04  6.14789e-02
 9.95000e+01  2.78518e-02 -2.98612e-05  1.79206e-03 -1.07215e-03  9.85178e-04  5.83326e-04  6.14630e-02
 1.00000e+02  2.77616e-02  3.79127e-16  1.78857e-03  1.36565e-14  9.84193e-04  5.83703e-04  6.14583e-02
 1.00500e+02  2.78518e-02  2.98612e-05  1.79206e-03  1.07215e-03  9.85178e-04  5.83326e-04  6.14630e-02
 1.01000e+02  2.81229e-02  6.00603e-05  1.80255e-03  2.13564e-03  9.88099e-04  5.82193e-04  6.14789e-02
 1.01500e+02  2.85768e-02  9.09194e-05  1.82004e-03  3.18158e-03  9.92861e-04  5.80295e-04  6.15109e-02
 1.02000e+02  2.92166e-02  1.22729e-04  1.84456e-03  4.20066e-03  9.99306e-04  5.77620e-04  6.15671e-02
 1.02500e+02  3.00462e-02  1.55733e-04  1.87612e-03  5.18311e-03  1.00721e-03  5.74148e-04  6.16583e-02
 1.03000e+02  3.10706e-02  1.90114e-04  1.91478e-03  6.11877e-03  1.01630e-03  5.69857e-04  6.17983e-02
 1.03500e+02  3.22955e-02  2.25982e-04  1.96061e-03  6.99732e-03  1.02623e-03  5.64714e-04  6.20026e-02
 1.04000e+02  3.37269e-02  2.63361e-04  2.01368e-03  7.80864e-03  1.03662e-03  5.58682e-04  6.22883e-02
 1.04500e+02  3.53712e-02  3.02185e-04  2.07414e-03  8.54324e-03  1.04701e-03  5.51719e-04  6.26736e-02
 1.05000e+02  3.72350e-02  3.42289e-04  2.14213e-03  9.19266e-03  1.05691e-03  5.43775e-04  6.31766e-02
 1.05500e+02  3.93246e-02  3.83413e-04  2.21780e-03  9.74996e-03  1.06578e-03  5.34794e-04  6.38146e-02
 1.06000e+02  4.16460e-02  4.25204e-04  2.30131e-03  1.02100e-02  1.07300e-03  5.24716e-04  6.46033e-02
 1.06500e+02  4.42048e-02  4.67222e-04  2.39277e-03  1.05695e-02  1.07785e-03  5.13475e-04  6.55559e-02
 1.07000e+02  4.70058e-02  5.08957e-04  2.49215e-03  1.08275e-02  1.07953e-03  5.01002e-04  6.66825e-02
 1.07500e+02  5.00530e-02  5.49838e-04  2.59930e-03  1.09851e-02  1.07707e-03  4.87229e-04  6.79893e-02
 1.08000e+02  5.33496e-02  5.89255e-04  2.71380e-03  1.10452e-02  1.06937e-03  4.72085e-04  6.94785e-02
 1.08500e+02  5.68973e-02  6.26575e-04  2.83494e-03  1.10124e-02  1.05509e-03  4.55504e-04  7.11486e-02
 1.09000e+02  6.06970e-02  6.61163e-04  2.96167e-03  1.08928e-02  1.03270e-03  4.37423e-04  7.29942e-02
 1.09500e+02  6.47476e-02  6.92393e-04  3.09253e-03  1.06937e-02  1.00049e-03  4.17784e-04  7.50070e-02
 1.10000e+02  6.90467e-02  7.19672e-04  3.22569e-03  1.04230e-02  9.56536e-04  3.96541e-04  7.71762e-02
 1.10500e+02  7.35901e-02  7.42451e-04  3.35895e-03  1.00890e-02  8.98801e-04  3.73655e-04  7.94894e-02
 1.11000e+02  7.83717e-02  7.60233e-04  3.48978e-03  9.70034e-03  8.25182e-04  3.49098e-04  8.19335e-02
 1.11500e+02  8.33834e-02  7.72591e-04  3.61542e-03  9.26552e-03  7.33598e-04  3.22859e-04  8.44949e-02
 1.12000e+02  8.86151e-02  7.79170e-04  3.73297e-03  8.79275e-03  6.22088e-04  2.94937e-04  8.71605e-02
 1.12500e+02  9.40544e-02  7.79697e-04  3.83947e-03  8.28985e-03  4.88915e-04  2.65351e-04  8.99175e-02
 1.13000e+02  9.96873e-02  7.73982e-04  3.93206e-03  7.76410e-03  3.32666e-04  2.34132e-04  9.27542e-02
 1.13500e+02  1.05497e-01  7.61925e-04  4.00803e-03  7.22221e-03  1.52346e-04  2.01330e-04  9.56595e-02
 1.14000e+02  1.11467e-01  7.43515e-04  4.06498e-03  6.67027e-03 -5.25323e-05  1.67011e-04  9.86233e-02
 1.14500e+02  1.17576e-01  7.18830e-04  4.10085e-03  6.11376e-03 -2.81891e-04  1.31261e-04  1.01636e-01
 1.15000e+02  1.23803e-01  6.88041e-04  4.11408e-03  5.55754e-03 -5.35036e-04  9.41777e-05  1.04689e-01
 1.15500e+02  1.30126e-01  6.51402e-04  4.10359e-03  5.00592e-03 -8.10633e-04  5.58801e-05  1.07775e-01
 1.16000e+02  1.36522e-01  6.09252e-04  4.06890e-03  4.46267e-03 -1.10671e-03  1.65009e-05  1.10884e-01
 1.16500e+02  1.42966e-01  5.62008e-04  4.01011e-03  3.93106e-03 -1.42067e-03 -2.38120e-05  1.14010e-01
 1.17000e+02  1.49434e-01  5.10158e-04  3.92792e-03  3.41394e-03 -1.74936e-03 -6.48966e-05  1.17146e-01
 1.17500e+02  1.55901e-01  4.54257e-04  3.82364e-03  2.91376e-03 -2.08912e-03 -1.06578e-04  1.20285e-01
 1.18000e+02  1.62343e-01  3.94917e-04  3.69911e-03  2.43261e-03 -2.43586e-03 -1.48672e-04  1.23419e-01
 1.18500e+02  1.68735e-01  3.32796e-04  3.55671e-03  1.97230e-03 -2.78519e-03 -1.90982e-04  1.26543e-01
 1.19000e+02  1.75055e-01  2.68595e-04  3.39925e-03  1.53434e-03 -3.13253e-03 -2.33307e-04  1.29649e-01
 1.19500e+02  1.81281e-01  2.03042e-04  3.22991e-03  1.12004e-03 -3.47322e-03 -2.75437e-04  1.32732e-01
 1.20000e+02  1.87391e-01  1.36887e-04  3.05214e-03  7.30487e-04 -3.80265e-03 -3.17160e-04  1.35786e-01
 1.20500e+02  1.93366e-01  7.08901e-05  2.86956e-03  3.66611e-04 -4.11636e-03 -3.58262e-04  1.38804e-01
 1.21000e+02  1.99188e-01  5.81395e-06  2.68586e-03  2.91883e-05 -4.41022e-03 -3.98529e-04  1.41781e-01
 1.21500e+02  2.04841e-01 -5.75871e-05  2.50472e-03 -2.81131e-04 -4.68045e-03 -4.37747e-04  1.44712e-01
 1.22000e+02  2.10310e-01 -1.18574e-04  2.32967e-03 -5.63803e-04 -4.92376e-03 -4.75707e-04  1.47592e-01
 1.22500e+02  2.15584e-01 -1.76429e-04  2.16405e-03 -8.18378e-04 -5.13742e-03 -5.12207e-04  1.50415e-01
 1.23000e+02  2.20651e-01 -2.30468e-04  2.01088e-03 -1.04449e-03 -5.31927e-03 -5.47048e-04  1.53177e-01
 1.23500e+02  2.25504e-01 -2.80038e-04  1.87286e-03 -1.24183e-03 -5.46778e-03 -5.80044e-04  1.55873e-01
 1.24000e+02  2.30136e-01 -3.24531e-04  1.75226e-03 -1.41017e-03 -5.58206e-03 -6.11015e-04  1.58500e-01
 1.24500e+02  2.34543e-01 -3.63381e-04  1.65093e-03 -1.54932e-03 -5.66182e-03 -6.39795e-04  1.61054e-01
 1.25000e+02  2.38720e-01 -3.96073e-04  1.57025e-03 -1.65915e-03 -5.70738e-03 -6.66227e-04  1.63532e-01
 1.25500e+02  2.42669e-01 -4.22141e-04  1.51116e-03 -1.73958e-03 -5.71959e-03 -6.90171e-04  1.65931e-01
 1.26000e+02  2.46389e-01 -4.41173e-04  1.47414e-03 -1.79055e-03 -5.69978e-03 -7.11496e-04  1.68248e-01
 1.26500e+02  2.49882e-01 -4.52809e-04  1.45926e-03 -1.81209e-03 -5.64971e-03 -7.30089e-04  1.70481e-01
 1.27000e+02  2.53152e-01 -4.56744e-04  1.46617e-03 -1.80423e-03 -5.57148e-03 -7.45849e-04  1.72629e-01
 1.27500e+02  2.56204e-01 -4.52728e-04  1.49420e-03 -1.76706e-03 -5.46747e-03 -7.58692e-04  1.74690e-01
 1.28000e+02  2.59042e-01 -4.40562e-04  1.54237e-03 -1.70073e-03 -5.34025e-03 -7.68548e-04  1.76664e-01
 1.28500e+02  2.61675e-01 -4.20099e-04  1.60944e-03 -1.60542e-03 -5.19251e-03 -7.75360e-04  1.78550e-01
 1.29000e+02  2.64109e-01 -3.91244e-04  1.69397e-03 -1.48138e-03 -5.02702e-03 -7.79089e-04  1.80348e-01
 1.29500e+02  2.66352e-01 -3.53950e-04  1.79437e-03 -1.32888e-03 -4.84651e-03 -7.79709e-04  1.82059e-01
 1.30000e+02  2.68413e-01 -3.08214e-04  1.90896e-03 -1.14828e-03 -4.65368e-03 -7.77207e-04  1.83683e-01
 1.30500e+02  2.70301e-01 -2.54083e-04  2.03600e-03 -9.39999e-04 -4.45112e-03 -7.71585e-04  1.85222e-01
 1.31000e+02  2.72025e-01 -1.91640e-04  2.17371e-03 -7.04495e-04 -4.24127e-03 -7.62859e-04  1.86677e-01
 1.31500e+02  2.73594e-01 -1.21014e-04  2.32037e-03 -4.42312e-04 -4.02641e-03 -7.51055e-04  1.88050e-01
 1.32000e+02  2.75017e-01 -4.23679e-05  2.47430e-03 -1.54056e-04 -3.80863e-03 -7.36214e-04  1.89343e-01
 1.32500e+02  2.76304e-01  4.40975e-05  2.63388e-03  1.59598e-04 -3.58981e-03 -7.18385e-04  1.90558e-01
 1.33000e+02  2.77464e-01  1.38149e-04  2.79761e-03  4.97898e-04 -3.37161e-03 -6.97631e-04  1.91698e-01
 1.33500e+02  2.78505e-01  2.39521e-04  2.96409e-03  8.60023e-04 -3.15552e-03 -6.74022e-04  1.92765e-01
 1.34000e+02  2.79437e-01  3.47920e-04  3.13205e-03  1.24507e-03 -2.94278e-03 -6.47638e-04  1.93764e-01
 1.34500e+02  2.80268e-01  4.63025e-04  3.30034e-03  1.65208e-03 -2.73445e-03 -6.18567e-04  1.94696e-01
 1.35000e+02  2.81005e-01  5.84489e-04  3.46794e-03  2.07999e-03 -2.53141e-03 -5.86904e-04  1.95564e-01
 1.35500e+02  2.81657e-01  7.11944e-04  3.63396e-03  2.52770e-03 -2.33436e-03 -5.52752e-04  1.96373e-01
 1.36000e+02  2.82231e-01  8.44998e-04  3.79763e-03  2.99400e-03 -2.14384e-03 -5.16217e-04  1.97124e-01
 1.36500e+02  2.82733e-01  9.83243e-04  3.95831e-03  3.47764e-03 -1.96026e-03 -4.77412e-04  1.97822e-01
 1.37000e+02  2.83170e-01  1.12625e-03  4.11544e-03  3.97731e-03 -1.78389e-03 -4.36454e-04  1.98469e-01
 1.37500e+02  2.83548e-01  1.27359e-03  4.26859e-03  4.49161e-03 -1.61490e-03 -3.93461e-04  1.99068e-01
 1.38000e+02  2.83872e-01  1.42479e-03  4.41741e-03  5.01911e-03 -1.45337e-03 -3.48556e-04  1.99622e-01
 1.38500e+02  2.84149e-01  1.57939e-03  4.56163e-03  5.55831e-03 -1.29928e-03 -3.01863e-04  2.00135e-01
 1.39000e+02  2.84382e-01  1.73692e-03  4.70106e-03  6.10770e-03 -1.15257e-03 -2.53508e-04  2.00609e-01
 1.39500e+02  2.84576e-01  1.89690e-03  4.83557e-03  6.66570e-03 -1.01313e-03 -2.03616e-04  2.01046e-01
 1.40000e+02  2.84735e-01  2.05884e-03  4.96508e-03  7.23070e-03 -8.80776e-04 -1.52313e-04  2.01449e-01
 1.40500e+02  2.84863e-01  2.22225e-03  5.08956e-03  7.80110e-03 -7.55329e-04 -9.97251e-05  2.01820e-01
 1.41000e+02  2.84963e-01  2.38664e-03  5.20901e-03  8.37525e-03 -6.36569e-04 -4.59780e-05  2.02162e-01
 1.41500e+02  2.85038e-01  2.55153e-03  5.32349e-03  8.95153e-03 -5.24269e-04  8.80398e-06  2.02476e-01
 1.42000e+02  2.85091e-01  2.71643e-03  5.43305e-03  9.52828e-03 -4.18191e-04  6.44975e-05  2.02765e-01
 1.42500e+02  2.85123e-01  2.88086e-03  5.53778e-03  1.01039e-02 -3.18099e-04  1.20980e-04  2.03030e-01
 1.43000e+02  2.85138e-01  3.04436e-03  5.63777e-03  1.06768e-02 -2.23756e-04  1.78131e-04  2.03273e-01
 1.43500e+02  2.85136e-01  3.20647e-03  5.73315e-03  1.12454e-02 -1.34937e-04  2.35830e-04  2.03495e-01
 1.44000e+02  2.85120e-01  3.36674e-03  5.82401e-03  1.18082e-02 -5.14228e-05  2.93959e-04  2.03698e-01
 1.44500e+02  2.85090e-01  3.52475e-03  5.91050e-03  1.23636e-02  2.69914e-05  3.52398e-04  2.03881e-01
 1.45000e+02  2.85048e-01  3.68009e-03  5.99272e-03  1.29104e-02  1.00496e-04  4.11032e-04  2.04048e-01
 1.45500e+02  2.84994e-01  3.83236e-03  6.07080e-03  1.34471e-02  1.69267e-04  4.69743e-04  2.04197e-01
 1.46000e+02  2.84930e-01  3.98120e-03  6.14487e-03  1.39726e-02  2.33463e-04  5.28415e-04  2.04331e-01
 1.46500e+02  2.84855e-01  4.12626e-03  6.21503e-03  1.44855e-02  2.93225e-04  5.86931e-04  2.04449e-01
 1.47000e+02  2.84770e-01  4.26722e-03  6.28140e-03  1.49848e-02  3.48678e-04  6.45173e-04  2.04552e-01
 1.47500e+02  2.84674e-01  4.40379e-03  6.34408e-03  1.54696e-02  3.99929e-04  7.03025e-04  2.04640e-01
 1.48000e+02  2.84568e-01  4.53570e-03  6.40319e-03  1.59389e-02  4.47068e-04  7.60369e-04  2.04713e-01
 1.48500e+02  2.84452e-01  4.66272e-03  6.45880e-03  1.63919e-02  4.90169e-04  8.17084e-04  2.04772e-01
 1.49000e+02  2.84325e-01  4.78465e-03  6.51102e-03  1.68281e-02  5.29289e-04  8.73051e-04  2.04816e-01
 1.49500e+02  2.84186e-01  4.90130e-03  6.55992e-03  1.72468e-02  5.64470e-04  9.28148e-04  2.04846e-01
 1.50000e+02  2.84035e-01  5.01254e-03  6.60558e-03  1.76476e-02  5.95739e-04  9.82253e-04  2.04861e-01
 1.50500e+02  2.83871e-01  5.11825e-03  6.64808e-03  1.80302e-02  6.23108e-04  1.03524e-03  2.04860e-01
 1.51000e+02  2.83693e-01  5.21836e-03  6.68747e-03  1.83944e-02  6.46578e-04  1.08699e-03  2.04844e-01
 1.51500e+02  2.83499e-01  5.31281e-03  6.72382e-03  1.87401e-02  6.66135e-04  1.13737e-03  2.04811e-01
 1.52000e+02  2.83290e-01  5.40159e-03  6.75717e-03  1.90674e-02  6.81754e-04  1.18626e-03  2.04761e-01
 1.52500e+02  2.83062e-01  5.48472e-03  6.78758e-03  1.93764e-02  6.93402e-04  1.23353e-03  2.04694e-01
 1.53000e+02  2.82816e-01  5.56222e-03  6.81509e-03  1.96673e-02  7.01033e-04  1.27905e-03  2.04609e-01
 1.53500e+02  2.82549e-01  5.63417e-03  6.83973e-03  1.99405e-02  7.04594e-04  1.32270e-03  2.04504e-01
 1.54000e+02  2.82260e-01  5.70065e-03  6.86154e-03  2.01964e-02  7.04027e-04  1.36435e-03  2.04379e-01
 1.54500e+02  2.81947e-01  5.76178e-03  6.88054e-03  2.04357e-02  6.99265e-04  1.40387e-03  2.04234e-01
 1.55000e+02  2.81608e-01  5.81770e-03  6.89677e-03  2.06589e-02  6.90239e-04  1.44115e-03  2.04066e-01
 1.55500e+02  2.81241e-01  5.86855e-03  6.91024e-03  2.08666e-02  6.76877e-04  1.47605e-03  2.03874e-01
 1.56000e+02  2.80845e-01  5.91451e-03  6.92097e-03  2.10597e-02  6.59105e-04  1.50846e-03  2.03659e-01
 1.56500e+02  2.80416e-01  5.95576e-03  6.92898e-03  2.12390e-02  6.36852e-04  1.53827e-03  2.03417e-01
 1.57000e+02  2.79953e-01  5.99247e-03  6.93429e-03  2.14052e-02  6.10050e-04  1.56535e-03  2.03149e-01
 1.57500e+02  2.79454e-01  6.02485e-03  6.93691e-03  2.15593e-02  5.78636e-04  1.58960e-03  2.02851e-01
 1.58000e+02  2.78916e-01  6.05308e-03  6.93687e-03  2.17022e-02  5.42556e-04  1.61091e-03  2.02525e-01
 1.58500e+02  2.78336e-01  6.07736e-03  6.93417e-03  2.18346e-02  5.01767e-04  1.62917e-03  2.02166e-01
 1.59000e+02  2.77713e-01  6.09786e-03  6.92885e-03  2.19574e-02  4.56240e-04  1.64428e-03  2.01775e-01
 1.59500e+02  2.77043e-01  6.11475e-03  6.92094e-03  2.20715e-02  4.05965e-04  1.65616e-03  2.01349e-01
 1.60000e+02  2.76323e-01  6.12818e-03  6.91046e-03  2.21776e-02  3.50952e-04  1.66471e-03  2.00888e-01
 1.60500e+02  2.75551e-01  6.13827e-03  6.89747e-03  2.22764e-02  2.91235e-04  1.66985e-03  2.00388e-01
 1.61000e+02  2.74724e-01  6.14512e-03  6.88201e-03  2.23684e-02  2.26876e-04  1.67150e-03  1.99849e-01
 1.61500e+02  2.73838e-01  6.14877e-03  6.86414e-03  2.24540e-02  1.57972e-04  1.66958e-03  1.99270e-01
 1.62000e+02  2.72892e-01  6.14925e-03  6.84394e-03  2.25336e-02  8.46521e-05  1.66404e-03  1.98647e-01
 1.62500e+02  2.71881e-01  6.14651e-03  6.82151e-03  2.26074e-02  7.08806e-06  1.65481e-03  1.97981e-01
 1.63000e+02  2.70803e-01  6.14047e-03  6.79693e-03  2.26750e-02 -7.45066e-05  1.64184e-03  1.97268e-01
 1.63500e+02  2.69654e-01  6.13096e-03  6.77034e-03  2.27364e-02 -1.59871e-04  1.62511e-03  1.96508e-01
 1.64000e+02  2.68432e-01  6.11778e-03  6.74186e-03  2.27908e-02 -2.48696e-04  1.60456e-03  1.95698e-01
 1.64500e+02  2.67133e-01  6.10061e-03  6.71165e-03  2.28374e-02 -3.40620e-04  1.58019e-03  1.94838e-01
 1.65000e+02  2.65754e-01  6.07908e-03  6.67987e-03  2.28749e-02 -4.35226e-04  1.55197e-03  1.93926e-01
 1.65500e+02  2.64291e-01  6.05272e-03  6.64671e-03  2.29017e-02 -5.32046e-04  1.51992e-03  1.92960e-01
 1.66000e+02  2.62743e-01  6.02096e-03  6.61237e-03  2.29158e-02 -6.30554e-04  1.48403e-03  1.91940e-01
 1.66500e+02  2.61105e-01  5.98316e-03  6.57704e-03  2.29148e-02 -7.30173e-04  1.44435e-03  1.90863e-01
 1.67000e+02  2.59376e-01  5.93856e-03  6.54096e-03  2.28956e-02 -8.30274e-04  1.40090e-03  1.89729e-01
 1.67500e+02  2.57551e-01  5.88629e-03  6.50434e-03  2.28549e-02 -9.30182e-04  1.35374e-03  1.88537e-01
 1.68000e+02  2.55629e-01  5.82540e-03  6.46740e-03  2.27885e-02 -1.02918e-03  1.30294e-03  1.87286e-01
 1.68500e+02  2.53607e-01  5.75482e-03  6.43037e-03  2.26919e-02 -1.12651e-03  1.24858e-03  1.85975e-01
 1.69000e+02  2.51482e-01  5.67341e-03  6.39345e-03  2.25599e-02 -1.22139e-03  1.19075e-03  1.84604e-01
 1.69500e+02  2.49254e-01  5.57990e-03  6.35685e-03  2.23864e-02 -1.31303e-03  1.12958e-03  1.83172e-01
 1.70000e+02  2.46920e-01  5.47296e-03  6.32072e-03  2.21649e-02 -1.40061e-03  1.06518e-03  1.81679e-01
 1.70500e+02  2.44478e-01  5.35118e-03  6.28523e-03  2.18882e-02 -1.48332e-03  9.97692e-04  1.80125e-01
 1.71000e+02  2.41929e-01  5.21309e-03  6.25049e-03  2.15480e-02 -1.56037e-03  9.27284e-04  1.78510e-01
 1.71500e+02  2.39271e-01  5.05716e-03  6.21658e-03  2.11357e-02 -1.63100e-03  8.54120e-04  1.76835e-01
 1.72000e+02  2.36504e-01  4.88186e-03  6.18354e-03  2.06418e-02 -1.69445e-03  7.78384e-04  1.75100e-01
 1.72500e+02  2.33628e-01  4.68564e-03  6.15140e-03  2.00560e-02 -1.75005e-03  7.00271e-04  1.73305e-01
 1.73000e+02  2.30645e-01  4.46696e-03  6.12012e-03  1.93673e-02 -1.79715e-03  6.19988e-04  1.71453e-01
 1.73500e+02  2.27555e-01  4.22434e-03  6.08967e-03  1.85640e-02 -1.83516e-03  5.37751e-04  1.69544e-01
 1.74000e+02  2.24361e-01  3.95638e-03  6.05997e-03  1.76340e-02 -1.86357e-03  4.53787e-04  1.67581e-01
 1.74500e+02  2.21065e-01  3.66179e-03  6.03096e-03  1.65643e-02 -1.88191e-03  3.68330e-04  1.65565e-01
 1.75000e+02  2.17671e-01  3.33943e-03  6.00260e-03  1.53416e-02 -1.88978e-03  2.81626e-04  1.63498e-01
 1.75500e+02  2.14182e-01  2.98833e-03  5.97485e-03  1.39522e-02 -1.88684e-03  1.93924e-04  1.61386e-01
 1.76000e+02  2.10604e-01  2.60775e-03  5.94774e-03  1.23823e-02 -1.87280e-03  1.05485e-04  1.59230e-01
 1.76500e+02  2.06941e-01  2.19723e-03  5.92137e-03  1.06177e-02 -1.84742e-03  1.65765e-05  1.57036e-01
 1.77000e+02  2.03200e-01  1.75659e-03  5.89591e-03  8.64465e-03 -1.81053e-03 -7.25235e-05  1.54810e-01
 1.77500e+02  1.99388e-01  1.28599e-03  5.87161e-03  6.44969e-03 -1.76198e-03 -1.61527e-04  1.52557e-01
 1.78000e+02  1.95513e-01  7.85969e-04  5.84884e-03  4.02003e-03 -1.70171e-03 -2.50134e-04  1.50286e-01
 1.78500e+02  1.91585e-01  2.57477e-04  5.82804e-03  1.34393e-03 -1.62971e-03 -3.38029e-04  1.48003e-01
 1.79000e+02  1.87613e-01 -2.98101e-04  5.80969e-03 -1.58892e-03 -1.54610e-03 -4.24881e-04  1.45719e-01
 1.79500e+02  1.83608e-01 -8.78914e-04  5.79432e-03 -4.78689e-03 -1.45109e-03 -5.10337e-04  1.43444e-01
 1.80000e+02  1.79584e-01 -1.48263e-03  5.78244e-03 -8.25589e-03 -1.34509e-03 -5.94026e-04  1.41189e-01
 1.80500e+02  1.75554e-01 -2.10642e-03  5.77448e-03 -1.19987e-02 -1.22868e-03 -6.75546e-04  1.38965e-01
 1.81000e+02  1.71532e-01 -2.74695e-03  5.77075e-03 -1.60142e-02 -1.10271e-03 -7.54472e-04  1.36783e-01
 1.81500e+02  1.67535e-01 -3.40041e-03  5.77136e-03 -2.02967e-02 -9.68278e-04 -8.30348e-04  1.34656e-01
 1.82000e+02  1.63580e-01 -4.06248e-03  5.77616e-03 -2.48348e-02 -8.26809e-04 -9.02685e-04  1.32594e-01
 1.82500e+02  1.59686e-01 -4.72840e-03  5.78474e-03 -2.96107e-02 -6.80024e-04 -9.70966e-04  1.30608e-01
 1.83000e+02  1.55871e-01 -5.39299e-03  5.79638e-03 -3.45990e-02 -5.29944e-04 -1.03464e-03  1.28706e-01
 1.83500e+02  1.52158e-01 -6.05069e-03  5.81006e-03 -3.97658e-02 -3.78858e-04 -1.09314e-03  1.26895e-01
 1.84000e+02  1.48567e-01 -6.69561e-03  5.82448e-03 -4.50680e-02 -2.29268e-04 -1.14586e-03  1.25181e-01
 1.84500e+02  1.45120e-01 -7.32164e-03  5.83813e-03 -5.04523e-02 -8.38169e-05 -1.19220e-03  1.23567e-01
 1.85000e+02  1.41839e-01 -7.92248e-03  5.84937e-03 -5.58553e-02  5.47961e-05 -1.23154e-03  1.22053e-01
 1.85500e+02  1.38747e-01 -8.49178e-03  5.85648e-03 -6.12033e-02  1.83904e-04 -1.26329e-03  1.20638e-01
 1.86000e+02  1.35864e-01 -9.02319e-03  5.85774e-03 -6.64134e-02  3.00956e-04 -1.28686e-03  1.19319e-01
 1.86500e+02  1.33210e-01 -9.51053e-03  5.85152e-03 -7.13948e-02  4.03597e-04 -1.30173e-03  1.18091e-01
 1.87000e+02  1.30804e-01 -9.94786e-03  5.83635e-03 -7.60514e-02  4.89727e-04 -1.30743e-03  1.16949e-01
 1.87500e+02  1.28662e-01 -1.03296e-02  5.81091e-03 -8.02850e-02  5.57551e-04 -1.30358e-03  1.15884e-01
 1.88000e+02  1.26797e-01 -1.06508e-02  5.77412e-03 -8.39990e-02  6.05609e-04 -1.28992e-03  1.14890e-01
 1.88500e+02  1.25219e-01 -1.09070e-02  5.72512e-03 -8.71037e-02  6.32803e-04 -1.26631e-03  1.13960e-01
 1.89000e+02  1.23933e-01 -1.10945e-02  5.66333e-03 -8.95203e-02  6.38409e-04 -1.23278e-03  1.13087e-01
 1.89500e+02  1.22942e-01 -1.12105e-02  5.58840e-03 -9.11855e-02  6.22092e-04 -1.18950e-03  1.12265e-01
 1.90000e+02  1.22241e-01 -1.12529e-02  5.50029e-03 -9.20552e-02  5.83917e-04 -1.13687e-03  1.11491e-01
 1.90500e+02  1.21824e-01 -1.12208e-02  5.39923e-03 -9.21068e-02  5.24354e-04 -1.07542e-03  1.10762e-01
 1.91000e+02  1.21677e-01 -1.11140e-02  5.28578e-03 -9.13401e-02  4.44289e-04 -1.00591e-03  1.10079e-01
 1.91500e+02  1.21783e-01 -1.09333e-02  5.16079e-03 -8.97767e-02  3.45020e-04 -9.29248e-04  1.09440e-01
 1.92000e+02  1.22121e-01 -1.06804e-02  5.02546e-03 -8.74575e-02  2.28253e-04 -8.46517e-04  1.08848e-01
 1.92500e+02  1.22666e-01 -1.03578e-02  4.88128e-03 -8.44393e-02  9.60850e-05 -7.58933e-04  1.08306e-01
 1.93000e+02  1.23388e-01 -9.96859e-03  4.73004e-03 -8.07905e-02 -4.90283e-05 -6.67825e-04  1.07815e-01
 1.93500e+02  1.24257e-01 -9.51647e-03  4.57378e-03 -7.65867e-02 -2.04311e-04 -5.74605e-04  1.07378e-01
 1.94000e+02  1.25241e-01 -9.00561e-03  4.41479e-03 -7.19064e-02 -3.66721e-04 -4.80737e-04  1.06994e-01
 1.94500e+02  1.26304e-01 -8.44050e-03  4.25549e-03 -6.68267e-02 -5.33014e-04 -3.87702e-04  1.06664e-01
 1.95000e+02  1.27414e-01 -7.82585e-03  4.09846e-03 -6.14207e-02 -6.99816e-04 -2.96975e-04  1.06387e-01
 1.95500e+02  1.28536e-01 -7.16650e-03  3.94632e-03 -5.57548e-02 -8.63698e-04 -2.09988e-04  1.06159e-01
 1.96000e+02  1.29638e-01 -6.46732e-03  3.80167e-03 -4.98874e-02 -1.02126e-03 -1.28109e-04  1.05976e-01
 1.96500e+02  1.30690e-01 -5.73315e-03  3.66707e-03 -4.38684e-02 -1.16921e-03 -5.26192e-05  1.05833e-01
 1.97000e+02  1.31663e-01 -4.96878e-03  3.54493e-03 -3.77387e-02 -1.30443e-03  1.53113e-05  1.05725e-01
 1.97500e+02  1.32531e-01 -4.17885e-03  3.43747e-03 -3.15310e-02 -1.42409e-03  7.46359e-05  1.05646e-01
 1.98000e+02  1.33274e-01 -3.36788e-03  3.34668e-03 -2.52705e-02 -1.52564e-03  1.24448e-04  1.05590e-01
 1.98500e+02  1.33871e-01 -2.54029e-03  3.27422e-03 -1.89757e-02 -1.60694e-03  1.63990e-04  1.05552e-01
 1.99000e+02  1.34308e-01 -1.70033e-03  3.22148e-03 -1.26600e-02 -1.66628e-03  1.92667e-04  1.05529e-01
 1.99500e+02  1.34574e-01 -8.52203e-04  3.18942e-03 -6.33258e-03 -1.70239e-03  2.10046e-04  1.05516e-01
