 0.00000e+00  4.96850e-01 -2.14717e-14  1.69914e+00 -4.32156e-14  2.33265e+00  2.61221e+00
 1.00000e-01  4.96854e-01  1.91061e-05  1.69916e+00  3.84542e-05  2.33268e+00  2.61222e+00
 2.00000e-01  4.96864e-01  3.75500e-05  1.69922e+00  7.55740e-05  2.33281e+00  2.61226e+00
 3.00000e-01  4.96880e-01  5.60592e-05  1.69932e+00  1.12822e-04  2.33302e+00  2.61231e+00
 4.00000e-01  4.96903e-01  7.33427e-05  1.69947e+00  1.47600e-04  2.33332e+00  2.61240e+00
 5.00000e-01  4.96932e-01  9.00024e-05  1.69965e+00  1.81116e-04  2.33371e+00  2.61252e+00
 6.00000e-01  4.96967e-01  1.05292e-04  1.69989e+00  2.11869e-04  2.33418e+00  2.61266e+00
 7.00000e-01  4.97008e-01  1.18863e-04  1.70016e+00  2.39158e-04  2.33473e+00  2.61283e+00
 8.00000e-01  4.97055e-01  1.31046e-04  1.70048e+00  2.63644e-04  2.33538e+00  2.61304e+00
 9.00000e-01  4.97108e-01  1.40563e-04  1.70085e+00  2.82762e-04  2.33611e+00  2.61329e+00
 1.00000e+00  4.97166e-01  1.48011e-04  1.70126e+00  2.97710e-04  2.33694e+00  2.61357e+00
 1.10000e+00  4.97229e-01  1.52594e-04  1.70172e+00  3.06889e-04  2.33784e+00  2.61389e+00
 1.20000e+00  4.97297e-01  1.54087e-04  1.70223e+00  3.09850e-04  2.33883e+00  2.61425e+00
 1.30000e+00  4.97369e-01  1.52431e-04  1.70278e+00  3.06474e-04  2.33990e+00  2.61465e+00
 1.40000e+00  4.97445e-01  1.46811e-04  1.70338e+00  2.95131e-04  2.34104e+00  2.61508e+00
 1.50000e+00  4.97525e-01  1.37727e-04  1.70402e+00  2.76823e-04  2.34226e+00  2.61556e+00
 1.60000e+00  4.97609e-01  1.24353e-04  1.70470e+00  2.49902e-04  2.34354e+00  2.61606e+00
 1.70000e+00  4.97695e-01  1.06820e-04  1.70541e+00  2.14629e-04  2.34486e+00  2.61658e+00
 1.80000e+00  4.97783e-01  8.48555e-05  1.70614e+00  1.70467e-04  2.34624e+00  2.61713e+00
 1.90000e+00  4.97873e-01  5.85067e-05  1.70691e+00  1.17513e-04  2.34764e+00  2.61769e+00
 2.00000e+00  4.97964e-01  2.83603e-05  1.70768e+00  5.69524e-05  2.34907e+00  2.61827e+00
 2.10000e+00  4.98056e-01 -6.16329e-06  1.70847e+00 -1.23747e-05  2.35050e+00  2.61884e+00
 2.20000e+00  4.98147e-01 -4.36711e-05  1.70926e+00 -8.76671e-05  2.35192e+00  2.61941e+00
 2.30000e+00  4.98238e-01 -8.39088e-05  1.71004e+00 -1.68411e-04  2.35332e+00  2.61997e+00
 2.40000e+00  4.98326e-01 -1.26023e-04  1.71082e+00 -2.52894e-04  2.35470e+00  2.62052e+00
 2.50000e+00  4.98412e-01 -1.68456e-04  1.71157e+00 -3.37985e-04  2.35603e+00  2.62104e+00
 2.60000e+00  4.98494e-01 -2.10709e-04  1.71229e+00 -4.22691e-04  2.35730e+00  2.62155e+00
 2.70000e+00  4.98571e-01 -2.50716e-04  1.71298e+00 -5.02868e-04  2.35852e+00  2.62203e+00
 2.80000e+00  4.98644e-01 -2.87204e-04  1.71363e+00 -5.75971e-04  2.35965e+00  2.62249e+00
 2.90000e+00  4.98710e-01 -3.17979e-04  1.71423e+00 -6.37604e-04  2.36070e+00  2.62291e+00
 3.00000e+00  4.98770e-01 -3.41125e-04  1.71478e+00 -6.83934e-04  2.36166e+00  2.62331e+00
 3.10000e+00  4.98822e-01 -3.55083e-04  1.71528e+00 -7.11842e-04  2.36251e+00  2.62366e+00
 3.20000e+00  4.98867e-01 -3.57231e-04  1.71570e+00 -7.16086e-04  2.36325e+00  2.62399e+00
 3.30000e+00  4.98903e-01 -3.46196e-04  1.71606e+00 -6.93916e-04  2.36387e+00  2.62427e+00
 3.40000e+00  4.98930e-01 -3.19472e-04  1.71635e+00 -6.40314e-04  2.36437e+00  2.62451e+00
 3.50000e+00  4.98948e-01 -2.75775e-04  1.71657e+00 -5.52713e-04  2.36473e+00  2.62470e+00
 3.60000e+00  4.98958e-01 -2.13769e-04  1.71671e+00 -4.28431e-04  2.36495e+00  2.62483e+00
 3.70000e+00  4.98958e-01 -1.31410e-04  1.71678e+00 -2.63368e-04  2.36504e+00  2.62492e+00
 3.80000e+00  4.98949e-01 -2.84392e-05  1.71676e+00 -5.69983e-05  2.36499e+00  2.62495e+00
 3.90000e+00  4.98930e-01  9.64395e-05  1.71667e+00  1.93292e-04  2.36479e+00  2.62493e+00
 4.00000e+00  4.98903e-01  2.43559e-04  1.71650e+00  4.88188e-04  2.36445e+00  2.62485e+00
 4.10000e+00  4.98867e-01  4.13366e-04  1.71626e+00  8.28609e-04  2.36397e+00  2.62470e+00
 4.20000e+00  4.98823e-01  6.05783e-04  1.71594e+00  1.21442e-03  2.36335e+00  2.62450e+00
 4.30000e+00  4.98770e-01  8.20122e-04  1.71555e+00  1.64429e-03  2.36259e+00  2.62424e+00
 4.40000e+00  4.98710e-01  1.05689e-03  1.71509e+00  2.11925e-03  2.36170e+00  2.62392e+00
 4.50000e+00  4.98642e-01  1.31462e-03  1.71457e+00  2.63641e-03  2.36070e+00  2.62356e+00
 4.60000e+00  4.98566e-01  1.59297e-03  1.71398e+00  3.19509e-03  2.35956e+00  2.62313e+00
 4.70000e+00  4.98485e-01  1.89116e-03  1.71333e+00  3.79382e-03  2.35832e+00  2.62266e+00
 4.80000e+00  4.98396e-01  2.20795e-03  1.71263e+00  4.43012e-03  2.35698e+00  2.62214e+00
 4.90000e+00  4.98302e-01  2.54295e-03  1.71188e+00  5.10323e-03  2.35555e+00  2.62160e+00
 5.00000e+00  4.98203e-01  2.89408e-03  1.71109e+00  5.80905e-03  2.35403e+00  2.62101e+00
 5.10000e+00  4.98098e-01  3.26095e-03  1.71026e+00  6.54680e-03  2.35244e+00  2.62040e+00
 5.20000e+00  4.97990e-01  3.64209e-03  1.70939e+00  7.31359e-03  2.35080e+00  2.61977e+00
 5.30000e+00  4.97877e-01  4.03599e-03  1.70850e+00  8.10639e-03  2.34909e+00  2.61912e+00
 5.40000e+00  4.97762e-01  4.44157e-03  1.70759e+00  8.92309e-03  2.34736e+00  2.61846e+00
 5.50000e+00  4.97644e-01  4.85640e-03  1.70666e+00  9.75878e-03  2.34559e+00  2.61780e+00
 5.60000e+00  4.97524e-01  5.27974e-03  1.70572e+00  1.06120e-02  2.34382e+00  2.61714e+00
 5.70000e+00  4.97404e-01  5.70909e-03  1.70477e+00  1.14778e-02  2.34203e+00  2.61647e+00
 5.80000e+00  4.97283e-01  6.14241e-03  1.70383e+00  1.23519e-02  2.34025e+00  2.61581e+00
 5.90000e+00  4.97164e-01  6.57794e-03  1.70290e+00  1.32309e-02  2.33850e+00  2.61518e+00
 6.00000e+00  4.97045e-01  7.01276e-03  1.70199e+00  1.41089e-02  2.33677e+00  2.61454e+00
 6.10000e+00  4.96929e-01  7.44520e-03  1.70109e+00  1.49824e-02  2.33508e+00  2.61394e+00
 6.20000e+00  4.96816e-01  7.87178e-03  1.70022e+00  1.58445e-02  2.33344e+00  2.61334e+00
 6.30000e+00  4.96706e-01  8.29022e-03  1.69939e+00  1.66904e-02  2.33186e+00  2.61278e+00
 6.40000e+00  4.96602e-01  8.69770e-03  1.69859e+00  1.75144e-02  2.33036e+00  2.61224e+00
 6.50000e+00  4.96502e-01  9.09068e-03  1.69784e+00  1.83094e-02  2.32893e+00  2.61173e+00
 6.60000e+00  4.96409e-01  9.46678e-03  1.69714e+00  1.90705e-02  2.32761e+00  2.61127e+00
 6.70000e+00  4.96322e-01  9.82244e-03  1.69649e+00  1.97905e-02  2.32637e+00  2.61084e+00
 6.80000e+00  4.96243e-01  1.01552e-02  1.69591e+00  2.04643e-02  2.32526e+00  2.61046e+00
 6.90000e+00  4.96171e-01  1.04620e-02  1.69538e+00  2.10855e-02  2.32427e+00  2.61013e+00
 7.00000e+00  4.96108e-01  1.07400e-02  1.69493e+00  2.16485e-02  2.32341e+00  2.60985e+00
 7.10000e+00  4.96053e-01  1.09869e-02  1.69456e+00  2.21486e-02  2.32269e+00  2.60964e+00
 7.20000e+00  4.96008e-01  1.12000e-02  1.69426e+00  2.25803e-02  2.32211e+00  2.60947e+00
 7.30000e+00  4.95973e-01  1.13778e-02  1.69404e+00  2.29404e-02  2.32169e+00  2.60938e+00
 7.40000e+00  4.95947e-01  1.15177e-02  1.69391e+00  2.32236e-02  2.32143e+00  2.60935e+00
 7.50000e+00  4.95932e-01  1.16188e-02  1.69386e+00  2.34282e-02  2.32132e+00  2.60939e+00
 7.60000e+00  4.95927e-01  1.16798e-02  1.69390e+00  2.35514e-02  2.32139e+00  2.60950e+00
 7.70000e+00  4.95934e-01  1.16996e-02  1.69403e+00  2.35911e-02  2.32162e+00  2.60967e+00
 7.80000e+00  4.95951e-01  1.16783e-02  1.69425e+00  2.35474e-02  2.32203e+00  2.60993e+00
 7.90000e+00  4.95979e-01  1.16152e-02  1.69456e+00  2.34187e-02  2.32260e+00  2.61024e+00
 8.00000e+00  4.96018e-01  1.15110e-02  1.69497e+00  2.32068e-02  2.32334e+00  2.61062e+00
 8.10000e+00  4.96069e-01  1.13659e-02  1.69546e+00  2.29120e-02  2.32425e+00  2.61108e+00
 8.20000e+00  4.96130e-01  1.11809e-02  1.69605e+00  2.25362e-02  2.32533e+00  2.61159e+00
 8.30000e+00  4.96203e-01  1.09575e-02  1.69672e+00  2.20826e-02  2.32657e+00  2.61216e+00
 8.40000e+00  4.96285e-01  1.06964e-02  1.69747e+00  2.15529e-02  2.32796e+00  2.61280e+00
 8.50000e+00  4.96378e-01  1.03995e-02  1.69831e+00  2.09508e-02  2.32952e+00  2.61350e+00
 8.60000e+00  4.96481e-01  1.00683e-02  1.69923e+00  2.02793e-02  2.33121e+00  2.61424e+00
 8.70000e+00  4.96593e-01  9.70471e-03  1.70023e+00  1.95426e-02  2.33305e+00  2.61505e+00
 8.80000e+00  4.96714e-01  9.31090e-03  1.70130e+00  1.87450e-02  2.33502e+00  2.61590e+00
 8.90000e+00  4.96843e-01  8.88906e-03  1.70244e+00  1.78911e-02  2.33711e+00  2.61680e+00
 9.00000e+00  4.96980e-01  8.44151e-03  1.70363e+00  1.69856e-02  2.33933e+00  2.61775e+00
 9.10000e+00  4.97123e-01  7.97054e-03  1.70489e+00  1.60333e-02  2.34164e+00  2.61873e+00
 9.20000e+00  4.97272e-01  7.47891e-03  1.70619e+00  1.50399e-02  2.34405e+00  2.61976e+00
 9.30000e+00  4.97426e-01  6.96894e-03  1.70754e+00  1.40100e-02  2.34653e+00  2.62081e+00
 9.40000e+00  4.97584e-01  6.44391e-03  1.70892e+00  1.29504e-02  2.34908e+00  2.62189e+00
 9.50000e+00  4.97746e-01  5.90642e-03  1.71033e+00  1.18663e-02  2.35169e+00  2.62299e+00
 9.60000e+00  4.97910e-01  5.35945e-03  1.71176e+00  1.07639e-02  2.35433e+00  2.62409e+00
 9.70000e+00  4.98075e-01  4.80657e-03  1.71321e+00  9.65030e-03  2.35700e+00  2.62521e+00
 9.80000e+00  4.98240e-01  4.25049e-03  1.71465e+00  8.53101e-03  2.35966e+00  2.62633e+00
 9.90000e+00  4.98405e-01  3.69507e-03  1.71610e+00  7.41379e-03  2.36232e+00  2.62744e+00
 1.00000e+01  4.98568e-01  3.14357e-03  1.71753e+00  6.30519e-03  2.36495e+00  2.62853e+00
 1.01000e+01  4.98729e-01  2.59950e-03  1.71894e+00  5.21225e-03  2.36753e+00  2.62960e+00
 1.02000e+01  4.98885e-01  2.06674e-03  1.72032e+00  4.14272e-03  2.37005e+00  2.63065e+00
 1.03000e+01  4.99037e-01  1.54885e-03  1.72165e+00  3.10369e-03  2.37249e+00  2.63165e+00
 1.04000e+01  4.99182e-01  1.04987e-03  1.72294e+00  2.10318e-03  2.37483e+00  2.63261e+00
 1.05000e+01  4.99320e-01  5.73490e-04  1.72417e+00  1.14854e-03  2.37705e+00  2.63352e+00
 1.06000e+01  4.99450e-01  1.23835e-04  1.72534e+00  2.47943e-04  2.37914e+00  2.63438e+00
 1.07000e+01  4.99571e-01 -2.95589e-04  1.72642e+00 -5.91686e-04  2.38109e+00  2.63518e+00
 1.08000e+01  4.99681e-01 -6.81013e-04  1.72743e+00 -1.36290e-03  2.38286e+00  2.63591e+00
 1.09000e+01  4.99779e-01 -1.02809e-03  1.72833e+00 -2.05708e-03  2.38447e+00  2.63657e+00
 1.10000e+01  4.99865e-01 -1.33334e-03  1.72914e+00 -2.66740e-03  2.38587e+00  2.63715e+00
 1.11000e+01  4.99938e-01 -1.59292e-03  1.72984e+00 -3.18624e-03  2.38707e+00  2.63766e+00
 1.12000e+01  4.99996e-01 -1.80323e-03  1.73042e+00 -3.60648e-03  2.38805e+00  2.63809e+00
 1.13000e+01  5.00040e-01 -1.96111e-03  1.73088e+00 -3.92191e-03  2.38880e+00  2.63841e+00
 1.14000e+01  5.00068e-01 -2.06336e-03  1.73122e+00 -4.12617e-03  2.38931e+00  2.63866e+00
 1.15000e+01  5.00080e-01 -2.10687e-03  1.73142e+00 -4.21306e-03  2.38957e+00  2.63881e+00
 1.16000e+01  5.00075e-01 -2.08865e-03  1.73149e+00 -4.17667e-03  2.38958e+00  2.63887e+00
 1.17000e+01  5.00053e-01 -2.00630e-03  1.73142e+00 -4.01218e-03  2.38934e+00  2.63883e+00
 1.18000e+01  5.00014e-01 -1.85794e-03  1.73121e+00 -3.71578e-03  2.38882e+00  2.63869e+00
 1.19000e+01  4.99958e-01 -1.64200e-03  1.73086e+00 -3.28427e-03  2.38805e+00  2.63845e+00
 1.20000e+01  4.99885e-01 -1.35691e-03  1.73037e+00 -2.71444e-03  2.38701e+00  2.63811e+00
 1.21000e+01  4.99795e-01 -1.00174e-03  1.72975e+00 -2.00430e-03  2.38572e+00  2.63768e+00
 1.22000e+01  4.99688e-01 -5.76323e-04  1.72899e+00 -1.15337e-03  2.38417e+00  2.63715e+00
 1.23000e+01  4.99564e-01 -8.06875e-05  1.72810e+00 -1.61516e-04  2.38236e+00  2.63652e+00
 1.24000e+01  4.99424e-01  4.84370e-04  1.72708e+00  9.69856e-04  2.38032e+00  2.63581e+00
 1.25000e+01  4.99270e-01  1.11726e-03  1.72593e+00  2.23779e-03  2.37804e+00  2.63500e+00
 1.26000e+01  4.99100e-01  1.81624e-03  1.72467e+00  3.63902e-03  2.37555e+00  2.63411e+00
 1.27000e+01  4.98916e-01  2.57874e-03  1.72329e+00  5.16868e-03  2.37284e+00  2.63314e+00
 1.28000e+01  4.98720e-01  3.40159e-03  1.72180e+00  6.82065e-03  2.36993e+00  2.63210e+00
 1.29000e+01  4.98511e-01  4.28122e-03  1.72022e+00  8.58802e-03  2.36684e+00  2.63098e+00
 1.30000e+01  4.98292e-01  5.21298e-03  1.71854e+00  1.04617e-02  2.36359e+00  2.62979e+00
 1.31000e+01  4.98062e-01  6.19193e-03  1.71678e+00  1.24321e-02  2.36018e+00  2.62854e+00
 1.32000e+01  4.97824e-01  7.21251e-03  1.71494e+00  1.44881e-02  2.35663e+00  2.62723e+00
 1.33000e+01  4.97578e-01  8.26859e-03  1.71304e+00  1.66177e-02  2.35298e+00  2.62588e+00
 1.34000e+01  4.97326e-01  9.35388e-03  1.71109e+00  1.88083e-02  2.34923e+00  2.62448e+00
 1.35000e+01  4.97070e-01  1.04616e-02  1.70908e+00  2.10466e-02  2.34540e+00  2.62304e+00
 1.36000e+01  4.96810e-01  1.15850e-02  1.70705e+00  2.33187e-02  2.34153e+00  2.62159e+00
 1.37000e+01  4.96549e-01  1.27159e-02  1.70499e+00  2.56087e-02  2.33762e+00  2.62010e+00
 1.38000e+01  4.96287e-01  1.38470e-02  1.70293e+00  2.79013e-02  2.33371e+00  2.61862e+00
 1.39000e+01  4.96026e-01  1.49710e-02  1.70087e+00  3.01820e-02  2.32982e+00  2.61714e+00
 1.40000e+01  4.95768e-01  1.60799e-02  1.69882e+00  3.24344e-02  2.32598e+00  2.61567e+00
 1.41000e+01  4.95515e-01  1.71664e-02  1.69681e+00  3.46436e-02  2.32221e+00  2.61423e+00
 1.42000e+01  4.95267e-01  1.82229e-02  1.69485e+00  3.67941e-02  2.31854e+00  2.61283e+00
 1.43000e+01  4.95027e-01  1.92426e-02  1.69294e+00  3.88719e-02  2.31499e+00  2.61148e+00
 1.44000e+01  4.94796e-01  2.02185e-02  1.69111e+00  4.08623e-02  2.31159e+00  2.61019e+00
 1.45000e+01  4.94576e-01  2.11437e-02  1.68937e+00  4.27512e-02  2.30838e+00  2.60898e+00
 1.46000e+01  4.94369e-01  2.20126e-02  1.68773e+00  4.45268e-02  2.30536e+00  2.60785e+00
 1.47000e+01  4.94175e-01  2.28195e-02  1.68621e+00  4.61769e-02  2.30257e+00  2.60682e+00
 1.48000e+01  4.93997e-01  2.35594e-02  1.68482e+00  4.76914e-02  2.30002e+00  2.60589e+00
 1.49000e+01  4.93836e-01  2.42276e-02  1.68357e+00  4.90600e-02  2.29774e+00  2.60506e+00
 1.50000e+01  4.93693e-01  2.48195e-02  1.68248e+00  5.02732e-02  2.29576e+00  2.60437e+00
 1.51000e+01  4.93570e-01  2.53322e-02  1.68155e+00  5.13243e-02  2.29407e+00  2.60380e+00
 1.52000e+01  4.93468e-01  2.57621e-02  1.68080e+00  5.22063e-02  2.29270e+00  2.60336e+00
 1.53000e+01  4.93388e-01  2.61064e-02  1.68024e+00  5.29125e-02  2.29167e+00  2.60305e+00
 1.54000e+01  4.93330e-01  2.63630e-02  1.67987e+00  5.34388e-02  2.29098e+00  2.60288e+00
 1.55000e+01  4.93296e-01  2.65297e-02  1.67969e+00  5.37805e-02  2.29066e+00  2.60287e+00
 1.56000e+01  4.93286e-01  2.66054e-02  1.67972e+00  5.39351e-02  2.29068e+00  2.60299e+00
 1.57000e+01  4.93299e-01  2.65895e-02  1.67995e+00  5.39013e-02  2.29107e+00  2.60327e+00
 1.58000e+01  4.93338e-01  2.64806e-02  1.68039e+00  5.36765e-02  2.29184e+00  2.60369e+00
 1.59000e+01  4.93400e-01  2.62794e-02  1.68103e+00  5.32618e-02  2.29297e+00  2.60427e+00
 1.60000e+01  4.93486e-01  2.59858e-02  1.68188e+00  5.26577e-02  2.29448e+00  2.60501e+00
 1.61000e+01  4.93595e-01  2.56010e-02  1.68292e+00  5.18663e-02  2.29633e+00  2.60588e+00
 1.62000e+01  4.93728e-01  2.51268e-02  1.68417e+00  5.08921e-02  2.29855e+00  2.60691e+00
 1.63000e+01  4.93882e-01  2.45646e-02  1.68560e+00  4.97377e-02  2.30112e+00  2.60809e+00
 1.64000e+01  4.94058e-01  2.39176e-02  1.68721e+00  4.84105e-02  2.30401e+00  2.60940e+00
 1.65000e+01  4.94254e-01  2.31888e-02  1.68900e+00  4.69168e-02  2.30723e+00  2.61084e+00
 1.66000e+01  4.94468e-01  2.23821e-02  1.69095e+00  4.52650e-02  2.31072e+00  2.61239e+00
 1.67000e+01  4.94701e-01  2.15021e-02  1.69304e+00  4.34648e-02  2.31452e+00  2.61408e+00
 1.68000e+01  4.94949e-01  2.05530e-02  1.69528e+00  4.15254e-02  2.31857e+00  2.61586e+00
 1.69000e+01  4.95212e-01  1.95411e-02  1.69764e+00  3.94601e-02  2.32284e+00  2.61773e+00
 1.70000e+01  4.95489e-01  1.84717e-02  1.70010e+00  3.72798e-02  2.32732e+00  2.61968e+00
 1.71000e+01  4.95777e-01  1.73514e-02  1.70266e+00  3.49983e-02  2.33199e+00  2.62170e+00
 1.72000e+01  4.96074e-01  1.61866e-02  1.70531e+00  3.26295e-02  2.33682e+00  2.62379e+00
 1.73000e+01  4.96380e-01  1.49848e-02  1.70801e+00  3.01882e-02  2.34176e+00  2.62591e+00
 1.74000e+01  4.96692e-01  1.37537e-02  1.71076e+00  2.76906e-02  2.34681e+00  2.62806e+00
 1.75000e+01  4.97008e-01  1.24996e-02  1.71355e+00  2.51496e-02  2.35193e+00  2.63024e+00
 1.76000e+01  4.97327e-01  1.12314e-02  1.71635e+00  2.25836e-02  2.35709e+00  2.63242e+00
 1.77000e+01  4.97646e-01  9.95655e-03  1.71914e+00  2.00073e-02  2.36227e+00  2.63461e+00
 1.78000e+01  4.97964e-01  8.68252e-03  1.72193e+00  1.74360e-02  2.36743e+00  2.63678e+00
 1.79000e+01  4.98280e-01  7.41774e-03  1.72469e+00  1.48867e-02  2.37255e+00  2.63893e+00
 1.80000e+01  4.98590e-01  6.16893e-03  1.72740e+00  1.23727e-02  2.37759e+00  2.64103e+00
 1.81000e+01  4.98895e-01  4.94440e-03  1.73005e+00  9.91071e-03  2.38254e+00  2.64310e+00
 1.82000e+01  4.99191e-01  3.75044e-03  1.73263e+00  7.51305e-03  2.38738e+00  2.64512e+00
 1.83000e+01  4.99477e-01  2.59377e-03  1.73513e+00  5.19298e-03  2.39206e+00  2.64707e+00
 1.84000e+01  4.99753e-01  1.48114e-03  1.73754e+00  2.96374e-03  2.39660e+00  2.64897e+00
 1.85000e+01  5.00016e-01  4.17913e-04  1.73984e+00  8.35800e-04  2.40093e+00  2.65078e+00
 1.86000e+01  5.00266e-01 -5.90049e-04  1.74202e+00 -1.17947e-03  2.40507e+00  2.65252e+00
 1.87000e+01  5.00500e-01 -1.53858e-03  1.74409e+00 -3.07408e-03  2.40899e+00  2.65417e+00
 1.88000e+01  5.00719e-01 -2.42297e-03  1.74602e+00 -4.83898e-03  2.41267e+00  2.65573e+00
 1.89000e+01  5.00922e-01 -3.23963e-03  1.74782e+00 -6.46733e-03  2.41610e+00  2.65720e+00
 1.90000e+01  5.01107e-01 -3.98551e-03  1.74948e+00 -7.95340e-03  2.41925e+00  2.65856e+00
 1.91000e+01  5.01275e-01 -4.65740e-03  1.75099e+00 -9.29112e-03  2.42213e+00  2.65982e+00
 1.92000e+01  5.01423e-01 -5.25345e-03  1.75235e+00 -1.04771e-02  2.42472e+00  2.66095e+00
 1.93000e+01  5.01553e-01 -5.77091e-03  1.75356e+00 -1.15061e-02  2.42700e+00  2.66197e+00
 1.94000e+01  5.01663e-01 -6.20815e-03  1.75461e+00 -1.23751e-02  2.42897e+00  2.66286e+00
 1.95000e+01  5.01754e-01 -6.56337e-03  1.75549e+00 -1.30809e-02  2.43060e+00  2.66361e+00
 1.96000e+01  5.01824e-01 -6.83444e-03  1.75621e+00 -1.36192e-02  2.43191e+00  2.66423e+00
 1.97000e+01  5.01874e-01 -7.02005e-03  1.75677e+00 -1.39877e-02  2.43286e+00  2.66469e+00
 1.98000e+01  5.01903e-01 -7.11773e-03  1.75715e+00 -1.41815e-02  2.43345e+00  2.66500e+00
 1.99000e+01  5.01910e-01 -7.12562e-03  1.75735e+00 -1.41970e-02  2.43369e+00  2.66516e+00
 2.00000e+01  5.01896e-01 -7.04146e-03  1.75738e+00 -1.40297e-02  2.43353e+00  2.66514e+00
 2.01000e+01  5.01858e-01 -6.86256e-03  1.75722e+00 -1.36743e-02  2.43300e+00  2.66498e+00
 2.02000e+01  5.01798e-01 -6.58655e-03  1.75687e+00 -1.31259e-02  2.43208e+00  2.66465e+00
 2.03000e+01  5.01713e-01 -6.21056e-03  1.75632e+00 -1.23787e-02  2.43076e+00  2.66416e+00
 2.04000e+01  5.01604e-01 -5.73218e-03  1.75558e+00 -1.14277e-02  2.42905e+00  2.66351e+00
 2.05000e+01  5.01470e-01 -5.14884e-03  1.75464e+00 -1.02675e-02  2.42693e+00  2.66270e+00
 2.06000e+01  5.01310e-01 -4.45861e-03  1.75350e+00 -8.89392e-03  2.42442e+00  2.66175e+00
 2.07000e+01  5.01125e-01 -3.66021e-03  1.75214e+00 -7.30399e-03  2.42151e+00  2.66064e+00
 2.08000e+01  5.00912e-01 -2.75256e-03  1.75058e+00 -5.49508e-03  2.41821e+00  2.65940e+00
 2.09000e+01  5.00674e-01 -1.73624e-03  1.74880e+00 -3.46780e-03  2.41451e+00  2.65801e+00
 2.10000e+01  5.00409e-01 -6.12170e-04  1.74681e+00 -1.22334e-03  2.41043e+00  2.65649e+00
 2.11000e+01  5.00119e-01  6.17332e-04  1.74461e+00  1.23437e-03  2.40598e+00  2.65484e+00
 2.12000e+01  4.99803e-01  1.94858e-03  1.74221e+00  3.89868e-03  2.40116e+00  2.65305e+00
 2.13000e+01  4.99464e-01  3.37761e-03  1.73961e+00  6.76247e-03  2.39600e+00  2.65114e+00
 2.14000e+01  4.99102e-01  4.89804e-03  1.73681e+00  9.81372e-03  2.39051e+00  2.64911e+00
 2.15000e+01  4.98718e-01  6.50323e-03  1.73384e+00  1.30399e-02  2.38471e+00  2.64696e+00
 2.16000e+01  4.98315e-01  8.18557e-03  1.73069e+00  1.64265e-02  2.37862e+00  2.64471e+00
 2.17000e+01  4.97895e-01  9.93549e-03  1.72739e+00  1.99550e-02  2.37228e+00  2.64234e+00
 2.18000e+01  4.97459e-01  1.17439e-02  1.72395e+00  2.36079e-02  2.36573e+00  2.63989e+00
 2.19000e+01  4.97011e-01  1.36000e-02  1.72039e+00  2.73636e-02  2.35899e+00  2.63736e+00
 2.20000e+01  4.96553e-01  1.54927e-02  1.71673e+00  3.12005e-02  2.35212e+00  2.63476e+00
 2.21000e+01  4.96089e-01  1.74108e-02  1.71300e+00  3.50961e-02  2.34513e+00  2.63210e+00
 2.22000e+01  4.95620e-01  1.93417e-02  1.70922e+00  3.90253e-02  2.33809e+00  2.62940e+00
 2.23000e+01  4.95151e-01  2.12737e-02  1.70541e+00  4.29641e-02  2.33105e+00  2.62668e+00
 2.24000e+01  4.94684e-01  2.31942e-02  1.70161e+00  4.68868e-02  2.32404e+00  2.62395e+00
 2.25000e+01  4.94223e-01  2.50904e-02  1.69784e+00  5.07674e-02  2.31712e+00  2.62125e+00
 2.26000e+01  4.93772e-01  2.69503e-02  1.69413e+00  5.45805e-02  2.31033e+00  2.61858e+00
 2.27000e+01  4.93333e-01  2.87613e-02  1.69050e+00  5.83000e-02  2.30373e+00  2.61595e+00
 2.28000e+01  4.92909e-01  3.05113e-02  1.68700e+00  6.19005e-02  2.29736e+00  2.61341e+00
 2.29000e+01  4.92504e-01  3.21885e-02  1.68363e+00  6.53568e-02  2.29127e+00  2.61096e+00
 2.30000e+01  4.92121e-01  3.37814e-02  1.68044e+00  6.86445e-02  2.28550e+00  2.60863e+00
 2.31000e+01  4.91762e-01  3.52787e-02  1.67745e+00  7.17395e-02  2.28011e+00  2.60643e+00
 2.32000e+01  4.91430e-01  3.66705e-02  1.67468e+00  7.46200e-02  2.27512e+00  2.60440e+00
 2.33000e+01  4.91128e-01  3.79467e-02  1.67216e+00  7.72644e-02  2.27058e+00  2.60254e+00
 2.34000e+01  4.90858e-01  3.90982e-02  1.66991e+00  7.96529e-02  2.26653e+00  2.60087e+00
 2.35000e+01  4.90621e-01  4.01171e-02  1.66795e+00  8.17681e-02  2.26299e+00  2.59942e+00
 2.36000e+01  4.90420e-01  4.09956e-02  1.66629e+00  8.35930e-02  2.25999e+00  2.59819e+00
 2.37000e+01  4.90255e-01  4.17273e-02  1.66496e+00  8.51135e-02  2.25756e+00  2.59721e+00
 2.38000e+01  4.90128e-01  4.23069e-02  1.66396e+00  8.63180e-02  2.25571e+00  2.59648e+00
 2.39000e+01  4.90040e-01  4.27299e-02  1.66329e+00  8.71968e-02  2.25447e+00  2.59601e+00
 2.40000e+01  4.89991e-01  4.29931e-02  1.66298e+00  8.77426e-02  2.25384e+00  2.59582e+00
 2.41000e+01  4.89981e-01  4.30943e-02  1.66302e+00  8.79508e-02  2.25383e+00  2.59589e+00
 2.42000e+01  4.90011e-01  4.30326e-02  1.66342e+00  8.78197e-02  2.25443e+00  2.59625e+00
 2.43000e+01  4.90079e-01  4.28082e-02  1.66416e+00  8.73495e-02  2.25566e+00  2.59688e+00
 2.44000e+01  4.90186e-01  4.24227e-02  1.66524e+00  8.65441e-02  2.25749e+00  2.59779e+00
 2.45000e+01  4.90330e-01  4.18784e-02  1.66667e+00  8.54087e-02  2.25992e+00  2.59897e+00
 2.46000e+01  4.90510e-01  4.11797e-02  1.66842e+00  8.39528e-02  2.26293e+00  2.60041e+00
 2.47000e+01  4.90724e-01  4.03316e-02  1.67048e+00  8.21878e-02  2.26651e+00  2.60211e+00
 2.48000e+01  4.90973e-01  3.93405e-02  1.67284e+00  8.01277e-02  2.27062e+00  2.60404e+00
 2.49000e+01  4.91252e-01  3.82141e-02  1.67547e+00  7.77891e-02  2.27523e+00  2.60619e+00
 2.50000e+01  4.91562e-01  3.69606e-02  1.67836e+00  7.51902e-02  2.28031e+00  2.60853e+00
 2.51000e+01  4.91899e-01  3.55898e-02  1.68148e+00  7.23518e-02  2.28584e+00  2.61107e+00
 2.52000e+01  4.92261e-01  3.41118e-02  1.68482e+00  6.92961e-02  2.29175e+00  2.61375e+00
 2.53000e+01  4.92646e-01  3.25376e-02  1.68834e+00  6.60466e-02  2.29802e+00  2.61657e+00
 2.54000e+01  4.93052e-01  3.08786e-02  1.69203e+00  6.26275e-02  2.30460e+00  2.61950e+00
 2.55000e+01  4.93476e-01  2.91466e-02  1.69585e+00  5.90639e-02  2.31146e+00  2.62254e+00
 2.56000e+01  4.93915e-01  2.73540e-02  1.69979e+00  5.53821e-02  2.31855e+00  2.62564e+00
 2.57000e+01  4.94366e-01  2.55132e-02  1.70381e+00  5.16079e-02  2.32581e+00  2.62879e+00
 2.58000e+01  4.94826e-01  2.36364e-02  1.70789e+00  4.77670e-02  2.33322e+00  2.63199e+00
 2.59000e+01  4.95294e-01  2.17355e-02  1.71201e+00  4.38841e-02  2.34073e+00  2.63519e+00
 2.60000e+01  4.95765e-01  1.98228e-02  1.71614e+00  3.99843e-02  2.34830e+00  2.63841e+00
 2.61000e+01  4.96237e-01  1.79099e-02  1.72027e+00  3.60914e-02  2.35590e+00  2.64162e+00
 2.62000e+01  4.96707e-01  1.60082e-02  1.72436e+00  3.22286e-02  2.36346e+00  2.64479e+00
 2.63000e+01  4.97173e-01  1.41282e-02  1.72840e+00  2.84172e-02  2.37098e+00  2.64794e+00
 2.64000e+01  4.97632e-01  1.22802e-02  1.73237e+00  2.46773e-02  2.37840e+00  2.65103e+00
 2.65000e+01  4.98082e-01  1.04735e-02  1.73625e+00  2.10277e-02  2.38569e+00  2.65407e+00
 2.66000e+01  4.98520e-01  8.71654e-03  1.74002e+00  1.74848e-02  2.39283e+00  2.65704e+00
 2.67000e+01  4.98945e-01  7.01769e-03  1.74368e+00  1.40651e-02  2.39979e+00  2.65994e+00
 2.68000e+01  4.99355e-01  5.38327e-03  1.74720e+00  1.07804e-02  2.40654e+00  2.66275e+00
 2.69000e+01  4.99748e-01  3.81899e-03  1.75059e+00  7.64183e-03  2.41305e+00  2.66548e+00
 2.70000e+01  5.00124e-01  2.32993e-03  1.75383e+00  4.65870e-03  2.41932e+00  2.66812e+00
 2.71000e+01  5.00480e-01  9.19291e-04  1.75691e+00  1.83682e-03  2.42532e+00  2.67066e+00
 2.72000e+01  5.00817e-01 -4.09531e-04  1.75983e+00 -8.17725e-04  2.43104e+00  2.67310e+00
 2.73000e+01  5.01134e-01 -1.65535e-03  1.76258e+00 -3.30322e-03  2.43648e+00  2.67545e+00
 2.74000e+01  5.01429e-01 -2.81764e-03  1.76518e+00 -5.61921e-03  2.44162e+00  2.67770e+00
 2.75000e+01  5.01705e-01 -3.89662e-03  1.76760e+00 -7.76677e-03  2.44647e+00  2.67984e+00
 2.76000e+01  5.01959e-01 -4.89403e-03  1.76987e+00 -9.74986e-03  2.45101e+00  2.68187e+00
 2.77000e+01  5.02194e-01 -5.81091e-03  1.77197e+00 -1.15710e-02  2.45526e+00  2.68381e+00
 2.78000e+01  5.02408e-01 -6.65052e-03  1.77391e+00 -1.32373e-02  2.45922e+00  2.68564e+00
 2.79000e+01  5.02604e-01 -7.41601e-03  1.77570e+00 -1.47552e-02  2.46289e+00  2.68736e+00
 2.80000e+01  5.02781e-01 -8.11054e-03  1.77735e+00 -1.61313e-02  2.46627e+00  2.68898e+00
 2.81000e+01  5.02941e-01 -8.73842e-03  1.77885e+00 -1.73746e-02  2.46939e+00  2.69050e+00
 2.82000e+01  5.03085e-01 -9.30294e-03  1.78022e+00 -1.84918e-02  2.47224e+00  2.69191e+00
 2.83000e+01  5.03213e-01 -9.80905e-03  1.78147e+00 -1.94928e-02  2.47485e+00  2.69323e+00
 2.84000e+01  5.03327e-01 -1.02605e-02  1.78260e+00 -2.03853e-02  2.47722e+00  2.69446e+00
 2.85000e+01  5.03428e-01 -1.06606e-02  1.78362e+00 -2.11760e-02  2.47938e+00  2.69560e+00
 2.86000e+01  5.03518e-01 -1.10144e-02  1.78455e+00 -2.18748e-02  2.48133e+00  2.69665e+00
 2.87000e+01  5.03596e-01 -1.13247e-02  1.78538e+00 -2.24877e-02  2.48308e+00  2.69761e+00
 2.88000e+01  5.03664e-01 -1.15954e-02  1.78613e+00 -2.30221e-02  2.48467e+00  2.69851e+00
 2.89000e+01  5.03724e-01 -1.18300e-02  1.78680e+00 -2.34851e-02  2.48610e+00  2.69932e+00
 2.90000e+01  5.03776e-01 -1.20314e-02  1.78742e+00 -2.38824e-02  2.48738e+00  2.70008e+00
 2.91000e+01  5.03821e-01 -1.22028e-02  1.78797e+00 -2.42205e-02  2.48854e+00  2.70077e+00
 2.92000e+01  5.03861e-01 -1.23469e-02  1.78848e+00 -2.45045e-02  2.48957e+00  2.70140e+00
 2.93000e+01  5.03895e-01 -1.24668e-02  1.78893e+00 -2.47408e-02  2.49051e+00  2.70200e+00
 2.94000e+01  5.03925e-01 -1.25649e-02  1.78935e+00 -2.49341e-02  2.49134e+00  2.70252e+00
 2.95000e+01  5.03951e-01 -1.26431e-02  1.78974e+00 -2.50880e-02  2.49210e+00  2.70301e+00
 2.96000e+01  5.03973e-01 -1.27039e-02  1.79010e+00 -2.52075e-02  2.49279e+00  2.70347e+00
 2.97000e+01  5.03993e-01 -1.27491e-02  1.79043e+00 -2.52962e-02  2.49340e+00  2.70387e+00
 2.98000e+01  5.04010e-01 -1.27805e-02  1.79073e+00 -2.53577e-02  2.49396e+00  2.70426e+00
 2.99000e+01  5.04024e-01 -1.27997e-02  1.79102e+00 -2.53950e-02  2.49446e+00  2.70462e+00
 3.00000e+01  5.04036e-01 -1.28080e-02  1.79128e+00 -2.54109e-02  2.49493e+00  2.70495e+00
 3.01000e+01  5.04047e-01 -1.28068e-02  1.79153e+00 -2.54080e-02  2.49535e+00  2.70527e+00
 3.02000e+01  5.04055e-01 -1.27975e-02  1.79177e+00 -2.53891e-02  2.49573e+00  2.70555e+00
 3.03000e+01  5.04062e-01 -1.27811e-02  1.79198e+00 -2.53562e-02  2.49609e+00  2.70584e+00
 3.04000e+01  5.04068e-01 -1.27587e-02  1.79219e+00 -2.53115e-02  2.49642e+00  2.70611e+00
 3.05000e+01  5.04072e-01 -1.27316e-02  1.79238e+00 -2.52576e-02  2.49672e+00  2.70637e+00
 3.06000e+01  5.04075e-01 -1.27004e-02  1.79256e+00 -2.51955e-02  2.49700e+00  2.70662e+00
 3.07000e+01  5.04076e-01 -1.26662e-02  1.79272e+00 -2.51275e-02  2.49725e+00  2.70685e+00
 3.08000e+01  5.04077e-01 -1.26293e-02  1.79288e+00 -2.50544e-02  2.49749e+00  2.70708e+00
 3.09000e+01  5.04077e-01 -1.25901e-02  1.79303e+00 -2.49766e-02  2.49771e+00  2.70729e+00
 3.10000e+01  5.04076e-01 -1.25497e-02  1.79317e+00 -2.48964e-02  2.49791e+00  2.70750e+00
 3.11000e+01  5.04074e-01 -1.25075e-02  1.79330e+00 -2.48128e-02  2.49809e+00  2.70770e+00
 3.12000e+01  5.04072e-01 -1.24639e-02  1.79343e+00 -2.47265e-02  2.49826e+00  2.70789e+00
 3.13000e+01  5.04069e-01 -1.24191e-02  1.79356e+00 -2.46377e-02  2.49843e+00  2.70808e+00
 3.14000e+01  5.04065e-01 -1.23729e-02  1.79368e+00 -2.45462e-02  2.49859e+00  2.70827e+00
 3.15000e+01  5.04062e-01 -1.23261e-02  1.79379e+00 -2.44535e-02  2.49872e+00  2.70844e+00
 3.16000e+01  5.04058e-01 -1.22778e-02  1.79391e+00 -2.43579e-02  2.49886e+00  2.70861e+00
 3.17000e+01  5.04053e-01 -1.22282e-02  1.79402e+00 -2.42597e-02  2.49899e+00  2.70878e+00
 3.18000e+01  5.04049e-01 -1.21779e-02  1.79412e+00 -2.41602e-02  2.49911e+00  2.70895e+00
 3.19000e+01  5.04044e-01 -1.21267e-02  1.79423e+00 -2.40587e-02  2.49923e+00  2.70910e+00
 3.20000e+01  5.04039e-01 -1.20751e-02  1.79433e+00 -2.39567e-02  2.49934e+00  2.70926e+00
 3.21000e+01  5.04034e-01 -1.20227e-02  1.79443e+00 -2.38530e-02  2.49944e+00  2.70941e+00
 3.22000e+01  5.04029e-01 -1.19701e-02  1.79453e+00 -2.37488e-02  2.49954e+00  2.70956e+00
 3.23000e+01  5.04023e-01 -1.19177e-02  1.79462e+00 -2.36450e-02  2.49964e+00  2.70972e+00
 3.24000e+01  5.04018e-01 -1.18649e-02  1.79472e+00 -2.35407e-02  2.49973e+00  2.70986e+00
 3.25000e+01  5.04012e-01 -1.18127e-02  1.79481e+00 -2.34374e-02  2.49982e+00  2.71000e+00
 3.26000e+01  5.04006e-01 -1.17606e-02  1.79490e+00 -2.33343e-02  2.49990e+00  2.71015e+00
 3.27000e+01  5.03999e-01 -1.17085e-02  1.79499e+00 -2.32311e-02  2.50000e+00  2.71031e+00
 3.28000e+01  5.03993e-01 -1.16571e-02  1.79507e+00 -2.31295e-02  2.50008e+00  2.71045e+00
 3.29000e+01  5.03986e-01 -1.16056e-02  1.79516e+00 -2.30276e-02  2.50015e+00  2.71059e+00
 3.30000e+01  5.03980e-01 -1.15538e-02  1.79524e+00 -2.29251e-02  2.50023e+00  2.71073e+00
 3.31000e+01  5.03973e-01 -1.15019e-02  1.79532e+00 -2.28224e-02  2.50031e+00  2.71087e+00
 3.32000e+01  5.03966e-01 -1.14491e-02  1.79540e+00 -2.27179e-02  2.50039e+00  2.71102e+00
 3.33000e+01  5.03960e-01 -1.13953e-02  1.79549e+00 -2.26115e-02  2.50047e+00  2.71116e+00
 3.34000e+01  5.03953e-01 -1.13404e-02  1.79557e+00 -2.25028e-02  2.50054e+00  2.71129e+00
 3.35000e+01  5.03947e-01 -1.12838e-02  1.79565e+00 -2.23909e-02  2.50062e+00  2.71144e+00
 3.36000e+01  5.03940e-01 -1.12255e-02  1.79573e+00 -2.22754e-02  2.50070e+00  2.71158e+00
 3.37000e+01  5.03934e-01 -1.11649e-02  1.79582e+00 -2.21556e-02  2.50079e+00  2.71173e+00
 3.38000e+01  5.03929e-01 -1.11028e-02  1.79590e+00 -2.20324e-02  2.50088e+00  2.71187e+00
 3.39000e+01  5.03923e-01 -1.10389e-02  1.79599e+00 -2.19059e-02  2.50096e+00  2.71201e+00
 3.40000e+01  5.03918e-01 -1.09730e-02  1.79608e+00 -2.17754e-02  2.50106e+00  2.71215e+00
 3.41000e+01  5.03913e-01 -1.09058e-02  1.79618e+00 -2.16422e-02  2.50115e+00  2.71229e+00
 3.42000e+01  5.03908e-01 -1.08373e-02  1.79627e+00 -2.15065e-02  2.50125e+00  2.71243e+00
 3.43000e+01  5.03903e-01 -1.07682e-02  1.79637e+00 -2.13696e-02  2.50135e+00  2.71258e+00
 3.44000e+01  5.03899e-01 -1.06988e-02  1.79647e+00 -2.12321e-02  2.50144e+00  2.71271e+00
 3.45000e+01  5.03895e-01 -1.06292e-02  1.79657e+00 -2.10940e-02  2.50153e+00  2.71284e+00
 3.46000e+01  5.03891e-01 -1.05597e-02  1.79667e+00 -2.09564e-02  2.50163e+00  2.71298e+00
 3.47000e+01  5.03887e-01 -1.04908e-02  1.79676e+00 -2.08198e-02  2.50172e+00  2.71311e+00
 3.48000e+01  5.03883e-01 -1.04225e-02  1.79686e+00 -2.06844e-02  2.50181e+00  2.71324e+00
 3.49000e+01  5.03879e-01 -1.03551e-02  1.79695e+00 -2.05508e-02  2.50189e+00  2.71336e+00
 3.50000e+01  5.03874e-01 -1.02891e-02  1.79704e+00 -2.04200e-02  2.50198e+00  2.71349e+00
 3.51000e+01  5.03869e-01 -1.02244e-02  1.79713e+00 -2.02918e-02  2.50205e+00  2.71361e+00
 3.52000e+01  5.03864e-01 -1.01610e-02  1.79720e+00 -2.01661e-02  2.50212e+00  2.71373e+00
 3.53000e+01  5.03858e-01 -1.00991e-02  1.79728e+00 -2.00436e-02  2.50218e+00  2.71386e+00
 3.54000e+01  5.03851e-01 -1.00389e-02  1.79735e+00 -1.99243e-02  2.50224e+00  2.71397e+00
 3.55000e+01  5.03844e-01 -9.97998e-03  1.79741e+00 -1.98077e-02  2.50229e+00  2.71409e+00
 3.56000e+01  5.03837e-01 -9.92215e-03  1.79747e+00 -1.96932e-02  2.50233e+00  2.71420e+00
 3.57000e+01  5.03830e-01 -9.86576e-03  1.79752e+00 -1.95815e-02  2.50238e+00  2.71432e+00
 3.58000e+01  5.03822e-01 -9.81021e-03  1.79758e+00 -1.94716e-02  2.50243e+00  2.71445e+00
 3.59000e+01  5.03814e-01 -9.75519e-03  1.79763e+00 -1.93627e-02  2.50246e+00  2.71456e+00
 3.60000e+01  5.03806e-01 -9.70077e-03  1.79768e+00 -1.92550e-02  2.50250e+00  2.71468e+00
 3.61000e+01  5.03798e-01 -9.64611e-03  1.79773e+00 -1.91468e-02  2.50254e+00  2.71479e+00
 3.62000e+01  5.03790e-01 -9.59126e-03  1.79778e+00 -1.90382e-02  2.50258e+00  2.71491e+00
 3.63000e+01  5.03783e-01 -9.53557e-03  1.79784e+00 -1.89280e-02  2.50263e+00  2.71503e+00
 3.64000e+01  5.03775e-01 -9.47865e-03  1.79790e+00 -1.88152e-02  2.50267e+00  2.71514e+00
 3.65000e+01  5.03768e-01 -9.42039e-03  1.79796e+00 -1.86998e-02  2.50272e+00  2.71526e+00
 3.66000e+01  5.03762e-01 -9.35998e-03  1.79803e+00 -1.85802e-02  2.50277e+00  2.71537e+00
 3.67000e+01  5.03756e-01 -9.29791e-03  1.79810e+00 -1.84572e-02  2.50282e+00  2.71549e+00
 3.68000e+01  5.03750e-01 -9.23352e-03  1.79817e+00 -1.83296e-02  2.50288e+00  2.71560e+00
 3.69000e+01  5.03745e-01 -9.16682e-03  1.79824e+00 -1.81974e-02  2.50294e+00  2.71571e+00
 3.70000e+01  5.03739e-01 -9.09827e-03  1.79832e+00 -1.80615e-02  2.50300e+00  2.71582e+00
 3.71000e+01  5.03735e-01 -9.02711e-03  1.79839e+00 -1.79204e-02  2.50306e+00  2.71593e+00
 3.72000e+01  5.03730e-01 -8.95447e-03  1.79847e+00 -1.77763e-02  2.50313e+00  2.71605e+00
 3.73000e+01  5.03725e-01 -8.88030e-03  1.79855e+00 -1.76293e-02  2.50320e+00  2.71616e+00
 3.74000e+01  5.03721e-01 -8.80485e-03  1.79863e+00 -1.74796e-02  2.50328e+00  2.71628e+00
 3.75000e+01  5.03716e-01 -8.72904e-03  1.79871e+00 -1.73293e-02  2.50335e+00  2.71639e+00
 3.76000e+01  5.03712e-01 -8.65252e-03  1.79879e+00 -1.71775e-02  2.50342e+00  2.71651e+00
 3.77000e+01  5.03707e-01 -8.57659e-03  1.79887e+00 -1.70269e-02  2.50350e+00  2.71663e+00
 3.78000e+01  5.03703e-01 -8.50143e-03  1.79895e+00 -1.68779e-02  2.50357e+00  2.71675e+00
 3.79000e+01  5.03698e-01 -8.42705e-03  1.79902e+00 -1.67304e-02  2.50364e+00  2.71687e+00
 3.80000e+01  5.03693e-01 -8.35460e-03  1.79909e+00 -1.65867e-02  2.50371e+00  2.71698e+00
 3.81000e+01  5.03688e-01 -8.28378e-03  1.79916e+00 -1.64463e-02  2.50377e+00  2.71709e+00
 3.82000e+01  5.03683e-01 -8.21485e-03  1.79922e+00 -1.63096e-02  2.50383e+00  2.71720e+00
 3.83000e+01  5.03678e-01 -8.14795e-03  1.79929e+00 -1.61769e-02  2.50388e+00  2.71730e+00
 3.84000e+01  5.03672e-01 -8.08288e-03  1.79934e+00 -1.60479e-02  2.50393e+00  2.71740e+00
 3.85000e+01  5.03667e-01 -8.01991e-03  1.79940e+00 -1.59230e-02  2.50397e+00  2.71749e+00
 3.86000e+01  5.03662e-01 -7.95833e-03  1.79945e+00 -1.58009e-02  2.50401e+00  2.71758e+00
 3.87000e+01  5.03656e-01 -7.89812e-03  1.79950e+00 -1.56816e-02  2.50404e+00  2.71767e+00
 3.88000e+01  5.03651e-01 -7.83914e-03  1.79954e+00 -1.55646e-02  2.50406e+00  2.71775e+00
 3.89000e+01  5.03645e-01 -7.78034e-03  1.79958e+00 -1.54481e-02  2.50409e+00  2.71783e+00
 3.90000e+01  5.03639e-01 -7.72179e-03  1.79963e+00 -1.53320e-02  2.50412e+00  2.71791e+00
 3.91000e+01  5.03634e-01 -7.66317e-03  1.79967e+00 -1.52158e-02  2.50413e+00  2.71799e+00
 3.92000e+01  5.03628e-01 -7.60388e-03  1.79971e+00 -1.50982e-02  2.50416e+00  2.71807e+00
 3.93000e+01  5.03622e-01 -7.54371e-03  1.79975e+00 -1.49789e-02  2.50417e+00  2.71814e+00
 3.94000e+01  5.03616e-01 -7.48226e-03  1.79978e+00 -1.48571e-02  2.50420e+00  2.71822e+00
 3.95000e+01  5.03610e-01 -7.41938e-03  1.79983e+00 -1.47324e-02  2.50422e+00  2.71831e+00
 3.96000e+01  5.03604e-01 -7.35477e-03  1.79987e+00 -1.46043e-02  2.50424e+00  2.71839e+00
 3.97000e+01  5.03598e-01 -7.28849e-03  1.79991e+00 -1.44728e-02  2.50427e+00  2.71848e+00
 3.98000e+01  5.03592e-01 -7.22068e-03  1.79995e+00 -1.43384e-02  2.50430e+00  2.71856e+00
 3.99000e+01  5.03587e-01 -7.15112e-03  1.80000e+00 -1.42004e-02  2.50433e+00  2.71865e+00
 4.00000e+01  5.03581e-01 -7.07998e-03  1.80005e+00 -1.40593e-02  2.50437e+00  2.71874e+00
 4.01000e+01  5.03575e-01 -7.00754e-03  1.80010e+00 -1.39156e-02  2.50440e+00  2.71883e+00
 4.02000e+01  5.03570e-01 -6.93403e-03  1.80015e+00 -1.37697e-02  2.50445e+00  2.71892e+00
 4.03000e+01  5.03565e-01 -6.85977e-03  1.80020e+00 -1.36224e-02  2.50449e+00  2.71902e+00
 4.04000e+01  5.03560e-01 -6.78510e-03  1.80026e+00 -1.34743e-02  2.50454e+00  2.71911e+00
 4.05000e+01  5.03555e-01 -6.71016e-03  1.80031e+00 -1.33256e-02  2.50459e+00  2.71921e+00
 4.06000e+01  5.03551e-01 -6.63523e-03  1.80038e+00 -1.31769e-02  2.50463e+00  2.71930e+00
 4.07000e+01  5.03546e-01 -6.56071e-03  1.80044e+00 -1.30290e-02  2.50469e+00  2.71939e+00
 4.08000e+01  5.03542e-01 -6.48674e-03  1.80050e+00 -1.28822e-02  2.50474e+00  2.71949e+00
 4.09000e+01  5.03538e-01 -6.41359e-03  1.80057e+00 -1.27371e-02  2.50479e+00  2.71958e+00
 4.10000e+01  5.03534e-01 -6.34132e-03  1.80063e+00 -1.25936e-02  2.50485e+00  2.71968e+00
 4.11000e+01  5.03529e-01 -6.27007e-03  1.80069e+00 -1.24522e-02  2.50490e+00  2.71977e+00
 4.12000e+01  5.03525e-01 -6.19972e-03  1.80076e+00 -1.23126e-02  2.50495e+00  2.71987e+00
 4.13000e+01  5.03521e-01 -6.13020e-03  1.80082e+00 -1.21747e-02  2.50501e+00  2.71996e+00
 4.14000e+01  5.03516e-01 -6.06185e-03  1.80087e+00 -1.20390e-02  2.50505e+00  2.72005e+00
 4.15000e+01  5.03512e-01 -5.99402e-03  1.80093e+00 -1.19044e-02  2.50511e+00  2.72015e+00
 4.16000e+01  5.03507e-01 -5.92684e-03  1.80098e+00 -1.17711e-02  2.50515e+00  2.72024e+00
 4.17000e+01  5.03502e-01 -5.86048e-03  1.80102e+00 -1.16394e-02  2.50518e+00  2.72032e+00
 4.18000e+01  5.03498e-01 -5.79408e-03  1.80106e+00 -1.15077e-02  2.50523e+00  2.72041e+00
 4.19000e+01  5.03493e-01 -5.72801e-03  1.80110e+00 -1.13766e-02  2.50525e+00  2.72048e+00
 4.20000e+01  5.03488e-01 -5.66192e-03  1.80113e+00 -1.12454e-02  2.50528e+00  2.72056e+00
 4.21000e+01  5.03484e-01 -5.59558e-03  1.80116e+00 -1.11137e-02  2.50530e+00  2.72062e+00
 4.22000e+01  5.03479e-01 -5.52938e-03  1.80119e+00 -1.09823e-02  2.50531e+00  2.72067e+00
 4.23000e+01  5.03475e-01 -5.46281e-03  1.80121e+00 -1.08502e-02  2.50533e+00  2.72073e+00
 4.24000e+01  5.03471e-01 -5.39606e-03  1.80123e+00 -1.07177e-02  2.50533e+00  2.72077e+00
 4.25000e+01  5.03468e-01 -5.32892e-03  1.80126e+00 -1.05844e-02  2.50534e+00  2.72081e+00
 4.26000e+01  5.03464e-01 -5.26132e-03  1.80128e+00 -1.04502e-02  2.50534e+00  2.72085e+00
 4.27000e+01  5.03461e-01 -5.19349e-03  1.80129e+00 -1.03156e-02  2.50534e+00  2.72088e+00
 4.28000e+01  5.03458e-01 -5.12498e-03  1.80131e+00 -1.01796e-02  2.50534e+00  2.72092e+00
 4.29000e+01  5.03455e-01 -5.05621e-03  1.80134e+00 -1.00430e-02  2.50535e+00  2.72095e+00
 4.30000e+01  5.03452e-01 -4.98693e-03  1.80136e+00 -9.90549e-03  2.50536e+00  2.72099e+00
 4.31000e+01  5.03449e-01 -4.91710e-03  1.80138e+00 -9.76683e-03  2.50537e+00  2.72103e+00
 4.32000e+01  5.03446e-01 -4.84706e-03  1.80141e+00 -9.62777e-03  2.50538e+00  2.72107e+00
 4.33000e+01  5.03443e-01 -4.77620e-03  1.80143e+00 -9.48706e-03  2.50541e+00  2.72113e+00
 4.34000e+01  5.03441e-01 -4.70511e-03  1.80146e+00 -9.34590e-03  2.50542e+00  2.72117e+00
 4.35000e+01  5.03438e-01 -4.63372e-03  1.80149e+00 -9.20414e-03  2.50545e+00  2.72122e+00
 4.36000e+01  5.03436e-01 -4.56157e-03  1.80152e+00 -9.06087e-03  2.50548e+00  2.72127e+00
 4.37000e+01  5.03433e-01 -4.48937e-03  1.80155e+00 -8.91752e-03  2.50550e+00  2.72131e+00
 4.38000e+01  5.03431e-01 -4.41686e-03  1.80159e+00 -8.77352e-03  2.50552e+00  2.72136e+00
 4.39000e+01  5.03428e-01 -4.34406e-03  1.80162e+00 -8.62897e-03  2.50554e+00  2.72141e+00
 4.40000e+01  5.03425e-01 -4.27129e-03  1.80166e+00 -8.48446e-03  2.50556e+00  2.72146e+00
 4.41000e+01  5.03423e-01 -4.19841e-03  1.80169e+00 -8.33973e-03  2.50559e+00  2.72151e+00
 4.42000e+01  5.03420e-01 -4.12578e-03  1.80173e+00 -8.19552e-03  2.50561e+00  2.72156e+00
 4.43000e+01  5.03417e-01 -4.05332e-03  1.80177e+00 -8.05161e-03  2.50564e+00  2.72161e+00
 4.44000e+01  5.03413e-01 -3.98097e-03  1.80181e+00 -7.90797e-03  2.50567e+00  2.72168e+00
 4.45000e+01  5.03409e-01 -3.90908e-03  1.80185e+00 -7.76522e-03  2.50570e+00  2.72175e+00
 4.46000e+01  5.03405e-01 -3.83750e-03  1.80190e+00 -7.62309e-03  2.50574e+00  2.72183e+00
 4.47000e+01  5.03400e-01 -3.76637e-03  1.80194e+00 -7.48186e-03  2.50578e+00  2.72191e+00
 4.48000e+01  5.03395e-01 -3.69570e-03  1.80199e+00 -7.34154e-03  2.50582e+00  2.72200e+00
 4.49000e+01  5.03390e-01 -3.62517e-03  1.80203e+00 -7.20151e-03  2.50587e+00  2.72210e+00
 4.50000e+01  5.03385e-01 -3.55514e-03  1.80208e+00 -7.06246e-03  2.50591e+00  2.72220e+00
 4.51000e+01  5.03380e-01 -3.48539e-03  1.80212e+00 -6.92397e-03  2.50596e+00  2.72229e+00
 4.52000e+01  5.03375e-01 -3.41565e-03  1.80216e+00 -6.78549e-03  2.50600e+00  2.72239e+00
 4.53000e+01  5.03370e-01 -3.34607e-03  1.80220e+00 -6.64734e-03  2.50604e+00  2.72247e+00
 4.54000e+01  5.03365e-01 -3.27656e-03  1.80224e+00 -6.50930e-03  2.50607e+00  2.72255e+00
 4.55000e+01  5.03361e-01 -3.20702e-03  1.80227e+00 -6.37121e-03  2.50610e+00  2.72262e+00
 4.56000e+01  5.03357e-01 -3.13720e-03  1.80230e+00 -6.23256e-03  2.50612e+00  2.72268e+00
 4.57000e+01  5.03353e-01 -3.06742e-03  1.80232e+00 -6.09397e-03  2.50614e+00  2.72273e+00
 4.58000e+01  5.03350e-01 -2.99727e-03  1.80234e+00 -5.95463e-03  2.50614e+00  2.72277e+00
 4.59000e+01  5.03348e-01 -2.92683e-03  1.80235e+00 -5.81473e-03  2.50615e+00  2.72280e+00
 4.60000e+01  5.03346e-01 -2.85698e-03  1.80236e+00 -5.67599e-03  2.50614e+00  2.72282e+00
 4.61000e+01  5.03344e-01 -2.78665e-03  1.80236e+00 -5.53628e-03  2.50613e+00  2.72282e+00
 4.62000e+01  5.03343e-01 -2.71636e-03  1.80236e+00 -5.39664e-03  2.50613e+00  2.72283e+00
 4.63000e+01  5.03342e-01 -2.64658e-03  1.80236e+00 -5.25801e-03  2.50611e+00  2.72282e+00
 4.64000e+01  5.03342e-01 -2.57664e-03  1.80235e+00 -5.11907e-03  2.50609e+00  2.72280e+00
 4.65000e+01  5.03342e-01 -2.50706e-03  1.80235e+00 -4.98082e-03  2.50608e+00  2.72279e+00
 4.66000e+01  5.03342e-01 -2.43745e-03  1.80234e+00 -4.84253e-03  2.50606e+00  2.72276e+00
 4.67000e+01  5.03343e-01 -2.36786e-03  1.80233e+00 -4.70427e-03  2.50604e+00  2.72275e+00
 4.68000e+01  5.03344e-01 -2.29807e-03  1.80233e+00 -4.56560e-03  2.50604e+00  2.72273e+00
 4.69000e+01  5.03344e-01 -2.22778e-03  1.80233e+00 -4.42596e-03  2.50603e+00  2.72271e+00
 4.70000e+01  5.03345e-01 -2.15716e-03  1.80232e+00 -4.28564e-03  2.50603e+00  2.72271e+00
 4.71000e+01  5.03347e-01 -2.08544e-03  1.80233e+00 -4.14315e-03  2.50604e+00  2.72270e+00
 4.72000e+01  5.03348e-01 -2.01304e-03  1.80233e+00 -3.99930e-03  2.50605e+00  2.72270e+00
 4.73000e+01  5.03349e-01 -1.93986e-03  1.80234e+00 -3.85390e-03  2.50607e+00  2.72271e+00
 4.74000e+01  5.03351e-01 -1.86555e-03  1.80234e+00 -3.70627e-03  2.50609e+00  2.72272e+00
 4.75000e+01  5.03352e-01 -1.79057e-03  1.80235e+00 -3.55730e-03  2.50611e+00  2.72272e+00
 4.76000e+01  5.03354e-01 -1.71489e-03  1.80236e+00 -3.40692e-03  2.50613e+00  2.72273e+00
 4.77000e+01  5.03356e-01 -1.63901e-03  1.80237e+00 -3.25616e-03  2.50615e+00  2.72273e+00
 4.78000e+01  5.03358e-01 -1.56303e-03  1.80239e+00 -3.10520e-03  2.50616e+00  2.72272e+00
 4.79000e+01  5.03360e-01 -1.48729e-03  1.80240e+00 -2.95474e-03  2.50617e+00  2.72271e+00
 4.80000e+01  5.03361e-01 -1.41260e-03  1.80241e+00 -2.80633e-03  2.50617e+00  2.72269e+00
 4.81000e+01  5.03363e-01 -1.33868e-03  1.80242e+00 -2.65947e-03  2.50616e+00  2.72267e+00
 4.82000e+01  5.03364e-01 -1.26596e-03  1.80243e+00 -2.51500e-03  2.50616e+00  2.72266e+00
 4.83000e+01  5.03364e-01 -1.19492e-03  1.80244e+00 -2.37388e-03  2.50615e+00  2.72264e+00
 4.84000e+01  5.03364e-01 -1.12520e-03  1.80246e+00 -2.23536e-03  2.50614e+00  2.72263e+00
 4.85000e+01  5.03362e-01 -1.05683e-03  1.80248e+00 -2.09955e-03  2.50614e+00  2.72265e+00
 4.86000e+01  5.03360e-01 -9.89697e-04  1.80249e+00 -1.96618e-03  2.50613e+00  2.72267e+00
 4.87000e+01  5.03356e-01 -9.23428e-04  1.80252e+00 -1.83454e-03  2.50614e+00  2.72271e+00
 4.88000e+01  5.03351e-01 -8.57763e-04  1.80254e+00 -1.70410e-03  2.50615e+00  2.72277e+00
 4.89000e+01  5.03346e-01 -7.92119e-04  1.80256e+00 -1.57371e-03  2.50618e+00  2.72285e+00
 4.90000e+01  5.03339e-01 -7.26228e-04  1.80259e+00 -1.44282e-03  2.50620e+00  2.72294e+00
 4.91000e+01  5.03331e-01 -6.59653e-04  1.80261e+00 -1.31057e-03  2.50624e+00  2.72305e+00
 4.92000e+01  5.03323e-01 -5.92046e-04  1.80264e+00 -1.17627e-03  2.50627e+00  2.72316e+00
 4.93000e+01  5.03315e-01 -5.23084e-04  1.80266e+00 -1.03928e-03  2.50631e+00  2.72328e+00
 4.94000e+01  5.03307e-01 -4.52374e-04  1.80268e+00 -8.98802e-04  2.50635e+00  2.72340e+00
 4.95000e+01  5.03299e-01 -3.80346e-04  1.80270e+00 -7.55705e-04  2.50638e+00  2.72351e+00
 4.96000e+01  5.03293e-01 -3.06559e-04  1.80271e+00 -6.09106e-04  2.50641e+00  2.72361e+00
 4.97000e+01  5.03287e-01 -2.31241e-04  1.80272e+00 -4.59461e-04  2.50644e+00  2.72369e+00
 4.98000e+01  5.03283e-01 -1.55043e-04  1.80273e+00 -3.08063e-04  2.50647e+00  2.72376e+00
 4.99000e+01  5.03280e-01 -7.75961e-05  1.80274e+00 -1.54181e-04  2.50648e+00  2.72379e+00
 5.00000e+01  5.03279e-01 -6.05027e-14  1.80274e+00 -1.20217e-13  2.50647e+00  2.72380e+00
 5.01000e+01  5.03280e-01  7.75961e-05  1.80274e+00  1.54181e-04  2.50648e+00  2.72379e+00
 5.02000e+01  5.03283e-01  1.55043e-04  1.80273e+00  3.08063e-04  2.50647e+00  2.72376e+00
 5.03000e+01  5.03287e-01  2.31241e-04  1.80272e+00  4.59461e-04  2.50644e+00  2.72369e+00
 5.04000e+01  5.03293e-01  3.06559e-04  1.80271e+00  6.09106e-04  2.50641e+00  2.72361e+00
 5.05000e+01  5.03299e-01  3.80346e-04  1.80270e+00  7.55705e-04  2.50638e+00  2.72351e+00
 5.06000e+01  5.03307e-01  4.52374e-04  1.80268e+00  8.98802e-04  2.50635e+00  2.72340e+00
 5.07000e+01  5.03315e-01  5.23084e-04  1.80266e+00  1.03928e-03  2.50631e+00  2.72328e+00
 5.08000e+01  5.03323e-01  5.92046e-04  1.80264e+00  1.17627e-03  2.50627e+00  2.72316e+00
 5.09000e+01  5.03331e-01  6.59653e-04  1.80261e+00  1.31057e-03  2.50624e+00  2.72305e+00
 5.10000e+01  5.03339e-01  7.26228e-04  1.80259e+00  1.44282e-03  2.50620e+00  2.72294e+00
 5.11000e+01  5.03346e-01  7.92119e-04  1.80256e+00  1.57371e-03  2.50618e+00  2.72285e+00
 5.12000e+01  5.03351e-01  8.57763e-04  1.80254e+00  1.70410e-03  2.50615e+00  2.72277e+00
 5.13000e+01  5.03356e-01  9.23428e-04  1.80252e+00  1.83454e-03  2.50614e+00  2.72271e+00
 5.14000e+01  5.03360e-01  9.89697e-04  1.80249e+00  1.96618e-03  2.50613e+00  2.72267e+00
 5.15000e+01  5.03362e-01  1.05683e-03  1.80248e+00  2.09955e-03  2.50614e+00  2.72265e+00
 5.16000e+01  5.03364e-01  1.12520e-03  1.80246e+00  2.23536e-03  2.50614e+00  2.72263e+00
 5.17000e+01  5.03364e-01  1.19492e-03  1.80244e+00  2.37388e-03  2.50615e+00  2.72264e+00
 5.18000e+01  5.03364e-01  1.26596e-03  1.80243e+00  2.51500e-03  2.50616e+00  2.72266e+00
 5.19000e+01  5.03363e-01  1.33868e-03  1.80242e+00  2.65947e-03  2.50616e+00  2.72267e+00
 5.20000e+01  5.03361e-01  1.41260e-03  1.80241e+00  2.80633e-03  2.50617e+00  2.72269e+00
 5.21000e+01  5.03360e-01  1.48729e-03  1.80240e+00  2.95474e-03  2.50617e+00  2.72271e+00
 5.22000e+01  5.03358e-01  1.56303e-03  1.80239e+00  3.10520e-03  2.50616e+00  2.72272e+00
 5.23000e+01  5.03356e-01  1.63901e-03  1.80237e+00  3.25616e-03  2.50615e+00  2.72273e+00
 5.24000e+01  5.03354e-01  1.71489e-03  1.80236e+00  3.40692e-03  2.50613e+00  2.72273e+00
 5.25000e+01  5.03352e-01  1.79057e-03  1.80235e+00  3.55730e-03  2.50611e+00  2.72272e+00
 5.26000e+01  5.03351e-01  1.86555e-03  1.80234e+00  3.70627e-03  2.50609e+00  2.72272e+00
 5.27000e+01  5.03349e-01  1.93986e-03  1.80234e+00  3.85390e-03  2.50607e+00  2.72271e+00
 5.28000e+01  5.03348e-01  2.01304e-03  1.80233e+00  3.99930e-03  2.50605e+00  2.72270e+00
 5.29000e+01  5.03347e-01  2.08544e-03  1.80233e+00  4.14315e-03  2.50604e+00  2.72270e+00
 5.30000e+01  5.03345e-01  2.15716e-03  1.80232e+00  4.28564e-03  2.50603e+00  2.72271e+00
 5.31000e+01  5.03344e-01  2.22778e-03  1.80233e+00  4.42596e-03  2.50603e+00  2.72271e+00
 5.32000e+01  5.03344e-01  2.29807e-03  1.80233e+00  4.56560e-03  2.50604e+00  2.72273e+00
 5.33000e+01  5.03343e-01  2.36786e-03  1.80233e+00  4.70427e-03  2.50604e+00  2.72275e+00
 5.34000e+01  5.03342e-01  2.43745e-03  1.80234e+00  4.84253e-03  2.50606e+00  2.72276e+00
 5.35000e+01  5.03342e-01  2.50706e-03  1.80235e+00  4.98082e-03  2.50608e+00  2.72279e+00
 5.36000e+01  5.03342e-01  2.57664e-03  1.80235e+00  5.11907e-03  2.50609e+00  2.72280e+00
 5.37000e+01  5.03342e-01  2.64658e-03  1.80236e+00  5.25801e-03  2.50611e+00  2.72282e+00
 5.38000e+01  5.03343e-01  2.71636e-03  1.80236e+00  5.39664e-03  2.50613e+00  2.72283e+00
 5.39000e+01  5.03344e-01  2.78665e-03  1.80236e+00  5.53628e-03  2.50613e+00  2.72282e+00
 5.40000e+01  5.03346e-01  2.85698e-03  1.80236e+00  5.67599e-03  2.50614e+00  2.72282e+00
 5.41000e+01  5.03348e-01  2.92683e-03  1.80235e+00  5.81473e-03  2.50615e+00  2.72280e+00
 5.42000e+01  5.03350e-01  2.99727e-03  1.80234e+00  5.95463e-03  2.50614e+00  2.72277e+00
 5.43000e+01  5.03353e-01  3.06742e-03  1.80232e+00  6.09397e-03  2.50614e+00  2.72273e+00
 5.44000e+01  5.03357e-01  3.13720e-03  1.80230e+00  6.23256e-03  2.50612e+00  2.72268e+00
 5.45000e+01  5.03361e-01  3.20702e-03  1.80227e+00  6.37121e-03  2.50610e+00  2.72262e+00
 5.46000e+01  5.03365e-01  3.27656e-03  1.80224e+00  6.50930e-03  2.50607e+00  2.72255e+00
 5.47000e+01  5.03370e-01  3.34607e-03  1.80220e+00  6.64734e-03  2.50604e+00  2.72247e+00
 5.48000e+01  5.03375e-01  3.41565e-03  1.80216e+00  6.78549e-03  2.50600e+00  2.72239e+00
 5.49000e+01  5.03380e-01  3.48539e-03  1.80212e+00  6.92397e-03  2.50596e+00  2.72229e+00
 5.50000e+01  5.03385e-01  3.55514e-03  1.80208e+00  7.06246e-03  2.50591e+00  2.72220e+00
 5.51000e+01  5.03390e-01  3.62517e-03  1.80203e+00  7.20151e-03  2.50587e+00  2.72210e+00
 5.52000e+01  5.03395e-01  3.69570e-03  1.80199e+00  7.34154e-03  2.50582e+00  2.72200e+00
 5.53000e+01  5.03400e-01  3.76637e-03  1.80194e+00  7.48186e-03  2.50578e+00  2.72191e+00
 5.54000e+01  5.03405e-01  3.83750e-03  1.80190e+00  7.62309e-03  2.50574e+00  2.72183e+00
 5.55000e+01  5.03409e-01  3.90908e-03  1.80185e+00  7.76522e-03  2.50570e+00  2.72175e+00
 5.56000e+01  5.03413e-01  3.98097e-03  1.80181e+00  7.90797e-03  2.50567e+00  2.72168e+00
 5.57000e+01  5.03417e-01  4.05332e-03  1.80177e+00  8.05161e-03  2.50564e+00  2.72161e+00
 5.58000e+01  5.03420e-01  4.12578e-03  1.80173e+00  8.19552e-03  2.50561e+00  2.72156e+00
 5.59000e+01  5.03423e-01  4.19841e-03  1.80169e+00  8.33973e-03  2.50559e+00  2.72151e+00
 5.60000e+01  5.03425e-01  4.27129e-03  1.80166e+00  8.48446e-03  2.50556e+00  2.72146e+00
 5.61000e+01  5.03428e-01  4.34406e-03  1.80162e+00  8.62897e-03  2.50554e+00  2.72141e+00
 5.62000e+01  5.03431e-01  4.41686e-03  1.80159e+00  8.77352e-03  2.50552e+00  2.72136e+00
 5.63000e+01  5.03433e-01  4.48937e-03  1.80155e+00  8.91752e-03  2.50550e+00  2.72131e+00
 5.64000e+01  5.03436e-01  4.56157e-03  1.80152e+00  9.06087e-03  2.50548e+00  2.72127e+00
 5.65000e+01  5.03438e-01  4.63372e-03  1.80149e+00  9.20414e-03  2.50545e+00  2.72122e+00
 5.66000e+01  5.03441e-01  4.70511e-03  1.80146e+00  9.34590e-03  2.50542e+00  2.72117e+00
 5.67000e+01  5.03443e-01  4.77620e-03  1.80143e+00  9.48706e-03  2.50541e+00  2.72113e+00
 5.68000e+01  5.03446e-01  4.84706e-03  1.80141e+00  9.62777e-03  2.50538e+00  2.72107e+00
 5.69000e+01  5.03449e-01  4.91710e-03  1.80138e+00  9.76683e-03  2.50537e+00  2.72103e+00
 5.70000e+01  5.03452e-01  4.98693e-03  1.80136e+00  9.90549e-03  2.50536e+00  2.72099e+00
 5.71000e+01  5.03455e-01  5.05621e-03  1.80134e+00  1.00430e-02  2.50535e+00  2.72095e+00
 5.72000e+01  5.03458e-01  5.12498e-03  1.80131e+00  1.01796e-02  2.50534e+00  2.72092e+00
 5.73000e+01  5.03461e-01  5.19349e-03  1.80129e+00  1.03156e-02  2.50534e+00  2.72088e+00
 5.74000e+01  5.03464e-01  5.26132e-03  1.80128e+00  1.04502e-02  2.50534e+00  2.72085e+00
 5.75000e+01  5.03468e-01  5.32892e-03  1.80126e+00  1.05844e-02  2.50534e+00  2.72081e+00
 5.76000e+01  5.03471e-01  5.39606e-03  1.80123e+00  1.07177e-02  2.50533e+00  2.72077e+00
 5.77000e+01  5.03475e-01  5.46281e-03  1.80121e+00  1.08502e-02  2.50533e+00  2.72073e+00
 5.78000e+01  5.03479e-01  5.52938e-03  1.80119e+00  1.09823e-02  2.50531e+00  2.72067e+00
 5.79000e+01  5.03484e-01  5.59558e-03  1.80116e+00  1.11137e-02  2.50530e+00  2.72062e+00
 5.80000e+01  5.03488e-01  5.66192e-03  1.80113e+00  1.12454e-02  2.50528e+00  2.72056e+00
 5.81000e+01  5.03493e-01  5.72801e-03  1.80110e+00  1.13766e-02  2.50525e+00  2.72048e+00
 5.82000e+01  5.03498e-01  5.79408e-03  1.80106e+00  1.15077e-02  2.50523e+00  2.72041e+00
 5.83000e+01  5.03502e-01  5.86048e-03  1.80102e+00  1.16394e-02  2.50518e+00  2.72032e+00
 5.84000e+01  5.03507e-01  5.92684e-03  1.80098e+00  1.17711e-02  2.50515e+00  2.72024e+00
 5.85000e+01  5.03512e-01  5.99402e-03  1.80093e+00  1.19044e-02  2.50511e+00  2.72015e+00
 5.86000e+01  5.03516e-01  6.06185e-03  1.80087e+00  1.20390e-02  2.50505e+00  2.72005e+00
 5.87000e+01  5.03521e-01  6.13020e-03  1.80082e+00  1.21747e-02  2.50501e+00  2.71996e+00
 5.88000e+01  5.03525e-01  6.19972e-03  1.80076e+00  1.23126e-02  2.50495e+00  2.71987e+00
 5.89000e+01  5.03529e-01  6.27007e-03  1.80069e+00  1.24522e-02  2.50490e+00  2.71977e+00
 5.90000e+01  5.03534e-01  6.34132e-03  1.80063e+00  1.25936e-02  2.50485e+00  2.71968e+00
 5.91000e+01  5.03538e-01  6.41359e-03  1.80057e+00  1.27371e-02  2.50479e+00  2.71958e+00
 5.92000e+01  5.03542e-01  6.48674e-03  1.80050e+00  1.28822e-02  2.50474e+00  2.71949e+00
 5.93000e+01  5.03546e-01  6.56071e-03  1.80044e+00  1.30290e-02  2.50469e+00  2.71939e+00
 5.94000e+01  5.03551e-01  6.63523e-03  1.80038e+00  1.31769e-02  2.50463e+00  2.71930e+00
 5.95000e+01  5.03555e-01  6.71016e-03  1.80031e+00  1.33256e-02  2.50459e+00  2.71921e+00
 5.96000e+01  5.03560e-01  6.78510e-03  1.80026e+00  1.34743e-02  2.50454e+00  2.71911e+00
 5.97000e+01  5.03565e-01  6.85977e-03  1.80020e+00  1.36224e-02  2.50449e+00  2.71902e+00
 5.98000e+01  5.03570e-01  6.93403e-03  1.80015e+00  1.37697e-02  2.50445e+00  2.71892e+00
 5.99000e+01  5.03575e-01  7.00754e-03  1.80010e+00  1.39156e-02  2.50440e+00  2.71883e+00
 6.00000e+01  5.03581e-01  7.07998e-03  1.80005e+00  1.40593e-02  2.50437e+00  2.71874e+00
 6.01000e+01  5.03587e-01  7.15112e-03  1.80000e+00  1.42004e-02  2.50433e+00  2.71865e+00
 6.02000e+01  5.03592e-01  7.22068e-03  1.79995e+00  1.43384e-02  2.50430e+00  2.71856e+00
 6.03000e+01  5.03598e-01  7.28849e-03  1.79991e+00  1.44728e-02  2.50427e+00  2.71848e+00
 6.04000e+01  5.03604e-01  7.35477e-03  1.79987e+00  1.46043e-02  2.50424e+00  2.71839e+00
 6.05000e+01  5.03610e-01  7.41938e-03  1.79983e+00  1.47324e-02  2.50422e+00  2.71831e+00
 6.06000e+01  5.03616e-01  7.48226e-03  1.79978e+00  1.48571e-02  2.50420e+00  2.71822e+00
 6.07000e+01  5.03622e-01  7.54371e-03  1.79975e+00  1.49789e-02  2.50417e+00  2.71814e+00
 6.08000e+01  5.03628e-01  7.60388e-03  1.79971e+00  1.50982e-02  2.50416e+00  2.71807e+00
 6.09000e+01  5.03634e-01  7.66317e-03  1.79967e+00  1.52158e-02  2.50413e+00  2.71799e+00
 6.10000e+01  5.03639e-01  7.72179e-03  1.79963e+00  1.53320e-02  2.50412e+00  2.71791e+00
 6.11000e+01  5.03645e-01  7.78034e-03  1.79958e+00  1.54481e-02  2.50409e+00  2.71783e+00
 6.12000e+01  5.03651e-01  7.83914e-03  1.79954e+00  1.55646e-02  2.50406e+00  2.71775e+00
 6.13000e+01  5.03656e-01  7.89812e-03  1.79950e+00  1.56816e-02  2.50404e+00  2.71767e+00
 6.14000e+01  5.03662e-01  7.95833e-03  1.79945e+00  1.58009e-02  2.50401e+00  2.71758e+00
 6.15000e+01  5.03667e-01  8.01991e-03  1.79940e+00  1.59230e-02  2.50397e+00  2.71749e+00
 6.16000e+01  5.03672e-01  8.08288e-03  1.79934e+00  1.60479e-02  2.50393e+00  2.71740e+00
 6.17000e+01  5.03678e-01  8.14795e-03  1.79929e+00  1.61769e-02  2.50388e+00  2.71730e+00
 6.18000e+01  5.03683e-01  8.21485e-03  1.79922e+00  1.63096e-02  2.50383e+00  2.71720e+00
 6.19000e+01  5.03688e-01  8.28378e-03  1.79916e+00  1.64463e-02  2.50377e+00  2.71709e+00
 6.20000e+01  5.03693e-01  8.35460e-03  1.79909e+00  1.65867e-02  2.50371e+00  2.71698e+00
 6.21000e+01  5.03698e-01  8.42705e-03  1.79902e+00  1.67304e-02  2.50364e+00  2.71687e+00
 6.22000e+01  5.03703e-01  8.50143e-03  1.79895e+00  1.68779e-02  2.50357e+00  2.71675e+00
 6.23000e+01  5.03707e-01  8.57659e-03  1.79887e+00  1.70269e-02  2.50350e+00  2.71663e+00
 6.24000e+01  5.03712e-01  8.65252e-03  1.79879e+00  1.71775e-02  2.50342e+00  2.71651e+00
 6.25000e+01  5.03716e-01  8.72904e-03  1.79871e+00  1.73293e-02  2.50335e+00  2.71639e+00
 6.26000e+01  5.03721e-01  8.80485e-03  1.79863e+00  1.74796e-02  2.50328e+00  2.71628e+00
 6.27000e+01  5.03725e-01  8.88030e-03  1.79855e+00  1.76293e-02  2.50320e+00  2.71616e+00
 6.28000e+01  5.03730e-01  8.95447e-03  1.79847e+00  1.77763e-02  2.50313e+00  2.71605e+00
 6.29000e+01  5.03735e-01  9.02711e-03  1.79839e+00  1.79204e-02  2.50306e+00  2.71593e+00
 6.30000e+01  5.03739e-01  9.09827e-03  1.79832e+00  1.80615e-02  2.50300e+00  2.71582e+00
 6.31000e+01  5.03745e-01  9.16682e-03  1.79824e+00  1.81974e-02  2.50294e+00  2.71571e+00
 6.32000e+01  5.03750e-01  9.23352e-03  1.79817e+00  1.83296e-02  2.50288e+00  2.71560e+00
 6.33000e+01  5.03756e-01  9.29791e-03  1.79810e+00  1.84572e-02  2.50282e+00  2.71549e+00
 6.34000e+01  5.03762e-01  9.35998e-03  1.79803e+00  1.85802e-02  2.50277e+00  2.71537e+00
 6.35000e+01  5.03768e-01  9.42039e-03  1.79796e+00  1.86998e-02  2.50272e+00  2.71526e+00
 6.36000e+01  5.03775e-01  9.47865e-03  1.79790e+00  1.88152e-02  2.50267e+00  2.71514e+00
 6.37000e+01  5.03783e-01  9.53557e-03  1.79784e+00  1.89280e-02  2.50263e+00  2.71503e+00
 6.38000e+01  5.03790e-01  9.59126e-03  1.79778e+00  1.90382e-02  2.50258e+00  2.71491e+00
 6.39000e+01  5.03798e-01  9.64611e-03  1.79773e+00  1.91468e-02  2.50254e+00  2.71479e+00
 6.40000e+01  5.03806e-01  9.70077e-03  1.79768e+00  1.92550e-02  2.50250e+00  2.71468e+00
 6.41000e+01  5.03814e-01  9.75519e-03  1.79763e+00  1.93627e-02  2.50246e+00  2.71456e+00
 6.42000e+01  5.03822e-01  9.81021e-03  1.79758e+00  1.94716e-02  2.50243e+00  2.71445e+00
 6.43000e+01  5.03830e-01  9.86576e-03  1.79752e+00  1.95815e-02  2.50238e+00  2.71432e+00
 6.44000e+01  5.03837e-01  9.92215e-03  1.79747e+00  1.96932e-02  2.50233e+00  2.71420e+00
 6.45000e+01  5.03844e-01  9.97998e-03  1.79741e+00  1.98077e-02  2.50229e+00  2.71409e+00
 6.46000e+01  5.03851e-01  1.00389e-02  1.79735e+00  1.99243e-02  2.50224e+00  2.71397e+00
 6.47000e+01  5.03858e-01  1.00991e-02  1.79728e+00  2.00436e-02  2.50218e+00  2.71386e+00
 6.48000e+01  5.03864e-01  1.01610e-02  1.79720e+00  2.01661e-02  2.50212e+00  2.71373e+00
 6.49000e+01  5.03869e-01  1.02244e-02  1.79713e+00  2.02918e-02  2.50205e+00  2.71361e+00
 6.50000e+01  5.03874e-01  1.02891e-02  1.79704e+00  2.04200e-02  2.50198e+00  2.71349e+00
 6.51000e+01  5.03879e-01  1.03551e-02  1.79695e+00  2.05508e-02  2.50189e+00  2.71336e+00
 6.52000e+01  5.03883e-01  1.04225e-02  1.79686e+00  2.06844e-02  2.50181e+00  2.71324e+00
 6.53000e+01  5.03887e-01  1.04908e-02  1.79676e+00  2.08198e-02  2.50172e+00  2.71311e+00
 6.54000e+01  5.03891e-01  1.05597e-02  1.79667e+00  2.09564e-02  2.50163e+00  2.71298e+00
 6.55000e+01  5.03895e-01  1.06292e-02  1.79657e+00  2.10940e-02  2.50153e+00  2.71284e+00
 6.56000e+01  5.03899e-01  1.06988e-02  1.79647e+00  2.12321e-02  2.50144e+00  2.71271e+00
 6.57000e+01  5.03903e-01  1.07682e-02  1.79637e+00  2.13696e-02  2.50135e+00  2.71258e+00
 6.58000e+01  5.03908e-01  1.08373e-02  1.79627e+00  2.15065e-02  2.50125e+00  2.71243e+00
 6.59000e+01  5.03913e-01  1.09058e-02  1.79618e+00  2.16422e-02  2.50115e+00  2.71229e+00
 6.60000e+01  5.03918e-01  1.09730e-02  1.79608e+00  2.17754e-02  2.50106e+00  2.71215e+00
 6.61000e+01  5.03923e-01  1.10389e-02  1.79599e+00  2.19059e-02  2.50096e+00  2.71201e+00
 6.62000e+01  5.03929e-01  1.11028e-02  1.79590e+00  2.20324e-02  2.50088e+00  2.71187e+00
 6.63000e+01  5.03934e-01  1.11649e-02  1.79582e+00  2.21556e-02  2.50079e+00  2.71173e+00
 6.64000e+01  5.03940e-01  1.12255e-02  1.79573e+00  2.22754e-02  2.50070e+00  2.71158e+00
 6.65000e+01  5.03947e-01  1.12838e-02  1.79565e+00  2.23909e-02  2.50062e+00  2.71144e+00
 6.66000e+01  5.03953e-01  1.13404e-02  1.79557e+00  2.25028e-02  2.50054e+00  2.71129e+00
 6.67000e+01  5.03960e-01  1.13953e-02  1.79549e+00  2.26115e-02  2.50047e+00  2.71116e+00
 6.68000e+01  5.03966e-01  1.14491e-02  1.79540e+00  2.27179e-02  2.50039e+00  2.71102e+00
 6.69000e+01  5.03973e-01  1.15019e-02  1.79532e+00  2.28224e-02  2.50031e+00  2.71087e+00
 6.70000e+01  5.03980e-01  1.15538e-02  1.79524e+00  2.29251e-02  2.50023e+00  2.71073e+00
 6.71000e+01  5.03986e-01  1.16056e-02  1.79516e+00  2.30276e-02  2.50015e+00  2.71059e+00
 6.72000e+01  5.03993e-01  1.16571e-02  1.79507e+00  2.31295e-02  2.50008e+00  2.71045e+00
 6.73000e+01  5.03999e-01  1.17085e-02  1.79499e+00  2.32311e-02  2.50000e+00  2.71031e+00
 6.74000e+01  5.04006e-01  1.17606e-02  1.79490e+00  2.33343e-02  2.49990e+00  2.71015e+00
 6.75000e+01  5.04012e-01  1.18127e-02  1.79481e+00  2.34374e-02  2.49982e+00  2.71000e+00
 6.76000e+01  5.04018e-01  1.18649e-02  1.79472e+00  2.35407e-02  2.49973e+00  2.70986e+00
 6.77000e+01  5.04023e-01  1.19177e-02  1.79462e+00  2.36450e-02  2.49964e+00  2.70972e+00
 6.78000e+01  5.04029e-01  1.19701e-02  1.79453e+00  2.37488e-02  2.49954e+00  2.70956e+00
 6.79000e+01  5.04034e-01  1.20227e-02  1.79443e+00  2.38530e-02  2.49944e+00  2.70941e+00
 6.80000e+01  5.04039e-01  1.20751e-02  1.79433e+00  2.39567e-02  2.49934e+00  2.70926e+00
 6.81000e+01  5.04044e-01  1.21267e-02  1.79423e+00  2.40587e-02  2.49923e+00  2.70910e+00
 6.82000e+01  5.04049e-01  1.21779e-02  1.79412e+00  2.41602e-02  2.49911e+00  2.70895e+00
 6.83000e+01  5.04053e-01  1.22282e-02  1.79402e+00  2.42597e-02  2.49899e+00  2.70878e+00
 6.84000e+01  5.04058e-01  1.22778e-02  1.79391e+00  2.43579e-02  2.49886e+00  2.70861e+00
 6.85000e+01  5.04062e-01  1.23261e-02  1.79379e+00  2.44535e-02  2.49872e+00  2.70844e+00
 6.86000e+01  5.04065e-01  1.23729e-02  1.79368e+00  2.45462e-02  2.49859e+00  2.70827e+00
 6.87000e+01  5.04069e-01  1.24191e-02  1.79356e+00  2.46377e-02  2.49843e+00  2.70808e+00
 6.88000e+01  5.04072e-01  1.24639e-02  1.79343e+00  2.47265e-02  2.49826e+00  2.70789e+00
 6.89000e+01  5.04074e-01  1.25075e-02  1.79330e+00  2.48128e-02  2.49809e+00  2.70770e+00
 6.90000e+01  5.04076e-01  1.25497e-02  1.79317e+00  2.48964e-02  2.49791e+00  2.70750e+00
 6.91000e+01  5.04077e-01  1.25901e-02  1.79303e+00  2.49766e-02  2.49771e+00  2.70729e+00
 6.92000e+01  5.04077e-01  1.26293e-02  1.79288e+00  2.50544e-02  2.49749e+00  2.70708e+00
 6.93000e+01  5.04076e-01  1.26662e-02  1.79272e+00  2.51275e-02  2.49725e+00  2.70685e+00
 6.94000e+01  5.04075e-01  1.27004e-02  1.79256e+00  2.51955e-02  2.49700e+00  2.70662e+00
 6.95000e+01  5.04072e-01  1.27316e-02  1.79238e+00  2.52576e-02  2.49672e+00  2.70637e+00
 6.96000e+01  5.04068e-01  1.27587e-02  1.79219e+00  2.53115e-02  2.49642e+00  2.70611e+00
 6.97000e+01  5.04062e-01  1.27811e-02  1.79198e+00  2.53562e-02  2.49609e+00  2.70584e+00
 6.98000e+01  5.04055e-01  1.27975e-02  1.79177e+00  2.53891e-02  2.49573e+00  2.70555e+00
 6.99000e+01  5.04047e-01  1.28068e-02  1.79153e+00  2.54080e-02  2.49535e+00  2.70527e+00
 7.00000e+01  5.04036e-01  1.28080e-02  1.79128e+00  2.54109e-02  2.49493e+00  2.70495e+00
 7.01000e+01  5.04024e-01  1.27997e-02  1.79102e+00  2.53950e-02  2.49446e+00  2.70462e+00
 7.02000e+01  5.04010e-01  1.27805e-02  1.79073e+00  2.53577e-02  2.49396e+00  2.70426e+00
 7.03000e+01  5.03993e-01  1.27491e-02  1.79043e+00  2.52962e-02  2.49340e+00  2.70387e+00
 7.04000e+01  5.03973e-01  1.27039e-02  1.79010e+00  2.52075e-02  2.49279e+00  2.70347e+00
 7.05000e+01  5.03951e-01  1.26431e-02  1.78974e+00  2.50880e-02  2.49210e+00  2.70301e+00
 7.06000e+01  5.03925e-01  1.25649e-02  1.78935e+00  2.49341e-02  2.49134e+00  2.70252e+00
 7.07000e+01  5.03895e-01  1.24668e-02  1.78893e+00  2.47408e-02  2.49051e+00  2.70200e+00
 7.08000e+01  5.03861e-01  1.23469e-02  1.78848e+00  2.45045e-02  2.48957e+00  2.70140e+00
 7.09000e+01  5.03821e-01  1.22028e-02  1.78797e+00  2.42205e-02  2.48854e+00  2.70077e+00
 7.10000e+01  5.03776e-01  1.20314e-02  1.78742e+00  2.38824e-02  2.48738e+00  2.70008e+00
 7.11000e+01  5.03724e-01  1.18300e-02  1.78680e+00  2.34851e-02  2.48610e+00  2.69932e+00
 7.12000e+01  5.03664e-01  1.15954e-02  1.78613e+00  2.30221e-02  2.48467e+00  2.69851e+00
 7.13000e+01  5.03596e-01  1.13247e-02  1.78538e+00  2.24877e-02  2.48308e+00  2.69761e+00
 7.14000e+01  5.03518e-01  1.10144e-02  1.78455e+00  2.18748e-02  2.48133e+00  2.69665e+00
 7.15000e+01  5.03428e-01  1.06606e-02  1.78362e+00  2.11760e-02  2.47938e+00  2.69560e+00
 7.16000e+01  5.03327e-01  1.02605e-02  1.78260e+00  2.03853e-02  2.47722e+00  2.69446e+00
 7.17000e+01  5.03213e-01  9.80905e-03  1.78147e+00  1.94928e-02  2.47485e+00  2.69323e+00
 7.18000e+01  5.03085e-01  9.30294e-03  1.78022e+00  1.84918e-02  2.47224e+00  2.69191e+00
 7.19000e+01  5.02941e-01  8.73842e-03  1.77885e+00  1.73746e-02  2.46939e+00  2.69050e+00
 7.20000e+01  5.02781e-01  8.11054e-03  1.77735e+00  1.61313e-02  2.46627e+00  2.68898e+00
 7.21000e+01  5.02604e-01  7.41601e-03  1.77570e+00  1.47552e-02  2.46289e+00  2.68736e+00
 7.22000e+01  5.02408e-01  6.65052e-03  1.77391e+00  1.32373e-02  2.45922e+00  2.68564e+00
 7.23000e+01  5.02194e-01  5.81091e-03  1.77197e+00  1.15710e-02  2.45526e+00  2.68381e+00
 7.24000e+01  5.01959e-01  4.89403e-03  1.76987e+00  9.74986e-03  2.45101e+00  2.68187e+00
 7.25000e+01  5.01705e-01  3.89662e-03  1.76760e+00  7.76677e-03  2.44647e+00  2.67984e+00
 7.26000e+01  5.01429e-01  2.81764e-03  1.76518e+00  5.61921e-03  2.44162e+00  2.67770e+00
 7.27000e+01  5.01134e-01  1.65535e-03  1.76258e+00  3.30322e-03  2.43648e+00  2.67545e+00
 7.28000e+01  5.00817e-01  4.09531e-04  1.75983e+00  8.17725e-04  2.43104e+00  2.67310e+00
 7.29000e+01  5.00480e-01 -9.19291e-04  1.75691e+00 -1.83682e-03  2.42532e+00  2.67066e+00
 7.30000e+01  5.00124e-01 -2.32993e-03  1.75383e+00 -4.65870e-03  2.41932e+00  2.66812e+00
 7.31000e+01  4.99748e-01 -3.81899e-03  1.75059e+00 -7.64183e-03  2.41305e+00  2.66548e+00
 7.32000e+01  4.99355e-01 -5.38327e-03  1.74720e+00 -1.07804e-02  2.40654e+00  2.66275e+00
 7.33000e+01  4.98945e-01 -7.01769e-03  1.74368e+00 -1.40651e-02  2.39979e+00  2.65994e+00
 7.34000e+01  4.98520e-01 -8.71654e-03  1.74002e+00 -1.74848e-02  2.39283e+00  2.65704e+00
 7.35000e+01  4.98082e-01 -1.04735e-02  1.73625e+00 -2.10277e-02  2.38569e+00  2.65407e+00
 7.36000e+01  4.97632e-01 -1.22802e-02  1.73237e+00 -2.46773e-02  2.37840e+00  2.65103e+00
 7.37000e+01  4.97173e-01 -1.41282e-02  1.72840e+00 -2.84172e-02  2.37098e+00  2.64794e+00
 7.38000e+01  4.96707e-01 -1.60082e-02  1.72436e+00 -3.22286e-02  2.36346e+00  2.64479e+00
 7.39000e+01  4.96237e-01 -1.79099e-02  1.72027e+00 -3.60914e-02  2.35590e+00  2.64162e+00
 7.40000e+01  4.95765e-01 -1.98228e-02  1.71614e+00 -3.99843e-02  2.34830e+00  2.63841e+00
 7.41000e+01  4.95294e-01 -2.17355e-02  1.71201e+00 -4.38841e-02  2.34073e+00  2.63519e+00
 7.42000e+01  4.94826e-01 -2.36364e-02  1.70789e+00 -4.77670e-02  2.33322e+00  2.63199e+00
 7.43000e+01  4.94366e-01 -2.55132e-02  1.70381e+00 -5.16079e-02  2.32581e+00  2.62879e+00
 7.44000e+01  4.93915e-01 -2.73540e-02  1.69979e+00 -5.53821e-02  2.31855e+00  2.62564e+00
 7.45000e+01  4.93476e-01 -2.91466e-02  1.69585e+00 -5.90639e-02  2.31146e+00  2.62254e+00
 7.46000e+01  4.93052e-01 -3.08786e-02  1.69203e+00 -6.26275e-02  2.30460e+00  2.61950e+00
 7.47000e+01  4.92646e-01 -3.25376e-02  1.68834e+00 -6.60466e-02  2.29802e+00  2.61657e+00
 7.48000e+01  4.92261e-01 -3.41118e-02  1.68482e+00 -6.92961e-02  2.29175e+00  2.61375e+00
 7.49000e+01  4.91899e-01 -3.55898e-02  1.68148e+00 -7.23518e-02  2.28584e+00  2.61107e+00
 7.50000e+01  4.91562e-01 -3.69606e-02  1.67836e+00 -7.51902e-02  2.28031e+00  2.60853e+00
 7.51000e+01  4.91252e-01 -3.82141e-02  1.67547e+00 -7.77891e-02  2.27523e+00  2.60619e+00
 7.52000e+01  4.90973e-01 -3.93405e-02  1.67284e+00 -8.01277e-02  2.27062e+00  2.60404e+00
 7.53000e+01  4.90724e-01 -4.03316e-02  1.67048e+00 -8.21878e-02  2.26651e+00  2.60211e+00
 7.54000e+01  4.90510e-01 -4.11797e-02  1.66842e+00 -8.39528e-02  2.26293e+00  2.60041e+00
 7.55000e+01  4.90330e-01 -4.18784e-02  1.66667e+00 -8.54087e-02  2.25992e+00  2.59897e+00
 7.56000e+01  4.90186e-01 -4.24227e-02  1.66524e+00 -8.65441e-02  2.25749e+00  2.59779e+00
 7.57000e+01  4.90079e-01 -4.28082e-02  1.66416e+00 -8.73495e-02  2.25566e+00  2.59688e+00
 7.58000e+01  4.90011e-01 -4.30326e-02  1.66342e+00 -8.78197e-02  2.25443e+00  2.59625e+00
 7.59000e+01  4.89981e-01 -4.30943e-02  1.66302e+00 -8.79508e-02  2.25383e+00  2.59589e+00
 7.60000e+01  4.89991e-01 -4.29931e-02  1.66298e+00 -8.77426e-02  2.25384e+00  2.59582e+00
 7.61000e+01  4.90040e-01 -4.27299e-02  1.66329e+00 -8.71968e-02  2.25447e+00  2.59601e+00
 7.62000e+01  4.90128e-01 -4.23069e-02  1.66396e+00 -8.63180e-02  2.25571e+00  2.59648e+00
 7.63000e+01  4.90255e-01 -4.17273e-02  1.66496e+00 -8.51135e-02  2.25756e+00  2.59721e+00
 7.64000e+01  4.90420e-01 -4.09956e-02  1.66629e+00 -8.35930e-02  2.25999e+00  2.59819e+00
 7.65000e+01  4.90621e-01 -4.01171e-02  1.66795e+00 -8.17681e-02  2.26299e+00  2.59942e+00
 7.66000e+01  4.90858e-01 -3.90982e-02  1.66991e+00 -7.96529e-02  2.26653e+00  2.60087e+00
 7.67000e+01  4.91128e-01 -3.79467e-02  1.67216e+00 -7.72644e-02  2.27058e+00  2.60254e+00
 7.68000e+01  4.91430e-01 -3.66705e-02  1.67468e+00 -7.46200e-02  2.27512e+00  2.60440e+00
 7.69000e+01  4.91762e-01 -3.52787e-02  1.67745e+00 -7.17395e-02  2.28011e+00  2.60643e+00
 7.70000e+01  4.92121e-01 -3.37814e-02  1.68044e+00 -6.86445e-02  2.28550e+00  2.60863e+00
 7.71000e+01  4.92504e-01 -3.21885e-02  1.68363e+00 -6.53568e-02  2.29127e+00  2.61096e+00
 7.72000e+01  4.92909e-01 -3.05113e-02  1.68700e+00 -6.19005e-02  2.29736e+00  2.61341e+00
 7.73000e+01  4.93333e-01 -2.87613e-02  1.69050e+00 -5.83000e-02  2.30373e+00  2.61595e+00
 7.74000e+01  4.93772e-01 -2.69503e-02  1.69413e+00 -5.45805e-02  2.31033e+00  2.61858e+00
 7.75000e+01  4.94223e-01 -2.50904e-02  1.69784e+00 -5.07674e-02  2.31712e+00  2.62125e+00
 7.76000e+01  4.94684e-01 -2.31942e-02  1.70161e+00 -4.68868e-02  2.32404e+00  2.62395e+00
 7.77000e+01  4.95151e-01 -2.12737e-02  1.70541e+00 -4.29641e-02  2.33105e+00  2.62668e+00
 7.78000e+01  4.95620e-01 -1.93417e-02  1.70922e+00 -3.90253e-02  2.33809e+00  2.62940e+00
 7.79000e+01  4.96089e-01 -1.74108e-02  1.71300e+00 -3.50961e-02  2.34513e+00  2.63210e+00
 7.80000e+01  4.96553e-01 -1.54927e-02  1.71673e+00 -3.12005e-02  2.35212e+00  2.63476e+00
 7.81000e+01  4.97011e-01 -1.36000e-02  1.72039e+00 -2.73636e-02  2.35899e+00  2.63736e+00
 7.82000e+01  4.97459e-01 -1.17439e-02  1.72395e+00 -2.36079e-02  2.36573e+00  2.63989e+00
 7.83000e+01  4.97895e-01 -9.93549e-03  1.72739e+00 -1.99550e-02  2.37228e+00  2.64234e+00
 7.84000e+01  4.98315e-01 -8.18557e-03  1.73069e+00 -1.64265e-02  2.37862e+00  2.64471e+00
 7.85000e+01  4.98718e-01 -6.50323e-03  1.73384e+00 -1.30399e-02  2.38471e+00  2.64696e+00
 7.86000e+01  4.99102e-01 -4.89804e-03  1.73681e+00 -9.81372e-03  2.39051e+00  2.64911e+00
 7.87000e+01  4.99464e-01 -3.37761e-03  1.73961e+00 -6.76247e-03  2.39600e+00  2.65114e+00
 7.88000e+01  4.99803e-01 -1.94858e-03  1.74221e+00 -3.89868e-03  2.40116e+00  2.65305e+00
 7.89000e+01  5.00119e-01 -6.17332e-04  1.74461e+00 -1.23437e-03  2.40598e+00  2.65484e+00
 7.90000e+01  5.00409e-01  6.12170e-04  1.74681e+00  1.22334e-03  2.41043e+00  2.65649e+00
 7.91000e+01  5.00674e-01  1.73624e-03  1.74880e+00  3.46780e-03  2.41451e+00  2.65801e+00
 7.92000e+01  5.00912e-01  2.75256e-03  1.75058e+00  5.49508e-03  2.41821e+00  2.65940e+00
 7.93000e+01  5.01125e-01  3.66021e-03  1.75214e+00  7.30399e-03  2.42151e+00  2.66064e+00
 7.94000e+01  5.01310e-01  4.45861e-03  1.75350e+00  8.89392e-03  2.42442e+00  2.66175e+00
 7.95000e+01  5.01470e-01  5.14884e-03  1.75464e+00  1.02675e-02  2.42693e+00  2.66270e+00
 7.96000e+01  5.01604e-01  5.73218e-03  1.75558e+00  1.14277e-02  2.42905e+00  2.66351e+00
 7.97000e+01  5.01713e-01  6.21056e-03  1.75632e+00  1.23787e-02  2.43076e+00  2.66416e+00
 7.98000e+01  5.01798e-01  6.58655e-03  1.75687e+00  1.31259e-02  2.43208e+00  2.66465e+00
 7.99000e+01  5.01858e-01  6.86256e-03  1.75722e+00  1.36743e-02  2.43300e+00  2.66498e+00
 8.00000e+01  5.01896e-01  7.04146e-03  1.75738e+00  1.40297e-02  2.43353e+00  2.66514e+00
 8.01000e+01  5.01910e-01  7.12562e-03  1.75735e+00  1.41970e-02  2.43369e+00  2.66516e+00
 8.02000e+01  5.01903e-01  7.11773e-03  1.75715e+00  1.41815e-02  2.43345e+00  2.66500e+00
 8.03000e+01  5.01874e-01  7.02005e-03  1.75677e+00  1.39877e-02  2.43286e+00  2.66469e+00
 8.04000e+01  5.01824e-01  6.83444e-03  1.75621e+00  1.36192e-02  2.43191e+00  2.66423e+00
 8.05000e+01  5.01754e-01  6.56337e-03  1.75549e+00  1.30809e-02  2.43060e+00  2.66361e+00
 8.06000e+01  5.01663e-01  6.20815e-03  1.75461e+00  1.23751e-02  2.42897e+00  2.66286e+00
 8.07000e+01  5.01553e-01  5.77091e-03  1.75356e+00  1.15061e-02  2.42700e+00  2.66197e+00
 8.08000e+01  5.01423e-01  5.25345e-03  1.75235e+00  1.04771e-02  2.42472e+00  2.66095e+00
 8.09000e+01  5.01275e-01  4.65740e-03  1.75099e+00  9.29112e-03  2.42213e+00  2.65982e+00
 8.10000e+01  5.01107e-01  3.98551e-03  1.74948e+00  7.95340e-03  2.41925e+00  2.65856e+00
 8.11000e+01  5.00922e-01  3.23963e-03  1.74782e+00  6.46733e-03  2.41610e+00  2.65720e+00
 8.12000e+01  5.00719e-01  2.42297e-03  1.74602e+00  4.83898e-03  2.41267e+00  2.65573e+00
 8.13000e+01  5.00500e-01  1.53858e-03  1.74409e+00  3.07408e-03  2.40899e+00  2.65417e+00
 8.14000e+01  5.00266e-01  5.90049e-04  1.74202e+00  1.17947e-03  2.40507e+00  2.65252e+00
 8.15000e+01  5.00016e-01 -4.17913e-04  1.73984e+00 -8.35800e-04  2.40093e+00  2.65078e+00
 8.16000e+01  4.99753e-01 -1.48114e-03  1.73754e+00 -2.96374e-03  2.39660e+00  2.64897e+00
 8.17000e+01  4.99477e-01 -2.59377e-03  1.73513e+00 -5.19298e-03  2.39206e+00  2.64707e+00
 8.18000e+01  4.99191e-01 -3.75044e-03  1.73263e+00 -7.51305e-03  2.38738e+00  2.64512e+00
 8.19000e+01  4.98895e-01 -4.94440e-03  1.73005e+00 -9.91071e-03  2.38254e+00  2.64310e+00
 8.20000e+01  4.98590e-01 -6.16893e-03  1.72740e+00 -1.23727e-02  2.37759e+00  2.64103e+00
 8.21000e+01  4.98280e-01 -7.41774e-03  1.72469e+00 -1.48867e-02  2.37255e+00  2.63893e+00
 8.22000e+01  4.97964e-01 -8.68252e-03  1.72193e+00 -1.74360e-02  2.36743e+00  2.63678e+00
 8.23000e+01  4.97646e-01 -9.95655e-03  1.71914e+00 -2.00073e-02  2.36227e+00  2.63461e+00
 8.24000e+01  4.97327e-01 -1.12314e-02  1.71635e+00 -2.25836e-02  2.35709e+00  2.63242e+00
 8.25000e+01  4.97008e-01 -1.24996e-02  1.71355e+00 -2.51496e-02  2.35193e+00  2.63024e+00
 8.26000e+01  4.96692e-01 -1.37537e-02  1.71076e+00 -2.76906e-02  2.34681e+00  2.62806e+00
 8.27000e+01  4.96380e-01 -1.49848e-02  1.70801e+00 -3.01882e-02  2.34176e+00  2.62591e+00
 8.28000e+01  4.96074e-01 -1.61866e-02  1.70531e+00 -3.26295e-02  2.33682e+00  2.62379e+00
 8.29000e+01  4.95777e-01 -1.73514e-02  1.70266e+00 -3.49983e-02  2.33199e+00  2.62170e+00
 8.30000e+01  4.95489e-01 -1.84717e-02  1.70010e+00 -3.72798e-02  2.32732e+00  2.61968e+00
 8.31000e+01  4.95212e-01 -1.95411e-02  1.69764e+00 -3.94601e-02  2.32284e+00  2.61773e+00
 8.32000e+01  4.94949e-01 -2.05530e-02  1.69528e+00 -4.15254e-02  2.31857e+00  2.61586e+00
 8.33000e+01  4.94701e-01 -2.15021e-02  1.69304e+00 -4.34648e-02  2.31452e+00  2.61408e+00
 8.34000e+01  4.94468e-01 -2.23821e-02  1.69095e+00 -4.52650e-02  2.31072e+00  2.61239e+00
 8.35000e+01  4.94254e-01 -2.31888e-02  1.68900e+00 -4.69168e-02  2.30723e+00  2.61084e+00
 8.36000e+01  4.94058e-01 -2.39176e-02  1.68721e+00 -4.84105e-02  2.30401e+00  2.60940e+00
 8.37000e+01  4.93882e-01 -2.45646e-02  1.68560e+00 -4.97377e-02  2.30112e+00  2.60809e+00
 8.38000e+01  4.93728e-01 -2.51268e-02  1.68417e+00 -5.08921e-02  2.29855e+00  2.60691e+00
 8.39000e+01  4.93595e-01 -2.56010e-02  1.68292e+00 -5.18663e-02  2.29633e+00  2.60588e+00
 8.40000e+01  4.93486e-01 -2.59858e-02  1.68188e+00 -5.26577e-02  2.29448e+00  2.60501e+00
 8.41000e+01  4.93400e-01 -2.62794e-02  1.68103e+00 -5.32618e-02  2.29297e+00  2.60427e+00
 8.42000e+01  4.93338e-01 -2.64806e-02  1.68039e+00 -5.36765e-02  2.29184e+00  2.60369e+00
 8.43000e+01  4.93299e-01 -2.65895e-02  1.67995e+00 -5.39013e-02  2.29107e+00  2.60327e+00
 8.44000e+01  4.93286e-01 -2.66054e-02  1.67972e+00 -5.39351e-02  2.29068e+00  2.60299e+00
 8.45000e+01  4.93296e-01 -2.65297e-02  1.67969e+00 -5.37805e-02  2.29066e+00  2.60287e+00
 8.46000e+01  4.93330e-01 -2.63630e-02  1.67987e+00 -5.34388e-02  2.29098e+00  2.60288e+00
 8.47000e+01  4.93388e-01 -2.61064e-02  1.68024e+00 -5.29125e-02  2.29167e+00  2.60305e+00
 8.48000e+01  4.93468e-01 -2.57621e-02  1.68080e+00 -5.22063e-02  2.29270e+00  2.60336e+00
 8.49000e+01  4.93570e-01 -2.53322e-02  1.68155e+00 -5.13243e-02  2.29407e+00  2.60380e+00
 8.50000e+01  4.93693e-01 -2.48195e-02  1.68248e+00 -5.02732e-02  2.29576e+00  2.60437e+00
 8.51000e+01  4.93836e-01 -2.42276e-02  1.68357e+00 -4.90600e-02  2.29774e+00  2.60506e+00
 8.52000e+01  4.93997e-01 -2.35594e-02  1.68482e+00 -4.76914e-02  2.30002e+00  2.60589e+00
 8.53000e+01  4.94175e-01 -2.28195e-02  1.68621e+00 -4.61769e-02  2.30257e+00  2.60682e+00
 8.54000e+01  4.94369e-01 -2.20126e-02  1.68773e+00 -4.45268e-02  2.30536e+00  2.60785e+00
 8.55000e+01  4.94576e-01 -2.11437e-02  1.68937e+00 -4.27512e-02  2.30838e+00  2.60898e+00
 8.56000e+01  4.94796e-01 -2.02185e-02  1.69111e+00 -4.08623e-02  2.31159e+00  2.61019e+00
 8.57000e+01  4.95027e-01 -1.92426e-02  1.69294e+00 -3.88719e-02  2.31499e+00  2.61148e+00
 8.58000e+01  4.95267e-01 -1.82229e-02  1.69485e+00 -3.67941e-02  2.31854e+00  2.61283e+00
 8.59000e+01  4.95515e-01 -1.71664e-02  1.69681e+00 -3.46436e-02  2.32221e+00  2.61423e+00
 8.60000e+01  4.95768e-01 -1.60799e-02  1.69882e+00 -3.24344e-02  2.32598e+00  2.61567e+00
 8.61000e+01  4.96026e-01 -1.49710e-02  1.70087e+00 -3.01820e-02  2.32982e+00  2.61714e+00
 8.62000e+01  4.96287e-01 -1.38470e-02  1.70293e+00 -2.79013e-02  2.33371e+00  2.61862e+00
 8.63000e+01  4.96549e-01 -1.27159e-02  1.70499e+00 -2.56087e-02  2.33762e+00  2.62010e+00
 8.64000e+01  4.96810e-01 -1.15850e-02  1.70705e+00 -2.33187e-02  2.34153e+00  2.62159e+00
 8.65000e+01  4.97070e-01 -1.04616e-02  1.70908e+00 -2.10466e-02  2.34540e+00  2.62304e+00
 8.66000e+01  4.97326e-01 -9.35388e-03  1.71109e+00 -1.88083e-02  2.34923e+00  2.62448e+00
 8.67000e+01  4.97578e-01 -8.26859e-03  1.71304e+00 -1.66177e-02  2.35298e+00  2.62588e+00
 8.68000e+01  4.97824e-01 -7.21251e-03  1.71494e+00 -1.44881e-02  2.35663e+00  2.62723e+00
 8.69000e+01  4.98062e-01 -6.19193e-03  1.71678e+00 -1.24321e-02  2.36018e+00  2.62854e+00
 8.70000e+01  4.98292e-01 -5.21298e-03  1.71854e+00 -1.04617e-02  2.36359e+00  2.62979e+00
 8.71000e+01  4.98511e-01 -4.28122e-03  1.72022e+00 -8.58802e-03  2.36684e+00  2.63098e+00
 8.72000e+01  4.98720e-01 -3.40159e-03  1.72180e+00 -6.82065e-03  2.36993e+00  2.63210e+00
 8.73000e+01  4.98916e-01 -2.57874e-03  1.72329e+00 -5.16868e-03  2.37284e+00  2.63314e+00
 8.74000e+01  4.99100e-01 -1.81624e-03  1.72467e+00 -3.63902e-03  2.37555e+00  2.63411e+00
 8.75000e+01  4.99270e-01 -1.11726e-03  1.72593e+00 -2.23779e-03  2.37804e+00  2.63500e+00
 8.76000e+01  4.99424e-01 -4.84370e-04  1.72708e+00 -9.69856e-04  2.38032e+00  2.63581e+00
 8.77000e+01  4.99564e-01  8.06875e-05  1.72810e+00  1.61516e-04  2.38236e+00  2.63652e+00
 8.78000e+01  4.99688e-01  5.76323e-04  1.72899e+00  1.15337e-03  2.38417e+00  2.63715e+00
 8.79000e+01  4.99795e-01  1.00174e-03  1.72975e+00  2.00430e-03  2.38572e+00  2.63768e+00
 8.80000e+01  4.99885e-01  1.35691e-03  1.73037e+00  2.71444e-03  2.38701e+00  2.63811e+00
 8.81000e+01  4.99958e-01  1.64200e-03  1.73086e+00  3.28427e-03  2.38805e+00  2.63845e+00
 8.82000e+01  5.00014e-01  1.85794e-03  1.73121e+00  3.71578e-03  2.38882e+00  2.63869e+00
 8.83000e+01  5.00053e-01  2.00630e-03  1.73142e+00  4.01218e-03  2.38934e+00  2.63883e+00
 8.84000e+01  5.00075e-01  2.08865e-03  1.73149e+00  4.17667e-03  2.38958e+00  2.63887e+00
 8.85000e+01  5.00080e-01  2.10687e-03  1.73142e+00  4.21306e-03  2.38957e+00  2.63881e+00
 8.86000e+01  5.00068e-01  2.06336e-03  1.73122e+00  4.12617e-03  2.38931e+00  2.63866e+00
 8.87000e+01  5.00040e-01  1.96111e-03  1.73088e+00  3.92191e-03  2.38880e+00  2.63841e+00
 8.88000e+01  4.99996e-01  1.80323e-03  1.73042e+00  3.60648e-03  2.38805e+00  2.63809e+00
 8.89000e+01  4.99938e-01  1.59292e-03  1.72984e+00  3.18624e-03  2.38707e+00  2.63766e+00
 8.90000e+01  4.99865e-01  1.33334e-03  1.72914e+00  2.66740e-03  2.38587e+00  2.63715e+00
 8.91000e+01  4.99779e-01  1.02809e-03  1.72833e+00  2.05708e-03  2.38447e+00  2.63657e+00
 8.92000e+01  4.99681e-01  6.81013e-04  1.72743e+00  1.36290e-03  2.38286e+00  2.63591e+00
 8.93000e+01  4.99571e-01  2.95589e-04  1.72642e+00  5.91686e-04  2.38109e+00  2.63518e+00
 8.94000e+01  4.99450e-01 -1.23835e-04  1.72534e+00 -2.47943e-04  2.37914e+00  2.63438e+00
 8.95000e+01  4.99320e-01 -5.73490e-04  1.72417e+00 -1.14854e-03  2.37705e+00  2.63352e+00
 8.96000e+01  4.99182e-01 -1.04987e-03  1.72294e+00 -2.10318e-03  2.37483e+00  2.63261e+00
 8.97000e+01  4.99037e-01 -1.54885e-03  1.72165e+00 -3.10369e-03  2.37249e+00  2.63165e+00
 8.98000e+01  4.98885e-01 -2.06674e-03  1.72032e+00 -4.14272e-03  2.37005e+00  2.63065e+00
 8.99000e+01  4.98729e-01 -2.59950e-03  1.71894e+00 -5.21225e-03  2.36753e+00  2.62960e+00
 9.00000e+01  4.98568e-01 -3.14357e-03  1.71753e+00 -6.30519e-03  2.36495e+00  2.62853e+00
 9.01000e+01  4.98405e-01 -3.69507e-03  1.71610e+00 -7.41379e-03  2.36232e+00  2.62744e+00
 9.02000e+01  4.98240e-01 -4.25049e-03  1.71465e+00 -8.53101e-03  2.35966e+00  2.62633e+00
 9.03000e+01  4.98075e-01 -4.80657e-03  1.71321e+00 -9.65030e-03  2.35700e+00  2.62521e+00
 9.04000e+01  4.97910e-01 -5.35945e-03  1.71176e+00 -1.07639e-02  2.35433e+00  2.62409e+00
 9.05000e+01  4.97746e-01 -5.90642e-03  1.71033e+00 -1.18663e-02  2.35169e+00  2.62299e+00
 9.06000e+01  4.97584e-01 -6.44391e-03  1.70892e+00 -1.29504e-02  2.34908e+00  2.62189e+00
 9.07000e+01  4.97426e-01 -6.96894e-03  1.70754e+00 -1.40100e-02  2.34653e+00  2.62081e+00
 9.08000e+01  4.97272e-01 -7.47891e-03  1.70619e+00 -1.50399e-02  2.34405e+00  2.61976e+00
 9.09000e+01  4.97123e-01 -7.97054e-03  1.70489e+00 -1.60333e-02  2.34164e+00  2.61873e+00
 9.10000e+01  4.96980e-01 -8.44151e-03  1.70363e+00 -1.69856e-02  2.33933e+00  2.61775e+00
 9.11000e+01  4.96843e-01 -8.88906e-03  1.70244e+00 -1.78911e-02  2.33711e+00  2.61680e+00
 9.12000e+01  4.96714e-01 -9.31090e-03  1.70130e+00 -1.87450e-02  2.33502e+00  2.61590e+00
 9.13000e+01  4.96593e-01 -9.70471e-03  1.70023e+00 -1.95426e-02  2.33305e+00  2.61505e+00
 9.14000e+01  4.96481e-01 -1.00683e-02  1.69923e+00 -2.02793e-02  2.33121e+00  2.61424e+00
 9.15000e+01  4.96378e-01 -1.03995e-02  1.69831e+00 -2.09508e-02  2.32952e+00  2.61350e+00
 9.16000e+01  4.96285e-01 -1.06964e-02  1.69747e+00 -2.15529e-02  2.32796e+00  2.61280e+00
 9.17000e+01  4.96203e-01 -1.09575e-02  1.69672e+00 -2.20826e-02  2.32657e+00  2.61216e+00
 9.18000e+01  4.96130e-01 -1.11809e-02  1.69605e+00 -2.25362e-02  2.32533e+00  2.61159e+00
 9.19000e+01  4.96069e-01 -1.13659e-02  1.69546e+00 -2.29120e-02  2.32425e+00  2.61108e+00
 9.20000e+01  4.96018e-01 -1.15110e-02  1.69497e+00 -2.32068e-02  2.32334e+00  2.61062e+00
 9.21000e+01  4.95979e-01 -1.16152e-02  1.69456e+00 -2.34187e-02  2.32260e+00  2.61024e+00
 9.22000e+01  4.95951e-01 -1.16783e-02  1.69425e+00 -2.35474e-02  2.32203e+00  2.60993e+00
 9.23000e+01  4.95934e-01 -1.16996e-02  1.69403e+00 -2.35911e-02  2.32162e+00  2.60967e+00
 9.24000e+01  4.95927e-01 -1.16798e-02  1.69390e+00 -2.35514e-02  2.32139e+00  2.60950e+00
 9.25000e+01  4.95932e-01 -1.16188e-02  1.69386e+00 -2.34282e-02  2.32132e+00  2.60939e+00
 9.26000e+01  4.95947e-01 -1.15177e-02  1.69391e+00 -2.32236e-02  2.32143e+00  2.60935e+00
 9.27000e+01  4.95973e-01 -1.13778e-02  1.69404e+00 -2.29404e-02  2.32169e+00  2.60938e+00
 9.28000e+01  4.96008e-01 -1.12000e-02  1.69426e+00 -2.25803e-02  2.32211e+00  2.60947e+00
 9.29000e+01  4.96053e-01 -1.09869e-02  1.69456e+00 -2.21486e-02  2.32269e+00  2.60964e+00
 9.30000e+01  4.96108e-01 -1.07400e-02  1.69493e+00 -2.16485e-02  2.32341e+00  2.60985e+00
 9.31000e+01  4.96171e-01 -1.04620e-02  1.69538e+00 -2.10855e-02  2.32427e+00  2.61013e+00
 9.32000e+01  4.96243e-01 -1.01552e-02  1.69591e+00 -2.04643e-02  2.32526e+00  2.61046e+00
 9.33000e+01  4.96322e-01 -9.82244e-03  1.69649e+00 -1.97905e-02  2.32637e+00  2.61084e+00
 9.34000e+01  4.96409e-01 -9.46678e-03  1.69714e+00 -1.90705e-02  2.32761e+00  2.61127e+00
 9.35000e+01  4.96502e-01 -9.09068e-03  1.69784e+00 -1.83094e-02  2.32893e+00  2.61173e+00
 9.36000e+01  4.96602e-01 -8.69770e-03  1.69859e+00 -1.75144e-02  2.33036e+00  2.61224e+00
 9.37000e+01  4.96706e-01 -8.29022e-03  1.69939e+00 -1.66904e-02  2.33186e+00  2.61278e+00
 9.38000e+01  4.96816e-01 -7.87178e-03  1.70022e+00 -1.58445e-02  2.33344e+00  2.61334e+00
 9.39000e+01  4.96929e-01 -7.44520e-03  1.70109e+00 -1.49824e-02  2.33508e+00  2.61394e+00
 9.40000e+01  4.97045e-01 -7.01276e-03  1.70199e+00 -1.41089e-02  2.33677e+00  2.61454e+00
 9.41000e+01  4.97164e-01 -6.57794e-03  1.70290e+00 -1.32309e-02  2.33850e+00  2.61518e+00
 9.42000e+01  4.97283e-01 -6.14241e-03  1.70383e+00 -1.23519e-02  2.34025e+00  2.61581e+00
 9.43000e+01  4.97404e-01 -5.70909e-03  1.70477e+00 -1.14778e-02  2.34203e+00  2.61647e+00
 9.44000e+01  4.97524e-01 -5.27974e-03  1.70572e+00 -1.06120e-02  2.34382e+00  2.61714e+00
 9.45000e+01  4.97644e-01 -4.85640e-03  1.70666e+00 -9.75878e-03  2.34559e+00  2.61780e+00
 9.46000e+01  4.97762e-01 -4.44157e-03  1.70759e+00 -8.92309e-03  2.34736e+00  2.61846e+00
 9.47000e+01  4.97877e-01 -4.03599e-03  1.70850e+00 -8.10639e-03  2.34909e+00  2.61912e+00
 9.48000e+01  4.97990e-01 -3.64209e-03  1.70939e+00 -7.31359e-03  2.35080e+00  2.61977e+00
 9.49000e+01  4.98098e-01 -3.26095e-03  1.71026e+00 -6.54680e-03  2.35244e+00  2.62040e+00
 9.50000e+01  4.98203e-01 -2.89408e-03  1.71109e+00 -5.80905e-03  2.35403e+00  2.62101e+00
 9.51000e+01  4.98302e-01 -2.54295e-03  1.71188e+00 -5.10323e-03  2.35555e+00  2.62160e+00
 9.52000e+01  4.98396e-01 -2.20795e-03  1.71263e+00 -4.43012e-03  2.35698e+00  2.62214e+00
 9.53000e+01  4.98485e-01 -1.89116e-03  1.71333e+00 -3.79382e-03  2.35832e+00  2.62266e+00
 9.54000e+01  4.98566e-01 -1.59297e-03  1.71398e+00 -3.19509e-03  2.35956e+00  2.62313e+00
 9.55000e+01  4.98642e-01 -1.31462e-03  1.71457e+00 -2.63641e-03  2.36070e+00  2.62356e+00
 9.56000e+01  4.98710e-01 -1.05689e-03  1.71509e+00 -2.11925e-03  2.36170e+00  2.62392e+00
 9.57000e+01  4.98770e-01 -8.20122e-04  1.71555e+00 -1.64429e-03  2.36259e+00  2.62424e+00
 9.58000e+01  4.98823e-01 -6.05783e-04  1.71594e+00 -1.21442e-03  2.36335e+00  2.62450e+00
 9.59000e+01  4.98867e-01 -4.13366e-04  1.71626e+00 -8.28609e-04  2.36397e+00  2.62470e+00
 9.60000e+01  4.98903e-01 -2.43559e-04  1.71650e+00 -4.88188e-04  2.36445e+00  2.62485e+00
 9.61000e+01  4.98930e-01 -9.64395e-05  1.71667e+00 -1.93292e-04  2.36479e+00  2.62493e+00
 9.62000e+01  4.98949e-01  2.84392e-05  1.71676e+00  5.69983e-05  2.36499e+00  2.62495e+00
 9.63000e+01  4.98958e-01  1.31410e-04  1.71678e+00  2.63368e-04  2.36504e+00  2.62492e+00
 9.64000e+01  4.98958e-01  2.13769e-04  1.71671e+00  4.28431e-04  2.36495e+00  2.62483e+00
 9.65000e+01  4.98948e-01  2.75775e-04  1.71657e+00  5.52713e-04  2.36473e+00  2.62470e+00
 9.66000e+01  4.98930e-01  3.19472e-04  1.71635e+00  6.40314e-04  2.36437e+00  2.62451e+00
 9.67000e+01  4.98903e-01  3.46196e-04  1.71606e+00  6.93916e-04  2.36387e+00  2.62427e+00
 9.68000e+01  4.98867e-01  3.57231e-04  1.71570e+00  7.16086e-04  2.36325e+00  2.62399e+00
 9.69000e+01  4.98822e-01  3.55083e-04  1.71528e+00  7.11842e-04  2.36251e+00  2.62366e+00
 9.70000e+01  4.98770e-01  3.41125e-04  1.71478e+00  6.83934e-04  2.36166e+00  2.62331e+00
 9.71000e+01  4.98710e-01  3.17979e-04  1.71423e+00  6.37604e-04  2.36070e+00  2.62291e+00
 9.72000e+01  4.98644e-01  2.87204e-04  1.71363e+00  5.75971e-04  2.35965e+00  2.62249e+00
 9.73000e+01  4.98571e-01  2.50716e-04  1.71298e+00  5.02868e-04  2.35852e+00  2.62203e+00
 9.74000e+01  4.98494e-01  2.10709e-04  1.71229e+00  4.22691e-04  2.35730e+00  2.62155e+00
 9.75000e+01  4.98412e-01  1.68456e-04  1.71157e+00  3.37985e-04  2.35603e+00  2.62104e+00
 9.76000e+01  4.98326e-01  1.26023e-04  1.71082e+00  2.52894e-04  2.35470e+00  2.62052e+00
 9.77000e+01  4.98238e-01  8.39088e-05  1.71004e+00  1.68411e-04  2.35332e+00  2.61997e+00
 9.78000e+01  4.98147e-01  4.36711e-05  1.70926e+00  8.76671e-05  2.35192e+00  2.61941e+00
 9.79000e+01  4.98056e-01  6.16329e-06  1.70847e+00  1.23747e-05  2.35050e+00  2.61884e+00
 9.80000e+01  4.97964e-01 -2.83603e-05  1.70768e+00 -5.69524e-05  2.34907e+00  2.61827e+00
 9.81000e+01  4.97873e-01 -5.85067e-05  1.70691e+00 -1.17513e-04  2.34764e+00  2.61769e+00
 9.82000e+01  4.97783e-01 -8.48555e-05  1.70614e+00 -1.70467e-04  2.34624e+00  2.61713e+00
 9.83000e+01  4.97695e-01 -1.06820e-04  1.70541e+00 -2.14629e-04  2.34486e+00  2.61658e+00
 9.84000e+01  4.97609e-01 -1.24353e-04  1.70470e+00 -2.49902e-04  2.34354e+00  2.61606e+00
 9.85000e+01  4.97525e-01 -1.37727e-04  1.70402e+00 -2.76823e-04  2.34226e+00  2.61556e+00
 9.86000e+01  4.97445e-01 -1.46811e-04  1.70338e+00 -2.95131e-04  2.34104e+00  2.61508e+00
 9.87000e+01  4.97369e-01 -1.52431e-04  1.70278e+00 -3.06474e-04  2.33990e+00  2.61465e+00
 9.88000e+01  4.97297e-01 -1.54087e-04  1.70223e+00 -3.09850e-04  2.33883e+00  2.61425e+00
 9.89000e+01  4.97229e-01 -1.52594e-04  1.70172e+00 -3.06889e-04  2.33784e+00  2.61389e+00
 9.90000e+01  4.97166e-01 -1.48011e-04  1.70126e+00 -2.97710e-04  2.33694e+00  2.61357e+00
 9.91000e+01  4.97108e-01 -1.40563e-04  1.70085e+00 -2.82762e-04  2.33611e+00  2.61329e+00
 9.92000e+01  4.97055e-01 -1.31046e-04  1.70048e+00 -2.63644e-04  2.33538e+00  2.61304e+00
 9.93000e+01  4.97008e-01 -1.18863e-04  1.70016e+00 -2.39158e-04  2.33473e+00  2.61283e+00
 9.94000e+01  4.96967e-01 -1.05292e-04  1.69989e+00 -2.11869e-04  2.33418e+00  2.61266e+00
 9.95000e+01  4.96932e-01 -9.00024e-05  1.69965e+00 -1.81116e-04  2.33371e+00  2.61252e+00
 9.96000e+01  4.96903e-01 -7.33427e-05  1.69947e+00 -1.47600e-04  2.33332e+00  2.61240e+00
 9.97000e+01  4.96880e-01 -5.60592e-05  1.69932e+00 -1.12822e-04  2.33302e+00  2.61231e+00
 9.98000e+01  4.96864e-01 -3.75500e-05  1.69922e+00 -7.55740e-05  2.33281e+00  2.61226e+00
 9.99000e+01  4.96854e-01 -1.91061e-05  1.69916e+00 -3.84542e-05  2.33268e+00  2.61222e+00
