 0.00000e+00  5.21806e-01 -3.27295e-16 -9.01861e-02 -6.27235e-16 -1.84162e-02  1.09902e-02  2.32647e-01
 5.00000e-01  5.21454e-01  8.85812e-05 -8.99496e-02  1.69874e-04 -1.84180e-02  1.09944e-02  2.32637e-01
 1.00000e+00  5.20397e-01  1.75073e-04 -8.92416e-02  3.36422e-04 -1.84218e-02  1.10068e-02  2.32606e-01
 1.50000e+00  5.18635e-01  2.57399e-04 -8.80664e-02  4.96302e-04 -1.84226e-02  1.10273e-02  2.32554e-01
 2.00000e+00  5.16168e-01  3.33517e-04 -8.64315e-02  6.46140e-04 -1.84125e-02  1.10556e-02  2.32480e-01
 2.50000e+00  5.12995e-01  4.01429e-04 -8.43475e-02  7.82520e-04 -1.83804e-02  1.10913e-02  2.32382e-01
 3.00000e+00  5.09116e-01  4.59206e-04 -8.18282e-02  9.01968e-04 -1.83131e-02  1.11337e-02  2.32260e-01
 3.50000e+00  5.04531e-01  5.05012e-04 -7.88905e-02  1.00095e-03 -1.81951e-02  1.11822e-02  2.32111e-01
 4.00000e+00  4.99243e-01  5.37129e-04 -7.55552e-02  1.07589e-03 -1.80094e-02  1.12359e-02  2.31935e-01
 4.50000e+00  4.93254e-01  5.53991e-04 -7.18463e-02  1.12313e-03 -1.77384e-02  1.12938e-02  2.31731e-01
 5.00000e+00  4.86570e-01  5.54215e-04 -6.77916e-02  1.13902e-03 -1.73643e-02  1.13547e-02  2.31497e-01
 5.50000e+00  4.79200e-01  5.36651e-04 -6.34226e-02  1.11989e-03 -1.68703e-02  1.14172e-02  2.31232e-01
 6.00000e+00  4.71153e-01  5.00414e-04 -5.87746e-02  1.06210e-03 -1.62411e-02  1.14800e-02  2.30938e-01
 6.50000e+00  4.62446e-01  4.44939e-04 -5.38863e-02  9.62143e-04 -1.54640e-02  1.15415e-02  2.30614e-01
 7.00000e+00  4.53096e-01  3.70024e-04 -4.87999e-02  8.16657e-04 -1.45298e-02  1.16001e-02  2.30262e-01
 7.50000e+00  4.43129e-01  2.75877e-04 -4.35607e-02  6.22566e-04 -1.34333e-02  1.16543e-02  2.29884e-01
 8.00000e+00  4.32573e-01  1.63155e-04 -3.82165e-02  3.77174e-04 -1.21743e-02  1.17024e-02  2.29484e-01
 8.50000e+00  4.21463e-01  3.30013e-05 -3.28173e-02  7.83020e-05 -1.07577e-02  1.17431e-02  2.29065e-01
 9.00000e+00  4.09838e-01 -1.12933e-04 -2.74143e-02 -2.75555e-04 -9.19395e-03  1.17750e-02  2.28632e-01
 9.50000e+00  3.97746e-01 -2.72478e-04 -2.20595e-02 -6.85056e-04 -7.49888e-03  1.17973e-02  2.28189e-01
 1.00000e+01  3.85237e-01 -4.42954e-04 -1.68045e-02 -1.14982e-03 -5.69338e-03  1.18091e-02  2.27744e-01
 1.05000e+01  3.72369e-01 -6.21202e-04 -1.16992e-02 -1.66824e-03 -3.80285e-03  1.18103e-02  2.27301e-01
 1.10000e+01  3.59205e-01 -8.03631e-04 -6.79158e-03 -2.23725e-03 -1.85632e-03  1.18010e-02  2.26865e-01
 1.15000e+01  3.45811e-01 -9.86301e-04 -2.12573e-03 -2.85214e-03  1.14666e-04  1.17816e-02  2.26443e-01
 1.20000e+01  3.32258e-01 -1.16502e-03  2.25867e-03 -3.50637e-03  2.07727e-03  1.17534e-02  2.26037e-01
 1.25000e+01  3.18619e-01 -1.33547e-03  6.32757e-03 -4.19142e-03  3.99870e-03  1.17176e-02  2.25652e-01
 1.30000e+01  3.04970e-01 -1.49334e-03  1.00533e-02 -4.89669e-03  5.84757e-03  1.16763e-02  2.25290e-01
 1.35000e+01  2.91386e-01 -1.63452e-03  1.34154e-02 -5.60947e-03  7.59516e-03  1.16316e-02  2.24951e-01
 1.40000e+01  2.77943e-01 -1.75522e-03  1.64008e-02 -6.31503e-03  9.21648e-03  1.15860e-02  2.24634e-01
 1.45000e+01  2.64713e-01 -1.85216e-03  1.90043e-02 -6.99684e-03  1.06912e-02  1.15422e-02  2.24337e-01
 1.50000e+01  2.51768e-01 -1.92273e-03  2.12282e-02 -7.63693e-03  1.20043e-02  1.15026e-02  2.24056e-01
 1.55000e+01  2.39172e-01 -1.96515e-03  2.30823e-02 -8.21648e-03  1.31460e-02  1.14699e-02  2.23787e-01
 1.60000e+01  2.26985e-01 -1.97853e-03  2.45827e-02 -8.71657e-03  1.41125e-02  1.14463e-02  2.23524e-01
 1.65000e+01  2.15261e-01 -1.96301e-03  2.57515e-02 -9.11918e-03  1.49050e-02  1.14336e-02  2.23260e-01
 1.70000e+01  2.04046e-01 -1.91974e-03  2.66153e-02 -9.40837e-03  1.55294e-02  1.14332e-02  2.22989e-01
 1.75000e+01  1.93376e-01 -1.85090e-03  2.72044e-02 -9.57153e-03  1.59959e-02  1.14459e-02  2.22705e-01
 1.80000e+01  1.83279e-01 -1.75963e-03  2.75516e-02 -9.60081e-03  1.63180e-02  1.14720e-02  2.22403e-01
 1.85000e+01  1.73777e-01 -1.64989e-03  2.76906e-02 -9.49429e-03  1.65114e-02  1.15108e-02  2.22082e-01
 1.90000e+01  1.64879e-01 -1.52629e-03  2.76555e-02 -9.25704e-03  1.65935e-02  1.15613e-02  2.21741e-01
 1.95000e+01  1.56587e-01 -1.39390e-03  2.74793e-02 -8.90174e-03  1.65824e-02  1.16217e-02  2.21384e-01
 2.00000e+01  1.48896e-01 -1.25798e-03  2.71932e-02 -8.44869e-03  1.64960e-02  1.16898e-02  2.21019e-01
 2.05000e+01  1.41794e-01 -1.12374e-03  2.68258e-02 -7.92515e-03  1.63514e-02  1.17628e-02  2.20655e-01
 2.10000e+01  1.35260e-01 -9.96057e-04  2.64027e-02 -7.36400e-03  1.61644e-02  1.18380e-02  2.20306e-01
 2.15000e+01  1.29272e-01 -8.79264e-04  2.59457e-02 -6.80165e-03  1.59487e-02  1.19123e-02  2.19985e-01
 2.20000e+01  1.23802e-01 -7.76909e-04  2.54732e-02 -6.27541e-03  1.57164e-02  1.19829e-02  2.19707e-01
 2.25000e+01  1.18820e-01 -6.91615e-04  2.49999e-02 -5.82071e-03  1.54771e-02  1.20470e-02  2.19481e-01
 2.30000e+01  1.14294e-01 -6.24980e-04  2.45370e-02 -5.46819e-03  1.52383e-02  1.21023e-02  2.19319e-01
 2.35000e+01  1.10192e-01 -5.77555e-04  2.40924e-02 -5.24133e-03  1.50057e-02  1.21472e-02  2.19221e-01
 2.40000e+01  1.06485e-01 -5.48890e-04  2.36711e-02 -5.15462e-03  1.47826e-02  1.21803e-02  2.19187e-01
 2.45000e+01  1.03142e-01 -5.37640e-04  2.32754e-02 -5.21263e-03  1.45710e-02  1.22012e-02  2.19204e-01
 2.50000e+01  1.00135e-01 -5.41730e-04  2.29052e-02 -5.41001e-03  1.43709e-02  1.22098e-02  2.19253e-01
 2.55000e+01  9.74386e-02 -5.58547e-04  2.25590e-02 -5.73229e-03  1.41815e-02  1.22069e-02  2.19306e-01
 2.60000e+01  9.50296e-02 -5.85141e-04  2.22339e-02 -6.15746e-03  1.40011e-02  1.21937e-02  2.19332e-01
 2.65000e+01  9.28860e-02 -6.18438e-04  2.19268e-02 -6.65803e-03  1.38277e-02  1.21720e-02  2.19298e-01
 2.70000e+01  9.09879e-02 -6.55428e-04  2.16349e-02 -7.20347e-03  1.36598e-02  1.21436e-02  2.19177e-01
 2.75000e+01  8.93161e-02 -6.93333e-04  2.13565e-02 -7.76268e-03  1.34965e-02  1.21110e-02  2.18952e-01
 2.80000e+01  8.78528e-02 -7.29745e-04  2.10914e-02 -8.30645e-03  1.33381e-02  1.20765e-02  2.18620e-01
 2.85000e+01  8.65806e-02 -7.62727e-04  2.08408e-02 -8.80944e-03  1.31858e-02  1.20424e-02  2.18194e-01
 2.90000e+01  8.54824e-02 -7.90859e-04  2.06073e-02 -9.25171e-03  1.30419e-02  1.20111e-02  2.17702e-01
 2.95000e+01  8.45422e-02 -8.13251e-04  2.03940e-02 -9.61947e-03  1.29092e-02  1.19848e-02  2.17181e-01
 3.00000e+01  8.37442e-02 -8.29497e-04  2.02046e-02 -9.90513e-03  1.27905e-02  1.19656e-02  2.16673e-01
 3.05000e+01  8.30739e-02 -8.39609e-04  2.00421e-02 -1.01068e-02  1.26883e-02  1.19552e-02  2.16220e-01
 3.10000e+01  8.25173e-02 -8.43926e-04  1.99090e-02 -1.02273e-02  1.26049e-02  1.19551e-02  2.15858e-01
 3.15000e+01  8.20621e-02 -8.43030e-04  1.98069e-02 -1.02731e-02  1.25417e-02  1.19667e-02  2.15618e-01
 3.20000e+01  8.16968e-02 -8.37669e-04  1.97366e-02 -1.02534e-02  1.24994e-02  1.19909e-02  2.15520e-01
 3.25000e+01  8.14113e-02 -8.28688e-04  1.96977e-02 -1.01790e-02  1.24780e-02  1.20281e-02  2.15576e-01
 3.30000e+01  8.11965e-02 -8.16970e-04  1.96889e-02 -1.00616e-02  1.24767e-02  1.20783e-02  2.15787e-01
 3.35000e+01  8.10446e-02 -8.03377e-04  1.97078e-02 -9.91278e-03  1.24940e-02  1.21414e-02  2.16145e-01
 3.40000e+01  8.09483e-02 -7.88678e-04  1.97511e-02 -9.74298e-03  1.25277e-02  1.22164e-02  2.16630e-01
 3.45000e+01  8.09013e-02 -7.73470e-04  1.98148e-02 -9.56066e-03  1.25750e-02  1.23022e-02  2.17218e-01
 3.50000e+01  8.08977e-02 -7.58108e-04  1.98943e-02 -9.37119e-03  1.26328e-02  1.23972e-02  2.17878e-01
 3.55000e+01  8.09315e-02 -7.42645e-04  1.99851e-02 -9.17622e-03  1.26978e-02  1.24995e-02  2.18580e-01
 3.60000e+01  8.09970e-02 -7.26827e-04  2.00826e-02 -8.97351e-03  1.27670e-02  1.26068e-02  2.19293e-01
 3.65000e+01  8.10883e-02 -7.10124e-04  2.01826e-02 -8.75742e-03  1.28374e-02  1.27168e-02  2.19990e-01
 3.70000e+01  8.11992e-02 -6.91818e-04  2.02808e-02 -8.52001e-03  1.29061e-02  1.28268e-02  2.20643e-01
 3.75000e+01  8.13234e-02 -6.71130e-04  2.03730e-02 -8.25261e-03  1.29701e-02  1.29343e-02  2.21228e-01
 3.80000e+01  8.14539e-02 -6.47356e-04  2.04551e-02 -7.94751e-03  1.30266e-02  1.30365e-02  2.21719e-01
 3.85000e+01  8.15839e-02 -6.20008e-04  2.05235e-02 -7.59964e-03  1.30733e-02  1.31308e-02  2.22098e-01
 3.90000e+01  8.17058e-02 -5.88922e-04  2.05756e-02 -7.20784e-03  1.31083e-02  1.32149e-02  2.22354e-01
 3.95000e+01  8.18122e-02 -5.54324e-04  2.06103e-02 -6.77557e-03  1.31310e-02  1.32864e-02  2.22490e-01
 4.00000e+01  8.18954e-02 -5.16844e-04  2.06280e-02 -6.31102e-03  1.31419e-02  1.33432e-02  2.22518e-01
 4.05000e+01  8.19485e-02 -4.77462e-04  2.06303e-02 -5.82636e-03  1.31423e-02  1.33835e-02  2.22464e-01
 4.10000e+01  8.19652e-02 -4.37403e-04  2.06196e-02 -5.33645e-03  1.31342e-02  1.34062e-02  2.22354e-01
 4.15000e+01  8.19408e-02 -3.97987e-04  2.05983e-02 -4.85701e-03  1.31193e-02  1.34103e-02  2.22214e-01
 4.20000e+01  8.18723e-02 -3.60459e-04  2.05684e-02 -4.40270e-03  1.30992e-02  1.33956e-02  2.22065e-01
 4.25000e+01  8.17589e-02 -3.25841e-04  2.05314e-02 -3.98539e-03  1.30749e-02  1.33626e-02  2.21920e-01
 4.30000e+01  8.16018e-02 -2.94818e-04  2.04881e-02 -3.61289e-03  1.30472e-02  1.33124e-02  2.21784e-01
 4.35000e+01  8.14044e-02 -2.67677e-04  2.04390e-02 -3.28824e-03  1.30162e-02  1.32465e-02  2.21657e-01
 4.40000e+01  8.11720e-02 -2.44302e-04  2.03846e-02 -3.00968e-03  1.29821e-02  1.31673e-02  2.21534e-01
 4.45000e+01  8.09116e-02 -2.24213e-04  2.03253e-02 -2.77108e-03  1.29451e-02  1.30774e-02  2.21410e-01
 4.50000e+01  8.06313e-02 -2.06649e-04  2.02618e-02 -2.56289e-03  1.29055e-02  1.29798e-02  2.21280e-01
 4.55000e+01  8.03401e-02 -1.90666e-04  2.01952e-02 -2.37324e-03  1.28640e-02  1.28779e-02  2.21141e-01
 4.60000e+01  8.00473e-02 -1.75252e-04  2.01272e-02 -2.18936e-03  1.28215e-02  1.27749e-02  2.20993e-01
 4.65000e+01  7.97624e-02 -1.59438e-04  2.00597e-02 -1.99891e-03  1.27792e-02  1.26744e-02  2.20837e-01
 4.70000e+01  7.94944e-02 -1.42394e-04  1.99949e-02 -1.79125e-03  1.27385e-02  1.25797e-02  2.20680e-01
 4.75000e+01  7.92519e-02 -1.23517e-04  1.99350e-02 -1.55854e-03  1.27007e-02  1.24937e-02  2.20528e-01
 4.80000e+01  7.90423e-02 -1.02474e-04  1.98825e-02 -1.29645e-03  1.26675e-02  1.24193e-02  2.20389e-01
 4.85000e+01  7.88723e-02 -7.92324e-05  1.98392e-02 -1.00457e-03  1.26401e-02  1.23588e-02  2.20272e-01
 4.90000e+01  7.87470e-02 -5.40442e-05  1.98069e-02 -6.86301e-04  1.26197e-02  1.23142e-02  2.20182e-01
 4.95000e+01  7.86703e-02 -2.74077e-05  1.97870e-02 -3.48386e-04  1.26070e-02  1.22868e-02  2.20126e-01
 5.00000e+01  7.86444e-02  4.10175e-16  1.97803e-02  5.21556e-15  1.26028e-02  1.22776e-02  2.20107e-01
 5.05000e+01  7.86703e-02  2.74077e-05  1.97870e-02  3.48386e-04  1.26070e-02  1.22868e-02  2.20126e-01
 5.10000e+01  7.87470e-02  5.40442e-05  1.98069e-02  6.86301e-04  1.26197e-02  1.23142e-02  2.20182e-01
 5.15000e+01  7.88723e-02  7.92324e-05  1.98392e-02  1.00457e-03  1.26401e-02  1.23588e-02  2.20272e-01
 5.20000e+01  7.90423e-02  1.02474e-04  1.98825e-02  1.29645e-03  1.26675e-02  1.24193e-02  2.20389e-01
 5.25000e+01  7.92519e-02  1.23517e-04  1.99350e-02  1.55854e-03  1.27007e-02  1.24937e-02  2.20528e-01
 5.30000e+01  7.94944e-02  1.42394e-04  1.99949e-02  1.79125e-03  1.27385e-02  1.25797e-02  2.20680e-01
 5.35000e+01  7.97624e-02  1.59438e-04  2.00597e-02  1.99891e-03  1.27792e-02  1.26744e-02  2.20837e-01
 5.40000e+01  8.00473e-02  1.75252e-04  2.01272e-02  2.18936e-03  1.28215e-02  1.27749e-02  2.20993e-01
 5.45000e+01  8.03401e-02  1.90666e-04  2.01952e-02  2.37324e-03  1.28640e-02  1.28779e-02  2.21141e-01
 5.50000e+01  8.06313e-02  2.06649e-04  2.02618e-02  2.56289e-03  1.29055e-02  1.29798e-02  2.21280e-01
 5.55000e+01  8.09116e-02  2.24213e-04  2.03253e-02  2.77108e-03  1.29451e-02  1.30774e-02  2.21410e-01
 5.60000e+01  8.11720e-02  2.44302e-04  2.03846e-02  3.00968e-03  1.29821e-02  1.31673e-02  2.21534e-01
 5.65000e+01  8.14044e-02  2.67677e-04  2.04390e-02  3.28824e-03  1.30162e-02  1.32465e-02  2.21657e-01
 5.70000e+01  8.16018e-02  2.94818e-04  2.04881e-02  3.61289e-03  1.30472e-02  1.33124e-02  2.21784e-01
 5.75000e+01  8.17589e-02  3.25841e-04  2.05314e-02  3.98539e-03  1.30749e-02  1.33626e-02  2.21920e-01
 5.80000e+01  8.18723e-02  3.60459e-04  2.05684e-02  4.40270e-03  1.30992e-02  1.33956e-02  2.22065e-01
 5.85000e+01  8.19408e-02  3.97987e-04  2.05983e-02  4.85701e-03  1.31193e-02  1.34103e-02  2.22214e-01
 5.90000e+01  8.19652e-02  4.37403e-04  2.06196e-02  5.33645e-03  1.31342e-02  1.34062e-02  2.22354e-01
 5.95000e+01  8.19485e-02  4.77462e-04  2.06303e-02  5.82636e-03  1.31423e-02  1.33835e-02  2.22464e-01
 6.00000e+01  8.18954e-02  5.16844e-04  2.06280e-02  6.31102e-03  1.31419e-02  1.33432e-02  2.22518e-01
 6.05000e+01  8.18122e-02  5.54324e-04  2.06103e-02  6.77557e-03  1.31310e-02  1.32864e-02  2.22490e-01
 6.10000e+01  8.17058e-02  5.88922e-04  2.05756e-02  7.20784e-03  1.31083e-02  1.32149e-02  2.22354e-01
 6.15000e+01  8.15839e-02  6.20008e-04  2.05235e-02  7.59964e-03  1.30733e-02  1.31308e-02  2.22098e-01
 6.20000e+01  8.14539e-02  6.47356e-04  2.04551e-02  7.94751e-03  1.30266e-02  1.30365e-02  2.21719e-01
 6.25000e+01  8.13234e-02  6.71130e-04  2.03730e-02  8.25261e-03  1.29701e-02  1.29343e-02  2.21228e-01
 6.30000e+01  8.11992e-02  6.91818e-04  2.02808e-02  8.52001e-03  1.29061e-02  1.28268e-02  2.20643e-01
 6.35000e+01  8.10883e-02  7.10124e-04  2.01826e-02  8.75742e-03  1.28374e-02  1.27168e-02  2.19990e-01
 6.40000e+01  8.09970e-02  7.26827e-04  2.00826e-02  8.97351e-03  1.27670e-02  1.26068e-02  2.19293e-01
 6.45000e+01  8.09315e-02  7.42645e-04  1.99851e-02  9.17622e-03  1.26978e-02  1.24995e-02  2.18580e-01
 6.50000e+01  8.08977e-02  7.58108e-04  1.98943e-02  9.37119e-03  1.26328e-02  1.23972e-02  2.17878e-01
 6.55000e+01  8.09013e-02  7.73470e-04  1.98148e-02  9.56066e-03  1.25750e-02  1.23022e-02  2.17218e-01
 6.60000e+01  8.09483e-02  7.88678e-04  1.97511e-02  9.74298e-03  1.25277e-02  1.22164e-02  2.16630e-01
 6.65000e+01  8.10446e-02  8.03377e-04  1.97078e-02  9.91278e-03  1.24940e-02  1.21414e-02  2.16145e-01
 6.70000e+01  8.11965e-02  8.16970e-04  1.96889e-02  1.00616e-02  1.24767e-02  1.20783e-02  2.15787e-01
 6.75000e+01  8.14113e-02  8.28688e-04  1.96977e-02  1.01790e-02  1.24780e-02  1.20281e-02  2.15576e-01
 6.80000e+01  8.16968e-02  8.37669e-04  1.97366e-02  1.02534e-02  1.24994e-02  1.19909e-02  2.15520e-01
 6.85000e+01  8.20621e-02  8.43030e-04  1.98069e-02  1.02731e-02  1.25417e-02  1.19667e-02  2.15618e-01
 6.90000e+01  8.25173e-02  8.43926e-04  1.99090e-02  1.02273e-02  1.26049e-02  1.19551e-02  2.15858e-01
 6.95000e+01  8.30739e-02  8.39609e-04  2.00421e-02  1.01068e-02  1.26883e-02  1.19552e-02  2.16220e-01
 7.00000e+01  8.37442e-02  8.29497e-04  2.02046e-02  9.90513e-03  1.27905e-02  1.19656e-02  2.16673e-01
 7.05000e+01  8.45422e-02  8.13251e-04  2.03940e-02  9.61947e-03  1.29092e-02  1.19848e-02  2.17181e-01
 7.10000e+01  8.54824e-02  7.90859e-04  2.06073e-02  9.25171e-03  1.30419e-02  1.20111e-02  2.17702e-01
 7.15000e+01  8.65806e-02  7.62727e-04  2.08408e-02  8.80944e-03  1.31858e-02  1.20424e-02  2.18194e-01
 7.20000e+01  8.78528e-02  7.29745e-04  2.10914e-02  8.30645e-03  1.33381e-02  1.20765e-02  2.18620e-01
 7.25000e+01  8.93161e-02  6.93333e-04  2.13565e-02  7.76268e-03  1.34965e-02  1.21110e-02  2.18952e-01
 7.30000e+01  9.09879e-02  6.55428e-04  2.16349e-02  7.20347e-03  1.36598e-02  1.21436e-02  2.19177e-01
 7.35000e+01  9.28860e-02  6.18438e-04  2.19268e-02  6.65803e-03  1.38277e-02  1.21720e-02  2.19298e-01
 7.40000e+01  9.50296e-02  5.85141e-04  2.22339e-02  6.15746e-03  1.40011e-02  1.21937e-02  2.19332e-01
 7.45000e+01  9.74386e-02  5.58547e-04  2.25590e-02  5.73229e-03  1.41815e-02  1.22069e-02  2.19306e-01
 7.50000e+01  1.00135e-01  5.41730e-04  2.29052e-02  5.41001e-03  1.43709e-02  1.22098e-02  2.19253e-01
 7.55000e+01  1.03142e-01  5.37640e-04  2.32754e-02  5.21263e-03  1.45710e-02  1.22012e-02  2.19204e-01
 7.60000e+01  1.06485e-01  5.48890e-04  2.36711e-02  5.15462e-03  1.47826e-02  1.21803e-02  2.19187e-01
 7.65000e+01  1.10192e-01  5.77555e-04  2.40924e-02  5.24133e-03  1.50057e-02  1.21472e-02  2.19221e-01
 7.70000e+01  1.14294e-01  6.24980e-04  2.45370e-02  5.46819e-03  1.52383e-02  1.21023e-02  2.19319e-01
 7.75000e+01  1.18820e-01  6.91615e-04  2.49999e-02  5.82071e-03  1.54771e-02  1.20470e-02  2.19481e-01
 7.80000e+01  1.23802e-01  7.76909e-04  2.54732e-02  6.27541e-03  1.57164e-02  1.19829e-02  2.19707e-01
 7.85000e+01  1.29272e-01  8.79264e-04  2.59457e-02  6.80165e-03  1.59487e-02  1.19123e-02  2.19985e-01
 7.90000e+01  1.35260e-01  9.96057e-04  2.64027e-02  7.36400e-03  1.61644e-02  1.18380e-02  2.20306e-01
 7.95000e+01  1.41794e-01  1.12374e-03  2.68258e-02  7.92515e-03  1.63514e-02  1.17628e-02  2.20655e-01
 8.00000e+01  1.48896e-01  1.25798e-03  2.71932e-02  8.44869e-03  1.64960e-02  1.16898e-02  2.21019e-01
 8.05000e+01  1.56587e-01  1.39390e-03  2.74793e-02  8.90174e-03  1.65824e-02  1.16217e-02  2.21384e-01
 8.10000e+01  1.64879e-01  1.52629e-03  2.76555e-02  9.25704e-03  1.65935e-02  1.15613e-02  2.21741e-01
 8.15000e+01  1.73777e-01  1.64989e-03  2.76906e-02  9.49429e-03  1.65114e-02  1.15108e-02  2.22082e-01
 8.20000e+01  1.83279e-01  1.75963e-03  2.75516e-02  9.60081e-03  1.63180e-02  1.14720e-02  2.22403e-01
 8.25000e+01  1.93376e-01  1.85090e-03  2.72044e-02  9.57153e-03  1.59959e-02  1.14459e-02  2.22705e-01
 8.30000e+01  2.04046e-01  1.91974e-03  2.66153e-02  9.40837e-03  1.55294e-02  1.14332e-02  2.22989e-01
 8.35000e+01  2.15261e-01  1.96301e-03  2.57515e-02  9.11918e-03  1.49050e-02  1.14336e-02  2.23260e-01
 8.40000e+01  2.26985e-01  1.97853e-03  2.45827e-02  8.71657e-03  1.41125e-02  1.14463e-02  2.23524e-01
 8.45000e+01  2.39172e-01  1.96515e-03  2.30823e-02  8.21648e-03  1.31460e-02  1.14699e-02  2.23787e-01
 8.50000e+01  2.51768e-01  1.92273e-03  2.12282e-02  7.63693e-03  1.20043e-02  1.15026e-02  2.24056e-01
 8.55000e+01  2.64713e-01  1.85216e-03  1.90043e-02  6.99684e-03  1.06912e-02  1.15422e-02  2.24337e-01
 8.60000e+01  2.77943e-01  1.75522e-03  1.64008e-02  6.31503e-03  9.21648e-03  1.15860e-02  2.24634e-01
 8.65000e+01  2.91386e-01  1.63452e-03  1.34154e-02  5.60947e-03  7.59516e-03  1.16316e-02  2.24951e-01
 8.70000e+01  3.04970e-01  1.49334e-03  1.00533e-02  4.89669e-03  5.84757e-03  1.16763e-02  2.25290e-01
 8.75000e+01  3.18619e-01  1.33547e-03  6.32757e-03  4.19142e-03  3.99870e-03  1.17176e-02  2.25652e-01
 8.80000e+01  3.32258e-01  1.16502e-03  2.25867e-03  3.50637e-03  2.07727e-03  1.17534e-02  2.26037e-01
 8.85000e+01  3.45811e-01  9.86301e-04 -2.12573e-03  2.85214e-03  1.14666e-04  1.17816e-02  2.26443e-01
 8.90000e+01  3.59205e-01  8.03631e-04 -6.79158e-03  2.23725e-03 -1.85632e-03  1.18010e-02  2.26865e-01
 8.95000e+01  3.72369e-01  6.21202e-04 -1.16992e-02  1.66824e-03 -3.80285e-03  1.18103e-02  2.27301e-01
 9.00000e+01  3.85237e-01  4.42954e-04 -1.68045e-02  1.14982e-03 -5.69338e-03  1.18091e-02  2.27744e-01
 9.05000e+01  3.97746e-01  2.72478e-04 -2.20595e-02  6.85056e-04 -7.49888e-03  1.17973e-02  2.28189e-01
 9.10000e+01  4.09838e-01  1.12933e-04 -2.74143e-02  2.75555e-04 -9.19395e-03  1.17750e-02  2.28632e-01
 9.15000e+01  4.21463e-01 -3.30013e-05 -3.28173e-02 -7.83020e-05 -1.07577e-02  1.17431e-02  2.29065e-01
 9.20000e+01  4.32573e-01 -1.63155e-04 -3.82165e-02 -3.77174e-04 -1.21743e-02  1.17024e-02  2.29484e-01
 9.25000e+01  4.43129e-01 -2.75877e-04 -4.35607e-02 -6.22566e-04 -1.34333e-02  1.16543e-02  2.29884e-01
 9.30000e+01  4.53096e-01 -3.70024e-04 -4.87999e-02 -8.16657e-04 -1.45298e-02  1.16001e-02  2.30262e-01
 9.35000e+01  4.62446e-01 -4.44939e-04 -5.38863e-02 -9.62143e-04 -1.54640e-02  1.15415e-02  2.30614e-01
 9.40000e+01  4.71153e-01 -5.00414e-04 -5.87746e-02 -1.06210e-03 -1.62411e-02  1.14800e-02  2.30938e-01
 9.45000e+01  4.79200e-01 -5.36651e-04 -6.34226e-02 -1.11989e-03 -1.68703e-02  1.14172e-02  2.31232e-01
 9.50000e+01  4.86570e-01 -5.54215e-04 -6.77916e-02 -1.13902e-03 -1.73643e-02  1.13547e-02  2.31497e-01
 9.55000e+01  4.93254e-01 -5.53991e-04 -7.18463e-02 -1.12313e-03 -1.77384e-02  1.12938e-02  2.31731e-01
 9.60000e+01  4.99243e-01 -5.37129e-04 -7.55552e-02 -1.07589e-03 -1.80094e-02  1.12359e-02  2.31935e-01
 9.65000e+01  5.04531e-01 -5.05012e-04 -7.88905e-02 -1.00095e-03 -1.81951e-02  1.11822e-02  2.32111e-01
 9.70000e+01  5.09116e-01 -4.59206e-04 -8.18282e-02 -9.01968e-04 -1.83131e-02  1.11337e-02  2.32260e-01
 9.75000e+01  5.12995e-01 -4.01429e-04 -8.43475e-02 -7.82520e-04 -1.83804e-02  1.10913e-02  2.32382e-01
 9.80000e+01  5.16168e-01 -3.33517e-04 -8.64315e-02 -6.46140e-04 -1.84125e-02  1.10556e-02  2.32480e-01
 9.85000e+01  5.18635e-01 -2.57399e-04 -8.80664e-02 -4.96302e-04 -1.84226e-02  1.10273e-02  2.32554e-01
 9.90000e+01  5.20397e-01 -1.75073e-04 -8.92416e-02 -3.36422e-04 -1.84218e-02  1.10068e-02  2.32606e-01
 9.95000e+01  5.21454e-01 -8.85812e-05 -8.99496e-02 -1.69874e-04 -1.84180e-02  1.09944e-02  2.32637e-01
