 0.00000e+00  2.10162e-01 -1.35190e-15  9.69232e-02 -6.43267e-15  7.49207e-02  4.47563e-01
 5.00000e-01  2.10160e-01 -6.40416e-05  9.69269e-02 -3.04728e-04  7.49237e-02  4.47577e-01
 1.00000e+00  2.10154e-01 -1.28013e-04  9.69381e-02 -6.09141e-04  7.49326e-02  4.47617e-01
 1.50000e+00  2.10143e-01 -1.91844e-04  9.69566e-02 -9.12925e-04  7.49472e-02  4.47685e-01
 2.00000e+00  2.10127e-01 -2.55466e-04  9.69822e-02 -1.21577e-03  7.49675e-02  4.47779e-01
 2.50000e+00  2.10106e-01 -3.18806e-04  9.70149e-02 -1.51736e-03  7.49933e-02  4.47899e-01
 3.00000e+00  2.10081e-01 -3.81797e-04  9.70542e-02 -1.81738e-03  7.50243e-02  4.48044e-01
 3.50000e+00  2.10050e-01 -4.44366e-04  9.70999e-02 -2.11553e-03  7.50603e-02  4.48214e-01
 4.00000e+00  2.10012e-01 -5.06444e-04  9.71517e-02 -2.41150e-03  7.51008e-02  4.48408e-01
 4.50000e+00  2.09969e-01 -5.67960e-04  9.72091e-02 -2.70497e-03  7.51455e-02  4.48625e-01
 5.00000e+00  2.09919e-01 -6.28841e-04  9.72718e-02 -2.99564e-03  7.51941e-02  4.48865e-01
 5.50000e+00  2.09861e-01 -6.89016e-04  9.73392e-02 -3.28320e-03  7.52461e-02  4.49125e-01
 6.00000e+00  2.09796e-01 -7.48412e-04  9.74110e-02 -3.56733e-03  7.53011e-02  4.49406e-01
 6.50000e+00  2.09722e-01 -8.06952e-04  9.74867e-02 -3.84772e-03  7.53587e-02  4.49706e-01
 7.00000e+00  2.09640e-01 -8.64561e-04  9.75658e-02 -4.12403e-03  7.54184e-02  4.50024e-01
 7.50000e+00  2.09549e-01 -9.21162e-04  9.76478e-02 -4.39593e-03  7.54798e-02  4.50360e-01
 8.00000e+00  2.09448e-01 -9.76675e-04  9.77323e-02 -4.66309e-03  7.55425e-02  4.50711e-01
 8.50000e+00  2.09337e-01 -1.03102e-03  9.78189e-02 -4.92515e-03  7.56060e-02  4.51077e-01
 9.00000e+00  2.09217e-01 -1.08411e-03  9.79072e-02 -5.18176e-03  7.56701e-02  4.51458e-01
 9.50000e+00  2.09085e-01 -1.13587e-03  9.79967e-02 -5.43254e-03  7.57344e-02  4.51852e-01
 1.00000e+01  2.08944e-01 -1.18620e-03  9.80871e-02 -5.67712e-03  7.57985e-02  4.52258e-01
 1.05000e+01  2.08791e-01 -1.23502e-03  9.81781e-02 -5.91512e-03  7.58621e-02  4.52675e-01
 1.10000e+01  2.08627e-01 -1.28225e-03  9.82694e-02 -6.14613e-03  7.59251e-02  4.53104e-01
 1.15000e+01  2.08453e-01 -1.32779e-03  9.83606e-02 -6.36976e-03  7.59871e-02  4.53542e-01
 1.20000e+01  2.08267e-01 -1.37157e-03  9.84517e-02 -6.58561e-03  7.60480e-02  4.53990e-01
 1.25000e+01  2.08071e-01 -1.41348e-03  9.85422e-02 -6.79329e-03  7.61075e-02  4.54447e-01
 1.30000e+01  2.07863e-01 -1.45346e-03  9.86322e-02 -6.99239e-03  7.61656e-02  4.54912e-01
 1.35000e+01  2.07645e-01 -1.49142e-03  9.87214e-02 -7.18253e-03  7.62222e-02  4.55386e-01
 1.40000e+01  2.07417e-01 -1.52728e-03  9.88097e-02 -7.36333e-03  7.62771e-02  4.55866e-01
 1.45000e+01  2.07178e-01 -1.56097e-03  9.88971e-02 -7.53443e-03  7.63304e-02  4.56354e-01
 1.50000e+01  2.06929e-01 -1.59242e-03  9.89834e-02 -7.69549e-03  7.63820e-02  4.56849e-01
 1.55000e+01  2.06670e-01 -1.62158e-03  9.90685e-02 -7.84620e-03  7.64318e-02  4.57350e-01
 1.60000e+01  2.06403e-01 -1.64839e-03  9.91526e-02 -7.98626e-03  7.64799e-02  4.57858e-01
 1.65000e+01  2.06126e-01 -1.67280e-03  9.92355e-02 -8.11543e-03  7.65263e-02  4.58371e-01
 1.70000e+01  2.05841e-01 -1.69478e-03  9.93172e-02 -8.23347e-03  7.65710e-02  4.58891e-01
 1.75000e+01  2.05547e-01 -1.71431e-03  9.93978e-02 -8.34022e-03  7.66141e-02  4.59416e-01
 1.80000e+01  2.05246e-01 -1.73136e-03  9.94772e-02 -8.43553e-03  7.66556e-02  4.59946e-01
 1.85000e+01  2.04938e-01 -1.74593e-03  9.95555e-02 -8.51931e-03  7.66956e-02  4.60481e-01
 1.90000e+01  2.04622e-01 -1.75801e-03  9.96327e-02 -8.59151e-03  7.67341e-02  4.61022e-01
 1.95000e+01  2.04300e-01 -1.76763e-03  9.97087e-02 -8.65212e-03  7.67712e-02  4.61567e-01
 2.00000e+01  2.03973e-01 -1.77480e-03  9.97837e-02 -8.70119e-03  7.68070e-02  4.62116e-01
 2.05000e+01  2.03639e-01 -1.77956e-03  9.98576e-02 -8.73881e-03  7.68414e-02  4.62670e-01
 2.10000e+01  2.03301e-01 -1.78195e-03  9.99305e-02 -8.76509e-03  7.68746e-02  4.63227e-01
 2.15000e+01  2.02958e-01 -1.78202e-03  1.00002e-01 -8.78022e-03  7.69067e-02  4.63788e-01
 2.20000e+01  2.02611e-01 -1.77982e-03  1.00073e-01 -8.78440e-03  7.69376e-02  4.64353e-01
 2.25000e+01  2.02260e-01 -1.77542e-03  1.00143e-01 -8.77788e-03  7.69674e-02  4.64920e-01
 2.30000e+01  2.01906e-01 -1.76889e-03  1.00212e-01 -8.76095e-03  7.69961e-02  4.65490e-01
 2.35000e+01  2.01549e-01 -1.76031e-03  1.00280e-01 -8.73389e-03  7.70239e-02  4.66062e-01
 2.40000e+01  2.01190e-01 -1.74976e-03  1.00346e-01 -8.69704e-03  7.70506e-02  4.66637e-01
 2.45000e+01  2.00829e-01 -1.73732e-03  1.00412e-01 -8.65076e-03  7.70765e-02  4.67212e-01
 2.50000e+01  2.00466e-01 -1.72308e-03  1.00477e-01 -8.59539e-03  7.71014e-02  4.67789e-01
 2.55000e+01  2.00102e-01 -1.70714e-03  1.00541e-01 -8.53132e-03  7.71254e-02  4.68366e-01
 2.60000e+01  1.99738e-01 -1.68956e-03  1.00603e-01 -8.45892e-03  7.71485e-02  4.68943e-01
 2.65000e+01  1.99373e-01 -1.67046e-03  1.00665e-01 -8.37856e-03  7.71707e-02  4.69520e-01
 2.70000e+01  1.99008e-01 -1.64990e-03  1.00725e-01 -8.29062e-03  7.71922e-02  4.70096e-01
 2.75000e+01  1.98644e-01 -1.62798e-03  1.00784e-01 -8.19547e-03  7.72128e-02  4.70671e-01
 2.80000e+01  1.98281e-01 -1.60478e-03  1.00843e-01 -8.09347e-03  7.72326e-02  4.71243e-01
 2.85000e+01  1.97920e-01 -1.58038e-03  1.00900e-01 -7.98497e-03  7.72516e-02  4.71814e-01
 2.90000e+01  1.97560e-01 -1.55485e-03  1.00955e-01 -7.87029e-03  7.72698e-02  4.72381e-01
 2.95000e+01  1.97202e-01 -1.52827e-03  1.01010e-01 -7.74976e-03  7.72872e-02  4.72945e-01
 3.00000e+01  1.96847e-01 -1.50070e-03  1.01063e-01 -7.62368e-03  7.73040e-02  4.73505e-01
 3.05000e+01  1.96496e-01 -1.47221e-03  1.01115e-01 -7.49232e-03  7.73200e-02  4.74060e-01
 3.10000e+01  1.96147e-01 -1.44285e-03  1.01166e-01 -7.35595e-03  7.73353e-02  4.74610e-01
 3.15000e+01  1.95802e-01 -1.41268e-03  1.01216e-01 -7.21482e-03  7.73499e-02  4.75155e-01
 3.20000e+01  1.95462e-01 -1.38175e-03  1.01264e-01 -7.06915e-03  7.73638e-02  4.75693e-01
 3.25000e+01  1.95126e-01 -1.35010e-03  1.01311e-01 -6.91915e-03  7.73771e-02  4.76225e-01
 3.30000e+01  1.94794e-01 -1.31779e-03  1.01357e-01 -6.76503e-03  7.73897e-02  4.76749e-01
 3.35000e+01  1.94469e-01 -1.28484e-03  1.01402e-01 -6.60695e-03  7.74018e-02  4.77265e-01
 3.40000e+01  1.94149e-01 -1.25130e-03  1.01445e-01 -6.44509e-03  7.74132e-02  4.77774e-01
 3.45000e+01  1.93834e-01 -1.21720e-03  1.01487e-01 -6.27959e-03  7.74241e-02  4.78273e-01
 3.50000e+01  1.93527e-01 -1.18257e-03  1.01527e-01 -6.11061e-03  7.74345e-02  4.78763e-01
 3.55000e+01  1.93226e-01 -1.14743e-03  1.01567e-01 -5.93828e-03  7.74443e-02  4.79243e-01
 3.60000e+01  1.92932e-01 -1.11181e-03  1.01605e-01 -5.76273e-03  7.74537e-02  4.79712e-01
 3.65000e+01  1.92645e-01 -1.07574e-03  1.01642e-01 -5.58407e-03  7.74626e-02  4.80171e-01
 3.70000e+01  1.92366e-01 -1.03924e-03  1.01677e-01 -5.40243e-03  7.74710e-02  4.80617e-01
 3.75000e+01  1.92095e-01 -1.00234e-03  1.01711e-01 -5.21793e-03  7.74790e-02  4.81052e-01
 3.80000e+01  1.91832e-01 -9.65043e-04  1.01744e-01 -5.03067e-03  7.74865e-02  4.81475e-01
 3.85000e+01  1.91578e-01 -9.27382e-04  1.01775e-01 -4.84076e-03  7.74937e-02  4.81884e-01
 3.90000e+01  1.91333e-01 -8.89373e-04  1.01806e-01 -4.64831e-03  7.75005e-02  4.82280e-01
 3.95000e+01  1.91096e-01 -8.51036e-04  1.01835e-01 -4.45344e-03  7.75069e-02  4.82662e-01
 4.00000e+01  1.90869e-01 -8.12388e-04  1.01862e-01 -4.25625e-03  7.75130e-02  4.83030e-01
 4.05000e+01  1.90652e-01 -7.73448e-04  1.01889e-01 -4.05686e-03  7.75187e-02  4.83383e-01
 4.10000e+01  1.90444e-01 -7.34234e-04  1.01914e-01 -3.85537e-03  7.75241e-02  4.83721e-01
 4.15000e+01  1.90247e-01 -6.94764e-04  1.01937e-01 -3.65191e-03  7.75291e-02  4.84042e-01
 4.20000e+01  1.90060e-01 -6.55054e-04  1.01960e-01 -3.44657e-03  7.75339e-02  4.84348e-01
 4.25000e+01  1.89883e-01 -6.15123e-04  1.01981e-01 -3.23949e-03  7.75383e-02  4.84638e-01
 4.30000e+01  1.89716e-01 -5.74986e-04  1.02001e-01 -3.03077e-03  7.75425e-02  4.84910e-01
 4.35000e+01  1.89561e-01 -5.34660e-04  1.02019e-01 -2.82052e-03  7.75463e-02  4.85166e-01
 4.40000e+01  1.89416e-01 -4.94162e-04  1.02036e-01 -2.60887e-03  7.75499e-02  4.85403e-01
 4.45000e+01  1.89282e-01 -4.53506e-04  1.02052e-01 -2.39592e-03  7.75532e-02  4.85623e-01
 4.50000e+01  1.89160e-01 -4.12709e-04  1.02067e-01 -2.18180e-03  7.75561e-02  4.85825e-01
 4.55000e+01  1.89049e-01 -3.71785e-04  1.02080e-01 -1.96661e-03  7.75588e-02  4.86009e-01
 4.60000e+01  1.88949e-01 -3.30749e-04  1.02091e-01 -1.75047e-03  7.75613e-02  4.86173e-01
 4.65000e+01  1.88861e-01 -2.89615e-04  1.02102e-01 -1.53348e-03  7.75634e-02  4.86319e-01
 4.70000e+01  1.88784e-01 -2.48395e-04  1.02111e-01 -1.31576e-03  7.75652e-02  4.86446e-01
 4.75000e+01  1.88719e-01 -2.07104e-04  1.02118e-01 -1.09742e-03  7.75668e-02  4.86554e-01
 4.80000e+01  1.88666e-01 -1.65753e-04  1.02125e-01 -8.78551e-04  7.75681e-02  4.86642e-01
 4.85000e+01  1.88625e-01 -1.24355e-04  1.02129e-01 -6.59274e-04  7.75691e-02  4.86711e-01
 4.90000e+01  1.88595e-01 -8.29229e-05  1.02133e-01 -4.39687e-04  7.75698e-02  4.86760e-01
 4.95000e+01  1.88577e-01 -4.14672e-05  1.02135e-01 -2.19895e-04  7.75702e-02  4.86790e-01
 5.00000e+01  1.88571e-01  2.83730e-15  1.02136e-01  1.50463e-14  7.75703e-02  4.86800e-01
 5.05000e+01  1.88577e-01  4.14672e-05  1.02135e-01  2.19895e-04  7.75702e-02  4.86790e-01
 5.10000e+01  1.88595e-01  8.29229e-05  1.02133e-01  4.39687e-04  7.75698e-02  4.86760e-01
 5.15000e+01  1.88625e-01  1.24355e-04  1.02129e-01  6.59274e-04  7.75691e-02  4.86711e-01
 5.20000e+01  1.88666e-01  1.65753e-04  1.02125e-01  8.78551e-04  7.75681e-02  4.86642e-01
 5.25000e+01  1.88719e-01  2.07104e-04  1.02118e-01  1.09742e-03  7.75668e-02  4.86554e-01
 5.30000e+01  1.88784e-01  2.48395e-04  1.02111e-01  1.31576e-03  7.75652e-02  4.86446e-01
 5.35000e+01  1.88861e-01  2.89615e-04  1.02102e-01  1.53348e-03  7.75634e-02  4.86319e-01
 5.40000e+01  1.88949e-01  3.30749e-04  1.02091e-01  1.75047e-03  7.75613e-02  4.86173e-01
 5.45000e+01  1.89049e-01  3.71785e-04  1.02080e-01  1.96661e-03  7.75588e-02  4.86009e-01
 5.50000e+01  1.89160e-01  4.12709e-04  1.02067e-01  2.18180e-03  7.75561e-02  4.85825e-01
 5.55000e+01  1.89282e-01  4.53506e-04  1.02052e-01  2.39592e-03  7.75532e-02  4.85623e-01
 5.60000e+01  1.89416e-01  4.94162e-04  1.02036e-01  2.60887e-03  7.75499e-02  4.85403e-01
 5.65000e+01  1.89561e-01  5.34660e-04  1.02019e-01  2.82052e-03  7.75463e-02  4.85166e-01
 5.70000e+01  1.89716e-01  5.74986e-04  1.02001e-01  3.03077e-03  7.75425e-02  4.84910e-01
 5.75000e+01  1.89883e-01  6.15123e-04  1.01981e-01  3.23949e-03  7.75383e-02  4.84638e-01
 5.80000e+01  1.90060e-01  6.55054e-04  1.01960e-01  3.44657e-03  7.75339e-02  4.84348e-01
 5.85000e+01  1.90247e-01  6.94764e-04  1.01937e-01  3.65191e-03  7.75291e-02  4.84042e-01
 5.90000e+01  1.90444e-01  7.34234e-04  1.01914e-01  3.85537e-03  7.75241e-02  4.83721e-01
 5.95000e+01  1.90652e-01  7.73448e-04  1.01889e-01  4.05686e-03  7.75187e-02  4.83383e-01
 6.00000e+01  1.90869e-01  8.12388e-04  1.01862e-01  4.25625e-03  7.75130e-02  4.83030e-01
 6.05000e+01  1.91096e-01  8.51036e-04  1.01835e-01  4.45344e-03  7.75069e-02  4.82662e-01
 6.10000e+01  1.91333e-01  8.89373e-04  1.01806e-01  4.64831e-03  7.75005e-02  4.82280e-01
 6.15000e+01  1.91578e-01  9.27382e-04  1.01775e-01  4.84076e-03  7.74937e-02  4.81884e-01
 6.20000e+01  1.91832e-01  9.65043e-04  1.01744e-01  5.03067e-03  7.74865e-02  4.81475e-01
 6.25000e+01  1.92095e-01  1.00234e-03  1.01711e-01  5.21793e-03  7.74790e-02  4.81052e-01
 6.30000e+01  1.92366e-01  1.03924e-03  1.01677e-01  5.40243e-03  7.74710e-02  4.80617e-01
 6.35000e+01  1.92645e-01  1.07574e-03  1.01642e-01  5.58407e-03  7.74626e-02  4.80171e-01
 6.40000e+01  1.92932e-01  1.11181e-03  1.01605e-01  5.76273e-03  7.74537e-02  4.79712e-01
 6.45000e+01  1.93226e-01  1.14743e-03  1.01567e-01  5.93828e-03  7.74443e-02  4.79243e-01
 6.50000e+01  1.93527e-01  1.18257e-03  1.01527e-01  6.11061e-03  7.74345e-02  4.78763e-01
 6.55000e+01  1.93834e-01  1.21720e-03  1.01487e-01  6.27959e-03  7.74241e-02  4.78273e-01
 6.60000e+01  1.94149e-01  1.25130e-03  1.01445e-01  6.44509e-03  7.74132e-02  4.77774e-01
 6.65000e+01  1.94469e-01  1.28484e-03  1.01402e-01  6.60695e-03  7.74018e-02  4.77265e-01
 6.70000e+01  1.94794e-01  1.31779e-03  1.01357e-01  6.76503e-03  7.73897e-02  4.76749e-01
 6.75000e+01  1.95126e-01  1.35010e-03  1.01311e-01  6.91915e-03  7.73771e-02  4.76225e-01
 6.80000e+01  1.95462e-01  1.38175e-03  1.01264e-01  7.06915e-03  7.73638e-02  4.75693e-01
 6.85000e+01  1.95802e-01  1.41268e-03  1.01216e-01  7.21482e-03  7.73499e-02  4.75155e-01
 6.90000e+01  1.96147e-01  1.44285e-03  1.01166e-01  7.35595e-03  7.73353e-02  4.74610e-01
 6.95000e+01  1.96496e-01  1.47221e-03  1.01115e-01  7.49232e-03  7.73200e-02  4.74060e-01
 7.00000e+01  1.96847e-01  1.50070e-03  1.01063e-01  7.62368e-03  7.73040e-02  4.73505e-01
 7.05000e+01  1.97202e-01  1.52827e-03  1.01010e-01  7.74976e-03  7.72872e-02  4.72945e-01
 7.10000e+01  1.97560e-01  1.55485e-03  1.00955e-01  7.87029e-03  7.72698e-02  4.72381e-01
 7.15000e+01  1.97920e-01  1.58038e-03  1.00900e-01  7.98497e-03  7.72516e-02  4.71814e-01
 7.20000e+01  1.98281e-01  1.60478e-03  1.00843e-01  8.09347e-03  7.72326e-02  4.71243e-01
 7.25000e+01  1.98644e-01  1.62798e-03  1.00784e-01  8.19547e-03  7.72128e-02  4.70671e-01
 7.30000e+01  1.99008e-01  1.64990e-03  1.00725e-01  8.29062e-03  7.71922e-02  4.70096e-01
 7.35000e+01  1.99373e-01  1.67046e-03  1.00665e-01  8.37856e-03  7.71707e-02  4.69520e-01
 7.40000e+01  1.99738e-01  1.68956e-03  1.00603e-01  8.45892e-03  7.71485e-02  4.68943e-01
 7.45000e+01  2.00102e-01  1.70714e-03  1.00541e-01  8.53132e-03  7.71254e-02  4.68366e-01
 7.50000e+01  2.00466e-01  1.72308e-03  1.00477e-01  8.59539e-03  7.71014e-02  4.67789e-01
 7.55000e+01  2.00829e-01  1.73732e-03  1.00412e-01  8.65076e-03  7.70765e-02  4.67212e-01
 7.60000e+01  2.01190e-01  1.74976e-03  1.00346e-01  8.69704e-03  7.70506e-02  4.66637e-01
 7.65000e+01  2.01549e-01  1.76031e-03  1.00280e-01  8.73389e-03  7.70239e-02  4.66062e-01
 7.70000e+01  2.01906e-01  1.76889e-03  1.00212e-01  8.76095e-03  7.69961e-02  4.65490e-01
 7.75000e+01  2.02260e-01  1.77542e-03  1.00143e-01  8.77788e-03  7.69674e-02  4.64920e-01
 7.80000e+01  2.02611e-01  1.77982e-03  1.00073e-01  8.78440e-03  7.69376e-02  4.64353e-01
 7.85000e+01  2.02958e-01  1.78202e-03  1.00002e-01  8.78022e-03  7.69067e-02  4.63788e-01
 7.90000e+01  2.03301e-01  1.78195e-03  9.99305e-02  8.76509e-03  7.68746e-02  4.63227e-01
 7.95000e+01  2.03639e-01  1.77956e-03  9.98576e-02  8.73881e-03  7.68414e-02  4.62670e-01
 8.00000e+01  2.03973e-01  1.77480e-03  9.97837e-02  8.70119e-03  7.68070e-02  4.62116e-01
 8.05000e+01  2.04300e-01  1.76763e-03  9.97087e-02  8.65212e-03  7.67712e-02  4.61567e-01
 8.10000e+01  2.04622e-01  1.75801e-03  9.96327e-02  8.59151e-03  7.67341e-02  4.61022e-01
 8.15000e+01  2.04938e-01  1.74593e-03  9.95555e-02  8.51931e-03  7.66956e-02  4.60481e-01
 8.20000e+01  2.05246e-01  1.73136e-03  9.94772e-02  8.43553e-03  7.66556e-02  4.59946e-01
 8.25000e+01  2.05547e-01  1.71431e-03  9.93978e-02  8.34022e-03  7.66141e-02  4.59416e-01
 8.30000e+01  2.05841e-01  1.69478e-03  9.93172e-02  8.23347e-03  7.65710e-02  4.58891e-01
 8.35000e+01  2.06126e-01  1.67280e-03  9.92355e-02  8.11543e-03  7.65263e-02  4.58371e-01
 8.40000e+01  2.06403e-01  1.64839e-03  9.91526e-02  7.98626e-03  7.64799e-02  4.57858e-01
 8.45000e+01  2.06670e-01  1.62158e-03  9.90685e-02  7.84620e-03  7.64318e-02  4.57350e-01
 8.50000e+01  2.06929e-01  1.59242e-03  9.89834e-02  7.69549e-03  7.63820e-02  4.56849e-01
 8.55000e+01  2.07178e-01  1.56097e-03  9.88971e-02  7.53443e-03  7.63304e-02  4.56354e-01
 8.60000e+01  2.07417e-01  1.52728e-03  9.88097e-02  7.36333e-03  7.62771e-02  4.55866e-01
 8.65000e+01  2.07645e-01  1.49142e-03  9.87214e-02  7.18253e-03  7.62222e-02  4.55386e-01
 8.70000e+01  2.07863e-01  1.45346e-03  9.86322e-02  6.99239e-03  7.61656e-02  4.54912e-01
 8.75000e+01  2.08071e-01  1.41348e-03  9.85422e-02  6.79329e-03  7.61075e-02  4.54447e-01
 8.80000e+01  2.08267e-01  1.37157e-03  9.84517e-02  6.58561e-03  7.60480e-02  4.53990e-01
 8.85000e+01  2.08453e-01  1.32779e-03  9.83606e-02  6.36976e-03  7.59871e-02  4.53542e-01
 8.90000e+01  2.08627e-01  1.28225e-03  9.82694e-02  6.14613e-03  7.59251e-02  4.53104e-01
 8.95000e+01  2.08791e-01  1.23502e-03  9.81781e-02  5.91512e-03  7.58621e-02  4.52675e-01
 9.00000e+01  2.08944e-01  1.18620e-03  9.80871e-02  5.67712e-03  7.57985e-02  4.52258e-01
 9.05000e+01  2.09085e-01  1.13587e-03  9.79967e-02  5.43254e-03  7.57344e-02  4.51852e-01
 9.10000e+01  2.09217e-01  1.08411e-03  9.79072e-02  5.18176e-03  7.56701e-02  4.51458e-01
 9.15000e+01  2.09337e-01  1.03102e-03  9.78189e-02  4.92515e-03  7.56060e-02  4.51077e-01
 9.20000e+01  2.09448e-01  9.76675e-04  9.77323e-02  4.66309e-03  7.55425e-02  4.50711e-01
 9.25000e+01  2.09549e-01  9.21162e-04  9.76478e-02  4.39593e-03  7.54798e-02  4.50360e-01
 9.30000e+01  2.09640e-01  8.64561e-04  9.75658e-02  4.12403e-03  7.54184e-02  4.50024e-01
 9.35000e+01  2.09722e-01  8.06952e-04  9.74867e-02  3.84772e-03  7.53587e-02  4.49706e-01
 9.40000e+01  2.09796e-01  7.48412e-04  9.74110e-02  3.56733e-03  7.53011e-02  4.49406e-01
 9.45000e+01  2.09861e-01  6.89016e-04  9.73392e-02  3.28320e-03  7.52461e-02  4.49125e-01
 9.50000e+01  2.09919e-01  6.28841e-04  9.72718e-02  2.99564e-03  7.51941e-02  4.48865e-01
 9.55000e+01  2.09969e-01  5.67960e-04  9.72091e-02  2.70497e-03  7.51455e-02  4.48625e-01
 9.60000e+01  2.10012e-01  5.06444e-04  9.71517e-02  2.41150e-03  7.51008e-02  4.48408e-01
 9.65000e+01  2.10050e-01  4.44366e-04  9.70999e-02  2.11553e-03  7.50603e-02  4.48214e-01
 9.70000e+01  2.10081e-01  3.81797e-04  9.70542e-02  1.81738e-03  7.50243e-02  4.48044e-01
 9.75000e+01  2.10106e-01  3.18806e-04  9.70149e-02  1.51736e-03  7.49933e-02  4.47899e-01
 9.80000e+01  2.10127e-01  2.55466e-04  9.69822e-02  1.21577e-03  7.49675e-02  4.47779e-01
 9.85000e+01  2.10143e-01  1.91844e-04  9.69566e-02  9.12925e-04  7.49472e-02  4.47685e-01
 9.90000e+01  2.10154e-01  1.28013e-04  9.69381e-02  6.09141e-04  7.49326e-02  4.47617e-01
 9.95000e+01  2.10160e-01  6.40416e-05  9.69269e-02  3.04728e-04  7.49237e-02  4.47577e-01
