 0.00000e+00  9.95432e-01  8.15459e-15  1.48860e+00  8.19201e-15  9.92400e-01  9.96954e-01
 1.00000e-01  9.95432e-01  5.05153e-05  1.48860e+00  5.07471e-05  9.92400e-01  9.96954e-01
 2.00000e-01  9.95432e-01  1.01030e-04  1.48860e+00  1.01493e-04  9.92400e-01  9.96954e-01
 3.00000e-01  9.95433e-01  1.51542e-04  1.48860e+00  1.52238e-04  9.92400e-01  9.96954e-01
 4.00000e-01  9.95433e-01  2.02053e-04  1.48860e+00  2.02980e-04  9.92401e-01  9.96954e-01
 5.00000e-01  9.95433e-01  2.52559e-04  1.48860e+00  2.53718e-04  9.92401e-01  9.96954e-01
 6.00000e-01  9.95433e-01  3.03062e-04  1.48860e+00  3.04452e-04  9.92402e-01  9.96954e-01
 7.00000e-01  9.95434e-01  3.53560e-04  1.48860e+00  3.55181e-04  9.92402e-01  9.96955e-01
 8.00000e-01  9.95434e-01  4.04051e-04  1.48860e+00  4.05904e-04  9.92403e-01  9.96955e-01
 9.00000e-01  9.95435e-01  4.54536e-04  1.48861e+00  4.56621e-04  9.92404e-01  9.96955e-01
 1.00000e+00  9.95435e-01  5.05013e-04  1.48861e+00  5.07329e-04  9.92405e-01  9.96956e-01
 1.10000e+00  9.95436e-01  5.55482e-04  1.48861e+00  5.58029e-04  9.92406e-01  9.96956e-01
 1.20000e+00  9.95437e-01  6.05942e-04  1.48861e+00  6.08720e-04  9.92407e-01  9.96956e-01
 1.30000e+00  9.95438e-01  6.56391e-04  1.48861e+00  6.59400e-04  9.92408e-01  9.96957e-01
 1.40000e+00  9.95438e-01  7.06830e-04  1.48861e+00  7.10069e-04  9.92410e-01  9.96957e-01
 1.50000e+00  9.95439e-01  7.57256e-04  1.48862e+00  7.60726e-04  9.92411e-01  9.96958e-01
 1.60000e+00  9.95440e-01  8.07670e-04  1.48862e+00  8.11370e-04  9.92413e-01  9.96959e-01
 1.70000e+00  9.95441e-01  8.58071e-04  1.48862e+00  8.62000e-04  9.92415e-01  9.96959e-01
 1.80000e+00  9.95442e-01  9.08457e-04  1.48862e+00  9.12616e-04  9.92416e-01  9.96960e-01
 1.90000e+00  9.95444e-01  9.58828e-04  1.48863e+00  9.63216e-04  9.92418e-01  9.96961e-01
 2.00000e+00  9.95445e-01  1.00918e-03  1.48863e+00  1.01380e-03  9.92420e-01  9.96962e-01
 2.10000e+00  9.95446e-01  1.05952e-03  1.48863e+00  1.06437e-03  9.92422e-01  9.96962e-01
 2.20000e+00  9.95447e-01  1.10984e-03  1.48864e+00  1.11492e-03  9.92425e-01  9.96963e-01
 2.30000e+00  9.95449e-01  1.16014e-03  1.48864e+00  1.16545e-03  9.92427e-01  9.96964e-01
 2.40000e+00  9.95450e-01  1.21042e-03  1.48864e+00  1.21596e-03  9.92429e-01  9.96965e-01
 2.50000e+00  9.95452e-01  1.26069e-03  1.48865e+00  1.26645e-03  9.92432e-01  9.96966e-01
 2.60000e+00  9.95454e-01  1.31093e-03  1.48865e+00  1.31691e-03  9.92434e-01  9.96967e-01
 2.70000e+00  9.95455e-01  1.36114e-03  1.48866e+00  1.36736e-03  9.92437e-01  9.96968e-01
 2.80000e+00  9.95457e-01  1.41134e-03  1.48866e+00  1.41778e-03  9.92440e-01  9.96969e-01
 2.90000e+00  9.95459e-01  1.46151e-03  1.48866e+00  1.46818e-03  9.92443e-01  9.96970e-01
 3.00000e+00  9.95461e-01  1.51166e-03  1.48867e+00  1.51855e-03  9.92446e-01  9.96972e-01
 3.10000e+00  9.95462e-01  1.56178e-03  1.48867e+00  1.56890e-03  9.92449e-01  9.96973e-01
 3.20000e+00  9.95464e-01  1.61187e-03  1.48868e+00  1.61922e-03  9.92452e-01  9.96974e-01
 3.30000e+00  9.95466e-01  1.66194e-03  1.48868e+00  1.66951e-03  9.92456e-01  9.96975e-01
 3.40000e+00  9.95469e-01  1.71198e-03  1.48869e+00  1.71978e-03  9.92459e-01  9.96977e-01
 3.50000e+00  9.95471e-01  1.76199e-03  1.48869e+00  1.77001e-03  9.92463e-01  9.96978e-01
 3.60000e+00  9.95473e-01  1.81197e-03  1.48870e+00  1.82021e-03  9.92466e-01  9.96980e-01
 3.70000e+00  9.95475e-01  1.86192e-03  1.48870e+00  1.87039e-03  9.92470e-01  9.96981e-01
 3.80000e+00  9.95478e-01  1.91184e-03  1.48871e+00  1.92053e-03  9.92474e-01  9.96983e-01
 3.90000e+00  9.95480e-01  1.96173e-03  1.48872e+00  1.97064e-03  9.92478e-01  9.96984e-01
 4.00000e+00  9.95483e-01  2.01158e-03  1.48872e+00  2.02071e-03  9.92482e-01  9.96986e-01
 4.10000e+00  9.95485e-01  2.06140e-03  1.48873e+00  2.07075e-03  9.92486e-01  9.96987e-01
 4.20000e+00  9.95488e-01  2.11118e-03  1.48874e+00  2.12075e-03  9.92490e-01  9.96989e-01
 4.30000e+00  9.95490e-01  2.16093e-03  1.48874e+00  2.17072e-03  9.92495e-01  9.96991e-01
 4.40000e+00  9.95493e-01  2.21064e-03  1.48875e+00  2.22065e-03  9.92499e-01  9.96993e-01
 4.50000e+00  9.95496e-01  2.26031e-03  1.48876e+00  2.27054e-03  9.92504e-01  9.96994e-01
 4.60000e+00  9.95499e-01  2.30995e-03  1.48876e+00  2.32039e-03  9.92508e-01  9.96996e-01
 4.70000e+00  9.95502e-01  2.35954e-03  1.48877e+00  2.37020e-03  9.92513e-01  9.96998e-01
 4.80000e+00  9.95505e-01  2.40910e-03  1.48878e+00  2.41997e-03  9.92518e-01  9.97000e-01
 4.90000e+00  9.95508e-01  2.45861e-03  1.48878e+00  2.46970e-03  9.92523e-01  9.97002e-01
 5.00000e+00  9.95511e-01  2.50808e-03  1.48879e+00  2.51939e-03  9.92528e-01  9.97004e-01
 5.10000e+00  9.95514e-01  2.55751e-03  1.48880e+00  2.56903e-03  9.92534e-01  9.97006e-01
 5.20000e+00  9.95517e-01  2.60689e-03  1.48881e+00  2.61863e-03  9.92539e-01  9.97008e-01
 5.30000e+00  9.95521e-01  2.65623e-03  1.48882e+00  2.66818e-03  9.92544e-01  9.97010e-01
 5.40000e+00  9.95524e-01  2.70552e-03  1.48883e+00  2.71768e-03  9.92550e-01  9.97013e-01
 5.50000e+00  9.95528e-01  2.75477e-03  1.48883e+00  2.76714e-03  9.92556e-01  9.97015e-01
 5.60000e+00  9.95531e-01  2.80396e-03  1.48884e+00  2.81655e-03  9.92561e-01  9.97017e-01
 5.70000e+00  9.95535e-01  2.85311e-03  1.48885e+00  2.86591e-03  9.92567e-01  9.97019e-01
 5.80000e+00  9.95538e-01  2.90221e-03  1.48886e+00  2.91522e-03  9.92573e-01  9.97022e-01
 5.90000e+00  9.95542e-01  2.95126e-03  1.48887e+00  2.96448e-03  9.92580e-01  9.97024e-01
 6.00000e+00  9.95546e-01  3.00026e-03  1.48888e+00  3.01368e-03  9.92586e-01  9.97027e-01
 6.10000e+00  9.95550e-01  3.04920e-03  1.48889e+00  3.06283e-03  9.92592e-01  9.97029e-01
 6.20000e+00  9.95554e-01  3.09810e-03  1.48890e+00  3.11193e-03  9.92599e-01  9.97032e-01
 6.30000e+00  9.95558e-01  3.14693e-03  1.48891e+00  3.16098e-03  9.92605e-01  9.97034e-01
 6.40000e+00  9.95562e-01  3.19572e-03  1.48892e+00  3.20996e-03  9.92612e-01  9.97037e-01
 6.50000e+00  9.95566e-01  3.24444e-03  1.48893e+00  3.25889e-03  9.92619e-01  9.97040e-01
 6.60000e+00  9.95570e-01  3.29311e-03  1.48894e+00  3.30777e-03  9.92625e-01  9.97042e-01
 6.70000e+00  9.95574e-01  3.34172e-03  1.48895e+00  3.35658e-03  9.92632e-01  9.97045e-01
 6.80000e+00  9.95578e-01  3.39028e-03  1.48896e+00  3.40533e-03  9.92640e-01  9.97048e-01
 6.90000e+00  9.95583e-01  3.43877e-03  1.48897e+00  3.45403e-03  9.92647e-01  9.97051e-01
 7.00000e+00  9.95587e-01  3.48720e-03  1.48898e+00  3.50266e-03  9.92654e-01  9.97054e-01
 7.10000e+00  9.95592e-01  3.53557e-03  1.48899e+00  3.55123e-03  9.92662e-01  9.97057e-01
 7.20000e+00  9.95596e-01  3.58388e-03  1.48900e+00  3.59973e-03  9.92669e-01  9.97060e-01
 7.30000e+00  9.95601e-01  3.63212e-03  1.48902e+00  3.64817e-03  9.92677e-01  9.97063e-01
 7.40000e+00  9.95606e-01  3.68030e-03  1.48903e+00  3.69654e-03  9.92685e-01  9.97066e-01
 7.50000e+00  9.95611e-01  3.72841e-03  1.48904e+00  3.74485e-03  9.92693e-01  9.97069e-01
 7.60000e+00  9.95615e-01  3.77646e-03  1.48905e+00  3.79309e-03  9.92701e-01  9.97072e-01
 7.70000e+00  9.95620e-01  3.82444e-03  1.48906e+00  3.84126e-03  9.92709e-01  9.97076e-01
 7.80000e+00  9.95625e-01  3.87235e-03  1.48908e+00  3.88936e-03  9.92717e-01  9.97079e-01
 7.90000e+00  9.95630e-01  3.92019e-03  1.48909e+00  3.93739e-03  9.92726e-01  9.97082e-01
 8.00000e+00  9.95636e-01  3.96796e-03  1.48910e+00  3.98535e-03  9.92734e-01  9.97086e-01
 8.10000e+00  9.95641e-01  4.01566e-03  1.48911e+00  4.03324e-03  9.92743e-01  9.97089e-01
 8.20000e+00  9.95646e-01  4.06328e-03  1.48913e+00  4.08105e-03  9.92751e-01  9.97093e-01
 8.30000e+00  9.95651e-01  4.11083e-03  1.48914e+00  4.12879e-03  9.92760e-01  9.97096e-01
 8.40000e+00  9.95657e-01  4.15831e-03  1.48915e+00  4.17645e-03  9.92769e-01  9.97100e-01
 8.50000e+00  9.95662e-01  4.20571e-03  1.48917e+00  4.22403e-03  9.92778e-01  9.97103e-01
 8.60000e+00  9.95668e-01  4.25303e-03  1.48918e+00  4.27154e-03  9.92788e-01  9.97107e-01
 8.70000e+00  9.95674e-01  4.30028e-03  1.48920e+00  4.31897e-03  9.92797e-01  9.97111e-01
 8.80000e+00  9.95679e-01  4.34745e-03  1.48921e+00  4.36631e-03  9.92806e-01  9.97115e-01
 8.90000e+00  9.95685e-01  4.39454e-03  1.48922e+00  4.41358e-03  9.92816e-01  9.97119e-01
 9.00000e+00  9.95691e-01  4.44154e-03  1.48924e+00  4.46076e-03  9.92826e-01  9.97122e-01
 9.10000e+00  9.95697e-01  4.48847e-03  1.48925e+00  4.50786e-03  9.92836e-01  9.97126e-01
 9.20000e+00  9.95703e-01  4.53531e-03  1.48927e+00  4.55488e-03  9.92846e-01  9.97130e-01
 9.30000e+00  9.95709e-01  4.58207e-03  1.48928e+00  4.60181e-03  9.92856e-01  9.97134e-01
 9.40000e+00  9.95715e-01  4.62874e-03  1.48930e+00  4.64866e-03  9.92866e-01  9.97138e-01
 9.50000e+00  9.95721e-01  4.67532e-03  1.48931e+00  4.69541e-03  9.92876e-01  9.97143e-01
 9.60000e+00  9.95728e-01  4.72182e-03  1.48933e+00  4.74208e-03  9.92887e-01  9.97147e-01
 9.70000e+00  9.95734e-01  4.76823e-03  1.48935e+00  4.78866e-03  9.92897e-01  9.97151e-01
 9.80000e+00  9.95740e-01  4.81456e-03  1.48936e+00  4.83515e-03  9.92908e-01  9.97155e-01
 9.90000e+00  9.95747e-01  4.86079e-03  1.48938e+00  4.88155e-03  9.92919e-01  9.97160e-01
 1.00000e+01  9.95754e-01  4.90692e-03  1.48939e+00  4.92785e-03  9.92930e-01  9.97164e-01
 1.01000e+01  9.95760e-01  4.95297e-03  1.48941e+00  4.97406e-03  9.92941e-01  9.97169e-01
 1.02000e+01  9.95767e-01  4.99892e-03  1.48943e+00  5.02017e-03  9.92952e-01  9.97173e-01
 1.03000e+01  9.95774e-01  5.04478e-03  1.48945e+00  5.06619e-03  9.92963e-01  9.97178e-01
 1.04000e+01  9.95781e-01  5.09054e-03  1.48946e+00  5.11211e-03  9.92975e-01  9.97182e-01
 1.05000e+01  9.95788e-01  5.13620e-03  1.48948e+00  5.15793e-03  9.92986e-01  9.97187e-01
 1.06000e+01  9.95795e-01  5.18177e-03  1.48950e+00  5.20365e-03  9.92998e-01  9.97192e-01
 1.07000e+01  9.95802e-01  5.22724e-03  1.48952e+00  5.24927e-03  9.93010e-01  9.97196e-01
 1.08000e+01  9.95809e-01  5.27260e-03  1.48953e+00  5.29479e-03  9.93022e-01  9.97201e-01
 1.09000e+01  9.95816e-01  5.31786e-03  1.48955e+00  5.34021e-03  9.93034e-01  9.97206e-01
 1.10000e+01  9.95824e-01  5.36302e-03  1.48957e+00  5.38552e-03  9.93047e-01  9.97211e-01
 1.11000e+01  9.95831e-01  5.40808e-03  1.48959e+00  5.43072e-03  9.93059e-01  9.97216e-01
 1.12000e+01  9.95839e-01  5.45303e-03  1.48961e+00  5.47582e-03  9.93071e-01  9.97221e-01
 1.13000e+01  9.95846e-01  5.49788e-03  1.48963e+00  5.52081e-03  9.93084e-01  9.97226e-01
 1.14000e+01  9.95854e-01  5.54261e-03  1.48965e+00  5.56569e-03  9.93097e-01  9.97231e-01
 1.15000e+01  9.95862e-01  5.58724e-03  1.48966e+00  5.61046e-03  9.93110e-01  9.97237e-01
 1.16000e+01  9.95870e-01  5.63176e-03  1.48968e+00  5.65511e-03  9.93123e-01  9.97242e-01
 1.17000e+01  9.95878e-01  5.67616e-03  1.48970e+00  5.69966e-03  9.93136e-01  9.97247e-01
 1.18000e+01  9.95886e-01  5.72046e-03  1.48972e+00  5.74409e-03  9.93150e-01  9.97253e-01
 1.19000e+01  9.95894e-01  5.76464e-03  1.48974e+00  5.78840e-03  9.93163e-01  9.97258e-01
 1.20000e+01  9.95902e-01  5.80870e-03  1.48977e+00  5.83260e-03  9.93177e-01  9.97264e-01
 1.21000e+01  9.95910e-01  5.85265e-03  1.48979e+00  5.87668e-03  9.93191e-01  9.97269e-01
 1.22000e+01  9.95919e-01  5.89648e-03  1.48981e+00  5.92064e-03  9.93205e-01  9.97275e-01
 1.23000e+01  9.95927e-01  5.94019e-03  1.48983e+00  5.96448e-03  9.93219e-01  9.97280e-01
 1.24000e+01  9.95936e-01  5.98378e-03  1.48985e+00  6.00820e-03  9.93233e-01  9.97286e-01
 1.25000e+01  9.95944e-01  6.02726e-03  1.48987e+00  6.05180e-03  9.93247e-01  9.97292e-01
 1.26000e+01  9.95953e-01  6.07060e-03  1.48989e+00  6.09527e-03  9.93262e-01  9.97298e-01
 1.27000e+01  9.95962e-01  6.11383e-03  1.48991e+00  6.13862e-03  9.93276e-01  9.97304e-01
 1.28000e+01  9.95971e-01  6.15693e-03  1.48994e+00  6.18184e-03  9.93291e-01  9.97310e-01
 1.29000e+01  9.95980e-01  6.19990e-03  1.48996e+00  6.22493e-03  9.93306e-01  9.97316e-01
 1.30000e+01  9.95989e-01  6.24274e-03  1.48998e+00  6.26789e-03  9.93321e-01  9.97322e-01
 1.31000e+01  9.95998e-01  6.28546e-03  1.49000e+00  6.31072e-03  9.93337e-01  9.97328e-01
 1.32000e+01  9.96007e-01  6.32805e-03  1.49003e+00  6.35341e-03  9.93352e-01  9.97334e-01
 1.33000e+01  9.96016e-01  6.37050e-03  1.49005e+00  6.39598e-03  9.93368e-01  9.97341e-01
 1.34000e+01  9.96026e-01  6.41282e-03  1.49007e+00  6.43841e-03  9.93383e-01  9.97347e-01
 1.35000e+01  9.96035e-01  6.45501e-03  1.49010e+00  6.48070e-03  9.93399e-01  9.97353e-01
 1.36000e+01  9.96045e-01  6.49705e-03  1.49012e+00  6.52285e-03  9.93415e-01  9.97360e-01
 1.37000e+01  9.96055e-01  6.53897e-03  1.49015e+00  6.56487e-03  9.93431e-01  9.97366e-01
 1.38000e+01  9.96064e-01  6.58074e-03  1.49017e+00  6.60674e-03  9.93448e-01  9.97373e-01
 1.39000e+01  9.96074e-01  6.62238e-03  1.49020e+00  6.64848e-03  9.93464e-01  9.97380e-01
 1.40000e+01  9.96084e-01  6.66387e-03  1.49022e+00  6.69006e-03  9.93481e-01  9.97386e-01
 1.41000e+01  9.96094e-01  6.70522e-03  1.49025e+00  6.73151e-03  9.93498e-01  9.97393e-01
 1.42000e+01  9.96104e-01  6.74642e-03  1.49027e+00  6.77281e-03  9.93515e-01  9.97400e-01
 1.43000e+01  9.96115e-01  6.78748e-03  1.49030e+00  6.81396e-03  9.93532e-01  9.97407e-01
 1.44000e+01  9.96125e-01  6.82839e-03  1.49032e+00  6.85496e-03  9.93549e-01  9.97414e-01
 1.45000e+01  9.96136e-01  6.86916e-03  1.49035e+00  6.89581e-03  9.93566e-01  9.97421e-01
 1.46000e+01  9.96146e-01  6.90977e-03  1.49038e+00  6.93650e-03  9.93584e-01  9.97428e-01
 1.47000e+01  9.96157e-01  6.95023e-03  1.49040e+00  6.97705e-03  9.93602e-01  9.97435e-01
 1.48000e+01  9.96168e-01  6.99054e-03  1.49043e+00  7.01744e-03  9.93620e-01  9.97442e-01
 1.49000e+01  9.96178e-01  7.03070e-03  1.49046e+00  7.05767e-03  9.93638e-01  9.97450e-01
 1.50000e+01  9.96189e-01  7.07069e-03  1.49048e+00  7.09774e-03  9.93656e-01  9.97457e-01
 1.51000e+01  9.96200e-01  7.11053e-03  1.49051e+00  7.13765e-03  9.93675e-01  9.97465e-01
 1.52000e+01  9.96212e-01  7.15021e-03  1.49054e+00  7.17741e-03  9.93693e-01  9.97472e-01
 1.53000e+01  9.96223e-01  7.18973e-03  1.49057e+00  7.21699e-03  9.93712e-01  9.97480e-01
 1.54000e+01  9.96234e-01  7.22909e-03  1.49060e+00  7.25642e-03  9.93731e-01  9.97487e-01
 1.55000e+01  9.96246e-01  7.26829e-03  1.49063e+00  7.29568e-03  9.93750e-01  9.97495e-01
 1.56000e+01  9.96257e-01  7.30731e-03  1.49065e+00  7.33477e-03  9.93769e-01  9.97503e-01
 1.57000e+01  9.96269e-01  7.34618e-03  1.49068e+00  7.37369e-03  9.93789e-01  9.97511e-01
 1.58000e+01  9.96281e-01  7.38487e-03  1.49071e+00  7.41244e-03  9.93809e-01  9.97519e-01
 1.59000e+01  9.96293e-01  7.42339e-03  1.49074e+00  7.45101e-03  9.93829e-01  9.97527e-01
 1.60000e+01  9.96305e-01  7.46174e-03  1.49077e+00  7.48942e-03  9.93849e-01  9.97535e-01
 1.61000e+01  9.96317e-01  7.49992e-03  1.49080e+00  7.52764e-03  9.93869e-01  9.97543e-01
 1.62000e+01  9.96329e-01  7.53792e-03  1.49083e+00  7.56569e-03  9.93889e-01  9.97551e-01
 1.63000e+01  9.96341e-01  7.57574e-03  1.49086e+00  7.60356e-03  9.93910e-01  9.97560e-01
 1.64000e+01  9.96354e-01  7.61339e-03  1.49090e+00  7.64125e-03  9.93931e-01  9.97568e-01
 1.65000e+01  9.96366e-01  7.65085e-03  1.49093e+00  7.67875e-03  9.93951e-01  9.97576e-01
 1.66000e+01  9.96379e-01  7.68813e-03  1.49096e+00  7.71608e-03  9.93973e-01  9.97585e-01
 1.67000e+01  9.96392e-01  7.72523e-03  1.49099e+00  7.75321e-03  9.93994e-01  9.97594e-01
 1.68000e+01  9.96405e-01  7.76215e-03  1.49102e+00  7.79016e-03  9.94015e-01  9.97602e-01
 1.69000e+01  9.96418e-01  7.79887e-03  1.49106e+00  7.82691e-03  9.94037e-01  9.97611e-01
 1.70000e+01  9.96431e-01  7.83541e-03  1.49109e+00  7.86348e-03  9.94059e-01  9.97620e-01
 1.71000e+01  9.96444e-01  7.87176e-03  1.49112e+00  7.89985e-03  9.94081e-01  9.97629e-01
 1.72000e+01  9.96457e-01  7.90791e-03  1.49116e+00  7.93602e-03  9.94103e-01  9.97638e-01
 1.73000e+01  9.96471e-01  7.94387e-03  1.49119e+00  7.97200e-03  9.94126e-01  9.97647e-01
 1.74000e+01  9.96484e-01  7.97963e-03  1.49122e+00  8.00778e-03  9.94149e-01  9.97656e-01
 1.75000e+01  9.96498e-01  8.01519e-03  1.49126e+00  8.04336e-03  9.94172e-01  9.97665e-01
 1.76000e+01  9.96512e-01  8.05056e-03  1.49129e+00  8.07873e-03  9.94195e-01  9.97675e-01
 1.77000e+01  9.96526e-01  8.08572e-03  1.49133e+00  8.11391e-03  9.94218e-01  9.97684e-01
 1.78000e+01  9.96540e-01  8.12067e-03  1.49136e+00  8.14887e-03  9.94242e-01  9.97694e-01
 1.79000e+01  9.96554e-01  8.15543e-03  1.49140e+00  8.18362e-03  9.94265e-01  9.97703e-01
 1.80000e+01  9.96569e-01  8.18997e-03  1.49143e+00  8.21817e-03  9.94289e-01  9.97713e-01
 1.81000e+01  9.96583e-01  8.22430e-03  1.49147e+00  8.25250e-03  9.94313e-01  9.97723e-01
 1.82000e+01  9.96598e-01  8.25842e-03  1.49151e+00  8.28662e-03  9.94338e-01  9.97732e-01
 1.83000e+01  9.96612e-01  8.29233e-03  1.49154e+00  8.32052e-03  9.94362e-01  9.97742e-01
 1.84000e+01  9.96627e-01  8.32603e-03  1.49158e+00  8.35420e-03  9.94387e-01  9.97752e-01
 1.85000e+01  9.96642e-01  8.35950e-03  1.49162e+00  8.38766e-03  9.94412e-01  9.97762e-01
 1.86000e+01  9.96657e-01  8.39275e-03  1.49166e+00  8.42090e-03  9.94437e-01  9.97773e-01
 1.87000e+01  9.96672e-01  8.42579e-03  1.49169e+00  8.45392e-03  9.94463e-01  9.97783e-01
 1.88000e+01  9.96688e-01  8.45860e-03  1.49173e+00  8.48671e-03  9.94488e-01  9.97793e-01
 1.89000e+01  9.96703e-01  8.49118e-03  1.49177e+00  8.51926e-03  9.94514e-01  9.97804e-01
 1.90000e+01  9.96719e-01  8.52353e-03  1.49181e+00  8.55159e-03  9.94540e-01  9.97814e-01
 1.91000e+01  9.96735e-01  8.55566e-03  1.49185e+00  8.58368e-03  9.94567e-01  9.97825e-01
 1.92000e+01  9.96751e-01  8.58755e-03  1.49189e+00  8.61554e-03  9.94593e-01  9.97835e-01
 1.93000e+01  9.96767e-01  8.61921e-03  1.49193e+00  8.64716e-03  9.94620e-01  9.97846e-01
 1.94000e+01  9.96783e-01  8.65063e-03  1.49197e+00  8.67854e-03  9.94647e-01  9.97857e-01
 1.95000e+01  9.96799e-01  8.68181e-03  1.49201e+00  8.70968e-03  9.94674e-01  9.97868e-01
 1.96000e+01  9.96816e-01  8.71275e-03  1.49205e+00  8.74058e-03  9.94702e-01  9.97879e-01
 1.97000e+01  9.96832e-01  8.74344e-03  1.49209e+00  8.77122e-03  9.94729e-01  9.97890e-01
 1.98000e+01  9.96849e-01  8.77389e-03  1.49214e+00  8.80162e-03  9.94757e-01  9.97902e-01
 1.99000e+01  9.96866e-01  8.80409e-03  1.49218e+00  8.83177e-03  9.94786e-01  9.97913e-01
 2.00000e+01  9.96883e-01  8.83404e-03  1.49222e+00  8.86166e-03  9.94814e-01  9.97924e-01
 2.01000e+01  9.96900e-01  8.86374e-03  1.49226e+00  8.89130e-03  9.94843e-01  9.97936e-01
 2.02000e+01  9.96918e-01  8.89318e-03  1.49231e+00  8.92068e-03  9.94872e-01  9.97948e-01
 2.03000e+01  9.96935e-01  8.92237e-03  1.49235e+00  8.94980e-03  9.94901e-01  9.97959e-01
 2.04000e+01  9.96953e-01  8.95129e-03  1.49240e+00  8.97865e-03  9.94930e-01  9.97971e-01
 2.05000e+01  9.96971e-01  8.97996e-03  1.49244e+00  9.00724e-03  9.94960e-01  9.97983e-01
 2.06000e+01  9.96989e-01  9.00835e-03  1.49249e+00  9.03556e-03  9.94990e-01  9.97995e-01
 2.07000e+01  9.97007e-01  9.03648e-03  1.49253e+00  9.06361e-03  9.95020e-01  9.98007e-01
 2.08000e+01  9.97025e-01  9.06434e-03  1.49258e+00  9.09139e-03  9.95051e-01  9.98020e-01
 2.09000e+01  9.97044e-01  9.09193e-03  1.49262e+00  9.11889e-03  9.95082e-01  9.98032e-01
 2.10000e+01  9.97062e-01  9.11924e-03  1.49267e+00  9.14611e-03  9.95113e-01  9.98045e-01
 2.11000e+01  9.97081e-01  9.14628e-03  1.49272e+00  9.17305e-03  9.95144e-01  9.98057e-01
 2.12000e+01  9.97100e-01  9.17303e-03  1.49276e+00  9.19971e-03  9.95175e-01  9.98070e-01
 2.13000e+01  9.97119e-01  9.19950e-03  1.49281e+00  9.22608e-03  9.95207e-01  9.98083e-01
 2.14000e+01  9.97138e-01  9.22569e-03  1.49286e+00  9.25216e-03  9.95239e-01  9.98096e-01
 2.15000e+01  9.97158e-01  9.25158e-03  1.49291e+00  9.27795e-03  9.95272e-01  9.98109e-01
 2.16000e+01  9.97177e-01  9.27719e-03  1.49296e+00  9.30345e-03  9.95305e-01  9.98122e-01
 2.17000e+01  9.97197e-01  9.30250e-03  1.49301e+00  9.32865e-03  9.95337e-01  9.98135e-01
 2.18000e+01  9.97217e-01  9.32752e-03  1.49306e+00  9.35355e-03  9.95371e-01  9.98148e-01
 2.19000e+01  9.97237e-01  9.35224e-03  1.49311e+00  9.37815e-03  9.95404e-01  9.98162e-01
 2.20000e+01  9.97258e-01  9.37665e-03  1.49316e+00  9.40244e-03  9.95438e-01  9.98176e-01
 2.21000e+01  9.97278e-01  9.40076e-03  1.49321e+00  9.42642e-03  9.95472e-01  9.98189e-01
 2.22000e+01  9.97299e-01  9.42456e-03  1.49326e+00  9.45009e-03  9.95507e-01  9.98203e-01
 2.23000e+01  9.97320e-01  9.44805e-03  1.49331e+00  9.47345e-03  9.95541e-01  9.98217e-01
 2.24000e+01  9.97341e-01  9.47123e-03  1.49336e+00  9.49649e-03  9.95576e-01  9.98231e-01
 2.25000e+01  9.97362e-01  9.49409e-03  1.49342e+00  9.51921e-03  9.95612e-01  9.98245e-01
 2.26000e+01  9.97383e-01  9.51663e-03  1.49347e+00  9.54160e-03  9.95647e-01  9.98260e-01
 2.27000e+01  9.97405e-01  9.53885e-03  1.49352e+00  9.56367e-03  9.95683e-01  9.98274e-01
 2.28000e+01  9.97427e-01  9.56074e-03  1.49358e+00  9.58541e-03  9.95719e-01  9.98289e-01
 2.29000e+01  9.97448e-01  9.58231e-03  1.49363e+00  9.60682e-03  9.95756e-01  9.98303e-01
 2.30000e+01  9.97471e-01  9.60354e-03  1.49369e+00  9.62789e-03  9.95793e-01  9.98318e-01
 2.31000e+01  9.97493e-01  9.62444e-03  1.49375e+00  9.64863e-03  9.95830e-01  9.98333e-01
 2.32000e+01  9.97516e-01  9.64499e-03  1.49380e+00  9.66902e-03  9.95868e-01  9.98348e-01
 2.33000e+01  9.97538e-01  9.66521e-03  1.49386e+00  9.68906e-03  9.95906e-01  9.98363e-01
 2.34000e+01  9.97561e-01  9.68508e-03  1.49392e+00  9.70876e-03  9.95944e-01  9.98379e-01
 2.35000e+01  9.97584e-01  9.70461e-03  1.49397e+00  9.72811e-03  9.95982e-01  9.98394e-01
 2.36000e+01  9.97608e-01  9.72378e-03  1.49403e+00  9.74710e-03  9.96021e-01  9.98410e-01
 2.37000e+01  9.97631e-01  9.74260e-03  1.49409e+00  9.76573e-03  9.96060e-01  9.98425e-01
 2.38000e+01  9.97655e-01  9.76106e-03  1.49415e+00  9.78400e-03  9.96100e-01  9.98441e-01
 2.39000e+01  9.97679e-01  9.77916e-03  1.49421e+00  9.80191e-03  9.96140e-01  9.98457e-01
 2.40000e+01  9.97703e-01  9.79689e-03  1.49427e+00  9.81945e-03  9.96180e-01  9.98473e-01
 2.41000e+01  9.97727e-01  9.81426e-03  1.49433e+00  9.83661e-03  9.96221e-01  9.98490e-01
 2.42000e+01  9.97752e-01  9.83126e-03  1.49439e+00  9.85341e-03  9.96262e-01  9.98506e-01
 2.43000e+01  9.97777e-01  9.84787e-03  1.49445e+00  9.86982e-03  9.96303e-01  9.98523e-01
 2.44000e+01  9.97802e-01  9.86412e-03  1.49452e+00  9.88584e-03  9.96345e-01  9.98539e-01
 2.45000e+01  9.97827e-01  9.87997e-03  1.49458e+00  9.90149e-03  9.96387e-01  9.98556e-01
 2.46000e+01  9.97853e-01  9.89544e-03  1.49464e+00  9.91674e-03  9.96429e-01  9.98573e-01
 2.47000e+01  9.97878e-01  9.91053e-03  1.49471e+00  9.93160e-03  9.96472e-01  9.98590e-01
 2.48000e+01  9.97904e-01  9.92522e-03  1.49477e+00  9.94606e-03  9.96515e-01  9.98608e-01
 2.49000e+01  9.97931e-01  9.93951e-03  1.49484e+00  9.96012e-03  9.96558e-01  9.98625e-01
 2.50000e+01  9.97957e-01  9.95340e-03  1.49490e+00  9.97377e-03  9.96602e-01  9.98643e-01
 2.51000e+01  9.97984e-01  9.96688e-03  1.49497e+00  9.98702e-03  9.96647e-01  9.98661e-01
 2.52000e+01  9.98010e-01  9.97996e-03  1.49504e+00  9.99986e-03  9.96691e-01  9.98678e-01
 2.53000e+01  9.98038e-01  9.99262e-03  1.49510e+00  1.00123e-02  9.96737e-01  9.98696e-01
 2.54000e+01  9.98065e-01  1.00049e-02  1.49517e+00  1.00243e-02  9.96782e-01  9.98715e-01
 2.55000e+01  9.98092e-01  1.00167e-02  1.49524e+00  1.00358e-02  9.96828e-01  9.98733e-01
 2.56000e+01  9.98120e-01  1.00281e-02  1.49531e+00  1.00470e-02  9.96874e-01  9.98752e-01
 2.57000e+01  9.98148e-01  1.00391e-02  1.49538e+00  1.00577e-02  9.96921e-01  9.98770e-01
 2.58000e+01  9.98177e-01  1.00496e-02  1.49545e+00  1.00680e-02  9.96968e-01  9.98789e-01
 2.59000e+01  9.98205e-01  1.00597e-02  1.49552e+00  1.00778e-02  9.97016e-01  9.98808e-01
 2.60000e+01  9.98234e-01  1.00694e-02  1.49560e+00  1.00872e-02  9.97064e-01  9.98828e-01
 2.61000e+01  9.98263e-01  1.00786e-02  1.49567e+00  1.00961e-02  9.97112e-01  9.98847e-01
 2.62000e+01  9.98293e-01  1.00874e-02  1.49574e+00  1.01046e-02  9.97161e-01  9.98866e-01
 2.63000e+01  9.98322e-01  1.00957e-02  1.49582e+00  1.01127e-02  9.97210e-01  9.98886e-01
 2.64000e+01  9.98352e-01  1.01036e-02  1.49589e+00  1.01202e-02  9.97260e-01  9.98906e-01
 2.65000e+01  9.98382e-01  1.01110e-02  1.49597e+00  1.01273e-02  9.97310e-01  9.98926e-01
 2.66000e+01  9.98413e-01  1.01179e-02  1.49604e+00  1.01340e-02  9.97361e-01  9.98946e-01
 2.67000e+01  9.98443e-01  1.01243e-02  1.49612e+00  1.01401e-02  9.97412e-01  9.98967e-01
 2.68000e+01  9.98474e-01  1.01303e-02  1.49620e+00  1.01458e-02  9.97463e-01  9.98987e-01
 2.69000e+01  9.98506e-01  1.01358e-02  1.49627e+00  1.01510e-02  9.97515e-01  9.99008e-01
 2.70000e+01  9.98537e-01  1.01409e-02  1.49635e+00  1.01557e-02  9.97568e-01  9.99029e-01
 2.71000e+01  9.98569e-01  1.01454e-02  1.49643e+00  1.01599e-02  9.97621e-01  9.99050e-01
 2.72000e+01  9.98601e-01  1.01494e-02  1.49651e+00  1.01637e-02  9.97674e-01  9.99072e-01
 2.73000e+01  9.98633e-01  1.01530e-02  1.49659e+00  1.01669e-02  9.97728e-01  9.99093e-01
 2.74000e+01  9.98666e-01  1.01560e-02  1.49667e+00  1.01696e-02  9.97782e-01  9.99115e-01
 2.75000e+01  9.98699e-01  1.01585e-02  1.49676e+00  1.01718e-02  9.97837e-01  9.99137e-01
 2.76000e+01  9.98732e-01  1.01606e-02  1.49684e+00  1.01735e-02  9.97893e-01  9.99159e-01
 2.77000e+01  9.98766e-01  1.01621e-02  1.49692e+00  1.01746e-02  9.97949e-01  9.99182e-01
 2.78000e+01  9.98800e-01  1.01631e-02  1.49701e+00  1.01753e-02  9.98005e-01  9.99204e-01
 2.79000e+01  9.98834e-01  1.01635e-02  1.49709e+00  1.01754e-02  9.98062e-01  9.99227e-01
 2.80000e+01  9.98868e-01  1.01634e-02  1.49718e+00  1.01750e-02  9.98119e-01  9.99250e-01
 2.81000e+01  9.98903e-01  1.01628e-02  1.49727e+00  1.01740e-02  9.98177e-01  9.99273e-01
 2.82000e+01  9.98938e-01  1.01617e-02  1.49735e+00  1.01725e-02  9.98235e-01  9.99296e-01
 2.83000e+01  9.98974e-01  1.01600e-02  1.49744e+00  1.01704e-02  9.98294e-01  9.99320e-01
 2.84000e+01  9.99010e-01  1.01578e-02  1.49753e+00  1.01678e-02  9.98354e-01  9.99344e-01
 2.85000e+01  9.99046e-01  1.01550e-02  1.49762e+00  1.01647e-02  9.98414e-01  9.99368e-01
 2.86000e+01  9.99082e-01  1.01516e-02  1.49771e+00  1.01609e-02  9.98474e-01  9.99392e-01
 2.87000e+01  9.99119e-01  1.01477e-02  1.49780e+00  1.01566e-02  9.98535e-01  9.99416e-01
 2.88000e+01  9.99156e-01  1.01432e-02  1.49790e+00  1.01517e-02  9.98597e-01  9.99441e-01
 2.89000e+01  9.99193e-01  1.01381e-02  1.49799e+00  1.01463e-02  9.98659e-01  9.99466e-01
 2.90000e+01  9.99231e-01  1.01325e-02  1.49808e+00  1.01403e-02  9.98722e-01  9.99491e-01
 2.91000e+01  9.99269e-01  1.01262e-02  1.49818e+00  1.01336e-02  9.98785e-01  9.99516e-01
 2.92000e+01  9.99307e-01  1.01194e-02  1.49827e+00  1.01264e-02  9.98849e-01  9.99542e-01
 2.93000e+01  9.99346e-01  1.01120e-02  1.49837e+00  1.01186e-02  9.98914e-01  9.99567e-01
 2.94000e+01  9.99385e-01  1.01040e-02  1.49847e+00  1.01102e-02  9.98979e-01  9.99593e-01
 2.95000e+01  9.99425e-01  1.00953e-02  1.49857e+00  1.01012e-02  9.99044e-01  9.99620e-01
 2.96000e+01  9.99464e-01  1.00861e-02  1.49867e+00  1.00915e-02  9.99111e-01  9.99646e-01
 2.97000e+01  9.99505e-01  1.00763e-02  1.49877e+00  1.00813e-02  9.99178e-01  9.99673e-01
 2.98000e+01  9.99545e-01  1.00658e-02  1.49887e+00  1.00704e-02  9.99245e-01  9.99700e-01
 2.99000e+01  9.99586e-01  1.00547e-02  1.49897e+00  1.00589e-02  9.99313e-01  9.99727e-01
 3.00000e+01  9.99627e-01  1.00430e-02  1.49907e+00  1.00467e-02  9.99382e-01  9.99754e-01
 3.01000e+01  9.99669e-01  1.00306e-02  1.49918e+00  1.00340e-02  9.99451e-01  9.99782e-01
 3.02000e+01  9.99711e-01  1.00176e-02  1.49928e+00  1.00205e-02  9.99521e-01  9.99810e-01
 3.03000e+01  9.99753e-01  1.00040e-02  1.49939e+00  1.00065e-02  9.99591e-01  9.99838e-01
 3.04000e+01  9.99796e-01  9.98970e-03  1.49949e+00  9.99174e-03  9.99662e-01  9.99866e-01
 3.05000e+01  9.99839e-01  9.97475e-03  1.49960e+00  9.97636e-03  9.99734e-01  9.99895e-01
 3.06000e+01  9.99883e-01  9.95915e-03  1.49971e+00  9.96032e-03  9.99807e-01  9.99924e-01
 3.07000e+01  9.99926e-01  9.94288e-03  1.49982e+00  9.94361e-03  9.99880e-01  9.99953e-01
 3.08000e+01  9.99971e-01  9.92594e-03  1.49993e+00  9.92623e-03  9.99953e-01  9.99983e-01
 3.09000e+01  1.00002e+00  9.90832e-03  1.50004e+00  9.90817e-03  1.00003e+00  1.00001e+00
 3.10000e+01  1.00006e+00  9.89003e-03  1.50015e+00  9.88943e-03  1.00010e+00  1.00004e+00
 3.11000e+01  1.00011e+00  9.87106e-03  1.50027e+00  9.87001e-03  1.00018e+00  1.00007e+00
 3.12000e+01  1.00015e+00  9.85140e-03  1.50038e+00  9.84990e-03  1.00025e+00  1.00010e+00
 3.13000e+01  1.00020e+00  9.83104e-03  1.50050e+00  9.82910e-03  1.00033e+00  1.00013e+00
 3.14000e+01  1.00024e+00  9.80999e-03  1.50061e+00  9.80760e-03  1.00041e+00  1.00016e+00
 3.15000e+01  1.00029e+00  9.78824e-03  1.50073e+00  9.78539e-03  1.00049e+00  1.00020e+00
 3.16000e+01  1.00034e+00  9.76579e-03  1.50085e+00  9.76248e-03  1.00057e+00  1.00023e+00
 3.17000e+01  1.00039e+00  9.74263e-03  1.50097e+00  9.73886e-03  1.00065e+00  1.00026e+00
 3.18000e+01  1.00044e+00  9.71875e-03  1.50109e+00  9.71452e-03  1.00073e+00  1.00029e+00
 3.19000e+01  1.00048e+00  9.69416e-03  1.50121e+00  9.68947e-03  1.00081e+00  1.00032e+00
 3.20000e+01  1.00053e+00  9.66885e-03  1.50133e+00  9.66370e-03  1.00089e+00  1.00036e+00
 3.21000e+01  1.00058e+00  9.64281e-03  1.50146e+00  9.63720e-03  1.00097e+00  1.00039e+00
 3.22000e+01  1.00063e+00  9.61605e-03  1.50158e+00  9.60997e-03  1.00105e+00  1.00042e+00
 3.23000e+01  1.00068e+00  9.58855e-03  1.50171e+00  9.58201e-03  1.00114e+00  1.00046e+00
 3.24000e+01  1.00073e+00  9.56032e-03  1.50183e+00  9.55332e-03  1.00122e+00  1.00049e+00
 3.25000e+01  1.00078e+00  9.53136e-03  1.50196e+00  9.52389e-03  1.00131e+00  1.00052e+00
 3.26000e+01  1.00084e+00  9.50165e-03  1.50209e+00  9.49372e-03  1.00139e+00  1.00056e+00
 3.27000e+01  1.00089e+00  9.47121e-03  1.50222e+00  9.46280e-03  1.00148e+00  1.00059e+00
 3.28000e+01  1.00094e+00  9.44002e-03  1.50235e+00  9.43114e-03  1.00157e+00  1.00063e+00
 3.29000e+01  1.00099e+00  9.40808e-03  1.50248e+00  9.39874e-03  1.00166e+00  1.00066e+00
 3.30000e+01  1.00105e+00  9.37539e-03  1.50262e+00  9.36559e-03  1.00175e+00  1.00070e+00
 3.31000e+01  1.00110e+00  9.34195e-03  1.50275e+00  9.33168e-03  1.00183e+00  1.00073e+00
 3.32000e+01  1.00115e+00  9.30776e-03  1.50289e+00  9.29703e-03  1.00192e+00  1.00077e+00
 3.33000e+01  1.00121e+00  9.27282e-03  1.50302e+00  9.26162e-03  1.00202e+00  1.00081e+00
 3.34000e+01  1.00126e+00  9.23712e-03  1.50316e+00  9.22546e-03  1.00211e+00  1.00084e+00
 3.35000e+01  1.00132e+00  9.20067e-03  1.50330e+00  9.18854e-03  1.00220e+00  1.00088e+00
 3.36000e+01  1.00138e+00  9.16346e-03  1.50344e+00  9.15087e-03  1.00229e+00  1.00092e+00
 3.37000e+01  1.00143e+00  9.12549e-03  1.50358e+00  9.11245e-03  1.00239e+00  1.00095e+00
 3.38000e+01  1.00149e+00  9.08677e-03  1.50372e+00  9.07327e-03  1.00248e+00  1.00099e+00
 3.39000e+01  1.00155e+00  9.04729e-03  1.50386e+00  9.03333e-03  1.00258e+00  1.00103e+00
 3.40000e+01  1.00160e+00  9.00706e-03  1.50401e+00  8.99265e-03  1.00267e+00  1.00107e+00
 3.41000e+01  1.00166e+00  8.96607e-03  1.50415e+00  8.95121e-03  1.00277e+00  1.00111e+00
 3.42000e+01  1.00172e+00  8.92433e-03  1.50430e+00  8.90902e-03  1.00286e+00  1.00114e+00
 3.43000e+01  1.00178e+00  8.88184e-03  1.50444e+00  8.86608e-03  1.00296e+00  1.00118e+00
 3.44000e+01  1.00184e+00  8.83860e-03  1.50459e+00  8.82240e-03  1.00306e+00  1.00122e+00
 3.45000e+01  1.00190e+00  8.79461e-03  1.50474e+00  8.77797e-03  1.00316e+00  1.00126e+00
 3.46000e+01  1.00196e+00  8.74988e-03  1.50489e+00  8.73280e-03  1.00326e+00  1.00130e+00
 3.47000e+01  1.00202e+00  8.70441e-03  1.50504e+00  8.68690e-03  1.00336e+00  1.00134e+00
 3.48000e+01  1.00208e+00  8.65820e-03  1.50519e+00  8.64026e-03  1.00346e+00  1.00138e+00
 3.49000e+01  1.00214e+00  8.61126e-03  1.50534e+00  8.59290e-03  1.00356e+00  1.00142e+00
 3.50000e+01  1.00220e+00  8.56360e-03  1.50550e+00  8.54481e-03  1.00367e+00  1.00146e+00
 3.51000e+01  1.00226e+00  8.51521e-03  1.50565e+00  8.49600e-03  1.00377e+00  1.00150e+00
 3.52000e+01  1.00232e+00  8.46610e-03  1.50581e+00  8.44648e-03  1.00387e+00  1.00155e+00
 3.53000e+01  1.00239e+00  8.41628e-03  1.50596e+00  8.39625e-03  1.00398e+00  1.00159e+00
 3.54000e+01  1.00245e+00  8.36576e-03  1.50612e+00  8.34533e-03  1.00408e+00  1.00163e+00
 3.55000e+01  1.00251e+00  8.31453e-03  1.50628e+00  8.29371e-03  1.00419e+00  1.00167e+00
 3.56000e+01  1.00257e+00  8.26262e-03  1.50644e+00  8.24140e-03  1.00429e+00  1.00171e+00
 3.57000e+01  1.00264e+00  8.21002e-03  1.50660e+00  8.18842e-03  1.00440e+00  1.00176e+00
 3.58000e+01  1.00270e+00  8.15675e-03  1.50676e+00  8.13477e-03  1.00451e+00  1.00180e+00
 3.59000e+01  1.00277e+00  8.10281e-03  1.50692e+00  8.08045e-03  1.00461e+00  1.00184e+00
 3.60000e+01  1.00283e+00  8.04822e-03  1.50708e+00  8.02549e-03  1.00472e+00  1.00188e+00
 3.61000e+01  1.00290e+00  7.99298e-03  1.50725e+00  7.96989e-03  1.00483e+00  1.00193e+00
 3.62000e+01  1.00296e+00  7.93710e-03  1.50741e+00  7.91366e-03  1.00494e+00  1.00197e+00
 3.63000e+01  1.00303e+00  7.88059e-03  1.50757e+00  7.85681e-03  1.00505e+00  1.00201e+00
 3.64000e+01  1.00309e+00  7.82348e-03  1.50774e+00  7.79935e-03  1.00516e+00  1.00206e+00
 3.65000e+01  1.00316e+00  7.76575e-03  1.50790e+00  7.74129e-03  1.00527e+00  1.00210e+00
 3.66000e+01  1.00323e+00  7.70744e-03  1.50807e+00  7.68266e-03  1.00538e+00  1.00215e+00
 3.67000e+01  1.00329e+00  7.64855e-03  1.50824e+00  7.62345e-03  1.00549e+00  1.00219e+00
 3.68000e+01  1.00336e+00  7.58910e-03  1.50840e+00  7.56369e-03  1.00560e+00  1.00224e+00
 3.69000e+01  1.00343e+00  7.52909e-03  1.50857e+00  7.50338e-03  1.00571e+00  1.00228e+00
 3.70000e+01  1.00349e+00  7.46855e-03  1.50874e+00  7.44255e-03  1.00583e+00  1.00232e+00
 3.71000e+01  1.00356e+00  7.40749e-03  1.50891e+00  7.38120e-03  1.00594e+00  1.00237e+00
 3.72000e+01  1.00363e+00  7.34592e-03  1.50908e+00  7.31936e-03  1.00605e+00  1.00241e+00
 3.73000e+01  1.00370e+00  7.28386e-03  1.50925e+00  7.25703e-03  1.00616e+00  1.00246e+00
 3.74000e+01  1.00376e+00  7.22132e-03  1.50942e+00  7.19424e-03  1.00628e+00  1.00250e+00
 3.75000e+01  1.00383e+00  7.15833e-03  1.50959e+00  7.13100e-03  1.00639e+00  1.00255e+00
 3.76000e+01  1.00390e+00  7.09489e-03  1.50976e+00  7.06733e-03  1.00651e+00  1.00259e+00
 3.77000e+01  1.00397e+00  7.03103e-03  1.50993e+00  7.00324e-03  1.00662e+00  1.00264e+00
 3.78000e+01  1.00404e+00  6.96677e-03  1.51010e+00  6.93876e-03  1.00673e+00  1.00269e+00
 3.79000e+01  1.00410e+00  6.90211e-03  1.51027e+00  6.87389e-03  1.00685e+00  1.00273e+00
 3.80000e+01  1.00417e+00  6.83708e-03  1.51044e+00  6.80867e-03  1.00696e+00  1.00278e+00
 3.81000e+01  1.00424e+00  6.77170e-03  1.51061e+00  6.74310e-03  1.00708e+00  1.00282e+00
 3.82000e+01  1.00431e+00  6.70599e-03  1.51078e+00  6.67721e-03  1.00719e+00  1.00287e+00
 3.83000e+01  1.00438e+00  6.63996e-03  1.51096e+00  6.61102e-03  1.00730e+00  1.00291e+00
 3.84000e+01  1.00445e+00  6.57364e-03  1.51113e+00  6.54454e-03  1.00742e+00  1.00296e+00
 3.85000e+01  1.00451e+00  6.50704e-03  1.51130e+00  6.47780e-03  1.00753e+00  1.00300e+00
 3.86000e+01  1.00458e+00  6.44019e-03  1.51147e+00  6.41081e-03  1.00765e+00  1.00305e+00
 3.87000e+01  1.00465e+00  6.37309e-03  1.51164e+00  6.34359e-03  1.00776e+00  1.00309e+00
 3.88000e+01  1.00472e+00  6.30578e-03  1.51181e+00  6.27617e-03  1.00787e+00  1.00314e+00
 3.89000e+01  1.00479e+00  6.23828e-03  1.51198e+00  6.20856e-03  1.00799e+00  1.00318e+00
 3.90000e+01  1.00485e+00  6.17059e-03  1.51215e+00  6.14078e-03  1.00810e+00  1.00323e+00
 3.91000e+01  1.00492e+00  6.10275e-03  1.51232e+00  6.07286e-03  1.00821e+00  1.00327e+00
 3.92000e+01  1.00499e+00  6.03477e-03  1.51249e+00  6.00481e-03  1.00833e+00  1.00332e+00
 3.93000e+01  1.00506e+00  5.96667e-03  1.51266e+00  5.93665e-03  1.00844e+00  1.00336e+00
 3.94000e+01  1.00512e+00  5.89848e-03  1.51283e+00  5.86841e-03  1.00855e+00  1.00341e+00
 3.95000e+01  1.00519e+00  5.83020e-03  1.51299e+00  5.80009e-03  1.00866e+00  1.00345e+00
 3.96000e+01  1.00526e+00  5.76187e-03  1.51316e+00  5.73173e-03  1.00877e+00  1.00350e+00
 3.97000e+01  1.00532e+00  5.69349e-03  1.51333e+00  5.66334e-03  1.00888e+00  1.00354e+00
 3.98000e+01  1.00539e+00  5.62510e-03  1.51349e+00  5.59494e-03  1.00900e+00  1.00359e+00
 3.99000e+01  1.00546e+00  5.55670e-03  1.51366e+00  5.52655e-03  1.00911e+00  1.00363e+00
 4.00000e+01  1.00552e+00  5.48832e-03  1.51382e+00  5.45819e-03  1.00922e+00  1.00367e+00
 4.01000e+01  1.00559e+00  5.41998e-03  1.51399e+00  5.38987e-03  1.00932e+00  1.00372e+00
 4.02000e+01  1.00565e+00  5.35169e-03  1.51415e+00  5.32161e-03  1.00943e+00  1.00376e+00
 4.03000e+01  1.00572e+00  5.28347e-03  1.51431e+00  5.25344e-03  1.00954e+00  1.00380e+00
 4.04000e+01  1.00578e+00  5.21533e-03  1.51447e+00  5.18536e-03  1.00965e+00  1.00385e+00
 4.05000e+01  1.00584e+00  5.14730e-03  1.51463e+00  5.11740e-03  1.00975e+00  1.00389e+00
 4.06000e+01  1.00591e+00  5.07939e-03  1.51479e+00  5.04957e-03  1.00986e+00  1.00393e+00
 4.07000e+01  1.00597e+00  5.01162e-03  1.51495e+00  4.98188e-03  1.00997e+00  1.00397e+00
 4.08000e+01  1.00603e+00  4.94400e-03  1.51511e+00  4.91436e-03  1.01007e+00  1.00401e+00
 4.09000e+01  1.00609e+00  4.87655e-03  1.51526e+00  4.84701e-03  1.01017e+00  1.00406e+00
 4.10000e+01  1.00616e+00  4.80928e-03  1.51542e+00  4.77986e-03  1.01028e+00  1.00410e+00
 4.11000e+01  1.00622e+00  4.74221e-03  1.51557e+00  4.71291e-03  1.01038e+00  1.00414e+00
 4.12000e+01  1.00628e+00  4.67535e-03  1.51572e+00  4.64618e-03  1.01048e+00  1.00418e+00
 4.13000e+01  1.00634e+00  4.60871e-03  1.51587e+00  4.57968e-03  1.01058e+00  1.00422e+00
 4.14000e+01  1.00640e+00  4.54231e-03  1.51602e+00  4.51343e-03  1.01068e+00  1.00426e+00
 4.15000e+01  1.00646e+00  4.47615e-03  1.51617e+00  4.44743e-03  1.01078e+00  1.00430e+00
 4.16000e+01  1.00652e+00  4.41026e-03  1.51632e+00  4.38171e-03  1.01088e+00  1.00434e+00
 4.17000e+01  1.00657e+00  4.34463e-03  1.51646e+00  4.31626e-03  1.01098e+00  1.00437e+00
 4.18000e+01  1.00663e+00  4.27929e-03  1.51661e+00  4.25110e-03  1.01107e+00  1.00441e+00
 4.19000e+01  1.00669e+00  4.21423e-03  1.51675e+00  4.18623e-03  1.01117e+00  1.00445e+00
 4.20000e+01  1.00674e+00  4.14948e-03  1.51689e+00  4.12168e-03  1.01126e+00  1.00449e+00
 4.21000e+01  1.00680e+00  4.08503e-03  1.51703e+00  4.05744e-03  1.01136e+00  1.00452e+00
 4.22000e+01  1.00686e+00  4.02091e-03  1.51717e+00  3.99353e-03  1.01145e+00  1.00456e+00
 4.23000e+01  1.00691e+00  3.95710e-03  1.51731e+00  3.92995e-03  1.01154e+00  1.00460e+00
 4.24000e+01  1.00696e+00  3.89363e-03  1.51744e+00  3.86671e-03  1.01163e+00  1.00463e+00
 4.25000e+01  1.00702e+00  3.83050e-03  1.51758e+00  3.80381e-03  1.01172e+00  1.00467e+00
 4.26000e+01  1.00707e+00  3.76771e-03  1.51771e+00  3.74126e-03  1.01181e+00  1.00470e+00
 4.27000e+01  1.00712e+00  3.70527e-03  1.51784e+00  3.67907e-03  1.01189e+00  1.00474e+00
 4.28000e+01  1.00717e+00  3.64319e-03  1.51797e+00  3.61724e-03  1.01198e+00  1.00477e+00
 4.29000e+01  1.00722e+00  3.58147e-03  1.51810e+00  3.55578e-03  1.01207e+00  1.00481e+00
 4.30000e+01  1.00727e+00  3.52011e-03  1.51822e+00  3.49469e-03  1.01215e+00  1.00484e+00
 4.31000e+01  1.00732e+00  3.45911e-03  1.51835e+00  3.43397e-03  1.01223e+00  1.00487e+00
 4.32000e+01  1.00737e+00  3.39849e-03  1.51847e+00  3.37362e-03  1.01231e+00  1.00491e+00
 4.33000e+01  1.00742e+00  3.33824e-03  1.51859e+00  3.31365e-03  1.01240e+00  1.00494e+00
 4.34000e+01  1.00747e+00  3.27837e-03  1.51871e+00  3.25407e-03  1.01247e+00  1.00497e+00
 4.35000e+01  1.00751e+00  3.21887e-03  1.51883e+00  3.19486e-03  1.01255e+00  1.00500e+00
 4.36000e+01  1.00756e+00  3.15975e-03  1.51895e+00  3.13604e-03  1.01263e+00  1.00503e+00
 4.37000e+01  1.00761e+00  3.10101e-03  1.51906e+00  3.07760e-03  1.01271e+00  1.00506e+00
 4.38000e+01  1.00765e+00  3.04264e-03  1.51917e+00  3.01954e-03  1.01278e+00  1.00509e+00
 4.39000e+01  1.00769e+00  2.98466e-03  1.51928e+00  2.96187e-03  1.01285e+00  1.00512e+00
 4.40000e+01  1.00774e+00  2.92705e-03  1.51939e+00  2.90458e-03  1.01293e+00  1.00515e+00
 4.41000e+01  1.00778e+00  2.86983e-03  1.51950e+00  2.84767e-03  1.01300e+00  1.00518e+00
 4.42000e+01  1.00782e+00  2.81298e-03  1.51960e+00  2.79114e-03  1.01307e+00  1.00521e+00
 4.43000e+01  1.00786e+00  2.75650e-03  1.51971e+00  2.73499e-03  1.01314e+00  1.00523e+00
 4.44000e+01  1.00790e+00  2.70040e-03  1.51981e+00  2.67922e-03  1.01321e+00  1.00526e+00
 4.45000e+01  1.00794e+00  2.64467e-03  1.51991e+00  2.62382e-03  1.01327e+00  1.00529e+00
 4.46000e+01  1.00798e+00  2.58930e-03  1.52001e+00  2.56880e-03  1.01334e+00  1.00531e+00
 4.47000e+01  1.00802e+00  2.53431e-03  1.52010e+00  2.51414e-03  1.01340e+00  1.00534e+00
 4.48000e+01  1.00806e+00  2.47968e-03  1.52020e+00  2.45985e-03  1.01347e+00  1.00536e+00
 4.49000e+01  1.00810e+00  2.42540e-03  1.52029e+00  2.40592e-03  1.01353e+00  1.00539e+00
 4.50000e+01  1.00813e+00  2.37148e-03  1.52038e+00  2.35236e-03  1.01359e+00  1.00541e+00
 4.51000e+01  1.00817e+00  2.31792e-03  1.52047e+00  2.29914e-03  1.01365e+00  1.00544e+00
 4.52000e+01  1.00820e+00  2.26470e-03  1.52056e+00  2.24628e-03  1.01371e+00  1.00546e+00
 4.53000e+01  1.00824e+00  2.21183e-03  1.52064e+00  2.19376e-03  1.01376e+00  1.00548e+00
 4.54000e+01  1.00827e+00  2.15929e-03  1.52073e+00  2.14159e-03  1.01382e+00  1.00550e+00
 4.55000e+01  1.00830e+00  2.10709e-03  1.52081e+00  2.08975e-03  1.01387e+00  1.00553e+00
 4.56000e+01  1.00833e+00  2.05522e-03  1.52089e+00  2.03824e-03  1.01393e+00  1.00555e+00
 4.57000e+01  1.00836e+00  2.00368e-03  1.52097e+00  1.98706e-03  1.01398e+00  1.00557e+00
 4.58000e+01  1.00839e+00  1.95245e-03  1.52104e+00  1.93620e-03  1.01403e+00  1.00559e+00
 4.59000e+01  1.00842e+00  1.90154e-03  1.52112e+00  1.88565e-03  1.01408e+00  1.00561e+00
 4.60000e+01  1.00845e+00  1.85093e-03  1.52119e+00  1.83542e-03  1.01413e+00  1.00563e+00
 4.61000e+01  1.00848e+00  1.80063e-03  1.52126e+00  1.78549e-03  1.01418e+00  1.00565e+00
 4.62000e+01  1.00851e+00  1.75062e-03  1.52133e+00  1.73585e-03  1.01422e+00  1.00566e+00
 4.63000e+01  1.00854e+00  1.70091e-03  1.52140e+00  1.68651e-03  1.01427e+00  1.00568e+00
 4.64000e+01  1.00856e+00  1.65147e-03  1.52146e+00  1.63745e-03  1.01431e+00  1.00570e+00
 4.65000e+01  1.00859e+00  1.60232e-03  1.52153e+00  1.58867e-03  1.01435e+00  1.00572e+00
 4.66000e+01  1.00861e+00  1.55343e-03  1.52159e+00  1.54017e-03  1.01439e+00  1.00573e+00
 4.67000e+01  1.00864e+00  1.50481e-03  1.52165e+00  1.49192e-03  1.01443e+00  1.00575e+00
 4.68000e+01  1.00866e+00  1.45644e-03  1.52171e+00  1.44394e-03  1.01447e+00  1.00576e+00
 4.69000e+01  1.00868e+00  1.40833e-03  1.52177e+00  1.39621e-03  1.01451e+00  1.00578e+00
 4.70000e+01  1.00870e+00  1.36046e-03  1.52182e+00  1.34872e-03  1.01455e+00  1.00579e+00
 4.71000e+01  1.00872e+00  1.31282e-03  1.52187e+00  1.30147e-03  1.01458e+00  1.00581e+00
 4.72000e+01  1.00874e+00  1.26541e-03  1.52192e+00  1.25445e-03  1.01462e+00  1.00582e+00
 4.73000e+01  1.00876e+00  1.21823e-03  1.52197e+00  1.20765e-03  1.01465e+00  1.00583e+00
 4.74000e+01  1.00878e+00  1.17126e-03  1.52202e+00  1.16106e-03  1.01468e+00  1.00585e+00
 4.75000e+01  1.00880e+00  1.12450e-03  1.52207e+00  1.11469e-03  1.01471e+00  1.00586e+00
 4.76000e+01  1.00882e+00  1.07793e-03  1.52211e+00  1.06851e-03  1.01474e+00  1.00587e+00
 4.77000e+01  1.00883e+00  1.03156e-03  1.52215e+00  1.02253e-03  1.01477e+00  1.00588e+00
 4.78000e+01  1.00885e+00  9.85374e-04  1.52219e+00  9.76730e-04  1.01479e+00  1.00589e+00
 4.79000e+01  1.00887e+00  9.39364e-04  1.52223e+00  9.31109e-04  1.01482e+00  1.00590e+00
 4.80000e+01  1.00888e+00  8.93523e-04  1.52227e+00  8.85658e-04  1.01484e+00  1.00591e+00
 4.81000e+01  1.00889e+00  8.47843e-04  1.52230e+00  8.40369e-04  1.01487e+00  1.00592e+00
 4.82000e+01  1.00891e+00  8.02317e-04  1.52233e+00  7.95234e-04  1.01489e+00  1.00593e+00
 4.83000e+01  1.00892e+00  7.56936e-04  1.52237e+00  7.50245e-04  1.01491e+00  1.00594e+00
 4.84000e+01  1.00893e+00  7.11694e-04  1.52240e+00  7.05394e-04  1.01493e+00  1.00595e+00
 4.85000e+01  1.00894e+00  6.66581e-04  1.52242e+00  6.60673e-04  1.01495e+00  1.00595e+00
 4.86000e+01  1.00895e+00  6.21590e-04  1.52245e+00  6.16075e-04  1.01497e+00  1.00596e+00
 4.87000e+01  1.00896e+00  5.76713e-04  1.52247e+00  5.71590e-04  1.01498e+00  1.00597e+00
 4.88000e+01  1.00897e+00  5.31942e-04  1.52250e+00  5.27212e-04  1.01500e+00  1.00597e+00
 4.89000e+01  1.00898e+00  4.87268e-04  1.52252e+00  4.82932e-04  1.01501e+00  1.00598e+00
 4.90000e+01  1.00899e+00  4.42685e-04  1.52253e+00  4.38742e-04  1.01502e+00  1.00598e+00
 4.91000e+01  1.00899e+00  3.98183e-04  1.52255e+00  3.94634e-04  1.01503e+00  1.00599e+00
 4.92000e+01  1.00900e+00  3.53755e-04  1.52257e+00  3.50600e-04  1.01504e+00  1.00599e+00
 4.93000e+01  1.00900e+00  3.09392e-04  1.52258e+00  3.06631e-04  1.01505e+00  1.00599e+00
 4.94000e+01  1.00901e+00  2.65087e-04  1.52259e+00  2.62720e-04  1.01506e+00  1.00600e+00
 4.95000e+01  1.00901e+00  2.20831e-04  1.52260e+00  2.18858e-04  1.01507e+00  1.00600e+00
 4.96000e+01  1.00902e+00  1.76615e-04  1.52261e+00  1.75037e-04  1.01507e+00  1.00600e+00
 4.97000e+01  1.00902e+00  1.32433e-04  1.52262e+00  1.31249e-04  1.01508e+00  1.00600e+00
 4.98000e+01  1.00902e+00  8.82749e-05  1.52262e+00  8.74857e-05  1.01508e+00  1.00601e+00
 4.99000e+01  1.00902e+00  4.41333e-05  1.52262e+00  4.37388e-05  1.01508e+00  1.00601e+00
 5.00000e+01  1.00902e+00  7.45515e-15  1.52262e+00  7.38849e-15  1.01508e+00  1.00601e+00
 5.01000e+01  1.00902e+00 -4.41333e-05  1.52262e+00 -4.37388e-05  1.01508e+00  1.00601e+00
 5.02000e+01  1.00902e+00 -8.82749e-05  1.52262e+00 -8.74857e-05  1.01508e+00  1.00601e+00
 5.03000e+01  1.00902e+00 -1.32433e-04  1.52262e+00 -1.31249e-04  1.01508e+00  1.00600e+00
 5.04000e+01  1.00902e+00 -1.76615e-04  1.52261e+00 -1.75037e-04  1.01507e+00  1.00600e+00
 5.05000e+01  1.00901e+00 -2.20831e-04  1.52260e+00 -2.18858e-04  1.01507e+00  1.00600e+00
 5.06000e+01  1.00901e+00 -2.65087e-04  1.52259e+00 -2.62720e-04  1.01506e+00  1.00600e+00
 5.07000e+01  1.00900e+00 -3.09392e-04  1.52258e+00 -3.06631e-04  1.01505e+00  1.00599e+00
 5.08000e+01  1.00900e+00 -3.53755e-04  1.52257e+00 -3.50600e-04  1.01504e+00  1.00599e+00
 5.09000e+01  1.00899e+00 -3.98183e-04  1.52255e+00 -3.94634e-04  1.01503e+00  1.00599e+00
 5.10000e+01  1.00899e+00 -4.42685e-04  1.52253e+00 -4.38742e-04  1.01502e+00  1.00598e+00
 5.11000e+01  1.00898e+00 -4.87268e-04  1.52252e+00 -4.82932e-04  1.01501e+00  1.00598e+00
 5.12000e+01  1.00897e+00 -5.31942e-04  1.52250e+00 -5.27212e-04  1.01500e+00  1.00597e+00
 5.13000e+01  1.00896e+00 -5.76713e-04  1.52247e+00 -5.71590e-04  1.01498e+00  1.00597e+00
 5.14000e+01  1.00895e+00 -6.21590e-04  1.52245e+00 -6.16075e-04  1.01497e+00  1.00596e+00
 5.15000e+01  1.00894e+00 -6.66581e-04  1.52242e+00 -6.60673e-04  1.01495e+00  1.00595e+00
 5.16000e+01  1.00893e+00 -7.11694e-04  1.52240e+00 -7.05394e-04  1.01493e+00  1.00595e+00
 5.17000e+01  1.00892e+00 -7.56936e-04  1.52237e+00 -7.50245e-04  1.01491e+00  1.00594e+00
 5.18000e+01  1.00891e+00 -8.02317e-04  1.52233e+00 -7.95234e-04  1.01489e+00  1.00593e+00
 5.19000e+01  1.00889e+00 -8.47843e-04  1.52230e+00 -8.40369e-04  1.01487e+00  1.00592e+00
 5.20000e+01  1.00888e+00 -8.93523e-04  1.52227e+00 -8.85658e-04  1.01484e+00  1.00591e+00
 5.21000e+01  1.00887e+00 -9.39364e-04  1.52223e+00 -9.31109e-04  1.01482e+00  1.00590e+00
 5.22000e+01  1.00885e+00 -9.85374e-04  1.52219e+00 -9.76730e-04  1.01479e+00  1.00589e+00
 5.23000e+01  1.00883e+00 -1.03156e-03  1.52215e+00 -1.02253e-03  1.01477e+00  1.00588e+00
 5.24000e+01  1.00882e+00 -1.07793e-03  1.52211e+00 -1.06851e-03  1.01474e+00  1.00587e+00
 5.25000e+01  1.00880e+00 -1.12450e-03  1.52207e+00 -1.11469e-03  1.01471e+00  1.00586e+00
 5.26000e+01  1.00878e+00 -1.17126e-03  1.52202e+00 -1.16106e-03  1.01468e+00  1.00585e+00
 5.27000e+01  1.00876e+00 -1.21823e-03  1.52197e+00 -1.20765e-03  1.01465e+00  1.00583e+00
 5.28000e+01  1.00874e+00 -1.26541e-03  1.52192e+00 -1.25445e-03  1.01462e+00  1.00582e+00
 5.29000e+01  1.00872e+00 -1.31282e-03  1.52187e+00 -1.30147e-03  1.01458e+00  1.00581e+00
 5.30000e+01  1.00870e+00 -1.36046e-03  1.52182e+00 -1.34872e-03  1.01455e+00  1.00579e+00
 5.31000e+01  1.00868e+00 -1.40833e-03  1.52177e+00 -1.39621e-03  1.01451e+00  1.00578e+00
 5.32000e+01  1.00866e+00 -1.45644e-03  1.52171e+00 -1.44394e-03  1.01447e+00  1.00576e+00
 5.33000e+01  1.00864e+00 -1.50481e-03  1.52165e+00 -1.49192e-03  1.01443e+00  1.00575e+00
 5.34000e+01  1.00861e+00 -1.55343e-03  1.52159e+00 -1.54017e-03  1.01439e+00  1.00573e+00
 5.35000e+01  1.00859e+00 -1.60232e-03  1.52153e+00 -1.58867e-03  1.01435e+00  1.00572e+00
 5.36000e+01  1.00856e+00 -1.65147e-03  1.52146e+00 -1.63745e-03  1.01431e+00  1.00570e+00
 5.37000e+01  1.00854e+00 -1.70091e-03  1.52140e+00 -1.68651e-03  1.01427e+00  1.00568e+00
 5.38000e+01  1.00851e+00 -1.75062e-03  1.52133e+00 -1.73585e-03  1.01422e+00  1.00566e+00
 5.39000e+01  1.00848e+00 -1.80063e-03  1.52126e+00 -1.78549e-03  1.01418e+00  1.00565e+00
 5.40000e+01  1.00845e+00 -1.85093e-03  1.52119e+00 -1.83542e-03  1.01413e+00  1.00563e+00
 5.41000e+01  1.00842e+00 -1.90154e-03  1.52112e+00 -1.88565e-03  1.01408e+00  1.00561e+00
 5.42000e+01  1.00839e+00 -1.95245e-03  1.52104e+00 -1.93620e-03  1.01403e+00  1.00559e+00
 5.43000e+01  1.00836e+00 -2.00368e-03  1.52097e+00 -1.98706e-03  1.01398e+00  1.00557e+00
 5.44000e+01  1.00833e+00 -2.05522e-03  1.52089e+00 -2.03824e-03  1.01393e+00  1.00555e+00
 5.45000e+01  1.00830e+00 -2.10709e-03  1.52081e+00 -2.08975e-03  1.01387e+00  1.00553e+00
 5.46000e+01  1.00827e+00 -2.15929e-03  1.52073e+00 -2.14159e-03  1.01382e+00  1.00550e+00
 5.47000e+01  1.00824e+00 -2.21183e-03  1.52064e+00 -2.19376e-03  1.01376e+00  1.00548e+00
 5.48000e+01  1.00820e+00 -2.26470e-03  1.52056e+00 -2.24628e-03  1.01371e+00  1.00546e+00
 5.49000e+01  1.00817e+00 -2.31792e-03  1.52047e+00 -2.29914e-03  1.01365e+00  1.00544e+00
 5.50000e+01  1.00813e+00 -2.37148e-03  1.52038e+00 -2.35236e-03  1.01359e+00  1.00541e+00
 5.51000e+01  1.00810e+00 -2.42540e-03  1.52029e+00 -2.40592e-03  1.01353e+00  1.00539e+00
 5.52000e+01  1.00806e+00 -2.47968e-03  1.52020e+00 -2.45985e-03  1.01347e+00  1.00536e+00
 5.53000e+01  1.00802e+00 -2.53431e-03  1.52010e+00 -2.51414e-03  1.01340e+00  1.00534e+00
 5.54000e+01  1.00798e+00 -2.58930e-03  1.52001e+00 -2.56880e-03  1.01334e+00  1.00531e+00
 5.55000e+01  1.00794e+00 -2.64467e-03  1.51991e+00 -2.62382e-03  1.01327e+00  1.00529e+00
 5.56000e+01  1.00790e+00 -2.70040e-03  1.51981e+00 -2.67922e-03  1.01321e+00  1.00526e+00
 5.57000e+01  1.00786e+00 -2.75650e-03  1.51971e+00 -2.73499e-03  1.01314e+00  1.00523e+00
 5.58000e+01  1.00782e+00 -2.81298e-03  1.51960e+00 -2.79114e-03  1.01307e+00  1.00521e+00
 5.59000e+01  1.00778e+00 -2.86983e-03  1.51950e+00 -2.84767e-03  1.01300e+00  1.00518e+00
 5.60000e+01  1.00774e+00 -2.92705e-03  1.51939e+00 -2.90458e-03  1.01293e+00  1.00515e+00
 5.61000e+01  1.00769e+00 -2.98466e-03  1.51928e+00 -2.96187e-03  1.01285e+00  1.00512e+00
 5.62000e+01  1.00765e+00 -3.04264e-03  1.51917e+00 -3.01954e-03  1.01278e+00  1.00509e+00
 5.63000e+01  1.00761e+00 -3.10101e-03  1.51906e+00 -3.07760e-03  1.01271e+00  1.00506e+00
 5.64000e+01  1.00756e+00 -3.15975e-03  1.51895e+00 -3.13604e-03  1.01263e+00  1.00503e+00
 5.65000e+01  1.00751e+00 -3.21887e-03  1.51883e+00 -3.19486e-03  1.01255e+00  1.00500e+00
 5.66000e+01  1.00747e+00 -3.27837e-03  1.51871e+00 -3.25407e-03  1.01247e+00  1.00497e+00
 5.67000e+01  1.00742e+00 -3.33824e-03  1.51859e+00 -3.31365e-03  1.01240e+00  1.00494e+00
 5.68000e+01  1.00737e+00 -3.39849e-03  1.51847e+00 -3.37362e-03  1.01231e+00  1.00491e+00
 5.69000e+01  1.00732e+00 -3.45911e-03  1.51835e+00 -3.43397e-03  1.01223e+00  1.00487e+00
 5.70000e+01  1.00727e+00 -3.52011e-03  1.51822e+00 -3.49469e-03  1.01215e+00  1.00484e+00
 5.71000e+01  1.00722e+00 -3.58147e-03  1.51810e+00 -3.55578e-03  1.01207e+00  1.00481e+00
 5.72000e+01  1.00717e+00 -3.64319e-03  1.51797e+00 -3.61724e-03  1.01198e+00  1.00477e+00
 5.73000e+01  1.00712e+00 -3.70527e-03  1.51784e+00 -3.67907e-03  1.01189e+00  1.00474e+00
 5.74000e+01  1.00707e+00 -3.76771e-03  1.51771e+00 -3.74126e-03  1.01181e+00  1.00470e+00
 5.75000e+01  1.00702e+00 -3.83050e-03  1.51758e+00 -3.80381e-03  1.01172e+00  1.00467e+00
 5.76000e+01  1.00696e+00 -3.89363e-03  1.51744e+00 -3.86671e-03  1.01163e+00  1.00463e+00
 5.77000e+01  1.00691e+00 -3.95710e-03  1.51731e+00 -3.92995e-03  1.01154e+00  1.00460e+00
 5.78000e+01  1.00686e+00 -4.02091e-03  1.51717e+00 -3.99353e-03  1.01145e+00  1.00456e+00
 5.79000e+01  1.00680e+00 -4.08503e-03  1.51703e+00 -4.05744e-03  1.01136e+00  1.00452e+00
 5.80000e+01  1.00674e+00 -4.14948e-03  1.51689e+00 -4.12168e-03  1.01126e+00  1.00449e+00
 5.81000e+01  1.00669e+00 -4.21423e-03  1.51675e+00 -4.18623e-03  1.01117e+00  1.00445e+00
 5.82000e+01  1.00663e+00 -4.27929e-03  1.51661e+00 -4.25110e-03  1.01107e+00  1.00441e+00
 5.83000e+01  1.00657e+00 -4.34463e-03  1.51646e+00 -4.31626e-03  1.01098e+00  1.00437e+00
 5.84000e+01  1.00652e+00 -4.41026e-03  1.51632e+00 -4.38171e-03  1.01088e+00  1.00434e+00
 5.85000e+01  1.00646e+00 -4.47615e-03  1.51617e+00 -4.44743e-03  1.01078e+00  1.00430e+00
 5.86000e+01  1.00640e+00 -4.54231e-03  1.51602e+00 -4.51343e-03  1.01068e+00  1.00426e+00
 5.87000e+01  1.00634e+00 -4.60871e-03  1.51587e+00 -4.57968e-03  1.01058e+00  1.00422e+00
 5.88000e+01  1.00628e+00 -4.67535e-03  1.51572e+00 -4.64618e-03  1.01048e+00  1.00418e+00
 5.89000e+01  1.00622e+00 -4.74221e-03  1.51557e+00 -4.71291e-03  1.01038e+00  1.00414e+00
 5.90000e+01  1.00616e+00 -4.80928e-03  1.51542e+00 -4.77986e-03  1.01028e+00  1.00410e+00
 5.91000e+01  1.00609e+00 -4.87655e-03  1.51526e+00 -4.84701e-03  1.01017e+00  1.00406e+00
 5.92000e+01  1.00603e+00 -4.94400e-03  1.51511e+00 -4.91436e-03  1.01007e+00  1.00401e+00
 5.93000e+01  1.00597e+00 -5.01162e-03  1.51495e+00 -4.98188e-03  1.00997e+00  1.00397e+00
 5.94000e+01  1.00591e+00 -5.07939e-03  1.51479e+00 -5.04957e-03  1.00986e+00  1.00393e+00
 5.95000e+01  1.00584e+00 -5.14730e-03  1.51463e+00 -5.11740e-03  1.00975e+00  1.00389e+00
 5.96000e+01  1.00578e+00 -5.21533e-03  1.51447e+00 -5.18536e-03  1.00965e+00  1.00385e+00
 5.97000e+01  1.00572e+00 -5.28347e-03  1.51431e+00 -5.25344e-03  1.00954e+00  1.00380e+00
 5.98000e+01  1.00565e+00 -5.35169e-03  1.51415e+00 -5.32161e-03  1.00943e+00  1.00376e+00
 5.99000e+01  1.00559e+00 -5.41998e-03  1.51399e+00 -5.38987e-03  1.00932e+00  1.00372e+00
 6.00000e+01  1.00552e+00 -5.48832e-03  1.51382e+00 -5.45819e-03  1.00922e+00  1.00367e+00
 6.01000e+01  1.00546e+00 -5.55670e-03  1.51366e+00 -5.52655e-03  1.00911e+00  1.00363e+00
 6.02000e+01  1.00539e+00 -5.62510e-03  1.51349e+00 -5.59494e-03  1.00900e+00  1.00359e+00
 6.03000e+01  1.00532e+00 -5.69349e-03  1.51333e+00 -5.66334e-03  1.00888e+00  1.00354e+00
 6.04000e+01  1.00526e+00 -5.76187e-03  1.51316e+00 -5.73173e-03  1.00877e+00  1.00350e+00
 6.05000e+01  1.00519e+00 -5.83020e-03  1.51299e+00 -5.80009e-03  1.00866e+00  1.00345e+00
 6.06000e+01  1.00512e+00 -5.89848e-03  1.51283e+00 -5.86841e-03  1.00855e+00  1.00341e+00
 6.07000e+01  1.00506e+00 -5.96667e-03  1.51266e+00 -5.93665e-03  1.00844e+00  1.00336e+00
 6.08000e+01  1.00499e+00 -6.03477e-03  1.51249e+00 -6.00481e-03  1.00833e+00  1.00332e+00
 6.09000e+01  1.00492e+00 -6.10275e-03  1.51232e+00 -6.07286e-03  1.00821e+00  1.00327e+00
 6.10000e+01  1.00485e+00 -6.17059e-03  1.51215e+00 -6.14078e-03  1.00810e+00  1.00323e+00
 6.11000e+01  1.00479e+00 -6.23828e-03  1.51198e+00 -6.20856e-03  1.00799e+00  1.00318e+00
 6.12000e+01  1.00472e+00 -6.30578e-03  1.51181e+00 -6.27617e-03  1.00787e+00  1.00314e+00
 6.13000e+01  1.00465e+00 -6.37309e-03  1.51164e+00 -6.34359e-03  1.00776e+00  1.00309e+00
 6.14000e+01  1.00458e+00 -6.44019e-03  1.51147e+00 -6.41081e-03  1.00765e+00  1.00305e+00
 6.15000e+01  1.00451e+00 -6.50704e-03  1.51130e+00 -6.47780e-03  1.00753e+00  1.00300e+00
 6.16000e+01  1.00445e+00 -6.57364e-03  1.51113e+00 -6.54454e-03  1.00742e+00  1.00296e+00
 6.17000e+01  1.00438e+00 -6.63996e-03  1.51096e+00 -6.61102e-03  1.00730e+00  1.00291e+00
 6.18000e+01  1.00431e+00 -6.70599e-03  1.51078e+00 -6.67721e-03  1.00719e+00  1.00287e+00
 6.19000e+01  1.00424e+00 -6.77170e-03  1.51061e+00 -6.74310e-03  1.00708e+00  1.00282e+00
 6.20000e+01  1.00417e+00 -6.83708e-03  1.51044e+00 -6.80867e-03  1.00696e+00  1.00278e+00
 6.21000e+01  1.00410e+00 -6.90211e-03  1.51027e+00 -6.87389e-03  1.00685e+00  1.00273e+00
 6.22000e+01  1.00404e+00 -6.96677e-03  1.51010e+00 -6.93876e-03  1.00673e+00  1.00269e+00
 6.23000e+01  1.00397e+00 -7.03103e-03  1.50993e+00 -7.00324e-03  1.00662e+00  1.00264e+00
 6.24000e+01  1.00390e+00 -7.09489e-03  1.50976e+00 -7.06733e-03  1.00651e+00  1.00259e+00
 6.25000e+01  1.00383e+00 -7.15833e-03  1.50959e+00 -7.13100e-03  1.00639e+00  1.00255e+00
 6.26000e+01  1.00376e+00 -7.22132e-03  1.50942e+00 -7.19424e-03  1.00628e+00  1.00250e+00
 6.27000e+01  1.00370e+00 -7.28386e-03  1.50925e+00 -7.25703e-03  1.00616e+00  1.00246e+00
 6.28000e+01  1.00363e+00 -7.34592e-03  1.50908e+00 -7.31936e-03  1.00605e+00  1.00241e+00
 6.29000e+01  1.00356e+00 -7.40749e-03  1.50891e+00 -7.38120e-03  1.00594e+00  1.00237e+00
 6.30000e+01  1.00349e+00 -7.46855e-03  1.50874e+00 -7.44255e-03  1.00583e+00  1.00232e+00
 6.31000e+01  1.00343e+00 -7.52909e-03  1.50857e+00 -7.50338e-03  1.00571e+00  1.00228e+00
 6.32000e+01  1.00336e+00 -7.58910e-03  1.50840e+00 -7.56369e-03  1.00560e+00  1.00224e+00
 6.33000e+01  1.00329e+00 -7.64855e-03  1.50824e+00 -7.62345e-03  1.00549e+00  1.00219e+00
 6.34000e+01  1.00323e+00 -7.70744e-03  1.50807e+00 -7.68266e-03  1.00538e+00  1.00215e+00
 6.35000e+01  1.00316e+00 -7.76575e-03  1.50790e+00 -7.74129e-03  1.00527e+00  1.00210e+00
 6.36000e+01  1.00309e+00 -7.82348e-03  1.50774e+00 -7.79935e-03  1.00516e+00  1.00206e+00
 6.37000e+01  1.00303e+00 -7.88059e-03  1.50757e+00 -7.85681e-03  1.00505e+00  1.00201e+00
 6.38000e+01  1.00296e+00 -7.93710e-03  1.50741e+00 -7.91366e-03  1.00494e+00  1.00197e+00
 6.39000e+01  1.00290e+00 -7.99298e-03  1.50725e+00 -7.96989e-03  1.00483e+00  1.00193e+00
 6.40000e+01  1.00283e+00 -8.04822e-03  1.50708e+00 -8.02549e-03  1.00472e+00  1.00188e+00
 6.41000e+01  1.00277e+00 -8.10281e-03  1.50692e+00 -8.08045e-03  1.00461e+00  1.00184e+00
 6.42000e+01  1.00270e+00 -8.15675e-03  1.50676e+00 -8.13477e-03  1.00451e+00  1.00180e+00
 6.43000e+01  1.00264e+00 -8.21002e-03  1.50660e+00 -8.18842e-03  1.00440e+00  1.00176e+00
 6.44000e+01  1.00257e+00 -8.26262e-03  1.50644e+00 -8.24140e-03  1.00429e+00  1.00171e+00
 6.45000e+01  1.00251e+00 -8.31453e-03  1.50628e+00 -8.29371e-03  1.00419e+00  1.00167e+00
 6.46000e+01  1.00245e+00 -8.36576e-03  1.50612e+00 -8.34533e-03  1.00408e+00  1.00163e+00
 6.47000e+01  1.00239e+00 -8.41628e-03  1.50596e+00 -8.39625e-03  1.00398e+00  1.00159e+00
 6.48000e+01  1.00232e+00 -8.46610e-03  1.50581e+00 -8.44648e-03  1.00387e+00  1.00155e+00
 6.49000e+01  1.00226e+00 -8.51521e-03  1.50565e+00 -8.49600e-03  1.00377e+00  1.00150e+00
 6.50000e+01  1.00220e+00 -8.56360e-03  1.50550e+00 -8.54481e-03  1.00367e+00  1.00146e+00
 6.51000e+01  1.00214e+00 -8.61126e-03  1.50534e+00 -8.59290e-03  1.00356e+00  1.00142e+00
 6.52000e+01  1.00208e+00 -8.65820e-03  1.50519e+00 -8.64026e-03  1.00346e+00  1.00138e+00
 6.53000e+01  1.00202e+00 -8.70441e-03  1.50504e+00 -8.68690e-03  1.00336e+00  1.00134e+00
 6.54000e+01  1.00196e+00 -8.74988e-03  1.50489e+00 -8.73280e-03  1.00326e+00  1.00130e+00
 6.55000e+01  1.00190e+00 -8.79461e-03  1.50474e+00 -8.77797e-03  1.00316e+00  1.00126e+00
 6.56000e+01  1.00184e+00 -8.83860e-03  1.50459e+00 -8.82240e-03  1.00306e+00  1.00122e+00
 6.57000e+01  1.00178e+00 -8.88184e-03  1.50444e+00 -8.86608e-03  1.00296e+00  1.00118e+00
 6.58000e+01  1.00172e+00 -8.92433e-03  1.50430e+00 -8.90902e-03  1.00286e+00  1.00114e+00
 6.59000e+01  1.00166e+00 -8.96607e-03  1.50415e+00 -8.95121e-03  1.00277e+00  1.00111e+00
 6.60000e+01  1.00160e+00 -9.00706e-03  1.50401e+00 -8.99265e-03  1.00267e+00  1.00107e+00
 6.61000e+01  1.00155e+00 -9.04729e-03  1.50386e+00 -9.03333e-03  1.00258e+00  1.00103e+00
 6.62000e+01  1.00149e+00 -9.08677e-03  1.50372e+00 -9.07327e-03  1.00248e+00  1.00099e+00
 6.63000e+01  1.00143e+00 -9.12549e-03  1.50358e+00 -9.11245e-03  1.00239e+00  1.00095e+00
 6.64000e+01  1.00138e+00 -9.16346e-03  1.50344e+00 -9.15087e-03  1.00229e+00  1.00092e+00
 6.65000e+01  1.00132e+00 -9.20067e-03  1.50330e+00 -9.18854e-03  1.00220e+00  1.00088e+00
 6.66000e+01  1.00126e+00 -9.23712e-03  1.50316e+00 -9.22546e-03  1.00211e+00  1.00084e+00
 6.67000e+01  1.00121e+00 -9.27282e-03  1.50302e+00 -9.26162e-03  1.00202e+00  1.00081e+00
 6.68000e+01  1.00115e+00 -9.30776e-03  1.50289e+00 -9.29703e-03  1.00192e+00  1.00077e+00
 6.69000e+01  1.00110e+00 -9.34195e-03  1.50275e+00 -9.33168e-03  1.00183e+00  1.00073e+00
 6.70000e+01  1.00105e+00 -9.37539e-03  1.50262e+00 -9.36559e-03  1.00175e+00  1.00070e+00
 6.71000e+01  1.00099e+00 -9.40808e-03  1.50248e+00 -9.39874e-03  1.00166e+00  1.00066e+00
 6.72000e+01  1.00094e+00 -9.44002e-03  1.50235e+00 -9.43114e-03  1.00157e+00  1.00063e+00
 6.73000e+01  1.00089e+00 -9.47121e-03  1.50222e+00 -9.46280e-03  1.00148e+00  1.00059e+00
 6.74000e+01  1.00084e+00 -9.50165e-03  1.50209e+00 -9.49372e-03  1.00139e+00  1.00056e+00
 6.75000e+01  1.00078e+00 -9.53136e-03  1.50196e+00 -9.52389e-03  1.00131e+00  1.00052e+00
 6.76000e+01  1.00073e+00 -9.56032e-03  1.50183e+00 -9.55332e-03  1.00122e+00  1.00049e+00
 6.77000e+01  1.00068e+00 -9.58855e-03  1.50171e+00 -9.58201e-03  1.00114e+00  1.00046e+00
 6.78000e+01  1.00063e+00 -9.61605e-03  1.50158e+00 -9.60997e-03  1.00105e+00  1.00042e+00
 6.79000e+01  1.00058e+00 -9.64281e-03  1.50146e+00 -9.63720e-03  1.00097e+00  1.00039e+00
 6.80000e+01  1.00053e+00 -9.66885e-03  1.50133e+00 -9.66370e-03  1.00089e+00  1.00036e+00
 6.81000e+01  1.00048e+00 -9.69416e-03  1.50121e+00 -9.68947e-03  1.00081e+00  1.00032e+00
 6.82000e+01  1.00044e+00 -9.71875e-03  1.50109e+00 -9.71452e-03  1.00073e+00  1.00029e+00
 6.83000e+01  1.00039e+00 -9.74263e-03  1.50097e+00 -9.73886e-03  1.00065e+00  1.00026e+00
 6.84000e+01  1.00034e+00 -9.76579e-03  1.50085e+00 -9.76248e-03  1.00057e+00  1.00023e+00
 6.85000e+01  1.00029e+00 -9.78824e-03  1.50073e+00 -9.78539e-03  1.00049e+00  1.00020e+00
 6.86000e+01  1.00024e+00 -9.80999e-03  1.50061e+00 -9.80760e-03  1.00041e+00  1.00016e+00
 6.87000e+01  1.00020e+00 -9.83104e-03  1.50050e+00 -9.82910e-03  1.00033e+00  1.00013e+00
 6.88000e+01  1.00015e+00 -9.85140e-03  1.50038e+00 -9.84990e-03  1.00025e+00  1.00010e+00
 6.89000e+01  1.00011e+00 -9.87106e-03  1.50027e+00 -9.87001e-03  1.00018e+00  1.00007e+00
 6.90000e+01  1.00006e+00 -9.89003e-03  1.50015e+00 -9.88943e-03  1.00010e+00  1.00004e+00
 6.91000e+01  1.00002e+00 -9.90832e-03  1.50004e+00 -9.90817e-03  1.00003e+00  1.00001e+00
 6.92000e+01  9.99971e-01 -9.92594e-03  1.49993e+00 -9.92623e-03  9.99953e-01  9.99983e-01
 6.93000e+01  9.99926e-01 -9.94288e-03  1.49982e+00 -9.94361e-03  9.99880e-01  9.99953e-01
 6.94000e+01  9.99883e-01 -9.95915e-03  1.49971e+00 -9.96032e-03  9.99807e-01  9.99924e-01
 6.95000e+01  9.99839e-01 -9.97475e-03  1.49960e+00 -9.97636e-03  9.99734e-01  9.99895e-01
 6.96000e+01  9.99796e-01 -9.98970e-03  1.49949e+00 -9.99174e-03  9.99662e-01  9.99866e-01
 6.97000e+01  9.99753e-01 -1.00040e-02  1.49939e+00 -1.00065e-02  9.99591e-01  9.99838e-01
 6.98000e+01  9.99711e-01 -1.00176e-02  1.49928e+00 -1.00205e-02  9.99521e-01  9.99810e-01
 6.99000e+01  9.99669e-01 -1.00306e-02  1.49918e+00 -1.00340e-02  9.99451e-01  9.99782e-01
 7.00000e+01  9.99627e-01 -1.00430e-02  1.49907e+00 -1.00467e-02  9.99382e-01  9.99754e-01
 7.01000e+01  9.99586e-01 -1.00547e-02  1.49897e+00 -1.00589e-02  9.99313e-01  9.99727e-01
 7.02000e+01  9.99545e-01 -1.00658e-02  1.49887e+00 -1.00704e-02  9.99245e-01  9.99700e-01
 7.03000e+01  9.99505e-01 -1.00763e-02  1.49877e+00 -1.00813e-02  9.99178e-01  9.99673e-01
 7.04000e+01  9.99464e-01 -1.00861e-02  1.49867e+00 -1.00915e-02  9.99111e-01  9.99646e-01
 7.05000e+01  9.99425e-01 -1.00953e-02  1.49857e+00 -1.01012e-02  9.99044e-01  9.99620e-01
 7.06000e+01  9.99385e-01 -1.01040e-02  1.49847e+00 -1.01102e-02  9.98979e-01  9.99593e-01
 7.07000e+01  9.99346e-01 -1.01120e-02  1.49837e+00 -1.01186e-02  9.98914e-01  9.99567e-01
 7.08000e+01  9.99307e-01 -1.01194e-02  1.49827e+00 -1.01264e-02  9.98849e-01  9.99542e-01
 7.09000e+01  9.99269e-01 -1.01262e-02  1.49818e+00 -1.01336e-02  9.98785e-01  9.99516e-01
 7.10000e+01  9.99231e-01 -1.01325e-02  1.49808e+00 -1.01403e-02  9.98722e-01  9.99491e-01
 7.11000e+01  9.99193e-01 -1.01381e-02  1.49799e+00 -1.01463e-02  9.98659e-01  9.99466e-01
 7.12000e+01  9.99156e-01 -1.01432e-02  1.49790e+00 -1.01517e-02  9.98597e-01  9.99441e-01
 7.13000e+01  9.99119e-01 -1.01477e-02  1.49780e+00 -1.01566e-02  9.98535e-01  9.99416e-01
 7.14000e+01  9.99082e-01 -1.01516e-02  1.49771e+00 -1.01609e-02  9.98474e-01  9.99392e-01
 7.15000e+01  9.99046e-01 -1.01550e-02  1.49762e+00 -1.01647e-02  9.98414e-01  9.99368e-01
 7.16000e+01  9.99010e-01 -1.01578e-02  1.49753e+00 -1.01678e-02  9.98354e-01  9.99344e-01
 7.17000e+01  9.98974e-01 -1.01600e-02  1.49744e+00 -1.01704e-02  9.98294e-01  9.99320e-01
 7.18000e+01  9.98938e-01 -1.01617e-02  1.49735e+00 -1.01725e-02  9.98235e-01  9.99296e-01
 7.19000e+01  9.98903e-01 -1.01628e-02  1.49727e+00 -1.01740e-02  9.98177e-01  9.99273e-01
 7.20000e+01  9.98868e-01 -1.01634e-02  1.49718e+00 -1.01750e-02  9.98119e-01  9.99250e-01
 7.21000e+01  9.98834e-01 -1.01635e-02  1.49709e+00 -1.01754e-02  9.98062e-01  9.99227e-01
 7.22000e+01  9.98800e-01 -1.01631e-02  1.49701e+00 -1.01753e-02  9.98005e-01  9.99204e-01
 7.23000e+01  9.98766e-01 -1.01621e-02  1.49692e+00 -1.01746e-02  9.97949e-01  9.99182e-01
 7.24000e+01  9.98732e-01 -1.01606e-02  1.49684e+00 -1.01735e-02  9.97893e-01  9.99159e-01
 7.25000e+01  9.98699e-01 -1.01585e-02  1.49676e+00 -1.01718e-02  9.97837e-01  9.99137e-01
 7.26000e+01  9.98666e-01 -1.01560e-02  1.49667e+00 -1.01696e-02  9.97782e-01  9.99115e-01
 7.27000e+01  9.98633e-01 -1.01530e-02  1.49659e+00 -1.01669e-02  9.97728e-01  9.99093e-01
 7.28000e+01  9.98601e-01 -1.01494e-02  1.49651e+00 -1.01637e-02  9.97674e-01  9.99072e-01
 7.29000e+01  9.98569e-01 -1.01454e-02  1.49643e+00 -1.01599e-02  9.97621e-01  9.99050e-01
 7.30000e+01  9.98537e-01 -1.01409e-02  1.49635e+00 -1.01557e-02  9.97568e-01  9.99029e-01
 7.31000e+01  9.98506e-01 -1.01358e-02  1.49627e+00 -1.01510e-02  9.97515e-01  9.99008e-01
 7.32000e+01  9.98474e-01 -1.01303e-02  1.49620e+00 -1.01458e-02  9.97463e-01  9.98987e-01
 7.33000e+01  9.98443e-01 -1.01243e-02  1.49612e+00 -1.01401e-02  9.97412e-01  9.98967e-01
 7.34000e+01  9.98413e-01 -1.01179e-02  1.49604e+00 -1.01340e-02  9.97361e-01  9.98946e-01
 7.35000e+01  9.98382e-01 -1.01110e-02  1.49597e+00 -1.01273e-02  9.97310e-01  9.98926e-01
 7.36000e+01  9.98352e-01 -1.01036e-02  1.49589e+00 -1.01202e-02  9.97260e-01  9.98906e-01
 7.37000e+01  9.98322e-01 -1.00957e-02  1.49582e+00 -1.01127e-02  9.97210e-01  9.98886e-01
 7.38000e+01  9.98293e-01 -1.00874e-02  1.49574e+00 -1.01046e-02  9.97161e-01  9.98866e-01
 7.39000e+01  9.98263e-01 -1.00786e-02  1.49567e+00 -1.00961e-02  9.97112e-01  9.98847e-01
 7.40000e+01  9.98234e-01 -1.00694e-02  1.49560e+00 -1.00872e-02  9.97064e-01  9.98828e-01
 7.41000e+01  9.98205e-01 -1.00597e-02  1.49552e+00 -1.00778e-02  9.97016e-01  9.98808e-01
 7.42000e+01  9.98177e-01 -1.00496e-02  1.49545e+00 -1.00680e-02  9.96968e-01  9.98789e-01
 7.43000e+01  9.98148e-01 -1.00391e-02  1.49538e+00 -1.00577e-02  9.96921e-01  9.98770e-01
 7.44000e+01  9.98120e-01 -1.00281e-02  1.49531e+00 -1.00470e-02  9.96874e-01  9.98752e-01
 7.45000e+01  9.98092e-01 -1.00167e-02  1.49524e+00 -1.00358e-02  9.96828e-01  9.98733e-01
 7.46000e+01  9.98065e-01 -1.00049e-02  1.49517e+00 -1.00243e-02  9.96782e-01  9.98715e-01
 7.47000e+01  9.98038e-01 -9.99262e-03  1.49510e+00 -1.00123e-02  9.96737e-01  9.98696e-01
 7.48000e+01  9.98010e-01 -9.97996e-03  1.49504e+00 -9.99986e-03  9.96691e-01  9.98678e-01
 7.49000e+01  9.97984e-01 -9.96688e-03  1.49497e+00 -9.98702e-03  9.96647e-01  9.98661e-01
 7.50000e+01  9.97957e-01 -9.95340e-03  1.49490e+00 -9.97377e-03  9.96602e-01  9.98643e-01
 7.51000e+01  9.97931e-01 -9.93951e-03  1.49484e+00 -9.96012e-03  9.96558e-01  9.98625e-01
 7.52000e+01  9.97904e-01 -9.92522e-03  1.49477e+00 -9.94606e-03  9.96515e-01  9.98608e-01
 7.53000e+01  9.97878e-01 -9.91053e-03  1.49471e+00 -9.93160e-03  9.96472e-01  9.98590e-01
 7.54000e+01  9.97853e-01 -9.89544e-03  1.49464e+00 -9.91674e-03  9.96429e-01  9.98573e-01
 7.55000e+01  9.97827e-01 -9.87997e-03  1.49458e+00 -9.90149e-03  9.96387e-01  9.98556e-01
 7.56000e+01  9.97802e-01 -9.86412e-03  1.49452e+00 -9.88584e-03  9.96345e-01  9.98539e-01
 7.57000e+01  9.97777e-01 -9.84787e-03  1.49445e+00 -9.86982e-03  9.96303e-01  9.98523e-01
 7.58000e+01  9.97752e-01 -9.83126e-03  1.49439e+00 -9.85341e-03  9.96262e-01  9.98506e-01
 7.59000e+01  9.97727e-01 -9.81426e-03  1.49433e+00 -9.83661e-03  9.96221e-01  9.98490e-01
 7.60000e+01  9.97703e-01 -9.79689e-03  1.49427e+00 -9.81945e-03  9.96180e-01  9.98473e-01
 7.61000e+01  9.97679e-01 -9.77916e-03  1.49421e+00 -9.80191e-03  9.96140e-01  9.98457e-01
 7.62000e+01  9.97655e-01 -9.76106e-03  1.49415e+00 -9.78400e-03  9.96100e-01  9.98441e-01
 7.63000e+01  9.97631e-01 -9.74260e-03  1.49409e+00 -9.76573e-03  9.96060e-01  9.98425e-01
 7.64000e+01  9.97608e-01 -9.72378e-03  1.49403e+00 -9.74710e-03  9.96021e-01  9.98410e-01
 7.65000e+01  9.97584e-01 -9.70461e-03  1.49397e+00 -9.72811e-03  9.95982e-01  9.98394e-01
 7.66000e+01  9.97561e-01 -9.68508e-03  1.49392e+00 -9.70876e-03  9.95944e-01  9.98379e-01
 7.67000e+01  9.97538e-01 -9.66521e-03  1.49386e+00 -9.68906e-03  9.95906e-01  9.98363e-01
 7.68000e+01  9.97516e-01 -9.64499e-03  1.49380e+00 -9.66902e-03  9.95868e-01  9.98348e-01
 7.69000e+01  9.97493e-01 -9.62444e-03  1.49375e+00 -9.64863e-03  9.95830e-01  9.98333e-01
 7.70000e+01  9.97471e-01 -9.60354e-03  1.49369e+00 -9.62789e-03  9.95793e-01  9.98318e-01
 7.71000e+01  9.97448e-01 -9.58231e-03  1.49363e+00 -9.60682e-03  9.95756e-01  9.98303e-01
 7.72000e+01  9.97427e-01 -9.56074e-03  1.49358e+00 -9.58541e-03  9.95719e-01  9.98289e-01
 7.73000e+01  9.97405e-01 -9.53885e-03  1.49352e+00 -9.56367e-03  9.95683e-01  9.98274e-01
 7.74000e+01  9.97383e-01 -9.51663e-03  1.49347e+00 -9.54160e-03  9.95647e-01  9.98260e-01
 7.75000e+01  9.97362e-01 -9.49409e-03  1.49342e+00 -9.51921e-03  9.95612e-01  9.98245e-01
 7.76000e+01  9.97341e-01 -9.47123e-03  1.49336e+00 -9.49649e-03  9.95576e-01  9.98231e-01
 7.77000e+01  9.97320e-01 -9.44805e-03  1.49331e+00 -9.47345e-03  9.95541e-01  9.98217e-01
 7.78000e+01  9.97299e-01 -9.42456e-03  1.49326e+00 -9.45009e-03  9.95507e-01  9.98203e-01
 7.79000e+01  9.97278e-01 -9.40076e-03  1.49321e+00 -9.42642e-03  9.95472e-01  9.98189e-01
 7.80000e+01  9.97258e-01 -9.37665e-03  1.49316e+00 -9.40244e-03  9.95438e-01  9.98176e-01
 7.81000e+01  9.97237e-01 -9.35224e-03  1.49311e+00 -9.37815e-03  9.95404e-01  9.98162e-01
 7.82000e+01  9.97217e-01 -9.32752e-03  1.49306e+00 -9.35355e-03  9.95371e-01  9.98148e-01
 7.83000e+01  9.97197e-01 -9.30250e-03  1.49301e+00 -9.32865e-03  9.95337e-01  9.98135e-01
 7.84000e+01  9.97177e-01 -9.27719e-03  1.49296e+00 -9.30345e-03  9.95305e-01  9.98122e-01
 7.85000e+01  9.97158e-01 -9.25158e-03  1.49291e+00 -9.27795e-03  9.95272e-01  9.98109e-01
 7.86000e+01  9.97138e-01 -9.22569e-03  1.49286e+00 -9.25216e-03  9.95239e-01  9.98096e-01
 7.87000e+01  9.97119e-01 -9.19950e-03  1.49281e+00 -9.22608e-03  9.95207e-01  9.98083e-01
 7.88000e+01  9.97100e-01 -9.17303e-03  1.49276e+00 -9.19971e-03  9.95175e-01  9.98070e-01
 7.89000e+01  9.97081e-01 -9.14628e-03  1.49272e+00 -9.17305e-03  9.95144e-01  9.98057e-01
 7.90000e+01  9.97062e-01 -9.11924e-03  1.49267e+00 -9.14611e-03  9.95113e-01  9.98045e-01
 7.91000e+01  9.97044e-01 -9.09193e-03  1.49262e+00 -9.11889e-03  9.95082e-01  9.98032e-01
 7.92000e+01  9.97025e-01 -9.06434e-03  1.49258e+00 -9.09139e-03  9.95051e-01  9.98020e-01
 7.93000e+01  9.97007e-01 -9.03648e-03  1.49253e+00 -9.06361e-03  9.95020e-01  9.98007e-01
 7.94000e+01  9.96989e-01 -9.00835e-03  1.49249e+00 -9.03556e-03  9.94990e-01  9.97995e-01
 7.95000e+01  9.96971e-01 -8.97996e-03  1.49244e+00 -9.00724e-03  9.94960e-01  9.97983e-01
 7.96000e+01  9.96953e-01 -8.95129e-03  1.49240e+00 -8.97865e-03  9.94930e-01  9.97971e-01
 7.97000e+01  9.96935e-01 -8.92237e-03  1.49235e+00 -8.94980e-03  9.94901e-01  9.97959e-01
 7.98000e+01  9.96918e-01 -8.89318e-03  1.49231e+00 -8.92068e-03  9.94872e-01  9.97948e-01
 7.99000e+01  9.96900e-01 -8.86374e-03  1.49226e+00 -8.89130e-03  9.94843e-01  9.97936e-01
 8.00000e+01  9.96883e-01 -8.83404e-03  1.49222e+00 -8.86166e-03  9.94814e-01  9.97924e-01
 8.01000e+01  9.96866e-01 -8.80409e-03  1.49218e+00 -8.83177e-03  9.94786e-01  9.97913e-01
 8.02000e+01  9.96849e-01 -8.77389e-03  1.49214e+00 -8.80162e-03  9.94757e-01  9.97902e-01
 8.03000e+01  9.96832e-01 -8.74344e-03  1.49209e+00 -8.77122e-03  9.94729e-01  9.97890e-01
 8.04000e+01  9.96816e-01 -8.71275e-03  1.49205e+00 -8.74058e-03  9.94702e-01  9.97879e-01
 8.05000e+01  9.96799e-01 -8.68181e-03  1.49201e+00 -8.70968e-03  9.94674e-01  9.97868e-01
 8.06000e+01  9.96783e-01 -8.65063e-03  1.49197e+00 -8.67854e-03  9.94647e-01  9.97857e-01
 8.07000e+01  9.96767e-01 -8.61921e-03  1.49193e+00 -8.64716e-03  9.94620e-01  9.97846e-01
 8.08000e+01  9.96751e-01 -8.58755e-03  1.49189e+00 -8.61554e-03  9.94593e-01  9.97835e-01
 8.09000e+01  9.96735e-01 -8.55566e-03  1.49185e+00 -8.58368e-03  9.94567e-01  9.97825e-01
 8.10000e+01  9.96719e-01 -8.52353e-03  1.49181e+00 -8.55159e-03  9.94540e-01  9.97814e-01
 8.11000e+01  9.96703e-01 -8.49118e-03  1.49177e+00 -8.51926e-03  9.94514e-01  9.97804e-01
 8.12000e+01  9.96688e-01 -8.45860e-03  1.49173e+00 -8.48671e-03  9.94488e-01  9.97793e-01
 8.13000e+01  9.96672e-01 -8.42579e-03  1.49169e+00 -8.45392e-03  9.94463e-01  9.97783e-01
 8.14000e+01  9.96657e-01 -8.39275e-03  1.49166e+00 -8.42090e-03  9.94437e-01  9.97773e-01
 8.15000e+01  9.96642e-01 -8.35950e-03  1.49162e+00 -8.38766e-03  9.94412e-01  9.97762e-01
 8.16000e+01  9.96627e-01 -8.32603e-03  1.49158e+00 -8.35420e-03  9.94387e-01  9.97752e-01
 8.17000e+01  9.96612e-01 -8.29233e-03  1.49154e+00 -8.32052e-03  9.94362e-01  9.97742e-01
 8.18000e+01  9.96598e-01 -8.25842e-03  1.49151e+00 -8.28662e-03  9.94338e-01  9.97732e-01
 8.19000e+01  9.96583e-01 -8.22430e-03  1.49147e+00 -8.25250e-03  9.94313e-01  9.97723e-01
 8.20000e+01  9.96569e-01 -8.18997e-03  1.49143e+00 -8.21817e-03  9.94289e-01  9.97713e-01
 8.21000e+01  9.96554e-01 -8.15543e-03  1.49140e+00 -8.18362e-03  9.94265e-01  9.97703e-01
 8.22000e+01  9.96540e-01 -8.12067e-03  1.49136e+00 -8.14887e-03  9.94242e-01  9.97694e-01
 8.23000e+01  9.96526e-01 -8.08572e-03  1.49133e+00 -8.11391e-03  9.94218e-01  9.97684e-01
 8.24000e+01  9.96512e-01 -8.05056e-03  1.49129e+00 -8.07873e-03  9.94195e-01  9.97675e-01
 8.25000e+01  9.96498e-01 -8.01519e-03  1.49126e+00 -8.04336e-03  9.94172e-01  9.97665e-01
 8.26000e+01  9.96484e-01 -7.97963e-03  1.49122e+00 -8.00778e-03  9.94149e-01  9.97656e-01
 8.27000e+01  9.96471e-01 -7.94387e-03  1.49119e+00 -7.97200e-03  9.94126e-01  9.97647e-01
 8.28000e+01  9.96457e-01 -7.90791e-03  1.49116e+00 -7.93602e-03  9.94103e-01  9.97638e-01
 8.29000e+01  9.96444e-01 -7.87176e-03  1.49112e+00 -7.89985e-03  9.94081e-01  9.97629e-01
 8.30000e+01  9.96431e-01 -7.83541e-03  1.49109e+00 -7.86348e-03  9.94059e-01  9.97620e-01
 8.31000e+01  9.96418e-01 -7.79887e-03  1.49106e+00 -7.82691e-03  9.94037e-01  9.97611e-01
 8.32000e+01  9.96405e-01 -7.76215e-03  1.49102e+00 -7.79016e-03  9.94015e-01  9.97602e-01
 8.33000e+01  9.96392e-01 -7.72523e-03  1.49099e+00 -7.75321e-03  9.93994e-01  9.97594e-01
 8.34000e+01  9.96379e-01 -7.68813e-03  1.49096e+00 -7.71608e-03  9.93973e-01  9.97585e-01
 8.35000e+01  9.96366e-01 -7.65085e-03  1.49093e+00 -7.67875e-03  9.93951e-01  9.97576e-01
 8.36000e+01  9.96354e-01 -7.61339e-03  1.49090e+00 -7.64125e-03  9.93931e-01  9.97568e-01
 8.37000e+01  9.96341e-01 -7.57574e-03  1.49086e+00 -7.60356e-03  9.93910e-01  9.97560e-01
 8.38000e+01  9.96329e-01 -7.53792e-03  1.49083e+00 -7.56569e-03  9.93889e-01  9.97551e-01
 8.39000e+01  9.96317e-01 -7.49992e-03  1.49080e+00 -7.52764e-03  9.93869e-01  9.97543e-01
 8.40000e+01  9.96305e-01 -7.46174e-03  1.49077e+00 -7.48942e-03  9.93849e-01  9.97535e-01
 8.41000e+01  9.96293e-01 -7.42339e-03  1.49074e+00 -7.45101e-03  9.93829e-01  9.97527e-01
 8.42000e+01  9.96281e-01 -7.38487e-03  1.49071e+00 -7.41244e-03  9.93809e-01  9.97519e-01
 8.43000e+01  9.96269e-01 -7.34618e-03  1.49068e+00 -7.37369e-03  9.93789e-01  9.97511e-01
 8.44000e+01  9.96257e-01 -7.30731e-03  1.49065e+00 -7.33477e-03  9.93769e-01  9.97503e-01
 8.45000e+01  9.96246e-01 -7.26829e-03  1.49063e+00 -7.29568e-03  9.93750e-01  9.97495e-01
 8.46000e+01  9.96234e-01 -7.22909e-03  1.49060e+00 -7.25642e-03  9.93731e-01  9.97487e-01
 8.47000e+01  9.96223e-01 -7.18973e-03  1.49057e+00 -7.21699e-03  9.93712e-01  9.97480e-01
 8.48000e+01  9.96212e-01 -7.15021e-03  1.49054e+00 -7.17741e-03  9.93693e-01  9.97472e-01
 8.49000e+01  9.96200e-01 -7.11053e-03  1.49051e+00 -7.13765e-03  9.93675e-01  9.97465e-01
 8.50000e+01  9.96189e-01 -7.07069e-03  1.49048e+00 -7.09774e-03  9.93656e-01  9.97457e-01
 8.51000e+01  9.96178e-01 -7.03070e-03  1.49046e+00 -7.05767e-03  9.93638e-01  9.97450e-01
 8.52000e+01  9.96168e-01 -6.99054e-03  1.49043e+00 -7.01744e-03  9.93620e-01  9.97442e-01
 8.53000e+01  9.96157e-01 -6.95023e-03  1.49040e+00 -6.97705e-03  9.93602e-01  9.97435e-01
 8.54000e+01  9.96146e-01 -6.90977e-03  1.49038e+00 -6.93650e-03  9.93584e-01  9.97428e-01
 8.55000e+01  9.96136e-01 -6.86916e-03  1.49035e+00 -6.89581e-03  9.93566e-01  9.97421e-01
 8.56000e+01  9.96125e-01 -6.82839e-03  1.49032e+00 -6.85496e-03  9.93549e-01  9.97414e-01
 8.57000e+01  9.96115e-01 -6.78748e-03  1.49030e+00 -6.81396e-03  9.93532e-01  9.97407e-01
 8.58000e+01  9.96104e-01 -6.74642e-03  1.49027e+00 -6.77281e-03  9.93515e-01  9.97400e-01
 8.59000e+01  9.96094e-01 -6.70522e-03  1.49025e+00 -6.73151e-03  9.93498e-01  9.97393e-01
 8.60000e+01  9.96084e-01 -6.66387e-03  1.49022e+00 -6.69006e-03  9.93481e-01  9.97386e-01
 8.61000e+01  9.96074e-01 -6.62238e-03  1.49020e+00 -6.64848e-03  9.93464e-01  9.97380e-01
 8.62000e+01  9.96064e-01 -6.58074e-03  1.49017e+00 -6.60674e-03  9.93448e-01  9.97373e-01
 8.63000e+01  9.96055e-01 -6.53897e-03  1.49015e+00 -6.56487e-03  9.93431e-01  9.97366e-01
 8.64000e+01  9.96045e-01 -6.49705e-03  1.49012e+00 -6.52285e-03  9.93415e-01  9.97360e-01
 8.65000e+01  9.96035e-01 -6.45501e-03  1.49010e+00 -6.48070e-03  9.93399e-01  9.97353e-01
 8.66000e+01  9.96026e-01 -6.41282e-03  1.49007e+00 -6.43841e-03  9.93383e-01  9.97347e-01
 8.67000e+01  9.96016e-01 -6.37050e-03  1.49005e+00 -6.39598e-03  9.93368e-01  9.97341e-01
 8.68000e+01  9.96007e-01 -6.32805e-03  1.49003e+00 -6.35341e-03  9.93352e-01  9.97334e-01
 8.69000e+01  9.95998e-01 -6.28546e-03  1.49000e+00 -6.31072e-03  9.93337e-01  9.97328e-01
 8.70000e+01  9.95989e-01 -6.24274e-03  1.48998e+00 -6.26789e-03  9.93321e-01  9.97322e-01
 8.71000e+01  9.95980e-01 -6.19990e-03  1.48996e+00 -6.22493e-03  9.93306e-01  9.97316e-01
 8.72000e+01  9.95971e-01 -6.15693e-03  1.48994e+00 -6.18184e-03  9.93291e-01  9.97310e-01
 8.73000e+01  9.95962e-01 -6.11383e-03  1.48991e+00 -6.13862e-03  9.93276e-01  9.97304e-01
 8.74000e+01  9.95953e-01 -6.07060e-03  1.48989e+00 -6.09527e-03  9.93262e-01  9.97298e-01
 8.75000e+01  9.95944e-01 -6.02726e-03  1.48987e+00 -6.05180e-03  9.93247e-01  9.97292e-01
 8.76000e+01  9.95936e-01 -5.98378e-03  1.48985e+00 -6.00820e-03  9.93233e-01  9.97286e-01
 8.77000e+01  9.95927e-01 -5.94019e-03  1.48983e+00 -5.96448e-03  9.93219e-01  9.97280e-01
 8.78000e+01  9.95919e-01 -5.89648e-03  1.48981e+00 -5.92064e-03  9.93205e-01  9.97275e-01
 8.79000e+01  9.95910e-01 -5.85265e-03  1.48979e+00 -5.87668e-03  9.93191e-01  9.97269e-01
 8.80000e+01  9.95902e-01 -5.80870e-03  1.48977e+00 -5.83260e-03  9.93177e-01  9.97264e-01
 8.81000e+01  9.95894e-01 -5.76464e-03  1.48974e+00 -5.78840e-03  9.93163e-01  9.97258e-01
 8.82000e+01  9.95886e-01 -5.72046e-03  1.48972e+00 -5.74409e-03  9.93150e-01  9.97253e-01
 8.83000e+01  9.95878e-01 -5.67616e-03  1.48970e+00 -5.69966e-03  9.93136e-01  9.97247e-01
 8.84000e+01  9.95870e-01 -5.63176e-03  1.48968e+00 -5.65511e-03  9.93123e-01  9.97242e-01
 8.85000e+01  9.95862e-01 -5.58724e-03  1.48966e+00 -5.61046e-03  9.93110e-01  9.97237e-01
 8.86000e+01  9.95854e-01 -5.54261e-03  1.48965e+00 -5.56569e-03  9.93097e-01  9.97231e-01
 8.87000e+01  9.95846e-01 -5.49788e-03  1.48963e+00 -5.52081e-03  9.93084e-01  9.97226e-01
 8.88000e+01  9.95839e-01 -5.45303e-03  1.48961e+00 -5.47582e-03  9.93071e-01  9.97221e-01
 8.89000e+01  9.95831e-01 -5.40808e-03  1.48959e+00 -5.43072e-03  9.93059e-01  9.97216e-01
 8.90000e+01  9.95824e-01 -5.36302e-03  1.48957e+00 -5.38552e-03  9.93047e-01  9.97211e-01
 8.91000e+01  9.95816e-01 -5.31786e-03  1.48955e+00 -5.34021e-03  9.93034e-01  9.97206e-01
 8.92000e+01  9.95809e-01 -5.27260e-03  1.48953e+00 -5.29479e-03  9.93022e-01  9.97201e-01
 8.93000e+01  9.95802e-01 -5.22724e-03  1.48952e+00 -5.24927e-03  9.93010e-01  9.97196e-01
 8.94000e+01  9.95795e-01 -5.18177e-03  1.48950e+00 -5.20365e-03  9.92998e-01  9.97192e-01
 8.95000e+01  9.95788e-01 -5.13620e-03  1.48948e+00 -5.15793e-03  9.92986e-01  9.97187e-01
 8.96000e+01  9.95781e-01 -5.09054e-03  1.48946e+00 -5.11211e-03  9.92975e-01  9.97182e-01
 8.97000e+01  9.95774e-01 -5.04478e-03  1.48945e+00 -5.06619e-03  9.92963e-01  9.97178e-01
 8.98000e+01  9.95767e-01 -4.99892e-03  1.48943e+00 -5.02017e-03  9.92952e-01  9.97173e-01
 8.99000e+01  9.95760e-01 -4.95297e-03  1.48941e+00 -4.97406e-03  9.92941e-01  9.97169e-01
 9.00000e+01  9.95754e-01 -4.90692e-03  1.48939e+00 -4.92785e-03  9.92930e-01  9.97164e-01
 9.01000e+01  9.95747e-01 -4.86079e-03  1.48938e+00 -4.88155e-03  9.92919e-01  9.97160e-01
 9.02000e+01  9.95740e-01 -4.81456e-03  1.48936e+00 -4.83515e-03  9.92908e-01  9.97155e-01
 9.03000e+01  9.95734e-01 -4.76823e-03  1.48935e+00 -4.78866e-03  9.92897e-01  9.97151e-01
 9.04000e+01  9.95728e-01 -4.72182e-03  1.48933e+00 -4.74208e-03  9.92887e-01  9.97147e-01
 9.05000e+01  9.95721e-01 -4.67532e-03  1.48931e+00 -4.69541e-03  9.92876e-01  9.97143e-01
 9.06000e+01  9.95715e-01 -4.62874e-03  1.48930e+00 -4.64866e-03  9.92866e-01  9.97138e-01
 9.07000e+01  9.95709e-01 -4.58207e-03  1.48928e+00 -4.60181e-03  9.92856e-01  9.97134e-01
 9.08000e+01  9.95703e-01 -4.53531e-03  1.48927e+00 -4.55488e-03  9.92846e-01  9.97130e-01
 9.09000e+01  9.95697e-01 -4.48847e-03  1.48925e+00 -4.50786e-03  9.92836e-01  9.97126e-01
 9.10000e+01  9.95691e-01 -4.44154e-03  1.48924e+00 -4.46076e-03  9.92826e-01  9.97122e-01
 9.11000e+01  9.95685e-01 -4.39454e-03  1.48922e+00 -4.41358e-03  9.92816e-01  9.97119e-01
 9.12000e+01  9.95679e-01 -4.34745e-03  1.48921e+00 -4.36631e-03  9.92806e-01  9.97115e-01
 9.13000e+01  9.95674e-01 -4.30028e-03  1.48920e+00 -4.31897e-03  9.92797e-01  9.97111e-01
 9.14000e+01  9.95668e-01 -4.25303e-03  1.48918e+00 -4.27154e-03  9.92788e-01  9.97107e-01
 9.15000e+01  9.95662e-01 -4.20571e-03  1.48917e+00 -4.22403e-03  9.92778e-01  9.97103e-01
 9.16000e+01  9.95657e-01 -4.15831e-03  1.48915e+00 -4.17645e-03  9.92769e-01  9.97100e-01
 9.17000e+01  9.95651e-01 -4.11083e-03  1.48914e+00 -4.12879e-03  9.92760e-01  9.97096e-01
 9.18000e+01  9.95646e-01 -4.06328e-03  1.48913e+00 -4.08105e-03  9.92751e-01  9.97093e-01
 9.19000e+01  9.95641e-01 -4.01566e-03  1.48911e+00 -4.03324e-03  9.92743e-01  9.97089e-01
 9.20000e+01  9.95636e-01 -3.96796e-03  1.48910e+00 -3.98535e-03  9.92734e-01  9.97086e-01
 9.21000e+01  9.95630e-01 -3.92019e-03  1.48909e+00 -3.93739e-03  9.92726e-01  9.97082e-01
 9.22000e+01  9.95625e-01 -3.87235e-03  1.48908e+00 -3.88936e-03  9.92717e-01  9.97079e-01
 9.23000e+01  9.95620e-01 -3.82444e-03  1.48906e+00 -3.84126e-03  9.92709e-01  9.97076e-01
 9.24000e+01  9.95615e-01 -3.77646e-03  1.48905e+00 -3.79309e-03  9.92701e-01  9.97072e-01
 9.25000e+01  9.95611e-01 -3.72841e-03  1.48904e+00 -3.74485e-03  9.92693e-01  9.97069e-01
 9.26000e+01  9.95606e-01 -3.68030e-03  1.48903e+00 -3.69654e-03  9.92685e-01  9.97066e-01
 9.27000e+01  9.95601e-01 -3.63212e-03  1.48902e+00 -3.64817e-03  9.92677e-01  9.97063e-01
 9.28000e+01  9.95596e-01 -3.58388e-03  1.48900e+00 -3.59973e-03  9.92669e-01  9.97060e-01
 9.29000e+01  9.95592e-01 -3.53557e-03  1.48899e+00 -3.55123e-03  9.92662e-01  9.97057e-01
 9.30000e+01  9.95587e-01 -3.48720e-03  1.48898e+00 -3.50266e-03  9.92654e-01  9.97054e-01
 9.31000e+01  9.95583e-01 -3.43877e-03  1.48897e+00 -3.45403e-03  9.92647e-01  9.97051e-01
 9.32000e+01  9.95578e-01 -3.39028e-03  1.48896e+00 -3.40533e-03  9.92640e-01  9.97048e-01
 9.33000e+01  9.95574e-01 -3.34172e-03  1.48895e+00 -3.35658e-03  9.92632e-01  9.97045e-01
 9.34000e+01  9.95570e-01 -3.29311e-03  1.48894e+00 -3.30777e-03  9.92625e-01  9.97042e-01
 9.35000e+01  9.95566e-01 -3.24444e-03  1.48893e+00 -3.25889e-03  9.92619e-01  9.97040e-01
 9.36000e+01  9.95562e-01 -3.19572e-03  1.48892e+00 -3.20996e-03  9.92612e-01  9.97037e-01
 9.37000e+01  9.95558e-01 -3.14693e-03  1.48891e+00 -3.16098e-03  9.92605e-01  9.97034e-01
 9.38000e+01  9.95554e-01 -3.09810e-03  1.48890e+00 -3.11193e-03  9.92599e-01  9.97032e-01
 9.39000e+01  9.95550e-01 -3.04920e-03  1.48889e+00 -3.06283e-03  9.92592e-01  9.97029e-01
 9.40000e+01  9.95546e-01 -3.00026e-03  1.48888e+00 -3.01368e-03  9.92586e-01  9.97027e-01
 9.41000e+01  9.95542e-01 -2.95126e-03  1.48887e+00 -2.96448e-03  9.92580e-01  9.97024e-01
 9.42000e+01  9.95538e-01 -2.90221e-03  1.48886e+00 -2.91522e-03  9.92573e-01  9.97022e-01
 9.43000e+01  9.95535e-01 -2.85311e-03  1.48885e+00 -2.86591e-03  9.92567e-01  9.97019e-01
 9.44000e+01  9.95531e-01 -2.80396e-03  1.48884e+00 -2.81655e-03  9.92561e-01  9.97017e-01
 9.45000e+01  9.95528e-01 -2.75477e-03  1.48883e+00 -2.76714e-03  9.92556e-01  9.97015e-01
 9.46000e+01  9.95524e-01 -2.70552e-03  1.48883e+00 -2.71768e-03  9.92550e-01  9.97013e-01
 9.47000e+01  9.95521e-01 -2.65623e-03  1.48882e+00 -2.66818e-03  9.92544e-01  9.97010e-01
 9.48000e+01  9.95517e-01 -2.60689e-03  1.48881e+00 -2.61863e-03  9.92539e-01  9.97008e-01
 9.49000e+01  9.95514e-01 -2.55751e-03  1.48880e+00 -2.56903e-03  9.92534e-01  9.97006e-01
 9.50000e+01  9.95511e-01 -2.50808e-03  1.48879e+00 -2.51939e-03  9.92528e-01  9.97004e-01
 9.51000e+01  9.95508e-01 -2.45861e-03  1.48878e+00 -2.46970e-03  9.92523e-01  9.97002e-01
 9.52000e+01  9.95505e-01 -2.40910e-03  1.48878e+00 -2.41997e-03  9.92518e-01  9.97000e-01
 9.53000e+01  9.95502e-01 -2.35954e-03  1.48877e+00 -2.37020e-03  9.92513e-01  9.96998e-01
 9.54000e+01  9.95499e-01 -2.30995e-03  1.48876e+00 -2.32039e-03  9.92508e-01  9.96996e-01
 9.55000e+01  9.95496e-01 -2.26031e-03  1.48876e+00 -2.27054e-03  9.92504e-01  9.96994e-01
 9.56000e+01  9.95493e-01 -2.21064e-03  1.48875e+00 -2.22065e-03  9.92499e-01  9.96993e-01
 9.57000e+01  9.95490e-01 -2.16093e-03  1.48874e+00 -2.17072e-03  9.92495e-01  9.96991e-01
 9.58000e+01  9.95488e-01 -2.11118e-03  1.48874e+00 -2.12075e-03  9.92490e-01  9.96989e-01
 9.59000e+01  9.95485e-01 -2.06140e-03  1.48873e+00 -2.07075e-03  9.92486e-01  9.96987e-01
 9.60000e+01  9.95483e-01 -2.01158e-03  1.48872e+00 -2.02071e-03  9.92482e-01  9.96986e-01
 9.61000e+01  9.95480e-01 -1.96173e-03  1.48872e+00 -1.97064e-03  9.92478e-01  9.96984e-01
 9.62000e+01  9.95478e-01 -1.91184e-03  1.48871e+00 -1.92053e-03  9.92474e-01  9.96983e-01
 9.63000e+01  9.95475e-01 -1.86192e-03  1.48870e+00 -1.87039e-03  9.92470e-01  9.96981e-01
 9.64000e+01  9.95473e-01 -1.81197e-03  1.48870e+00 -1.82021e-03  9.92466e-01  9.96980e-01
 9.65000e+01  9.95471e-01 -1.76199e-03  1.48869e+00 -1.77001e-03  9.92463e-01  9.96978e-01
 9.66000e+01  9.95469e-01 -1.71198e-03  1.48869e+00 -1.71978e-03  9.92459e-01  9.96977e-01
 9.67000e+01  9.95466e-01 -1.66194e-03  1.48868e+00 -1.66951e-03  9.92456e-01  9.96975e-01
 9.68000e+01  9.95464e-01 -1.61187e-03  1.48868e+00 -1.61922e-03  9.92452e-01  9.96974e-01
 9.69000e+01  9.95462e-01 -1.56178e-03  1.48867e+00 -1.56890e-03  9.92449e-01  9.96973e-01
 9.70000e+01  9.95461e-01 -1.51166e-03  1.48867e+00 -1.51855e-03  9.92446e-01  9.96972e-01
 9.71000e+01  9.95459e-01 -1.46151e-03  1.48866e+00 -1.46818e-03  9.92443e-01  9.96970e-01
 9.72000e+01  9.95457e-01 -1.41134e-03  1.48866e+00 -1.41778e-03  9.92440e-01  9.96969e-01
 9.73000e+01  9.95455e-01 -1.36114e-03  1.48866e+00 -1.36736e-03  9.92437e-01  9.96968e-01
 9.74000e+01  9.95454e-01 -1.31093e-03  1.48865e+00 -1.31691e-03  9.92434e-01  9.96967e-01
 9.75000e+01  9.95452e-01 -1.26069e-03  1.48865e+00 -1.26645e-03  9.92432e-01  9.96966e-01
 9.76000e+01  9.95450e-01 -1.21042e-03  1.48864e+00 -1.21596e-03  9.92429e-01  9.96965e-01
 9.77000e+01  9.95449e-01 -1.16014e-03  1.48864e+00 -1.16545e-03  9.92427e-01  9.96964e-01
 9.78000e+01  9.95447e-01 -1.10984e-03  1.48864e+00 -1.11492e-03  9.92425e-01  9.96963e-01
 9.79000e+01  9.95446e-01 -1.05952e-03  1.48863e+00 -1.06437e-03  9.92422e-01  9.96962e-01
 9.80000e+01  9.95445e-01 -1.00918e-03  1.48863e+00 -1.01380e-03  9.92420e-01  9.96962e-01
 9.81000e+01  9.95444e-01 -9.58828e-04  1.48863e+00 -9.63216e-04  9.92418e-01  9.96961e-01
 9.82000e+01  9.95442e-01 -9.08457e-04  1.48862e+00 -9.12616e-04  9.92416e-01  9.96960e-01
 9.83000e+01  9.95441e-01 -8.58071e-04  1.48862e+00 -8.62000e-04  9.92415e-01  9.96959e-01
 9.84000e+01  9.95440e-01 -8.07670e-04  1.48862e+00 -8.11370e-04  9.92413e-01  9.96959e-01
 9.85000e+01  9.95439e-01 -7.57256e-04  1.48862e+00 -7.60726e-04  9.92411e-01  9.96958e-01
 9.86000e+01  9.95438e-01 -7.06830e-04  1.48861e+00 -7.10069e-04  9.92410e-01  9.96957e-01
 9.87000e+01  9.95438e-01 -6.56391e-04  1.48861e+00 -6.59400e-04  9.92408e-01  9.96957e-01
 9.88000e+01  9.95437e-01 -6.05942e-04  1.48861e+00 -6.08720e-04  9.92407e-01  9.96956e-01
 9.89000e+01  9.95436e-01 -5.55482e-04  1.48861e+00 -5.58029e-04  9.92406e-01  9.96956e-01
 9.90000e+01  9.95435e-01 -5.05013e-04  1.48861e+00 -5.07329e-04  9.92405e-01  9.96956e-01
 9.91000e+01  9.95435e-01 -4.54536e-04  1.48861e+00 -4.56621e-04  9.92404e-01  9.96955e-01
 9.92000e+01  9.95434e-01 -4.04051e-04  1.48860e+00 -4.05904e-04  9.92403e-01  9.96955e-01
 9.93000e+01  9.95434e-01 -3.53560e-04  1.48860e+00 -3.55181e-04  9.92402e-01  9.96955e-01
 9.94000e+01  9.95433e-01 -3.03062e-04  1.48860e+00 -3.04452e-04  9.92402e-01  9.96954e-01
 9.95000e+01  9.95433e-01 -2.52559e-04  1.48860e+00 -2.53718e-04  9.92401e-01  9.96954e-01
 9.96000e+01  9.95433e-01 -2.02053e-04  1.48860e+00 -2.02980e-04  9.92401e-01  9.96954e-01
 9.97000e+01  9.95433e-01 -1.51542e-04  1.48860e+00 -1.52238e-04  9.92400e-01  9.96954e-01
 9.98000e+01  9.95432e-01 -1.01030e-04  1.48860e+00 -1.01493e-04  9.92400e-01  9.96954e-01
 9.99000e+01  9.95432e-01 -5.05153e-05  1.48860e+00 -5.07471e-05  9.92400e-01  9.96954e-01
