 0.00000e+00  4.29174e-02 -1.36898e-15  2.76965e-03 -3.18980e-14  1.37033e-03 -3.59594e-04  7.16346e-02
 5.00000e-01  4.31693e-02 -3.14572e-04  2.78060e-03 -7.28693e-03  1.37222e-03 -3.54263e-04  7.17205e-02
 1.00000e+00  4.39248e-02 -6.25115e-04  2.81297e-03 -1.42315e-02  1.37743e-03 -3.38307e-04  7.19769e-02
 1.50000e+00  4.51825e-02 -9.27706e-04  2.86541e-03 -2.05324e-02  1.38458e-03 -3.11834e-04  7.24007e-02
 2.00000e+00  4.69400e-02 -1.21863e-03  2.93583e-03 -2.59614e-02  1.39151e-03 -2.75026e-04  7.29895e-02
 2.50000e+00  4.91926e-02 -1.49445e-03  3.02160e-03 -3.03796e-02  1.39545e-03 -2.28146e-04  7.37443e-02
 3.00000e+00  5.19326e-02 -1.75211e-03  3.11981e-03 -3.37382e-02  1.39329e-03 -1.71540e-04  7.46712e-02
 3.50000e+00  5.51489e-02 -1.98896e-03  3.22746e-03 -3.60652e-02  1.38177e-03 -1.05639e-04  7.57810e-02
 4.00000e+00  5.88262e-02 -2.20276e-03  3.34167e-03 -3.74452e-02  1.35771e-03 -3.09548e-05  7.70880e-02
 4.50000e+00  6.29454e-02 -2.39176e-03  3.45983e-03 -3.79974e-02  1.31822e-03  5.19223e-05  7.86073e-02
 5.00000e+00  6.74828e-02 -2.55462e-03  3.57962e-03 -3.78558e-02  1.26083e-03  1.42333e-04  8.03518e-02
 5.50000e+00  7.24114e-02 -2.69043e-03  3.69913e-03 -3.71548e-02  1.18368e-03  2.39558e-04  8.23309e-02
 6.00000e+00  7.77004e-02 -2.79868e-03  3.81681e-03 -3.60189e-02  1.08554e-03  3.42833e-04  8.45483e-02
 6.50000e+00  8.33164e-02 -2.87923e-03  3.93150e-03 -3.45578e-02  9.65960e-04  4.51356e-04  8.70027e-02
 7.00000e+00  8.92237e-02 -2.93227e-03  4.04244e-03 -3.28643e-02  8.25267e-04  5.64306e-04  8.96870e-02
 7.50000e+00  9.53852e-02 -2.95830e-03  4.14918e-03 -3.10143e-02  6.64578e-04  6.80848e-04  9.25896e-02
 8.00000e+00  1.01763e-01 -2.95809e-03  4.25158e-03 -2.90685e-02  4.85754e-04  8.00152e-04  9.56946e-02
 8.50000e+00  1.08317e-01 -2.93261e-03  4.34969e-03 -2.70742e-02  2.91309e-04  9.21396e-04  9.89829e-02
 9.00000e+00  1.15011e-01 -2.88308e-03  4.44369e-03 -2.50678e-02  8.42829e-05  1.04378e-03  1.02432e-01
 9.50000e+00  1.21806e-01 -2.81085e-03  4.53379e-03 -2.30763e-02 -1.31921e-04  1.16653e-03  1.06018e-01
 1.00000e+01  1.28666e-01 -2.71740e-03  4.62009e-03 -2.11197e-02 -3.53710e-04  1.28890e-03  1.09716e-01
 1.05000e+01  1.35556e-01 -2.60432e-03  4.70255e-03 -1.92121e-02 -5.77479e-04  1.41020e-03  1.13498e-01
 1.10000e+01  1.42442e-01 -2.47325e-03  4.78092e-03 -1.73633e-02 -7.99760e-04  1.52977e-03  1.17337e-01
 1.15000e+01  1.49292e-01 -2.32589e-03  4.85472e-03 -1.55795e-02 -1.01735e-03  1.64700e-03  1.21207e-01
 1.20000e+01  1.56079e-01 -2.16393e-03  4.92334e-03 -1.38644e-02 -1.22736e-03  1.76132e-03  1.25082e-01
 1.25000e+01  1.62774e-01 -1.98906e-03  4.98607e-03 -1.22198e-02 -1.42731e-03  1.87223e-03  1.28937e-01
 1.30000e+01  1.69353e-01 -1.80293e-03  5.04224e-03 -1.06460e-02 -1.61503e-03  1.97925e-03  1.32751e-01
 1.35000e+01  1.75793e-01 -1.60714e-03  5.09140e-03 -9.14227e-03 -1.78866e-03  2.08197e-03  1.36503e-01
 1.40000e+01  1.82074e-01 -1.40327e-03  5.13339e-03 -7.70717e-03 -1.94653e-03  2.18003e-03  1.40178e-01
 1.45000e+01  1.88177e-01 -1.19280e-03  5.16854e-03 -6.33873e-03 -2.08714e-03  2.27309e-03  1.43762e-01
 1.50000e+01  1.94088e-01 -9.77165e-04  5.19769e-03 -5.03466e-03 -2.20900e-03  2.36088e-03  1.47245e-01
 1.55000e+01  1.99791e-01 -7.57710e-04  5.22223e-03 -3.79251e-03 -2.31070e-03  2.44315e-03  1.50620e-01
 1.60000e+01  2.05275e-01 -5.35724e-04  5.24405e-03 -2.60978e-03 -2.39085e-03  2.51970e-03  1.53881e-01
 1.65000e+01  2.10531e-01 -3.12421e-04  5.26540e-03 -1.48397e-03 -2.44815e-03  2.59035e-03  1.57027e-01
 1.70000e+01  2.15550e-01 -8.89467e-05  5.28868e-03 -4.12650e-04 -2.48153e-03  2.65496e-03  1.60057e-01
 1.75000e+01  2.20327e-01  1.33622e-04  5.31629e-03  6.06472e-04 -2.49025e-03  2.71341e-03  1.62971e-01
 1.80000e+01  2.24858e-01  3.54275e-04  5.35036e-03  1.57555e-03 -2.47403e-03  2.76561e-03  1.65768e-01
 1.85000e+01  2.29141e-01  5.72064e-04  5.39256e-03  2.49656e-03 -2.43318e-03  2.81150e-03  1.68450e-01
 1.90000e+01  2.33176e-01  7.86107e-04  5.44395e-03  3.37131e-03 -2.36868e-03  2.85101e-03  1.71015e-01
 1.95000e+01  2.36963e-01  9.95579e-04  5.50494e-03  4.20141e-03 -2.28216e-03  2.88411e-03  1.73463e-01
 2.00000e+01  2.40507e-01  1.19972e-03  5.57523e-03  4.98828e-03 -2.17591e-03  2.91077e-03  1.75792e-01
 2.05000e+01  2.43811e-01  1.39781e-03  5.65392e-03  5.73316e-03 -2.05275e-03  2.93098e-03  1.78001e-01
 2.10000e+01  2.46881e-01  1.58920e-03  5.73958e-03  6.43710e-03 -1.91591e-03  2.94474e-03  1.80086e-01
 2.15000e+01  2.49723e-01  1.77327e-03  5.83046e-03  7.10097e-03 -1.76882e-03  2.95205e-03  1.82047e-01
 2.20000e+01  2.52344e-01  1.94946e-03  5.92459e-03  7.72543e-03 -1.61501e-03  2.95291e-03  1.83881e-01
 2.25000e+01  2.54752e-01  2.11724e-03  6.01998e-03  8.31099e-03 -1.45790e-03  2.94734e-03  1.85589e-01
 2.30000e+01  2.56955e-01  2.27610e-03  6.11474e-03  8.85797e-03 -1.30066e-03  2.93537e-03  1.87168e-01
 2.35000e+01  2.58962e-01  2.42558e-03  6.20716e-03  9.36653e-03 -1.14614e-03  2.91701e-03  1.88621e-01
 2.40000e+01  2.60781e-01  2.56521e-03  6.29581e-03  9.83665e-03 -9.96779e-04  2.89228e-03  1.89949e-01
 2.45000e+01  2.62420e-01  2.69457e-03  6.37957e-03  1.02682e-02 -8.54598e-04  2.86123e-03  1.91154e-01
 2.50000e+01  2.63889e-01  2.81324e-03  6.45761e-03  1.06607e-02 -7.21163e-04  2.82388e-03  1.92240e-01
 2.55000e+01  2.65194e-01  2.92081e-03  6.52941e-03  1.10138e-02 -5.97635e-04  2.78027e-03  1.93210e-01
 2.60000e+01  2.66345e-01  3.01687e-03  6.59470e-03  1.13269e-02 -4.84792e-04  2.73044e-03  1.94070e-01
 2.65000e+01  2.67348e-01  3.10105e-03  6.65344e-03  1.15993e-02 -3.83079e-04  2.67444e-03  1.94823e-01
 2.70000e+01  2.68212e-01  3.17295e-03  6.70576e-03  1.18300e-02 -2.92660e-04  2.61232e-03  1.95476e-01
 2.75000e+01  2.68944e-01  3.23220e-03  6.75195e-03  1.20182e-02 -2.13463e-04  2.54415e-03  1.96033e-01
 2.80000e+01  2.69549e-01  3.27846e-03  6.79239e-03  1.21627e-02 -1.45229e-04  2.46999e-03  1.96499e-01
 2.85000e+01  2.70036e-01  3.31137e-03  6.82752e-03  1.22627e-02 -8.75496e-05  2.38992e-03  1.96880e-01
 2.90000e+01  2.70411e-01  3.33062e-03  6.85786e-03  1.23169e-02 -3.99028e-05  2.30404e-03  1.97181e-01
 2.95000e+01  2.70679e-01  3.33589e-03  6.88390e-03  1.23241e-02 -1.68290e-06  2.21244e-03  1.97407e-01
 3.00000e+01  2.70847e-01  3.32691e-03  6.90619e-03  1.22834e-02  2.77778e-05  2.11526e-03  1.97564e-01
 3.05000e+01  2.70921e-01  3.30345e-03  6.92524e-03  1.21934e-02  4.91890e-05  2.01262e-03  1.97655e-01
 3.10000e+01  2.70906e-01  3.26530e-03  6.94156e-03  1.20533e-02  6.32876e-05  1.90469e-03  1.97686e-01
 3.15000e+01  2.70807e-01  3.21230e-03  6.95564e-03  1.18619e-02  7.08253e-05  1.79165e-03  1.97661e-01
 3.20000e+01  2.70631e-01  3.14434e-03  6.96795e-03  1.16185e-02  7.25580e-05  1.67369e-03  1.97586e-01
 3.25000e+01  2.70383e-01  3.06138e-03  6.97892e-03  1.13224e-02  6.92375e-05  1.55104e-03  1.97463e-01
 3.30000e+01  2.70068e-01  2.96342e-03  6.98898e-03  1.09729e-02  6.16036e-05  1.42397e-03  1.97298e-01
 3.35000e+01  2.69692e-01  2.85056e-03  6.99849e-03  1.05697e-02  5.03768e-05  1.29274e-03  1.97095e-01
 3.40000e+01  2.69260e-01  2.72295e-03  7.00780e-03  1.01127e-02  3.62522e-05  1.15768e-03  1.96857e-01
 3.45000e+01  2.68778e-01  2.58084e-03  7.01721e-03  9.60213e-03  1.98931e-05  1.01914e-03  1.96590e-01
 3.50000e+01  2.68250e-01  2.42455e-03  7.02700e-03  9.03840e-03  1.92482e-06  8.77487e-04  1.96297e-01
 3.55000e+01  2.67684e-01  2.25452e-03  7.03739e-03  8.42234e-03 -1.70708e-05  7.33147e-04  1.95982e-01
 3.60000e+01  2.67084e-01  2.07127e-03  7.04855e-03  7.75513e-03 -3.65606e-05  5.86566e-04  1.95650e-01
 3.65000e+01  2.66456e-01  1.87542e-03  7.06063e-03  7.03837e-03 -5.60655e-05  4.38231e-04  1.95303e-01
 3.70000e+01  2.65806e-01  1.66769e-03  7.07370e-03  6.27408e-03 -7.51645e-05  2.88662e-04  1.94946e-01
 3.75000e+01  2.65141e-01  1.44892e-03  7.08779e-03  5.46472e-03 -9.34986e-05  1.38415e-04  1.94582e-01
 3.80000e+01  2.64466e-01  1.22005e-03  7.10289e-03  4.61325e-03 -1.10774e-04 -1.19245e-05  1.94216e-01
 3.85000e+01  2.63787e-01  9.82100e-04  7.11892e-03  3.72307e-03 -1.26764e-04 -1.61737e-04  1.93850e-01
 3.90000e+01  2.63111e-01  7.36218e-04  7.13575e-03  2.79812e-03 -1.41310e-04 -3.10377e-04  1.93488e-01
 3.95000e+01  2.62444e-01  4.83630e-04  7.15320e-03  1.84279e-03 -1.54322e-04 -4.57174e-04  1.93134e-01
 4.00000e+01  2.61793e-01  2.25651e-04  7.17103e-03  8.61944e-04 -1.65778e-04 -6.01436e-04  1.92790e-01
 4.05000e+01  2.61163e-01 -3.63275e-05  7.18896e-03 -1.39099e-04 -1.75720e-04 -7.42458e-04  1.92460e-01
 4.10000e+01  2.60561e-01 -3.00845e-04  7.20665e-03 -1.15461e-03 -1.84253e-04 -8.79524e-04  1.92146e-01
 4.15000e+01  2.59992e-01 -5.66387e-04  7.22373e-03 -2.17848e-03 -1.91536e-04 -1.01191e-03  1.91851e-01
 4.20000e+01  2.59464e-01 -8.31401e-04  7.23979e-03 -3.20430e-03 -1.97783e-04 -1.13890e-03  1.91578e-01
 4.25000e+01  2.58982e-01 -1.09431e-03  7.25438e-03 -4.22541e-03 -2.03248e-04 -1.25979e-03  1.91329e-01
 4.30000e+01  2.58552e-01 -1.35352e-03  7.26704e-03 -5.23500e-03 -2.08222e-04 -1.37389e-03  1.91106e-01
 4.35000e+01  2.58178e-01 -1.60746e-03  7.27727e-03 -6.22617e-03 -2.13025e-04 -1.48053e-03  1.90910e-01
 4.40000e+01  2.57867e-01 -1.85459e-03  7.28459e-03 -7.19204e-03 -2.17992e-04 -1.57907e-03  1.90744e-01
 4.45000e+01  2.57622e-01 -2.09340e-03  7.28849e-03 -8.12586e-03 -2.23468e-04 -1.66894e-03  1.90609e-01
 4.50000e+01  2.57448e-01 -2.32247e-03  7.28849e-03 -9.02111e-03 -2.29796e-04 -1.74959e-03  1.90506e-01
 4.55000e+01  2.57350e-01 -2.54046e-03  7.28411e-03 -9.87161e-03 -2.37305e-04 -1.82053e-03  1.90436e-01
 4.60000e+01  2.57329e-01 -2.74612e-03  7.27491e-03 -1.06716e-02 -2.46308e-04 -1.88135e-03  1.90400e-01
 4.65000e+01  2.57389e-01 -2.93834e-03  7.26048e-03 -1.14160e-02 -2.57085e-04 -1.93170e-03  1.90398e-01
 4.70000e+01  2.57533e-01 -3.11616e-03  7.24044e-03 -1.21001e-02 -2.69881e-04 -1.97129e-03  1.90431e-01
 4.75000e+01  2.57760e-01 -3.27873e-03  7.21446e-03 -1.27201e-02 -2.84898e-04 -1.99994e-03  1.90500e-01
 4.80000e+01  2.58073e-01 -3.42541e-03  7.18227e-03 -1.32730e-02 -3.02291e-04 -2.01753e-03  1.90602e-01
 4.85000e+01  2.58472e-01 -3.55569e-03  7.14365e-03 -1.37566e-02 -3.22166e-04 -2.02405e-03  1.90740e-01
 4.90000e+01  2.58955e-01 -3.66928e-03  7.09843e-03 -1.41695e-02 -3.44576e-04 -2.01955e-03  1.90911e-01
 4.95000e+01  2.59523e-01 -3.76602e-03  7.04650e-03 -1.45113e-02 -3.69524e-04 -2.00418e-03  1.91116e-01
 5.00000e+01  2.60172e-01 -3.84597e-03  6.98783e-03 -1.47824e-02 -3.96969e-04 -1.97817e-03  1.91354e-01
 5.05000e+01  2.60902e-01 -3.90936e-03  6.92241e-03 -1.49840e-02 -4.26823e-04 -1.94184e-03  1.91623e-01
 5.10000e+01  2.61707e-01 -3.95657e-03  6.85030e-03 -1.51183e-02 -4.58966e-04 -1.89559e-03  1.91922e-01
 5.15000e+01  2.62586e-01 -3.98817e-03  6.77161e-03 -1.51881e-02 -4.93249e-04 -1.83988e-03  1.92249e-01
 5.20000e+01  2.63533e-01 -4.00486e-03  6.68647e-03 -1.51968e-02 -5.29506e-04 -1.77525e-03  1.92604e-01
 5.25000e+01  2.64544e-01 -4.00749e-03  6.59506e-03 -1.51487e-02 -5.67565e-04 -1.70229e-03  1.92982e-01
 5.30000e+01  2.65613e-01 -3.99703e-03  6.49758e-03 -1.50483e-02 -6.07259e-04 -1.62166e-03  1.93384e-01
 5.35000e+01  2.66735e-01 -3.97455e-03  6.39422e-03 -1.49007e-02 -6.48440e-04 -1.53404e-03  1.93805e-01
 5.40000e+01  2.67904e-01 -3.94122e-03  6.28522e-03 -1.47113e-02 -6.90990e-04 -1.44015e-03  1.94243e-01
 5.45000e+01  2.69114e-01 -3.89825e-03  6.17077e-03 -1.44855e-02 -7.34835e-04 -1.34077e-03  1.94696e-01
 5.50000e+01  2.70357e-01 -3.84694e-03  6.05108e-03 -1.42291e-02 -7.79956e-04 -1.23665e-03  1.95159e-01
 5.55000e+01  2.71626e-01 -3.78860e-03  5.92632e-03 -1.39478e-02 -8.26401e-04 -1.12858e-03  1.95629e-01
 5.60000e+01  2.72915e-01 -3.72454e-03  5.79666e-03 -1.36473e-02 -8.74290e-04 -1.01735e-03  1.96103e-01
 5.65000e+01  2.74215e-01 -3.65609e-03  5.66222e-03 -1.33329e-02 -9.23832e-04 -9.03733e-04  1.96576e-01
 5.70000e+01  2.75521e-01 -3.58454e-03  5.52309e-03 -1.30101e-02 -9.75320e-04 -7.88491e-04  1.97044e-01
 5.75000e+01  2.76822e-01 -3.51117e-03  5.37932e-03 -1.26838e-02 -1.02914e-03 -6.72366e-04  1.97503e-01
 5.80000e+01  2.78113e-01 -3.43718e-03  5.23094e-03 -1.23589e-02 -1.08579e-03 -5.56075e-04  1.97948e-01
 5.85000e+01  2.79385e-01 -3.36371e-03  5.07794e-03 -1.20397e-02 -1.14582e-03 -4.40299e-04  1.98374e-01
 5.90000e+01  2.80630e-01 -3.29186e-03  4.92027e-03 -1.17302e-02 -1.20992e-03 -3.25685e-04  1.98775e-01
 5.95000e+01  2.81840e-01 -3.22260e-03  4.75788e-03 -1.14342e-02 -1.27882e-03 -2.12835e-04  1.99148e-01
 6.00000e+01  2.83007e-01 -3.15686e-03  4.59069e-03 -1.11547e-02 -1.35335e-03 -1.02310e-04  1.99485e-01
 6.05000e+01  2.84122e-01 -3.09543e-03  4.41865e-03 -1.08947e-02 -1.43437e-03  5.37587e-06  1.99783e-01
 6.10000e+01  2.85178e-01 -3.03904e-03  4.24168e-03 -1.06566e-02 -1.52281e-03  1.09759e-04  2.00034e-01
 6.15000e+01  2.86165e-01 -2.98829e-03  4.05977e-03 -1.04426e-02 -1.61960e-03  2.10423e-04  2.00234e-01
 6.20000e+01  2.87075e-01 -2.94371e-03  3.87294e-03 -1.02541e-02 -1.72567e-03  3.07003e-04  2.00377e-01
 6.25000e+01  2.87900e-01 -2.90569e-03  3.68127e-03 -1.00927e-02 -1.84194e-03  3.99181e-04  2.00457e-01
 6.30000e+01  2.88629e-01 -2.87456e-03  3.48495e-03 -9.95937e-03 -1.96926e-03  4.86692e-04  2.00469e-01
 6.35000e+01  2.89254e-01 -2.85053e-03  3.28425e-03 -9.85475e-03 -2.10837e-03  5.69314e-04  2.00406e-01
 6.40000e+01  2.89765e-01 -2.83371e-03  3.07960e-03 -9.77932e-03 -2.25993e-03  6.46874e-04  2.00262e-01
 6.45000e+01  2.90153e-01 -2.82413e-03  2.87157e-03 -9.73325e-03 -2.42439e-03  7.19244e-04  2.00033e-01
 6.50000e+01  2.90406e-01 -2.82173e-03  2.66090e-03 -9.71650e-03 -2.60203e-03  7.86337e-04  1.99712e-01
 6.55000e+01  2.90514e-01 -2.82637e-03  2.44854e-03 -9.72885e-03 -2.79286e-03  8.48104e-04  1.99295e-01
 6.60000e+01  2.90468e-01 -2.83783e-03  2.23565e-03 -9.76988e-03 -2.99664e-03  9.04536e-04  1.98776e-01
 6.65000e+01  2.90254e-01 -2.85582e-03  2.02360e-03 -9.83903e-03 -3.21277e-03  9.55658e-04  1.98151e-01
 6.70000e+01  2.89862e-01 -2.87997e-03  1.81401e-03 -9.93563e-03 -3.44031e-03  1.00152e-03  1.97414e-01
 6.75000e+01  2.89281e-01 -2.90985e-03  1.60874e-03 -1.00589e-02 -3.67793e-03  1.04222e-03  1.96561e-01
 6.80000e+01  2.88497e-01 -2.94498e-03  1.40986e-03 -1.02080e-02 -3.92384e-03  1.07786e-03  1.95589e-01
 6.85000e+01  2.87500e-01 -2.98481e-03  1.21968e-03 -1.03820e-02 -4.17586e-03  1.10858e-03  1.94495e-01
 6.90000e+01  2.86276e-01 -3.02877e-03  1.04072e-03 -1.05799e-02 -4.43129e-03  1.13452e-03  1.93274e-01
 6.95000e+01  2.84814e-01 -3.07620e-03  8.75624e-04 -1.08007e-02 -4.68703e-03  1.15587e-03  1.91925e-01
 7.00000e+01  2.83101e-01 -3.12643e-03  7.27195e-04 -1.10435e-02 -4.93951e-03  1.17281e-03  1.90446e-01
 7.05000e+01  2.81126e-01 -3.17875e-03  5.98280e-04 -1.13072e-02 -5.18476e-03  1.18555e-03  1.88836e-01
 7.10000e+01  2.78877e-01 -3.23241e-03  4.91727e-04 -1.15908e-02 -5.41846e-03  1.19428e-03  1.87094e-01
 7.15000e+01  2.76344e-01 -3.28663e-03  4.10299e-04 -1.18933e-02 -5.63600e-03  1.19923e-03  1.85219e-01
 7.20000e+01  2.73516e-01 -3.34062e-03  3.56591e-04 -1.22136e-02 -5.83257e-03  1.20063e-03  1.83213e-01
 7.25000e+01  2.70385e-01 -3.39357e-03  3.32927e-04 -1.25509e-02 -6.00328e-03  1.19870e-03  1.81077e-01
 7.30000e+01  2.66943e-01 -3.44465e-03  3.41266e-04 -1.29041e-02 -6.14328e-03  1.19368e-03  1.78814e-01
 7.35000e+01  2.63183e-01 -3.49304e-03  3.83092e-04 -1.32723e-02 -6.24792e-03  1.18580e-03  1.76426e-01
 7.40000e+01  2.59103e-01 -3.53790e-03  4.59325e-04 -1.36544e-02 -6.31289e-03  1.17528e-03  1.73917e-01
 7.45000e+01  2.54697e-01 -3.57842e-03  5.70220e-04 -1.40497e-02 -6.33438e-03  1.16237e-03  1.71291e-01
 7.50000e+01  2.49968e-01 -3.61379e-03  7.15294e-04 -1.44570e-02 -6.30925e-03  1.14730e-03  1.68553e-01
 7.55000e+01  2.44916e-01 -3.64323e-03  8.93266e-04 -1.48754e-02 -6.23521e-03  1.13028e-03  1.65709e-01
 7.60000e+01  2.39546e-01 -3.66600e-03  1.10202e-03 -1.53040e-02 -6.11089e-03  1.11154e-03  1.62764e-01
 7.65000e+01  2.33866e-01 -3.68140e-03  1.33859e-03 -1.57415e-02 -5.93604e-03  1.09131e-03  1.59726e-01
 7.70000e+01  2.27886e-01 -3.68876e-03  1.59920e-03 -1.61869e-02 -5.71154e-03  1.06979e-03  1.56602e-01
 7.75000e+01  2.21620e-01 -3.68751e-03  1.87931e-03 -1.66389e-02 -5.43947e-03  1.04720e-03  1.53400e-01
 7.80000e+01  2.15083e-01 -3.67712e-03  2.17370e-03 -1.70963e-02 -5.12311e-03  1.02375e-03  1.50127e-01
 7.85000e+01  2.08297e-01 -3.65716e-03  2.47661e-03 -1.75574e-02 -4.76689e-03  9.99627e-04  1.46791e-01
 7.90000e+01  2.01282e-01 -3.62726e-03  2.78189e-03 -1.80208e-02 -4.37626e-03  9.75042e-04  1.43402e-01
 7.95000e+01  1.94065e-01 -3.58718e-03  3.08320e-03 -1.84844e-02 -3.95758e-03  9.50180e-04  1.39968e-01
 8.00000e+01  1.86674e-01 -3.53677e-03  3.37416e-03 -1.89463e-02 -3.51792e-03  9.25229e-04  1.36499e-01
 8.05000e+01  1.79138e-01 -3.47600e-03  3.64863e-03 -1.94040e-02 -3.06481e-03  9.00367e-04  1.33004e-01
 8.10000e+01  1.71492e-01 -3.40494e-03  3.90085e-03 -1.98548e-02 -2.60602e-03  8.75766e-04  1.29492e-01
 8.15000e+01  1.63769e-01 -3.32379e-03  4.12566e-03 -2.02956e-02 -2.14931e-03  8.51593e-04  1.25974e-01
 8.20000e+01  1.56005e-01 -3.23287e-03  4.31870e-03 -2.07229e-02 -1.70214e-03  8.28002e-04  1.22459e-01
 8.25000e+01  1.48237e-01 -3.13264e-03  4.47651e-03 -2.11327e-02 -1.27148e-03  8.05141e-04  1.18957e-01
 8.30000e+01  1.40502e-01 -3.02366e-03  4.59665e-03 -2.15204e-02 -8.63543e-04  7.83143e-04  1.15479e-01
 8.35000e+01  1.32837e-01 -2.90660e-03  4.67775e-03 -2.18809e-02 -4.83653e-04  7.62132e-04  1.12034e-01
 8.40000e+01  1.25280e-01 -2.78226e-03  4.71952e-03 -2.22084e-02 -1.36102e-04  7.42214e-04  1.08634e-01
 8.45000e+01  1.17864e-01 -2.65154e-03  4.72272e-03 -2.24966e-02  1.75930e-04  7.23481e-04  1.05289e-01
 8.50000e+01  1.10625e-01 -2.51540e-03  4.68906e-03 -2.27382e-02  4.50399e-04  7.06006e-04  1.02008e-01
 8.55000e+01  1.03593e-01 -2.37493e-03  4.62110e-03 -2.29256e-02  6.86384e-04  6.89844e-04  9.88007e-02
 8.60000e+01  9.67978e-02 -2.23122e-03  4.52211e-03 -2.30503e-02  8.84015e-04  6.75027e-04  9.56765e-02
 8.65000e+01  9.02658e-02 -2.08545e-03  4.39590e-03 -2.31035e-02  1.04438e-03  6.61567e-04  9.26436e-02
 8.70000e+01  8.40196e-02 -1.93881e-03  4.24669e-03 -2.30757e-02  1.16940e-03  6.49453e-04  8.97091e-02
 8.75000e+01  7.80784e-02 -1.79250e-03  4.07888e-03 -2.29577e-02  1.26167e-03  6.38650e-04  8.68795e-02
 8.80000e+01  7.24575e-02 -1.64768e-03  3.89696e-03 -2.27400e-02  1.32430e-03  6.29103e-04  8.41601e-02
 8.85000e+01  6.71684e-02 -1.50551e-03  3.70531e-03 -2.24140e-02  1.36078e-03  6.20734e-04  8.15553e-02
 8.90000e+01  6.22184e-02 -1.36706e-03  3.50814e-03 -2.19720e-02  1.37478e-03  6.13447e-04  7.90685e-02
 8.95000e+01  5.76109e-02 -1.23333e-03  3.30931e-03 -2.14080e-02  1.37001e-03  6.07129e-04  7.67022e-02
 9.00000e+01  5.33455e-02 -1.10523e-03  3.11230e-03 -2.07184e-02  1.35011e-03  6.01654e-04  7.44585e-02
 9.05000e+01  4.94181e-02 -9.83539e-04  2.92010e-03 -1.99024e-02  1.31853e-03  5.96888e-04  7.23386e-02
 9.10000e+01  4.58213e-02 -8.68916e-04  2.73525e-03 -1.89631e-02  1.27842e-03  5.92694e-04  7.03434e-02
 9.15000e+01  4.25450e-02 -7.61882e-04  2.55974e-03 -1.79077e-02  1.23258e-03  5.88936e-04  6.84736e-02
 9.20000e+01  3.95765e-02 -6.62815e-04  2.39507e-03 -1.67477e-02  1.18344e-03  5.85483e-04  6.67294e-02
 9.25000e+01  3.69008e-02 -5.71943e-04  2.24229e-03 -1.54994e-02  1.13302e-03  5.82220e-04  6.51107e-02
 9.30000e+01  3.45021e-02 -4.89352e-04  2.10198e-03 -1.41833e-02  1.08296e-03  5.79047e-04  6.36169e-02
 9.35000e+01  3.23629e-02 -4.14992e-04  1.97439e-03 -1.28231e-02  1.03452e-03  5.75886e-04  6.22472e-02
 9.40000e+01  3.04660e-02 -3.48681e-04  1.85945e-03 -1.14449e-02  9.88643e-04  5.72684e-04  6.09999e-02
 9.45000e+01  2.87935e-02 -2.90124e-04  1.75686e-03 -1.00760e-02  9.45993e-04  5.69415e-04  5.98728e-02
 9.50000e+01  2.73286e-02 -2.38922e-04  1.66612e-03 -8.74258e-03  9.06993e-04  5.66079e-04  5.88632e-02
 9.55000e+01  2.60549e-02 -1.94592e-04  1.58665e-03 -7.46856e-03  8.71885e-04  5.62703e-04  5.79675e-02
 9.60000e+01  2.49571e-02 -1.56578e-04  1.51779e-03 -6.27387e-03  8.40769e-04  5.59340e-04  5.71820e-02
 9.65000e+01  2.40216e-02 -1.24268e-04  1.45888e-03 -5.17318e-03  8.13648e-04  5.56059e-04  5.65024e-02
 9.70000e+01  2.32358e-02 -9.70083e-05  1.40927e-03 -4.17495e-03  7.90458e-04  5.52947e-04  5.59244e-02
 9.75000e+01  2.25890e-02 -7.41138e-05  1.36837e-03 -3.28096e-03  7.71102e-04  5.50095e-04  5.54438e-02
 9.80000e+01  2.20722e-02 -5.48779e-05  1.33565e-03 -2.48629e-03  7.55465e-04  5.47601e-04  5.50565e-02
 9.85000e+01  2.16779e-02 -3.85801e-05  1.31067e-03 -1.77970e-03  7.43437e-04  5.45553e-04  5.47592e-02
 9.90000e+01  2.14003e-02 -2.44911e-05  1.29307e-03 -1.14443e-03  7.34920e-04  5.44029e-04  5.45490e-02
 9.95000e+01  2.12354e-02 -1.18766e-05  1.28262e-03 -5.59285e-04  7.29841e-04  5.43089e-04  5.44237e-02
 1.00000e+02  2.11807e-02 -8.93987e-16  1.27915e-03 -4.22077e-14  7.28154e-04  5.42772e-04  5.43821e-02
 1.00500e+02  2.12354e-02  1.18766e-05  1.28262e-03  5.59285e-04  7.29841e-04  5.43089e-04  5.44237e-02
 1.01000e+02  2.14003e-02  2.44911e-05  1.29307e-03  1.14443e-03  7.34920e-04  5.44029e-04  5.45490e-02
 1.01500e+02  2.16779e-02  3.85801e-05  1.31067e-03  1.77970e-03  7.43437e-04  5.45553e-04  5.47592e-02
 1.02000e+02  2.20722e-02  5.48779e-05  1.33565e-03  2.48629e-03  7.55465e-04  5.47601e-04  5.50565e-02
 1.02500e+02  2.25890e-02  7.41138e-05  1.36837e-03  3.28096e-03  7.71102e-04  5.50095e-04  5.54438e-02
 1.03000e+02  2.32358e-02  9.70083e-05  1.40927e-03  4.17495e-03  7.90458e-04  5.52947e-04  5.59244e-02
 1.03500e+02  2.40216e-02  1.24268e-04  1.45888e-03  5.17318e-03  8.13648e-04  5.56059e-04  5.65024e-02
 1.04000e+02  2.49571e-02  1.56578e-04  1.51779e-03  6.27387e-03  8.40769e-04  5.59340e-04  5.71820e-02
 1.04500e+02  2.60549e-02  1.94592e-04  1.58665e-03  7.46856e-03  8.71885e-04  5.62703e-04  5.79675e-02
 1.05000e+02  2.73286e-02  2.38922e-04  1.66612e-03  8.74258e-03  9.06993e-04  5.66079e-04  5.88632e-02
 1.05500e+02  2.87935e-02  2.90124e-04  1.75686e-03  1.00760e-02  9.45993e-04  5.69415e-04  5.98728e-02
 1.06000e+02  3.04660e-02  3.48681e-04  1.85945e-03  1.14449e-02  9.88643e-04  5.72684e-04  6.09999e-02
 1.06500e+02  3.23629e-02  4.14992e-04  1.97439e-03  1.28231e-02  1.03452e-03  5.75886e-04  6.22472e-02
 1.07000e+02  3.45021e-02  4.89352e-04  2.10198e-03  1.41833e-02  1.08296e-03  5.79047e-04  6.36169e-02
 1.07500e+02  3.69008e-02  5.71943e-04  2.24229e-03  1.54994e-02  1.13302e-03  5.82220e-04  6.51107e-02
 1.08000e+02  3.95765e-02  6.62815e-04  2.39507e-03  1.67477e-02  1.18344e-03  5.85483e-04  6.67294e-02
 1.08500e+02  4.25450e-02  7.61882e-04  2.55974e-03  1.79077e-02  1.23258e-03  5.88936e-04  6.84736e-02
 1.09000e+02  4.58213e-02  8.68916e-04  2.73525e-03  1.89631e-02  1.27842e-03  5.92694e-04  7.03434e-02
 1.09500e+02  4.94181e-02  9.83539e-04  2.92010e-03  1.99024e-02  1.31853e-03  5.96888e-04  7.23386e-02
 1.10000e+02  5.33455e-02  1.10523e-03  3.11230e-03  2.07184e-02  1.35011e-03  6.01654e-04  7.44585e-02
 1.10500e+02  5.76109e-02  1.23333e-03  3.30931e-03  2.14080e-02  1.37001e-03  6.07129e-04  7.67022e-02
 1.11000e+02  6.22184e-02  1.36706e-03  3.50814e-03  2.19720e-02  1.37478e-03  6.13447e-04  7.90685e-02
 1.11500e+02  6.71684e-02  1.50551e-03  3.70531e-03  2.24140e-02  1.36078e-03  6.20734e-04  8.15553e-02
 1.12000e+02  7.24575e-02  1.64768e-03  3.89696e-03  2.27400e-02  1.32430e-03  6.29103e-04  8.41601e-02
 1.12500e+02  7.80784e-02  1.79250e-03  4.07888e-03  2.29577e-02  1.26167e-03  6.38650e-04  8.68795e-02
 1.13000e+02  8.40196e-02  1.93881e-03  4.24669e-03  2.30757e-02  1.16940e-03  6.49453e-04  8.97091e-02
 1.13500e+02  9.02658e-02  2.08545e-03  4.39590e-03  2.31035e-02  1.04438e-03  6.61567e-04  9.26436e-02
 1.14000e+02  9.67978e-02  2.23122e-03  4.52211e-03  2.30503e-02  8.84015e-04  6.75027e-04  9.56765e-02
 1.14500e+02  1.03593e-01  2.37493e-03  4.62110e-03  2.29256e-02  6.86384e-04  6.89844e-04  9.88007e-02
 1.15000e+02  1.10625e-01  2.51540e-03  4.68906e-03  2.27382e-02  4.50399e-04  7.06006e-04  1.02008e-01
 1.15500e+02  1.17864e-01  2.65154e-03  4.72272e-03  2.24966e-02  1.75930e-04  7.23481e-04  1.05289e-01
 1.16000e+02  1.25280e-01  2.78226e-03  4.71952e-03  2.22084e-02 -1.36102e-04  7.42214e-04  1.08634e-01
 1.16500e+02  1.32837e-01  2.90660e-03  4.67775e-03  2.18809e-02 -4.83653e-04  7.62132e-04  1.12034e-01
 1.17000e+02  1.40502e-01  3.02366e-03  4.59665e-03  2.15204e-02 -8.63543e-04  7.83143e-04  1.15479e-01
 1.17500e+02  1.48237e-01  3.13264e-03  4.47651e-03  2.11327e-02 -1.27148e-03  8.05141e-04  1.18957e-01
 1.18000e+02  1.56005e-01  3.23287e-03  4.31870e-03  2.07229e-02 -1.70214e-03  8.28002e-04  1.22459e-01
 1.18500e+02  1.63769e-01  3.32379e-03  4.12566e-03  2.02956e-02 -2.14931e-03  8.51593e-04  1.25974e-01
 1.19000e+02  1.71492e-01  3.40494e-03  3.90085e-03  1.98548e-02 -2.60602e-03  8.75766e-04  1.29492e-01
 1.19500e+02  1.79138e-01  3.47600e-03  3.64863e-03  1.94040e-02 -3.06481e-03  9.00367e-04  1.33004e-01
 1.20000e+02  1.86674e-01  3.53677e-03  3.37416e-03  1.89463e-02 -3.51792e-03  9.25229e-04  1.36499e-01
 1.20500e+02  1.94065e-01  3.58718e-03  3.08320e-03  1.84844e-02 -3.95758e-03  9.50180e-04  1.39968e-01
 1.21000e+02  2.01282e-01  3.62726e-03  2.78189e-03  1.80208e-02 -4.37626e-03  9.75042e-04  1.43402e-01
 1.21500e+02  2.08297e-01  3.65716e-03  2.47661e-03  1.75574e-02 -4.76689e-03  9.99627e-04  1.46791e-01
 1.22000e+02  2.15083e-01  3.67712e-03  2.17370e-03  1.70963e-02 -5.12311e-03  1.02375e-03  1.50127e-01
 1.22500e+02  2.21620e-01  3.68751e-03  1.87931e-03  1.66389e-02 -5.43947e-03  1.04720e-03  1.53400e-01
 1.23000e+02  2.27886e-01  3.68876e-03  1.59920e-03  1.61869e-02 -5.71154e-03  1.06979e-03  1.56602e-01
 1.23500e+02  2.33866e-01  3.68140e-03  1.33859e-03  1.57415e-02 -5.93604e-03  1.09131e-03  1.59726e-01
 1.24000e+02  2.39546e-01  3.66600e-03  1.10202e-03  1.53040e-02 -6.11089e-03  1.11154e-03  1.62764e-01
 1.24500e+02  2.44916e-01  3.64323e-03  8.93266e-04  1.48754e-02 -6.23521e-03  1.13028e-03  1.65709e-01
 1.25000e+02  2.49968e-01  3.61379e-03  7.15294e-04  1.44570e-02 -6.30925e-03  1.14730e-03  1.68553e-01
 1.25500e+02  2.54697e-01  3.57842e-03  5.70220e-04  1.40497e-02 -6.33438e-03  1.16237e-03  1.71291e-01
 1.26000e+02  2.59103e-01  3.53790e-03  4.59325e-04  1.36544e-02 -6.31289e-03  1.17528e-03  1.73917e-01
 1.26500e+02  2.63183e-01  3.49304e-03  3.83092e-04  1.32723e-02 -6.24792e-03  1.18580e-03  1.76426e-01
 1.27000e+02  2.66943e-01  3.44465e-03  3.41266e-04  1.29041e-02 -6.14328e-03  1.19368e-03  1.78814e-01
 1.27500e+02  2.70385e-01  3.39357e-03  3.32927e-04  1.25509e-02 -6.00328e-03  1.19870e-03  1.81077e-01
 1.28000e+02  2.73516e-01  3.34062e-03  3.56591e-04  1.22136e-02 -5.83257e-03  1.20063e-03  1.83213e-01
 1.28500e+02  2.76344e-01  3.28663e-03  4.10299e-04  1.18933e-02 -5.63600e-03  1.19923e-03  1.85219e-01
 1.29000e+02  2.78877e-01  3.23241e-03  4.91727e-04  1.15908e-02 -5.41846e-03  1.19428e-03  1.87094e-01
 1.29500e+02  2.81126e-01  3.17875e-03  5.98280e-04  1.13072e-02 -5.18476e-03  1.18555e-03  1.88836e-01
 1.30000e+02  2.83101e-01  3.12643e-03  7.27195e-04  1.10435e-02 -4.93951e-03  1.17281e-03  1.90446e-01
 1.30500e+02  2.84814e-01  3.07620e-03  8.75624e-04  1.08007e-02 -4.68703e-03  1.15587e-03  1.91925e-01
 1.31000e+02  2.86276e-01  3.02877e-03  1.04072e-03  1.05799e-02 -4.43129e-03  1.13452e-03  1.93274e-01
 1.31500e+02  2.87500e-01  2.98481e-03  1.21968e-03  1.03820e-02 -4.17586e-03  1.10858e-03  1.94495e-01
 1.32000e+02  2.88497e-01  2.94498e-03  1.40986e-03  1.02080e-02 -3.92384e-03  1.07786e-03  1.95589e-01
 1.32500e+02  2.89281e-01  2.90985e-03  1.60874e-03  1.00589e-02 -3.67793e-03  1.04222e-03  1.96561e-01
 1.33000e+02  2.89862e-01  2.87997e-03  1.81401e-03  9.93563e-03 -3.44031e-03  1.00152e-03  1.97414e-01
 1.33500e+02  2.90254e-01  2.85582e-03  2.02360e-03  9.83903e-03 -3.21277e-03  9.55658e-04  1.98151e-01
 1.34000e+02  2.90468e-01  2.83783e-03  2.23565e-03  9.76988e-03 -2.99664e-03  9.04536e-04  1.98776e-01
 1.34500e+02  2.90514e-01  2.82637e-03  2.44854e-03  9.72885e-03 -2.79286e-03  8.48104e-04  1.99295e-01
 1.35000e+02  2.90406e-01  2.82173e-03  2.66090e-03  9.71650e-03 -2.60203e-03  7.86337e-04  1.99712e-01
 1.35500e+02  2.90153e-01  2.82413e-03  2.87157e-03  9.73325e-03 -2.42439e-03  7.19244e-04  2.00033e-01
 1.36000e+02  2.89765e-01  2.83371e-03  3.07960e-03  9.77932e-03 -2.25993e-03  6.46874e-04  2.00262e-01
 1.36500e+02  2.89254e-01  2.85053e-03  3.28425e-03  9.85475e-03 -2.10837e-03  5.69314e-04  2.00406e-01
 1.37000e+02  2.88629e-01  2.87456e-03  3.48495e-03  9.95937e-03 -1.96926e-03  4.86692e-04  2.00469e-01
 1.37500e+02  2.87900e-01  2.90569e-03  3.68127e-03  1.00927e-02 -1.84194e-03  3.99181e-04  2.00457e-01
 1.38000e+02  2.87075e-01  2.94371e-03  3.87294e-03  1.02541e-02 -1.72567e-03  3.07003e-04  2.00377e-01
 1.38500e+02  2.86165e-01  2.98829e-03  4.05977e-03  1.04426e-02 -1.61960e-03  2.10423e-04  2.00234e-01
 1.39000e+02  2.85178e-01  3.03904e-03  4.24168e-03  1.06566e-02 -1.52281e-03  1.09759e-04  2.00034e-01
 1.39500e+02  2.84122e-01  3.09543e-03  4.41865e-03  1.08947e-02 -1.43437e-03  5.37587e-06  1.99783e-01
 1.40000e+02  2.83007e-01  3.15686e-03  4.59069e-03  1.11547e-02 -1.35335e-03 -1.02310e-04  1.99485e-01
 1.40500e+02  2.81840e-01  3.22260e-03  4.75788e-03  1.14342e-02 -1.27882e-03 -2.12835e-04  1.99148e-01
 1.41000e+02  2.80630e-01  3.29186e-03  4.92027e-03  1.17302e-02 -1.20992e-03 -3.25685e-04  1.98775e-01
 1.41500e+02  2.79385e-01  3.36371e-03  5.07794e-03  1.20397e-02 -1.14582e-03 -4.40299e-04  1.98374e-01
 1.42000e+02  2.78113e-01  3.43718e-03  5.23094e-03  1.23589e-02 -1.08579e-03 -5.56075e-04  1.97948e-01
 1.42500e+02  2.76822e-01  3.51117e-03  5.37932e-03  1.26838e-02 -1.02914e-03 -6.72366e-04  1.97503e-01
 1.43000e+02  2.75521e-01  3.58454e-03  5.52309e-03  1.30101e-02 -9.75320e-04 -7.88491e-04  1.97044e-01
 1.43500e+02  2.74215e-01  3.65609e-03  5.66222e-03  1.33329e-02 -9.23832e-04 -9.03733e-04  1.96576e-01
 1.44000e+02  2.72915e-01  3.72454e-03  5.79666e-03  1.36473e-02 -8.74290e-04 -1.01735e-03  1.96103e-01
 1.44500e+02  2.71626e-01  3.78860e-03  5.92632e-03  1.39478e-02 -8.26401e-04 -1.12858e-03  1.95629e-01
 1.45000e+02  2.70357e-01  3.84694e-03  6.05108e-03  1.42291e-02 -7.79956e-04 -1.23665e-03  1.95159e-01
 1.45500e+02  2.69114e-01  3.89825e-03  6.17077e-03  1.44855e-02 -7.34835e-04 -1.34077e-03  1.94696e-01
 1.46000e+02  2.67904e-01  3.94122e-03  6.28522e-03  1.47113e-02 -6.90990e-04 -1.44015e-03  1.94243e-01
 1.46500e+02  2.66735e-01  3.97455e-03  6.39422e-03  1.49007e-02 -6.48440e-04 -1.53404e-03  1.93805e-01
 1.47000e+02  2.65613e-01  3.99703e-03  6.49758e-03  1.50483e-02 -6.07259e-04 -1.62166e-03  1.93384e-01
 1.47500e+02  2.64544e-01  4.00749e-03  6.59506e-03  1.51487e-02 -5.67565e-04 -1.70229e-03  1.92982e-01
 1.48000e+02  2.63533e-01  4.00486e-03  6.68647e-03  1.51968e-02 -5.29506e-04 -1.77525e-03  1.92604e-01
 1.48500e+02  2.62586e-01  3.98817e-03  6.77161e-03  1.51881e-02 -4.93249e-04 -1.83988e-03  1.92249e-01
 1.49000e+02  2.61707e-01  3.95657e-03  6.85030e-03  1.51183e-02 -4.58966e-04 -1.89559e-03  1.91922e-01
 1.49500e+02  2.60902e-01  3.90936e-03  6.92241e-03  1.49840e-02 -4.26823e-04 -1.94184e-03  1.91623e-01
 1.50000e+02  2.60172e-01  3.84597e-03  6.98783e-03  1.47824e-02 -3.96969e-04 -1.97817e-03  1.91354e-01
 1.50500e+02  2.59523e-01  3.76602e-03  7.04650e-03  1.45113e-02 -3.69524e-04 -2.00418e-03  1.91116e-01
 1.51000e+02  2.58955e-01  3.66928e-03  7.09843e-03  1.41695e-02 -3.44576e-04 -2.01955e-03  1.90911e-01
 1.51500e+02  2.58472e-01  3.55569e-03  7.14365e-03  1.37566e-02 -3.22166e-04 -2.02405e-03  1.90740e-01
 1.52000e+02  2.58073e-01  3.42541e-03  7.18227e-03  1.32730e-02 -3.02291e-04 -2.01753e-03  1.90602e-01
 1.52500e+02  2.57760e-01  3.27873e-03  7.21446e-03  1.27201e-02 -2.84898e-04 -1.99994e-03  1.90500e-01
 1.53000e+02  2.57533e-01  3.11616e-03  7.24044e-03  1.21001e-02 -2.69881e-04 -1.97129e-03  1.90431e-01
 1.53500e+02  2.57389e-01  2.93834e-03  7.26048e-03  1.14160e-02 -2.57085e-04 -1.93170e-03  1.90398e-01
 1.54000e+02  2.57329e-01  2.74612e-03  7.27491e-03  1.06716e-02 -2.46308e-04 -1.88135e-03  1.90400e-01
 1.54500e+02  2.57350e-01  2.54046e-03  7.28411e-03  9.87161e-03 -2.37305e-04 -1.82053e-03  1.90436e-01
 1.55000e+02  2.57448e-01  2.32247e-03  7.28849e-03  9.02111e-03 -2.29796e-04 -1.74959e-03  1.90506e-01
 1.55500e+02  2.57622e-01  2.09340e-03  7.28849e-03  8.12586e-03 -2.23468e-04 -1.66894e-03  1.90609e-01
 1.56000e+02  2.57867e-01  1.85459e-03  7.28459e-03  7.19204e-03 -2.17992e-04 -1.57907e-03  1.90744e-01
 1.56500e+02  2.58178e-01  1.60746e-03  7.27727e-03  6.22617e-03 -2.13025e-04 -1.48053e-03  1.90910e-01
 1.57000e+02  2.58552e-01  1.35352e-03  7.26704e-03  5.23500e-03 -2.08222e-04 -1.37389e-03  1.91106e-01
 1.57500e+02  2.58982e-01  1.09431e-03  7.25438e-03  4.22541e-03 -2.03248e-04 -1.25979e-03  1.91329e-01
 1.58000e+02  2.59464e-01  8.31401e-04  7.23979e-03  3.20430e-03 -1.97783e-04 -1.13890e-03  1.91578e-01
 1.58500e+02  2.59992e-01  5.66387e-04  7.22373e-03  2.17848e-03 -1.91536e-04 -1.01191e-03  1.91851e-01
 1.59000e+02  2.60561e-01  3.00845e-04  7.20665e-03  1.15461e-03 -1.84253e-04 -8.79524e-04  1.92146e-01
 1.59500e+02  2.61163e-01  3.63275e-05  7.18896e-03  1.39099e-04 -1.75720e-04 -7.42458e-04  1.92460e-01
 1.60000e+02  2.61793e-01 -2.25651e-04  7.17103e-03 -8.61944e-04 -1.65778e-04 -6.01436e-04  1.92790e-01
 1.60500e+02  2.62444e-01 -4.83630e-04  7.15320e-03 -1.84279e-03 -1.54322e-04 -4.57174e-04  1.93134e-01
 1.61000e+02  2.63111e-01 -7.36218e-04  7.13575e-03 -2.79812e-03 -1.41310e-04 -3.10377e-04  1.93488e-01
 1.61500e+02  2.63787e-01 -9.82100e-04  7.11892e-03 -3.72307e-03 -1.26764e-04 -1.61737e-04  1.93850e-01
 1.62000e+02  2.64466e-01 -1.22005e-03  7.10289e-03 -4.61325e-03 -1.10774e-04 -1.19245e-05  1.94216e-01
 1.62500e+02  2.65141e-01 -1.44892e-03  7.08779e-03 -5.46472e-03 -9.34986e-05  1.38415e-04  1.94582e-01
 1.63000e+02  2.65806e-01 -1.66769e-03  7.07370e-03 -6.27408e-03 -7.51645e-05  2.88662e-04  1.94946e-01
 1.63500e+02  2.66456e-01 -1.87542e-03  7.06063e-03 -7.03837e-03 -5.60655e-05  4.38231e-04  1.95303e-01
 1.64000e+02  2.67084e-01 -2.07127e-03  7.04855e-03 -7.75513e-03 -3.65606e-05  5.86566e-04  1.95650e-01
 1.64500e+02  2.67684e-01 -2.25452e-03  7.03739e-03 -8.42234e-03 -1.70708e-05  7.33147e-04  1.95982e-01
 1.65000e+02  2.68250e-01 -2.42455e-03  7.02700e-03 -9.03840e-03  1.92482e-06  8.77487e-04  1.96297e-01
 1.65500e+02  2.68778e-01 -2.58084e-03  7.01721e-03 -9.60213e-03  1.98931e-05  1.01914e-03  1.96590e-01
 1.66000e+02  2.69260e-01 -2.72295e-03  7.00780e-03 -1.01127e-02  3.62522e-05  1.15768e-03  1.96857e-01
 1.66500e+02  2.69692e-01 -2.85056e-03  6.99849e-03 -1.05697e-02  5.03768e-05  1.29274e-03  1.97095e-01
 1.67000e+02  2.70068e-01 -2.96342e-03  6.98898e-03 -1.09729e-02  6.16036e-05  1.42397e-03  1.97298e-01
 1.67500e+02  2.70383e-01 -3.06138e-03  6.97892e-03 -1.13224e-02  6.92375e-05  1.55104e-03  1.97463e-01
 1.68000e+02  2.70631e-01 -3.14434e-03  6.96795e-03 -1.16185e-02  7.25580e-05  1.67369e-03  1.97586e-01
 1.68500e+02  2.70807e-01 -3.21230e-03  6.95564e-03 -1.18619e-02  7.08253e-05  1.79165e-03  1.97661e-01
 1.69000e+02  2.70906e-01 -3.26530e-03  6.94156e-03 -1.20533e-02  6.32876e-05  1.90469e-03  1.97686e-01
 1.69500e+02  2.70921e-01 -3.30345e-03  6.92524e-03 -1.21934e-02  4.91890e-05  2.01262e-03  1.97655e-01
 1.70000e+02  2.70847e-01 -3.32691e-03  6.90619e-03 -1.22834e-02  2.77778e-05  2.11526e-03  1.97564e-01
 1.70500e+02  2.70679e-01 -3.33589e-03  6.88390e-03 -1.23241e-02 -1.68290e-06  2.21244e-03  1.97407e-01
 1.71000e+02  2.70411e-01 -3.33062e-03  6.85786e-03 -1.23169e-02 -3.99028e-05  2.30404e-03  1.97181e-01
 1.71500e+02  2.70036e-01 -3.31137e-03  6.82752e-03 -1.22627e-02 -8.75496e-05  2.38992e-03  1.96880e-01
 1.72000e+02  2.69549e-01 -3.27846e-03  6.79239e-03 -1.21627e-02 -1.45229e-04  2.46999e-03  1.96499e-01
 1.72500e+02  2.68944e-01 -3.23220e-03  6.75195e-03 -1.20182e-02 -2.13463e-04  2.54415e-03  1.96033e-01
 1.73000e+02  2.68212e-01 -3.17295e-03  6.70576e-03 -1.18300e-02 -2.92660e-04  2.61232e-03  1.95476e-01
 1.73500e+02  2.67348e-01 -3.10105e-03  6.65344e-03 -1.15993e-02 -3.83079e-04  2.67444e-03  1.94823e-01
 1.74000e+02  2.66345e-01 -3.01687e-03  6.59470e-03 -1.13269e-02 -4.84792e-04  2.73044e-03  1.94070e-01
 1.74500e+02  2.65194e-01 -2.92081e-03  6.52941e-03 -1.10138e-02 -5.97635e-04  2.78027e-03  1.93210e-01
 1.75000e+02  2.63889e-01 -2.81324e-03  6.45761e-03 -1.06607e-02 -7.21163e-04  2.82388e-03  1.92240e-01
 1.75500e+02  2.62420e-01 -2.69457e-03  6.37957e-03 -1.02682e-02 -8.54598e-04  2.86123e-03  1.91154e-01
 1.76000e+02  2.60781e-01 -2.56521e-03  6.29581e-03 -9.83665e-03 -9.96779e-04  2.89228e-03  1.89949e-01
 1.76500e+02  2.58962e-01 -2.42558e-03  6.20716e-03 -9.36653e-03 -1.14614e-03  2.91701e-03  1.88621e-01
 1.77000e+02  2.56955e-01 -2.27610e-03  6.11474e-03 -8.85797e-03 -1.30066e-03  2.93537e-03  1.87168e-01
 1.77500e+02  2.54752e-01 -2.11724e-03  6.01998e-03 -8.31099e-03 -1.45790e-03  2.94734e-03  1.85589e-01
 1.78000e+02  2.52344e-01 -1.94946e-03  5.92459e-03 -7.72543e-03 -1.61501e-03  2.95291e-03  1.83881e-01
 1.78500e+02  2.49723e-01 -1.77327e-03  5.83046e-03 -7.10097e-03 -1.76882e-03  2.95205e-03  1.82047e-01
 1.79000e+02  2.46881e-01 -1.58920e-03  5.73958e-03 -6.43710e-03 -1.91591e-03  2.94474e-03  1.80086e-01
 1.79500e+02  2.43811e-01 -1.39781e-03  5.65392e-03 -5.73316e-03 -2.05275e-03  2.93098e-03  1.78001e-01
 1.80000e+02  2.40507e-01 -1.19972e-03  5.57523e-03 -4.98828e-03 -2.17591e-03  2.91077e-03  1.75792e-01
 1.80500e+02  2.36963e-01 -9.95579e-04  5.50494e-03 -4.20141e-03 -2.28216e-03  2.88411e-03  1.73463e-01
 1.81000e+02  2.33176e-01 -7.86107e-04  5.44395e-03 -3.37131e-03 -2.36868e-03  2.85101e-03  1.71015e-01
 1.81500e+02  2.29141e-01 -5.72064e-04  5.39256e-03 -2.49656e-03 -2.43318e-03  2.81150e-03  1.68450e-01
 1.82000e+02  2.24858e-01 -3.54275e-04  5.35036e-03 -1.57555e-03 -2.47403e-03  2.76561e-03  1.65768e-01
 1.82500e+02  2.20327e-01 -1.33622e-04  5.31629e-03 -6.06472e-04 -2.49025e-03  2.71341e-03  1.62971e-01
 1.83000e+02  2.15550e-01  8.89467e-05  5.28868e-03  4.12650e-04 -2.48153e-03  2.65496e-03  1.60057e-01
 1.83500e+02  2.10531e-01  3.12421e-04  5.26540e-03  1.48397e-03 -2.44815e-03  2.59035e-03  1.57027e-01
 1.84000e+02  2.05275e-01  5.35724e-04  5.24405e-03  2.60978e-03 -2.39085e-03  2.51970e-03  1.53881e-01
 1.84500e+02  1.99791e-01  7.57710e-04  5.22223e-03  3.79251e-03 -2.31070e-03  2.44315e-03  1.50620e-01
 1.85000e+02  1.94088e-01  9.77165e-04  5.19769e-03  5.03466e-03 -2.20900e-03  2.36088e-03  1.47245e-01
 1.85500e+02  1.88177e-01  1.19280e-03  5.16854e-03  6.33873e-03 -2.08714e-03  2.27309e-03  1.43762e-01
 1.86000e+02  1.82074e-01  1.40327e-03  5.13339e-03  7.70717e-03 -1.94653e-03  2.18003e-03  1.40178e-01
 1.86500e+02  1.75793e-01  1.60714e-03  5.09140e-03  9.14227e-03 -1.78866e-03  2.08197e-03  1.36503e-01
 1.87000e+02  1.69353e-01  1.80293e-03  5.04224e-03  1.06460e-02 -1.61503e-03  1.97925e-03  1.32751e-01
 1.87500e+02  1.62774e-01  1.98906e-03  4.98607e-03  1.22198e-02 -1.42731e-03  1.87223e-03  1.28937e-01
 1.88000e+02  1.56079e-01  2.16393e-03  4.92334e-03  1.38644e-02 -1.22736e-03  1.76132e-03  1.25082e-01
 1.88500e+02  1.49292e-01  2.32589e-03  4.85472e-03  1.55795e-02 -1.01735e-03  1.64700e-03  1.21207e-01
 1.89000e+02  1.42442e-01  2.47325e-03  4.78092e-03  1.73633e-02 -7.99760e-04  1.52977e-03  1.17337e-01
 1.89500e+02  1.35556e-01  2.60432e-03  4.70255e-03  1.92121e-02 -5.77479e-04  1.41020e-03  1.13498e-01
 1.90000e+02  1.28666e-01  2.71740e-03  4.62009e-03  2.11197e-02 -3.53710e-04  1.28890e-03  1.09716e-01
 1.90500e+02  1.21806e-01  2.81085e-03  4.53379e-03  2.30763e-02 -1.31921e-04  1.16653e-03  1.06018e-01
 1.91000e+02  1.15011e-01  2.88308e-03  4.44369e-03  2.50678e-02  8.42829e-05  1.04378e-03  1.02432e-01
 1.91500e+02  1.08317e-01  2.93261e-03  4.34969e-03  2.70742e-02  2.91309e-04  9.21396e-04  9.89829e-02
 1.92000e+02  1.01763e-01  2.95809e-03  4.25158e-03  2.90685e-02  4.85754e-04  8.00152e-04  9.56946e-02
 1.92500e+02  9.53852e-02  2.95830e-03  4.14918e-03  3.10143e-02  6.64578e-04  6.80848e-04  9.25896e-02
 1.93000e+02  8.92237e-02  2.93227e-03  4.04244e-03  3.28643e-02  8.25267e-04  5.64306e-04  8.96870e-02
 1.93500e+02  8.33164e-02  2.87923e-03  3.93150e-03  3.45578e-02  9.65960e-04  4.51356e-04  8.70027e-02
 1.94000e+02  7.77004e-02  2.79868e-03  3.81681e-03  3.60189e-02  1.08554e-03  3.42833e-04  8.45483e-02
 1.94500e+02  7.24114e-02  2.69043e-03  3.69913e-03  3.71548e-02  1.18368e-03  2.39558e-04  8.23309e-02
 1.95000e+02  6.74828e-02  2.55462e-03  3.57962e-03  3.78558e-02  1.26083e-03  1.42333e-04  8.03518e-02
 1.95500e+02  6.29454e-02  2.39176e-03  3.45983e-03  3.79974e-02  1.31822e-03  5.19223e-05  7.86073e-02
 1.96000e+02  5.88262e-02  2.20276e-03  3.34167e-03  3.74452e-02  1.35771e-03 -3.09548e-05  7.70880e-02
 1.96500e+02  5.51489e-02  1.98896e-03  3.22746e-03  3.60652e-02  1.38177e-03 -1.05639e-04  7.57810e-02
 1.97000e+02  5.19326e-02  1.75211e-03  3.11981e-03  3.37382e-02  1.39329e-03 -1.71540e-04  7.46712e-02
 1.97500e+02  4.91926e-02  1.49445e-03  3.02160e-03  3.03796e-02  1.39545e-03 -2.28146e-04  7.37443e-02
 1.98000e+02  4.69400e-02  1.21863e-03  2.93583e-03  2.59614e-02  1.39151e-03 -2.75026e-04  7.29895e-02
 1.98500e+02  4.51825e-02  9.27706e-04  2.86541e-03  2.05324e-02  1.38458e-03 -3.11834e-04  7.24007e-02
 1.99000e+02  4.39248e-02  6.25115e-04  2.81297e-03  1.42315e-02  1.37743e-03 -3.38307e-04  7.19769e-02
 1.99500e+02  4.31693e-02  3.14572e-04  2.78060e-03  7.28693e-03  1.37222e-03 -3.54263e-04  7.17205e-02
