 0.00000e+00  1.00030e+00  0.00000e+00  1.50074e+00  0.00000e+00  1.00049e+00  1.00019e+00
 1.00000e-01  1.00030e+00 -7.87462e-06  1.50074e+00 -7.87229e-06  1.00049e+00  1.00019e+00
 2.00000e-01  1.00030e+00 -1.57489e-05  1.50074e+00 -1.57443e-05  1.00049e+00  1.00019e+00
 3.00000e-01  1.00030e+00 -2.36226e-05  1.50074e+00 -2.36156e-05  1.00049e+00  1.00019e+00
 4.00000e-01  1.00030e+00 -3.14953e-05  1.50074e+00 -3.14860e-05  1.00049e+00  1.00019e+00
 5.00000e-01  1.00030e+00 -3.93668e-05  1.50074e+00 -3.93552e-05  1.00049e+00  1.00019e+00
 6.00000e-01  1.00030e+00 -4.72367e-05  1.50074e+00 -4.72227e-05  1.00049e+00  1.00019e+00
 7.00000e-01  1.00030e+00 -5.51047e-05  1.50074e+00 -5.50884e-05  1.00049e+00  1.00019e+00
 8.00000e-01  1.00029e+00 -6.29705e-05  1.50074e+00 -6.29519e-05  1.00049e+00  1.00019e+00
 9.00000e-01  1.00029e+00 -7.08337e-05  1.50074e+00 -7.08129e-05  1.00049e+00  1.00019e+00
 1.00000e+00  1.00029e+00 -7.86942e-05  1.50074e+00 -7.86710e-05  1.00049e+00  1.00019e+00
 1.10000e+00  1.00029e+00 -8.65515e-05  1.50074e+00 -8.65260e-05  1.00049e+00  1.00019e+00
 1.20000e+00  1.00029e+00 -9.44053e-05  1.50074e+00 -9.43775e-05  1.00049e+00  1.00019e+00
 1.30000e+00  1.00029e+00 -1.02255e-04  1.50074e+00 -1.02225e-04  1.00049e+00  1.00019e+00
 1.40000e+00  1.00029e+00 -1.10101e-04  1.50074e+00 -1.10069e-04  1.00049e+00  1.00019e+00
 1.50000e+00  1.00029e+00 -1.17943e-04  1.50073e+00 -1.17908e-04  1.00049e+00  1.00019e+00
 1.60000e+00  1.00029e+00 -1.25780e-04  1.50073e+00 -1.25743e-04  1.00049e+00  1.00019e+00
 1.70000e+00  1.00029e+00 -1.33612e-04  1.50073e+00 -1.33572e-04  1.00049e+00  1.00019e+00
 1.80000e+00  1.00029e+00 -1.41438e-04  1.50073e+00 -1.41397e-04  1.00049e+00  1.00019e+00
 1.90000e+00  1.00029e+00 -1.49259e-04  1.50073e+00 -1.49215e-04  1.00049e+00  1.00019e+00
 2.00000e+00  1.00029e+00 -1.57074e-04  1.50073e+00 -1.57028e-04  1.00049e+00  1.00019e+00
 2.10000e+00  1.00029e+00 -1.64882e-04  1.50073e+00 -1.64834e-04  1.00048e+00  1.00019e+00
 2.20000e+00  1.00029e+00 -1.72684e-04  1.50073e+00 -1.72634e-04  1.00048e+00  1.00019e+00
 2.30000e+00  1.00029e+00 -1.80479e-04  1.50073e+00 -1.80427e-04  1.00048e+00  1.00019e+00
 2.40000e+00  1.00029e+00 -1.88267e-04  1.50073e+00 -1.88212e-04  1.00048e+00  1.00019e+00
 2.50000e+00  1.00029e+00 -1.96048e-04  1.50073e+00 -1.95990e-04  1.00048e+00  1.00019e+00
 2.60000e+00  1.00029e+00 -2.03820e-04  1.50073e+00 -2.03761e-04  1.00048e+00  1.00019e+00
 2.70000e+00  1.00029e+00 -2.11584e-04  1.50073e+00 -2.11523e-04  1.00048e+00  1.00019e+00
 2.80000e+00  1.00029e+00 -2.19340e-04  1.50072e+00 -2.19277e-04  1.00048e+00  1.00019e+00
 2.90000e+00  1.00029e+00 -2.27087e-04  1.50072e+00 -2.27022e-04  1.00048e+00  1.00019e+00
 3.00000e+00  1.00029e+00 -2.34825e-04  1.50072e+00 -2.34757e-04  1.00048e+00  1.00019e+00
 3.10000e+00  1.00029e+00 -2.42554e-04  1.50072e+00 -2.42484e-04  1.00048e+00  1.00019e+00
 3.20000e+00  1.00029e+00 -2.50273e-04  1.50072e+00 -2.50201e-04  1.00048e+00  1.00019e+00
 3.30000e+00  1.00029e+00 -2.57982e-04  1.50072e+00 -2.57907e-04  1.00048e+00  1.00019e+00
 3.40000e+00  1.00029e+00 -2.65680e-04  1.50072e+00 -2.65604e-04  1.00048e+00  1.00019e+00
 3.50000e+00  1.00029e+00 -2.73368e-04  1.50072e+00 -2.73290e-04  1.00048e+00  1.00019e+00
 3.60000e+00  1.00029e+00 -2.81045e-04  1.50072e+00 -2.80965e-04  1.00047e+00  1.00019e+00
 3.70000e+00  1.00029e+00 -2.88711e-04  1.50071e+00 -2.88629e-04  1.00047e+00  1.00019e+00
 3.80000e+00  1.00029e+00 -2.96365e-04  1.50071e+00 -2.96281e-04  1.00047e+00  1.00019e+00
 3.90000e+00  1.00028e+00 -3.04008e-04  1.50071e+00 -3.03921e-04  1.00047e+00  1.00019e+00
 4.00000e+00  1.00028e+00 -3.11638e-04  1.50071e+00 -3.11549e-04  1.00047e+00  1.00019e+00
 4.10000e+00  1.00028e+00 -3.19256e-04  1.50071e+00 -3.19165e-04  1.00047e+00  1.00019e+00
 4.20000e+00  1.00028e+00 -3.26861e-04  1.50071e+00 -3.26768e-04  1.00047e+00  1.00019e+00
 4.30000e+00  1.00028e+00 -3.34453e-04  1.50071e+00 -3.34358e-04  1.00047e+00  1.00019e+00
 4.40000e+00  1.00028e+00 -3.42031e-04  1.50070e+00 -3.41935e-04  1.00047e+00  1.00019e+00
 4.50000e+00  1.00028e+00 -3.49596e-04  1.50070e+00 -3.49498e-04  1.00047e+00  1.00019e+00
 4.60000e+00  1.00028e+00 -3.57147e-04  1.50070e+00 -3.57047e-04  1.00047e+00  1.00018e+00
 4.70000e+00  1.00028e+00 -3.64683e-04  1.50070e+00 -3.64581e-04  1.00046e+00  1.00018e+00
 4.80000e+00  1.00028e+00 -3.72205e-04  1.50070e+00 -3.72102e-04  1.00046e+00  1.00018e+00
 4.90000e+00  1.00028e+00 -3.79713e-04  1.50070e+00 -3.79607e-04  1.00046e+00  1.00018e+00
 5.00000e+00  1.00028e+00 -3.87205e-04  1.50069e+00 -3.87097e-04  1.00046e+00  1.00018e+00
 5.10000e+00  1.00028e+00 -3.94681e-04  1.50069e+00 -3.94572e-04  1.00046e+00  1.00018e+00
 5.20000e+00  1.00028e+00 -4.02142e-04  1.50069e+00 -4.02031e-04  1.00046e+00  1.00018e+00
 5.30000e+00  1.00028e+00 -4.09586e-04  1.50069e+00 -4.09473e-04  1.00046e+00  1.00018e+00
 5.40000e+00  1.00028e+00 -4.17015e-04  1.50069e+00 -4.16900e-04  1.00046e+00  1.00018e+00
 5.50000e+00  1.00027e+00 -4.24426e-04  1.50069e+00 -4.24310e-04  1.00046e+00  1.00018e+00
 5.60000e+00  1.00027e+00 -4.31821e-04  1.50068e+00 -4.31703e-04  1.00045e+00  1.00018e+00
 5.70000e+00  1.00027e+00 -4.39198e-04  1.50068e+00 -4.39078e-04  1.00045e+00  1.00018e+00
 5.80000e+00  1.00027e+00 -4.46558e-04  1.50068e+00 -4.46436e-04  1.00045e+00  1.00018e+00
 5.90000e+00  1.00027e+00 -4.53900e-04  1.50068e+00 -4.53776e-04  1.00045e+00  1.00018e+00
 6.00000e+00  1.00027e+00 -4.61223e-04  1.50068e+00 -4.61099e-04  1.00045e+00  1.00018e+00
 6.10000e+00  1.00027e+00 -4.68529e-04  1.50067e+00 -4.68402e-04  1.00045e+00  1.00018e+00
 6.20000e+00  1.00027e+00 -4.75815e-04  1.50067e+00 -4.75687e-04  1.00045e+00  1.00018e+00
 6.30000e+00  1.00027e+00 -4.83083e-04  1.50067e+00 -4.82953e-04  1.00044e+00  1.00018e+00
 6.40000e+00  1.00027e+00 -4.90331e-04  1.50067e+00 -4.90200e-04  1.00044e+00  1.00018e+00
 6.50000e+00  1.00027e+00 -4.97559e-04  1.50067e+00 -4.97427e-04  1.00044e+00  1.00018e+00
 6.60000e+00  1.00027e+00 -5.04768e-04  1.50066e+00 -5.04634e-04  1.00044e+00  1.00017e+00
 6.70000e+00  1.00026e+00 -5.11957e-04  1.50066e+00 -5.11821e-04  1.00044e+00  1.00017e+00
 6.80000e+00  1.00026e+00 -5.19125e-04  1.50066e+00 -5.18988e-04  1.00044e+00  1.00017e+00
 6.90000e+00  1.00026e+00 -5.26272e-04  1.50066e+00 -5.26134e-04  1.00044e+00  1.00017e+00
 7.00000e+00  1.00026e+00 -5.33398e-04  1.50065e+00 -5.33259e-04  1.00043e+00  1.00017e+00
 7.10000e+00  1.00026e+00 -5.40503e-04  1.50065e+00 -5.40362e-04  1.00043e+00  1.00017e+00
 7.20000e+00  1.00026e+00 -5.47586e-04  1.50065e+00 -5.47444e-04  1.00043e+00  1.00017e+00
 7.30000e+00  1.00026e+00 -5.54648e-04  1.50065e+00 -5.54504e-04  1.00043e+00  1.00017e+00
 7.40000e+00  1.00026e+00 -5.61687e-04  1.50064e+00 -5.61542e-04  1.00043e+00  1.00017e+00
 7.50000e+00  1.00026e+00 -5.68704e-04  1.50064e+00 -5.68558e-04  1.00043e+00  1.00017e+00
 7.60000e+00  1.00026e+00 -5.75698e-04  1.50064e+00 -5.75550e-04  1.00042e+00  1.00017e+00
 7.70000e+00  1.00025e+00 -5.82669e-04  1.50064e+00 -5.82520e-04  1.00042e+00  1.00017e+00
 7.80000e+00  1.00025e+00 -5.89616e-04  1.50063e+00 -5.89467e-04  1.00042e+00  1.00017e+00
 7.90000e+00  1.00025e+00 -5.96540e-04  1.50063e+00 -5.96390e-04  1.00042e+00  1.00017e+00
 8.00000e+00  1.00025e+00 -6.03441e-04  1.50063e+00 -6.03289e-04  1.00042e+00  1.00017e+00
 8.10000e+00  1.00025e+00 -6.10317e-04  1.50063e+00 -6.10164e-04  1.00042e+00  1.00017e+00
 8.20000e+00  1.00025e+00 -6.17169e-04  1.50062e+00 -6.17015e-04  1.00041e+00  1.00016e+00
 8.30000e+00  1.00025e+00 -6.23996e-04  1.50062e+00 -6.23841e-04  1.00041e+00  1.00016e+00
 8.40000e+00  1.00025e+00 -6.30798e-04  1.50062e+00 -6.30642e-04  1.00041e+00  1.00016e+00
 8.50000e+00  1.00025e+00 -6.37575e-04  1.50062e+00 -6.37418e-04  1.00041e+00  1.00016e+00
 8.60000e+00  1.00025e+00 -6.44326e-04  1.50061e+00 -6.44168e-04  1.00041e+00  1.00016e+00
 8.70000e+00  1.00024e+00 -6.51052e-04  1.50061e+00 -6.50893e-04  1.00040e+00  1.00016e+00
 8.80000e+00  1.00024e+00 -6.57751e-04  1.50061e+00 -6.57592e-04  1.00040e+00  1.00016e+00
 8.90000e+00  1.00024e+00 -6.64425e-04  1.50060e+00 -6.64264e-04  1.00040e+00  1.00016e+00
 9.00000e+00  1.00024e+00 -6.71072e-04  1.50060e+00 -6.70910e-04  1.00040e+00  1.00016e+00
 9.10000e+00  1.00024e+00 -6.77692e-04  1.50060e+00 -6.77529e-04  1.00040e+00  1.00016e+00
 9.20000e+00  1.00024e+00 -6.84284e-04  1.50060e+00 -6.84121e-04  1.00040e+00  1.00016e+00
 9.30000e+00  1.00024e+00 -6.90850e-04  1.50059e+00 -6.90686e-04  1.00039e+00  1.00016e+00
 9.40000e+00  1.00024e+00 -6.97388e-04  1.50059e+00 -6.97223e-04  1.00039e+00  1.00016e+00
 9.50000e+00  1.00023e+00 -7.03898e-04  1.50059e+00 -7.03733e-04  1.00039e+00  1.00015e+00
 9.60000e+00  1.00023e+00 -7.10380e-04  1.50058e+00 -7.10214e-04  1.00039e+00  1.00015e+00
 9.70000e+00  1.00023e+00 -7.16833e-04  1.50058e+00 -7.16667e-04  1.00039e+00  1.00015e+00
 9.80000e+00  1.00023e+00 -7.23258e-04  1.50058e+00 -7.23091e-04  1.00038e+00  1.00015e+00
 9.90000e+00  1.00023e+00 -7.29654e-04  1.50057e+00 -7.29486e-04  1.00038e+00  1.00015e+00
 1.00000e+01  1.00023e+00 -7.36021e-04  1.50057e+00 -7.35852e-04  1.00038e+00  1.00015e+00
 1.01000e+01  1.00023e+00 -7.42358e-04  1.50057e+00 -7.42189e-04  1.00038e+00  1.00015e+00
 1.02000e+01  1.00023e+00 -7.48666e-04  1.50056e+00 -7.48496e-04  1.00037e+00  1.00015e+00
 1.03000e+01  1.00022e+00 -7.54943e-04  1.50056e+00 -7.54774e-04  1.00037e+00  1.00015e+00
 1.04000e+01  1.00022e+00 -7.61191e-04  1.50056e+00 -7.61021e-04  1.00037e+00  1.00015e+00
 1.05000e+01  1.00022e+00 -7.67408e-04  1.50056e+00 -7.67238e-04  1.00037e+00  1.00015e+00
 1.06000e+01  1.00022e+00 -7.73594e-04  1.50055e+00 -7.73424e-04  1.00037e+00  1.00015e+00
 1.07000e+01  1.00022e+00 -7.79750e-04  1.50055e+00 -7.79579e-04  1.00036e+00  1.00014e+00
 1.08000e+01  1.00022e+00 -7.85874e-04  1.50055e+00 -7.85703e-04  1.00036e+00  1.00014e+00
 1.09000e+01  1.00022e+00 -7.91967e-04  1.50054e+00 -7.91796e-04  1.00036e+00  1.00014e+00
 1.10000e+01  1.00022e+00 -7.98029e-04  1.50054e+00 -7.97857e-04  1.00036e+00  1.00014e+00
 1.11000e+01  1.00021e+00 -8.04058e-04  1.50053e+00 -8.03886e-04  1.00036e+00  1.00014e+00
 1.12000e+01  1.00021e+00 -8.10055e-04  1.50053e+00 -8.09883e-04  1.00035e+00  1.00014e+00
 1.13000e+01  1.00021e+00 -8.16020e-04  1.50053e+00 -8.15848e-04  1.00035e+00  1.00014e+00
 1.14000e+01  1.00021e+00 -8.21953e-04  1.50052e+00 -8.21780e-04  1.00035e+00  1.00014e+00
 1.15000e+01  1.00021e+00 -8.27852e-04  1.50052e+00 -8.27680e-04  1.00035e+00  1.00014e+00
 1.16000e+01  1.00021e+00 -8.33719e-04  1.50052e+00 -8.33546e-04  1.00034e+00  1.00014e+00
 1.17000e+01  1.00021e+00 -8.39552e-04  1.50051e+00 -8.39379e-04  1.00034e+00  1.00014e+00
 1.18000e+01  1.00020e+00 -8.45351e-04  1.50051e+00 -8.45179e-04  1.00034e+00  1.00013e+00
 1.19000e+01  1.00020e+00 -8.51117e-04  1.50051e+00 -8.50944e-04  1.00034e+00  1.00013e+00
 1.20000e+01  1.00020e+00 -8.56849e-04  1.50050e+00 -8.56676e-04  1.00033e+00  1.00013e+00
 1.21000e+01  1.00020e+00 -8.62546e-04  1.50050e+00 -8.62374e-04  1.00033e+00  1.00013e+00
 1.22000e+01  1.00020e+00 -8.68209e-04  1.50050e+00 -8.68037e-04  1.00033e+00  1.00013e+00
 1.23000e+01  1.00020e+00 -8.73838e-04  1.50049e+00 -8.73666e-04  1.00033e+00  1.00013e+00
 1.24000e+01  1.00020e+00 -8.79431e-04  1.50049e+00 -8.79259e-04  1.00032e+00  1.00013e+00
 1.25000e+01  1.00019e+00 -8.84990e-04  1.50049e+00 -8.84818e-04  1.00032e+00  1.00013e+00
 1.26000e+01  1.00019e+00 -8.90513e-04  1.50048e+00 -8.90341e-04  1.00032e+00  1.00013e+00
 1.27000e+01  1.00019e+00 -8.96000e-04  1.50048e+00 -8.95829e-04  1.00032e+00  1.00013e+00
 1.28000e+01  1.00019e+00 -9.01452e-04  1.50047e+00 -9.01281e-04  1.00031e+00  1.00013e+00
 1.29000e+01  1.00019e+00 -9.06868e-04  1.50047e+00 -9.06697e-04  1.00031e+00  1.00012e+00
 1.30000e+01  1.00019e+00 -9.12247e-04  1.50047e+00 -9.12077e-04  1.00031e+00  1.00012e+00
 1.31000e+01  1.00018e+00 -9.17590e-04  1.50046e+00 -9.17420e-04  1.00031e+00  1.00012e+00
 1.32000e+01  1.00018e+00 -9.22896e-04  1.50046e+00 -9.22727e-04  1.00030e+00  1.00012e+00
 1.33000e+01  1.00018e+00 -9.28166e-04  1.50045e+00 -9.27997e-04  1.00030e+00  1.00012e+00
 1.34000e+01  1.00018e+00 -9.33398e-04  1.50045e+00 -9.33230e-04  1.00030e+00  1.00012e+00
 1.35000e+01  1.00018e+00 -9.38593e-04  1.50045e+00 -9.38426e-04  1.00030e+00  1.00012e+00
 1.36000e+01  1.00018e+00 -9.43751e-04  1.50044e+00 -9.43584e-04  1.00029e+00  1.00012e+00
 1.37000e+01  1.00018e+00 -9.48871e-04  1.50044e+00 -9.48704e-04  1.00029e+00  1.00012e+00
 1.38000e+01  1.00017e+00 -9.53953e-04  1.50044e+00 -9.53787e-04  1.00029e+00  1.00011e+00
 1.39000e+01  1.00017e+00 -9.58997e-04  1.50043e+00 -9.58832e-04  1.00029e+00  1.00011e+00
 1.40000e+01  1.00017e+00 -9.64003e-04  1.50043e+00 -9.63838e-04  1.00028e+00  1.00011e+00
 1.41000e+01  1.00017e+00 -9.68970e-04  1.50042e+00 -9.68806e-04  1.00028e+00  1.00011e+00
 1.42000e+01  1.00017e+00 -9.73899e-04  1.50042e+00 -9.73735e-04  1.00028e+00  1.00011e+00
 1.43000e+01  1.00017e+00 -9.78788e-04  1.50042e+00 -9.78626e-04  1.00028e+00  1.00011e+00
 1.44000e+01  1.00016e+00 -9.83639e-04  1.50041e+00 -9.83477e-04  1.00027e+00  1.00011e+00
 1.45000e+01  1.00016e+00 -9.88450e-04  1.50041e+00 -9.88289e-04  1.00027e+00  1.00011e+00
 1.46000e+01  1.00016e+00 -9.93222e-04  1.50040e+00 -9.93062e-04  1.00027e+00  1.00011e+00
 1.47000e+01  1.00016e+00 -9.97955e-04  1.50040e+00 -9.97795e-04  1.00027e+00  1.00011e+00
 1.48000e+01  1.00016e+00 -1.00265e-03  1.50040e+00 -1.00249e-03  1.00026e+00  1.00010e+00
 1.49000e+01  1.00016e+00 -1.00730e-03  1.50039e+00 -1.00714e-03  1.00026e+00  1.00010e+00
 1.50000e+01  1.00015e+00 -1.01191e-03  1.50039e+00 -1.01176e-03  1.00026e+00  1.00010e+00
 1.51000e+01  1.00015e+00 -1.01648e-03  1.50038e+00 -1.01633e-03  1.00025e+00  1.00010e+00
 1.52000e+01  1.00015e+00 -1.02101e-03  1.50038e+00 -1.02086e-03  1.00025e+00  1.00010e+00
 1.53000e+01  1.00015e+00 -1.02551e-03  1.50037e+00 -1.02535e-03  1.00025e+00  1.00010e+00
 1.54000e+01  1.00015e+00 -1.02995e-03  1.50037e+00 -1.02980e-03  1.00025e+00  1.00010e+00
 1.55000e+01  1.00015e+00 -1.03436e-03  1.50037e+00 -1.03421e-03  1.00024e+00  1.00010e+00
 1.56000e+01  1.00014e+00 -1.03873e-03  1.50036e+00 -1.03858e-03  1.00024e+00  1.00010e+00
 1.57000e+01  1.00014e+00 -1.04306e-03  1.50036e+00 -1.04291e-03  1.00024e+00  1.00009e+00
 1.58000e+01  1.00014e+00 -1.04734e-03  1.50035e+00 -1.04719e-03  1.00023e+00  1.00009e+00
 1.59000e+01  1.00014e+00 -1.05158e-03  1.50035e+00 -1.05144e-03  1.00023e+00  1.00009e+00
 1.60000e+01  1.00014e+00 -1.05578e-03  1.50035e+00 -1.05564e-03  1.00023e+00  1.00009e+00
 1.61000e+01  1.00014e+00 -1.05994e-03  1.50034e+00 -1.05980e-03  1.00023e+00  1.00009e+00
 1.62000e+01  1.00013e+00 -1.06406e-03  1.50034e+00 -1.06391e-03  1.00022e+00  1.00009e+00
 1.63000e+01  1.00013e+00 -1.06813e-03  1.50033e+00 -1.06799e-03  1.00022e+00  1.00009e+00
 1.64000e+01  1.00013e+00 -1.07216e-03  1.50033e+00 -1.07202e-03  1.00022e+00  1.00009e+00
 1.65000e+01  1.00013e+00 -1.07615e-03  1.50032e+00 -1.07601e-03  1.00022e+00  1.00009e+00
 1.66000e+01  1.00013e+00 -1.08010e-03  1.50032e+00 -1.07996e-03  1.00021e+00  1.00008e+00
 1.67000e+01  1.00013e+00 -1.08400e-03  1.50032e+00 -1.08386e-03  1.00021e+00  1.00008e+00
 1.68000e+01  1.00012e+00 -1.08786e-03  1.50031e+00 -1.08772e-03  1.00021e+00  1.00008e+00
 1.69000e+01  1.00012e+00 -1.09167e-03  1.50031e+00 -1.09154e-03  1.00020e+00  1.00008e+00
 1.70000e+01  1.00012e+00 -1.09545e-03  1.50030e+00 -1.09531e-03  1.00020e+00  1.00008e+00
 1.71000e+01  1.00012e+00 -1.09917e-03  1.50030e+00 -1.09904e-03  1.00020e+00  1.00008e+00
 1.72000e+01  1.00012e+00 -1.10286e-03  1.50029e+00 -1.10273e-03  1.00020e+00  1.00008e+00
 1.73000e+01  1.00012e+00 -1.10650e-03  1.50029e+00 -1.10637e-03  1.00019e+00  1.00008e+00
 1.74000e+01  1.00011e+00 -1.11010e-03  1.50028e+00 -1.10997e-03  1.00019e+00  1.00008e+00
 1.75000e+01  1.00011e+00 -1.11365e-03  1.50028e+00 -1.11352e-03  1.00019e+00  1.00007e+00
 1.76000e+01  1.00011e+00 -1.11716e-03  1.50028e+00 -1.11703e-03  1.00018e+00  1.00007e+00
 1.77000e+01  1.00011e+00 -1.12062e-03  1.50027e+00 -1.12050e-03  1.00018e+00  1.00007e+00
 1.78000e+01  1.00011e+00 -1.12404e-03  1.50027e+00 -1.12392e-03  1.00018e+00  1.00007e+00
 1.79000e+01  1.00011e+00 -1.12741e-03  1.50026e+00 -1.12729e-03  1.00017e+00  1.00007e+00
 1.80000e+01  1.00010e+00 -1.13074e-03  1.50026e+00 -1.13063e-03  1.00017e+00  1.00007e+00
 1.81000e+01  1.00010e+00 -1.13403e-03  1.50025e+00 -1.13391e-03  1.00017e+00  1.00007e+00
 1.82000e+01  1.00010e+00 -1.13727e-03  1.50025e+00 -1.13715e-03  1.00017e+00  1.00007e+00
 1.83000e+01  1.00010e+00 -1.14046e-03  1.50025e+00 -1.14035e-03  1.00016e+00  1.00006e+00
 1.84000e+01  1.00010e+00 -1.14361e-03  1.50024e+00 -1.14350e-03  1.00016e+00  1.00006e+00
 1.85000e+01  1.00009e+00 -1.14671e-03  1.50024e+00 -1.14660e-03  1.00016e+00  1.00006e+00
 1.86000e+01  1.00009e+00 -1.14977e-03  1.50023e+00 -1.14966e-03  1.00015e+00  1.00006e+00
 1.87000e+01  1.00009e+00 -1.15278e-03  1.50023e+00 -1.15267e-03  1.00015e+00  1.00006e+00
 1.88000e+01  1.00009e+00 -1.15574e-03  1.50022e+00 -1.15564e-03  1.00015e+00  1.00006e+00
 1.89000e+01  1.00009e+00 -1.15866e-03  1.50022e+00 -1.15856e-03  1.00015e+00  1.00006e+00
 1.90000e+01  1.00009e+00 -1.16154e-03  1.50021e+00 -1.16144e-03  1.00014e+00  1.00006e+00
 1.91000e+01  1.00008e+00 -1.16436e-03  1.50021e+00 -1.16427e-03  1.00014e+00  1.00006e+00
 1.92000e+01  1.00008e+00 -1.16714e-03  1.50021e+00 -1.16705e-03  1.00014e+00  1.00005e+00
 1.93000e+01  1.00008e+00 -1.16988e-03  1.50020e+00 -1.16978e-03  1.00013e+00  1.00005e+00
 1.94000e+01  1.00008e+00 -1.17257e-03  1.50020e+00 -1.17247e-03  1.00013e+00  1.00005e+00
 1.95000e+01  1.00008e+00 -1.17521e-03  1.50019e+00 -1.17512e-03  1.00013e+00  1.00005e+00
 1.96000e+01  1.00007e+00 -1.17780e-03  1.50019e+00 -1.17771e-03  1.00012e+00  1.00005e+00
 1.97000e+01  1.00007e+00 -1.18035e-03  1.50018e+00 -1.18026e-03  1.00012e+00  1.00005e+00
 1.98000e+01  1.00007e+00 -1.18285e-03  1.50018e+00 -1.18276e-03  1.00012e+00  1.00005e+00
 1.99000e+01  1.00007e+00 -1.18530e-03  1.50017e+00 -1.18522e-03  1.00012e+00  1.00005e+00
 2.00000e+01  1.00007e+00 -1.18771e-03  1.50017e+00 -1.18763e-03  1.00011e+00  1.00005e+00
 2.01000e+01  1.00007e+00 -1.19007e-03  1.50016e+00 -1.18999e-03  1.00011e+00  1.00004e+00
 2.02000e+01  1.00006e+00 -1.19238e-03  1.50016e+00 -1.19230e-03  1.00011e+00  1.00004e+00
 2.03000e+01  1.00006e+00 -1.19464e-03  1.50016e+00 -1.19457e-03  1.00010e+00  1.00004e+00
 2.04000e+01  1.00006e+00 -1.19686e-03  1.50015e+00 -1.19679e-03  1.00010e+00  1.00004e+00
 2.05000e+01  1.00006e+00 -1.19903e-03  1.50015e+00 -1.19896e-03  1.00010e+00  1.00004e+00
 2.06000e+01  1.00006e+00 -1.20115e-03  1.50014e+00 -1.20108e-03  1.00009e+00  1.00004e+00
 2.07000e+01  1.00006e+00 -1.20322e-03  1.50014e+00 -1.20316e-03  1.00009e+00  1.00004e+00
 2.08000e+01  1.00005e+00 -1.20525e-03  1.50013e+00 -1.20518e-03  1.00009e+00  1.00004e+00
 2.09000e+01  1.00005e+00 -1.20723e-03  1.50013e+00 -1.20716e-03  1.00009e+00  1.00003e+00
 2.10000e+01  1.00005e+00 -1.20916e-03  1.50012e+00 -1.20910e-03  1.00008e+00  1.00003e+00
 2.11000e+01  1.00005e+00 -1.21104e-03  1.50012e+00 -1.21098e-03  1.00008e+00  1.00003e+00
 2.12000e+01  1.00005e+00 -1.21287e-03  1.50012e+00 -1.21282e-03  1.00008e+00  1.00003e+00
 2.13000e+01  1.00004e+00 -1.21466e-03  1.50011e+00 -1.21460e-03  1.00007e+00  1.00003e+00
 2.14000e+01  1.00004e+00 -1.21639e-03  1.50011e+00 -1.21634e-03  1.00007e+00  1.00003e+00
 2.15000e+01  1.00004e+00 -1.21808e-03  1.50010e+00 -1.21803e-03  1.00007e+00  1.00003e+00
 2.16000e+01  1.00004e+00 -1.21972e-03  1.50010e+00 -1.21968e-03  1.00006e+00  1.00003e+00
 2.17000e+01  1.00004e+00 -1.22132e-03  1.50009e+00 -1.22127e-03  1.00006e+00  1.00002e+00
 2.18000e+01  1.00004e+00 -1.22286e-03  1.50009e+00 -1.22282e-03  1.00006e+00  1.00002e+00
 2.19000e+01  1.00003e+00 -1.22436e-03  1.50008e+00 -1.22431e-03  1.00006e+00  1.00002e+00
 2.20000e+01  1.00003e+00 -1.22580e-03  1.50008e+00 -1.22576e-03  1.00005e+00  1.00002e+00
 2.21000e+01  1.00003e+00 -1.22720e-03  1.50007e+00 -1.22716e-03  1.00005e+00  1.00002e+00
 2.22000e+01  1.00003e+00 -1.22855e-03  1.50007e+00 -1.22851e-03  1.00005e+00  1.00002e+00
 2.23000e+01  1.00003e+00 -1.22985e-03  1.50007e+00 -1.22982e-03  1.00004e+00  1.00002e+00
 2.24000e+01  1.00002e+00 -1.23110e-03  1.50006e+00 -1.23107e-03  1.00004e+00  1.00002e+00
 2.25000e+01  1.00002e+00 -1.23230e-03  1.50006e+00 -1.23227e-03  1.00004e+00  1.00002e+00
 2.26000e+01  1.00002e+00 -1.23346e-03  1.50005e+00 -1.23343e-03  1.00004e+00  1.00001e+00
 2.27000e+01  1.00002e+00 -1.23456e-03  1.50005e+00 -1.23454e-03  1.00003e+00  1.00001e+00
 2.28000e+01  1.00002e+00 -1.23562e-03  1.50004e+00 -1.23560e-03  1.00003e+00  1.00001e+00
 2.29000e+01  1.00002e+00 -1.23662e-03  1.50004e+00 -1.23660e-03  1.00003e+00  1.00001e+00
 2.30000e+01  1.00001e+00 -1.23758e-03  1.50003e+00 -1.23756e-03  1.00002e+00  1.00001e+00
 2.31000e+01  1.00001e+00 -1.23849e-03  1.50003e+00 -1.23848e-03  1.00002e+00  1.00001e+00
 2.32000e+01  1.00001e+00 -1.23935e-03  1.50003e+00 -1.23934e-03  1.00002e+00  1.00001e+00
 2.33000e+01  1.00001e+00 -1.24016e-03  1.50002e+00 -1.24015e-03  1.00001e+00  1.00001e+00
 2.34000e+01  1.00001e+00 -1.24092e-03  1.50002e+00 -1.24091e-03  1.00001e+00  1.00000e+00
 2.35000e+01  1.00001e+00 -1.24163e-03  1.50001e+00 -1.24163e-03  1.00001e+00  1.00000e+00
 2.36000e+01  1.00000e+00 -1.24230e-03  1.50001e+00 -1.24229e-03  1.00001e+00  1.00000e+00
 2.37000e+01  1.00000e+00 -1.24291e-03  1.50000e+00 -1.24291e-03  1.00000e+00  1.00000e+00
 2.38000e+01  1.00000e+00 -1.24347e-03  1.50000e+00 -1.24347e-03  1.00000e+00  1.00000e+00
 2.39000e+01  9.99998e-01 -1.24399e-03  1.49999e+00 -1.24399e-03  9.99997e-01  9.99999e-01
 2.40000e+01  9.99996e-01 -1.24445e-03  1.49999e+00 -1.24446e-03  9.99994e-01  9.99998e-01
 2.41000e+01  9.99994e-01 -1.24487e-03  1.49999e+00 -1.24488e-03  9.99991e-01  9.99997e-01
 2.42000e+01  9.99993e-01 -1.24524e-03  1.49998e+00 -1.24525e-03  9.99988e-01  9.99996e-01
 2.43000e+01  9.99991e-01 -1.24556e-03  1.49998e+00 -1.24557e-03  9.99985e-01  9.99994e-01
 2.44000e+01  9.99989e-01 -1.24582e-03  1.49997e+00 -1.24584e-03  9.99983e-01  9.99993e-01
 2.45000e+01  9.99988e-01 -1.24604e-03  1.49997e+00 -1.24606e-03  9.99980e-01  9.99992e-01
 2.46000e+01  9.99986e-01 -1.24621e-03  1.49996e+00 -1.24623e-03  9.99977e-01  9.99991e-01
 2.47000e+01  9.99984e-01 -1.24633e-03  1.49996e+00 -1.24635e-03  9.99974e-01  9.99990e-01
 2.48000e+01  9.99982e-01 -1.24641e-03  1.49996e+00 -1.24643e-03  9.99971e-01  9.99989e-01
 2.49000e+01  9.99981e-01 -1.24643e-03  1.49995e+00 -1.24645e-03  9.99968e-01  9.99988e-01
 2.50000e+01  9.99979e-01 -1.24640e-03  1.49995e+00 -1.24643e-03  9.99965e-01  9.99986e-01
 2.51000e+01  9.99977e-01 -1.24632e-03  1.49994e+00 -1.24635e-03  9.99962e-01  9.99985e-01
 2.52000e+01  9.99975e-01 -1.24620e-03  1.49994e+00 -1.24623e-03  9.99960e-01  9.99984e-01
 2.53000e+01  9.99974e-01 -1.24602e-03  1.49993e+00 -1.24605e-03  9.99957e-01  9.99983e-01
 2.54000e+01  9.99972e-01 -1.24580e-03  1.49993e+00 -1.24583e-03  9.99954e-01  9.99982e-01
 2.55000e+01  9.99970e-01 -1.24552e-03  1.49993e+00 -1.24556e-03  9.99951e-01  9.99981e-01
 2.56000e+01  9.99969e-01 -1.24520e-03  1.49992e+00 -1.24524e-03  9.99948e-01  9.99980e-01
 2.57000e+01  9.99967e-01 -1.24483e-03  1.49992e+00 -1.24487e-03  9.99945e-01  9.99979e-01
 2.58000e+01  9.99965e-01 -1.24441e-03  1.49991e+00 -1.24445e-03  9.99943e-01  9.99977e-01
 2.59000e+01  9.99963e-01 -1.24393e-03  1.49991e+00 -1.24398e-03  9.99940e-01  9.99976e-01
 2.60000e+01  9.99962e-01 -1.24341e-03  1.49990e+00 -1.24346e-03  9.99937e-01  9.99975e-01
 2.61000e+01  9.99960e-01 -1.24285e-03  1.49990e+00 -1.24289e-03  9.99934e-01  9.99974e-01
 2.62000e+01  9.99958e-01 -1.24223e-03  1.49990e+00 -1.24228e-03  9.99931e-01  9.99973e-01
 2.63000e+01  9.99957e-01 -1.24156e-03  1.49989e+00 -1.24161e-03  9.99929e-01  9.99972e-01
 2.64000e+01  9.99955e-01 -1.24084e-03  1.49989e+00 -1.24090e-03  9.99926e-01  9.99971e-01
 2.65000e+01  9.99953e-01 -1.24008e-03  1.49988e+00 -1.24014e-03  9.99923e-01  9.99970e-01
 2.66000e+01  9.99952e-01 -1.23926e-03  1.49988e+00 -1.23932e-03  9.99920e-01  9.99969e-01
 2.67000e+01  9.99950e-01 -1.23840e-03  1.49988e+00 -1.23846e-03  9.99918e-01  9.99967e-01
 2.68000e+01  9.99948e-01 -1.23749e-03  1.49987e+00 -1.23755e-03  9.99915e-01  9.99966e-01
 2.69000e+01  9.99947e-01 -1.23653e-03  1.49987e+00 -1.23659e-03  9.99912e-01  9.99965e-01
 2.70000e+01  9.99945e-01 -1.23552e-03  1.49986e+00 -1.23558e-03  9.99909e-01  9.99964e-01
 2.71000e+01  9.99943e-01 -1.23446e-03  1.49986e+00 -1.23453e-03  9.99907e-01  9.99963e-01
 2.72000e+01  9.99942e-01 -1.23335e-03  1.49985e+00 -1.23342e-03  9.99904e-01  9.99962e-01
 2.73000e+01  9.99940e-01 -1.23220e-03  1.49985e+00 -1.23227e-03  9.99901e-01  9.99961e-01
 2.74000e+01  9.99939e-01 -1.23099e-03  1.49985e+00 -1.23107e-03  9.99898e-01  9.99960e-01
 2.75000e+01  9.99937e-01 -1.22974e-03  1.49984e+00 -1.22981e-03  9.99896e-01  9.99959e-01
 2.76000e+01  9.99935e-01 -1.22844e-03  1.49984e+00 -1.22852e-03  9.99893e-01  9.99958e-01
 2.77000e+01  9.99934e-01 -1.22709e-03  1.49983e+00 -1.22717e-03  9.99890e-01  9.99957e-01
 2.78000e+01  9.99932e-01 -1.22569e-03  1.49983e+00 -1.22577e-03  9.99888e-01  9.99956e-01
 2.79000e+01  9.99931e-01 -1.22424e-03  1.49983e+00 -1.22433e-03  9.99885e-01  9.99955e-01
 2.80000e+01  9.99929e-01 -1.22275e-03  1.49982e+00 -1.22283e-03  9.99882e-01  9.99953e-01
 2.81000e+01  9.99927e-01 -1.22120e-03  1.49982e+00 -1.22129e-03  9.99880e-01  9.99952e-01
 2.82000e+01  9.99926e-01 -1.21961e-03  1.49981e+00 -1.21970e-03  9.99877e-01  9.99951e-01
 2.83000e+01  9.99924e-01 -1.21797e-03  1.49981e+00 -1.21806e-03  9.99874e-01  9.99950e-01
 2.84000e+01  9.99923e-01 -1.21628e-03  1.49981e+00 -1.21638e-03  9.99872e-01  9.99949e-01
 2.85000e+01  9.99921e-01 -1.21455e-03  1.49980e+00 -1.21465e-03  9.99869e-01  9.99948e-01
 2.86000e+01  9.99919e-01 -1.21277e-03  1.49980e+00 -1.21286e-03  9.99867e-01  9.99947e-01
 2.87000e+01  9.99918e-01 -1.21094e-03  1.49979e+00 -1.21103e-03  9.99864e-01  9.99946e-01
 2.88000e+01  9.99916e-01 -1.20906e-03  1.49979e+00 -1.20916e-03  9.99861e-01  9.99945e-01
 2.89000e+01  9.99915e-01 -1.20713e-03  1.49979e+00 -1.20723e-03  9.99859e-01  9.99944e-01
 2.90000e+01  9.99913e-01 -1.20516e-03  1.49978e+00 -1.20526e-03  9.99856e-01  9.99943e-01
 2.91000e+01  9.99912e-01 -1.20314e-03  1.49978e+00 -1.20324e-03  9.99854e-01  9.99942e-01
 2.92000e+01  9.99910e-01 -1.20107e-03  1.49978e+00 -1.20118e-03  9.99851e-01  9.99941e-01
 2.93000e+01  9.99909e-01 -1.19895e-03  1.49977e+00 -1.19906e-03  9.99849e-01  9.99940e-01
 2.94000e+01  9.99907e-01 -1.19679e-03  1.49977e+00 -1.19690e-03  9.99846e-01  9.99939e-01
 2.95000e+01  9.99906e-01 -1.19458e-03  1.49976e+00 -1.19469e-03  9.99844e-01  9.99938e-01
 2.96000e+01  9.99904e-01 -1.19232e-03  1.49976e+00 -1.19244e-03  9.99841e-01  9.99937e-01
 2.97000e+01  9.99903e-01 -1.19002e-03  1.49976e+00 -1.19014e-03  9.99839e-01  9.99936e-01
 2.98000e+01  9.99901e-01 -1.18767e-03  1.49975e+00 -1.18779e-03  9.99836e-01  9.99935e-01
 2.99000e+01  9.99900e-01 -1.18527e-03  1.49975e+00 -1.18539e-03  9.99834e-01  9.99934e-01
 3.00000e+01  9.99898e-01 -1.18283e-03  1.49975e+00 -1.18295e-03  9.99831e-01  9.99933e-01
 3.01000e+01  9.99897e-01 -1.18034e-03  1.49974e+00 -1.18046e-03  9.99829e-01  9.99932e-01
 3.02000e+01  9.99895e-01 -1.17780e-03  1.49974e+00 -1.17793e-03  9.99826e-01  9.99931e-01
 3.03000e+01  9.99894e-01 -1.17522e-03  1.49973e+00 -1.17534e-03  9.99824e-01  9.99930e-01
 3.04000e+01  9.99892e-01 -1.17259e-03  1.49973e+00 -1.17272e-03  9.99821e-01  9.99929e-01
 3.05000e+01  9.99891e-01 -1.16991e-03  1.49973e+00 -1.17004e-03  9.99819e-01  9.99928e-01
 3.06000e+01  9.99889e-01 -1.16719e-03  1.49972e+00 -1.16732e-03  9.99817e-01  9.99927e-01
 3.07000e+01  9.99888e-01 -1.16443e-03  1.49972e+00 -1.16456e-03  9.99814e-01  9.99926e-01
 3.08000e+01  9.99886e-01 -1.16161e-03  1.49972e+00 -1.16175e-03  9.99812e-01  9.99925e-01
 3.09000e+01  9.99885e-01 -1.15876e-03  1.49971e+00 -1.15889e-03  9.99809e-01  9.99924e-01
 3.10000e+01  9.99884e-01 -1.15585e-03  1.49971e+00 -1.15599e-03  9.99807e-01  9.99923e-01
 3.11000e+01  9.99882e-01 -1.15290e-03  1.49971e+00 -1.15304e-03  9.99805e-01  9.99922e-01
 3.12000e+01  9.99881e-01 -1.14991e-03  1.49970e+00 -1.15005e-03  9.99802e-01  9.99922e-01
 3.13000e+01  9.99879e-01 -1.14687e-03  1.49970e+00 -1.14701e-03  9.99800e-01  9.99921e-01
 3.14000e+01  9.99878e-01 -1.14379e-03  1.49969e+00 -1.14393e-03  9.99798e-01  9.99920e-01
 3.15000e+01  9.99877e-01 -1.14066e-03  1.49969e+00 -1.14080e-03  9.99795e-01  9.99919e-01
 3.16000e+01  9.99875e-01 -1.13748e-03  1.49969e+00 -1.13763e-03  9.99793e-01  9.99918e-01
 3.17000e+01  9.99874e-01 -1.13427e-03  1.49968e+00 -1.13441e-03  9.99791e-01  9.99917e-01
 3.18000e+01  9.99872e-01 -1.13100e-03  1.49968e+00 -1.13115e-03  9.99788e-01  9.99916e-01
 3.19000e+01  9.99871e-01 -1.12770e-03  1.49968e+00 -1.12784e-03  9.99786e-01  9.99915e-01
 3.20000e+01  9.99870e-01 -1.12435e-03  1.49967e+00 -1.12449e-03  9.99784e-01  9.99914e-01
 3.21000e+01  9.99868e-01 -1.12095e-03  1.49967e+00 -1.12110e-03  9.99782e-01  9.99913e-01
 3.22000e+01  9.99867e-01 -1.11751e-03  1.49967e+00 -1.11766e-03  9.99779e-01  9.99912e-01
 3.23000e+01  9.99866e-01 -1.11403e-03  1.49966e+00 -1.11418e-03  9.99777e-01  9.99912e-01
 3.24000e+01  9.99864e-01 -1.11050e-03  1.49966e+00 -1.11065e-03  9.99775e-01  9.99911e-01
 3.25000e+01  9.99863e-01 -1.10693e-03  1.49966e+00 -1.10708e-03  9.99773e-01  9.99910e-01
 3.26000e+01  9.99862e-01 -1.10332e-03  1.49965e+00 -1.10347e-03  9.99771e-01  9.99909e-01
 3.27000e+01  9.99860e-01 -1.09966e-03  1.49965e+00 -1.09982e-03  9.99768e-01  9.99908e-01
 3.28000e+01  9.99859e-01 -1.09596e-03  1.49965e+00 -1.09612e-03  9.99766e-01  9.99907e-01
 3.29000e+01  9.99858e-01 -1.09222e-03  1.49964e+00 -1.09238e-03  9.99764e-01  9.99906e-01
 3.30000e+01  9.99856e-01 -1.08844e-03  1.49964e+00 -1.08859e-03  9.99762e-01  9.99905e-01
 3.31000e+01  9.99855e-01 -1.08461e-03  1.49964e+00 -1.08477e-03  9.99760e-01  9.99905e-01
 3.32000e+01  9.99854e-01 -1.08074e-03  1.49963e+00 -1.08090e-03  9.99758e-01  9.99904e-01
 3.33000e+01  9.99853e-01 -1.07683e-03  1.49963e+00 -1.07699e-03  9.99756e-01  9.99903e-01
 3.34000e+01  9.99851e-01 -1.07287e-03  1.49963e+00 -1.07303e-03  9.99753e-01  9.99902e-01
 3.35000e+01  9.99850e-01 -1.06888e-03  1.49963e+00 -1.06904e-03  9.99751e-01  9.99901e-01
 3.36000e+01  9.99849e-01 -1.06484e-03  1.49962e+00 -1.06500e-03  9.99749e-01  9.99900e-01
 3.37000e+01  9.99848e-01 -1.06076e-03  1.49962e+00 -1.06092e-03  9.99747e-01  9.99900e-01
 3.38000e+01  9.99846e-01 -1.05664e-03  1.49962e+00 -1.05680e-03  9.99745e-01  9.99899e-01
 3.39000e+01  9.99845e-01 -1.05247e-03  1.49961e+00 -1.05264e-03  9.99743e-01  9.99898e-01
 3.40000e+01  9.99844e-01 -1.04827e-03  1.49961e+00 -1.04844e-03  9.99741e-01  9.99897e-01
 3.41000e+01  9.99843e-01 -1.04403e-03  1.49961e+00 -1.04419e-03  9.99739e-01  9.99896e-01
 3.42000e+01  9.99842e-01 -1.03974e-03  1.49960e+00 -1.03991e-03  9.99737e-01  9.99896e-01
 3.43000e+01  9.99840e-01 -1.03542e-03  1.49960e+00 -1.03558e-03  9.99735e-01  9.99895e-01
 3.44000e+01  9.99839e-01 -1.03105e-03  1.49960e+00 -1.03122e-03  9.99733e-01  9.99894e-01
 3.45000e+01  9.99838e-01 -1.02664e-03  1.49959e+00 -1.02681e-03  9.99731e-01  9.99893e-01
 3.46000e+01  9.99837e-01 -1.02220e-03  1.49959e+00 -1.02236e-03  9.99729e-01  9.99892e-01
 3.47000e+01  9.99836e-01 -1.01771e-03  1.49959e+00 -1.01788e-03  9.99727e-01  9.99892e-01
 3.48000e+01  9.99834e-01 -1.01319e-03  1.49959e+00 -1.01335e-03  9.99725e-01  9.99891e-01
 3.49000e+01  9.99833e-01 -1.00862e-03  1.49958e+00 -1.00879e-03  9.99723e-01  9.99890e-01
 3.50000e+01  9.99832e-01 -1.00402e-03  1.49958e+00 -1.00418e-03  9.99722e-01  9.99889e-01
 3.51000e+01  9.99831e-01 -9.99372e-04  1.49958e+00 -9.99541e-04  9.99720e-01  9.99889e-01
 3.52000e+01  9.99830e-01 -9.94689e-04  1.49957e+00 -9.94858e-04  9.99718e-01  9.99888e-01
 3.53000e+01  9.99829e-01 -9.89967e-04  1.49957e+00 -9.90137e-04  9.99716e-01  9.99887e-01
 3.54000e+01  9.99828e-01 -9.85207e-04  1.49957e+00 -9.85377e-04  9.99714e-01  9.99886e-01
 3.55000e+01  9.99827e-01 -9.80409e-04  1.49957e+00 -9.80579e-04  9.99712e-01  9.99886e-01
 3.56000e+01  9.99825e-01 -9.75572e-04  1.49956e+00 -9.75742e-04  9.99710e-01  9.99885e-01
 3.57000e+01  9.99824e-01 -9.70697e-04  1.49956e+00 -9.70868e-04  9.99709e-01  9.99884e-01
 3.58000e+01  9.99823e-01 -9.65785e-04  1.49956e+00 -9.65956e-04  9.99707e-01  9.99883e-01
 3.59000e+01  9.99822e-01 -9.60835e-04  1.49956e+00 -9.61006e-04  9.99705e-01  9.99883e-01
 3.60000e+01  9.99821e-01 -9.55847e-04  1.49955e+00 -9.56018e-04  9.99703e-01  9.99882e-01
 3.61000e+01  9.99820e-01 -9.50823e-04  1.49955e+00 -9.50994e-04  9.99701e-01  9.99881e-01
 3.62000e+01  9.99819e-01 -9.45761e-04  1.49955e+00 -9.45932e-04  9.99700e-01  9.99881e-01
 3.63000e+01  9.99818e-01 -9.40663e-04  1.49954e+00 -9.40834e-04  9.99698e-01  9.99880e-01
 3.64000e+01  9.99817e-01 -9.35528e-04  1.49954e+00 -9.35699e-04  9.99696e-01  9.99879e-01
 3.65000e+01  9.99816e-01 -9.30356e-04  1.49954e+00 -9.30527e-04  9.99694e-01  9.99879e-01
 3.66000e+01  9.99815e-01 -9.25149e-04  1.49954e+00 -9.25320e-04  9.99693e-01  9.99878e-01
 3.67000e+01  9.99814e-01 -9.19905e-04  1.49953e+00 -9.20076e-04  9.99691e-01  9.99877e-01
 3.68000e+01  9.99813e-01 -9.14626e-04  1.49953e+00 -9.14797e-04  9.99689e-01  9.99876e-01
 3.69000e+01  9.99812e-01 -9.09311e-04  1.49953e+00 -9.09482e-04  9.99688e-01  9.99876e-01
 3.70000e+01  9.99811e-01 -9.03960e-04  1.49953e+00 -9.04131e-04  9.99686e-01  9.99875e-01
 3.71000e+01  9.99810e-01 -8.98575e-04  1.49952e+00 -8.98746e-04  9.99684e-01  9.99875e-01
 3.72000e+01  9.99809e-01 -8.93155e-04  1.49952e+00 -8.93326e-04  9.99683e-01  9.99874e-01
 3.73000e+01  9.99808e-01 -8.87700e-04  1.49952e+00 -8.87870e-04  9.99681e-01  9.99873e-01
 3.74000e+01  9.99807e-01 -8.82210e-04  1.49952e+00 -8.82381e-04  9.99680e-01  9.99873e-01
 3.75000e+01  9.99806e-01 -8.76687e-04  1.49952e+00 -8.76857e-04  9.99678e-01  9.99872e-01
 3.76000e+01  9.99805e-01 -8.71129e-04  1.49951e+00 -8.71299e-04  9.99676e-01  9.99871e-01
 3.77000e+01  9.99804e-01 -8.65537e-04  1.49951e+00 -8.65707e-04  9.99675e-01  9.99871e-01
 3.78000e+01  9.99803e-01 -8.59912e-04  1.49951e+00 -8.60082e-04  9.99673e-01  9.99870e-01
 3.79000e+01  9.99802e-01 -8.54254e-04  1.49951e+00 -8.54423e-04  9.99672e-01  9.99869e-01
 3.80000e+01  9.99801e-01 -8.48562e-04  1.49950e+00 -8.48731e-04  9.99670e-01  9.99869e-01
 3.81000e+01  9.99800e-01 -8.42838e-04  1.49950e+00 -8.43006e-04  9.99669e-01  9.99868e-01
 3.82000e+01  9.99800e-01 -8.37080e-04  1.49950e+00 -8.37248e-04  9.99667e-01  9.99868e-01
 3.83000e+01  9.99799e-01 -8.31290e-04  1.49950e+00 -8.31458e-04  9.99666e-01  9.99867e-01
 3.84000e+01  9.99798e-01 -8.25468e-04  1.49949e+00 -8.25635e-04  9.99664e-01  9.99866e-01
 3.85000e+01  9.99797e-01 -8.19614e-04  1.49949e+00 -8.19781e-04  9.99663e-01  9.99866e-01
 3.86000e+01  9.99796e-01 -8.13729e-04  1.49949e+00 -8.13895e-04  9.99661e-01  9.99865e-01
 3.87000e+01  9.99795e-01 -8.07811e-04  1.49949e+00 -8.07977e-04  9.99660e-01  9.99865e-01
 3.88000e+01  9.99794e-01 -8.01863e-04  1.49949e+00 -8.02028e-04  9.99658e-01  9.99864e-01
 3.89000e+01  9.99793e-01 -7.95883e-04  1.49948e+00 -7.96047e-04  9.99657e-01  9.99864e-01
 3.90000e+01  9.99793e-01 -7.89872e-04  1.49948e+00 -7.90036e-04  9.99656e-01  9.99863e-01
 3.91000e+01  9.99792e-01 -7.83831e-04  1.49948e+00 -7.83995e-04  9.99654e-01  9.99862e-01
 3.92000e+01  9.99791e-01 -7.77760e-04  1.49948e+00 -7.77922e-04  9.99653e-01  9.99862e-01
 3.93000e+01  9.99790e-01 -7.71658e-04  1.49948e+00 -7.71820e-04  9.99651e-01  9.99861e-01
 3.94000e+01  9.99789e-01 -7.65527e-04  1.49947e+00 -7.65688e-04  9.99650e-01  9.99861e-01
 3.95000e+01  9.99788e-01 -7.59365e-04  1.49947e+00 -7.59526e-04  9.99649e-01  9.99860e-01
 3.96000e+01  9.99788e-01 -7.53175e-04  1.49947e+00 -7.53335e-04  9.99647e-01  9.99860e-01
 3.97000e+01  9.99787e-01 -7.46955e-04  1.49947e+00 -7.47114e-04  9.99646e-01  9.99859e-01
 3.98000e+01  9.99786e-01 -7.40706e-04  1.49947e+00 -7.40865e-04  9.99645e-01  9.99859e-01
 3.99000e+01  9.99785e-01 -7.34429e-04  1.49946e+00 -7.34587e-04  9.99644e-01  9.99858e-01
 4.00000e+01  9.99785e-01 -7.28123e-04  1.49946e+00 -7.28280e-04  9.99642e-01  9.99858e-01
 4.01000e+01  9.99784e-01 -7.21790e-04  1.49946e+00 -7.21946e-04  9.99641e-01  9.99857e-01
 4.02000e+01  9.99783e-01 -7.15428e-04  1.49946e+00 -7.15583e-04  9.99640e-01  9.99857e-01
 4.03000e+01  9.99782e-01 -7.09038e-04  1.49946e+00 -7.09193e-04  9.99639e-01  9.99856e-01
 4.04000e+01  9.99782e-01 -7.02621e-04  1.49945e+00 -7.02775e-04  9.99637e-01  9.99856e-01
 4.05000e+01  9.99781e-01 -6.96177e-04  1.49945e+00 -6.96330e-04  9.99636e-01  9.99855e-01
 4.06000e+01  9.99780e-01 -6.89706e-04  1.49945e+00 -6.89858e-04  9.99635e-01  9.99855e-01
 4.07000e+01  9.99779e-01 -6.83209e-04  1.49945e+00 -6.83359e-04  9.99634e-01  9.99854e-01
 4.08000e+01  9.99779e-01 -6.76685e-04  1.49945e+00 -6.76834e-04  9.99633e-01  9.99854e-01
 4.09000e+01  9.99778e-01 -6.70134e-04  1.49945e+00 -6.70283e-04  9.99631e-01  9.99853e-01
 4.10000e+01  9.99777e-01 -6.63558e-04  1.49944e+00 -6.63706e-04  9.99630e-01  9.99853e-01
 4.11000e+01  9.99777e-01 -6.56956e-04  1.49944e+00 -6.57103e-04  9.99629e-01  9.99852e-01
 4.12000e+01  9.99776e-01 -6.50329e-04  1.49944e+00 -6.50475e-04  9.99628e-01  9.99852e-01
 4.13000e+01  9.99775e-01 -6.43677e-04  1.49944e+00 -6.43822e-04  9.99627e-01  9.99852e-01
 4.14000e+01  9.99775e-01 -6.37000e-04  1.49944e+00 -6.37143e-04  9.99626e-01  9.99851e-01
 4.15000e+01  9.99774e-01 -6.30298e-04  1.49944e+00 -6.30441e-04  9.99625e-01  9.99851e-01
 4.16000e+01  9.99773e-01 -6.23572e-04  1.49943e+00 -6.23713e-04  9.99624e-01  9.99850e-01
 4.17000e+01  9.99773e-01 -6.16822e-04  1.49943e+00 -6.16962e-04  9.99623e-01  9.99850e-01
 4.18000e+01  9.99772e-01 -6.10048e-04  1.49943e+00 -6.10187e-04  9.99622e-01  9.99849e-01
 4.19000e+01  9.99772e-01 -6.03250e-04  1.49943e+00 -6.03388e-04  9.99621e-01  9.99849e-01
 4.20000e+01  9.99771e-01 -5.96430e-04  1.49943e+00 -5.96566e-04  9.99620e-01  9.99849e-01
 4.21000e+01  9.99770e-01 -5.89586e-04  1.49943e+00 -5.89721e-04  9.99619e-01  9.99848e-01
 4.22000e+01  9.99770e-01 -5.82719e-04  1.49942e+00 -5.82853e-04  9.99618e-01  9.99848e-01
 4.23000e+01  9.99769e-01 -5.75830e-04  1.49942e+00 -5.75963e-04  9.99617e-01  9.99847e-01
 4.24000e+01  9.99769e-01 -5.68919e-04  1.49942e+00 -5.69051e-04  9.99616e-01  9.99847e-01
 4.25000e+01  9.99768e-01 -5.61986e-04  1.49942e+00 -5.62116e-04  9.99615e-01  9.99847e-01
 4.26000e+01  9.99767e-01 -5.55031e-04  1.49942e+00 -5.55160e-04  9.99614e-01  9.99846e-01
 4.27000e+01  9.99767e-01 -5.48054e-04  1.49942e+00 -5.48182e-04  9.99613e-01  9.99846e-01
 4.28000e+01  9.99766e-01 -5.41057e-04  1.49942e+00 -5.41183e-04  9.99612e-01  9.99846e-01
 4.29000e+01  9.99766e-01 -5.34039e-04  1.49941e+00 -5.34164e-04  9.99611e-01  9.99845e-01
 4.30000e+01  9.99765e-01 -5.27000e-04  1.49941e+00 -5.27123e-04  9.99610e-01  9.99845e-01
 4.31000e+01  9.99765e-01 -5.19940e-04  1.49941e+00 -5.20063e-04  9.99609e-01  9.99844e-01
 4.32000e+01  9.99764e-01 -5.12861e-04  1.49941e+00 -5.12982e-04  9.99608e-01  9.99844e-01
 4.33000e+01  9.99764e-01 -5.05762e-04  1.49941e+00 -5.05882e-04  9.99608e-01  9.99844e-01
 4.34000e+01  9.99763e-01 -4.98644e-04  1.49941e+00 -4.98762e-04  9.99607e-01  9.99843e-01
 4.35000e+01  9.99763e-01 -4.91506e-04  1.49941e+00 -4.91623e-04  9.99606e-01  9.99843e-01
 4.36000e+01  9.99762e-01 -4.84349e-04  1.49941e+00 -4.84464e-04  9.99605e-01  9.99843e-01
 4.37000e+01  9.99762e-01 -4.77174e-04  1.49940e+00 -4.77288e-04  9.99604e-01  9.99842e-01
 4.38000e+01  9.99761e-01 -4.69980e-04  1.49940e+00 -4.70092e-04  9.99603e-01  9.99842e-01
 4.39000e+01  9.99761e-01 -4.62768e-04  1.49940e+00 -4.62879e-04  9.99603e-01  9.99842e-01
 4.40000e+01  9.99760e-01 -4.55539e-04  1.49940e+00 -4.55648e-04  9.99602e-01  9.99842e-01
 4.41000e+01  9.99760e-01 -4.48291e-04  1.49940e+00 -4.48399e-04  9.99601e-01  9.99841e-01
 4.42000e+01  9.99760e-01 -4.41027e-04  1.49940e+00 -4.41133e-04  9.99600e-01  9.99841e-01
 4.43000e+01  9.99759e-01 -4.33745e-04  1.49940e+00 -4.33850e-04  9.99600e-01  9.99841e-01
 4.44000e+01  9.99759e-01 -4.26447e-04  1.49940e+00 -4.26550e-04  9.99599e-01  9.99840e-01
 4.45000e+01  9.99758e-01 -4.19133e-04  1.49940e+00 -4.19234e-04  9.99598e-01  9.99840e-01
 4.46000e+01  9.99758e-01 -4.11802e-04  1.49939e+00 -4.11902e-04  9.99598e-01  9.99840e-01
 4.47000e+01  9.99757e-01 -4.04455e-04  1.49939e+00 -4.04554e-04  9.99597e-01  9.99840e-01
 4.48000e+01  9.99757e-01 -3.97093e-04  1.49939e+00 -3.97190e-04  9.99596e-01  9.99839e-01
 4.49000e+01  9.99757e-01 -3.89716e-04  1.49939e+00 -3.89811e-04  9.99596e-01  9.99839e-01
 4.50000e+01  9.99756e-01 -3.82323e-04  1.49939e+00 -3.82417e-04  9.99595e-01  9.99839e-01
 4.51000e+01  9.99756e-01 -3.74916e-04  1.49939e+00 -3.75008e-04  9.99594e-01  9.99839e-01
 4.52000e+01  9.99756e-01 -3.67495e-04  1.49939e+00 -3.67585e-04  9.99594e-01  9.99838e-01
 4.53000e+01  9.99755e-01 -3.60059e-04  1.49939e+00 -3.60147e-04  9.99593e-01  9.99838e-01
 4.54000e+01  9.99755e-01 -3.52609e-04  1.49939e+00 -3.52696e-04  9.99593e-01  9.99838e-01
 4.55000e+01  9.99754e-01 -3.45146e-04  1.49939e+00 -3.45231e-04  9.99592e-01  9.99838e-01
 4.56000e+01  9.99754e-01 -3.37670e-04  1.49939e+00 -3.37753e-04  9.99592e-01  9.99837e-01
 4.57000e+01  9.99754e-01 -3.30180e-04  1.49938e+00 -3.30262e-04  9.99591e-01  9.99837e-01
 4.58000e+01  9.99753e-01 -3.22678e-04  1.49938e+00 -3.22758e-04  9.99590e-01  9.99837e-01
 4.59000e+01  9.99753e-01 -3.15164e-04  1.49938e+00 -3.15242e-04  9.99590e-01  9.99837e-01
 4.60000e+01  9.99753e-01 -3.07637e-04  1.49938e+00 -3.07713e-04  9.99589e-01  9.99836e-01
 4.61000e+01  9.99753e-01 -3.00099e-04  1.49938e+00 -3.00173e-04  9.99589e-01  9.99836e-01
 4.62000e+01  9.99752e-01 -2.92549e-04  1.49938e+00 -2.92621e-04  9.99588e-01  9.99836e-01
 4.63000e+01  9.99752e-01 -2.84987e-04  1.49938e+00 -2.85058e-04  9.99588e-01  9.99836e-01
 4.64000e+01  9.99752e-01 -2.77415e-04  1.49938e+00 -2.77484e-04  9.99588e-01  9.99836e-01
 4.65000e+01  9.99751e-01 -2.69832e-04  1.49938e+00 -2.69899e-04  9.99587e-01  9.99836e-01
 4.66000e+01  9.99751e-01 -2.62239e-04  1.49938e+00 -2.62304e-04  9.99587e-01  9.99835e-01
 4.67000e+01  9.99751e-01 -2.54636e-04  1.49938e+00 -2.54699e-04  9.99586e-01  9.99835e-01
 4.68000e+01  9.99751e-01 -2.47023e-04  1.49938e+00 -2.47084e-04  9.99586e-01  9.99835e-01
 4.69000e+01  9.99750e-01 -2.39400e-04  1.49938e+00 -2.39460e-04  9.99585e-01  9.99835e-01
 4.70000e+01  9.99750e-01 -2.31768e-04  1.49938e+00 -2.31826e-04  9.99585e-01  9.99835e-01
 4.71000e+01  9.99750e-01 -2.24127e-04  1.49938e+00 -2.24183e-04  9.99585e-01  9.99835e-01
 4.72000e+01  9.99750e-01 -2.16478e-04  1.49937e+00 -2.16532e-04  9.99584e-01  9.99834e-01
 4.73000e+01  9.99750e-01 -2.08820e-04  1.49937e+00 -2.08873e-04  9.99584e-01  9.99834e-01
 4.74000e+01  9.99749e-01 -2.01155e-04  1.49937e+00 -2.01205e-04  9.99584e-01  9.99834e-01
 4.75000e+01  9.99749e-01 -1.93481e-04  1.49937e+00 -1.93530e-04  9.99583e-01  9.99834e-01
 4.76000e+01  9.99749e-01 -1.85800e-04  1.49937e+00 -1.85847e-04  9.99583e-01  9.99834e-01
 4.77000e+01  9.99749e-01 -1.78112e-04  1.49937e+00 -1.78157e-04  9.99583e-01  9.99834e-01
 4.78000e+01  9.99749e-01 -1.70418e-04  1.49937e+00 -1.70460e-04  9.99582e-01  9.99834e-01
 4.79000e+01  9.99749e-01 -1.62716e-04  1.49937e+00 -1.62757e-04  9.99582e-01  9.99834e-01
 4.80000e+01  9.99748e-01 -1.55008e-04  1.49937e+00 -1.55047e-04  9.99582e-01  9.99833e-01
 4.81000e+01  9.99748e-01 -1.47295e-04  1.49937e+00 -1.47332e-04  9.99582e-01  9.99833e-01
 4.82000e+01  9.99748e-01 -1.39576e-04  1.49937e+00 -1.39611e-04  9.99581e-01  9.99833e-01
 4.83000e+01  9.99748e-01 -1.31851e-04  1.49937e+00 -1.31884e-04  9.99581e-01  9.99833e-01
 4.84000e+01  9.99748e-01 -1.24121e-04  1.49937e+00 -1.24153e-04  9.99581e-01  9.99833e-01
 4.85000e+01  9.99748e-01 -1.16387e-04  1.49937e+00 -1.16416e-04  9.99581e-01  9.99833e-01
 4.86000e+01  9.99748e-01 -1.08648e-04  1.49937e+00 -1.08675e-04  9.99581e-01  9.99833e-01
 4.87000e+01  9.99748e-01 -1.00905e-04  1.49937e+00 -1.00930e-04  9.99580e-01  9.99833e-01
 4.88000e+01  9.99747e-01 -9.31578e-05  1.49937e+00 -9.31813e-05  9.99580e-01  9.99833e-01
 4.89000e+01  9.99747e-01 -8.54072e-05  1.49937e+00 -8.54288e-05  9.99580e-01  9.99833e-01
 4.90000e+01  9.99747e-01 -7.76533e-05  1.49937e+00 -7.76730e-05  9.99580e-01  9.99833e-01
 4.91000e+01  9.99747e-01 -6.98965e-05  1.49937e+00 -6.99142e-05  9.99580e-01  9.99833e-01
 4.92000e+01  9.99747e-01 -6.21370e-05  1.49937e+00 -6.21527e-05  9.99580e-01  9.99833e-01
 4.93000e+01  9.99747e-01 -5.43751e-05  1.49937e+00 -5.43889e-05  9.99580e-01  9.99833e-01
 4.94000e+01  9.99747e-01 -4.66111e-05  1.49937e+00 -4.66229e-05  9.99580e-01  9.99833e-01
 4.95000e+01  9.99747e-01 -3.88453e-05  1.49937e+00 -3.88552e-05  9.99580e-01  9.99833e-01
 4.96000e+01  9.99747e-01 -3.10781e-05  1.49937e+00 -3.10859e-05  9.99580e-01  9.99833e-01
 4.97000e+01  9.99747e-01 -2.33096e-05  1.49937e+00 -2.33155e-05  9.99579e-01  9.99833e-01
 4.98000e+01  9.99747e-01 -1.55402e-05  1.49937e+00 -1.55442e-05  9.99579e-01  9.99832e-01
 4.99000e+01  9.99747e-01 -7.77026e-06  1.49937e+00 -7.77223e-06  9.99579e-01  9.99832e-01
 5.00000e+01  9.99747e-01 -0.00000e+00  1.49937e+00 -0.00000e+00  9.99579e-01  9.99832e-01
 5.01000e+01  9.99747e-01  7.77026e-06  1.49937e+00  7.77223e-06  9.99579e-01  9.99832e-01
 5.02000e+01  9.99747e-01  1.55402e-05  1.49937e+00  1.55442e-05  9.99579e-01  9.99832e-01
 5.03000e+01  9.99747e-01  2.33096e-05  1.49937e+00  2.33155e-05  9.99579e-01  9.99833e-01
 5.04000e+01  9.99747e-01  3.10781e-05  1.49937e+00  3.10859e-05  9.99580e-01  9.99833e-01
 5.05000e+01  9.99747e-01  3.88453e-05  1.49937e+00  3.88552e-05  9.99580e-01  9.99833e-01
 5.06000e+01  9.99747e-01  4.66111e-05  1.49937e+00  4.66229e-05  9.99580e-01  9.99833e-01
 5.07000e+01  9.99747e-01  5.43751e-05  1.49937e+00  5.43889e-05  9.99580e-01  9.99833e-01
 5.08000e+01  9.99747e-01  6.21370e-05  1.49937e+00  6.21527e-05  9.99580e-01  9.99833e-01
 5.09000e+01  9.99747e-01  6.98965e-05  1.49937e+00  6.99142e-05  9.99580e-01  9.99833e-01
 5.10000e+01  9.99747e-01  7.76533e-05  1.49937e+00  7.76730e-05  9.99580e-01  9.99833e-01
 5.11000e+01  9.99747e-01  8.54072e-05  1.49937e+00  8.54288e-05  9.99580e-01  9.99833e-01
 5.12000e+01  9.99747e-01  9.31578e-05  1.49937e+00  9.31813e-05  9.99580e-01  9.99833e-01
 5.13000e+01  9.99748e-01  1.00905e-04  1.49937e+00  1.00930e-04  9.99580e-01  9.99833e-01
 5.14000e+01  9.99748e-01  1.08648e-04  1.49937e+00  1.08675e-04  9.99581e-01  9.99833e-01
 5.15000e+01  9.99748e-01  1.16387e-04  1.49937e+00  1.16416e-04  9.99581e-01  9.99833e-01
 5.16000e+01  9.99748e-01  1.24121e-04  1.49937e+00  1.24153e-04  9.99581e-01  9.99833e-01
 5.17000e+01  9.99748e-01  1.31851e-04  1.49937e+00  1.31884e-04  9.99581e-01  9.99833e-01
 5.18000e+01  9.99748e-01  1.39576e-04  1.49937e+00  1.39611e-04  9.99581e-01  9.99833e-01
 5.19000e+01  9.99748e-01  1.47295e-04  1.49937e+00  1.47332e-04  9.99582e-01  9.99833e-01
 5.20000e+01  9.99748e-01  1.55008e-04  1.49937e+00  1.55047e-04  9.99582e-01  9.99833e-01
 5.21000e+01  9.99749e-01  1.62716e-04  1.49937e+00  1.62757e-04  9.99582e-01  9.99834e-01
 5.22000e+01  9.99749e-01  1.70418e-04  1.49937e+00  1.70460e-04  9.99582e-01  9.99834e-01
 5.23000e+01  9.99749e-01  1.78112e-04  1.49937e+00  1.78157e-04  9.99583e-01  9.99834e-01
 5.24000e+01  9.99749e-01  1.85800e-04  1.49937e+00  1.85847e-04  9.99583e-01  9.99834e-01
 5.25000e+01  9.99749e-01  1.93481e-04  1.49937e+00  1.93530e-04  9.99583e-01  9.99834e-01
 5.26000e+01  9.99749e-01  2.01155e-04  1.49937e+00  2.01205e-04  9.99584e-01  9.99834e-01
 5.27000e+01  9.99750e-01  2.08820e-04  1.49937e+00  2.08873e-04  9.99584e-01  9.99834e-01
 5.28000e+01  9.99750e-01  2.16478e-04  1.49937e+00  2.16532e-04  9.99584e-01  9.99834e-01
 5.29000e+01  9.99750e-01  2.24127e-04  1.49938e+00  2.24183e-04  9.99585e-01  9.99835e-01
 5.30000e+01  9.99750e-01  2.31768e-04  1.49938e+00  2.31826e-04  9.99585e-01  9.99835e-01
 5.31000e+01  9.99750e-01  2.39400e-04  1.49938e+00  2.39460e-04  9.99585e-01  9.99835e-01
 5.32000e+01  9.99751e-01  2.47023e-04  1.49938e+00  2.47084e-04  9.99586e-01  9.99835e-01
 5.33000e+01  9.99751e-01  2.54636e-04  1.49938e+00  2.54699e-04  9.99586e-01  9.99835e-01
 5.34000e+01  9.99751e-01  2.62239e-04  1.49938e+00  2.62304e-04  9.99587e-01  9.99835e-01
 5.35000e+01  9.99751e-01  2.69832e-04  1.49938e+00  2.69899e-04  9.99587e-01  9.99836e-01
 5.36000e+01  9.99752e-01  2.77415e-04  1.49938e+00  2.77484e-04  9.99588e-01  9.99836e-01
 5.37000e+01  9.99752e-01  2.84987e-04  1.49938e+00  2.85058e-04  9.99588e-01  9.99836e-01
 5.38000e+01  9.99752e-01  2.92549e-04  1.49938e+00  2.92621e-04  9.99588e-01  9.99836e-01
 5.39000e+01  9.99753e-01  3.00099e-04  1.49938e+00  3.00173e-04  9.99589e-01  9.99836e-01
 5.40000e+01  9.99753e-01  3.07637e-04  1.49938e+00  3.07713e-04  9.99589e-01  9.99836e-01
 5.41000e+01  9.99753e-01  3.15164e-04  1.49938e+00  3.15242e-04  9.99590e-01  9.99837e-01
 5.42000e+01  9.99753e-01  3.22678e-04  1.49938e+00  3.22758e-04  9.99590e-01  9.99837e-01
 5.43000e+01  9.99754e-01  3.30180e-04  1.49938e+00  3.30262e-04  9.99591e-01  9.99837e-01
 5.44000e+01  9.99754e-01  3.37670e-04  1.49939e+00  3.37753e-04  9.99592e-01  9.99837e-01
 5.45000e+01  9.99754e-01  3.45146e-04  1.49939e+00  3.45231e-04  9.99592e-01  9.99838e-01
 5.46000e+01  9.99755e-01  3.52609e-04  1.49939e+00  3.52696e-04  9.99593e-01  9.99838e-01
 5.47000e+01  9.99755e-01  3.60059e-04  1.49939e+00  3.60147e-04  9.99593e-01  9.99838e-01
 5.48000e+01  9.99756e-01  3.67495e-04  1.49939e+00  3.67585e-04  9.99594e-01  9.99838e-01
 5.49000e+01  9.99756e-01  3.74916e-04  1.49939e+00  3.75008e-04  9.99594e-01  9.99839e-01
 5.50000e+01  9.99756e-01  3.82323e-04  1.49939e+00  3.82417e-04  9.99595e-01  9.99839e-01
 5.51000e+01  9.99757e-01  3.89716e-04  1.49939e+00  3.89811e-04  9.99596e-01  9.99839e-01
 5.52000e+01  9.99757e-01  3.97093e-04  1.49939e+00  3.97190e-04  9.99596e-01  9.99839e-01
 5.53000e+01  9.99757e-01  4.04455e-04  1.49939e+00  4.04554e-04  9.99597e-01  9.99840e-01
 5.54000e+01  9.99758e-01  4.11802e-04  1.49939e+00  4.11902e-04  9.99598e-01  9.99840e-01
 5.55000e+01  9.99758e-01  4.19133e-04  1.49940e+00  4.19234e-04  9.99598e-01  9.99840e-01
 5.56000e+01  9.99759e-01  4.26447e-04  1.49940e+00  4.26550e-04  9.99599e-01  9.99840e-01
 5.57000e+01  9.99759e-01  4.33745e-04  1.49940e+00  4.33850e-04  9.99600e-01  9.99841e-01
 5.58000e+01  9.99760e-01  4.41027e-04  1.49940e+00  4.41133e-04  9.99600e-01  9.99841e-01
 5.59000e+01  9.99760e-01  4.48291e-04  1.49940e+00  4.48399e-04  9.99601e-01  9.99841e-01
 5.60000e+01  9.99760e-01  4.55539e-04  1.49940e+00  4.55648e-04  9.99602e-01  9.99842e-01
 5.61000e+01  9.99761e-01  4.62768e-04  1.49940e+00  4.62879e-04  9.99603e-01  9.99842e-01
 5.62000e+01  9.99761e-01  4.69980e-04  1.49940e+00  4.70092e-04  9.99603e-01  9.99842e-01
 5.63000e+01  9.99762e-01  4.77174e-04  1.49940e+00  4.77288e-04  9.99604e-01  9.99842e-01
 5.64000e+01  9.99762e-01  4.84349e-04  1.49941e+00  4.84464e-04  9.99605e-01  9.99843e-01
 5.65000e+01  9.99763e-01  4.91506e-04  1.49941e+00  4.91623e-04  9.99606e-01  9.99843e-01
 5.66000e+01  9.99763e-01  4.98644e-04  1.49941e+00  4.98762e-04  9.99607e-01  9.99843e-01
 5.67000e+01  9.99764e-01  5.05762e-04  1.49941e+00  5.05882e-04  9.99608e-01  9.99844e-01
 5.68000e+01  9.99764e-01  5.12861e-04  1.49941e+00  5.12982e-04  9.99608e-01  9.99844e-01
 5.69000e+01  9.99765e-01  5.19940e-04  1.49941e+00  5.20063e-04  9.99609e-01  9.99844e-01
 5.70000e+01  9.99765e-01  5.27000e-04  1.49941e+00  5.27123e-04  9.99610e-01  9.99845e-01
 5.71000e+01  9.99766e-01  5.34039e-04  1.49941e+00  5.34164e-04  9.99611e-01  9.99845e-01
 5.72000e+01  9.99766e-01  5.41057e-04  1.49942e+00  5.41183e-04  9.99612e-01  9.99846e-01
 5.73000e+01  9.99767e-01  5.48054e-04  1.49942e+00  5.48182e-04  9.99613e-01  9.99846e-01
 5.74000e+01  9.99767e-01  5.55031e-04  1.49942e+00  5.55160e-04  9.99614e-01  9.99846e-01
 5.75000e+01  9.99768e-01  5.61986e-04  1.49942e+00  5.62116e-04  9.99615e-01  9.99847e-01
 5.76000e+01  9.99769e-01  5.68919e-04  1.49942e+00  5.69051e-04  9.99616e-01  9.99847e-01
 5.77000e+01  9.99769e-01  5.75830e-04  1.49942e+00  5.75963e-04  9.99617e-01  9.99847e-01
 5.78000e+01  9.99770e-01  5.82719e-04  1.49942e+00  5.82853e-04  9.99618e-01  9.99848e-01
 5.79000e+01  9.99770e-01  5.89586e-04  1.49943e+00  5.89721e-04  9.99619e-01  9.99848e-01
 5.80000e+01  9.99771e-01  5.96430e-04  1.49943e+00  5.96566e-04  9.99620e-01  9.99849e-01
 5.81000e+01  9.99772e-01  6.03250e-04  1.49943e+00  6.03388e-04  9.99621e-01  9.99849e-01
 5.82000e+01  9.99772e-01  6.10048e-04  1.49943e+00  6.10187e-04  9.99622e-01  9.99849e-01
 5.83000e+01  9.99773e-01  6.16822e-04  1.49943e+00  6.16962e-04  9.99623e-01  9.99850e-01
 5.84000e+01  9.99773e-01  6.23572e-04  1.49943e+00  6.23713e-04  9.99624e-01  9.99850e-01
 5.85000e+01  9.99774e-01  6.30298e-04  1.49944e+00  6.30441e-04  9.99625e-01  9.99851e-01
 5.86000e+01  9.99775e-01  6.37000e-04  1.49944e+00  6.37143e-04  9.99626e-01  9.99851e-01
 5.87000e+01  9.99775e-01  6.43677e-04  1.49944e+00  6.43822e-04  9.99627e-01  9.99852e-01
 5.88000e+01  9.99776e-01  6.50329e-04  1.49944e+00  6.50475e-04  9.99628e-01  9.99852e-01
 5.89000e+01  9.99777e-01  6.56956e-04  1.49944e+00  6.57103e-04  9.99629e-01  9.99852e-01
 5.90000e+01  9.99777e-01  6.63558e-04  1.49944e+00  6.63706e-04  9.99630e-01  9.99853e-01
 5.91000e+01  9.99778e-01  6.70134e-04  1.49945e+00  6.70283e-04  9.99631e-01  9.99853e-01
 5.92000e+01  9.99779e-01  6.76685e-04  1.49945e+00  6.76834e-04  9.99633e-01  9.99854e-01
 5.93000e+01  9.99779e-01  6.83209e-04  1.49945e+00  6.83359e-04  9.99634e-01  9.99854e-01
 5.94000e+01  9.99780e-01  6.89706e-04  1.49945e+00  6.89858e-04  9.99635e-01  9.99855e-01
 5.95000e+01  9.99781e-01  6.96177e-04  1.49945e+00  6.96330e-04  9.99636e-01  9.99855e-01
 5.96000e+01  9.99782e-01  7.02621e-04  1.49945e+00  7.02775e-04  9.99637e-01  9.99856e-01
 5.97000e+01  9.99782e-01  7.09038e-04  1.49946e+00  7.09193e-04  9.99639e-01  9.99856e-01
 5.98000e+01  9.99783e-01  7.15428e-04  1.49946e+00  7.15583e-04  9.99640e-01  9.99857e-01
 5.99000e+01  9.99784e-01  7.21790e-04  1.49946e+00  7.21946e-04  9.99641e-01  9.99857e-01
 6.00000e+01  9.99785e-01  7.28123e-04  1.49946e+00  7.28280e-04  9.99642e-01  9.99858e-01
 6.01000e+01  9.99785e-01  7.34429e-04  1.49946e+00  7.34587e-04  9.99644e-01  9.99858e-01
 6.02000e+01  9.99786e-01  7.40706e-04  1.49947e+00  7.40865e-04  9.99645e-01  9.99859e-01
 6.03000e+01  9.99787e-01  7.46955e-04  1.49947e+00  7.47114e-04  9.99646e-01  9.99859e-01
 6.04000e+01  9.99788e-01  7.53175e-04  1.49947e+00  7.53335e-04  9.99647e-01  9.99860e-01
 6.05000e+01  9.99788e-01  7.59365e-04  1.49947e+00  7.59526e-04  9.99649e-01  9.99860e-01
 6.06000e+01  9.99789e-01  7.65527e-04  1.49947e+00  7.65688e-04  9.99650e-01  9.99861e-01
 6.07000e+01  9.99790e-01  7.71658e-04  1.49948e+00  7.71820e-04  9.99651e-01  9.99861e-01
 6.08000e+01  9.99791e-01  7.77760e-04  1.49948e+00  7.77922e-04  9.99653e-01  9.99862e-01
 6.09000e+01  9.99792e-01  7.83831e-04  1.49948e+00  7.83995e-04  9.99654e-01  9.99862e-01
 6.10000e+01  9.99793e-01  7.89872e-04  1.49948e+00  7.90036e-04  9.99656e-01  9.99863e-01
 6.11000e+01  9.99793e-01  7.95883e-04  1.49948e+00  7.96047e-04  9.99657e-01  9.99864e-01
 6.12000e+01  9.99794e-01  8.01863e-04  1.49949e+00  8.02028e-04  9.99658e-01  9.99864e-01
 6.13000e+01  9.99795e-01  8.07811e-04  1.49949e+00  8.07977e-04  9.99660e-01  9.99865e-01
 6.14000e+01  9.99796e-01  8.13729e-04  1.49949e+00  8.13895e-04  9.99661e-01  9.99865e-01
 6.15000e+01  9.99797e-01  8.19614e-04  1.49949e+00  8.19781e-04  9.99663e-01  9.99866e-01
 6.16000e+01  9.99798e-01  8.25468e-04  1.49949e+00  8.25635e-04  9.99664e-01  9.99866e-01
 6.17000e+01  9.99799e-01  8.31290e-04  1.49950e+00  8.31458e-04  9.99666e-01  9.99867e-01
 6.18000e+01  9.99800e-01  8.37080e-04  1.49950e+00  8.37248e-04  9.99667e-01  9.99868e-01
 6.19000e+01  9.99800e-01  8.42838e-04  1.49950e+00  8.43006e-04  9.99669e-01  9.99868e-01
 6.20000e+01  9.99801e-01  8.48562e-04  1.49950e+00  8.48731e-04  9.99670e-01  9.99869e-01
 6.21000e+01  9.99802e-01  8.54254e-04  1.49951e+00  8.54423e-04  9.99672e-01  9.99869e-01
 6.22000e+01  9.99803e-01  8.59912e-04  1.49951e+00  8.60082e-04  9.99673e-01  9.99870e-01
 6.23000e+01  9.99804e-01  8.65537e-04  1.49951e+00  8.65707e-04  9.99675e-01  9.99871e-01
 6.24000e+01  9.99805e-01  8.71129e-04  1.49951e+00  8.71299e-04  9.99676e-01  9.99871e-01
 6.25000e+01  9.99806e-01  8.76687e-04  1.49952e+00  8.76857e-04  9.99678e-01  9.99872e-01
 6.26000e+01  9.99807e-01  8.82210e-04  1.49952e+00  8.82381e-04  9.99680e-01  9.99873e-01
 6.27000e+01  9.99808e-01  8.87700e-04  1.49952e+00  8.87870e-04  9.99681e-01  9.99873e-01
 6.28000e+01  9.99809e-01  8.93155e-04  1.49952e+00  8.93326e-04  9.99683e-01  9.99874e-01
 6.29000e+01  9.99810e-01  8.98575e-04  1.49952e+00  8.98746e-04  9.99684e-01  9.99875e-01
 6.30000e+01  9.99811e-01  9.03960e-04  1.49953e+00  9.04131e-04  9.99686e-01  9.99875e-01
 6.31000e+01  9.99812e-01  9.09311e-04  1.49953e+00  9.09482e-04  9.99688e-01  9.99876e-01
 6.32000e+01  9.99813e-01  9.14626e-04  1.49953e+00  9.14797e-04  9.99689e-01  9.99876e-01
 6.33000e+01  9.99814e-01  9.19905e-04  1.49953e+00  9.20076e-04  9.99691e-01  9.99877e-01
 6.34000e+01  9.99815e-01  9.25149e-04  1.49954e+00  9.25320e-04  9.99693e-01  9.99878e-01
 6.35000e+01  9.99816e-01  9.30356e-04  1.49954e+00  9.30527e-04  9.99694e-01  9.99879e-01
 6.36000e+01  9.99817e-01  9.35528e-04  1.49954e+00  9.35699e-04  9.99696e-01  9.99879e-01
 6.37000e+01  9.99818e-01  9.40663e-04  1.49954e+00  9.40834e-04  9.99698e-01  9.99880e-01
 6.38000e+01  9.99819e-01  9.45761e-04  1.49955e+00  9.45932e-04  9.99700e-01  9.99881e-01
 6.39000e+01  9.99820e-01  9.50823e-04  1.49955e+00  9.50994e-04  9.99701e-01  9.99881e-01
 6.40000e+01  9.99821e-01  9.55847e-04  1.49955e+00  9.56018e-04  9.99703e-01  9.99882e-01
 6.41000e+01  9.99822e-01  9.60835e-04  1.49956e+00  9.61006e-04  9.99705e-01  9.99883e-01
 6.42000e+01  9.99823e-01  9.65785e-04  1.49956e+00  9.65956e-04  9.99707e-01  9.99883e-01
 6.43000e+01  9.99824e-01  9.70697e-04  1.49956e+00  9.70868e-04  9.99709e-01  9.99884e-01
 6.44000e+01  9.99825e-01  9.75572e-04  1.49956e+00  9.75742e-04  9.99710e-01  9.99885e-01
 6.45000e+01  9.99827e-01  9.80409e-04  1.49957e+00  9.80579e-04  9.99712e-01  9.99886e-01
 6.46000e+01  9.99828e-01  9.85207e-04  1.49957e+00  9.85377e-04  9.99714e-01  9.99886e-01
 6.47000e+01  9.99829e-01  9.89967e-04  1.49957e+00  9.90137e-04  9.99716e-01  9.99887e-01
 6.48000e+01  9.99830e-01  9.94689e-04  1.49957e+00  9.94858e-04  9.99718e-01  9.99888e-01
 6.49000e+01  9.99831e-01  9.99372e-04  1.49958e+00  9.99541e-04  9.99720e-01  9.99889e-01
 6.50000e+01  9.99832e-01  1.00402e-03  1.49958e+00  1.00418e-03  9.99722e-01  9.99889e-01
 6.51000e+01  9.99833e-01  1.00862e-03  1.49958e+00  1.00879e-03  9.99723e-01  9.99890e-01
 6.52000e+01  9.99834e-01  1.01319e-03  1.49959e+00  1.01335e-03  9.99725e-01  9.99891e-01
 6.53000e+01  9.99836e-01  1.01771e-03  1.49959e+00  1.01788e-03  9.99727e-01  9.99892e-01
 6.54000e+01  9.99837e-01  1.02220e-03  1.49959e+00  1.02236e-03  9.99729e-01  9.99892e-01
 6.55000e+01  9.99838e-01  1.02664e-03  1.49959e+00  1.02681e-03  9.99731e-01  9.99893e-01
 6.56000e+01  9.99839e-01  1.03105e-03  1.49960e+00  1.03122e-03  9.99733e-01  9.99894e-01
 6.57000e+01  9.99840e-01  1.03542e-03  1.49960e+00  1.03558e-03  9.99735e-01  9.99895e-01
 6.58000e+01  9.99842e-01  1.03974e-03  1.49960e+00  1.03991e-03  9.99737e-01  9.99896e-01
 6.59000e+01  9.99843e-01  1.04403e-03  1.49961e+00  1.04419e-03  9.99739e-01  9.99896e-01
 6.60000e+01  9.99844e-01  1.04827e-03  1.49961e+00  1.04844e-03  9.99741e-01  9.99897e-01
 6.61000e+01  9.99845e-01  1.05247e-03  1.49961e+00  1.05264e-03  9.99743e-01  9.99898e-01
 6.62000e+01  9.99846e-01  1.05664e-03  1.49962e+00  1.05680e-03  9.99745e-01  9.99899e-01
 6.63000e+01  9.99848e-01  1.06076e-03  1.49962e+00  1.06092e-03  9.99747e-01  9.99900e-01
 6.64000e+01  9.99849e-01  1.06484e-03  1.49962e+00  1.06500e-03  9.99749e-01  9.99900e-01
 6.65000e+01  9.99850e-01  1.06888e-03  1.49963e+00  1.06904e-03  9.99751e-01  9.99901e-01
 6.66000e+01  9.99851e-01  1.07287e-03  1.49963e+00  1.07303e-03  9.99753e-01  9.99902e-01
 6.67000e+01  9.99853e-01  1.07683e-03  1.49963e+00  1.07699e-03  9.99756e-01  9.99903e-01
 6.68000e+01  9.99854e-01  1.08074e-03  1.49963e+00  1.08090e-03  9.99758e-01  9.99904e-01
 6.69000e+01  9.99855e-01  1.08461e-03  1.49964e+00  1.08477e-03  9.99760e-01  9.99905e-01
 6.70000e+01  9.99856e-01  1.08844e-03  1.49964e+00  1.08859e-03  9.99762e-01  9.99905e-01
 6.71000e+01  9.99858e-01  1.09222e-03  1.49964e+00  1.09238e-03  9.99764e-01  9.99906e-01
 6.72000e+01  9.99859e-01  1.09596e-03  1.49965e+00  1.09612e-03  9.99766e-01  9.99907e-01
 6.73000e+01  9.99860e-01  1.09966e-03  1.49965e+00  1.09982e-03  9.99768e-01  9.99908e-01
 6.74000e+01  9.99862e-01  1.10332e-03  1.49965e+00  1.10347e-03  9.99771e-01  9.99909e-01
 6.75000e+01  9.99863e-01  1.10693e-03  1.49966e+00  1.10708e-03  9.99773e-01  9.99910e-01
 6.76000e+01  9.99864e-01  1.11050e-03  1.49966e+00  1.11065e-03  9.99775e-01  9.99911e-01
 6.77000e+01  9.99866e-01  1.11403e-03  1.49966e+00  1.11418e-03  9.99777e-01  9.99912e-01
 6.78000e+01  9.99867e-01  1.11751e-03  1.49967e+00  1.11766e-03  9.99779e-01  9.99912e-01
 6.79000e+01  9.99868e-01  1.12095e-03  1.49967e+00  1.12110e-03  9.99782e-01  9.99913e-01
 6.80000e+01  9.99870e-01  1.12435e-03  1.49967e+00  1.12449e-03  9.99784e-01  9.99914e-01
 6.81000e+01  9.99871e-01  1.12770e-03  1.49968e+00  1.12784e-03  9.99786e-01  9.99915e-01
 6.82000e+01  9.99872e-01  1.13100e-03  1.49968e+00  1.13115e-03  9.99788e-01  9.99916e-01
 6.83000e+01  9.99874e-01  1.13427e-03  1.49968e+00  1.13441e-03  9.99791e-01  9.99917e-01
 6.84000e+01  9.99875e-01  1.13748e-03  1.49969e+00  1.13763e-03  9.99793e-01  9.99918e-01
 6.85000e+01  9.99877e-01  1.14066e-03  1.49969e+00  1.14080e-03  9.99795e-01  9.99919e-01
 6.86000e+01  9.99878e-01  1.14379e-03  1.49969e+00  1.14393e-03  9.99798e-01  9.99920e-01
 6.87000e+01  9.99879e-01  1.14687e-03  1.49970e+00  1.14701e-03  9.99800e-01  9.99921e-01
 6.88000e+01  9.99881e-01  1.14991e-03  1.49970e+00  1.15005e-03  9.99802e-01  9.99922e-01
 6.89000e+01  9.99882e-01  1.15290e-03  1.49971e+00  1.15304e-03  9.99805e-01  9.99922e-01
 6.90000e+01  9.99884e-01  1.15585e-03  1.49971e+00  1.15599e-03  9.99807e-01  9.99923e-01
 6.91000e+01  9.99885e-01  1.15876e-03  1.49971e+00  1.15889e-03  9.99809e-01  9.99924e-01
 6.92000e+01  9.99886e-01  1.16161e-03  1.49972e+00  1.16175e-03  9.99812e-01  9.99925e-01
 6.93000e+01  9.99888e-01  1.16443e-03  1.49972e+00  1.16456e-03  9.99814e-01  9.99926e-01
 6.94000e+01  9.99889e-01  1.16719e-03  1.49972e+00  1.16732e-03  9.99817e-01  9.99927e-01
 6.95000e+01  9.99891e-01  1.16991e-03  1.49973e+00  1.17004e-03  9.99819e-01  9.99928e-01
 6.96000e+01  9.99892e-01  1.17259e-03  1.49973e+00  1.17272e-03  9.99821e-01  9.99929e-01
 6.97000e+01  9.99894e-01  1.17522e-03  1.49973e+00  1.17534e-03  9.99824e-01  9.99930e-01
 6.98000e+01  9.99895e-01  1.17780e-03  1.49974e+00  1.17793e-03  9.99826e-01  9.99931e-01
 6.99000e+01  9.99897e-01  1.18034e-03  1.49974e+00  1.18046e-03  9.99829e-01  9.99932e-01
 7.00000e+01  9.99898e-01  1.18283e-03  1.49975e+00  1.18295e-03  9.99831e-01  9.99933e-01
 7.01000e+01  9.99900e-01  1.18527e-03  1.49975e+00  1.18539e-03  9.99834e-01  9.99934e-01
 7.02000e+01  9.99901e-01  1.18767e-03  1.49975e+00  1.18779e-03  9.99836e-01  9.99935e-01
 7.03000e+01  9.99903e-01  1.19002e-03  1.49976e+00  1.19014e-03  9.99839e-01  9.99936e-01
 7.04000e+01  9.99904e-01  1.19232e-03  1.49976e+00  1.19244e-03  9.99841e-01  9.99937e-01
 7.05000e+01  9.99906e-01  1.19458e-03  1.49976e+00  1.19469e-03  9.99844e-01  9.99938e-01
 7.06000e+01  9.99907e-01  1.19679e-03  1.49977e+00  1.19690e-03  9.99846e-01  9.99939e-01
 7.07000e+01  9.99909e-01  1.19895e-03  1.49977e+00  1.19906e-03  9.99849e-01  9.99940e-01
 7.08000e+01  9.99910e-01  1.20107e-03  1.49978e+00  1.20118e-03  9.99851e-01  9.99941e-01
 7.09000e+01  9.99912e-01  1.20314e-03  1.49978e+00  1.20324e-03  9.99854e-01  9.99942e-01
 7.10000e+01  9.99913e-01  1.20516e-03  1.49978e+00  1.20526e-03  9.99856e-01  9.99943e-01
 7.11000e+01  9.99915e-01  1.20713e-03  1.49979e+00  1.20723e-03  9.99859e-01  9.99944e-01
 7.12000e+01  9.99916e-01  1.20906e-03  1.49979e+00  1.20916e-03  9.99861e-01  9.99945e-01
 7.13000e+01  9.99918e-01  1.21094e-03  1.49979e+00  1.21103e-03  9.99864e-01  9.99946e-01
 7.14000e+01  9.99919e-01  1.21277e-03  1.49980e+00  1.21286e-03  9.99867e-01  9.99947e-01
 7.15000e+01  9.99921e-01  1.21455e-03  1.49980e+00  1.21465e-03  9.99869e-01  9.99948e-01
 7.16000e+01  9.99923e-01  1.21628e-03  1.49981e+00  1.21638e-03  9.99872e-01  9.99949e-01
 7.17000e+01  9.99924e-01  1.21797e-03  1.49981e+00  1.21806e-03  9.99874e-01  9.99950e-01
 7.18000e+01  9.99926e-01  1.21961e-03  1.49981e+00  1.21970e-03  9.99877e-01  9.99951e-01
 7.19000e+01  9.99927e-01  1.22120e-03  1.49982e+00  1.22129e-03  9.99880e-01  9.99952e-01
 7.20000e+01  9.99929e-01  1.22275e-03  1.49982e+00  1.22283e-03  9.99882e-01  9.99953e-01
 7.21000e+01  9.99931e-01  1.22424e-03  1.49983e+00  1.22433e-03  9.99885e-01  9.99955e-01
 7.22000e+01  9.99932e-01  1.22569e-03  1.49983e+00  1.22577e-03  9.99888e-01  9.99956e-01
 7.23000e+01  9.99934e-01  1.22709e-03  1.49983e+00  1.22717e-03  9.99890e-01  9.99957e-01
 7.24000e+01  9.99935e-01  1.22844e-03  1.49984e+00  1.22852e-03  9.99893e-01  9.99958e-01
 7.25000e+01  9.99937e-01  1.22974e-03  1.49984e+00  1.22981e-03  9.99896e-01  9.99959e-01
 7.26000e+01  9.99939e-01  1.23099e-03  1.49985e+00  1.23107e-03  9.99898e-01  9.99960e-01
 7.27000e+01  9.99940e-01  1.23220e-03  1.49985e+00  1.23227e-03  9.99901e-01  9.99961e-01
 7.28000e+01  9.99942e-01  1.23335e-03  1.49985e+00  1.23342e-03  9.99904e-01  9.99962e-01
 7.29000e+01  9.99943e-01  1.23446e-03  1.49986e+00  1.23453e-03  9.99907e-01  9.99963e-01
 7.30000e+01  9.99945e-01  1.23552e-03  1.49986e+00  1.23558e-03  9.99909e-01  9.99964e-01
 7.31000e+01  9.99947e-01  1.23653e-03  1.49987e+00  1.23659e-03  9.99912e-01  9.99965e-01
 7.32000e+01  9.99948e-01  1.23749e-03  1.49987e+00  1.23755e-03  9.99915e-01  9.99966e-01
 7.33000e+01  9.99950e-01  1.23840e-03  1.49988e+00  1.23846e-03  9.99918e-01  9.99967e-01
 7.34000e+01  9.99952e-01  1.23926e-03  1.49988e+00  1.23932e-03  9.99920e-01  9.99969e-01
 7.35000e+01  9.99953e-01  1.24008e-03  1.49988e+00  1.24014e-03  9.99923e-01  9.99970e-01
 7.36000e+01  9.99955e-01  1.24084e-03  1.49989e+00  1.24090e-03  9.99926e-01  9.99971e-01
 7.37000e+01  9.99957e-01  1.24156e-03  1.49989e+00  1.24161e-03  9.99929e-01  9.99972e-01
 7.38000e+01  9.99958e-01  1.24223e-03  1.49990e+00  1.24228e-03  9.99931e-01  9.99973e-01
 7.39000e+01  9.99960e-01  1.24285e-03  1.49990e+00  1.24289e-03  9.99934e-01  9.99974e-01
 7.40000e+01  9.99962e-01  1.24341e-03  1.49990e+00  1.24346e-03  9.99937e-01  9.99975e-01
 7.41000e+01  9.99963e-01  1.24393e-03  1.49991e+00  1.24398e-03  9.99940e-01  9.99976e-01
 7.42000e+01  9.99965e-01  1.24441e-03  1.49991e+00  1.24445e-03  9.99943e-01  9.99977e-01
 7.43000e+01  9.99967e-01  1.24483e-03  1.49992e+00  1.24487e-03  9.99945e-01  9.99979e-01
 7.44000e+01  9.99969e-01  1.24520e-03  1.49992e+00  1.24524e-03  9.99948e-01  9.99980e-01
 7.45000e+01  9.99970e-01  1.24552e-03  1.49993e+00  1.24556e-03  9.99951e-01  9.99981e-01
 7.46000e+01  9.99972e-01  1.24580e-03  1.49993e+00  1.24583e-03  9.99954e-01  9.99982e-01
 7.47000e+01  9.99974e-01  1.24602e-03  1.49993e+00  1.24605e-03  9.99957e-01  9.99983e-01
 7.48000e+01  9.99975e-01  1.24620e-03  1.49994e+00  1.24623e-03  9.99960e-01  9.99984e-01
 7.49000e+01  9.99977e-01  1.24632e-03  1.49994e+00  1.24635e-03  9.99962e-01  9.99985e-01
 7.50000e+01  9.99979e-01  1.24640e-03  1.49995e+00  1.24643e-03  9.99965e-01  9.99986e-01
 7.51000e+01  9.99981e-01  1.24643e-03  1.49995e+00  1.24645e-03  9.99968e-01  9.99988e-01
 7.52000e+01  9.99982e-01  1.24641e-03  1.49996e+00  1.24643e-03  9.99971e-01  9.99989e-01
 7.53000e+01  9.99984e-01  1.24633e-03  1.49996e+00  1.24635e-03  9.99974e-01  9.99990e-01
 7.54000e+01  9.99986e-01  1.24621e-03  1.49996e+00  1.24623e-03  9.99977e-01  9.99991e-01
 7.55000e+01  9.99988e-01  1.24604e-03  1.49997e+00  1.24606e-03  9.99980e-01  9.99992e-01
 7.56000e+01  9.99989e-01  1.24582e-03  1.49997e+00  1.24584e-03  9.99983e-01  9.99993e-01
 7.57000e+01  9.99991e-01  1.24556e-03  1.49998e+00  1.24557e-03  9.99985e-01  9.99994e-01
 7.58000e+01  9.99993e-01  1.24524e-03  1.49998e+00  1.24525e-03  9.99988e-01  9.99996e-01
 7.59000e+01  9.99994e-01  1.24487e-03  1.49999e+00  1.24488e-03  9.99991e-01  9.99997e-01
 7.60000e+01  9.99996e-01  1.24445e-03  1.49999e+00  1.24446e-03  9.99994e-01  9.99998e-01
 7.61000e+01  9.99998e-01  1.24399e-03  1.49999e+00  1.24399e-03  9.99997e-01  9.99999e-01
 7.62000e+01  1.00000e+00  1.24347e-03  1.50000e+00  1.24347e-03  1.00000e+00  1.00000e+00
 7.63000e+01  1.00000e+00  1.24291e-03  1.50000e+00  1.24291e-03  1.00000e+00  1.00000e+00
 7.64000e+01  1.00000e+00  1.24230e-03  1.50001e+00  1.24229e-03  1.00001e+00  1.00000e+00
 7.65000e+01  1.00001e+00  1.24163e-03  1.50001e+00  1.24163e-03  1.00001e+00  1.00000e+00
 7.66000e+01  1.00001e+00  1.24092e-03  1.50002e+00  1.24091e-03  1.00001e+00  1.00000e+00
 7.67000e+01  1.00001e+00  1.24016e-03  1.50002e+00  1.24015e-03  1.00001e+00  1.00001e+00
 7.68000e+01  1.00001e+00  1.23935e-03  1.50003e+00  1.23934e-03  1.00002e+00  1.00001e+00
 7.69000e+01  1.00001e+00  1.23849e-03  1.50003e+00  1.23848e-03  1.00002e+00  1.00001e+00
 7.70000e+01  1.00001e+00  1.23758e-03  1.50003e+00  1.23756e-03  1.00002e+00  1.00001e+00
 7.71000e+01  1.00002e+00  1.23662e-03  1.50004e+00  1.23660e-03  1.00003e+00  1.00001e+00
 7.72000e+01  1.00002e+00  1.23562e-03  1.50004e+00  1.23560e-03  1.00003e+00  1.00001e+00
 7.73000e+01  1.00002e+00  1.23456e-03  1.50005e+00  1.23454e-03  1.00003e+00  1.00001e+00
 7.74000e+01  1.00002e+00  1.23346e-03  1.50005e+00  1.23343e-03  1.00004e+00  1.00001e+00
 7.75000e+01  1.00002e+00  1.23230e-03  1.50006e+00  1.23227e-03  1.00004e+00  1.00002e+00
 7.76000e+01  1.00002e+00  1.23110e-03  1.50006e+00  1.23107e-03  1.00004e+00  1.00002e+00
 7.77000e+01  1.00003e+00  1.22985e-03  1.50007e+00  1.22982e-03  1.00004e+00  1.00002e+00
 7.78000e+01  1.00003e+00  1.22855e-03  1.50007e+00  1.22851e-03  1.00005e+00  1.00002e+00
 7.79000e+01  1.00003e+00  1.22720e-03  1.50007e+00  1.22716e-03  1.00005e+00  1.00002e+00
 7.80000e+01  1.00003e+00  1.22580e-03  1.50008e+00  1.22576e-03  1.00005e+00  1.00002e+00
 7.81000e+01  1.00003e+00  1.22436e-03  1.50008e+00  1.22431e-03  1.00006e+00  1.00002e+00
 7.82000e+01  1.00004e+00  1.22286e-03  1.50009e+00  1.22282e-03  1.00006e+00  1.00002e+00
 7.83000e+01  1.00004e+00  1.22132e-03  1.50009e+00  1.22127e-03  1.00006e+00  1.00002e+00
 7.84000e+01  1.00004e+00  1.21972e-03  1.50010e+00  1.21968e-03  1.00006e+00  1.00003e+00
 7.85000e+01  1.00004e+00  1.21808e-03  1.50010e+00  1.21803e-03  1.00007e+00  1.00003e+00
 7.86000e+01  1.00004e+00  1.21639e-03  1.50011e+00  1.21634e-03  1.00007e+00  1.00003e+00
 7.87000e+01  1.00004e+00  1.21466e-03  1.50011e+00  1.21460e-03  1.00007e+00  1.00003e+00
 7.88000e+01  1.00005e+00  1.21287e-03  1.50012e+00  1.21282e-03  1.00008e+00  1.00003e+00
 7.89000e+01  1.00005e+00  1.21104e-03  1.50012e+00  1.21098e-03  1.00008e+00  1.00003e+00
 7.90000e+01  1.00005e+00  1.20916e-03  1.50012e+00  1.20910e-03  1.00008e+00  1.00003e+00
 7.91000e+01  1.00005e+00  1.20723e-03  1.50013e+00  1.20716e-03  1.00009e+00  1.00003e+00
 7.92000e+01  1.00005e+00  1.20525e-03  1.50013e+00  1.20518e-03  1.00009e+00  1.00004e+00
 7.93000e+01  1.00006e+00  1.20322e-03  1.50014e+00  1.20316e-03  1.00009e+00  1.00004e+00
 7.94000e+01  1.00006e+00  1.20115e-03  1.50014e+00  1.20108e-03  1.00009e+00  1.00004e+00
 7.95000e+01  1.00006e+00  1.19903e-03  1.50015e+00  1.19896e-03  1.00010e+00  1.00004e+00
 7.96000e+01  1.00006e+00  1.19686e-03  1.50015e+00  1.19679e-03  1.00010e+00  1.00004e+00
 7.97000e+01  1.00006e+00  1.19464e-03  1.50016e+00  1.19457e-03  1.00010e+00  1.00004e+00
 7.98000e+01  1.00006e+00  1.19238e-03  1.50016e+00  1.19230e-03  1.00011e+00  1.00004e+00
 7.99000e+01  1.00007e+00  1.19007e-03  1.50016e+00  1.18999e-03  1.00011e+00  1.00004e+00
 8.00000e+01  1.00007e+00  1.18771e-03  1.50017e+00  1.18763e-03  1.00011e+00  1.00005e+00
 8.01000e+01  1.00007e+00  1.18530e-03  1.50017e+00  1.18522e-03  1.00012e+00  1.00005e+00
 8.02000e+01  1.00007e+00  1.18285e-03  1.50018e+00  1.18276e-03  1.00012e+00  1.00005e+00
 8.03000e+01  1.00007e+00  1.18035e-03  1.50018e+00  1.18026e-03  1.00012e+00  1.00005e+00
 8.04000e+01  1.00007e+00  1.17780e-03  1.50019e+00  1.17771e-03  1.00012e+00  1.00005e+00
 8.05000e+01  1.00008e+00  1.17521e-03  1.50019e+00  1.17512e-03  1.00013e+00  1.00005e+00
 8.06000e+01  1.00008e+00  1.17257e-03  1.50020e+00  1.17247e-03  1.00013e+00  1.00005e+00
 8.07000e+01  1.00008e+00  1.16988e-03  1.50020e+00  1.16978e-03  1.00013e+00  1.00005e+00
 8.08000e+01  1.00008e+00  1.16714e-03  1.50021e+00  1.16705e-03  1.00014e+00  1.00005e+00
 8.09000e+01  1.00008e+00  1.16436e-03  1.50021e+00  1.16427e-03  1.00014e+00  1.00006e+00
 8.10000e+01  1.00009e+00  1.16154e-03  1.50021e+00  1.16144e-03  1.00014e+00  1.00006e+00
 8.11000e+01  1.00009e+00  1.15866e-03  1.50022e+00  1.15856e-03  1.00015e+00  1.00006e+00
 8.12000e+01  1.00009e+00  1.15574e-03  1.50022e+00  1.15564e-03  1.00015e+00  1.00006e+00
 8.13000e+01  1.00009e+00  1.15278e-03  1.50023e+00  1.15267e-03  1.00015e+00  1.00006e+00
 8.14000e+01  1.00009e+00  1.14977e-03  1.50023e+00  1.14966e-03  1.00015e+00  1.00006e+00
 8.15000e+01  1.00009e+00  1.14671e-03  1.50024e+00  1.14660e-03  1.00016e+00  1.00006e+00
 8.16000e+01  1.00010e+00  1.14361e-03  1.50024e+00  1.14350e-03  1.00016e+00  1.00006e+00
 8.17000e+01  1.00010e+00  1.14046e-03  1.50025e+00  1.14035e-03  1.00016e+00  1.00006e+00
 8.18000e+01  1.00010e+00  1.13727e-03  1.50025e+00  1.13715e-03  1.00017e+00  1.00007e+00
 8.19000e+01  1.00010e+00  1.13403e-03  1.50025e+00  1.13391e-03  1.00017e+00  1.00007e+00
 8.20000e+01  1.00010e+00  1.13074e-03  1.50026e+00  1.13063e-03  1.00017e+00  1.00007e+00
 8.21000e+01  1.00011e+00  1.12741e-03  1.50026e+00  1.12729e-03  1.00017e+00  1.00007e+00
 8.22000e+01  1.00011e+00  1.12404e-03  1.50027e+00  1.12392e-03  1.00018e+00  1.00007e+00
 8.23000e+01  1.00011e+00  1.12062e-03  1.50027e+00  1.12050e-03  1.00018e+00  1.00007e+00
 8.24000e+01  1.00011e+00  1.11716e-03  1.50028e+00  1.11703e-03  1.00018e+00  1.00007e+00
 8.25000e+01  1.00011e+00  1.11365e-03  1.50028e+00  1.11352e-03  1.00019e+00  1.00007e+00
 8.26000e+01  1.00011e+00  1.11010e-03  1.50028e+00  1.10997e-03  1.00019e+00  1.00008e+00
 8.27000e+01  1.00012e+00  1.10650e-03  1.50029e+00  1.10637e-03  1.00019e+00  1.00008e+00
 8.28000e+01  1.00012e+00  1.10286e-03  1.50029e+00  1.10273e-03  1.00020e+00  1.00008e+00
 8.29000e+01  1.00012e+00  1.09917e-03  1.50030e+00  1.09904e-03  1.00020e+00  1.00008e+00
 8.30000e+01  1.00012e+00  1.09545e-03  1.50030e+00  1.09531e-03  1.00020e+00  1.00008e+00
 8.31000e+01  1.00012e+00  1.09167e-03  1.50031e+00  1.09154e-03  1.00020e+00  1.00008e+00
 8.32000e+01  1.00012e+00  1.08786e-03  1.50031e+00  1.08772e-03  1.00021e+00  1.00008e+00
 8.33000e+01  1.00013e+00  1.08400e-03  1.50032e+00  1.08386e-03  1.00021e+00  1.00008e+00
 8.34000e+01  1.00013e+00  1.08010e-03  1.50032e+00  1.07996e-03  1.00021e+00  1.00008e+00
 8.35000e+01  1.00013e+00  1.07615e-03  1.50032e+00  1.07601e-03  1.00022e+00  1.00009e+00
 8.36000e+01  1.00013e+00  1.07216e-03  1.50033e+00  1.07202e-03  1.00022e+00  1.00009e+00
 8.37000e+01  1.00013e+00  1.06813e-03  1.50033e+00  1.06799e-03  1.00022e+00  1.00009e+00
 8.38000e+01  1.00013e+00  1.06406e-03  1.50034e+00  1.06391e-03  1.00022e+00  1.00009e+00
 8.39000e+01  1.00014e+00  1.05994e-03  1.50034e+00  1.05980e-03  1.00023e+00  1.00009e+00
 8.40000e+01  1.00014e+00  1.05578e-03  1.50035e+00  1.05564e-03  1.00023e+00  1.00009e+00
 8.41000e+01  1.00014e+00  1.05158e-03  1.50035e+00  1.05144e-03  1.00023e+00  1.00009e+00
 8.42000e+01  1.00014e+00  1.04734e-03  1.50035e+00  1.04719e-03  1.00023e+00  1.00009e+00
 8.43000e+01  1.00014e+00  1.04306e-03  1.50036e+00  1.04291e-03  1.00024e+00  1.00009e+00
 8.44000e+01  1.00014e+00  1.03873e-03  1.50036e+00  1.03858e-03  1.00024e+00  1.00010e+00
 8.45000e+01  1.00015e+00  1.03436e-03  1.50037e+00  1.03421e-03  1.00024e+00  1.00010e+00
 8.46000e+01  1.00015e+00  1.02995e-03  1.50037e+00  1.02980e-03  1.00025e+00  1.00010e+00
 8.47000e+01  1.00015e+00  1.02551e-03  1.50037e+00  1.02535e-03  1.00025e+00  1.00010e+00
 8.48000e+01  1.00015e+00  1.02101e-03  1.50038e+00  1.02086e-03  1.00025e+00  1.00010e+00
 8.49000e+01  1.00015e+00  1.01648e-03  1.50038e+00  1.01633e-03  1.00025e+00  1.00010e+00
 8.50000e+01  1.00015e+00  1.01191e-03  1.50039e+00  1.01176e-03  1.00026e+00  1.00010e+00
 8.51000e+01  1.00016e+00  1.00730e-03  1.50039e+00  1.00714e-03  1.00026e+00  1.00010e+00
 8.52000e+01  1.00016e+00  1.00265e-03  1.50040e+00  1.00249e-03  1.00026e+00  1.00010e+00
 8.53000e+01  1.00016e+00  9.97955e-04  1.50040e+00  9.97795e-04  1.00027e+00  1.00011e+00
 8.54000e+01  1.00016e+00  9.93222e-04  1.50040e+00  9.93062e-04  1.00027e+00  1.00011e+00
 8.55000e+01  1.00016e+00  9.88450e-04  1.50041e+00  9.88289e-04  1.00027e+00  1.00011e+00
 8.56000e+01  1.00016e+00  9.83639e-04  1.50041e+00  9.83477e-04  1.00027e+00  1.00011e+00
 8.57000e+01  1.00017e+00  9.78788e-04  1.50042e+00  9.78626e-04  1.00028e+00  1.00011e+00
 8.58000e+01  1.00017e+00  9.73899e-04  1.50042e+00  9.73735e-04  1.00028e+00  1.00011e+00
 8.59000e+01  1.00017e+00  9.68970e-04  1.50042e+00  9.68806e-04  1.00028e+00  1.00011e+00
 8.60000e+01  1.00017e+00  9.64003e-04  1.50043e+00  9.63838e-04  1.00028e+00  1.00011e+00
 8.61000e+01  1.00017e+00  9.58997e-04  1.50043e+00  9.58832e-04  1.00029e+00  1.00011e+00
 8.62000e+01  1.00017e+00  9.53953e-04  1.50044e+00  9.53787e-04  1.00029e+00  1.00011e+00
 8.63000e+01  1.00018e+00  9.48871e-04  1.50044e+00  9.48704e-04  1.00029e+00  1.00012e+00
 8.64000e+01  1.00018e+00  9.43751e-04  1.50044e+00  9.43584e-04  1.00029e+00  1.00012e+00
 8.65000e+01  1.00018e+00  9.38593e-04  1.50045e+00  9.38426e-04  1.00030e+00  1.00012e+00
 8.66000e+01  1.00018e+00  9.33398e-04  1.50045e+00  9.33230e-04  1.00030e+00  1.00012e+00
 8.67000e+01  1.00018e+00  9.28166e-04  1.50045e+00  9.27997e-04  1.00030e+00  1.00012e+00
 8.68000e+01  1.00018e+00  9.22896e-04  1.50046e+00  9.22727e-04  1.00030e+00  1.00012e+00
 8.69000e+01  1.00018e+00  9.17590e-04  1.50046e+00  9.17420e-04  1.00031e+00  1.00012e+00
 8.70000e+01  1.00019e+00  9.12247e-04  1.50047e+00  9.12077e-04  1.00031e+00  1.00012e+00
 8.71000e+01  1.00019e+00  9.06868e-04  1.50047e+00  9.06697e-04  1.00031e+00  1.00012e+00
 8.72000e+01  1.00019e+00  9.01452e-04  1.50047e+00  9.01281e-04  1.00031e+00  1.00013e+00
 8.73000e+01  1.00019e+00  8.96000e-04  1.50048e+00  8.95829e-04  1.00032e+00  1.00013e+00
 8.74000e+01  1.00019e+00  8.90513e-04  1.50048e+00  8.90341e-04  1.00032e+00  1.00013e+00
 8.75000e+01  1.00019e+00  8.84990e-04  1.50049e+00  8.84818e-04  1.00032e+00  1.00013e+00
 8.76000e+01  1.00020e+00  8.79431e-04  1.50049e+00  8.79259e-04  1.00032e+00  1.00013e+00
 8.77000e+01  1.00020e+00  8.73838e-04  1.50049e+00  8.73666e-04  1.00033e+00  1.00013e+00
 8.78000e+01  1.00020e+00  8.68209e-04  1.50050e+00  8.68037e-04  1.00033e+00  1.00013e+00
 8.79000e+01  1.00020e+00  8.62546e-04  1.50050e+00  8.62374e-04  1.00033e+00  1.00013e+00
 8.80000e+01  1.00020e+00  8.56849e-04  1.50050e+00  8.56676e-04  1.00033e+00  1.00013e+00
 8.81000e+01  1.00020e+00  8.51117e-04  1.50051e+00  8.50944e-04  1.00034e+00  1.00013e+00
 8.82000e+01  1.00020e+00  8.45351e-04  1.50051e+00  8.45179e-04  1.00034e+00  1.00013e+00
 8.83000e+01  1.00021e+00  8.39552e-04  1.50051e+00  8.39379e-04  1.00034e+00  1.00014e+00
 8.84000e+01  1.00021e+00  8.33719e-04  1.50052e+00  8.33546e-04  1.00034e+00  1.00014e+00
 8.85000e+01  1.00021e+00  8.27852e-04  1.50052e+00  8.27680e-04  1.00035e+00  1.00014e+00
 8.86000e+01  1.00021e+00  8.21953e-04  1.50052e+00  8.21780e-04  1.00035e+00  1.00014e+00
 8.87000e+01  1.00021e+00  8.16020e-04  1.50053e+00  8.15848e-04  1.00035e+00  1.00014e+00
 8.88000e+01  1.00021e+00  8.10055e-04  1.50053e+00  8.09883e-04  1.00035e+00  1.00014e+00
 8.89000e+01  1.00021e+00  8.04058e-04  1.50053e+00  8.03886e-04  1.00036e+00  1.00014e+00
 8.90000e+01  1.00022e+00  7.98029e-04  1.50054e+00  7.97857e-04  1.00036e+00  1.00014e+00
 8.91000e+01  1.00022e+00  7.91967e-04  1.50054e+00  7.91796e-04  1.00036e+00  1.00014e+00
 8.92000e+01  1.00022e+00  7.85874e-04  1.50055e+00  7.85703e-04  1.00036e+00  1.00014e+00
 8.93000e+01  1.00022e+00  7.79750e-04  1.50055e+00  7.79579e-04  1.00036e+00  1.00014e+00
 8.94000e+01  1.00022e+00  7.73594e-04  1.50055e+00  7.73424e-04  1.00037e+00  1.00015e+00
 8.95000e+01  1.00022e+00  7.67408e-04  1.50056e+00  7.67238e-04  1.00037e+00  1.00015e+00
 8.96000e+01  1.00022e+00  7.61191e-04  1.50056e+00  7.61021e-04  1.00037e+00  1.00015e+00
 8.97000e+01  1.00022e+00  7.54943e-04  1.50056e+00  7.54774e-04  1.00037e+00  1.00015e+00
 8.98000e+01  1.00023e+00  7.48666e-04  1.50056e+00  7.48496e-04  1.00037e+00  1.00015e+00
 8.99000e+01  1.00023e+00  7.42358e-04  1.50057e+00  7.42189e-04  1.00038e+00  1.00015e+00
 9.00000e+01  1.00023e+00  7.36021e-04  1.50057e+00  7.35852e-04  1.00038e+00  1.00015e+00
 9.01000e+01  1.00023e+00  7.29654e-04  1.50057e+00  7.29486e-04  1.00038e+00  1.00015e+00
 9.02000e+01  1.00023e+00  7.23258e-04  1.50058e+00  7.23091e-04  1.00038e+00  1.00015e+00
 9.03000e+01  1.00023e+00  7.16833e-04  1.50058e+00  7.16667e-04  1.00039e+00  1.00015e+00
 9.04000e+01  1.00023e+00  7.10380e-04  1.50058e+00  7.10214e-04  1.00039e+00  1.00015e+00
 9.05000e+01  1.00023e+00  7.03898e-04  1.50059e+00  7.03733e-04  1.00039e+00  1.00015e+00
 9.06000e+01  1.00024e+00  6.97388e-04  1.50059e+00  6.97223e-04  1.00039e+00  1.00016e+00
 9.07000e+01  1.00024e+00  6.90850e-04  1.50059e+00  6.90686e-04  1.00039e+00  1.00016e+00
 9.08000e+01  1.00024e+00  6.84284e-04  1.50060e+00  6.84121e-04  1.00040e+00  1.00016e+00
 9.09000e+01  1.00024e+00  6.77692e-04  1.50060e+00  6.77529e-04  1.00040e+00  1.00016e+00
 9.10000e+01  1.00024e+00  6.71072e-04  1.50060e+00  6.70910e-04  1.00040e+00  1.00016e+00
 9.11000e+01  1.00024e+00  6.64425e-04  1.50060e+00  6.64264e-04  1.00040e+00  1.00016e+00
 9.12000e+01  1.00024e+00  6.57751e-04  1.50061e+00  6.57592e-04  1.00040e+00  1.00016e+00
 9.13000e+01  1.00024e+00  6.51052e-04  1.50061e+00  6.50893e-04  1.00040e+00  1.00016e+00
 9.14000e+01  1.00025e+00  6.44326e-04  1.50061e+00  6.44168e-04  1.00041e+00  1.00016e+00
 9.15000e+01  1.00025e+00  6.37575e-04  1.50062e+00  6.37418e-04  1.00041e+00  1.00016e+00
 9.16000e+01  1.00025e+00  6.30798e-04  1.50062e+00  6.30642e-04  1.00041e+00  1.00016e+00
 9.17000e+01  1.00025e+00  6.23996e-04  1.50062e+00  6.23841e-04  1.00041e+00  1.00016e+00
 9.18000e+01  1.00025e+00  6.17169e-04  1.50062e+00  6.17015e-04  1.00041e+00  1.00016e+00
 9.19000e+01  1.00025e+00  6.10317e-04  1.50063e+00  6.10164e-04  1.00042e+00  1.00017e+00
 9.20000e+01  1.00025e+00  6.03441e-04  1.50063e+00  6.03289e-04  1.00042e+00  1.00017e+00
 9.21000e+01  1.00025e+00  5.96540e-04  1.50063e+00  5.96390e-04  1.00042e+00  1.00017e+00
 9.22000e+01  1.00025e+00  5.89616e-04  1.50063e+00  5.89467e-04  1.00042e+00  1.00017e+00
 9.23000e+01  1.00025e+00  5.82669e-04  1.50064e+00  5.82520e-04  1.00042e+00  1.00017e+00
 9.24000e+01  1.00026e+00  5.75698e-04  1.50064e+00  5.75550e-04  1.00042e+00  1.00017e+00
 9.25000e+01  1.00026e+00  5.68704e-04  1.50064e+00  5.68558e-04  1.00043e+00  1.00017e+00
 9.26000e+01  1.00026e+00  5.61687e-04  1.50064e+00  5.61542e-04  1.00043e+00  1.00017e+00
 9.27000e+01  1.00026e+00  5.54648e-04  1.50065e+00  5.54504e-04  1.00043e+00  1.00017e+00
 9.28000e+01  1.00026e+00  5.47586e-04  1.50065e+00  5.47444e-04  1.00043e+00  1.00017e+00
 9.29000e+01  1.00026e+00  5.40503e-04  1.50065e+00  5.40362e-04  1.00043e+00  1.00017e+00
 9.30000e+01  1.00026e+00  5.33398e-04  1.50065e+00  5.33259e-04  1.00043e+00  1.00017e+00
 9.31000e+01  1.00026e+00  5.26272e-04  1.50066e+00  5.26134e-04  1.00044e+00  1.00017e+00
 9.32000e+01  1.00026e+00  5.19125e-04  1.50066e+00  5.18988e-04  1.00044e+00  1.00017e+00
 9.33000e+01  1.00026e+00  5.11957e-04  1.50066e+00  5.11821e-04  1.00044e+00  1.00017e+00
 9.34000e+01  1.00027e+00  5.04768e-04  1.50066e+00  5.04634e-04  1.00044e+00  1.00017e+00
 9.35000e+01  1.00027e+00  4.97559e-04  1.50067e+00  4.97427e-04  1.00044e+00  1.00018e+00
 9.36000e+01  1.00027e+00  4.90331e-04  1.50067e+00  4.90200e-04  1.00044e+00  1.00018e+00
 9.37000e+01  1.00027e+00  4.83083e-04  1.50067e+00  4.82953e-04  1.00044e+00  1.00018e+00
 9.38000e+01  1.00027e+00  4.75815e-04  1.50067e+00  4.75687e-04  1.00045e+00  1.00018e+00
 9.39000e+01  1.00027e+00  4.68529e-04  1.50067e+00  4.68402e-04  1.00045e+00  1.00018e+00
 9.40000e+01  1.00027e+00  4.61223e-04  1.50068e+00  4.61099e-04  1.00045e+00  1.00018e+00
 9.41000e+01  1.00027e+00  4.53900e-04  1.50068e+00  4.53776e-04  1.00045e+00  1.00018e+00
 9.42000e+01  1.00027e+00  4.46558e-04  1.50068e+00  4.46436e-04  1.00045e+00  1.00018e+00
 9.43000e+01  1.00027e+00  4.39198e-04  1.50068e+00  4.39078e-04  1.00045e+00  1.00018e+00
 9.44000e+01  1.00027e+00  4.31821e-04  1.50068e+00  4.31703e-04  1.00045e+00  1.00018e+00
 9.45000e+01  1.00027e+00  4.24426e-04  1.50069e+00  4.24310e-04  1.00046e+00  1.00018e+00
 9.46000e+01  1.00028e+00  4.17015e-04  1.50069e+00  4.16900e-04  1.00046e+00  1.00018e+00
 9.47000e+01  1.00028e+00  4.09586e-04  1.50069e+00  4.09473e-04  1.00046e+00  1.00018e+00
 9.48000e+01  1.00028e+00  4.02142e-04  1.50069e+00  4.02031e-04  1.00046e+00  1.00018e+00
 9.49000e+01  1.00028e+00  3.94681e-04  1.50069e+00  3.94572e-04  1.00046e+00  1.00018e+00
 9.50000e+01  1.00028e+00  3.87205e-04  1.50069e+00  3.87097e-04  1.00046e+00  1.00018e+00
 9.51000e+01  1.00028e+00  3.79713e-04  1.50070e+00  3.79607e-04  1.00046e+00  1.00018e+00
 9.52000e+01  1.00028e+00  3.72205e-04  1.50070e+00  3.72102e-04  1.00046e+00  1.00018e+00
 9.53000e+01  1.00028e+00  3.64683e-04  1.50070e+00  3.64581e-04  1.00046e+00  1.00018e+00
 9.54000e+01  1.00028e+00  3.57147e-04  1.50070e+00  3.57047e-04  1.00047e+00  1.00018e+00
 9.55000e+01  1.00028e+00  3.49596e-04  1.50070e+00  3.49498e-04  1.00047e+00  1.00019e+00
 9.56000e+01  1.00028e+00  3.42031e-04  1.50070e+00  3.41935e-04  1.00047e+00  1.00019e+00
 9.57000e+01  1.00028e+00  3.34453e-04  1.50071e+00  3.34358e-04  1.00047e+00  1.00019e+00
 9.58000e+01  1.00028e+00  3.26861e-04  1.50071e+00  3.26768e-04  1.00047e+00  1.00019e+00
 9.59000e+01  1.00028e+00  3.19256e-04  1.50071e+00  3.19165e-04  1.00047e+00  1.00019e+00
 9.60000e+01  1.00028e+00  3.11638e-04  1.50071e+00  3.11549e-04  1.00047e+00  1.00019e+00
 9.61000e+01  1.00028e+00  3.04008e-04  1.50071e+00  3.03921e-04  1.00047e+00  1.00019e+00
 9.62000e+01  1.00029e+00  2.96365e-04  1.50071e+00  2.96281e-04  1.00047e+00  1.00019e+00
 9.63000e+01  1.00029e+00  2.88711e-04  1.50071e+00  2.88629e-04  1.00047e+00  1.00019e+00
 9.64000e+01  1.00029e+00  2.81045e-04  1.50072e+00  2.80965e-04  1.00047e+00  1.00019e+00
 9.65000e+01  1.00029e+00  2.73368e-04  1.50072e+00  2.73290e-04  1.00048e+00  1.00019e+00
 9.66000e+01  1.00029e+00  2.65680e-04  1.50072e+00  2.65604e-04  1.00048e+00  1.00019e+00
 9.67000e+01  1.00029e+00  2.57982e-04  1.50072e+00  2.57907e-04  1.00048e+00  1.00019e+00
 9.68000e+01  1.00029e+00  2.50273e-04  1.50072e+00  2.50201e-04  1.00048e+00  1.00019e+00
 9.69000e+01  1.00029e+00  2.42554e-04  1.50072e+00  2.42484e-04  1.00048e+00  1.00019e+00
 9.70000e+01  1.00029e+00  2.34825e-04  1.50072e+00  2.34757e-04  1.00048e+00  1.00019e+00
 9.71000e+01  1.00029e+00  2.27087e-04  1.50072e+00  2.27022e-04  1.00048e+00  1.00019e+00
 9.72000e+01  1.00029e+00  2.19340e-04  1.50072e+00  2.19277e-04  1.00048e+00  1.00019e+00
 9.73000e+01  1.00029e+00  2.11584e-04  1.50073e+00  2.11523e-04  1.00048e+00  1.00019e+00
 9.74000e+01  1.00029e+00  2.03820e-04  1.50073e+00  2.03761e-04  1.00048e+00  1.00019e+00
 9.75000e+01  1.00029e+00  1.96048e-04  1.50073e+00  1.95990e-04  1.00048e+00  1.00019e+00
 9.76000e+01  1.00029e+00  1.88267e-04  1.50073e+00  1.88212e-04  1.00048e+00  1.00019e+00
 9.77000e+01  1.00029e+00  1.80479e-04  1.50073e+00  1.80427e-04  1.00048e+00  1.00019e+00
 9.78000e+01  1.00029e+00  1.72684e-04  1.50073e+00  1.72634e-04  1.00048e+00  1.00019e+00
 9.79000e+01  1.00029e+00  1.64882e-04  1.50073e+00  1.64834e-04  1.00048e+00  1.00019e+00
 9.80000e+01  1.00029e+00  1.57074e-04  1.50073e+00  1.57028e-04  1.00049e+00  1.00019e+00
 9.81000e+01  1.00029e+00  1.49259e-04  1.50073e+00  1.49215e-04  1.00049e+00  1.00019e+00
 9.82000e+01  1.00029e+00  1.41438e-04  1.50073e+00  1.41397e-04  1.00049e+00  1.00019e+00
 9.83000e+01  1.00029e+00  1.33612e-04  1.50073e+00  1.33572e-04  1.00049e+00  1.00019e+00
 9.84000e+01  1.00029e+00  1.25780e-04  1.50073e+00  1.25743e-04  1.00049e+00  1.00019e+00
 9.85000e+01  1.00029e+00  1.17943e-04  1.50073e+00  1.17908e-04  1.00049e+00  1.00019e+00
 9.86000e+01  1.00029e+00  1.10101e-04  1.50074e+00  1.10069e-04  1.00049e+00  1.00019e+00
 9.87000e+01  1.00029e+00  1.02255e-04  1.50074e+00  1.02225e-04  1.00049e+00  1.00019e+00
 9.88000e+01  1.00029e+00  9.44053e-05  1.50074e+00  9.43775e-05  1.00049e+00  1.00019e+00
 9.89000e+01  1.00029e+00  8.65515e-05  1.50074e+00  8.65260e-05  1.00049e+00  1.00019e+00
 9.90000e+01  1.00029e+00  7.86942e-05  1.50074e+00  7.86710e-05  1.00049e+00  1.00019e+00
 9.91000e+01  1.00029e+00  7.08337e-05  1.50074e+00  7.08129e-05  1.00049e+00  1.00019e+00
 9.92000e+01  1.00029e+00  6.29705e-05  1.50074e+00  6.29519e-05  1.00049e+00  1.00019e+00
 9.93000e+01  1.00030e+00  5.51047e-05  1.50074e+00  5.50884e-05  1.00049e+00  1.00019e+00
 9.94000e+01  1.00030e+00  4.72367e-05  1.50074e+00  4.72227e-05  1.00049e+00  1.00019e+00
 9.95000e+01  1.00030e+00  3.93668e-05  1.50074e+00  3.93552e-05  1.00049e+00  1.00019e+00
 9.96000e+01  1.00030e+00  3.14953e-05  1.50074e+00  3.14860e-05  1.00049e+00  1.00019e+00
 9.97000e+01  1.00030e+00  2.36226e-05  1.50074e+00  2.36156e-05  1.00049e+00  1.00019e+00
 9.98000e+01  1.00030e+00  1.57489e-05  1.50074e+00  1.57443e-05  1.00049e+00  1.00019e+00
 9.99000e+01  1.00030e+00  7.87462e-06  1.50074e+00  7.87229e-06  1.00049e+00  1.00019e+00
