 0.00000e+00  9.90856e-01 -5.91194e-15  1.47721e+00 -5.96650e-15  9.84807e-01  9.93895e-01
 1.00000e-01  9.90856e-01 -3.42716e-05  1.47721e+00 -3.45879e-05  9.84807e-01  9.93895e-01
 2.00000e-01  9.90857e-01 -6.85428e-05  1.47721e+00 -6.91753e-05  9.84808e-01  9.93895e-01
 3.00000e-01  9.90858e-01 -1.02813e-04  1.47721e+00 -1.03762e-04  9.84810e-01  9.93896e-01
 4.00000e-01  9.90859e-01 -1.37082e-04  1.47722e+00 -1.38347e-04  9.84812e-01  9.93897e-01
 5.00000e-01  9.90861e-01 -1.71349e-04  1.47722e+00 -1.72929e-04  9.84815e-01  9.93898e-01
 6.00000e-01  9.90863e-01 -2.05614e-04  1.47723e+00 -2.07510e-04  9.84819e-01  9.93900e-01
 7.00000e-01  9.90866e-01 -2.39876e-04  1.47724e+00 -2.42087e-04  9.84823e-01  9.93902e-01
 8.00000e-01  9.90869e-01 -2.74135e-04  1.47724e+00 -2.76661e-04  9.84829e-01  9.93904e-01
 9.00000e-01  9.90873e-01 -3.08390e-04  1.47725e+00 -3.11231e-04  9.84834e-01  9.93906e-01
 1.00000e+00  9.90877e-01 -3.42641e-04  1.47726e+00 -3.45796e-04  9.84841e-01  9.93909e-01
 1.10000e+00  9.90881e-01 -3.76887e-04  1.47727e+00 -3.80356e-04  9.84848e-01  9.93912e-01
 1.20000e+00  9.90886e-01 -4.11129e-04  1.47728e+00 -4.14910e-04  9.84856e-01  9.93915e-01
 1.30000e+00  9.90891e-01 -4.45365e-04  1.47730e+00 -4.49459e-04  9.84864e-01  9.93918e-01
 1.40000e+00  9.90896e-01 -4.79594e-04  1.47731e+00 -4.84001e-04  9.84874e-01  9.93922e-01
 1.50000e+00  9.90902e-01 -5.13818e-04  1.47733e+00 -5.18535e-04  9.84883e-01  9.93926e-01
 1.60000e+00  9.90909e-01 -5.48034e-04  1.47734e+00 -5.53062e-04  9.84894e-01  9.93930e-01
 1.70000e+00  9.90915e-01 -5.82243e-04  1.47736e+00 -5.87581e-04  9.84905e-01  9.93935e-01
 1.80000e+00  9.90923e-01 -6.16444e-04  1.47738e+00 -6.22091e-04  9.84917e-01  9.93940e-01
 1.90000e+00  9.90930e-01 -6.50637e-04  1.47739e+00 -6.56592e-04  9.84930e-01  9.93945e-01
 2.00000e+00  9.90938e-01 -6.84821e-04  1.47741e+00 -6.91083e-04  9.84943e-01  9.93950e-01
 2.10000e+00  9.90947e-01 -7.18995e-04  1.47744e+00 -7.25564e-04  9.84957e-01  9.93956e-01
 2.20000e+00  9.90956e-01 -7.53159e-04  1.47746e+00 -7.60033e-04  9.84972e-01  9.93962e-01
 2.30000e+00  9.90965e-01 -7.87313e-04  1.47748e+00 -7.94492e-04  9.84987e-01  9.93968e-01
 2.40000e+00  9.90974e-01 -8.21456e-04  1.47750e+00 -8.28938e-04  9.85003e-01  9.93974e-01
 2.50000e+00  9.90985e-01 -8.55588e-04  1.47753e+00 -8.63372e-04  9.85020e-01  9.93981e-01
 2.60000e+00  9.90995e-01 -8.89708e-04  1.47756e+00 -8.97793e-04  9.85037e-01  9.93988e-01
 2.70000e+00  9.91006e-01 -9.23815e-04  1.47758e+00 -9.32200e-04  9.85055e-01  9.93995e-01
 2.80000e+00  9.91017e-01 -9.57910e-04  1.47761e+00 -9.66593e-04  9.85074e-01  9.94003e-01
 2.90000e+00  9.91029e-01 -9.91991e-04  1.47764e+00 -1.00097e-03  9.85093e-01  9.94010e-01
 3.00000e+00  9.91041e-01 -1.02606e-03  1.47767e+00 -1.03533e-03  9.85113e-01  9.94019e-01
 3.10000e+00  9.91053e-01 -1.06011e-03  1.47770e+00 -1.06968e-03  9.85134e-01  9.94027e-01
 3.20000e+00  9.91066e-01 -1.09415e-03  1.47773e+00 -1.10401e-03  9.85155e-01  9.94036e-01
 3.30000e+00  9.91080e-01 -1.12817e-03  1.47777e+00 -1.13832e-03  9.85177e-01  9.94044e-01
 3.40000e+00  9.91093e-01 -1.16217e-03  1.47780e+00 -1.17262e-03  9.85200e-01  9.94054e-01
 3.50000e+00  9.91107e-01 -1.19616e-03  1.47783e+00 -1.20689e-03  9.85223e-01  9.94063e-01
 3.60000e+00  9.91122e-01 -1.23013e-03  1.47787e+00 -1.24115e-03  9.85247e-01  9.94073e-01
 3.70000e+00  9.91137e-01 -1.26409e-03  1.47791e+00 -1.27539e-03  9.85272e-01  9.94083e-01
 3.80000e+00  9.91152e-01 -1.29802e-03  1.47795e+00 -1.30961e-03  9.85297e-01  9.94093e-01
 3.90000e+00  9.91168e-01 -1.33194e-03  1.47798e+00 -1.34381e-03  9.85323e-01  9.94103e-01
 4.00000e+00  9.91184e-01 -1.36583e-03  1.47802e+00 -1.37798e-03  9.85350e-01  9.94114e-01
 4.10000e+00  9.91200e-01 -1.39971e-03  1.47807e+00 -1.41213e-03  9.85377e-01  9.94125e-01
 4.20000e+00  9.91217e-01 -1.43356e-03  1.47811e+00 -1.44627e-03  9.85405e-01  9.94136e-01
 4.30000e+00  9.91234e-01 -1.46740e-03  1.47815e+00 -1.48037e-03  9.85433e-01  9.94148e-01
 4.40000e+00  9.91252e-01 -1.50121e-03  1.47819e+00 -1.51446e-03  9.85463e-01  9.94160e-01
 4.50000e+00  9.91270e-01 -1.53499e-03  1.47824e+00 -1.54851e-03  9.85492e-01  9.94172e-01
 4.60000e+00  9.91288e-01 -1.56876e-03  1.47828e+00 -1.58255e-03  9.85523e-01  9.94184e-01
 4.70000e+00  9.91307e-01 -1.60250e-03  1.47833e+00 -1.61655e-03  9.85554e-01  9.94197e-01
 4.80000e+00  9.91326e-01 -1.63622e-03  1.47838e+00 -1.65053e-03  9.85586e-01  9.94209e-01
 4.90000e+00  9.91346e-01 -1.66991e-03  1.47843e+00 -1.68448e-03  9.85618e-01  9.94222e-01
 5.00000e+00  9.91366e-01 -1.70357e-03  1.47848e+00 -1.71841e-03  9.85651e-01  9.94236e-01
 5.10000e+00  9.91386e-01 -1.73721e-03  1.47853e+00 -1.75230e-03  9.85685e-01  9.94249e-01
 5.20000e+00  9.91407e-01 -1.77082e-03  1.47858e+00 -1.78617e-03  9.85719e-01  9.94263e-01
 5.30000e+00  9.91428e-01 -1.80440e-03  1.47863e+00 -1.82000e-03  9.85754e-01  9.94277e-01
 5.40000e+00  9.91449e-01 -1.83795e-03  1.47869e+00 -1.85380e-03  9.85790e-01  9.94292e-01
 5.50000e+00  9.91471e-01 -1.87147e-03  1.47874e+00 -1.88757e-03  9.85826e-01  9.94306e-01
 5.60000e+00  9.91494e-01 -1.90497e-03  1.47879e+00 -1.92131e-03  9.85863e-01  9.94321e-01
 5.70000e+00  9.91516e-01 -1.93843e-03  1.47885e+00 -1.95501e-03  9.85901e-01  9.94336e-01
 5.80000e+00  9.91539e-01 -1.97186e-03  1.47891e+00 -1.98868e-03  9.85939e-01  9.94352e-01
 5.90000e+00  9.91563e-01 -2.00526e-03  1.47897e+00 -2.02232e-03  9.85978e-01  9.94367e-01
 6.00000e+00  9.91586e-01 -2.03862e-03  1.47903e+00 -2.05592e-03  9.86017e-01  9.94383e-01
 6.10000e+00  9.91610e-01 -2.07195e-03  1.47909e+00 -2.08948e-03  9.86057e-01  9.94399e-01
 6.20000e+00  9.91635e-01 -2.10525e-03  1.47915e+00 -2.12300e-03  9.86097e-01  9.94416e-01
 6.30000e+00  9.91660e-01 -2.13850e-03  1.47921e+00 -2.15649e-03  9.86139e-01  9.94432e-01
 6.40000e+00  9.91685e-01 -2.17173e-03  1.47927e+00 -2.18994e-03  9.86180e-01  9.94449e-01
 6.50000e+00  9.91711e-01 -2.20491e-03  1.47933e+00 -2.22334e-03  9.86223e-01  9.94466e-01
 6.60000e+00  9.91737e-01 -2.23806e-03  1.47940e+00 -2.25671e-03  9.86266e-01  9.94484e-01
 6.70000e+00  9.91763e-01 -2.27117e-03  1.47946e+00 -2.29003e-03  9.86310e-01  9.94501e-01
 6.80000e+00  9.91790e-01 -2.30424e-03  1.47953e+00 -2.32331e-03  9.86354e-01  9.94519e-01
 6.90000e+00  9.91817e-01 -2.33726e-03  1.47960e+00 -2.35655e-03  9.86399e-01  9.94537e-01
 7.00000e+00  9.91844e-01 -2.37025e-03  1.47967e+00 -2.38974e-03  9.86444e-01  9.94556e-01
 7.10000e+00  9.91872e-01 -2.40320e-03  1.47973e+00 -2.42289e-03  9.86490e-01  9.94574e-01
 7.20000e+00  9.91900e-01 -2.43610e-03  1.47980e+00 -2.45599e-03  9.86537e-01  9.94593e-01
 7.30000e+00  9.91928e-01 -2.46895e-03  1.47988e+00 -2.48904e-03  9.86584e-01  9.94612e-01
 7.40000e+00  9.91957e-01 -2.50176e-03  1.47995e+00 -2.52205e-03  9.86632e-01  9.94631e-01
 7.50000e+00  9.91986e-01 -2.53453e-03  1.48002e+00 -2.55500e-03  9.86680e-01  9.94651e-01
 7.60000e+00  9.92016e-01 -2.56725e-03  1.48009e+00 -2.58791e-03  9.86729e-01  9.94670e-01
 7.70000e+00  9.92046e-01 -2.59992e-03  1.48017e+00 -2.62076e-03  9.86778e-01  9.94690e-01
 7.80000e+00  9.92076e-01 -2.63254e-03  1.48024e+00 -2.65357e-03  9.86828e-01  9.94711e-01
 7.90000e+00  9.92106e-01 -2.66511e-03  1.48032e+00 -2.68632e-03  9.86879e-01  9.94731e-01
 8.00000e+00  9.92137e-01 -2.69763e-03  1.48040e+00 -2.71901e-03  9.86930e-01  9.94752e-01
 8.10000e+00  9.92169e-01 -2.73010e-03  1.48047e+00 -2.75165e-03  9.86982e-01  9.94773e-01
 8.20000e+00  9.92200e-01 -2.76252e-03  1.48055e+00 -2.78424e-03  9.87034e-01  9.94794e-01
 8.30000e+00  9.92232e-01 -2.79488e-03  1.48063e+00 -2.81676e-03  9.87087e-01  9.94815e-01
 8.40000e+00  9.92264e-01 -2.82719e-03  1.48071e+00 -2.84923e-03  9.87141e-01  9.94837e-01
 8.50000e+00  9.92297e-01 -2.85944e-03  1.48079e+00 -2.88164e-03  9.87195e-01  9.94858e-01
 8.60000e+00  9.92330e-01 -2.89164e-03  1.48087e+00 -2.91399e-03  9.87249e-01  9.94880e-01
 8.70000e+00  9.92363e-01 -2.92378e-03  1.48096e+00 -2.94628e-03  9.87304e-01  9.94903e-01
 8.80000e+00  9.92397e-01 -2.95586e-03  1.48104e+00 -2.97850e-03  9.87360e-01  9.94925e-01
 8.90000e+00  9.92430e-01 -2.98788e-03  1.48112e+00 -3.01067e-03  9.87416e-01  9.94948e-01
 9.00000e+00  9.92465e-01 -3.01983e-03  1.48121e+00 -3.04276e-03  9.87473e-01  9.94971e-01
 9.10000e+00  9.92499e-01 -3.05173e-03  1.48130e+00 -3.07479e-03  9.87530e-01  9.94994e-01
 9.20000e+00  9.92534e-01 -3.08356e-03  1.48138e+00 -3.10676e-03  9.87588e-01  9.95017e-01
 9.30000e+00  9.92569e-01 -3.11533e-03  1.48147e+00 -3.13865e-03  9.87646e-01  9.95040e-01
 9.40000e+00  9.92605e-01 -3.14704e-03  1.48156e+00 -3.17048e-03  9.87705e-01  9.95064e-01
 9.50000e+00  9.92640e-01 -3.17867e-03  1.48165e+00 -3.20224e-03  9.87765e-01  9.95088e-01
 9.60000e+00  9.92677e-01 -3.21024e-03  1.48174e+00 -3.23392e-03  9.87825e-01  9.95112e-01
 9.70000e+00  9.92713e-01 -3.24174e-03  1.48183e+00 -3.26554e-03  9.87885e-01  9.95137e-01
 9.80000e+00  9.92750e-01 -3.27317e-03  1.48192e+00 -3.29708e-03  9.87946e-01  9.95161e-01
 9.90000e+00  9.92787e-01 -3.30453e-03  1.48201e+00 -3.32854e-03  9.88007e-01  9.95186e-01
 1.00000e+01  9.92824e-01 -3.33582e-03  1.48210e+00 -3.35993e-03  9.88069e-01  9.95211e-01
 1.01000e+01  9.92862e-01 -3.36703e-03  1.48220e+00 -3.39124e-03  9.88132e-01  9.95236e-01
 1.02000e+01  9.92900e-01 -3.39817e-03  1.48229e+00 -3.42247e-03  9.88195e-01  9.95261e-01
 1.03000e+01  9.92938e-01 -3.42923e-03  1.48239e+00 -3.45362e-03  9.88258e-01  9.95287e-01
 1.04000e+01  9.92977e-01 -3.46022e-03  1.48248e+00 -3.48469e-03  9.88322e-01  9.95313e-01
 1.05000e+01  9.93015e-01 -3.49112e-03  1.48258e+00 -3.51568e-03  9.88387e-01  9.95339e-01
 1.06000e+01  9.93054e-01 -3.52195e-03  1.48268e+00 -3.54658e-03  9.88451e-01  9.95365e-01
 1.07000e+01  9.93094e-01 -3.55270e-03  1.48278e+00 -3.57740e-03  9.88517e-01  9.95391e-01
 1.08000e+01  9.93134e-01 -3.58336e-03  1.48287e+00 -3.60813e-03  9.88583e-01  9.95418e-01
 1.09000e+01  9.93174e-01 -3.61394e-03  1.48297e+00 -3.63878e-03  9.88649e-01  9.95444e-01
 1.10000e+01  9.93214e-01 -3.64444e-03  1.48307e+00 -3.66934e-03  9.88716e-01  9.95471e-01
 1.11000e+01  9.93254e-01 -3.67485e-03  1.48317e+00 -3.69980e-03  9.88783e-01  9.95498e-01
 1.12000e+01  9.93295e-01 -3.70517e-03  1.48328e+00 -3.73018e-03  9.88851e-01  9.95526e-01
 1.13000e+01  9.93336e-01 -3.73540e-03  1.48338e+00 -3.76046e-03  9.88919e-01  9.95553e-01
 1.14000e+01  9.93378e-01 -3.76555e-03  1.48348e+00 -3.79065e-03  9.88988e-01  9.95581e-01
 1.15000e+01  9.93419e-01 -3.79560e-03  1.48359e+00 -3.82074e-03  9.89057e-01  9.95609e-01
 1.16000e+01  9.93461e-01 -3.82556e-03  1.48369e+00 -3.85074e-03  9.89126e-01  9.95637e-01
 1.17000e+01  9.93503e-01 -3.85543e-03  1.48379e+00 -3.88064e-03  9.89196e-01  9.95665e-01
 1.18000e+01  9.93546e-01 -3.88520e-03  1.48390e+00 -3.91044e-03  9.89267e-01  9.95693e-01
 1.19000e+01  9.93589e-01 -3.91487e-03  1.48401e+00 -3.94013e-03  9.89338e-01  9.95722e-01
 1.20000e+01  9.93632e-01 -3.94445e-03  1.48411e+00 -3.96973e-03  9.89409e-01  9.95750e-01
 1.21000e+01  9.93675e-01 -3.97393e-03  1.48422e+00 -3.99922e-03  9.89481e-01  9.95779e-01
 1.22000e+01  9.93718e-01 -4.00330e-03  1.48433e+00 -4.02861e-03  9.89553e-01  9.95808e-01
 1.23000e+01  9.93762e-01 -4.03258e-03  1.48444e+00 -4.05789e-03  9.89625e-01  9.95838e-01
 1.24000e+01  9.93806e-01 -4.06175e-03  1.48455e+00 -4.08706e-03  9.89698e-01  9.95867e-01
 1.25000e+01  9.93850e-01 -4.09081e-03  1.48466e+00 -4.11613e-03  9.89772e-01  9.95896e-01
 1.26000e+01  9.93895e-01 -4.11977e-03  1.48477e+00 -4.14508e-03  9.89846e-01  9.95926e-01
 1.27000e+01  9.93939e-01 -4.14863e-03  1.48488e+00 -4.17392e-03  9.89920e-01  9.95956e-01
 1.28000e+01  9.93984e-01 -4.17737e-03  1.48499e+00 -4.20265e-03  9.89994e-01  9.95986e-01
 1.29000e+01  9.94029e-01 -4.20600e-03  1.48510e+00 -4.23126e-03  9.90069e-01  9.96016e-01
 1.30000e+01  9.94075e-01 -4.23452e-03  1.48522e+00 -4.25976e-03  9.90145e-01  9.96047e-01
 1.31000e+01  9.94120e-01 -4.26293e-03  1.48533e+00 -4.28814e-03  9.90221e-01  9.96077e-01
 1.32000e+01  9.94166e-01 -4.29122e-03  1.48545e+00 -4.31640e-03  9.90297e-01  9.96108e-01
 1.33000e+01  9.94212e-01 -4.31939e-03  1.48556e+00 -4.34454e-03  9.90373e-01  9.96139e-01
 1.34000e+01  9.94259e-01 -4.34745e-03  1.48568e+00 -4.37255e-03  9.90450e-01  9.96170e-01
 1.35000e+01  9.94305e-01 -4.37539e-03  1.48579e+00 -4.40045e-03  9.90528e-01  9.96201e-01
 1.36000e+01  9.94352e-01 -4.40320e-03  1.48591e+00 -4.42821e-03  9.90605e-01  9.96232e-01
 1.37000e+01  9.94399e-01 -4.43090e-03  1.48602e+00 -4.45586e-03  9.90683e-01  9.96263e-01
 1.38000e+01  9.94446e-01 -4.45847e-03  1.48614e+00 -4.48337e-03  9.90762e-01  9.96295e-01
 1.39000e+01  9.94494e-01 -4.48592e-03  1.48626e+00 -4.51075e-03  9.90840e-01  9.96326e-01
 1.40000e+01  9.94541e-01 -4.51323e-03  1.48638e+00 -4.53801e-03  9.90920e-01  9.96358e-01
 1.41000e+01  9.94589e-01 -4.54042e-03  1.48650e+00 -4.56512e-03  9.90999e-01  9.96390e-01
 1.42000e+01  9.94637e-01 -4.56748e-03  1.48662e+00 -4.59211e-03  9.91079e-01  9.96422e-01
 1.43000e+01  9.94686e-01 -4.59441e-03  1.48674e+00 -4.61896e-03  9.91159e-01  9.96455e-01
 1.44000e+01  9.94734e-01 -4.62121e-03  1.48686e+00 -4.64567e-03  9.91239e-01  9.96487e-01
 1.45000e+01  9.94783e-01 -4.64787e-03  1.48698e+00 -4.67225e-03  9.91320e-01  9.96519e-01
 1.46000e+01  9.94831e-01 -4.67440e-03  1.48710e+00 -4.69868e-03  9.91401e-01  9.96552e-01
 1.47000e+01  9.94880e-01 -4.70079e-03  1.48722e+00 -4.72498e-03  9.91483e-01  9.96585e-01
 1.48000e+01  9.94930e-01 -4.72704e-03  1.48735e+00 -4.75113e-03  9.91564e-01  9.96618e-01
 1.49000e+01  9.94979e-01 -4.75315e-03  1.48747e+00 -4.77713e-03  9.91647e-01  9.96651e-01
 1.50000e+01  9.95029e-01 -4.77911e-03  1.48759e+00 -4.80299e-03  9.91729e-01  9.96684e-01
 1.51000e+01  9.95078e-01 -4.80494e-03  1.48772e+00 -4.82870e-03  9.91812e-01  9.96717e-01
 1.52000e+01  9.95128e-01 -4.83062e-03  1.48784e+00 -4.85426e-03  9.91895e-01  9.96750e-01
 1.53000e+01  9.95179e-01 -4.85615e-03  1.48797e+00 -4.87967e-03  9.91978e-01  9.96784e-01
 1.54000e+01  9.95229e-01 -4.88153e-03  1.48809e+00 -4.90493e-03  9.92061e-01  9.96817e-01
 1.55000e+01  9.95279e-01 -4.90676e-03  1.48822e+00 -4.93004e-03  9.92145e-01  9.96851e-01
 1.56000e+01  9.95330e-01 -4.93185e-03  1.48834e+00 -4.95499e-03  9.92229e-01  9.96885e-01
 1.57000e+01  9.95381e-01 -4.95678e-03  1.48847e+00 -4.97978e-03  9.92314e-01  9.96919e-01
 1.58000e+01  9.95432e-01 -4.98155e-03  1.48860e+00 -5.00442e-03  9.92398e-01  9.96953e-01
 1.59000e+01  9.95483e-01 -5.00617e-03  1.48872e+00 -5.02889e-03  9.92483e-01  9.96987e-01
 1.60000e+01  9.95534e-01 -5.03064e-03  1.48885e+00 -5.05320e-03  9.92569e-01  9.97021e-01
 1.61000e+01  9.95585e-01 -5.05494e-03  1.48898e+00 -5.07735e-03  9.92654e-01  9.97056e-01
 1.62000e+01  9.95637e-01 -5.07908e-03  1.48911e+00 -5.10134e-03  9.92740e-01  9.97090e-01
 1.63000e+01  9.95689e-01 -5.10306e-03  1.48924e+00 -5.12516e-03  9.92826e-01  9.97124e-01
 1.64000e+01  9.95741e-01 -5.12688e-03  1.48937e+00 -5.14881e-03  9.92912e-01  9.97159e-01
 1.65000e+01  9.95793e-01 -5.15053e-03  1.48950e+00 -5.17229e-03  9.92998e-01  9.97194e-01
 1.66000e+01  9.95845e-01 -5.17401e-03  1.48963e+00 -5.19560e-03  9.93085e-01  9.97229e-01
 1.67000e+01  9.95897e-01 -5.19733e-03  1.48976e+00 -5.21874e-03  9.93172e-01  9.97264e-01
 1.68000e+01  9.95950e-01 -5.22048e-03  1.48989e+00 -5.24171e-03  9.93259e-01  9.97299e-01
 1.69000e+01  9.96002e-01 -5.24345e-03  1.49002e+00 -5.26450e-03  9.93346e-01  9.97334e-01
 1.70000e+01  9.96055e-01 -5.26626e-03  1.49015e+00 -5.28711e-03  9.93434e-01  9.97369e-01
 1.71000e+01  9.96108e-01 -5.28888e-03  1.49028e+00 -5.30955e-03  9.93522e-01  9.97404e-01
 1.72000e+01  9.96161e-01 -5.31133e-03  1.49041e+00 -5.33181e-03  9.93610e-01  9.97439e-01
 1.73000e+01  9.96214e-01 -5.33361e-03  1.49055e+00 -5.35388e-03  9.93698e-01  9.97475e-01
 1.74000e+01  9.96267e-01 -5.35570e-03  1.49068e+00 -5.37577e-03  9.93787e-01  9.97510e-01
 1.75000e+01  9.96320e-01 -5.37762e-03  1.49081e+00 -5.39748e-03  9.93875e-01  9.97546e-01
 1.76000e+01  9.96374e-01 -5.39935e-03  1.49095e+00 -5.41900e-03  9.93964e-01  9.97582e-01
 1.77000e+01  9.96427e-01 -5.42090e-03  1.49108e+00 -5.44034e-03  9.94053e-01  9.97617e-01
 1.78000e+01  9.96481e-01 -5.44226e-03  1.49121e+00 -5.46148e-03  9.94142e-01  9.97653e-01
 1.79000e+01  9.96534e-01 -5.46344e-03  1.49135e+00 -5.48244e-03  9.94232e-01  9.97689e-01
 1.80000e+01  9.96588e-01 -5.48443e-03  1.49148e+00 -5.50320e-03  9.94321e-01  9.97725e-01
 1.81000e+01  9.96642e-01 -5.50523e-03  1.49162e+00 -5.52377e-03  9.94411e-01  9.97761e-01
 1.82000e+01  9.96696e-01 -5.52584e-03  1.49175e+00 -5.54415e-03  9.94501e-01  9.97797e-01
 1.83000e+01  9.96750e-01 -5.54625e-03  1.49189e+00 -5.56433e-03  9.94591e-01  9.97833e-01
 1.84000e+01  9.96805e-01 -5.56647e-03  1.49202e+00 -5.58431e-03  9.94681e-01  9.97869e-01
 1.85000e+01  9.96859e-01 -5.58650e-03  1.49216e+00 -5.60410e-03  9.94771e-01  9.97906e-01
 1.86000e+01  9.96913e-01 -5.60632e-03  1.49229e+00 -5.62368e-03  9.94862e-01  9.97942e-01
 1.87000e+01  9.96968e-01 -5.62595e-03  1.49243e+00 -5.64306e-03  9.94952e-01  9.97978e-01
 1.88000e+01  9.97022e-01 -5.64538e-03  1.49256e+00 -5.66224e-03  9.95043e-01  9.98015e-01
 1.89000e+01  9.97077e-01 -5.66461e-03  1.49270e+00 -5.68122e-03  9.95134e-01  9.98051e-01
 1.90000e+01  9.97132e-01 -5.68364e-03  1.49284e+00 -5.69998e-03  9.95225e-01  9.98088e-01
 1.91000e+01  9.97187e-01 -5.70246e-03  1.49297e+00 -5.71854e-03  9.95316e-01  9.98124e-01
 1.92000e+01  9.97242e-01 -5.72107e-03  1.49311e+00 -5.73689e-03  9.95407e-01  9.98161e-01
 1.93000e+01  9.97296e-01 -5.73948e-03  1.49325e+00 -5.75504e-03  9.95499e-01  9.98197e-01
 1.94000e+01  9.97351e-01 -5.75768e-03  1.49339e+00 -5.77297e-03  9.95590e-01  9.98234e-01
 1.95000e+01  9.97407e-01 -5.77566e-03  1.49352e+00 -5.79068e-03  9.95682e-01  9.98271e-01
 1.96000e+01  9.97462e-01 -5.79344e-03  1.49366e+00 -5.80818e-03  9.95774e-01  9.98308e-01
 1.97000e+01  9.97517e-01 -5.81100e-03  1.49380e+00 -5.82547e-03  9.95865e-01  9.98344e-01
 1.98000e+01  9.97572e-01 -5.82835e-03  1.49394e+00 -5.84254e-03  9.95957e-01  9.98381e-01
 1.99000e+01  9.97627e-01 -5.84549e-03  1.49407e+00 -5.85939e-03  9.96049e-01  9.98418e-01
 2.00000e+01  9.97683e-01 -5.86240e-03  1.49421e+00 -5.87602e-03  9.96141e-01  9.98455e-01
 2.01000e+01  9.97738e-01 -5.87910e-03  1.49435e+00 -5.89243e-03  9.96234e-01  9.98492e-01
 2.02000e+01  9.97794e-01 -5.89558e-03  1.49449e+00 -5.90862e-03  9.96326e-01  9.98529e-01
 2.03000e+01  9.97849e-01 -5.91184e-03  1.49463e+00 -5.92458e-03  9.96418e-01  9.98566e-01
 2.04000e+01  9.97905e-01 -5.92787e-03  1.49477e+00 -5.94032e-03  9.96511e-01  9.98603e-01
 2.05000e+01  9.97960e-01 -5.94368e-03  1.49490e+00 -5.95583e-03  9.96603e-01  9.98640e-01
 2.06000e+01  9.98016e-01 -5.95927e-03  1.49504e+00 -5.97112e-03  9.96696e-01  9.98677e-01
 2.07000e+01  9.98071e-01 -5.97463e-03  1.49518e+00 -5.98617e-03  9.96788e-01  9.98714e-01
 2.08000e+01  9.98127e-01 -5.98976e-03  1.49532e+00 -6.00100e-03  9.96881e-01  9.98751e-01
 2.09000e+01  9.98183e-01 -6.00466e-03  1.49546e+00 -6.01559e-03  9.96973e-01  9.98789e-01
 2.10000e+01  9.98238e-01 -6.01933e-03  1.49560e+00 -6.02996e-03  9.97066e-01  9.98826e-01
 2.11000e+01  9.98294e-01 -6.03377e-03  1.49574e+00 -6.04409e-03  9.97159e-01  9.98863e-01
 2.12000e+01  9.98350e-01 -6.04798e-03  1.49588e+00 -6.05798e-03  9.97252e-01  9.98900e-01
 2.13000e+01  9.98405e-01 -6.06196e-03  1.49602e+00 -6.07164e-03  9.97344e-01  9.98937e-01
 2.14000e+01  9.98461e-01 -6.07569e-03  1.49616e+00 -6.08506e-03  9.97437e-01  9.98974e-01
 2.15000e+01  9.98517e-01 -6.08920e-03  1.49630e+00 -6.09824e-03  9.97530e-01  9.99012e-01
 2.16000e+01  9.98573e-01 -6.10246e-03  1.49643e+00 -6.11118e-03  9.97623e-01  9.99049e-01
 2.17000e+01  9.98629e-01 -6.11549e-03  1.49657e+00 -6.12389e-03  9.97716e-01  9.99086e-01
 2.18000e+01  9.98684e-01 -6.12827e-03  1.49671e+00 -6.13635e-03  9.97809e-01  9.99123e-01
 2.19000e+01  9.98740e-01 -6.14082e-03  1.49685e+00 -6.14856e-03  9.97902e-01  9.99160e-01
 2.20000e+01  9.98796e-01 -6.15312e-03  1.49699e+00 -6.16054e-03  9.97994e-01  9.99198e-01
 2.21000e+01  9.98852e-01 -6.16518e-03  1.49713e+00 -6.17227e-03  9.98087e-01  9.99235e-01
 2.22000e+01  9.98907e-01 -6.17699e-03  1.49727e+00 -6.18375e-03  9.98180e-01  9.99272e-01
 2.23000e+01  9.98963e-01 -6.18856e-03  1.49741e+00 -6.19498e-03  9.98273e-01  9.99309e-01
 2.24000e+01  9.99019e-01 -6.19988e-03  1.49755e+00 -6.20597e-03  9.98366e-01  9.99346e-01
 2.25000e+01  9.99075e-01 -6.21096e-03  1.49769e+00 -6.21671e-03  9.98459e-01  9.99383e-01
 2.26000e+01  9.99130e-01 -6.22178e-03  1.49783e+00 -6.22720e-03  9.98552e-01  9.99421e-01
 2.27000e+01  9.99186e-01 -6.23236e-03  1.49797e+00 -6.23743e-03  9.98644e-01  9.99458e-01
 2.28000e+01  9.99242e-01 -6.24268e-03  1.49811e+00 -6.24742e-03  9.98737e-01  9.99495e-01
 2.29000e+01  9.99297e-01 -6.25275e-03  1.49824e+00 -6.25715e-03  9.98830e-01  9.99532e-01
 2.30000e+01  9.99353e-01 -6.26257e-03  1.49838e+00 -6.26663e-03  9.98922e-01  9.99569e-01
 2.31000e+01  9.99409e-01 -6.27214e-03  1.49852e+00 -6.27585e-03  9.99015e-01  9.99606e-01
 2.32000e+01  9.99464e-01 -6.28145e-03  1.49866e+00 -6.28481e-03  9.99108e-01  9.99643e-01
 2.33000e+01  9.99520e-01 -6.29050e-03  1.49880e+00 -6.29352e-03  9.99200e-01  9.99680e-01
 2.34000e+01  9.99575e-01 -6.29930e-03  1.49894e+00 -6.30198e-03  9.99293e-01  9.99717e-01
 2.35000e+01  9.99631e-01 -6.30784e-03  1.49908e+00 -6.31017e-03  9.99385e-01  9.99754e-01
 2.36000e+01  9.99686e-01 -6.31612e-03  1.49922e+00 -6.31810e-03  9.99477e-01  9.99791e-01
 2.37000e+01  9.99742e-01 -6.32414e-03  1.49935e+00 -6.32577e-03  9.99570e-01  9.99828e-01
 2.38000e+01  9.99797e-01 -6.33190e-03  1.49949e+00 -6.33319e-03  9.99662e-01  9.99865e-01
 2.39000e+01  9.99852e-01 -6.33940e-03  1.49963e+00 -6.34034e-03  9.99754e-01  9.99902e-01
 2.40000e+01  9.99908e-01 -6.34664e-03  1.49977e+00 -6.34722e-03  9.99846e-01  9.99939e-01
 2.41000e+01  9.99963e-01 -6.35361e-03  1.49991e+00 -6.35385e-03  9.99938e-01  9.99975e-01
 2.42000e+01  1.00002e+00 -6.36032e-03  1.50004e+00 -6.36021e-03  1.00003e+00  1.00001e+00
 2.43000e+01  1.00007e+00 -6.36676e-03  1.50018e+00 -6.36630e-03  1.00012e+00  1.00005e+00
 2.44000e+01  1.00013e+00 -6.37294e-03  1.50032e+00 -6.37213e-03  1.00021e+00  1.00009e+00
 2.45000e+01  1.00018e+00 -6.37886e-03  1.50046e+00 -6.37769e-03  1.00031e+00  1.00012e+00
 2.46000e+01  1.00024e+00 -6.38450e-03  1.50059e+00 -6.38298e-03  1.00040e+00  1.00016e+00
 2.47000e+01  1.00029e+00 -6.38988e-03  1.50073e+00 -6.38801e-03  1.00049e+00  1.00020e+00
 2.48000e+01  1.00035e+00 -6.39499e-03  1.50087e+00 -6.39277e-03  1.00058e+00  1.00023e+00
 2.49000e+01  1.00040e+00 -6.39983e-03  1.50101e+00 -6.39726e-03  1.00067e+00  1.00027e+00
 2.50000e+01  1.00046e+00 -6.40440e-03  1.50114e+00 -6.40148e-03  1.00076e+00  1.00030e+00
 2.51000e+01  1.00051e+00 -6.40870e-03  1.50128e+00 -6.40543e-03  1.00085e+00  1.00034e+00
 2.52000e+01  1.00057e+00 -6.41273e-03  1.50141e+00 -6.40910e-03  1.00094e+00  1.00038e+00
 2.53000e+01  1.00062e+00 -6.41649e-03  1.50155e+00 -6.41251e-03  1.00103e+00  1.00041e+00
 2.54000e+01  1.00067e+00 -6.41997e-03  1.50169e+00 -6.41564e-03  1.00112e+00  1.00045e+00
 2.55000e+01  1.00073e+00 -6.42318e-03  1.50182e+00 -6.41850e-03  1.00121e+00  1.00049e+00
 2.56000e+01  1.00078e+00 -6.42612e-03  1.50196e+00 -6.42109e-03  1.00131e+00  1.00052e+00
 2.57000e+01  1.00084e+00 -6.42878e-03  1.50209e+00 -6.42341e-03  1.00140e+00  1.00056e+00
 2.58000e+01  1.00089e+00 -6.43117e-03  1.50223e+00 -6.42545e-03  1.00149e+00  1.00059e+00
 2.59000e+01  1.00094e+00 -6.43328e-03  1.50236e+00 -6.42721e-03  1.00158e+00  1.00063e+00
 2.60000e+01  1.00100e+00 -6.43512e-03  1.50250e+00 -6.42870e-03  1.00166e+00  1.00067e+00
 2.61000e+01  1.00105e+00 -6.43668e-03  1.50263e+00 -6.42991e-03  1.00175e+00  1.00070e+00
 2.62000e+01  1.00111e+00 -6.43796e-03  1.50277e+00 -6.43085e-03  1.00184e+00  1.00074e+00
 2.63000e+01  1.00116e+00 -6.43897e-03  1.50290e+00 -6.43151e-03  1.00193e+00  1.00077e+00
 2.64000e+01  1.00121e+00 -6.43970e-03  1.50303e+00 -6.43190e-03  1.00202e+00  1.00081e+00
 2.65000e+01  1.00127e+00 -6.44015e-03  1.50317e+00 -6.43201e-03  1.00211e+00  1.00084e+00
 2.66000e+01  1.00132e+00 -6.44032e-03  1.50330e+00 -6.43184e-03  1.00220e+00  1.00088e+00
 2.67000e+01  1.00137e+00 -6.44022e-03  1.50343e+00 -6.43139e-03  1.00229e+00  1.00091e+00
 2.68000e+01  1.00143e+00 -6.43983e-03  1.50356e+00 -6.43066e-03  1.00238e+00  1.00095e+00
 2.69000e+01  1.00148e+00 -6.43916e-03  1.50370e+00 -6.42966e-03  1.00246e+00  1.00099e+00
 2.70000e+01  1.00153e+00 -6.43822e-03  1.50383e+00 -6.42838e-03  1.00255e+00  1.00102e+00
 2.71000e+01  1.00158e+00 -6.43699e-03  1.50396e+00 -6.42681e-03  1.00264e+00  1.00106e+00
 2.72000e+01  1.00164e+00 -6.43548e-03  1.50409e+00 -6.42497e-03  1.00273e+00  1.00109e+00
 2.73000e+01  1.00169e+00 -6.43370e-03  1.50422e+00 -6.42285e-03  1.00282e+00  1.00113e+00
 2.74000e+01  1.00174e+00 -6.43163e-03  1.50435e+00 -6.42045e-03  1.00290e+00  1.00116e+00
 2.75000e+01  1.00179e+00 -6.42928e-03  1.50449e+00 -6.41777e-03  1.00299e+00  1.00119e+00
 2.76000e+01  1.00185e+00 -6.42664e-03  1.50462e+00 -6.41481e-03  1.00308e+00  1.00123e+00
 2.77000e+01  1.00190e+00 -6.42373e-03  1.50475e+00 -6.41157e-03  1.00316e+00  1.00126e+00
 2.78000e+01  1.00195e+00 -6.42053e-03  1.50487e+00 -6.40805e-03  1.00325e+00  1.00130e+00
 2.79000e+01  1.00200e+00 -6.41706e-03  1.50500e+00 -6.40424e-03  1.00334e+00  1.00133e+00
 2.80000e+01  1.00205e+00 -6.41330e-03  1.50513e+00 -6.40016e-03  1.00342e+00  1.00137e+00
 2.81000e+01  1.00210e+00 -6.40925e-03  1.50526e+00 -6.39580e-03  1.00351e+00  1.00140e+00
 2.82000e+01  1.00215e+00 -6.40493e-03  1.50539e+00 -6.39115e-03  1.00359e+00  1.00144e+00
 2.83000e+01  1.00221e+00 -6.40032e-03  1.50552e+00 -6.38623e-03  1.00368e+00  1.00147e+00
 2.84000e+01  1.00226e+00 -6.39543e-03  1.50565e+00 -6.38102e-03  1.00376e+00  1.00150e+00
 2.85000e+01  1.00231e+00 -6.39025e-03  1.50577e+00 -6.37554e-03  1.00385e+00  1.00154e+00
 2.86000e+01  1.00236e+00 -6.38479e-03  1.50590e+00 -6.36977e-03  1.00393e+00  1.00157e+00
 2.87000e+01  1.00241e+00 -6.37905e-03  1.50603e+00 -6.36372e-03  1.00402e+00  1.00160e+00
 2.88000e+01  1.00246e+00 -6.37303e-03  1.50615e+00 -6.35739e-03  1.00410e+00  1.00164e+00
 2.89000e+01  1.00251e+00 -6.36672e-03  1.50628e+00 -6.35078e-03  1.00419e+00  1.00167e+00
 2.90000e+01  1.00256e+00 -6.36013e-03  1.50640e+00 -6.34389e-03  1.00427e+00  1.00171e+00
 2.91000e+01  1.00261e+00 -6.35326e-03  1.50653e+00 -6.33672e-03  1.00435e+00  1.00174e+00
 2.92000e+01  1.00266e+00 -6.34611e-03  1.50665e+00 -6.32927e-03  1.00444e+00  1.00177e+00
 2.93000e+01  1.00271e+00 -6.33867e-03  1.50678e+00 -6.32154e-03  1.00452e+00  1.00181e+00
 2.94000e+01  1.00276e+00 -6.33095e-03  1.50690e+00 -6.31353e-03  1.00460e+00  1.00184e+00
 2.95000e+01  1.00281e+00 -6.32294e-03  1.50703e+00 -6.30524e-03  1.00468e+00  1.00187e+00
 2.96000e+01  1.00286e+00 -6.31466e-03  1.50715e+00 -6.29666e-03  1.00477e+00  1.00190e+00
 2.97000e+01  1.00291e+00 -6.30609e-03  1.50727e+00 -6.28781e-03  1.00485e+00  1.00194e+00
 2.98000e+01  1.00296e+00 -6.29724e-03  1.50740e+00 -6.27868e-03  1.00493e+00  1.00197e+00
 2.99000e+01  1.00300e+00 -6.28811e-03  1.50752e+00 -6.26927e-03  1.00501e+00  1.00200e+00
 3.00000e+01  1.00305e+00 -6.27870e-03  1.50764e+00 -6.25959e-03  1.00509e+00  1.00203e+00
 3.01000e+01  1.00310e+00 -6.26900e-03  1.50776e+00 -6.24962e-03  1.00517e+00  1.00207e+00
 3.02000e+01  1.00315e+00 -6.25902e-03  1.50788e+00 -6.23937e-03  1.00525e+00  1.00210e+00
 3.03000e+01  1.00320e+00 -6.24877e-03  1.50800e+00 -6.22885e-03  1.00533e+00  1.00213e+00
 3.04000e+01  1.00325e+00 -6.23823e-03  1.50812e+00 -6.21805e-03  1.00541e+00  1.00216e+00
 3.05000e+01  1.00329e+00 -6.22741e-03  1.50824e+00 -6.20697e-03  1.00549e+00  1.00219e+00
 3.06000e+01  1.00334e+00 -6.21631e-03  1.50836e+00 -6.19561e-03  1.00557e+00  1.00223e+00
 3.07000e+01  1.00339e+00 -6.20493e-03  1.50848e+00 -6.18398e-03  1.00565e+00  1.00226e+00
 3.08000e+01  1.00344e+00 -6.19328e-03  1.50860e+00 -6.17207e-03  1.00573e+00  1.00229e+00
 3.09000e+01  1.00348e+00 -6.18134e-03  1.50872e+00 -6.15989e-03  1.00581e+00  1.00232e+00
 3.10000e+01  1.00353e+00 -6.16912e-03  1.50883e+00 -6.14743e-03  1.00589e+00  1.00235e+00
 3.11000e+01  1.00358e+00 -6.15663e-03  1.50895e+00 -6.13469e-03  1.00597e+00  1.00238e+00
 3.12000e+01  1.00362e+00 -6.14386e-03  1.50907e+00 -6.12168e-03  1.00604e+00  1.00241e+00
 3.13000e+01  1.00367e+00 -6.13081e-03  1.50918e+00 -6.10840e-03  1.00612e+00  1.00244e+00
 3.14000e+01  1.00372e+00 -6.11748e-03  1.50930e+00 -6.09484e-03  1.00620e+00  1.00247e+00
 3.15000e+01  1.00376e+00 -6.10388e-03  1.50941e+00 -6.08101e-03  1.00628e+00  1.00251e+00
 3.16000e+01  1.00381e+00 -6.09000e-03  1.50953e+00 -6.06690e-03  1.00635e+00  1.00254e+00
 3.17000e+01  1.00385e+00 -6.07585e-03  1.50964e+00 -6.05253e-03  1.00643e+00  1.00257e+00
 3.18000e+01  1.00390e+00 -6.06142e-03  1.50976e+00 -6.03788e-03  1.00650e+00  1.00260e+00
 3.19000e+01  1.00394e+00 -6.04671e-03  1.50987e+00 -6.02296e-03  1.00658e+00  1.00263e+00
 3.20000e+01  1.00399e+00 -6.03174e-03  1.50998e+00 -6.00777e-03  1.00666e+00  1.00266e+00
 3.21000e+01  1.00403e+00 -6.01649e-03  1.51010e+00 -5.99232e-03  1.00673e+00  1.00269e+00
 3.22000e+01  1.00408e+00 -6.00096e-03  1.51021e+00 -5.97659e-03  1.00681e+00  1.00272e+00
 3.23000e+01  1.00412e+00 -5.98516e-03  1.51032e+00 -5.96059e-03  1.00688e+00  1.00275e+00
 3.24000e+01  1.00417e+00 -5.96910e-03  1.51043e+00 -5.94433e-03  1.00695e+00  1.00278e+00
 3.25000e+01  1.00421e+00 -5.95276e-03  1.51054e+00 -5.92780e-03  1.00703e+00  1.00280e+00
 3.26000e+01  1.00425e+00 -5.93615e-03  1.51065e+00 -5.91100e-03  1.00710e+00  1.00283e+00
 3.27000e+01  1.00430e+00 -5.91927e-03  1.51076e+00 -5.89393e-03  1.00717e+00  1.00286e+00
 3.28000e+01  1.00434e+00 -5.90212e-03  1.51087e+00 -5.87661e-03  1.00725e+00  1.00289e+00
 3.29000e+01  1.00439e+00 -5.88471e-03  1.51098e+00 -5.85901e-03  1.00732e+00  1.00292e+00
 3.30000e+01  1.00443e+00 -5.86702e-03  1.51109e+00 -5.84115e-03  1.00739e+00  1.00295e+00
 3.31000e+01  1.00447e+00 -5.84907e-03  1.51119e+00 -5.82303e-03  1.00746e+00  1.00298e+00
 3.32000e+01  1.00451e+00 -5.83085e-03  1.51130e+00 -5.80465e-03  1.00753e+00  1.00301e+00
 3.33000e+01  1.00456e+00 -5.81237e-03  1.51141e+00 -5.78601e-03  1.00760e+00  1.00303e+00
 3.34000e+01  1.00460e+00 -5.79362e-03  1.51151e+00 -5.76710e-03  1.00768e+00  1.00306e+00
 3.35000e+01  1.00464e+00 -5.77461e-03  1.51162e+00 -5.74794e-03  1.00775e+00  1.00309e+00
 3.36000e+01  1.00468e+00 -5.75534e-03  1.51172e+00 -5.72851e-03  1.00782e+00  1.00312e+00
 3.37000e+01  1.00472e+00 -5.73580e-03  1.51183e+00 -5.70883e-03  1.00789e+00  1.00315e+00
 3.38000e+01  1.00477e+00 -5.71601e-03  1.51193e+00 -5.68889e-03  1.00795e+00  1.00317e+00
 3.39000e+01  1.00481e+00 -5.69595e-03  1.51204e+00 -5.66870e-03  1.00802e+00  1.00320e+00
 3.40000e+01  1.00485e+00 -5.67563e-03  1.51214e+00 -5.64825e-03  1.00809e+00  1.00323e+00
 3.41000e+01  1.00489e+00 -5.65505e-03  1.51224e+00 -5.62754e-03  1.00816e+00  1.00326e+00
 3.42000e+01  1.00493e+00 -5.63422e-03  1.51234e+00 -5.60658e-03  1.00823e+00  1.00328e+00
 3.43000e+01  1.00497e+00 -5.61313e-03  1.51244e+00 -5.58537e-03  1.00830e+00  1.00331e+00
 3.44000e+01  1.00501e+00 -5.59178e-03  1.51254e+00 -5.56390e-03  1.00836e+00  1.00334e+00
 3.45000e+01  1.00505e+00 -5.57018e-03  1.51264e+00 -5.54219e-03  1.00843e+00  1.00336e+00
 3.46000e+01  1.00509e+00 -5.54832e-03  1.51274e+00 -5.52022e-03  1.00850e+00  1.00339e+00
 3.47000e+01  1.00513e+00 -5.52621e-03  1.51284e+00 -5.49801e-03  1.00856e+00  1.00342e+00
 3.48000e+01  1.00517e+00 -5.50384e-03  1.51294e+00 -5.47555e-03  1.00863e+00  1.00344e+00
 3.49000e+01  1.00521e+00 -5.48123e-03  1.51304e+00 -5.45284e-03  1.00869e+00  1.00347e+00
 3.50000e+01  1.00525e+00 -5.45837e-03  1.51314e+00 -5.42988e-03  1.00876e+00  1.00349e+00
 3.51000e+01  1.00528e+00 -5.43525e-03  1.51323e+00 -5.40668e-03  1.00882e+00  1.00352e+00
 3.52000e+01  1.00532e+00 -5.41189e-03  1.51333e+00 -5.38323e-03  1.00889e+00  1.00354e+00
 3.53000e+01  1.00536e+00 -5.38828e-03  1.51343e+00 -5.35955e-03  1.00895e+00  1.00357e+00
 3.54000e+01  1.00540e+00 -5.36443e-03  1.51352e+00 -5.33562e-03  1.00901e+00  1.00360e+00
 3.55000e+01  1.00544e+00 -5.34032e-03  1.51362e+00 -5.31144e-03  1.00908e+00  1.00362e+00
 3.56000e+01  1.00547e+00 -5.31598e-03  1.51371e+00 -5.28703e-03  1.00914e+00  1.00365e+00
 3.57000e+01  1.00551e+00 -5.29139e-03  1.51380e+00 -5.26239e-03  1.00920e+00  1.00367e+00
 3.58000e+01  1.00555e+00 -5.26656e-03  1.51390e+00 -5.23750e-03  1.00926e+00  1.00369e+00
 3.59000e+01  1.00559e+00 -5.24149e-03  1.51399e+00 -5.21238e-03  1.00933e+00  1.00372e+00
 3.60000e+01  1.00562e+00 -5.21618e-03  1.51408e+00 -5.18702e-03  1.00939e+00  1.00374e+00
 3.61000e+01  1.00566e+00 -5.19063e-03  1.51417e+00 -5.16143e-03  1.00945e+00  1.00377e+00
 3.62000e+01  1.00569e+00 -5.16485e-03  1.51426e+00 -5.13560e-03  1.00951e+00  1.00379e+00
 3.63000e+01  1.00573e+00 -5.13883e-03  1.51435e+00 -5.10954e-03  1.00957e+00  1.00382e+00
 3.64000e+01  1.00577e+00 -5.11257e-03  1.51444e+00 -5.08326e-03  1.00963e+00  1.00384e+00
 3.65000e+01  1.00580e+00 -5.08608e-03  1.51453e+00 -5.05674e-03  1.00969e+00  1.00386e+00
 3.66000e+01  1.00584e+00 -5.05936e-03  1.51462e+00 -5.02999e-03  1.00975e+00  1.00389e+00
 3.67000e+01  1.00587e+00 -5.03240e-03  1.51471e+00 -5.00302e-03  1.00981e+00  1.00391e+00
 3.68000e+01  1.00591e+00 -5.00522e-03  1.51479e+00 -4.97583e-03  1.00986e+00  1.00393e+00
 3.69000e+01  1.00594e+00 -4.97780e-03  1.51488e+00 -4.94840e-03  1.00992e+00  1.00396e+00
 3.70000e+01  1.00598e+00 -4.95016e-03  1.51497e+00 -4.92076e-03  1.00998e+00  1.00398e+00
 3.71000e+01  1.00601e+00 -4.92230e-03  1.51505e+00 -4.89289e-03  1.01004e+00  1.00400e+00
 3.72000e+01  1.00604e+00 -4.89420e-03  1.51514e+00 -4.86480e-03  1.01009e+00  1.00402e+00
 3.73000e+01  1.00608e+00 -4.86589e-03  1.51522e+00 -4.83650e-03  1.01015e+00  1.00405e+00
 3.74000e+01  1.00611e+00 -4.83735e-03  1.51531e+00 -4.80797e-03  1.01020e+00  1.00407e+00
 3.75000e+01  1.00614e+00 -4.80859e-03  1.51539e+00 -4.77923e-03  1.01026e+00  1.00409e+00
 3.76000e+01  1.00618e+00 -4.77961e-03  1.51547e+00 -4.75027e-03  1.01031e+00  1.00411e+00
 3.77000e+01  1.00621e+00 -4.75041e-03  1.51555e+00 -4.72110e-03  1.01037e+00  1.00413e+00
 3.78000e+01  1.00624e+00 -4.72100e-03  1.51563e+00 -4.69171e-03  1.01042e+00  1.00416e+00
 3.79000e+01  1.00627e+00 -4.69136e-03  1.51571e+00 -4.66212e-03  1.01048e+00  1.00418e+00
 3.80000e+01  1.00631e+00 -4.66152e-03  1.51579e+00 -4.63231e-03  1.01053e+00  1.00420e+00
 3.81000e+01  1.00634e+00 -4.63146e-03  1.51587e+00 -4.60230e-03  1.01058e+00  1.00422e+00
 3.82000e+01  1.00637e+00 -4.60119e-03  1.51595e+00 -4.57207e-03  1.01064e+00  1.00424e+00
 3.83000e+01  1.00640e+00 -4.57071e-03  1.51603e+00 -4.54165e-03  1.01069e+00  1.00426e+00
 3.84000e+01  1.00643e+00 -4.54002e-03  1.51611e+00 -4.51101e-03  1.01074e+00  1.00428e+00
 3.85000e+01  1.00646e+00 -4.50912e-03  1.51619e+00 -4.48018e-03  1.01079e+00  1.00430e+00
 3.86000e+01  1.00649e+00 -4.47802e-03  1.51626e+00 -4.44914e-03  1.01084e+00  1.00432e+00
 3.87000e+01  1.00652e+00 -4.44671e-03  1.51634e+00 -4.41790e-03  1.01089e+00  1.00434e+00
 3.88000e+01  1.00655e+00 -4.41520e-03  1.51641e+00 -4.38646e-03  1.01094e+00  1.00436e+00
 3.89000e+01  1.00658e+00 -4.38349e-03  1.51649e+00 -4.35483e-03  1.01099e+00  1.00438e+00
 3.90000e+01  1.00661e+00 -4.35158e-03  1.51656e+00 -4.32300e-03  1.01104e+00  1.00440e+00
 3.91000e+01  1.00664e+00 -4.31946e-03  1.51663e+00 -4.29097e-03  1.01109e+00  1.00442e+00
 3.92000e+01  1.00667e+00 -4.28715e-03  1.51671e+00 -4.25876e-03  1.01114e+00  1.00444e+00
 3.93000e+01  1.00670e+00 -4.25465e-03  1.51678e+00 -4.22635e-03  1.01119e+00  1.00446e+00
 3.94000e+01  1.00673e+00 -4.22195e-03  1.51685e+00 -4.19375e-03  1.01123e+00  1.00448e+00
 3.95000e+01  1.00675e+00 -4.18906e-03  1.51692e+00 -4.16096e-03  1.01128e+00  1.00450e+00
 3.96000e+01  1.00678e+00 -4.15598e-03  1.51699e+00 -4.12798e-03  1.01133e+00  1.00451e+00
 3.97000e+01  1.00681e+00 -4.12270e-03  1.51706e+00 -4.09482e-03  1.01137e+00  1.00453e+00
 3.98000e+01  1.00684e+00 -4.08924e-03  1.51713e+00 -4.06148e-03  1.01142e+00  1.00455e+00
 3.99000e+01  1.00686e+00 -4.05559e-03  1.51720e+00 -4.02795e-03  1.01146e+00  1.00457e+00
 4.00000e+01  1.00689e+00 -4.02176e-03  1.51726e+00 -3.99424e-03  1.01151e+00  1.00459e+00
 4.01000e+01  1.00692e+00 -3.98775e-03  1.51733e+00 -3.96035e-03  1.01155e+00  1.00461e+00
 4.02000e+01  1.00694e+00 -3.95355e-03  1.51740e+00 -3.92629e-03  1.01160e+00  1.00462e+00
 4.03000e+01  1.00697e+00 -3.91917e-03  1.51746e+00 -3.89204e-03  1.01164e+00  1.00464e+00
 4.04000e+01  1.00700e+00 -3.88461e-03  1.51753e+00 -3.85763e-03  1.01169e+00  1.00466e+00
 4.05000e+01  1.00702e+00 -3.84988e-03  1.51759e+00 -3.82304e-03  1.01173e+00  1.00467e+00
 4.06000e+01  1.00705e+00 -3.81497e-03  1.51766e+00 -3.78827e-03  1.01177e+00  1.00469e+00
 4.07000e+01  1.00707e+00 -3.77988e-03  1.51772e+00 -3.75334e-03  1.01181e+00  1.00471e+00
 4.08000e+01  1.00710e+00 -3.74463e-03  1.51778e+00 -3.71824e-03  1.01185e+00  1.00472e+00
 4.09000e+01  1.00712e+00 -3.70920e-03  1.51784e+00 -3.68297e-03  1.01190e+00  1.00474e+00
 4.10000e+01  1.00715e+00 -3.67360e-03  1.51790e+00 -3.64754e-03  1.01194e+00  1.00476e+00
 4.11000e+01  1.00717e+00 -3.63784e-03  1.51796e+00 -3.61194e-03  1.01198e+00  1.00477e+00
 4.12000e+01  1.00719e+00 -3.60191e-03  1.51802e+00 -3.57618e-03  1.01202e+00  1.00479e+00
 4.13000e+01  1.00722e+00 -3.56581e-03  1.51808e+00 -3.54027e-03  1.01206e+00  1.00480e+00
 4.14000e+01  1.00724e+00 -3.52956e-03  1.51814e+00 -3.50419e-03  1.01209e+00  1.00482e+00
 4.15000e+01  1.00726e+00 -3.49314e-03  1.51820e+00 -3.46795e-03  1.01213e+00  1.00484e+00
 4.16000e+01  1.00729e+00 -3.45656e-03  1.51826e+00 -3.43156e-03  1.01217e+00  1.00485e+00
 4.17000e+01  1.00731e+00 -3.41983e-03  1.51831e+00 -3.39502e-03  1.01221e+00  1.00487e+00
 4.18000e+01  1.00733e+00 -3.38294e-03  1.51837e+00 -3.35832e-03  1.01225e+00  1.00488e+00
 4.19000e+01  1.00735e+00 -3.34590e-03  1.51842e+00 -3.32148e-03  1.01228e+00  1.00489e+00
 4.20000e+01  1.00737e+00 -3.30870e-03  1.51848e+00 -3.28448e-03  1.01232e+00  1.00491e+00
 4.21000e+01  1.00740e+00 -3.27136e-03  1.51853e+00 -3.24734e-03  1.01236e+00  1.00492e+00
 4.22000e+01  1.00742e+00 -3.23386e-03  1.51859e+00 -3.21005e-03  1.01239e+00  1.00494e+00
 4.23000e+01  1.00744e+00 -3.19622e-03  1.51864e+00 -3.17262e-03  1.01243e+00  1.00495e+00
 4.24000e+01  1.00746e+00 -3.15843e-03  1.51869e+00 -3.13505e-03  1.01246e+00  1.00497e+00
 4.25000e+01  1.00748e+00 -3.12050e-03  1.51874e+00 -3.09733e-03  1.01249e+00  1.00498e+00
 4.26000e+01  1.00750e+00 -3.08242e-03  1.51879e+00 -3.05948e-03  1.01253e+00  1.00499e+00
 4.27000e+01  1.00752e+00 -3.04421e-03  1.51884e+00 -3.02149e-03  1.01256e+00  1.00501e+00
 4.28000e+01  1.00754e+00 -3.00586e-03  1.51889e+00 -2.98337e-03  1.01259e+00  1.00502e+00
 4.29000e+01  1.00756e+00 -2.96737e-03  1.51894e+00 -2.94511e-03  1.01263e+00  1.00503e+00
 4.30000e+01  1.00758e+00 -2.92874e-03  1.51899e+00 -2.90672e-03  1.01266e+00  1.00504e+00
 4.31000e+01  1.00760e+00 -2.88999e-03  1.51904e+00 -2.86820e-03  1.01269e+00  1.00506e+00
 4.32000e+01  1.00761e+00 -2.85110e-03  1.51908e+00 -2.82955e-03  1.01272e+00  1.00507e+00
 4.33000e+01  1.00763e+00 -2.81208e-03  1.51913e+00 -2.79078e-03  1.01275e+00  1.00508e+00
 4.34000e+01  1.00765e+00 -2.77293e-03  1.51917e+00 -2.75188e-03  1.01278e+00  1.00509e+00
 4.35000e+01  1.00767e+00 -2.73366e-03  1.51922e+00 -2.71286e-03  1.01281e+00  1.00511e+00
 4.36000e+01  1.00769e+00 -2.69426e-03  1.51926e+00 -2.67372e-03  1.01284e+00  1.00512e+00
 4.37000e+01  1.00770e+00 -2.65475e-03  1.51931e+00 -2.63445e-03  1.01287e+00  1.00513e+00
 4.38000e+01  1.00772e+00 -2.61511e-03  1.51935e+00 -2.59507e-03  1.01290e+00  1.00514e+00
 4.39000e+01  1.00774e+00 -2.57535e-03  1.51939e+00 -2.55558e-03  1.01293e+00  1.00515e+00
 4.40000e+01  1.00775e+00 -2.53547e-03  1.51943e+00 -2.51597e-03  1.01295e+00  1.00516e+00
 4.41000e+01  1.00777e+00 -2.49548e-03  1.51947e+00 -2.47624e-03  1.01298e+00  1.00517e+00
 4.42000e+01  1.00779e+00 -2.45538e-03  1.51951e+00 -2.43641e-03  1.01301e+00  1.00518e+00
 4.43000e+01  1.00780e+00 -2.41516e-03  1.51955e+00 -2.39647e-03  1.01303e+00  1.00519e+00
 4.44000e+01  1.00782e+00 -2.37484e-03  1.51959e+00 -2.35642e-03  1.01306e+00  1.00520e+00
 4.45000e+01  1.00783e+00 -2.33441e-03  1.51963e+00 -2.31627e-03  1.01309e+00  1.00521e+00
 4.46000e+01  1.00785e+00 -2.29387e-03  1.51967e+00 -2.27601e-03  1.01311e+00  1.00522e+00
 4.47000e+01  1.00786e+00 -2.25323e-03  1.51970e+00 -2.23565e-03  1.01313e+00  1.00523e+00
 4.48000e+01  1.00787e+00 -2.21248e-03  1.51974e+00 -2.19519e-03  1.01316e+00  1.00524e+00
 4.49000e+01  1.00789e+00 -2.17164e-03  1.51977e+00 -2.15464e-03  1.01318e+00  1.00525e+00
 4.50000e+01  1.00790e+00 -2.13069e-03  1.51981e+00 -2.11399e-03  1.01321e+00  1.00526e+00
 4.51000e+01  1.00792e+00 -2.08965e-03  1.51984e+00 -2.07324e-03  1.01323e+00  1.00527e+00
 4.52000e+01  1.00793e+00 -2.04852e-03  1.51988e+00 -2.03240e-03  1.01325e+00  1.00528e+00
 4.53000e+01  1.00794e+00 -2.00729e-03  1.51991e+00 -1.99147e-03  1.01327e+00  1.00529e+00
 4.54000e+01  1.00795e+00 -1.96597e-03  1.51994e+00 -1.95045e-03  1.01329e+00  1.00530e+00
 4.55000e+01  1.00797e+00 -1.92456e-03  1.51997e+00 -1.90935e-03  1.01331e+00  1.00530e+00
 4.56000e+01  1.00798e+00 -1.88306e-03  1.52000e+00 -1.86816e-03  1.01333e+00  1.00531e+00
 4.57000e+01  1.00799e+00 -1.84148e-03  1.52003e+00 -1.82688e-03  1.01335e+00  1.00532e+00
 4.58000e+01  1.00800e+00 -1.79982e-03  1.52006e+00 -1.78553e-03  1.01337e+00  1.00533e+00
 4.59000e+01  1.00801e+00 -1.75807e-03  1.52009e+00 -1.74410e-03  1.01339e+00  1.00534e+00
 4.60000e+01  1.00803e+00 -1.71625e-03  1.52012e+00 -1.70258e-03  1.01341e+00  1.00534e+00
 4.61000e+01  1.00804e+00 -1.67434e-03  1.52014e+00 -1.66100e-03  1.01343e+00  1.00535e+00
 4.62000e+01  1.00805e+00 -1.63237e-03  1.52017e+00 -1.61934e-03  1.01345e+00  1.00536e+00
 4.63000e+01  1.00806e+00 -1.59031e-03  1.52020e+00 -1.57760e-03  1.01346e+00  1.00536e+00
 4.64000e+01  1.00807e+00 -1.54819e-03  1.52022e+00 -1.53580e-03  1.01348e+00  1.00537e+00
 4.65000e+01  1.00808e+00 -1.50599e-03  1.52025e+00 -1.49393e-03  1.01350e+00  1.00538e+00
 4.66000e+01  1.00809e+00 -1.46373e-03  1.52027e+00 -1.45199e-03  1.01351e+00  1.00538e+00
 4.67000e+01  1.00809e+00 -1.42140e-03  1.52029e+00 -1.40998e-03  1.01353e+00  1.00539e+00
 4.68000e+01  1.00810e+00 -1.37900e-03  1.52031e+00 -1.36792e-03  1.01354e+00  1.00540e+00
 4.69000e+01  1.00811e+00 -1.33655e-03  1.52034e+00 -1.32579e-03  1.01356e+00  1.00540e+00
 4.70000e+01  1.00812e+00 -1.29403e-03  1.52036e+00 -1.28361e-03  1.01357e+00  1.00541e+00
 4.71000e+01  1.00813e+00 -1.25145e-03  1.52038e+00 -1.24136e-03  1.01358e+00  1.00541e+00
 4.72000e+01  1.00814e+00 -1.20882e-03  1.52040e+00 -1.19906e-03  1.01360e+00  1.00542e+00
 4.73000e+01  1.00814e+00 -1.16613e-03  1.52042e+00 -1.15671e-03  1.01361e+00  1.00542e+00
 4.74000e+01  1.00815e+00 -1.12339e-03  1.52043e+00 -1.11431e-03  1.01362e+00  1.00543e+00
 4.75000e+01  1.00816e+00 -1.08060e-03  1.52045e+00 -1.07186e-03  1.01363e+00  1.00543e+00
 4.76000e+01  1.00816e+00 -1.03776e-03  1.52047e+00 -1.02936e-03  1.01365e+00  1.00544e+00
 4.77000e+01  1.00817e+00 -9.94875e-04  1.52048e+00 -9.86811e-04  1.01366e+00  1.00544e+00
 4.78000e+01  1.00818e+00 -9.51943e-04  1.52050e+00 -9.44222e-04  1.01367e+00  1.00544e+00
 4.79000e+01  1.00818e+00 -9.08968e-04  1.52051e+00 -9.01590e-04  1.01368e+00  1.00545e+00
 4.80000e+01  1.00819e+00 -8.65952e-04  1.52053e+00 -8.58918e-04  1.01369e+00  1.00545e+00
 4.81000e+01  1.00819e+00 -8.22896e-04  1.52054e+00 -8.16208e-04  1.01369e+00  1.00546e+00
 4.82000e+01  1.00820e+00 -7.79804e-04  1.52055e+00 -7.73462e-04  1.01370e+00  1.00546e+00
 4.83000e+01  1.00820e+00 -7.36676e-04  1.52057e+00 -7.30681e-04  1.01371e+00  1.00546e+00
 4.84000e+01  1.00821e+00 -6.93515e-04  1.52058e+00 -6.87868e-04  1.01372e+00  1.00547e+00
 4.85000e+01  1.00821e+00 -6.50322e-04  1.52059e+00 -6.45025e-04  1.01373e+00  1.00547e+00
 4.86000e+01  1.00822e+00 -6.07100e-04  1.52060e+00 -6.02152e-04  1.01373e+00  1.00547e+00
 4.87000e+01  1.00822e+00 -5.63851e-04  1.52061e+00 -5.59253e-04  1.01374e+00  1.00547e+00
 4.88000e+01  1.00822e+00 -5.20576e-04  1.52062e+00 -5.16330e-04  1.01374e+00  1.00548e+00
 4.89000e+01  1.00823e+00 -4.77277e-04  1.52062e+00 -4.73383e-04  1.01375e+00  1.00548e+00
 4.90000e+01  1.00823e+00 -4.33957e-04  1.52063e+00 -4.30415e-04  1.01375e+00  1.00548e+00
 4.91000e+01  1.00823e+00 -3.90617e-04  1.52064e+00 -3.87428e-04  1.01376e+00  1.00548e+00
 4.92000e+01  1.00823e+00 -3.47260e-04  1.52064e+00 -3.44424e-04  1.01376e+00  1.00548e+00
 4.93000e+01  1.00824e+00 -3.03887e-04  1.52065e+00 -3.01404e-04  1.01377e+00  1.00548e+00
 4.94000e+01  1.00824e+00 -2.60500e-04  1.52065e+00 -2.58371e-04  1.01377e+00  1.00549e+00
 4.95000e+01  1.00824e+00 -2.17101e-04  1.52066e+00 -2.15327e-04  1.01377e+00  1.00549e+00
 4.96000e+01  1.00824e+00 -1.73693e-04  1.52066e+00 -1.72273e-04  1.01377e+00  1.00549e+00
 4.97000e+01  1.00824e+00 -1.30277e-04  1.52066e+00 -1.29211e-04  1.01378e+00  1.00549e+00
 4.98000e+01  1.00824e+00 -8.68543e-05  1.52066e+00 -8.61442e-05  1.01378e+00  1.00549e+00
 4.99000e+01  1.00824e+00 -4.34281e-05  1.52067e+00 -4.30731e-05  1.01378e+00  1.00549e+00
 5.00000e+01  1.00824e+00 -3.24740e-15  1.52067e+00 -3.22085e-15  1.01378e+00  1.00549e+00
 5.01000e+01  1.00824e+00  4.34281e-05  1.52067e+00  4.30731e-05  1.01378e+00  1.00549e+00
 5.02000e+01  1.00824e+00  8.68543e-05  1.52066e+00  8.61442e-05  1.01378e+00  1.00549e+00
 5.03000e+01  1.00824e+00  1.30277e-04  1.52066e+00  1.29211e-04  1.01378e+00  1.00549e+00
 5.04000e+01  1.00824e+00  1.73693e-04  1.52066e+00  1.72273e-04  1.01377e+00  1.00549e+00
 5.05000e+01  1.00824e+00  2.17101e-04  1.52066e+00  2.15327e-04  1.01377e+00  1.00549e+00
 5.06000e+01  1.00824e+00  2.60500e-04  1.52065e+00  2.58371e-04  1.01377e+00  1.00549e+00
 5.07000e+01  1.00824e+00  3.03887e-04  1.52065e+00  3.01404e-04  1.01377e+00  1.00548e+00
 5.08000e+01  1.00823e+00  3.47260e-04  1.52064e+00  3.44424e-04  1.01376e+00  1.00548e+00
 5.09000e+01  1.00823e+00  3.90617e-04  1.52064e+00  3.87428e-04  1.01376e+00  1.00548e+00
 5.10000e+01  1.00823e+00  4.33957e-04  1.52063e+00  4.30415e-04  1.01375e+00  1.00548e+00
 5.11000e+01  1.00823e+00  4.77277e-04  1.52062e+00  4.73383e-04  1.01375e+00  1.00548e+00
 5.12000e+01  1.00822e+00  5.20576e-04  1.52062e+00  5.16330e-04  1.01374e+00  1.00548e+00
 5.13000e+01  1.00822e+00  5.63851e-04  1.52061e+00  5.59253e-04  1.01374e+00  1.00547e+00
 5.14000e+01  1.00822e+00  6.07100e-04  1.52060e+00  6.02152e-04  1.01373e+00  1.00547e+00
 5.15000e+01  1.00821e+00  6.50322e-04  1.52059e+00  6.45025e-04  1.01373e+00  1.00547e+00
 5.16000e+01  1.00821e+00  6.93515e-04  1.52058e+00  6.87868e-04  1.01372e+00  1.00547e+00
 5.17000e+01  1.00820e+00  7.36676e-04  1.52057e+00  7.30681e-04  1.01371e+00  1.00546e+00
 5.18000e+01  1.00820e+00  7.79804e-04  1.52055e+00  7.73462e-04  1.01370e+00  1.00546e+00
 5.19000e+01  1.00819e+00  8.22896e-04  1.52054e+00  8.16208e-04  1.01369e+00  1.00546e+00
 5.20000e+01  1.00819e+00  8.65952e-04  1.52053e+00  8.58918e-04  1.01369e+00  1.00545e+00
 5.21000e+01  1.00818e+00  9.08968e-04  1.52051e+00  9.01590e-04  1.01368e+00  1.00545e+00
 5.22000e+01  1.00818e+00  9.51943e-04  1.52050e+00  9.44222e-04  1.01367e+00  1.00544e+00
 5.23000e+01  1.00817e+00  9.94875e-04  1.52048e+00  9.86811e-04  1.01366e+00  1.00544e+00
 5.24000e+01  1.00816e+00  1.03776e-03  1.52047e+00  1.02936e-03  1.01365e+00  1.00544e+00
 5.25000e+01  1.00816e+00  1.08060e-03  1.52045e+00  1.07186e-03  1.01363e+00  1.00543e+00
 5.26000e+01  1.00815e+00  1.12339e-03  1.52043e+00  1.11431e-03  1.01362e+00  1.00543e+00
 5.27000e+01  1.00814e+00  1.16613e-03  1.52042e+00  1.15671e-03  1.01361e+00  1.00542e+00
 5.28000e+01  1.00814e+00  1.20882e-03  1.52040e+00  1.19906e-03  1.01360e+00  1.00542e+00
 5.29000e+01  1.00813e+00  1.25145e-03  1.52038e+00  1.24136e-03  1.01358e+00  1.00541e+00
 5.30000e+01  1.00812e+00  1.29403e-03  1.52036e+00  1.28361e-03  1.01357e+00  1.00541e+00
 5.31000e+01  1.00811e+00  1.33655e-03  1.52034e+00  1.32579e-03  1.01356e+00  1.00540e+00
 5.32000e+01  1.00810e+00  1.37900e-03  1.52031e+00  1.36792e-03  1.01354e+00  1.00540e+00
 5.33000e+01  1.00809e+00  1.42140e-03  1.52029e+00  1.40998e-03  1.01353e+00  1.00539e+00
 5.34000e+01  1.00809e+00  1.46373e-03  1.52027e+00  1.45199e-03  1.01351e+00  1.00538e+00
 5.35000e+01  1.00808e+00  1.50599e-03  1.52025e+00  1.49393e-03  1.01350e+00  1.00538e+00
 5.36000e+01  1.00807e+00  1.54819e-03  1.52022e+00  1.53580e-03  1.01348e+00  1.00537e+00
 5.37000e+01  1.00806e+00  1.59031e-03  1.52020e+00  1.57760e-03  1.01346e+00  1.00536e+00
 5.38000e+01  1.00805e+00  1.63237e-03  1.52017e+00  1.61934e-03  1.01345e+00  1.00536e+00
 5.39000e+01  1.00804e+00  1.67434e-03  1.52014e+00  1.66100e-03  1.01343e+00  1.00535e+00
 5.40000e+01  1.00803e+00  1.71625e-03  1.52012e+00  1.70258e-03  1.01341e+00  1.00534e+00
 5.41000e+01  1.00801e+00  1.75807e-03  1.52009e+00  1.74410e-03  1.01339e+00  1.00534e+00
 5.42000e+01  1.00800e+00  1.79982e-03  1.52006e+00  1.78553e-03  1.01337e+00  1.00533e+00
 5.43000e+01  1.00799e+00  1.84148e-03  1.52003e+00  1.82688e-03  1.01335e+00  1.00532e+00
 5.44000e+01  1.00798e+00  1.88306e-03  1.52000e+00  1.86816e-03  1.01333e+00  1.00531e+00
 5.45000e+01  1.00797e+00  1.92456e-03  1.51997e+00  1.90935e-03  1.01331e+00  1.00530e+00
 5.46000e+01  1.00795e+00  1.96597e-03  1.51994e+00  1.95045e-03  1.01329e+00  1.00530e+00
 5.47000e+01  1.00794e+00  2.00729e-03  1.51991e+00  1.99147e-03  1.01327e+00  1.00529e+00
 5.48000e+01  1.00793e+00  2.04852e-03  1.51988e+00  2.03240e-03  1.01325e+00  1.00528e+00
 5.49000e+01  1.00792e+00  2.08965e-03  1.51984e+00  2.07324e-03  1.01323e+00  1.00527e+00
 5.50000e+01  1.00790e+00  2.13069e-03  1.51981e+00  2.11399e-03  1.01321e+00  1.00526e+00
 5.51000e+01  1.00789e+00  2.17164e-03  1.51977e+00  2.15464e-03  1.01318e+00  1.00525e+00
 5.52000e+01  1.00787e+00  2.21248e-03  1.51974e+00  2.19519e-03  1.01316e+00  1.00524e+00
 5.53000e+01  1.00786e+00  2.25323e-03  1.51970e+00  2.23565e-03  1.01313e+00  1.00523e+00
 5.54000e+01  1.00785e+00  2.29387e-03  1.51967e+00  2.27601e-03  1.01311e+00  1.00522e+00
 5.55000e+01  1.00783e+00  2.33441e-03  1.51963e+00  2.31627e-03  1.01309e+00  1.00521e+00
 5.56000e+01  1.00782e+00  2.37484e-03  1.51959e+00  2.35642e-03  1.01306e+00  1.00520e+00
 5.57000e+01  1.00780e+00  2.41516e-03  1.51955e+00  2.39647e-03  1.01303e+00  1.00519e+00
 5.58000e+01  1.00779e+00  2.45538e-03  1.51951e+00  2.43641e-03  1.01301e+00  1.00518e+00
 5.59000e+01  1.00777e+00  2.49548e-03  1.51947e+00  2.47624e-03  1.01298e+00  1.00517e+00
 5.60000e+01  1.00775e+00  2.53547e-03  1.51943e+00  2.51597e-03  1.01295e+00  1.00516e+00
 5.61000e+01  1.00774e+00  2.57535e-03  1.51939e+00  2.55558e-03  1.01293e+00  1.00515e+00
 5.62000e+01  1.00772e+00  2.61511e-03  1.51935e+00  2.59507e-03  1.01290e+00  1.00514e+00
 5.63000e+01  1.00770e+00  2.65475e-03  1.51931e+00  2.63445e-03  1.01287e+00  1.00513e+00
 5.64000e+01  1.00769e+00  2.69426e-03  1.51926e+00  2.67372e-03  1.01284e+00  1.00512e+00
 5.65000e+01  1.00767e+00  2.73366e-03  1.51922e+00  2.71286e-03  1.01281e+00  1.00511e+00
 5.66000e+01  1.00765e+00  2.77293e-03  1.51917e+00  2.75188e-03  1.01278e+00  1.00509e+00
 5.67000e+01  1.00763e+00  2.81208e-03  1.51913e+00  2.79078e-03  1.01275e+00  1.00508e+00
 5.68000e+01  1.00761e+00  2.85110e-03  1.51908e+00  2.82955e-03  1.01272e+00  1.00507e+00
 5.69000e+01  1.00760e+00  2.88999e-03  1.51904e+00  2.86820e-03  1.01269e+00  1.00506e+00
 5.70000e+01  1.00758e+00  2.92874e-03  1.51899e+00  2.90672e-03  1.01266e+00  1.00504e+00
 5.71000e+01  1.00756e+00  2.96737e-03  1.51894e+00  2.94511e-03  1.01263e+00  1.00503e+00
 5.72000e+01  1.00754e+00  3.00586e-03  1.51889e+00  2.98337e-03  1.01259e+00  1.00502e+00
 5.73000e+01  1.00752e+00  3.04421e-03  1.51884e+00  3.02149e-03  1.01256e+00  1.00501e+00
 5.74000e+01  1.00750e+00  3.08242e-03  1.51879e+00  3.05948e-03  1.01253e+00  1.00499e+00
 5.75000e+01  1.00748e+00  3.12050e-03  1.51874e+00  3.09733e-03  1.01249e+00  1.00498e+00
 5.76000e+01  1.00746e+00  3.15843e-03  1.51869e+00  3.13505e-03  1.01246e+00  1.00497e+00
 5.77000e+01  1.00744e+00  3.19622e-03  1.51864e+00  3.17262e-03  1.01243e+00  1.00495e+00
 5.78000e+01  1.00742e+00  3.23386e-03  1.51859e+00  3.21005e-03  1.01239e+00  1.00494e+00
 5.79000e+01  1.00740e+00  3.27136e-03  1.51853e+00  3.24734e-03  1.01236e+00  1.00492e+00
 5.80000e+01  1.00737e+00  3.30870e-03  1.51848e+00  3.28448e-03  1.01232e+00  1.00491e+00
 5.81000e+01  1.00735e+00  3.34590e-03  1.51842e+00  3.32148e-03  1.01228e+00  1.00489e+00
 5.82000e+01  1.00733e+00  3.38294e-03  1.51837e+00  3.35832e-03  1.01225e+00  1.00488e+00
 5.83000e+01  1.00731e+00  3.41983e-03  1.51831e+00  3.39502e-03  1.01221e+00  1.00487e+00
 5.84000e+01  1.00729e+00  3.45656e-03  1.51826e+00  3.43156e-03  1.01217e+00  1.00485e+00
 5.85000e+01  1.00726e+00  3.49314e-03  1.51820e+00  3.46795e-03  1.01213e+00  1.00484e+00
 5.86000e+01  1.00724e+00  3.52956e-03  1.51814e+00  3.50419e-03  1.01209e+00  1.00482e+00
 5.87000e+01  1.00722e+00  3.56581e-03  1.51808e+00  3.54027e-03  1.01206e+00  1.00480e+00
 5.88000e+01  1.00719e+00  3.60191e-03  1.51802e+00  3.57618e-03  1.01202e+00  1.00479e+00
 5.89000e+01  1.00717e+00  3.63784e-03  1.51796e+00  3.61194e-03  1.01198e+00  1.00477e+00
 5.90000e+01  1.00715e+00  3.67360e-03  1.51790e+00  3.64754e-03  1.01194e+00  1.00476e+00
 5.91000e+01  1.00712e+00  3.70920e-03  1.51784e+00  3.68297e-03  1.01190e+00  1.00474e+00
 5.92000e+01  1.00710e+00  3.74463e-03  1.51778e+00  3.71824e-03  1.01185e+00  1.00472e+00
 5.93000e+01  1.00707e+00  3.77988e-03  1.51772e+00  3.75334e-03  1.01181e+00  1.00471e+00
 5.94000e+01  1.00705e+00  3.81497e-03  1.51766e+00  3.78827e-03  1.01177e+00  1.00469e+00
 5.95000e+01  1.00702e+00  3.84988e-03  1.51759e+00  3.82304e-03  1.01173e+00  1.00467e+00
 5.96000e+01  1.00700e+00  3.88461e-03  1.51753e+00  3.85763e-03  1.01169e+00  1.00466e+00
 5.97000e+01  1.00697e+00  3.91917e-03  1.51746e+00  3.89204e-03  1.01164e+00  1.00464e+00
 5.98000e+01  1.00694e+00  3.95355e-03  1.51740e+00  3.92629e-03  1.01160e+00  1.00462e+00
 5.99000e+01  1.00692e+00  3.98775e-03  1.51733e+00  3.96035e-03  1.01155e+00  1.00461e+00
 6.00000e+01  1.00689e+00  4.02176e-03  1.51726e+00  3.99424e-03  1.01151e+00  1.00459e+00
 6.01000e+01  1.00686e+00  4.05559e-03  1.51720e+00  4.02795e-03  1.01146e+00  1.00457e+00
 6.02000e+01  1.00684e+00  4.08924e-03  1.51713e+00  4.06148e-03  1.01142e+00  1.00455e+00
 6.03000e+01  1.00681e+00  4.12270e-03  1.51706e+00  4.09482e-03  1.01137e+00  1.00453e+00
 6.04000e+01  1.00678e+00  4.15598e-03  1.51699e+00  4.12798e-03  1.01133e+00  1.00451e+00
 6.05000e+01  1.00675e+00  4.18906e-03  1.51692e+00  4.16096e-03  1.01128e+00  1.00450e+00
 6.06000e+01  1.00673e+00  4.22195e-03  1.51685e+00  4.19375e-03  1.01123e+00  1.00448e+00
 6.07000e+01  1.00670e+00  4.25465e-03  1.51678e+00  4.22635e-03  1.01119e+00  1.00446e+00
 6.08000e+01  1.00667e+00  4.28715e-03  1.51671e+00  4.25876e-03  1.01114e+00  1.00444e+00
 6.09000e+01  1.00664e+00  4.31946e-03  1.51663e+00  4.29097e-03  1.01109e+00  1.00442e+00
 6.10000e+01  1.00661e+00  4.35158e-03  1.51656e+00  4.32300e-03  1.01104e+00  1.00440e+00
 6.11000e+01  1.00658e+00  4.38349e-03  1.51649e+00  4.35483e-03  1.01099e+00  1.00438e+00
 6.12000e+01  1.00655e+00  4.41520e-03  1.51641e+00  4.38646e-03  1.01094e+00  1.00436e+00
 6.13000e+01  1.00652e+00  4.44671e-03  1.51634e+00  4.41790e-03  1.01089e+00  1.00434e+00
 6.14000e+01  1.00649e+00  4.47802e-03  1.51626e+00  4.44914e-03  1.01084e+00  1.00432e+00
 6.15000e+01  1.00646e+00  4.50912e-03  1.51619e+00  4.48018e-03  1.01079e+00  1.00430e+00
 6.16000e+01  1.00643e+00  4.54002e-03  1.51611e+00  4.51101e-03  1.01074e+00  1.00428e+00
 6.17000e+01  1.00640e+00  4.57071e-03  1.51603e+00  4.54165e-03  1.01069e+00  1.00426e+00
 6.18000e+01  1.00637e+00  4.60119e-03  1.51595e+00  4.57207e-03  1.01064e+00  1.00424e+00
 6.19000e+01  1.00634e+00  4.63146e-03  1.51587e+00  4.60230e-03  1.01058e+00  1.00422e+00
 6.20000e+01  1.00631e+00  4.66152e-03  1.51579e+00  4.63231e-03  1.01053e+00  1.00420e+00
 6.21000e+01  1.00627e+00  4.69136e-03  1.51571e+00  4.66212e-03  1.01048e+00  1.00418e+00
 6.22000e+01  1.00624e+00  4.72100e-03  1.51563e+00  4.69171e-03  1.01042e+00  1.00416e+00
 6.23000e+01  1.00621e+00  4.75041e-03  1.51555e+00  4.72110e-03  1.01037e+00  1.00413e+00
 6.24000e+01  1.00618e+00  4.77961e-03  1.51547e+00  4.75027e-03  1.01031e+00  1.00411e+00
 6.25000e+01  1.00614e+00  4.80859e-03  1.51539e+00  4.77923e-03  1.01026e+00  1.00409e+00
 6.26000e+01  1.00611e+00  4.83735e-03  1.51531e+00  4.80797e-03  1.01020e+00  1.00407e+00
 6.27000e+01  1.00608e+00  4.86589e-03  1.51522e+00  4.83650e-03  1.01015e+00  1.00405e+00
 6.28000e+01  1.00604e+00  4.89420e-03  1.51514e+00  4.86480e-03  1.01009e+00  1.00402e+00
 6.29000e+01  1.00601e+00  4.92230e-03  1.51505e+00  4.89289e-03  1.01004e+00  1.00400e+00
 6.30000e+01  1.00598e+00  4.95016e-03  1.51497e+00  4.92076e-03  1.00998e+00  1.00398e+00
 6.31000e+01  1.00594e+00  4.97780e-03  1.51488e+00  4.94840e-03  1.00992e+00  1.00396e+00
 6.32000e+01  1.00591e+00  5.00522e-03  1.51479e+00  4.97583e-03  1.00986e+00  1.00393e+00
 6.33000e+01  1.00587e+00  5.03240e-03  1.51471e+00  5.00302e-03  1.00981e+00  1.00391e+00
 6.34000e+01  1.00584e+00  5.05936e-03  1.51462e+00  5.02999e-03  1.00975e+00  1.00389e+00
 6.35000e+01  1.00580e+00  5.08608e-03  1.51453e+00  5.05674e-03  1.00969e+00  1.00386e+00
 6.36000e+01  1.00577e+00  5.11257e-03  1.51444e+00  5.08326e-03  1.00963e+00  1.00384e+00
 6.37000e+01  1.00573e+00  5.13883e-03  1.51435e+00  5.10954e-03  1.00957e+00  1.00382e+00
 6.38000e+01  1.00569e+00  5.16485e-03  1.51426e+00  5.13560e-03  1.00951e+00  1.00379e+00
 6.39000e+01  1.00566e+00  5.19063e-03  1.51417e+00  5.16143e-03  1.00945e+00  1.00377e+00
 6.40000e+01  1.00562e+00  5.21618e-03  1.51408e+00  5.18702e-03  1.00939e+00  1.00374e+00
 6.41000e+01  1.00559e+00  5.24149e-03  1.51399e+00  5.21238e-03  1.00933e+00  1.00372e+00
 6.42000e+01  1.00555e+00  5.26656e-03  1.51390e+00  5.23750e-03  1.00926e+00  1.00369e+00
 6.43000e+01  1.00551e+00  5.29139e-03  1.51380e+00  5.26239e-03  1.00920e+00  1.00367e+00
 6.44000e+01  1.00547e+00  5.31598e-03  1.51371e+00  5.28703e-03  1.00914e+00  1.00365e+00
 6.45000e+01  1.00544e+00  5.34032e-03  1.51362e+00  5.31144e-03  1.00908e+00  1.00362e+00
 6.46000e+01  1.00540e+00  5.36443e-03  1.51352e+00  5.33562e-03  1.00901e+00  1.00360e+00
 6.47000e+01  1.00536e+00  5.38828e-03  1.51343e+00  5.35955e-03  1.00895e+00  1.00357e+00
 6.48000e+01  1.00532e+00  5.41189e-03  1.51333e+00  5.38323e-03  1.00889e+00  1.00354e+00
 6.49000e+01  1.00528e+00  5.43525e-03  1.51323e+00  5.40668e-03  1.00882e+00  1.00352e+00
 6.50000e+01  1.00525e+00  5.45837e-03  1.51314e+00  5.42988e-03  1.00876e+00  1.00349e+00
 6.51000e+01  1.00521e+00  5.48123e-03  1.51304e+00  5.45284e-03  1.00869e+00  1.00347e+00
 6.52000e+01  1.00517e+00  5.50384e-03  1.51294e+00  5.47555e-03  1.00863e+00  1.00344e+00
 6.53000e+01  1.00513e+00  5.52621e-03  1.51284e+00  5.49801e-03  1.00856e+00  1.00342e+00
 6.54000e+01  1.00509e+00  5.54832e-03  1.51274e+00  5.52022e-03  1.00850e+00  1.00339e+00
 6.55000e+01  1.00505e+00  5.57018e-03  1.51264e+00  5.54219e-03  1.00843e+00  1.00336e+00
 6.56000e+01  1.00501e+00  5.59178e-03  1.51254e+00  5.56390e-03  1.00836e+00  1.00334e+00
 6.57000e+01  1.00497e+00  5.61313e-03  1.51244e+00  5.58537e-03  1.00830e+00  1.00331e+00
 6.58000e+01  1.00493e+00  5.63422e-03  1.51234e+00  5.60658e-03  1.00823e+00  1.00328e+00
 6.59000e+01  1.00489e+00  5.65505e-03  1.51224e+00  5.62754e-03  1.00816e+00  1.00326e+00
 6.60000e+01  1.00485e+00  5.67563e-03  1.51214e+00  5.64825e-03  1.00809e+00  1.00323e+00
 6.61000e+01  1.00481e+00  5.69595e-03  1.51204e+00  5.66870e-03  1.00802e+00  1.00320e+00
 6.62000e+01  1.00477e+00  5.71601e-03  1.51193e+00  5.68889e-03  1.00795e+00  1.00317e+00
 6.63000e+01  1.00472e+00  5.73580e-03  1.51183e+00  5.70883e-03  1.00789e+00  1.00315e+00
 6.64000e+01  1.00468e+00  5.75534e-03  1.51172e+00  5.72851e-03  1.00782e+00  1.00312e+00
 6.65000e+01  1.00464e+00  5.77461e-03  1.51162e+00  5.74794e-03  1.00775e+00  1.00309e+00
 6.66000e+01  1.00460e+00  5.79362e-03  1.51151e+00  5.76710e-03  1.00768e+00  1.00306e+00
 6.67000e+01  1.00456e+00  5.81237e-03  1.51141e+00  5.78601e-03  1.00760e+00  1.00303e+00
 6.68000e+01  1.00451e+00  5.83085e-03  1.51130e+00  5.80465e-03  1.00753e+00  1.00301e+00
 6.69000e+01  1.00447e+00  5.84907e-03  1.51119e+00  5.82303e-03  1.00746e+00  1.00298e+00
 6.70000e+01  1.00443e+00  5.86702e-03  1.51109e+00  5.84115e-03  1.00739e+00  1.00295e+00
 6.71000e+01  1.00439e+00  5.88471e-03  1.51098e+00  5.85901e-03  1.00732e+00  1.00292e+00
 6.72000e+01  1.00434e+00  5.90212e-03  1.51087e+00  5.87661e-03  1.00725e+00  1.00289e+00
 6.73000e+01  1.00430e+00  5.91927e-03  1.51076e+00  5.89393e-03  1.00717e+00  1.00286e+00
 6.74000e+01  1.00425e+00  5.93615e-03  1.51065e+00  5.91100e-03  1.00710e+00  1.00283e+00
 6.75000e+01  1.00421e+00  5.95276e-03  1.51054e+00  5.92780e-03  1.00703e+00  1.00280e+00
 6.76000e+01  1.00417e+00  5.96910e-03  1.51043e+00  5.94433e-03  1.00695e+00  1.00278e+00
 6.77000e+01  1.00412e+00  5.98516e-03  1.51032e+00  5.96059e-03  1.00688e+00  1.00275e+00
 6.78000e+01  1.00408e+00  6.00096e-03  1.51021e+00  5.97659e-03  1.00681e+00  1.00272e+00
 6.79000e+01  1.00403e+00  6.01649e-03  1.51010e+00  5.99232e-03  1.00673e+00  1.00269e+00
 6.80000e+01  1.00399e+00  6.03174e-03  1.50998e+00  6.00777e-03  1.00666e+00  1.00266e+00
 6.81000e+01  1.00394e+00  6.04671e-03  1.50987e+00  6.02296e-03  1.00658e+00  1.00263e+00
 6.82000e+01  1.00390e+00  6.06142e-03  1.50976e+00  6.03788e-03  1.00650e+00  1.00260e+00
 6.83000e+01  1.00385e+00  6.07585e-03  1.50964e+00  6.05253e-03  1.00643e+00  1.00257e+00
 6.84000e+01  1.00381e+00  6.09000e-03  1.50953e+00  6.06690e-03  1.00635e+00  1.00254e+00
 6.85000e+01  1.00376e+00  6.10388e-03  1.50941e+00  6.08101e-03  1.00628e+00  1.00251e+00
 6.86000e+01  1.00372e+00  6.11748e-03  1.50930e+00  6.09484e-03  1.00620e+00  1.00247e+00
 6.87000e+01  1.00367e+00  6.13081e-03  1.50918e+00  6.10840e-03  1.00612e+00  1.00244e+00
 6.88000e+01  1.00362e+00  6.14386e-03  1.50907e+00  6.12168e-03  1.00604e+00  1.00241e+00
 6.89000e+01  1.00358e+00  6.15663e-03  1.50895e+00  6.13469e-03  1.00597e+00  1.00238e+00
 6.90000e+01  1.00353e+00  6.16912e-03  1.50883e+00  6.14743e-03  1.00589e+00  1.00235e+00
 6.91000e+01  1.00348e+00  6.18134e-03  1.50872e+00  6.15989e-03  1.00581e+00  1.00232e+00
 6.92000e+01  1.00344e+00  6.19328e-03  1.50860e+00  6.17207e-03  1.00573e+00  1.00229e+00
 6.93000e+01  1.00339e+00  6.20493e-03  1.50848e+00  6.18398e-03  1.00565e+00  1.00226e+00
 6.94000e+01  1.00334e+00  6.21631e-03  1.50836e+00  6.19561e-03  1.00557e+00  1.00223e+00
 6.95000e+01  1.00329e+00  6.22741e-03  1.50824e+00  6.20697e-03  1.00549e+00  1.00219e+00
 6.96000e+01  1.00325e+00  6.23823e-03  1.50812e+00  6.21805e-03  1.00541e+00  1.00216e+00
 6.97000e+01  1.00320e+00  6.24877e-03  1.50800e+00  6.22885e-03  1.00533e+00  1.00213e+00
 6.98000e+01  1.00315e+00  6.25902e-03  1.50788e+00  6.23937e-03  1.00525e+00  1.00210e+00
 6.99000e+01  1.00310e+00  6.26900e-03  1.50776e+00  6.24962e-03  1.00517e+00  1.00207e+00
 7.00000e+01  1.00305e+00  6.27870e-03  1.50764e+00  6.25959e-03  1.00509e+00  1.00203e+00
 7.01000e+01  1.00300e+00  6.28811e-03  1.50752e+00  6.26927e-03  1.00501e+00  1.00200e+00
 7.02000e+01  1.00296e+00  6.29724e-03  1.50740e+00  6.27868e-03  1.00493e+00  1.00197e+00
 7.03000e+01  1.00291e+00  6.30609e-03  1.50727e+00  6.28781e-03  1.00485e+00  1.00194e+00
 7.04000e+01  1.00286e+00  6.31466e-03  1.50715e+00  6.29666e-03  1.00477e+00  1.00190e+00
 7.05000e+01  1.00281e+00  6.32294e-03  1.50703e+00  6.30524e-03  1.00468e+00  1.00187e+00
 7.06000e+01  1.00276e+00  6.33095e-03  1.50690e+00  6.31353e-03  1.00460e+00  1.00184e+00
 7.07000e+01  1.00271e+00  6.33867e-03  1.50678e+00  6.32154e-03  1.00452e+00  1.00181e+00
 7.08000e+01  1.00266e+00  6.34611e-03  1.50665e+00  6.32927e-03  1.00444e+00  1.00177e+00
 7.09000e+01  1.00261e+00  6.35326e-03  1.50653e+00  6.33672e-03  1.00435e+00  1.00174e+00
 7.10000e+01  1.00256e+00  6.36013e-03  1.50640e+00  6.34389e-03  1.00427e+00  1.00171e+00
 7.11000e+01  1.00251e+00  6.36672e-03  1.50628e+00  6.35078e-03  1.00419e+00  1.00167e+00
 7.12000e+01  1.00246e+00  6.37303e-03  1.50615e+00  6.35739e-03  1.00410e+00  1.00164e+00
 7.13000e+01  1.00241e+00  6.37905e-03  1.50603e+00  6.36372e-03  1.00402e+00  1.00160e+00
 7.14000e+01  1.00236e+00  6.38479e-03  1.50590e+00  6.36977e-03  1.00393e+00  1.00157e+00
 7.15000e+01  1.00231e+00  6.39025e-03  1.50577e+00  6.37554e-03  1.00385e+00  1.00154e+00
 7.16000e+01  1.00226e+00  6.39543e-03  1.50565e+00  6.38102e-03  1.00376e+00  1.00150e+00
 7.17000e+01  1.00221e+00  6.40032e-03  1.50552e+00  6.38623e-03  1.00368e+00  1.00147e+00
 7.18000e+01  1.00215e+00  6.40493e-03  1.50539e+00  6.39115e-03  1.00359e+00  1.00144e+00
 7.19000e+01  1.00210e+00  6.40925e-03  1.50526e+00  6.39580e-03  1.00351e+00  1.00140e+00
 7.20000e+01  1.00205e+00  6.41330e-03  1.50513e+00  6.40016e-03  1.00342e+00  1.00137e+00
 7.21000e+01  1.00200e+00  6.41706e-03  1.50500e+00  6.40424e-03  1.00334e+00  1.00133e+00
 7.22000e+01  1.00195e+00  6.42053e-03  1.50487e+00  6.40805e-03  1.00325e+00  1.00130e+00
 7.23000e+01  1.00190e+00  6.42373e-03  1.50475e+00  6.41157e-03  1.00316e+00  1.00126e+00
 7.24000e+01  1.00185e+00  6.42664e-03  1.50462e+00  6.41481e-03  1.00308e+00  1.00123e+00
 7.25000e+01  1.00179e+00  6.42928e-03  1.50449e+00  6.41777e-03  1.00299e+00  1.00119e+00
 7.26000e+01  1.00174e+00  6.43163e-03  1.50435e+00  6.42045e-03  1.00290e+00  1.00116e+00
 7.27000e+01  1.00169e+00  6.43370e-03  1.50422e+00  6.42285e-03  1.00282e+00  1.00113e+00
 7.28000e+01  1.00164e+00  6.43548e-03  1.50409e+00  6.42497e-03  1.00273e+00  1.00109e+00
 7.29000e+01  1.00158e+00  6.43699e-03  1.50396e+00  6.42681e-03  1.00264e+00  1.00106e+00
 7.30000e+01  1.00153e+00  6.43822e-03  1.50383e+00  6.42838e-03  1.00255e+00  1.00102e+00
 7.31000e+01  1.00148e+00  6.43916e-03  1.50370e+00  6.42966e-03  1.00246e+00  1.00099e+00
 7.32000e+01  1.00143e+00  6.43983e-03  1.50356e+00  6.43066e-03  1.00238e+00  1.00095e+00
 7.33000e+01  1.00137e+00  6.44022e-03  1.50343e+00  6.43139e-03  1.00229e+00  1.00091e+00
 7.34000e+01  1.00132e+00  6.44032e-03  1.50330e+00  6.43184e-03  1.00220e+00  1.00088e+00
 7.35000e+01  1.00127e+00  6.44015e-03  1.50317e+00  6.43201e-03  1.00211e+00  1.00084e+00
 7.36000e+01  1.00121e+00  6.43970e-03  1.50303e+00  6.43190e-03  1.00202e+00  1.00081e+00
 7.37000e+01  1.00116e+00  6.43897e-03  1.50290e+00  6.43151e-03  1.00193e+00  1.00077e+00
 7.38000e+01  1.00111e+00  6.43796e-03  1.50277e+00  6.43085e-03  1.00184e+00  1.00074e+00
 7.39000e+01  1.00105e+00  6.43668e-03  1.50263e+00  6.42991e-03  1.00175e+00  1.00070e+00
 7.40000e+01  1.00100e+00  6.43512e-03  1.50250e+00  6.42870e-03  1.00166e+00  1.00067e+00
 7.41000e+01  1.00094e+00  6.43328e-03  1.50236e+00  6.42721e-03  1.00158e+00  1.00063e+00
 7.42000e+01  1.00089e+00  6.43117e-03  1.50223e+00  6.42545e-03  1.00149e+00  1.00059e+00
 7.43000e+01  1.00084e+00  6.42878e-03  1.50209e+00  6.42341e-03  1.00140e+00  1.00056e+00
 7.44000e+01  1.00078e+00  6.42612e-03  1.50196e+00  6.42109e-03  1.00131e+00  1.00052e+00
 7.45000e+01  1.00073e+00  6.42318e-03  1.50182e+00  6.41850e-03  1.00121e+00  1.00049e+00
 7.46000e+01  1.00067e+00  6.41997e-03  1.50169e+00  6.41564e-03  1.00112e+00  1.00045e+00
 7.47000e+01  1.00062e+00  6.41649e-03  1.50155e+00  6.41251e-03  1.00103e+00  1.00041e+00
 7.48000e+01  1.00057e+00  6.41273e-03  1.50141e+00  6.40910e-03  1.00094e+00  1.00038e+00
 7.49000e+01  1.00051e+00  6.40870e-03  1.50128e+00  6.40543e-03  1.00085e+00  1.00034e+00
 7.50000e+01  1.00046e+00  6.40440e-03  1.50114e+00  6.40148e-03  1.00076e+00  1.00030e+00
 7.51000e+01  1.00040e+00  6.39983e-03  1.50101e+00  6.39726e-03  1.00067e+00  1.00027e+00
 7.52000e+01  1.00035e+00  6.39499e-03  1.50087e+00  6.39277e-03  1.00058e+00  1.00023e+00
 7.53000e+01  1.00029e+00  6.38988e-03  1.50073e+00  6.38801e-03  1.00049e+00  1.00020e+00
 7.54000e+01  1.00024e+00  6.38450e-03  1.50059e+00  6.38298e-03  1.00040e+00  1.00016e+00
 7.55000e+01  1.00018e+00  6.37886e-03  1.50046e+00  6.37769e-03  1.00031e+00  1.00012e+00
 7.56000e+01  1.00013e+00  6.37294e-03  1.50032e+00  6.37213e-03  1.00021e+00  1.00009e+00
 7.57000e+01  1.00007e+00  6.36676e-03  1.50018e+00  6.36630e-03  1.00012e+00  1.00005e+00
 7.58000e+01  1.00002e+00  6.36032e-03  1.50004e+00  6.36021e-03  1.00003e+00  1.00001e+00
 7.59000e+01  9.99963e-01  6.35361e-03  1.49991e+00  6.35385e-03  9.99938e-01  9.99975e-01
 7.60000e+01  9.99908e-01  6.34664e-03  1.49977e+00  6.34722e-03  9.99846e-01  9.99939e-01
 7.61000e+01  9.99852e-01  6.33940e-03  1.49963e+00  6.34034e-03  9.99754e-01  9.99902e-01
 7.62000e+01  9.99797e-01  6.33190e-03  1.49949e+00  6.33319e-03  9.99662e-01  9.99865e-01
 7.63000e+01  9.99742e-01  6.32414e-03  1.49935e+00  6.32577e-03  9.99570e-01  9.99828e-01
 7.64000e+01  9.99686e-01  6.31612e-03  1.49922e+00  6.31810e-03  9.99477e-01  9.99791e-01
 7.65000e+01  9.99631e-01  6.30784e-03  1.49908e+00  6.31017e-03  9.99385e-01  9.99754e-01
 7.66000e+01  9.99575e-01  6.29930e-03  1.49894e+00  6.30198e-03  9.99293e-01  9.99717e-01
 7.67000e+01  9.99520e-01  6.29050e-03  1.49880e+00  6.29352e-03  9.99200e-01  9.99680e-01
 7.68000e+01  9.99464e-01  6.28145e-03  1.49866e+00  6.28481e-03  9.99108e-01  9.99643e-01
 7.69000e+01  9.99409e-01  6.27214e-03  1.49852e+00  6.27585e-03  9.99015e-01  9.99606e-01
 7.70000e+01  9.99353e-01  6.26257e-03  1.49838e+00  6.26663e-03  9.98922e-01  9.99569e-01
 7.71000e+01  9.99297e-01  6.25275e-03  1.49824e+00  6.25715e-03  9.98830e-01  9.99532e-01
 7.72000e+01  9.99242e-01  6.24268e-03  1.49811e+00  6.24742e-03  9.98737e-01  9.99495e-01
 7.73000e+01  9.99186e-01  6.23236e-03  1.49797e+00  6.23743e-03  9.98644e-01  9.99458e-01
 7.74000e+01  9.99130e-01  6.22178e-03  1.49783e+00  6.22720e-03  9.98552e-01  9.99421e-01
 7.75000e+01  9.99075e-01  6.21096e-03  1.49769e+00  6.21671e-03  9.98459e-01  9.99383e-01
 7.76000e+01  9.99019e-01  6.19988e-03  1.49755e+00  6.20597e-03  9.98366e-01  9.99346e-01
 7.77000e+01  9.98963e-01  6.18856e-03  1.49741e+00  6.19498e-03  9.98273e-01  9.99309e-01
 7.78000e+01  9.98907e-01  6.17699e-03  1.49727e+00  6.18375e-03  9.98180e-01  9.99272e-01
 7.79000e+01  9.98852e-01  6.16518e-03  1.49713e+00  6.17227e-03  9.98087e-01  9.99235e-01
 7.80000e+01  9.98796e-01  6.15312e-03  1.49699e+00  6.16054e-03  9.97994e-01  9.99198e-01
 7.81000e+01  9.98740e-01  6.14082e-03  1.49685e+00  6.14856e-03  9.97902e-01  9.99160e-01
 7.82000e+01  9.98684e-01  6.12827e-03  1.49671e+00  6.13635e-03  9.97809e-01  9.99123e-01
 7.83000e+01  9.98629e-01  6.11549e-03  1.49657e+00  6.12389e-03  9.97716e-01  9.99086e-01
 7.84000e+01  9.98573e-01  6.10246e-03  1.49643e+00  6.11118e-03  9.97623e-01  9.99049e-01
 7.85000e+01  9.98517e-01  6.08920e-03  1.49630e+00  6.09824e-03  9.97530e-01  9.99012e-01
 7.86000e+01  9.98461e-01  6.07569e-03  1.49616e+00  6.08506e-03  9.97437e-01  9.98974e-01
 7.87000e+01  9.98405e-01  6.06196e-03  1.49602e+00  6.07164e-03  9.97344e-01  9.98937e-01
 7.88000e+01  9.98350e-01  6.04798e-03  1.49588e+00  6.05798e-03  9.97252e-01  9.98900e-01
 7.89000e+01  9.98294e-01  6.03377e-03  1.49574e+00  6.04409e-03  9.97159e-01  9.98863e-01
 7.90000e+01  9.98238e-01  6.01933e-03  1.49560e+00  6.02996e-03  9.97066e-01  9.98826e-01
 7.91000e+01  9.98183e-01  6.00466e-03  1.49546e+00  6.01559e-03  9.96973e-01  9.98789e-01
 7.92000e+01  9.98127e-01  5.98976e-03  1.49532e+00  6.00100e-03  9.96881e-01  9.98751e-01
 7.93000e+01  9.98071e-01  5.97463e-03  1.49518e+00  5.98617e-03  9.96788e-01  9.98714e-01
 7.94000e+01  9.98016e-01  5.95927e-03  1.49504e+00  5.97112e-03  9.96696e-01  9.98677e-01
 7.95000e+01  9.97960e-01  5.94368e-03  1.49490e+00  5.95583e-03  9.96603e-01  9.98640e-01
 7.96000e+01  9.97905e-01  5.92787e-03  1.49477e+00  5.94032e-03  9.96511e-01  9.98603e-01
 7.97000e+01  9.97849e-01  5.91184e-03  1.49463e+00  5.92458e-03  9.96418e-01  9.98566e-01
 7.98000e+01  9.97794e-01  5.89558e-03  1.49449e+00  5.90862e-03  9.96326e-01  9.98529e-01
 7.99000e+01  9.97738e-01  5.87910e-03  1.49435e+00  5.89243e-03  9.96234e-01  9.98492e-01
 8.00000e+01  9.97683e-01  5.86240e-03  1.49421e+00  5.87602e-03  9.96141e-01  9.98455e-01
 8.01000e+01  9.97627e-01  5.84549e-03  1.49407e+00  5.85939e-03  9.96049e-01  9.98418e-01
 8.02000e+01  9.97572e-01  5.82835e-03  1.49394e+00  5.84254e-03  9.95957e-01  9.98381e-01
 8.03000e+01  9.97517e-01  5.81100e-03  1.49380e+00  5.82547e-03  9.95865e-01  9.98344e-01
 8.04000e+01  9.97462e-01  5.79344e-03  1.49366e+00  5.80818e-03  9.95774e-01  9.98308e-01
 8.05000e+01  9.97407e-01  5.77566e-03  1.49352e+00  5.79068e-03  9.95682e-01  9.98271e-01
 8.06000e+01  9.97351e-01  5.75768e-03  1.49339e+00  5.77297e-03  9.95590e-01  9.98234e-01
 8.07000e+01  9.97296e-01  5.73948e-03  1.49325e+00  5.75504e-03  9.95499e-01  9.98197e-01
 8.08000e+01  9.97242e-01  5.72107e-03  1.49311e+00  5.73689e-03  9.95407e-01  9.98161e-01
 8.09000e+01  9.97187e-01  5.70246e-03  1.49297e+00  5.71854e-03  9.95316e-01  9.98124e-01
 8.10000e+01  9.97132e-01  5.68364e-03  1.49284e+00  5.69998e-03  9.95225e-01  9.98088e-01
 8.11000e+01  9.97077e-01  5.66461e-03  1.49270e+00  5.68122e-03  9.95134e-01  9.98051e-01
 8.12000e+01  9.97022e-01  5.64538e-03  1.49256e+00  5.66224e-03  9.95043e-01  9.98015e-01
 8.13000e+01  9.96968e-01  5.62595e-03  1.49243e+00  5.64306e-03  9.94952e-01  9.97978e-01
 8.14000e+01  9.96913e-01  5.60632e-03  1.49229e+00  5.62368e-03  9.94862e-01  9.97942e-01
 8.15000e+01  9.96859e-01  5.58650e-03  1.49216e+00  5.60410e-03  9.94771e-01  9.97906e-01
 8.16000e+01  9.96805e-01  5.56647e-03  1.49202e+00  5.58431e-03  9.94681e-01  9.97869e-01
 8.17000e+01  9.96750e-01  5.54625e-03  1.49189e+00  5.56433e-03  9.94591e-01  9.97833e-01
 8.18000e+01  9.96696e-01  5.52584e-03  1.49175e+00  5.54415e-03  9.94501e-01  9.97797e-01
 8.19000e+01  9.96642e-01  5.50523e-03  1.49162e+00  5.52377e-03  9.94411e-01  9.97761e-01
 8.20000e+01  9.96588e-01  5.48443e-03  1.49148e+00  5.50320e-03  9.94321e-01  9.97725e-01
 8.21000e+01  9.96534e-01  5.46344e-03  1.49135e+00  5.48244e-03  9.94232e-01  9.97689e-01
 8.22000e+01  9.96481e-01  5.44226e-03  1.49121e+00  5.46148e-03  9.94142e-01  9.97653e-01
 8.23000e+01  9.96427e-01  5.42090e-03  1.49108e+00  5.44034e-03  9.94053e-01  9.97617e-01
 8.24000e+01  9.96374e-01  5.39935e-03  1.49095e+00  5.41900e-03  9.93964e-01  9.97582e-01
 8.25000e+01  9.96320e-01  5.37762e-03  1.49081e+00  5.39748e-03  9.93875e-01  9.97546e-01
 8.26000e+01  9.96267e-01  5.35570e-03  1.49068e+00  5.37577e-03  9.93787e-01  9.97510e-01
 8.27000e+01  9.96214e-01  5.33361e-03  1.49055e+00  5.35388e-03  9.93698e-01  9.97475e-01
 8.28000e+01  9.96161e-01  5.31133e-03  1.49041e+00  5.33181e-03  9.93610e-01  9.97439e-01
 8.29000e+01  9.96108e-01  5.28888e-03  1.49028e+00  5.30955e-03  9.93522e-01  9.97404e-01
 8.30000e+01  9.96055e-01  5.26626e-03  1.49015e+00  5.28711e-03  9.93434e-01  9.97369e-01
 8.31000e+01  9.96002e-01  5.24345e-03  1.49002e+00  5.26450e-03  9.93346e-01  9.97334e-01
 8.32000e+01  9.95950e-01  5.22048e-03  1.48989e+00  5.24171e-03  9.93259e-01  9.97299e-01
 8.33000e+01  9.95897e-01  5.19733e-03  1.48976e+00  5.21874e-03  9.93172e-01  9.97264e-01
 8.34000e+01  9.95845e-01  5.17401e-03  1.48963e+00  5.19560e-03  9.93085e-01  9.97229e-01
 8.35000e+01  9.95793e-01  5.15053e-03  1.48950e+00  5.17229e-03  9.92998e-01  9.97194e-01
 8.36000e+01  9.95741e-01  5.12688e-03  1.48937e+00  5.14881e-03  9.92912e-01  9.97159e-01
 8.37000e+01  9.95689e-01  5.10306e-03  1.48924e+00  5.12516e-03  9.92826e-01  9.97124e-01
 8.38000e+01  9.95637e-01  5.07908e-03  1.48911e+00  5.10134e-03  9.92740e-01  9.97090e-01
 8.39000e+01  9.95585e-01  5.05494e-03  1.48898e+00  5.07735e-03  9.92654e-01  9.97056e-01
 8.40000e+01  9.95534e-01  5.03064e-03  1.48885e+00  5.05320e-03  9.92569e-01  9.97021e-01
 8.41000e+01  9.95483e-01  5.00617e-03  1.48872e+00  5.02889e-03  9.92483e-01  9.96987e-01
 8.42000e+01  9.95432e-01  4.98155e-03  1.48860e+00  5.00442e-03  9.92398e-01  9.96953e-01
 8.43000e+01  9.95381e-01  4.95678e-03  1.48847e+00  4.97978e-03  9.92314e-01  9.96919e-01
 8.44000e+01  9.95330e-01  4.93185e-03  1.48834e+00  4.95499e-03  9.92229e-01  9.96885e-01
 8.45000e+01  9.95279e-01  4.90676e-03  1.48822e+00  4.93004e-03  9.92145e-01  9.96851e-01
 8.46000e+01  9.95229e-01  4.88153e-03  1.48809e+00  4.90493e-03  9.92061e-01  9.96817e-01
 8.47000e+01  9.95179e-01  4.85615e-03  1.48797e+00  4.87967e-03  9.91978e-01  9.96784e-01
 8.48000e+01  9.95128e-01  4.83062e-03  1.48784e+00  4.85426e-03  9.91895e-01  9.96750e-01
 8.49000e+01  9.95078e-01  4.80494e-03  1.48772e+00  4.82870e-03  9.91812e-01  9.96717e-01
 8.50000e+01  9.95029e-01  4.77911e-03  1.48759e+00  4.80299e-03  9.91729e-01  9.96684e-01
 8.51000e+01  9.94979e-01  4.75315e-03  1.48747e+00  4.77713e-03  9.91647e-01  9.96651e-01
 8.52000e+01  9.94930e-01  4.72704e-03  1.48735e+00  4.75113e-03  9.91564e-01  9.96618e-01
 8.53000e+01  9.94880e-01  4.70079e-03  1.48722e+00  4.72498e-03  9.91483e-01  9.96585e-01
 8.54000e+01  9.94831e-01  4.67440e-03  1.48710e+00  4.69868e-03  9.91401e-01  9.96552e-01
 8.55000e+01  9.94783e-01  4.64787e-03  1.48698e+00  4.67225e-03  9.91320e-01  9.96519e-01
 8.56000e+01  9.94734e-01  4.62121e-03  1.48686e+00  4.64567e-03  9.91239e-01  9.96487e-01
 8.57000e+01  9.94686e-01  4.59441e-03  1.48674e+00  4.61896e-03  9.91159e-01  9.96455e-01
 8.58000e+01  9.94637e-01  4.56748e-03  1.48662e+00  4.59211e-03  9.91079e-01  9.96422e-01
 8.59000e+01  9.94589e-01  4.54042e-03  1.48650e+00  4.56512e-03  9.90999e-01  9.96390e-01
 8.60000e+01  9.94541e-01  4.51323e-03  1.48638e+00  4.53801e-03  9.90920e-01  9.96358e-01
 8.61000e+01  9.94494e-01  4.48592e-03  1.48626e+00  4.51075e-03  9.90840e-01  9.96326e-01
 8.62000e+01  9.94446e-01  4.45847e-03  1.48614e+00  4.48337e-03  9.90762e-01  9.96295e-01
 8.63000e+01  9.94399e-01  4.43090e-03  1.48602e+00  4.45586e-03  9.90683e-01  9.96263e-01
 8.64000e+01  9.94352e-01  4.40320e-03  1.48591e+00  4.42821e-03  9.90605e-01  9.96232e-01
 8.65000e+01  9.94305e-01  4.37539e-03  1.48579e+00  4.40045e-03  9.90528e-01  9.96201e-01
 8.66000e+01  9.94259e-01  4.34745e-03  1.48568e+00  4.37255e-03  9.90450e-01  9.96170e-01
 8.67000e+01  9.94212e-01  4.31939e-03  1.48556e+00  4.34454e-03  9.90373e-01  9.96139e-01
 8.68000e+01  9.94166e-01  4.29122e-03  1.48545e+00  4.31640e-03  9.90297e-01  9.96108e-01
 8.69000e+01  9.94120e-01  4.26293e-03  1.48533e+00  4.28814e-03  9.90221e-01  9.96077e-01
 8.70000e+01  9.94075e-01  4.23452e-03  1.48522e+00  4.25976e-03  9.90145e-01  9.96047e-01
 8.71000e+01  9.94029e-01  4.20600e-03  1.48510e+00  4.23126e-03  9.90069e-01  9.96016e-01
 8.72000e+01  9.93984e-01  4.17737e-03  1.48499e+00  4.20265e-03  9.89994e-01  9.95986e-01
 8.73000e+01  9.93939e-01  4.14863e-03  1.48488e+00  4.17392e-03  9.89920e-01  9.95956e-01
 8.74000e+01  9.93895e-01  4.11977e-03  1.48477e+00  4.14508e-03  9.89846e-01  9.95926e-01
 8.75000e+01  9.93850e-01  4.09081e-03  1.48466e+00  4.11613e-03  9.89772e-01  9.95896e-01
 8.76000e+01  9.93806e-01  4.06175e-03  1.48455e+00  4.08706e-03  9.89698e-01  9.95867e-01
 8.77000e+01  9.93762e-01  4.03258e-03  1.48444e+00  4.05789e-03  9.89625e-01  9.95838e-01
 8.78000e+01  9.93718e-01  4.00330e-03  1.48433e+00  4.02861e-03  9.89553e-01  9.95808e-01
 8.79000e+01  9.93675e-01  3.97393e-03  1.48422e+00  3.99922e-03  9.89481e-01  9.95779e-01
 8.80000e+01  9.93632e-01  3.94445e-03  1.48411e+00  3.96973e-03  9.89409e-01  9.95750e-01
 8.81000e+01  9.93589e-01  3.91487e-03  1.48401e+00  3.94013e-03  9.89338e-01  9.95722e-01
 8.82000e+01  9.93546e-01  3.88520e-03  1.48390e+00  3.91044e-03  9.89267e-01  9.95693e-01
 8.83000e+01  9.93503e-01  3.85543e-03  1.48379e+00  3.88064e-03  9.89196e-01  9.95665e-01
 8.84000e+01  9.93461e-01  3.82556e-03  1.48369e+00  3.85074e-03  9.89126e-01  9.95637e-01
 8.85000e+01  9.93419e-01  3.79560e-03  1.48359e+00  3.82074e-03  9.89057e-01  9.95609e-01
 8.86000e+01  9.93378e-01  3.76555e-03  1.48348e+00  3.79065e-03  9.88988e-01  9.95581e-01
 8.87000e+01  9.93336e-01  3.73540e-03  1.48338e+00  3.76046e-03  9.88919e-01  9.95553e-01
 8.88000e+01  9.93295e-01  3.70517e-03  1.48328e+00  3.73018e-03  9.88851e-01  9.95526e-01
 8.89000e+01  9.93254e-01  3.67485e-03  1.48317e+00  3.69980e-03  9.88783e-01  9.95498e-01
 8.90000e+01  9.93214e-01  3.64444e-03  1.48307e+00  3.66934e-03  9.88716e-01  9.95471e-01
 8.91000e+01  9.93174e-01  3.61394e-03  1.48297e+00  3.63878e-03  9.88649e-01  9.95444e-01
 8.92000e+01  9.93134e-01  3.58336e-03  1.48287e+00  3.60813e-03  9.88583e-01  9.95418e-01
 8.93000e+01  9.93094e-01  3.55270e-03  1.48278e+00  3.57740e-03  9.88517e-01  9.95391e-01
 8.94000e+01  9.93054e-01  3.52195e-03  1.48268e+00  3.54658e-03  9.88451e-01  9.95365e-01
 8.95000e+01  9.93015e-01  3.49112e-03  1.48258e+00  3.51568e-03  9.88387e-01  9.95339e-01
 8.96000e+01  9.92977e-01  3.46022e-03  1.48248e+00  3.48469e-03  9.88322e-01  9.95313e-01
 8.97000e+01  9.92938e-01  3.42923e-03  1.48239e+00  3.45362e-03  9.88258e-01  9.95287e-01
 8.98000e+01  9.92900e-01  3.39817e-03  1.48229e+00  3.42247e-03  9.88195e-01  9.95261e-01
 8.99000e+01  9.92862e-01  3.36703e-03  1.48220e+00  3.39124e-03  9.88132e-01  9.95236e-01
 9.00000e+01  9.92824e-01  3.33582e-03  1.48210e+00  3.35993e-03  9.88069e-01  9.95211e-01
 9.01000e+01  9.92787e-01  3.30453e-03  1.48201e+00  3.32854e-03  9.88007e-01  9.95186e-01
 9.02000e+01  9.92750e-01  3.27317e-03  1.48192e+00  3.29708e-03  9.87946e-01  9.95161e-01
 9.03000e+01  9.92713e-01  3.24174e-03  1.48183e+00  3.26554e-03  9.87885e-01  9.95137e-01
 9.04000e+01  9.92677e-01  3.21024e-03  1.48174e+00  3.23392e-03  9.87825e-01  9.95112e-01
 9.05000e+01  9.92640e-01  3.17867e-03  1.48165e+00  3.20224e-03  9.87765e-01  9.95088e-01
 9.06000e+01  9.92605e-01  3.14704e-03  1.48156e+00  3.17048e-03  9.87705e-01  9.95064e-01
 9.07000e+01  9.92569e-01  3.11533e-03  1.48147e+00  3.13865e-03  9.87646e-01  9.95040e-01
 9.08000e+01  9.92534e-01  3.08356e-03  1.48138e+00  3.10676e-03  9.87588e-01  9.95017e-01
 9.09000e+01  9.92499e-01  3.05173e-03  1.48130e+00  3.07479e-03  9.87530e-01  9.94994e-01
 9.10000e+01  9.92465e-01  3.01983e-03  1.48121e+00  3.04276e-03  9.87473e-01  9.94971e-01
 9.11000e+01  9.92430e-01  2.98788e-03  1.48112e+00  3.01067e-03  9.87416e-01  9.94948e-01
 9.12000e+01  9.92397e-01  2.95586e-03  1.48104e+00  2.97850e-03  9.87360e-01  9.94925e-01
 9.13000e+01  9.92363e-01  2.92378e-03  1.48096e+00  2.94628e-03  9.87304e-01  9.94903e-01
 9.14000e+01  9.92330e-01  2.89164e-03  1.48087e+00  2.91399e-03  9.87249e-01  9.94880e-01
 9.15000e+01  9.92297e-01  2.85944e-03  1.48079e+00  2.88164e-03  9.87195e-01  9.94858e-01
 9.16000e+01  9.92264e-01  2.82719e-03  1.48071e+00  2.84923e-03  9.87141e-01  9.94837e-01
 9.17000e+01  9.92232e-01  2.79488e-03  1.48063e+00  2.81676e-03  9.87087e-01  9.94815e-01
 9.18000e+01  9.92200e-01  2.76252e-03  1.48055e+00  2.78424e-03  9.87034e-01  9.94794e-01
 9.19000e+01  9.92169e-01  2.73010e-03  1.48047e+00  2.75165e-03  9.86982e-01  9.94773e-01
 9.20000e+01  9.92137e-01  2.69763e-03  1.48040e+00  2.71901e-03  9.86930e-01  9.94752e-01
 9.21000e+01  9.92106e-01  2.66511e-03  1.48032e+00  2.68632e-03  9.86879e-01  9.94731e-01
 9.22000e+01  9.92076e-01  2.63254e-03  1.48024e+00  2.65357e-03  9.86828e-01  9.94711e-01
 9.23000e+01  9.92046e-01  2.59992e-03  1.48017e+00  2.62076e-03  9.86778e-01  9.94690e-01
 9.24000e+01  9.92016e-01  2.56725e-03  1.48009e+00  2.58791e-03  9.86729e-01  9.94670e-01
 9.25000e+01  9.91986e-01  2.53453e-03  1.48002e+00  2.55500e-03  9.86680e-01  9.94651e-01
 9.26000e+01  9.91957e-01  2.50176e-03  1.47995e+00  2.52205e-03  9.86632e-01  9.94631e-01
 9.27000e+01  9.91928e-01  2.46895e-03  1.47988e+00  2.48904e-03  9.86584e-01  9.94612e-01
 9.28000e+01  9.91900e-01  2.43610e-03  1.47980e+00  2.45599e-03  9.86537e-01  9.94593e-01
 9.29000e+01  9.91872e-01  2.40320e-03  1.47973e+00  2.42289e-03  9.86490e-01  9.94574e-01
 9.30000e+01  9.91844e-01  2.37025e-03  1.47967e+00  2.38974e-03  9.86444e-01  9.94556e-01
 9.31000e+01  9.91817e-01  2.33726e-03  1.47960e+00  2.35655e-03  9.86399e-01  9.94537e-01
 9.32000e+01  9.91790e-01  2.30424e-03  1.47953e+00  2.32331e-03  9.86354e-01  9.94519e-01
 9.33000e+01  9.91763e-01  2.27117e-03  1.47946e+00  2.29003e-03  9.86310e-01  9.94501e-01
 9.34000e+01  9.91737e-01  2.23806e-03  1.47940e+00  2.25671e-03  9.86266e-01  9.94484e-01
 9.35000e+01  9.91711e-01  2.20491e-03  1.47933e+00  2.22334e-03  9.86223e-01  9.94466e-01
 9.36000e+01  9.91685e-01  2.17173e-03  1.47927e+00  2.18994e-03  9.86180e-01  9.94449e-01
 9.37000e+01  9.91660e-01  2.13850e-03  1.47921e+00  2.15649e-03  9.86139e-01  9.94432e-01
 9.38000e+01  9.91635e-01  2.10525e-03  1.47915e+00  2.12300e-03  9.86097e-01  9.94416e-01
 9.39000e+01  9.91610e-01  2.07195e-03  1.47909e+00  2.08948e-03  9.86057e-01  9.94399e-01
 9.40000e+01  9.91586e-01  2.03862e-03  1.47903e+00  2.05592e-03  9.86017e-01  9.94383e-01
 9.41000e+01  9.91563e-01  2.00526e-03  1.47897e+00  2.02232e-03  9.85978e-01  9.94367e-01
 9.42000e+01  9.91539e-01  1.97186e-03  1.47891e+00  1.98868e-03  9.85939e-01  9.94352e-01
 9.43000e+01  9.91516e-01  1.93843e-03  1.47885e+00  1.95501e-03  9.85901e-01  9.94336e-01
 9.44000e+01  9.91494e-01  1.90497e-03  1.47879e+00  1.92131e-03  9.85863e-01  9.94321e-01
 9.45000e+01  9.91471e-01  1.87147e-03  1.47874e+00  1.88757e-03  9.85826e-01  9.94306e-01
 9.46000e+01  9.91449e-01  1.83795e-03  1.47869e+00  1.85380e-03  9.85790e-01  9.94292e-01
 9.47000e+01  9.91428e-01  1.80440e-03  1.47863e+00  1.82000e-03  9.85754e-01  9.94277e-01
 9.48000e+01  9.91407e-01  1.77082e-03  1.47858e+00  1.78617e-03  9.85719e-01  9.94263e-01
 9.49000e+01  9.91386e-01  1.73721e-03  1.47853e+00  1.75230e-03  9.85685e-01  9.94249e-01
 9.50000e+01  9.91366e-01  1.70357e-03  1.47848e+00  1.71841e-03  9.85651e-01  9.94236e-01
 9.51000e+01  9.91346e-01  1.66991e-03  1.47843e+00  1.68448e-03  9.85618e-01  9.94222e-01
 9.52000e+01  9.91326e-01  1.63622e-03  1.47838e+00  1.65053e-03  9.85586e-01  9.94209e-01
 9.53000e+01  9.91307e-01  1.60250e-03  1.47833e+00  1.61655e-03  9.85554e-01  9.94197e-01
 9.54000e+01  9.91288e-01  1.56876e-03  1.47828e+00  1.58255e-03  9.85523e-01  9.94184e-01
 9.55000e+01  9.91270e-01  1.53499e-03  1.47824e+00  1.54851e-03  9.85492e-01  9.94172e-01
 9.56000e+01  9.91252e-01  1.50121e-03  1.47819e+00  1.51446e-03  9.85463e-01  9.94160e-01
 9.57000e+01  9.91234e-01  1.46740e-03  1.47815e+00  1.48037e-03  9.85433e-01  9.94148e-01
 9.58000e+01  9.91217e-01  1.43356e-03  1.47811e+00  1.44627e-03  9.85405e-01  9.94136e-01
 9.59000e+01  9.91200e-01  1.39971e-03  1.47807e+00  1.41213e-03  9.85377e-01  9.94125e-01
 9.60000e+01  9.91184e-01  1.36583e-03  1.47802e+00  1.37798e-03  9.85350e-01  9.94114e-01
 9.61000e+01  9.91168e-01  1.33194e-03  1.47798e+00  1.34381e-03  9.85323e-01  9.94103e-01
 9.62000e+01  9.91152e-01  1.29802e-03  1.47795e+00  1.30961e-03  9.85297e-01  9.94093e-01
 9.63000e+01  9.91137e-01  1.26409e-03  1.47791e+00  1.27539e-03  9.85272e-01  9.94083e-01
 9.64000e+01  9.91122e-01  1.23013e-03  1.47787e+00  1.24115e-03  9.85247e-01  9.94073e-01
 9.65000e+01  9.91107e-01  1.19616e-03  1.47783e+00  1.20689e-03  9.85223e-01  9.94063e-01
 9.66000e+01  9.91093e-01  1.16217e-03  1.47780e+00  1.17262e-03  9.85200e-01  9.94054e-01
 9.67000e+01  9.91080e-01  1.12817e-03  1.47777e+00  1.13832e-03  9.85177e-01  9.94044e-01
 9.68000e+01  9.91066e-01  1.09415e-03  1.47773e+00  1.10401e-03  9.85155e-01  9.94036e-01
 9.69000e+01  9.91053e-01  1.06011e-03  1.47770e+00  1.06968e-03  9.85134e-01  9.94027e-01
 9.70000e+01  9.91041e-01  1.02606e-03  1.47767e+00  1.03533e-03  9.85113e-01  9.94019e-01
 9.71000e+01  9.91029e-01  9.91991e-04  1.47764e+00  1.00097e-03  9.85093e-01  9.94010e-01
 9.72000e+01  9.91017e-01  9.57910e-04  1.47761e+00  9.66593e-04  9.85074e-01  9.94003e-01
 9.73000e+01  9.91006e-01  9.23815e-04  1.47758e+00  9.32200e-04  9.85055e-01  9.93995e-01
 9.74000e+01  9.90995e-01  8.89708e-04  1.47756e+00  8.97793e-04  9.85037e-01  9.93988e-01
 9.75000e+01  9.90985e-01  8.55588e-04  1.47753e+00  8.63372e-04  9.85020e-01  9.93981e-01
 9.76000e+01  9.90974e-01  8.21456e-04  1.47750e+00  8.28938e-04  9.85003e-01  9.93974e-01
 9.77000e+01  9.90965e-01  7.87313e-04  1.47748e+00  7.94492e-04  9.84987e-01  9.93968e-01
 9.78000e+01  9.90956e-01  7.53159e-04  1.47746e+00  7.60033e-04  9.84972e-01  9.93962e-01
 9.79000e+01  9.90947e-01  7.18995e-04  1.47744e+00  7.25564e-04  9.84957e-01  9.93956e-01
 9.80000e+01  9.90938e-01  6.84821e-04  1.47741e+00  6.91083e-04  9.84943e-01  9.93950e-01
 9.81000e+01  9.90930e-01  6.50637e-04  1.47739e+00  6.56592e-04  9.84930e-01  9.93945e-01
 9.82000e+01  9.90923e-01  6.16444e-04  1.47738e+00  6.22091e-04  9.84917e-01  9.93940e-01
 9.83000e+01  9.90915e-01  5.82243e-04  1.47736e+00  5.87581e-04  9.84905e-01  9.93935e-01
 9.84000e+01  9.90909e-01  5.48034e-04  1.47734e+00  5.53062e-04  9.84894e-01  9.93930e-01
 9.85000e+01  9.90902e-01  5.13818e-04  1.47733e+00  5.18535e-04  9.84883e-01  9.93926e-01
 9.86000e+01  9.90896e-01  4.79594e-04  1.47731e+00  4.84001e-04  9.84874e-01  9.93922e-01
 9.87000e+01  9.90891e-01  4.45365e-04  1.47730e+00  4.49459e-04  9.84864e-01  9.93918e-01
 9.88000e+01  9.90886e-01  4.11129e-04  1.47728e+00  4.14910e-04  9.84856e-01  9.93915e-01
 9.89000e+01  9.90881e-01  3.76887e-04  1.47727e+00  3.80356e-04  9.84848e-01  9.93912e-01
 9.90000e+01  9.90877e-01  3.42641e-04  1.47726e+00  3.45796e-04  9.84841e-01  9.93909e-01
 9.91000e+01  9.90873e-01  3.08390e-04  1.47725e+00  3.11231e-04  9.84834e-01  9.93906e-01
 9.92000e+01  9.90869e-01  2.74135e-04  1.47724e+00  2.76661e-04  9.84829e-01  9.93904e-01
 9.93000e+01  9.90866e-01  2.39876e-04  1.47724e+00  2.42087e-04  9.84823e-01  9.93902e-01
 9.94000e+01  9.90863e-01  2.05614e-04  1.47723e+00  2.07510e-04  9.84819e-01  9.93900e-01
 9.95000e+01  9.90861e-01  1.71349e-04  1.47722e+00  1.72929e-04  9.84815e-01  9.93898e-01
 9.96000e+01  9.90859e-01  1.37082e-04  1.47722e+00  1.38347e-04  9.84812e-01  9.93897e-01
 9.97000e+01  9.90858e-01  1.02813e-04  1.47721e+00  1.03762e-04  9.84810e-01  9.93896e-01
 9.98000e+01  9.90857e-01  6.85428e-05  1.47721e+00  6.91753e-05  9.84808e-01  9.93895e-01
 9.99000e+01  9.90856e-01  3.42716e-05  1.47721e+00  3.45879e-05  9.84807e-01  9.93895e-01
