 0.00000e+00  9.97311e-01  2.53686e-15  1.49328e+00  2.54370e-15  9.95522e-01  9.98206e-01
 1.00000e-01  9.97311e-01 -8.76776e-05  1.49328e+00 -8.79140e-05  9.95522e-01  9.98207e-01
 2.00000e-01  9.97311e-01 -1.75350e-04  1.49328e+00 -1.75823e-04  9.95522e-01  9.98207e-01
 3.00000e-01  9.97311e-01 -2.63014e-04  1.49328e+00 -2.63723e-04  9.95523e-01  9.98207e-01
 4.00000e-01  9.97312e-01 -3.50663e-04  1.49329e+00 -3.51608e-04  9.95524e-01  9.98207e-01
 5.00000e-01  9.97312e-01 -4.38293e-04  1.49329e+00 -4.39474e-04  9.95525e-01  9.98208e-01
 6.00000e-01  9.97313e-01 -5.25899e-04  1.49329e+00 -5.27315e-04  9.95526e-01  9.98208e-01
 7.00000e-01  9.97314e-01 -6.13476e-04  1.49329e+00 -6.15128e-04  9.95528e-01  9.98209e-01
 8.00000e-01  9.97315e-01 -7.01020e-04  1.49329e+00 -7.02907e-04  9.95530e-01  9.98210e-01
 9.00000e-01  9.97316e-01 -7.88526e-04  1.49330e+00 -7.90648e-04  9.95532e-01  9.98210e-01
 1.00000e+00  9.97318e-01 -8.75989e-04  1.49330e+00 -8.78345e-04  9.95534e-01  9.98211e-01
 1.10000e+00  9.97319e-01 -9.63404e-04  1.49330e+00 -9.65993e-04  9.95536e-01  9.98212e-01
 1.20000e+00  9.97321e-01 -1.05077e-03  1.49331e+00 -1.05359e-03  9.95539e-01  9.98213e-01
 1.30000e+00  9.97323e-01 -1.13807e-03  1.49331e+00 -1.14113e-03  9.95542e-01  9.98215e-01
 1.40000e+00  9.97325e-01 -1.22532e-03  1.49332e+00 -1.22860e-03  9.95545e-01  9.98216e-01
 1.50000e+00  9.97327e-01 -1.31249e-03  1.49332e+00 -1.31601e-03  9.95549e-01  9.98217e-01
 1.60000e+00  9.97329e-01 -1.39960e-03  1.49333e+00 -1.40335e-03  9.95553e-01  9.98219e-01
 1.70000e+00  9.97331e-01 -1.48663e-03  1.49333e+00 -1.49061e-03  9.95557e-01  9.98220e-01
 1.80000e+00  9.97334e-01 -1.57358e-03  1.49334e+00 -1.57778e-03  9.95561e-01  9.98222e-01
 1.90000e+00  9.97337e-01 -1.66044e-03  1.49335e+00 -1.66488e-03  9.95565e-01  9.98224e-01
 2.00000e+00  9.97339e-01 -1.74722e-03  1.49335e+00 -1.75188e-03  9.95570e-01  9.98226e-01
 2.10000e+00  9.97342e-01 -1.83389e-03  1.49336e+00 -1.83878e-03  9.95575e-01  9.98228e-01
 2.20000e+00  9.97345e-01 -1.92047e-03  1.49337e+00 -1.92558e-03  9.95580e-01  9.98230e-01
 2.30000e+00  9.97349e-01 -2.00695e-03  1.49338e+00 -2.01228e-03  9.95585e-01  9.98232e-01
 2.40000e+00  9.97352e-01 -2.09331e-03  1.49339e+00 -2.09887e-03  9.95591e-01  9.98234e-01
 2.50000e+00  9.97356e-01 -2.17957e-03  1.49340e+00 -2.18535e-03  9.95597e-01  9.98237e-01
 2.60000e+00  9.97359e-01 -2.26570e-03  1.49340e+00 -2.27170e-03  9.95603e-01  9.98239e-01
 2.70000e+00  9.97363e-01 -2.35171e-03  1.49341e+00 -2.35793e-03  9.95609e-01  9.98242e-01
 2.80000e+00  9.97367e-01 -2.43760e-03  1.49342e+00 -2.44403e-03  9.95616e-01  9.98244e-01
 2.90000e+00  9.97371e-01 -2.52335e-03  1.49343e+00 -2.53000e-03  9.95623e-01  9.98247e-01
 3.00000e+00  9.97375e-01 -2.60897e-03  1.49344e+00 -2.61583e-03  9.95630e-01  9.98250e-01
 3.10000e+00  9.97380e-01 -2.69444e-03  1.49346e+00 -2.70152e-03  9.95637e-01  9.98253e-01
 3.20000e+00  9.97384e-01 -2.77977e-03  1.49347e+00 -2.78706e-03  9.95644e-01  9.98256e-01
 3.30000e+00  9.97389e-01 -2.86495e-03  1.49348e+00 -2.87245e-03  9.95652e-01  9.98259e-01
 3.40000e+00  9.97394e-01 -2.94997e-03  1.49349e+00 -2.95768e-03  9.95660e-01  9.98262e-01
 3.50000e+00  9.97398e-01 -3.03484e-03  1.49350e+00 -3.04276e-03  9.95668e-01  9.98265e-01
 3.60000e+00  9.97404e-01 -3.11954e-03  1.49351e+00 -3.12766e-03  9.95677e-01  9.98269e-01
 3.70000e+00  9.97409e-01 -3.20408e-03  1.49353e+00 -3.21240e-03  9.95685e-01  9.98272e-01
 3.80000e+00  9.97414e-01 -3.28844e-03  1.49354e+00 -3.29696e-03  9.95694e-01  9.98276e-01
 3.90000e+00  9.97419e-01 -3.37262e-03  1.49355e+00 -3.38135e-03  9.95703e-01  9.98279e-01
 4.00000e+00  9.97425e-01 -3.45662e-03  1.49357e+00 -3.46555e-03  9.95712e-01  9.98283e-01
 4.10000e+00  9.97431e-01 -3.54044e-03  1.49358e+00 -3.54956e-03  9.95722e-01  9.98287e-01
 4.20000e+00  9.97437e-01 -3.62407e-03  1.49360e+00 -3.63338e-03  9.95732e-01  9.98291e-01
 4.30000e+00  9.97443e-01 -3.70750e-03  1.49361e+00 -3.71700e-03  9.95742e-01  9.98295e-01
 4.40000e+00  9.97449e-01 -3.79073e-03  1.49363e+00 -3.80043e-03  9.95752e-01  9.98299e-01
 4.50000e+00  9.97455e-01 -3.87376e-03  1.49364e+00 -3.88365e-03  9.95762e-01  9.98303e-01
 4.60000e+00  9.97461e-01 -3.95658e-03  1.49366e+00 -3.96665e-03  9.95773e-01  9.98307e-01
 4.70000e+00  9.97468e-01 -4.03919e-03  1.49368e+00 -4.04945e-03  9.95784e-01  9.98311e-01
 4.80000e+00  9.97474e-01 -4.12159e-03  1.49369e+00 -4.13202e-03  9.95795e-01  9.98316e-01
 4.90000e+00  9.97481e-01 -4.20376e-03  1.49371e+00 -4.21438e-03  9.95806e-01  9.98320e-01
 5.00000e+00  9.97488e-01 -4.28571e-03  1.49373e+00 -4.29650e-03  9.95817e-01  9.98325e-01
 5.10000e+00  9.97495e-01 -4.36743e-03  1.49374e+00 -4.37840e-03  9.95829e-01  9.98330e-01
 5.20000e+00  9.97502e-01 -4.44892e-03  1.49376e+00 -4.46006e-03  9.95841e-01  9.98334e-01
 5.30000e+00  9.97510e-01 -4.53017e-03  1.49378e+00 -4.54148e-03  9.95853e-01  9.98339e-01
 5.40000e+00  9.97517e-01 -4.61118e-03  1.49380e+00 -4.62266e-03  9.95865e-01  9.98344e-01
 5.50000e+00  9.97524e-01 -4.69194e-03  1.49382e+00 -4.70359e-03  9.95878e-01  9.98349e-01
 5.60000e+00  9.97532e-01 -4.77246e-03  1.49384e+00 -4.78426e-03  9.95890e-01  9.98354e-01
 5.70000e+00  9.97540e-01 -4.85272e-03  1.49386e+00 -4.86469e-03  9.95903e-01  9.98359e-01
 5.80000e+00  9.97548e-01 -4.93272e-03  1.49387e+00 -4.94485e-03  9.95917e-01  9.98365e-01
 5.90000e+00  9.97556e-01 -5.01246e-03  1.49389e+00 -5.02474e-03  9.95930e-01  9.98370e-01
 6.00000e+00  9.97564e-01 -5.09194e-03  1.49392e+00 -5.10437e-03  9.95943e-01  9.98376e-01
 6.10000e+00  9.97572e-01 -5.17114e-03  1.49394e+00 -5.18373e-03  9.95957e-01  9.98381e-01
 6.20000e+00  9.97581e-01 -5.25008e-03  1.49396e+00 -5.26281e-03  9.95971e-01  9.98387e-01
 6.30000e+00  9.97589e-01 -5.32873e-03  1.49398e+00 -5.34161e-03  9.95985e-01  9.98392e-01
 6.40000e+00  9.97598e-01 -5.40711e-03  1.49400e+00 -5.42013e-03  9.95999e-01  9.98398e-01
 6.50000e+00  9.97606e-01 -5.48520e-03  1.49402e+00 -5.49836e-03  9.96014e-01  9.98404e-01
 6.60000e+00  9.97615e-01 -5.56300e-03  1.49404e+00 -5.57629e-03  9.96029e-01  9.98410e-01
 6.70000e+00  9.97624e-01 -5.64050e-03  1.49407e+00 -5.65394e-03  9.96044e-01  9.98416e-01
 6.80000e+00  9.97633e-01 -5.71771e-03  1.49409e+00 -5.73128e-03  9.96059e-01  9.98422e-01
 6.90000e+00  9.97642e-01 -5.79462e-03  1.49411e+00 -5.80832e-03  9.96074e-01  9.98428e-01
 7.00000e+00  9.97652e-01 -5.87123e-03  1.49413e+00 -5.88505e-03  9.96089e-01  9.98434e-01
 7.10000e+00  9.97661e-01 -5.94753e-03  1.49416e+00 -5.96147e-03  9.96105e-01  9.98440e-01
 7.20000e+00  9.97671e-01 -6.02352e-03  1.49418e+00 -6.03758e-03  9.96121e-01  9.98447e-01
 7.30000e+00  9.97680e-01 -6.09919e-03  1.49421e+00 -6.11337e-03  9.96137e-01  9.98453e-01
 7.40000e+00  9.97690e-01 -6.17454e-03  1.49423e+00 -6.18884e-03  9.96153e-01  9.98460e-01
 7.50000e+00  9.97700e-01 -6.24957e-03  1.49425e+00 -6.26398e-03  9.96170e-01  9.98466e-01
 7.60000e+00  9.97710e-01 -6.32428e-03  1.49428e+00 -6.33880e-03  9.96186e-01  9.98473e-01
 7.70000e+00  9.97720e-01 -6.39866e-03  1.49430e+00 -6.41328e-03  9.96203e-01  9.98480e-01
 7.80000e+00  9.97730e-01 -6.47270e-03  1.49433e+00 -6.48743e-03  9.96220e-01  9.98486e-01
 7.90000e+00  9.97740e-01 -6.54641e-03  1.49436e+00 -6.56123e-03  9.96237e-01  9.98493e-01
 8.00000e+00  9.97751e-01 -6.61977e-03  1.49438e+00 -6.63470e-03  9.96254e-01  9.98500e-01
 8.10000e+00  9.97761e-01 -6.69280e-03  1.49441e+00 -6.70782e-03  9.96272e-01  9.98507e-01
 8.20000e+00  9.97772e-01 -6.76548e-03  1.49443e+00 -6.78059e-03  9.96289e-01  9.98514e-01
 8.30000e+00  9.97782e-01 -6.83780e-03  1.49446e+00 -6.85300e-03  9.96307e-01  9.98521e-01
 8.40000e+00  9.97793e-01 -6.90978e-03  1.49449e+00 -6.92506e-03  9.96325e-01  9.98528e-01
 8.50000e+00  9.97804e-01 -6.98140e-03  1.49451e+00 -6.99676e-03  9.96343e-01  9.98536e-01
 8.60000e+00  9.97815e-01 -7.05266e-03  1.49454e+00 -7.06810e-03  9.96361e-01  9.98543e-01
 8.70000e+00  9.97826e-01 -7.12355e-03  1.49457e+00 -7.13907e-03  9.96380e-01  9.98550e-01
 8.80000e+00  9.97837e-01 -7.19408e-03  1.49460e+00 -7.20968e-03  9.96398e-01  9.98558e-01
 8.90000e+00  9.97849e-01 -7.26424e-03  1.49463e+00 -7.27991e-03  9.96417e-01  9.98565e-01
 9.00000e+00  9.97860e-01 -7.33403e-03  1.49465e+00 -7.34976e-03  9.96436e-01  9.98573e-01
 9.10000e+00  9.97871e-01 -7.40345e-03  1.49468e+00 -7.41924e-03  9.96455e-01  9.98581e-01
 9.20000e+00  9.97883e-01 -7.47248e-03  1.49471e+00 -7.48834e-03  9.96474e-01  9.98588e-01
 9.30000e+00  9.97895e-01 -7.54113e-03  1.49474e+00 -7.55705e-03  9.96494e-01  9.98596e-01
 9.40000e+00  9.97906e-01 -7.60940e-03  1.49477e+00 -7.62537e-03  9.96513e-01  9.98604e-01
 9.50000e+00  9.97918e-01 -7.67729e-03  1.49480e+00 -7.69330e-03  9.96533e-01  9.98612e-01
 9.60000e+00  9.97930e-01 -7.74478e-03  1.49483e+00 -7.76084e-03  9.96553e-01  9.98620e-01
 9.70000e+00  9.97942e-01 -7.81187e-03  1.49486e+00 -7.82798e-03  9.96573e-01  9.98628e-01
 9.80000e+00  9.97954e-01 -7.87858e-03  1.49489e+00 -7.89473e-03  9.96593e-01  9.98636e-01
 9.90000e+00  9.97966e-01 -7.94488e-03  1.49492e+00 -7.96107e-03  9.96613e-01  9.98644e-01
 1.00000e+01  9.97979e-01 -8.01078e-03  1.49495e+00 -8.02701e-03  9.96633e-01  9.98652e-01
 1.01000e+01  9.97991e-01 -8.07628e-03  1.49498e+00 -8.09254e-03  9.96654e-01  9.98660e-01
 1.02000e+01  9.98003e-01 -8.14137e-03  1.49501e+00 -8.15765e-03  9.96675e-01  9.98669e-01
 1.03000e+01  9.98016e-01 -8.20605e-03  1.49504e+00 -8.22236e-03  9.96695e-01  9.98677e-01
 1.04000e+01  9.98028e-01 -8.27031e-03  1.49507e+00 -8.28665e-03  9.96716e-01  9.98685e-01
 1.05000e+01  9.98041e-01 -8.33416e-03  1.49511e+00 -8.35052e-03  9.96737e-01  9.98694e-01
 1.06000e+01  9.98054e-01 -8.39760e-03  1.49514e+00 -8.41397e-03  9.96759e-01  9.98702e-01
 1.07000e+01  9.98067e-01 -8.46061e-03  1.49517e+00 -8.47700e-03  9.96780e-01  9.98711e-01
 1.08000e+01  9.98079e-01 -8.52320e-03  1.49520e+00 -8.53960e-03  9.96801e-01  9.98720e-01
 1.09000e+01  9.98092e-01 -8.58537e-03  1.49523e+00 -8.60178e-03  9.96823e-01  9.98728e-01
 1.10000e+01  9.98105e-01 -8.64711e-03  1.49527e+00 -8.66352e-03  9.96845e-01  9.98737e-01
 1.11000e+01  9.98119e-01 -8.70841e-03  1.49530e+00 -8.72483e-03  9.96867e-01  9.98746e-01
 1.12000e+01  9.98132e-01 -8.76929e-03  1.49533e+00 -8.78570e-03  9.96889e-01  9.98754e-01
 1.13000e+01  9.98145e-01 -8.82973e-03  1.49537e+00 -8.84614e-03  9.96911e-01  9.98763e-01
 1.14000e+01  9.98158e-01 -8.88973e-03  1.49540e+00 -8.90613e-03  9.96933e-01  9.98772e-01
 1.15000e+01  9.98172e-01 -8.94929e-03  1.49543e+00 -8.96568e-03  9.96955e-01  9.98781e-01
 1.16000e+01  9.98185e-01 -9.00841e-03  1.49547e+00 -9.02479e-03  9.96978e-01  9.98790e-01
 1.17000e+01  9.98199e-01 -9.06709e-03  1.49550e+00 -9.08345e-03  9.97000e-01  9.98799e-01
 1.18000e+01  9.98212e-01 -9.12532e-03  1.49553e+00 -9.14166e-03  9.97023e-01  9.98808e-01
 1.19000e+01  9.98226e-01 -9.18310e-03  1.49557e+00 -9.19942e-03  9.97045e-01  9.98817e-01
 1.20000e+01  9.98240e-01 -9.24044e-03  1.49560e+00 -9.25673e-03  9.97068e-01  9.98827e-01
 1.21000e+01  9.98254e-01 -9.29732e-03  1.49564e+00 -9.31358e-03  9.97091e-01  9.98836e-01
 1.22000e+01  9.98267e-01 -9.35374e-03  1.49567e+00 -9.36997e-03  9.97114e-01  9.98845e-01
 1.23000e+01  9.98281e-01 -9.40971e-03  1.49571e+00 -9.42591e-03  9.97138e-01  9.98854e-01
 1.24000e+01  9.98295e-01 -9.46522e-03  1.49574e+00 -9.48138e-03  9.97161e-01  9.98864e-01
 1.25000e+01  9.98309e-01 -9.52027e-03  1.49578e+00 -9.53639e-03  9.97184e-01  9.98873e-01
 1.26000e+01  9.98323e-01 -9.57485e-03  1.49581e+00 -9.59093e-03  9.97208e-01  9.98882e-01
 1.27000e+01  9.98338e-01 -9.62897e-03  1.49585e+00 -9.64501e-03  9.97231e-01  9.98892e-01
 1.28000e+01  9.98352e-01 -9.68263e-03  1.49588e+00 -9.69861e-03  9.97255e-01  9.98901e-01
 1.29000e+01  9.98366e-01 -9.73582e-03  1.49592e+00 -9.75175e-03  9.97279e-01  9.98911e-01
 1.30000e+01  9.98380e-01 -9.78854e-03  1.49595e+00 -9.80441e-03  9.97303e-01  9.98920e-01
 1.31000e+01  9.98395e-01 -9.84078e-03  1.49599e+00 -9.85660e-03  9.97326e-01  9.98930e-01
 1.32000e+01  9.98409e-01 -9.89255e-03  1.49603e+00 -9.90832e-03  9.97350e-01  9.98940e-01
 1.33000e+01  9.98424e-01 -9.94385e-03  1.49606e+00 -9.95955e-03  9.97375e-01  9.98949e-01
 1.34000e+01  9.98438e-01 -9.99467e-03  1.49610e+00 -1.00103e-02  9.97399e-01  9.98959e-01
 1.35000e+01  9.98453e-01 -1.00450e-02  1.49613e+00 -1.00606e-02  9.97423e-01  9.98969e-01
 1.36000e+01  9.98467e-01 -1.00949e-02  1.49617e+00 -1.01104e-02  9.97447e-01  9.98978e-01
 1.37000e+01  9.98482e-01 -1.01443e-02  1.49621e+00 -1.01597e-02  9.97472e-01  9.98988e-01
 1.38000e+01  9.98497e-01 -1.01932e-02  1.49624e+00 -1.02085e-02  9.97496e-01  9.98998e-01
 1.39000e+01  9.98512e-01 -1.02416e-02  1.49628e+00 -1.02568e-02  9.97521e-01  9.99008e-01
 1.40000e+01  9.98526e-01 -1.02895e-02  1.49632e+00 -1.03047e-02  9.97546e-01  9.99018e-01
 1.41000e+01  9.98541e-01 -1.03369e-02  1.49636e+00 -1.03520e-02  9.97570e-01  9.99028e-01
 1.42000e+01  9.98556e-01 -1.03839e-02  1.49639e+00 -1.03989e-02  9.97595e-01  9.99038e-01
 1.43000e+01  9.98571e-01 -1.04304e-02  1.49643e+00 -1.04453e-02  9.97620e-01  9.99048e-01
 1.44000e+01  9.98586e-01 -1.04763e-02  1.49647e+00 -1.04912e-02  9.97645e-01  9.99058e-01
 1.45000e+01  9.98601e-01 -1.05218e-02  1.49651e+00 -1.05366e-02  9.97670e-01  9.99068e-01
 1.46000e+01  9.98616e-01 -1.05668e-02  1.49654e+00 -1.05814e-02  9.97695e-01  9.99078e-01
 1.47000e+01  9.98631e-01 -1.06113e-02  1.49658e+00 -1.06258e-02  9.97720e-01  9.99088e-01
 1.48000e+01  9.98646e-01 -1.06553e-02  1.49662e+00 -1.06697e-02  9.97745e-01  9.99098e-01
 1.49000e+01  9.98662e-01 -1.06988e-02  1.49666e+00 -1.07131e-02  9.97771e-01  9.99108e-01
 1.50000e+01  9.98677e-01 -1.07418e-02  1.49669e+00 -1.07560e-02  9.97796e-01  9.99118e-01
 1.51000e+01  9.98692e-01 -1.07843e-02  1.49673e+00 -1.07984e-02  9.97821e-01  9.99128e-01
 1.52000e+01  9.98707e-01 -1.08263e-02  1.49677e+00 -1.08403e-02  9.97847e-01  9.99138e-01
 1.53000e+01  9.98723e-01 -1.08678e-02  1.49681e+00 -1.08817e-02  9.97872e-01  9.99149e-01
 1.54000e+01  9.98738e-01 -1.09088e-02  1.49685e+00 -1.09226e-02  9.97898e-01  9.99159e-01
 1.55000e+01  9.98753e-01 -1.09493e-02  1.49689e+00 -1.09629e-02  9.97923e-01  9.99169e-01
 1.56000e+01  9.98769e-01 -1.09892e-02  1.49692e+00 -1.10028e-02  9.97949e-01  9.99179e-01
 1.57000e+01  9.98784e-01 -1.10287e-02  1.49696e+00 -1.10422e-02  9.97975e-01  9.99190e-01
 1.58000e+01  9.98800e-01 -1.10677e-02  1.49700e+00 -1.10810e-02  9.98000e-01  9.99200e-01
 1.59000e+01  9.98815e-01 -1.11062e-02  1.49704e+00 -1.11193e-02  9.98026e-01  9.99210e-01
 1.60000e+01  9.98831e-01 -1.11441e-02  1.49708e+00 -1.11572e-02  9.98052e-01  9.99221e-01
 1.61000e+01  9.98846e-01 -1.11816e-02  1.49712e+00 -1.11945e-02  9.98078e-01  9.99231e-01
 1.62000e+01  9.98862e-01 -1.12185e-02  1.49716e+00 -1.12313e-02  9.98104e-01  9.99241e-01
 1.63000e+01  9.98877e-01 -1.12550e-02  1.49719e+00 -1.12676e-02  9.98130e-01  9.99252e-01
 1.64000e+01  9.98893e-01 -1.12909e-02  1.49723e+00 -1.13034e-02  9.98156e-01  9.99262e-01
 1.65000e+01  9.98908e-01 -1.13263e-02  1.49727e+00 -1.13387e-02  9.98182e-01  9.99273e-01
 1.66000e+01  9.98924e-01 -1.13612e-02  1.49731e+00 -1.13734e-02  9.98208e-01  9.99283e-01
 1.67000e+01  9.98940e-01 -1.13956e-02  1.49735e+00 -1.14077e-02  9.98234e-01  9.99293e-01
 1.68000e+01  9.98955e-01 -1.14294e-02  1.49739e+00 -1.14414e-02  9.98260e-01  9.99304e-01
 1.69000e+01  9.98971e-01 -1.14628e-02  1.49743e+00 -1.14746e-02  9.98286e-01  9.99314e-01
 1.70000e+01  9.98987e-01 -1.14956e-02  1.49747e+00 -1.15073e-02  9.98312e-01  9.99325e-01
 1.71000e+01  9.99002e-01 -1.15280e-02  1.49751e+00 -1.15395e-02  9.98338e-01  9.99335e-01
 1.72000e+01  9.99018e-01 -1.15598e-02  1.49755e+00 -1.15711e-02  9.98365e-01  9.99346e-01
 1.73000e+01  9.99034e-01 -1.15911e-02  1.49759e+00 -1.16023e-02  9.98391e-01  9.99356e-01
 1.74000e+01  9.99050e-01 -1.16219e-02  1.49763e+00 -1.16329e-02  9.98417e-01  9.99367e-01
 1.75000e+01  9.99065e-01 -1.16521e-02  1.49767e+00 -1.16630e-02  9.98443e-01  9.99377e-01
 1.76000e+01  9.99081e-01 -1.16819e-02  1.49770e+00 -1.16926e-02  9.98470e-01  9.99388e-01
 1.77000e+01  9.99097e-01 -1.17111e-02  1.49774e+00 -1.17217e-02  9.98496e-01  9.99398e-01
 1.78000e+01  9.99113e-01 -1.17398e-02  1.49778e+00 -1.17502e-02  9.98522e-01  9.99409e-01
 1.79000e+01  9.99129e-01 -1.17680e-02  1.49782e+00 -1.17783e-02  9.98549e-01  9.99419e-01
 1.80000e+01  9.99145e-01 -1.17957e-02  1.49786e+00 -1.18058e-02  9.98575e-01  9.99430e-01
 1.81000e+01  9.99160e-01 -1.18228e-02  1.49790e+00 -1.18328e-02  9.98601e-01  9.99441e-01
 1.82000e+01  9.99176e-01 -1.18495e-02  1.49794e+00 -1.18592e-02  9.98628e-01  9.99451e-01
 1.83000e+01  9.99192e-01 -1.18756e-02  1.49798e+00 -1.18852e-02  9.98654e-01  9.99462e-01
 1.84000e+01  9.99208e-01 -1.19012e-02  1.49802e+00 -1.19106e-02  9.98681e-01  9.99472e-01
 1.85000e+01  9.99224e-01 -1.19263e-02  1.49806e+00 -1.19355e-02  9.98707e-01  9.99483e-01
 1.86000e+01  9.99240e-01 -1.19508e-02  1.49810e+00 -1.19599e-02  9.98733e-01  9.99493e-01
 1.87000e+01  9.99256e-01 -1.19749e-02  1.49814e+00 -1.19838e-02  9.98760e-01  9.99504e-01
 1.88000e+01  9.99271e-01 -1.19984e-02  1.49818e+00 -1.20072e-02  9.98786e-01  9.99515e-01
 1.89000e+01  9.99287e-01 -1.20214e-02  1.49822e+00 -1.20300e-02  9.98813e-01  9.99525e-01
 1.90000e+01  9.99303e-01 -1.20439e-02  1.49826e+00 -1.20523e-02  9.98839e-01  9.99536e-01
 1.91000e+01  9.99319e-01 -1.20659e-02  1.49830e+00 -1.20741e-02  9.98866e-01  9.99546e-01
 1.92000e+01  9.99335e-01 -1.20873e-02  1.49834e+00 -1.20954e-02  9.98892e-01  9.99557e-01
 1.93000e+01  9.99351e-01 -1.21083e-02  1.49838e+00 -1.21161e-02  9.98919e-01  9.99568e-01
 1.94000e+01  9.99367e-01 -1.21287e-02  1.49842e+00 -1.21364e-02  9.98945e-01  9.99578e-01
 1.95000e+01  9.99382e-01 -1.21486e-02  1.49846e+00 -1.21561e-02  9.98971e-01  9.99589e-01
 1.96000e+01  9.99398e-01 -1.21680e-02  1.49850e+00 -1.21753e-02  9.98998e-01  9.99599e-01
 1.97000e+01  9.99414e-01 -1.21868e-02  1.49854e+00 -1.21940e-02  9.99024e-01  9.99610e-01
 1.98000e+01  9.99430e-01 -1.22052e-02  1.49858e+00 -1.22121e-02  9.99051e-01  9.99620e-01
 1.99000e+01  9.99446e-01 -1.22230e-02  1.49862e+00 -1.22298e-02  9.99077e-01  9.99631e-01
 2.00000e+01  9.99462e-01 -1.22403e-02  1.49866e+00 -1.22469e-02  9.99103e-01  9.99642e-01
 2.01000e+01  9.99478e-01 -1.22571e-02  1.49869e+00 -1.22635e-02  9.99130e-01  9.99652e-01
 2.02000e+01  9.99493e-01 -1.22733e-02  1.49873e+00 -1.22796e-02  9.99156e-01  9.99663e-01
 2.03000e+01  9.99509e-01 -1.22891e-02  1.49877e+00 -1.22951e-02  9.99183e-01  9.99673e-01
 2.04000e+01  9.99525e-01 -1.23043e-02  1.49881e+00 -1.23102e-02  9.99209e-01  9.99684e-01
 2.05000e+01  9.99541e-01 -1.23191e-02  1.49885e+00 -1.23247e-02  9.99235e-01  9.99694e-01
 2.06000e+01  9.99557e-01 -1.23333e-02  1.49889e+00 -1.23388e-02  9.99261e-01  9.99705e-01
 2.07000e+01  9.99572e-01 -1.23470e-02  1.49893e+00 -1.23523e-02  9.99288e-01  9.99715e-01
 2.08000e+01  9.99588e-01 -1.23602e-02  1.49897e+00 -1.23652e-02  9.99314e-01  9.99726e-01
 2.09000e+01  9.99604e-01 -1.23728e-02  1.49901e+00 -1.23777e-02  9.99340e-01  9.99736e-01
 2.10000e+01  9.99620e-01 -1.23850e-02  1.49905e+00 -1.23897e-02  9.99366e-01  9.99747e-01
 2.11000e+01  9.99635e-01 -1.23966e-02  1.49909e+00 -1.24011e-02  9.99393e-01  9.99757e-01
 2.12000e+01  9.99651e-01 -1.24077e-02  1.49913e+00 -1.24121e-02  9.99419e-01  9.99768e-01
 2.13000e+01  9.99667e-01 -1.24184e-02  1.49917e+00 -1.24225e-02  9.99445e-01  9.99778e-01
 2.14000e+01  9.99682e-01 -1.24285e-02  1.49921e+00 -1.24324e-02  9.99471e-01  9.99789e-01
 2.15000e+01  9.99698e-01 -1.24381e-02  1.49925e+00 -1.24418e-02  9.99497e-01  9.99799e-01
 2.16000e+01  9.99714e-01 -1.24472e-02  1.49928e+00 -1.24507e-02  9.99523e-01  9.99810e-01
 2.17000e+01  9.99729e-01 -1.24557e-02  1.49932e+00 -1.24591e-02  9.99549e-01  9.99820e-01
 2.18000e+01  9.99745e-01 -1.24638e-02  1.49936e+00 -1.24670e-02  9.99575e-01  9.99830e-01
 2.19000e+01  9.99761e-01 -1.24714e-02  1.49940e+00 -1.24743e-02  9.99601e-01  9.99841e-01
 2.20000e+01  9.99776e-01 -1.24784e-02  1.49944e+00 -1.24812e-02  9.99627e-01  9.99851e-01
 2.21000e+01  9.99792e-01 -1.24850e-02  1.49948e+00 -1.24876e-02  9.99653e-01  9.99861e-01
 2.22000e+01  9.99807e-01 -1.24910e-02  1.49952e+00 -1.24934e-02  9.99679e-01  9.99872e-01
 2.23000e+01  9.99823e-01 -1.24965e-02  1.49956e+00 -1.24987e-02  9.99705e-01  9.99882e-01
 2.24000e+01  9.99838e-01 -1.25016e-02  1.49960e+00 -1.25036e-02  9.99731e-01  9.99892e-01
 2.25000e+01  9.99854e-01 -1.25061e-02  1.49963e+00 -1.25079e-02  9.99756e-01  9.99903e-01
 2.26000e+01  9.99869e-01 -1.25101e-02  1.49967e+00 -1.25117e-02  9.99782e-01  9.99913e-01
 2.27000e+01  9.99885e-01 -1.25136e-02  1.49971e+00 -1.25151e-02  9.99808e-01  9.99923e-01
 2.28000e+01  9.99900e-01 -1.25166e-02  1.49975e+00 -1.25179e-02  9.99834e-01  9.99934e-01
 2.29000e+01  9.99915e-01 -1.25192e-02  1.49979e+00 -1.25202e-02  9.99859e-01  9.99944e-01
 2.30000e+01  9.99931e-01 -1.25212e-02  1.49983e+00 -1.25221e-02  9.99885e-01  9.99954e-01
 2.31000e+01  9.99946e-01 -1.25227e-02  1.49987e+00 -1.25234e-02  9.99910e-01  9.99964e-01
 2.32000e+01  9.99961e-01 -1.25237e-02  1.49990e+00 -1.25242e-02  9.99936e-01  9.99974e-01
 2.33000e+01  9.99977e-01 -1.25243e-02  1.49994e+00 -1.25246e-02  9.99961e-01  9.99985e-01
 2.34000e+01  9.99992e-01 -1.25243e-02  1.49998e+00 -1.25244e-02  9.99987e-01  9.99995e-01
 2.35000e+01  1.00001e+00 -1.25238e-02  1.50002e+00 -1.25238e-02  1.00001e+00  1.00000e+00
 2.36000e+01  1.00002e+00 -1.25229e-02  1.50006e+00 -1.25226e-02  1.00004e+00  1.00002e+00
 2.37000e+01  1.00004e+00 -1.25214e-02  1.50009e+00 -1.25210e-02  1.00006e+00  1.00003e+00
 2.38000e+01  1.00005e+00 -1.25195e-02  1.50013e+00 -1.25188e-02  1.00009e+00  1.00004e+00
 2.39000e+01  1.00007e+00 -1.25171e-02  1.50017e+00 -1.25162e-02  1.00011e+00  1.00005e+00
 2.40000e+01  1.00008e+00 -1.25142e-02  1.50021e+00 -1.25131e-02  1.00014e+00  1.00006e+00
 2.41000e+01  1.00010e+00 -1.25107e-02  1.50024e+00 -1.25095e-02  1.00016e+00  1.00007e+00
 2.42000e+01  1.00011e+00 -1.25068e-02  1.50028e+00 -1.25054e-02  1.00019e+00  1.00008e+00
 2.43000e+01  1.00013e+00 -1.25025e-02  1.50032e+00 -1.25009e-02  1.00021e+00  1.00009e+00
 2.44000e+01  1.00014e+00 -1.24976e-02  1.50036e+00 -1.24958e-02  1.00024e+00  1.00010e+00
 2.45000e+01  1.00016e+00 -1.24922e-02  1.50039e+00 -1.24903e-02  1.00026e+00  1.00011e+00
 2.46000e+01  1.00017e+00 -1.24864e-02  1.50043e+00 -1.24843e-02  1.00029e+00  1.00012e+00
 2.47000e+01  1.00019e+00 -1.24801e-02  1.50047e+00 -1.24778e-02  1.00031e+00  1.00013e+00
 2.48000e+01  1.00020e+00 -1.24733e-02  1.50051e+00 -1.24708e-02  1.00034e+00  1.00013e+00
 2.49000e+01  1.00022e+00 -1.24660e-02  1.50054e+00 -1.24633e-02  1.00036e+00  1.00014e+00
 2.50000e+01  1.00023e+00 -1.24583e-02  1.50058e+00 -1.24554e-02  1.00039e+00  1.00015e+00
 2.51000e+01  1.00025e+00 -1.24500e-02  1.50062e+00 -1.24470e-02  1.00041e+00  1.00016e+00
 2.52000e+01  1.00026e+00 -1.24413e-02  1.50065e+00 -1.24381e-02  1.00044e+00  1.00017e+00
 2.53000e+01  1.00028e+00 -1.24322e-02  1.50069e+00 -1.24287e-02  1.00046e+00  1.00018e+00
 2.54000e+01  1.00029e+00 -1.24225e-02  1.50073e+00 -1.24189e-02  1.00048e+00  1.00019e+00
 2.55000e+01  1.00030e+00 -1.24124e-02  1.50076e+00 -1.24086e-02  1.00051e+00  1.00020e+00
 2.56000e+01  1.00032e+00 -1.24018e-02  1.50080e+00 -1.23978e-02  1.00053e+00  1.00021e+00
 2.57000e+01  1.00033e+00 -1.23907e-02  1.50083e+00 -1.23866e-02  1.00056e+00  1.00022e+00
 2.58000e+01  1.00035e+00 -1.23792e-02  1.50087e+00 -1.23749e-02  1.00058e+00  1.00023e+00
 2.59000e+01  1.00036e+00 -1.23672e-02  1.50091e+00 -1.23627e-02  1.00060e+00  1.00024e+00
 2.60000e+01  1.00038e+00 -1.23547e-02  1.50094e+00 -1.23500e-02  1.00063e+00  1.00025e+00
 2.61000e+01  1.00039e+00 -1.23418e-02  1.50098e+00 -1.23369e-02  1.00065e+00  1.00026e+00
 2.62000e+01  1.00041e+00 -1.23284e-02  1.50101e+00 -1.23234e-02  1.00068e+00  1.00027e+00
 2.63000e+01  1.00042e+00 -1.23145e-02  1.50105e+00 -1.23093e-02  1.00070e+00  1.00028e+00
 2.64000e+01  1.00043e+00 -1.23002e-02  1.50109e+00 -1.22949e-02  1.00072e+00  1.00029e+00
 2.65000e+01  1.00045e+00 -1.22854e-02  1.50112e+00 -1.22799e-02  1.00075e+00  1.00030e+00
 2.66000e+01  1.00046e+00 -1.22702e-02  1.50116e+00 -1.22645e-02  1.00077e+00  1.00031e+00
 2.67000e+01  1.00048e+00 -1.22545e-02  1.50119e+00 -1.22487e-02  1.00079e+00  1.00032e+00
 2.68000e+01  1.00049e+00 -1.22384e-02  1.50123e+00 -1.22324e-02  1.00082e+00  1.00033e+00
 2.69000e+01  1.00050e+00 -1.22218e-02  1.50126e+00 -1.22156e-02  1.00084e+00  1.00034e+00
 2.70000e+01  1.00052e+00 -1.22047e-02  1.50130e+00 -1.21984e-02  1.00086e+00  1.00035e+00
 2.71000e+01  1.00053e+00 -1.21872e-02  1.50133e+00 -1.21807e-02  1.00089e+00  1.00035e+00
 2.72000e+01  1.00055e+00 -1.21693e-02  1.50137e+00 -1.21626e-02  1.00091e+00  1.00036e+00
 2.73000e+01  1.00056e+00 -1.21509e-02  1.50140e+00 -1.21441e-02  1.00093e+00  1.00037e+00
 2.74000e+01  1.00057e+00 -1.21320e-02  1.50144e+00 -1.21251e-02  1.00096e+00  1.00038e+00
 2.75000e+01  1.00059e+00 -1.21127e-02  1.50147e+00 -1.21056e-02  1.00098e+00  1.00039e+00
 2.76000e+01  1.00060e+00 -1.20930e-02  1.50150e+00 -1.20857e-02  1.00100e+00  1.00040e+00
 2.77000e+01  1.00062e+00 -1.20729e-02  1.50154e+00 -1.20654e-02  1.00103e+00  1.00041e+00
 2.78000e+01  1.00063e+00 -1.20522e-02  1.50157e+00 -1.20447e-02  1.00105e+00  1.00042e+00
 2.79000e+01  1.00064e+00 -1.20312e-02  1.50161e+00 -1.20235e-02  1.00107e+00  1.00043e+00
 2.80000e+01  1.00066e+00 -1.20097e-02  1.50164e+00 -1.20018e-02  1.00109e+00  1.00044e+00
 2.81000e+01  1.00067e+00 -1.19878e-02  1.50167e+00 -1.19798e-02  1.00112e+00  1.00045e+00
 2.82000e+01  1.00068e+00 -1.19654e-02  1.50171e+00 -1.19573e-02  1.00114e+00  1.00045e+00
 2.83000e+01  1.00070e+00 -1.19427e-02  1.50174e+00 -1.19344e-02  1.00116e+00  1.00046e+00
 2.84000e+01  1.00071e+00 -1.19194e-02  1.50177e+00 -1.19110e-02  1.00118e+00  1.00047e+00
 2.85000e+01  1.00072e+00 -1.18958e-02  1.50181e+00 -1.18872e-02  1.00120e+00  1.00048e+00
 2.86000e+01  1.00074e+00 -1.18717e-02  1.50184e+00 -1.18630e-02  1.00123e+00  1.00049e+00
 2.87000e+01  1.00075e+00 -1.18472e-02  1.50187e+00 -1.18384e-02  1.00125e+00  1.00050e+00
 2.88000e+01  1.00076e+00 -1.18223e-02  1.50191e+00 -1.18133e-02  1.00127e+00  1.00051e+00
 2.89000e+01  1.00078e+00 -1.17970e-02  1.50194e+00 -1.17878e-02  1.00129e+00  1.00052e+00
 2.90000e+01  1.00079e+00 -1.17712e-02  1.50197e+00 -1.17619e-02  1.00131e+00  1.00053e+00
 2.91000e+01  1.00080e+00 -1.17450e-02  1.50200e+00 -1.17356e-02  1.00134e+00  1.00053e+00
 2.92000e+01  1.00081e+00 -1.17184e-02  1.50204e+00 -1.17089e-02  1.00136e+00  1.00054e+00
 2.93000e+01  1.00083e+00 -1.16914e-02  1.50207e+00 -1.16818e-02  1.00138e+00  1.00055e+00
 2.94000e+01  1.00084e+00 -1.16640e-02  1.50210e+00 -1.16542e-02  1.00140e+00  1.00056e+00
 2.95000e+01  1.00085e+00 -1.16362e-02  1.50213e+00 -1.16262e-02  1.00142e+00  1.00057e+00
 2.96000e+01  1.00087e+00 -1.16079e-02  1.50216e+00 -1.15979e-02  1.00144e+00  1.00058e+00
 2.97000e+01  1.00088e+00 -1.15792e-02  1.50220e+00 -1.15691e-02  1.00146e+00  1.00059e+00
 2.98000e+01  1.00089e+00 -1.15502e-02  1.50223e+00 -1.15399e-02  1.00149e+00  1.00059e+00
 2.99000e+01  1.00090e+00 -1.15207e-02  1.50226e+00 -1.15103e-02  1.00151e+00  1.00060e+00
 3.00000e+01  1.00092e+00 -1.14908e-02  1.50229e+00 -1.14803e-02  1.00153e+00  1.00061e+00
 3.01000e+01  1.00093e+00 -1.14605e-02  1.50232e+00 -1.14499e-02  1.00155e+00  1.00062e+00
 3.02000e+01  1.00094e+00 -1.14299e-02  1.50235e+00 -1.14191e-02  1.00157e+00  1.00063e+00
 3.03000e+01  1.00095e+00 -1.13988e-02  1.50238e+00 -1.13879e-02  1.00159e+00  1.00064e+00
 3.04000e+01  1.00097e+00 -1.13673e-02  1.50242e+00 -1.13563e-02  1.00161e+00  1.00064e+00
 3.05000e+01  1.00098e+00 -1.13354e-02  1.50245e+00 -1.13244e-02  1.00163e+00  1.00065e+00
 3.06000e+01  1.00099e+00 -1.13032e-02  1.50248e+00 -1.12920e-02  1.00165e+00  1.00066e+00
 3.07000e+01  1.00100e+00 -1.12705e-02  1.50251e+00 -1.12592e-02  1.00167e+00  1.00067e+00
 3.08000e+01  1.00102e+00 -1.12375e-02  1.50254e+00 -1.12261e-02  1.00169e+00  1.00068e+00
 3.09000e+01  1.00103e+00 -1.12040e-02  1.50257e+00 -1.11925e-02  1.00171e+00  1.00068e+00
 3.10000e+01  1.00104e+00 -1.11702e-02  1.50260e+00 -1.11586e-02  1.00173e+00  1.00069e+00
 3.11000e+01  1.00105e+00 -1.11360e-02  1.50263e+00 -1.11243e-02  1.00175e+00  1.00070e+00
 3.12000e+01  1.00106e+00 -1.11014e-02  1.50266e+00 -1.10896e-02  1.00177e+00  1.00071e+00
 3.13000e+01  1.00107e+00 -1.10665e-02  1.50269e+00 -1.10546e-02  1.00179e+00  1.00072e+00
 3.14000e+01  1.00109e+00 -1.10311e-02  1.50272e+00 -1.10191e-02  1.00181e+00  1.00072e+00
 3.15000e+01  1.00110e+00 -1.09954e-02  1.50275e+00 -1.09833e-02  1.00183e+00  1.00073e+00
 3.16000e+01  1.00111e+00 -1.09593e-02  1.50278e+00 -1.09471e-02  1.00185e+00  1.00074e+00
 3.17000e+01  1.00112e+00 -1.09228e-02  1.50280e+00 -1.09106e-02  1.00187e+00  1.00075e+00
 3.18000e+01  1.00113e+00 -1.08860e-02  1.50283e+00 -1.08736e-02  1.00189e+00  1.00075e+00
 3.19000e+01  1.00114e+00 -1.08487e-02  1.50286e+00 -1.08363e-02  1.00191e+00  1.00076e+00
 3.20000e+01  1.00116e+00 -1.08112e-02  1.50289e+00 -1.07987e-02  1.00193e+00  1.00077e+00
 3.21000e+01  1.00117e+00 -1.07732e-02  1.50292e+00 -1.07606e-02  1.00195e+00  1.00078e+00
 3.22000e+01  1.00118e+00 -1.07349e-02  1.50295e+00 -1.07222e-02  1.00197e+00  1.00079e+00
 3.23000e+01  1.00119e+00 -1.06962e-02  1.50298e+00 -1.06835e-02  1.00198e+00  1.00079e+00
 3.24000e+01  1.00120e+00 -1.06572e-02  1.50300e+00 -1.06444e-02  1.00200e+00  1.00080e+00
 3.25000e+01  1.00121e+00 -1.06178e-02  1.50303e+00 -1.06049e-02  1.00202e+00  1.00081e+00
 3.26000e+01  1.00122e+00 -1.05780e-02  1.50306e+00 -1.05651e-02  1.00204e+00  1.00082e+00
 3.27000e+01  1.00124e+00 -1.05379e-02  1.50309e+00 -1.05249e-02  1.00206e+00  1.00082e+00
 3.28000e+01  1.00125e+00 -1.04974e-02  1.50312e+00 -1.04844e-02  1.00208e+00  1.00083e+00
 3.29000e+01  1.00126e+00 -1.04566e-02  1.50314e+00 -1.04435e-02  1.00210e+00  1.00084e+00
 3.30000e+01  1.00127e+00 -1.04155e-02  1.50317e+00 -1.04023e-02  1.00211e+00  1.00084e+00
 3.31000e+01  1.00128e+00 -1.03740e-02  1.50320e+00 -1.03607e-02  1.00213e+00  1.00085e+00
 3.32000e+01  1.00129e+00 -1.03321e-02  1.50322e+00 -1.03188e-02  1.00215e+00  1.00086e+00
 3.33000e+01  1.00130e+00 -1.02899e-02  1.50325e+00 -1.02765e-02  1.00217e+00  1.00087e+00
 3.34000e+01  1.00131e+00 -1.02473e-02  1.50328e+00 -1.02339e-02  1.00219e+00  1.00087e+00
 3.35000e+01  1.00132e+00 -1.02045e-02  1.50330e+00 -1.01910e-02  1.00220e+00  1.00088e+00
 3.36000e+01  1.00133e+00 -1.01612e-02  1.50333e+00 -1.01477e-02  1.00222e+00  1.00089e+00
 3.37000e+01  1.00134e+00 -1.01177e-02  1.50336e+00 -1.01041e-02  1.00224e+00  1.00089e+00
 3.38000e+01  1.00135e+00 -1.00738e-02  1.50338e+00 -1.00602e-02  1.00226e+00  1.00090e+00
 3.39000e+01  1.00136e+00 -1.00296e-02  1.50341e+00 -1.00159e-02  1.00227e+00  1.00091e+00
 3.40000e+01  1.00137e+00 -9.98500e-03  1.50344e+00 -9.97130e-03  1.00229e+00  1.00092e+00
 3.41000e+01  1.00138e+00 -9.94012e-03  1.50346e+00 -9.92637e-03  1.00231e+00  1.00092e+00
 3.42000e+01  1.00139e+00 -9.89490e-03  1.50349e+00 -9.88112e-03  1.00232e+00  1.00093e+00
 3.43000e+01  1.00140e+00 -9.84937e-03  1.50351e+00 -9.83555e-03  1.00234e+00  1.00094e+00
 3.44000e+01  1.00141e+00 -9.80351e-03  1.50354e+00 -9.78966e-03  1.00236e+00  1.00094e+00
 3.45000e+01  1.00142e+00 -9.75733e-03  1.50356e+00 -9.74345e-03  1.00238e+00  1.00095e+00
 3.46000e+01  1.00143e+00 -9.71083e-03  1.50359e+00 -9.69692e-03  1.00239e+00  1.00096e+00
 3.47000e+01  1.00144e+00 -9.66401e-03  1.50361e+00 -9.65007e-03  1.00241e+00  1.00096e+00
 3.48000e+01  1.00145e+00 -9.61688e-03  1.50364e+00 -9.60291e-03  1.00242e+00  1.00097e+00
 3.49000e+01  1.00146e+00 -9.56944e-03  1.50366e+00 -9.55544e-03  1.00244e+00  1.00098e+00
 3.50000e+01  1.00147e+00 -9.52168e-03  1.50369e+00 -9.50767e-03  1.00246e+00  1.00098e+00
 3.51000e+01  1.00148e+00 -9.47362e-03  1.50371e+00 -9.45958e-03  1.00247e+00  1.00099e+00
 3.52000e+01  1.00149e+00 -9.42525e-03  1.50373e+00 -9.41119e-03  1.00249e+00  1.00099e+00
 3.53000e+01  1.00150e+00 -9.37657e-03  1.50376e+00 -9.36250e-03  1.00251e+00  1.00100e+00
 3.54000e+01  1.00151e+00 -9.32759e-03  1.50378e+00 -9.31350e-03  1.00252e+00  1.00101e+00
 3.55000e+01  1.00152e+00 -9.27831e-03  1.50381e+00 -9.26421e-03  1.00254e+00  1.00101e+00
 3.56000e+01  1.00153e+00 -9.22873e-03  1.50383e+00 -9.21462e-03  1.00255e+00  1.00102e+00
 3.57000e+01  1.00154e+00 -9.17885e-03  1.50385e+00 -9.16473e-03  1.00257e+00  1.00103e+00
 3.58000e+01  1.00155e+00 -9.12868e-03  1.50388e+00 -9.11455e-03  1.00258e+00  1.00103e+00
 3.59000e+01  1.00156e+00 -9.07821e-03  1.50390e+00 -9.06408e-03  1.00260e+00  1.00104e+00
 3.60000e+01  1.00157e+00 -9.02745e-03  1.50392e+00 -9.01332e-03  1.00261e+00  1.00104e+00
 3.61000e+01  1.00158e+00 -8.97641e-03  1.50394e+00 -8.96227e-03  1.00263e+00  1.00105e+00
 3.62000e+01  1.00159e+00 -8.92507e-03  1.50397e+00 -8.91094e-03  1.00264e+00  1.00106e+00
 3.63000e+01  1.00160e+00 -8.87345e-03  1.50399e+00 -8.85932e-03  1.00266e+00  1.00106e+00
 3.64000e+01  1.00160e+00 -8.82155e-03  1.50401e+00 -8.80742e-03  1.00267e+00  1.00107e+00
 3.65000e+01  1.00161e+00 -8.76936e-03  1.50403e+00 -8.75524e-03  1.00269e+00  1.00107e+00
 3.66000e+01  1.00162e+00 -8.71690e-03  1.50406e+00 -8.70279e-03  1.00270e+00  1.00108e+00
 3.67000e+01  1.00163e+00 -8.66416e-03  1.50408e+00 -8.65006e-03  1.00272e+00  1.00109e+00
 3.68000e+01  1.00164e+00 -8.61114e-03  1.50410e+00 -8.59705e-03  1.00273e+00  1.00109e+00
 3.69000e+01  1.00165e+00 -8.55785e-03  1.50412e+00 -8.54378e-03  1.00275e+00  1.00110e+00
 3.70000e+01  1.00166e+00 -8.50429e-03  1.50414e+00 -8.49023e-03  1.00276e+00  1.00110e+00
 3.71000e+01  1.00166e+00 -8.45046e-03  1.50416e+00 -8.43642e-03  1.00277e+00  1.00111e+00
 3.72000e+01  1.00167e+00 -8.39636e-03  1.50418e+00 -8.38234e-03  1.00279e+00  1.00111e+00
 3.73000e+01  1.00168e+00 -8.34200e-03  1.50420e+00 -8.32800e-03  1.00280e+00  1.00112e+00
 3.74000e+01  1.00169e+00 -8.28738e-03  1.50422e+00 -8.27340e-03  1.00282e+00  1.00113e+00
 3.75000e+01  1.00170e+00 -8.23249e-03  1.50425e+00 -8.21854e-03  1.00283e+00  1.00113e+00
 3.76000e+01  1.00171e+00 -8.17734e-03  1.50427e+00 -8.16342e-03  1.00284e+00  1.00114e+00
 3.77000e+01  1.00171e+00 -8.12194e-03  1.50429e+00 -8.10804e-03  1.00286e+00  1.00114e+00
 3.78000e+01  1.00172e+00 -8.06628e-03  1.50431e+00 -8.05241e-03  1.00287e+00  1.00115e+00
 3.79000e+01  1.00173e+00 -8.01037e-03  1.50433e+00 -7.99653e-03  1.00288e+00  1.00115e+00
 3.80000e+01  1.00174e+00 -7.95420e-03  1.50435e+00 -7.94041e-03  1.00290e+00  1.00116e+00
 3.81000e+01  1.00175e+00 -7.89779e-03  1.50437e+00 -7.88403e-03  1.00291e+00  1.00116e+00
 3.82000e+01  1.00175e+00 -7.84113e-03  1.50438e+00 -7.82741e-03  1.00292e+00  1.00117e+00
 3.83000e+01  1.00176e+00 -7.78423e-03  1.50440e+00 -7.77054e-03  1.00294e+00  1.00117e+00
 3.84000e+01  1.00177e+00 -7.72708e-03  1.50442e+00 -7.71344e-03  1.00295e+00  1.00118e+00
 3.85000e+01  1.00178e+00 -7.66969e-03  1.50444e+00 -7.65609e-03  1.00296e+00  1.00118e+00
 3.86000e+01  1.00178e+00 -7.61206e-03  1.50446e+00 -7.59851e-03  1.00297e+00  1.00119e+00
 3.87000e+01  1.00179e+00 -7.55420e-03  1.50448e+00 -7.54069e-03  1.00299e+00  1.00119e+00
 3.88000e+01  1.00180e+00 -7.49610e-03  1.50450e+00 -7.48264e-03  1.00300e+00  1.00120e+00
 3.89000e+01  1.00181e+00 -7.43777e-03  1.50452e+00 -7.42436e-03  1.00301e+00  1.00120e+00
 3.90000e+01  1.00181e+00 -7.37921e-03  1.50453e+00 -7.36585e-03  1.00302e+00  1.00121e+00
 3.91000e+01  1.00182e+00 -7.32042e-03  1.50455e+00 -7.30712e-03  1.00303e+00  1.00121e+00
 3.92000e+01  1.00183e+00 -7.26140e-03  1.50457e+00 -7.24815e-03  1.00305e+00  1.00122e+00
 3.93000e+01  1.00183e+00 -7.20216e-03  1.50459e+00 -7.18897e-03  1.00306e+00  1.00122e+00
 3.94000e+01  1.00184e+00 -7.14269e-03  1.50461e+00 -7.12956e-03  1.00307e+00  1.00123e+00
 3.95000e+01  1.00185e+00 -7.08301e-03  1.50462e+00 -7.06994e-03  1.00308e+00  1.00123e+00
 3.96000e+01  1.00186e+00 -7.02310e-03  1.50464e+00 -7.01010e-03  1.00309e+00  1.00124e+00
 3.97000e+01  1.00186e+00 -6.96298e-03  1.50466e+00 -6.95004e-03  1.00310e+00  1.00124e+00
 3.98000e+01  1.00187e+00 -6.90265e-03  1.50467e+00 -6.88977e-03  1.00312e+00  1.00124e+00
 3.99000e+01  1.00188e+00 -6.84210e-03  1.50469e+00 -6.82929e-03  1.00313e+00  1.00125e+00
 4.00000e+01  1.00188e+00 -6.78134e-03  1.50471e+00 -6.76861e-03  1.00314e+00  1.00125e+00
 4.01000e+01  1.00189e+00 -6.72038e-03  1.50472e+00 -6.70771e-03  1.00315e+00  1.00126e+00
 4.02000e+01  1.00189e+00 -6.65921e-03  1.50474e+00 -6.64661e-03  1.00316e+00  1.00126e+00
 4.03000e+01  1.00190e+00 -6.59783e-03  1.50476e+00 -6.58531e-03  1.00317e+00  1.00127e+00
 4.04000e+01  1.00191e+00 -6.53625e-03  1.50477e+00 -6.52381e-03  1.00318e+00  1.00127e+00
 4.05000e+01  1.00191e+00 -6.47448e-03  1.50479e+00 -6.46211e-03  1.00319e+00  1.00128e+00
 4.06000e+01  1.00192e+00 -6.41250e-03  1.50480e+00 -6.40021e-03  1.00320e+00  1.00128e+00
 4.07000e+01  1.00193e+00 -6.35033e-03  1.50482e+00 -6.33812e-03  1.00321e+00  1.00128e+00
 4.08000e+01  1.00193e+00 -6.28797e-03  1.50483e+00 -6.27584e-03  1.00322e+00  1.00129e+00
 4.09000e+01  1.00194e+00 -6.22541e-03  1.50485e+00 -6.21337e-03  1.00323e+00  1.00129e+00
 4.10000e+01  1.00194e+00 -6.16266e-03  1.50486e+00 -6.15070e-03  1.00324e+00  1.00130e+00
 4.11000e+01  1.00195e+00 -6.09973e-03  1.50488e+00 -6.08786e-03  1.00325e+00  1.00130e+00
 4.12000e+01  1.00196e+00 -6.03661e-03  1.50489e+00 -6.02483e-03  1.00326e+00  1.00130e+00
 4.13000e+01  1.00196e+00 -5.97331e-03  1.50491e+00 -5.96161e-03  1.00327e+00  1.00131e+00
 4.14000e+01  1.00197e+00 -5.90983e-03  1.50492e+00 -5.89822e-03  1.00328e+00  1.00131e+00
 4.15000e+01  1.00197e+00 -5.84616e-03  1.50494e+00 -5.83465e-03  1.00329e+00  1.00131e+00
 4.16000e+01  1.00198e+00 -5.78232e-03  1.50495e+00 -5.77090e-03  1.00330e+00  1.00132e+00
 4.17000e+01  1.00198e+00 -5.71831e-03  1.50496e+00 -5.70698e-03  1.00331e+00  1.00132e+00
 4.18000e+01  1.00199e+00 -5.65412e-03  1.50498e+00 -5.64289e-03  1.00332e+00  1.00133e+00
 4.19000e+01  1.00200e+00 -5.58976e-03  1.50499e+00 -5.57863e-03  1.00333e+00  1.00133e+00
 4.20000e+01  1.00200e+00 -5.52523e-03  1.50500e+00 -5.51420e-03  1.00334e+00  1.00133e+00
 4.21000e+01  1.00201e+00 -5.46054e-03  1.50502e+00 -5.44961e-03  1.00334e+00  1.00134e+00
 4.22000e+01  1.00201e+00 -5.39568e-03  1.50503e+00 -5.38485e-03  1.00335e+00  1.00134e+00
 4.23000e+01  1.00202e+00 -5.33065e-03  1.50504e+00 -5.31993e-03  1.00336e+00  1.00134e+00
 4.24000e+01  1.00202e+00 -5.26547e-03  1.50506e+00 -5.25485e-03  1.00337e+00  1.00135e+00
 4.25000e+01  1.00203e+00 -5.20013e-03  1.50507e+00 -5.18962e-03  1.00338e+00  1.00135e+00
 4.26000e+01  1.00203e+00 -5.13463e-03  1.50508e+00 -5.12422e-03  1.00339e+00  1.00135e+00
 4.27000e+01  1.00204e+00 -5.06898e-03  1.50509e+00 -5.05868e-03  1.00340e+00  1.00136e+00
 4.28000e+01  1.00204e+00 -5.00317e-03  1.50510e+00 -4.99299e-03  1.00340e+00  1.00136e+00
 4.29000e+01  1.00205e+00 -4.93722e-03  1.50512e+00 -4.92714e-03  1.00341e+00  1.00136e+00
 4.30000e+01  1.00205e+00 -4.87112e-03  1.50513e+00 -4.86115e-03  1.00342e+00  1.00137e+00
 4.31000e+01  1.00205e+00 -4.80487e-03  1.50514e+00 -4.79502e-03  1.00343e+00  1.00137e+00
 4.32000e+01  1.00206e+00 -4.73847e-03  1.50515e+00 -4.72874e-03  1.00343e+00  1.00137e+00
 4.33000e+01  1.00206e+00 -4.67194e-03  1.50516e+00 -4.66232e-03  1.00344e+00  1.00138e+00
 4.34000e+01  1.00207e+00 -4.60526e-03  1.50517e+00 -4.59576e-03  1.00345e+00  1.00138e+00
 4.35000e+01  1.00207e+00 -4.53845e-03  1.50518e+00 -4.52907e-03  1.00346e+00  1.00138e+00
 4.36000e+01  1.00208e+00 -4.47150e-03  1.50519e+00 -4.46224e-03  1.00346e+00  1.00138e+00
 4.37000e+01  1.00208e+00 -4.40442e-03  1.50521e+00 -4.39527e-03  1.00347e+00  1.00139e+00
 4.38000e+01  1.00208e+00 -4.33721e-03  1.50522e+00 -4.32818e-03  1.00348e+00  1.00139e+00
 4.39000e+01  1.00209e+00 -4.26986e-03  1.50523e+00 -4.26096e-03  1.00348e+00  1.00139e+00
 4.40000e+01  1.00209e+00 -4.20239e-03  1.50524e+00 -4.19362e-03  1.00349e+00  1.00139e+00
 4.41000e+01  1.00210e+00 -4.13480e-03  1.50525e+00 -4.12615e-03  1.00350e+00  1.00140e+00
 4.42000e+01  1.00210e+00 -4.06708e-03  1.50526e+00 -4.05855e-03  1.00350e+00  1.00140e+00
 4.43000e+01  1.00210e+00 -3.99924e-03  1.50527e+00 -3.99084e-03  1.00351e+00  1.00140e+00
 4.44000e+01  1.00211e+00 -3.93128e-03  1.50527e+00 -3.92301e-03  1.00352e+00  1.00140e+00
 4.45000e+01  1.00211e+00 -3.86320e-03  1.50528e+00 -3.85506e-03  1.00352e+00  1.00141e+00
 4.46000e+01  1.00212e+00 -3.79501e-03  1.50529e+00 -3.78700e-03  1.00353e+00  1.00141e+00
 4.47000e+01  1.00212e+00 -3.72671e-03  1.50530e+00 -3.71883e-03  1.00353e+00  1.00141e+00
 4.48000e+01  1.00212e+00 -3.65830e-03  1.50531e+00 -3.65055e-03  1.00354e+00  1.00141e+00
 4.49000e+01  1.00213e+00 -3.58977e-03  1.50532e+00 -3.58216e-03  1.00355e+00  1.00142e+00
 4.50000e+01  1.00213e+00 -3.52114e-03  1.50533e+00 -3.51366e-03  1.00355e+00  1.00142e+00
 4.51000e+01  1.00213e+00 -3.45241e-03  1.50534e+00 -3.44506e-03  1.00356e+00  1.00142e+00
 4.52000e+01  1.00214e+00 -3.38357e-03  1.50534e+00 -3.37636e-03  1.00356e+00  1.00142e+00
 4.53000e+01  1.00214e+00 -3.31464e-03  1.50535e+00 -3.30756e-03  1.00357e+00  1.00143e+00
 4.54000e+01  1.00214e+00 -3.24560e-03  1.50536e+00 -3.23867e-03  1.00357e+00  1.00143e+00
 4.55000e+01  1.00215e+00 -3.17647e-03  1.50537e+00 -3.16967e-03  1.00358e+00  1.00143e+00
 4.56000e+01  1.00215e+00 -3.10725e-03  1.50537e+00 -3.10059e-03  1.00358e+00  1.00143e+00
 4.57000e+01  1.00215e+00 -3.03793e-03  1.50538e+00 -3.03141e-03  1.00359e+00  1.00143e+00
 4.58000e+01  1.00215e+00 -2.96852e-03  1.50539e+00 -2.96215e-03  1.00359e+00  1.00144e+00
 4.59000e+01  1.00216e+00 -2.89903e-03  1.50540e+00 -2.89279e-03  1.00360e+00  1.00144e+00
 4.60000e+01  1.00216e+00 -2.82945e-03  1.50540e+00 -2.82336e-03  1.00360e+00  1.00144e+00
 4.61000e+01  1.00216e+00 -2.75979e-03  1.50541e+00 -2.75383e-03  1.00361e+00  1.00144e+00
 4.62000e+01  1.00216e+00 -2.69004e-03  1.50541e+00 -2.68423e-03  1.00361e+00  1.00144e+00
 4.63000e+01  1.00217e+00 -2.62022e-03  1.50542e+00 -2.61455e-03  1.00361e+00  1.00144e+00
 4.64000e+01  1.00217e+00 -2.55032e-03  1.50543e+00 -2.54480e-03  1.00362e+00  1.00145e+00
 4.65000e+01  1.00217e+00 -2.48034e-03  1.50543e+00 -2.47497e-03  1.00362e+00  1.00145e+00
 4.66000e+01  1.00217e+00 -2.41029e-03  1.50544e+00 -2.40506e-03  1.00363e+00  1.00145e+00
 4.67000e+01  1.00218e+00 -2.34017e-03  1.50544e+00 -2.33509e-03  1.00363e+00  1.00145e+00
 4.68000e+01  1.00218e+00 -2.26998e-03  1.50545e+00 -2.26505e-03  1.00363e+00  1.00145e+00
 4.69000e+01  1.00218e+00 -2.19972e-03  1.50546e+00 -2.19494e-03  1.00364e+00  1.00145e+00
 4.70000e+01  1.00218e+00 -2.12940e-03  1.50546e+00 -2.12477e-03  1.00364e+00  1.00145e+00
 4.71000e+01  1.00218e+00 -2.05902e-03  1.50547e+00 -2.05453e-03  1.00364e+00  1.00146e+00
 4.72000e+01  1.00219e+00 -1.98857e-03  1.50547e+00 -1.98424e-03  1.00365e+00  1.00146e+00
 4.73000e+01  1.00219e+00 -1.91807e-03  1.50547e+00 -1.91388e-03  1.00365e+00  1.00146e+00
 4.74000e+01  1.00219e+00 -1.84751e-03  1.50548e+00 -1.84347e-03  1.00365e+00  1.00146e+00
 4.75000e+01  1.00219e+00 -1.77690e-03  1.50548e+00 -1.77301e-03  1.00366e+00  1.00146e+00
 4.76000e+01  1.00219e+00 -1.70623e-03  1.50549e+00 -1.70250e-03  1.00366e+00  1.00146e+00
 4.77000e+01  1.00219e+00 -1.63551e-03  1.50549e+00 -1.63193e-03  1.00366e+00  1.00146e+00
 4.78000e+01  1.00220e+00 -1.56475e-03  1.50549e+00 -1.56132e-03  1.00366e+00  1.00146e+00
 4.79000e+01  1.00220e+00 -1.49394e-03  1.50550e+00 -1.49066e-03  1.00367e+00  1.00146e+00
 4.80000e+01  1.00220e+00 -1.42308e-03  1.50550e+00 -1.41996e-03  1.00367e+00  1.00147e+00
 4.81000e+01  1.00220e+00 -1.35219e-03  1.50550e+00 -1.34922e-03  1.00367e+00  1.00147e+00
 4.82000e+01  1.00220e+00 -1.28125e-03  1.50551e+00 -1.27844e-03  1.00367e+00  1.00147e+00
 4.83000e+01  1.00220e+00 -1.21028e-03  1.50551e+00 -1.20762e-03  1.00367e+00  1.00147e+00
 4.84000e+01  1.00220e+00 -1.13927e-03  1.50551e+00 -1.13677e-03  1.00368e+00  1.00147e+00
 4.85000e+01  1.00220e+00 -1.06823e-03  1.50552e+00 -1.06588e-03  1.00368e+00  1.00147e+00
 4.86000e+01  1.00221e+00 -9.97154e-04  1.50552e+00 -9.94959e-04  1.00368e+00  1.00147e+00
 4.87000e+01  1.00221e+00 -9.26051e-04  1.50552e+00 -9.24012e-04  1.00368e+00  1.00147e+00
 4.88000e+01  1.00221e+00 -8.54921e-04  1.50552e+00 -8.53038e-04  1.00368e+00  1.00147e+00
 4.89000e+01  1.00221e+00 -7.83765e-04  1.50552e+00 -7.82039e-04  1.00368e+00  1.00147e+00
 4.90000e+01  1.00221e+00 -7.12587e-04  1.50553e+00 -7.11017e-04  1.00368e+00  1.00147e+00
 4.91000e+01  1.00221e+00 -6.41388e-04  1.50553e+00 -6.39974e-04  1.00369e+00  1.00147e+00
 4.92000e+01  1.00221e+00 -5.70170e-04  1.50553e+00 -5.68913e-04  1.00369e+00  1.00147e+00
 4.93000e+01  1.00221e+00 -4.98935e-04  1.50553e+00 -4.97835e-04  1.00369e+00  1.00147e+00
 4.94000e+01  1.00221e+00 -4.27686e-04  1.50553e+00 -4.26743e-04  1.00369e+00  1.00147e+00
 4.95000e+01  1.00221e+00 -3.56424e-04  1.50553e+00 -3.55638e-04  1.00369e+00  1.00147e+00
 4.96000e+01  1.00221e+00 -2.85152e-04  1.50553e+00 -2.84523e-04  1.00369e+00  1.00147e+00
 4.97000e+01  1.00221e+00 -2.13871e-04  1.50553e+00 -2.13399e-04  1.00369e+00  1.00147e+00
 4.98000e+01  1.00221e+00 -1.42584e-04  1.50553e+00 -1.42270e-04  1.00369e+00  1.00147e+00
 4.99000e+01  1.00221e+00 -7.12932e-05  1.50553e+00 -7.11358e-05  1.00369e+00  1.00147e+00
 5.00000e+01  1.00221e+00  3.00315e-15  1.50553e+00  2.99652e-15  1.00369e+00  1.00147e+00
 5.01000e+01  1.00221e+00  7.12932e-05  1.50553e+00  7.11358e-05  1.00369e+00  1.00147e+00
 5.02000e+01  1.00221e+00  1.42584e-04  1.50553e+00  1.42270e-04  1.00369e+00  1.00147e+00
 5.03000e+01  1.00221e+00  2.13871e-04  1.50553e+00  2.13399e-04  1.00369e+00  1.00147e+00
 5.04000e+01  1.00221e+00  2.85152e-04  1.50553e+00  2.84523e-04  1.00369e+00  1.00147e+00
 5.05000e+01  1.00221e+00  3.56424e-04  1.50553e+00  3.55638e-04  1.00369e+00  1.00147e+00
 5.06000e+01  1.00221e+00  4.27686e-04  1.50553e+00  4.26743e-04  1.00369e+00  1.00147e+00
 5.07000e+01  1.00221e+00  4.98935e-04  1.50553e+00  4.97835e-04  1.00369e+00  1.00147e+00
 5.08000e+01  1.00221e+00  5.70170e-04  1.50553e+00  5.68913e-04  1.00369e+00  1.00147e+00
 5.09000e+01  1.00221e+00  6.41388e-04  1.50553e+00  6.39974e-04  1.00369e+00  1.00147e+00
 5.10000e+01  1.00221e+00  7.12587e-04  1.50553e+00  7.11017e-04  1.00368e+00  1.00147e+00
 5.11000e+01  1.00221e+00  7.83765e-04  1.50552e+00  7.82039e-04  1.00368e+00  1.00147e+00
 5.12000e+01  1.00221e+00  8.54921e-04  1.50552e+00  8.53038e-04  1.00368e+00  1.00147e+00
 5.13000e+01  1.00221e+00  9.26051e-04  1.50552e+00  9.24012e-04  1.00368e+00  1.00147e+00
 5.14000e+01  1.00221e+00  9.97154e-04  1.50552e+00  9.94959e-04  1.00368e+00  1.00147e+00
 5.15000e+01  1.00220e+00  1.06823e-03  1.50552e+00  1.06588e-03  1.00368e+00  1.00147e+00
 5.16000e+01  1.00220e+00  1.13927e-03  1.50551e+00  1.13677e-03  1.00368e+00  1.00147e+00
 5.17000e+01  1.00220e+00  1.21028e-03  1.50551e+00  1.20762e-03  1.00367e+00  1.00147e+00
 5.18000e+01  1.00220e+00  1.28125e-03  1.50551e+00  1.27844e-03  1.00367e+00  1.00147e+00
 5.19000e+01  1.00220e+00  1.35219e-03  1.50550e+00  1.34922e-03  1.00367e+00  1.00147e+00
 5.20000e+01  1.00220e+00  1.42308e-03  1.50550e+00  1.41996e-03  1.00367e+00  1.00147e+00
 5.21000e+01  1.00220e+00  1.49394e-03  1.50550e+00  1.49066e-03  1.00367e+00  1.00146e+00
 5.22000e+01  1.00220e+00  1.56475e-03  1.50549e+00  1.56132e-03  1.00366e+00  1.00146e+00
 5.23000e+01  1.00219e+00  1.63551e-03  1.50549e+00  1.63193e-03  1.00366e+00  1.00146e+00
 5.24000e+01  1.00219e+00  1.70623e-03  1.50549e+00  1.70250e-03  1.00366e+00  1.00146e+00
 5.25000e+01  1.00219e+00  1.77690e-03  1.50548e+00  1.77301e-03  1.00366e+00  1.00146e+00
 5.26000e+01  1.00219e+00  1.84751e-03  1.50548e+00  1.84347e-03  1.00365e+00  1.00146e+00
 5.27000e+01  1.00219e+00  1.91807e-03  1.50547e+00  1.91388e-03  1.00365e+00  1.00146e+00
 5.28000e+01  1.00219e+00  1.98857e-03  1.50547e+00  1.98424e-03  1.00365e+00  1.00146e+00
 5.29000e+01  1.00218e+00  2.05902e-03  1.50547e+00  2.05453e-03  1.00364e+00  1.00146e+00
 5.30000e+01  1.00218e+00  2.12940e-03  1.50546e+00  2.12477e-03  1.00364e+00  1.00145e+00
 5.31000e+01  1.00218e+00  2.19972e-03  1.50546e+00  2.19494e-03  1.00364e+00  1.00145e+00
 5.32000e+01  1.00218e+00  2.26998e-03  1.50545e+00  2.26505e-03  1.00363e+00  1.00145e+00
 5.33000e+01  1.00218e+00  2.34017e-03  1.50544e+00  2.33509e-03  1.00363e+00  1.00145e+00
 5.34000e+01  1.00217e+00  2.41029e-03  1.50544e+00  2.40506e-03  1.00363e+00  1.00145e+00
 5.35000e+01  1.00217e+00  2.48034e-03  1.50543e+00  2.47497e-03  1.00362e+00  1.00145e+00
 5.36000e+01  1.00217e+00  2.55032e-03  1.50543e+00  2.54480e-03  1.00362e+00  1.00145e+00
 5.37000e+01  1.00217e+00  2.62022e-03  1.50542e+00  2.61455e-03  1.00361e+00  1.00144e+00
 5.38000e+01  1.00216e+00  2.69004e-03  1.50541e+00  2.68423e-03  1.00361e+00  1.00144e+00
 5.39000e+01  1.00216e+00  2.75979e-03  1.50541e+00  2.75383e-03  1.00361e+00  1.00144e+00
 5.40000e+01  1.00216e+00  2.82945e-03  1.50540e+00  2.82336e-03  1.00360e+00  1.00144e+00
 5.41000e+01  1.00216e+00  2.89903e-03  1.50540e+00  2.89279e-03  1.00360e+00  1.00144e+00
 5.42000e+01  1.00215e+00  2.96852e-03  1.50539e+00  2.96215e-03  1.00359e+00  1.00144e+00
 5.43000e+01  1.00215e+00  3.03793e-03  1.50538e+00  3.03141e-03  1.00359e+00  1.00143e+00
 5.44000e+01  1.00215e+00  3.10725e-03  1.50537e+00  3.10059e-03  1.00358e+00  1.00143e+00
 5.45000e+01  1.00215e+00  3.17647e-03  1.50537e+00  3.16967e-03  1.00358e+00  1.00143e+00
 5.46000e+01  1.00214e+00  3.24560e-03  1.50536e+00  3.23867e-03  1.00357e+00  1.00143e+00
 5.47000e+01  1.00214e+00  3.31464e-03  1.50535e+00  3.30756e-03  1.00357e+00  1.00143e+00
 5.48000e+01  1.00214e+00  3.38357e-03  1.50534e+00  3.37636e-03  1.00356e+00  1.00142e+00
 5.49000e+01  1.00213e+00  3.45241e-03  1.50534e+00  3.44506e-03  1.00356e+00  1.00142e+00
 5.50000e+01  1.00213e+00  3.52114e-03  1.50533e+00  3.51366e-03  1.00355e+00  1.00142e+00
 5.51000e+01  1.00213e+00  3.58977e-03  1.50532e+00  3.58216e-03  1.00355e+00  1.00142e+00
 5.52000e+01  1.00212e+00  3.65830e-03  1.50531e+00  3.65055e-03  1.00354e+00  1.00141e+00
 5.53000e+01  1.00212e+00  3.72671e-03  1.50530e+00  3.71883e-03  1.00353e+00  1.00141e+00
 5.54000e+01  1.00212e+00  3.79501e-03  1.50529e+00  3.78700e-03  1.00353e+00  1.00141e+00
 5.55000e+01  1.00211e+00  3.86320e-03  1.50528e+00  3.85506e-03  1.00352e+00  1.00141e+00
 5.56000e+01  1.00211e+00  3.93128e-03  1.50527e+00  3.92301e-03  1.00352e+00  1.00140e+00
 5.57000e+01  1.00210e+00  3.99924e-03  1.50527e+00  3.99084e-03  1.00351e+00  1.00140e+00
 5.58000e+01  1.00210e+00  4.06708e-03  1.50526e+00  4.05855e-03  1.00350e+00  1.00140e+00
 5.59000e+01  1.00210e+00  4.13480e-03  1.50525e+00  4.12615e-03  1.00350e+00  1.00140e+00
 5.60000e+01  1.00209e+00  4.20239e-03  1.50524e+00  4.19362e-03  1.00349e+00  1.00139e+00
 5.61000e+01  1.00209e+00  4.26986e-03  1.50523e+00  4.26096e-03  1.00348e+00  1.00139e+00
 5.62000e+01  1.00208e+00  4.33721e-03  1.50522e+00  4.32818e-03  1.00348e+00  1.00139e+00
 5.63000e+01  1.00208e+00  4.40442e-03  1.50521e+00  4.39527e-03  1.00347e+00  1.00139e+00
 5.64000e+01  1.00208e+00  4.47150e-03  1.50519e+00  4.46224e-03  1.00346e+00  1.00138e+00
 5.65000e+01  1.00207e+00  4.53845e-03  1.50518e+00  4.52907e-03  1.00346e+00  1.00138e+00
 5.66000e+01  1.00207e+00  4.60526e-03  1.50517e+00  4.59576e-03  1.00345e+00  1.00138e+00
 5.67000e+01  1.00206e+00  4.67194e-03  1.50516e+00  4.66232e-03  1.00344e+00  1.00138e+00
 5.68000e+01  1.00206e+00  4.73847e-03  1.50515e+00  4.72874e-03  1.00343e+00  1.00137e+00
 5.69000e+01  1.00205e+00  4.80487e-03  1.50514e+00  4.79502e-03  1.00343e+00  1.00137e+00
 5.70000e+01  1.00205e+00  4.87112e-03  1.50513e+00  4.86115e-03  1.00342e+00  1.00137e+00
 5.71000e+01  1.00205e+00  4.93722e-03  1.50512e+00  4.92714e-03  1.00341e+00  1.00136e+00
 5.72000e+01  1.00204e+00  5.00317e-03  1.50510e+00  4.99299e-03  1.00340e+00  1.00136e+00
 5.73000e+01  1.00204e+00  5.06898e-03  1.50509e+00  5.05868e-03  1.00340e+00  1.00136e+00
 5.74000e+01  1.00203e+00  5.13463e-03  1.50508e+00  5.12422e-03  1.00339e+00  1.00135e+00
 5.75000e+01  1.00203e+00  5.20013e-03  1.50507e+00  5.18962e-03  1.00338e+00  1.00135e+00
 5.76000e+01  1.00202e+00  5.26547e-03  1.50506e+00  5.25485e-03  1.00337e+00  1.00135e+00
 5.77000e+01  1.00202e+00  5.33065e-03  1.50504e+00  5.31993e-03  1.00336e+00  1.00134e+00
 5.78000e+01  1.00201e+00  5.39568e-03  1.50503e+00  5.38485e-03  1.00335e+00  1.00134e+00
 5.79000e+01  1.00201e+00  5.46054e-03  1.50502e+00  5.44961e-03  1.00334e+00  1.00134e+00
 5.80000e+01  1.00200e+00  5.52523e-03  1.50500e+00  5.51420e-03  1.00334e+00  1.00133e+00
 5.81000e+01  1.00200e+00  5.58976e-03  1.50499e+00  5.57863e-03  1.00333e+00  1.00133e+00
 5.82000e+01  1.00199e+00  5.65412e-03  1.50498e+00  5.64289e-03  1.00332e+00  1.00133e+00
 5.83000e+01  1.00198e+00  5.71831e-03  1.50496e+00  5.70698e-03  1.00331e+00  1.00132e+00
 5.84000e+01  1.00198e+00  5.78232e-03  1.50495e+00  5.77090e-03  1.00330e+00  1.00132e+00
 5.85000e+01  1.00197e+00  5.84616e-03  1.50494e+00  5.83465e-03  1.00329e+00  1.00131e+00
 5.86000e+01  1.00197e+00  5.90983e-03  1.50492e+00  5.89822e-03  1.00328e+00  1.00131e+00
 5.87000e+01  1.00196e+00  5.97331e-03  1.50491e+00  5.96161e-03  1.00327e+00  1.00131e+00
 5.88000e+01  1.00196e+00  6.03661e-03  1.50489e+00  6.02483e-03  1.00326e+00  1.00130e+00
 5.89000e+01  1.00195e+00  6.09973e-03  1.50488e+00  6.08786e-03  1.00325e+00  1.00130e+00
 5.90000e+01  1.00194e+00  6.16266e-03  1.50486e+00  6.15070e-03  1.00324e+00  1.00130e+00
 5.91000e+01  1.00194e+00  6.22541e-03  1.50485e+00  6.21337e-03  1.00323e+00  1.00129e+00
 5.92000e+01  1.00193e+00  6.28797e-03  1.50483e+00  6.27584e-03  1.00322e+00  1.00129e+00
 5.93000e+01  1.00193e+00  6.35033e-03  1.50482e+00  6.33812e-03  1.00321e+00  1.00128e+00
 5.94000e+01  1.00192e+00  6.41250e-03  1.50480e+00  6.40021e-03  1.00320e+00  1.00128e+00
 5.95000e+01  1.00191e+00  6.47448e-03  1.50479e+00  6.46211e-03  1.00319e+00  1.00128e+00
 5.96000e+01  1.00191e+00  6.53625e-03  1.50477e+00  6.52381e-03  1.00318e+00  1.00127e+00
 5.97000e+01  1.00190e+00  6.59783e-03  1.50476e+00  6.58531e-03  1.00317e+00  1.00127e+00
 5.98000e+01  1.00189e+00  6.65921e-03  1.50474e+00  6.64661e-03  1.00316e+00  1.00126e+00
 5.99000e+01  1.00189e+00  6.72038e-03  1.50472e+00  6.70771e-03  1.00315e+00  1.00126e+00
 6.00000e+01  1.00188e+00  6.78134e-03  1.50471e+00  6.76861e-03  1.00314e+00  1.00125e+00
 6.01000e+01  1.00188e+00  6.84210e-03  1.50469e+00  6.82929e-03  1.00313e+00  1.00125e+00
 6.02000e+01  1.00187e+00  6.90265e-03  1.50467e+00  6.88977e-03  1.00312e+00  1.00124e+00
 6.03000e+01  1.00186e+00  6.96298e-03  1.50466e+00  6.95004e-03  1.00310e+00  1.00124e+00
 6.04000e+01  1.00186e+00  7.02310e-03  1.50464e+00  7.01010e-03  1.00309e+00  1.00124e+00
 6.05000e+01  1.00185e+00  7.08301e-03  1.50462e+00  7.06994e-03  1.00308e+00  1.00123e+00
 6.06000e+01  1.00184e+00  7.14269e-03  1.50461e+00  7.12956e-03  1.00307e+00  1.00123e+00
 6.07000e+01  1.00183e+00  7.20216e-03  1.50459e+00  7.18897e-03  1.00306e+00  1.00122e+00
 6.08000e+01  1.00183e+00  7.26140e-03  1.50457e+00  7.24815e-03  1.00305e+00  1.00122e+00
 6.09000e+01  1.00182e+00  7.32042e-03  1.50455e+00  7.30712e-03  1.00303e+00  1.00121e+00
 6.10000e+01  1.00181e+00  7.37921e-03  1.50453e+00  7.36585e-03  1.00302e+00  1.00121e+00
 6.11000e+01  1.00181e+00  7.43777e-03  1.50452e+00  7.42436e-03  1.00301e+00  1.00120e+00
 6.12000e+01  1.00180e+00  7.49610e-03  1.50450e+00  7.48264e-03  1.00300e+00  1.00120e+00
 6.13000e+01  1.00179e+00  7.55420e-03  1.50448e+00  7.54069e-03  1.00299e+00  1.00119e+00
 6.14000e+01  1.00178e+00  7.61206e-03  1.50446e+00  7.59851e-03  1.00297e+00  1.00119e+00
 6.15000e+01  1.00178e+00  7.66969e-03  1.50444e+00  7.65609e-03  1.00296e+00  1.00118e+00
 6.16000e+01  1.00177e+00  7.72708e-03  1.50442e+00  7.71344e-03  1.00295e+00  1.00118e+00
 6.17000e+01  1.00176e+00  7.78423e-03  1.50440e+00  7.77054e-03  1.00294e+00  1.00117e+00
 6.18000e+01  1.00175e+00  7.84113e-03  1.50438e+00  7.82741e-03  1.00292e+00  1.00117e+00
 6.19000e+01  1.00175e+00  7.89779e-03  1.50437e+00  7.88403e-03  1.00291e+00  1.00116e+00
 6.20000e+01  1.00174e+00  7.95420e-03  1.50435e+00  7.94041e-03  1.00290e+00  1.00116e+00
 6.21000e+01  1.00173e+00  8.01037e-03  1.50433e+00  7.99653e-03  1.00288e+00  1.00115e+00
 6.22000e+01  1.00172e+00  8.06628e-03  1.50431e+00  8.05241e-03  1.00287e+00  1.00115e+00
 6.23000e+01  1.00171e+00  8.12194e-03  1.50429e+00  8.10804e-03  1.00286e+00  1.00114e+00
 6.24000e+01  1.00171e+00  8.17734e-03  1.50427e+00  8.16342e-03  1.00284e+00  1.00114e+00
 6.25000e+01  1.00170e+00  8.23249e-03  1.50425e+00  8.21854e-03  1.00283e+00  1.00113e+00
 6.26000e+01  1.00169e+00  8.28738e-03  1.50422e+00  8.27340e-03  1.00282e+00  1.00113e+00
 6.27000e+01  1.00168e+00  8.34200e-03  1.50420e+00  8.32800e-03  1.00280e+00  1.00112e+00
 6.28000e+01  1.00167e+00  8.39636e-03  1.50418e+00  8.38234e-03  1.00279e+00  1.00111e+00
 6.29000e+01  1.00166e+00  8.45046e-03  1.50416e+00  8.43642e-03  1.00277e+00  1.00111e+00
 6.30000e+01  1.00166e+00  8.50429e-03  1.50414e+00  8.49023e-03  1.00276e+00  1.00110e+00
 6.31000e+01  1.00165e+00  8.55785e-03  1.50412e+00  8.54378e-03  1.00275e+00  1.00110e+00
 6.32000e+01  1.00164e+00  8.61114e-03  1.50410e+00  8.59705e-03  1.00273e+00  1.00109e+00
 6.33000e+01  1.00163e+00  8.66416e-03  1.50408e+00  8.65006e-03  1.00272e+00  1.00109e+00
 6.34000e+01  1.00162e+00  8.71690e-03  1.50406e+00  8.70279e-03  1.00270e+00  1.00108e+00
 6.35000e+01  1.00161e+00  8.76936e-03  1.50403e+00  8.75524e-03  1.00269e+00  1.00107e+00
 6.36000e+01  1.00160e+00  8.82155e-03  1.50401e+00  8.80742e-03  1.00267e+00  1.00107e+00
 6.37000e+01  1.00160e+00  8.87345e-03  1.50399e+00  8.85932e-03  1.00266e+00  1.00106e+00
 6.38000e+01  1.00159e+00  8.92507e-03  1.50397e+00  8.91094e-03  1.00264e+00  1.00106e+00
 6.39000e+01  1.00158e+00  8.97641e-03  1.50394e+00  8.96227e-03  1.00263e+00  1.00105e+00
 6.40000e+01  1.00157e+00  9.02745e-03  1.50392e+00  9.01332e-03  1.00261e+00  1.00104e+00
 6.41000e+01  1.00156e+00  9.07821e-03  1.50390e+00  9.06408e-03  1.00260e+00  1.00104e+00
 6.42000e+01  1.00155e+00  9.12868e-03  1.50388e+00  9.11455e-03  1.00258e+00  1.00103e+00
 6.43000e+01  1.00154e+00  9.17885e-03  1.50385e+00  9.16473e-03  1.00257e+00  1.00103e+00
 6.44000e+01  1.00153e+00  9.22873e-03  1.50383e+00  9.21462e-03  1.00255e+00  1.00102e+00
 6.45000e+01  1.00152e+00  9.27831e-03  1.50381e+00  9.26421e-03  1.00254e+00  1.00101e+00
 6.46000e+01  1.00151e+00  9.32759e-03  1.50378e+00  9.31350e-03  1.00252e+00  1.00101e+00
 6.47000e+01  1.00150e+00  9.37657e-03  1.50376e+00  9.36250e-03  1.00251e+00  1.00100e+00
 6.48000e+01  1.00149e+00  9.42525e-03  1.50373e+00  9.41119e-03  1.00249e+00  1.00099e+00
 6.49000e+01  1.00148e+00  9.47362e-03  1.50371e+00  9.45958e-03  1.00247e+00  1.00099e+00
 6.50000e+01  1.00147e+00  9.52168e-03  1.50369e+00  9.50767e-03  1.00246e+00  1.00098e+00
 6.51000e+01  1.00146e+00  9.56944e-03  1.50366e+00  9.55544e-03  1.00244e+00  1.00098e+00
 6.52000e+01  1.00145e+00  9.61688e-03  1.50364e+00  9.60291e-03  1.00242e+00  1.00097e+00
 6.53000e+01  1.00144e+00  9.66401e-03  1.50361e+00  9.65007e-03  1.00241e+00  1.00096e+00
 6.54000e+01  1.00143e+00  9.71083e-03  1.50359e+00  9.69692e-03  1.00239e+00  1.00096e+00
 6.55000e+01  1.00142e+00  9.75733e-03  1.50356e+00  9.74345e-03  1.00238e+00  1.00095e+00
 6.56000e+01  1.00141e+00  9.80351e-03  1.50354e+00  9.78966e-03  1.00236e+00  1.00094e+00
 6.57000e+01  1.00140e+00  9.84937e-03  1.50351e+00  9.83555e-03  1.00234e+00  1.00094e+00
 6.58000e+01  1.00139e+00  9.89490e-03  1.50349e+00  9.88112e-03  1.00232e+00  1.00093e+00
 6.59000e+01  1.00138e+00  9.94012e-03  1.50346e+00  9.92637e-03  1.00231e+00  1.00092e+00
 6.60000e+01  1.00137e+00  9.98500e-03  1.50344e+00  9.97130e-03  1.00229e+00  1.00092e+00
 6.61000e+01  1.00136e+00  1.00296e-02  1.50341e+00  1.00159e-02  1.00227e+00  1.00091e+00
 6.62000e+01  1.00135e+00  1.00738e-02  1.50338e+00  1.00602e-02  1.00226e+00  1.00090e+00
 6.63000e+01  1.00134e+00  1.01177e-02  1.50336e+00  1.01041e-02  1.00224e+00  1.00089e+00
 6.64000e+01  1.00133e+00  1.01612e-02  1.50333e+00  1.01477e-02  1.00222e+00  1.00089e+00
 6.65000e+01  1.00132e+00  1.02045e-02  1.50330e+00  1.01910e-02  1.00220e+00  1.00088e+00
 6.66000e+01  1.00131e+00  1.02473e-02  1.50328e+00  1.02339e-02  1.00219e+00  1.00087e+00
 6.67000e+01  1.00130e+00  1.02899e-02  1.50325e+00  1.02765e-02  1.00217e+00  1.00087e+00
 6.68000e+01  1.00129e+00  1.03321e-02  1.50322e+00  1.03188e-02  1.00215e+00  1.00086e+00
 6.69000e+01  1.00128e+00  1.03740e-02  1.50320e+00  1.03607e-02  1.00213e+00  1.00085e+00
 6.70000e+01  1.00127e+00  1.04155e-02  1.50317e+00  1.04023e-02  1.00211e+00  1.00084e+00
 6.71000e+01  1.00126e+00  1.04566e-02  1.50314e+00  1.04435e-02  1.00210e+00  1.00084e+00
 6.72000e+01  1.00125e+00  1.04974e-02  1.50312e+00  1.04844e-02  1.00208e+00  1.00083e+00
 6.73000e+01  1.00124e+00  1.05379e-02  1.50309e+00  1.05249e-02  1.00206e+00  1.00082e+00
 6.74000e+01  1.00122e+00  1.05780e-02  1.50306e+00  1.05651e-02  1.00204e+00  1.00082e+00
 6.75000e+01  1.00121e+00  1.06178e-02  1.50303e+00  1.06049e-02  1.00202e+00  1.00081e+00
 6.76000e+01  1.00120e+00  1.06572e-02  1.50300e+00  1.06444e-02  1.00200e+00  1.00080e+00
 6.77000e+01  1.00119e+00  1.06962e-02  1.50298e+00  1.06835e-02  1.00198e+00  1.00079e+00
 6.78000e+01  1.00118e+00  1.07349e-02  1.50295e+00  1.07222e-02  1.00197e+00  1.00079e+00
 6.79000e+01  1.00117e+00  1.07732e-02  1.50292e+00  1.07606e-02  1.00195e+00  1.00078e+00
 6.80000e+01  1.00116e+00  1.08112e-02  1.50289e+00  1.07987e-02  1.00193e+00  1.00077e+00
 6.81000e+01  1.00114e+00  1.08487e-02  1.50286e+00  1.08363e-02  1.00191e+00  1.00076e+00
 6.82000e+01  1.00113e+00  1.08860e-02  1.50283e+00  1.08736e-02  1.00189e+00  1.00075e+00
 6.83000e+01  1.00112e+00  1.09228e-02  1.50280e+00  1.09106e-02  1.00187e+00  1.00075e+00
 6.84000e+01  1.00111e+00  1.09593e-02  1.50278e+00  1.09471e-02  1.00185e+00  1.00074e+00
 6.85000e+01  1.00110e+00  1.09954e-02  1.50275e+00  1.09833e-02  1.00183e+00  1.00073e+00
 6.86000e+01  1.00109e+00  1.10311e-02  1.50272e+00  1.10191e-02  1.00181e+00  1.00072e+00
 6.87000e+01  1.00107e+00  1.10665e-02  1.50269e+00  1.10546e-02  1.00179e+00  1.00072e+00
 6.88000e+01  1.00106e+00  1.11014e-02  1.50266e+00  1.10896e-02  1.00177e+00  1.00071e+00
 6.89000e+01  1.00105e+00  1.11360e-02  1.50263e+00  1.11243e-02  1.00175e+00  1.00070e+00
 6.90000e+01  1.00104e+00  1.11702e-02  1.50260e+00  1.11586e-02  1.00173e+00  1.00069e+00
 6.91000e+01  1.00103e+00  1.12040e-02  1.50257e+00  1.11925e-02  1.00171e+00  1.00068e+00
 6.92000e+01  1.00102e+00  1.12375e-02  1.50254e+00  1.12261e-02  1.00169e+00  1.00068e+00
 6.93000e+01  1.00100e+00  1.12705e-02  1.50251e+00  1.12592e-02  1.00167e+00  1.00067e+00
 6.94000e+01  1.00099e+00  1.13032e-02  1.50248e+00  1.12920e-02  1.00165e+00  1.00066e+00
 6.95000e+01  1.00098e+00  1.13354e-02  1.50245e+00  1.13244e-02  1.00163e+00  1.00065e+00
 6.96000e+01  1.00097e+00  1.13673e-02  1.50242e+00  1.13563e-02  1.00161e+00  1.00064e+00
 6.97000e+01  1.00095e+00  1.13988e-02  1.50238e+00  1.13879e-02  1.00159e+00  1.00064e+00
 6.98000e+01  1.00094e+00  1.14299e-02  1.50235e+00  1.14191e-02  1.00157e+00  1.00063e+00
 6.99000e+01  1.00093e+00  1.14605e-02  1.50232e+00  1.14499e-02  1.00155e+00  1.00062e+00
 7.00000e+01  1.00092e+00  1.14908e-02  1.50229e+00  1.14803e-02  1.00153e+00  1.00061e+00
 7.01000e+01  1.00090e+00  1.15207e-02  1.50226e+00  1.15103e-02  1.00151e+00  1.00060e+00
 7.02000e+01  1.00089e+00  1.15502e-02  1.50223e+00  1.15399e-02  1.00149e+00  1.00059e+00
 7.03000e+01  1.00088e+00  1.15792e-02  1.50220e+00  1.15691e-02  1.00146e+00  1.00059e+00
 7.04000e+01  1.00087e+00  1.16079e-02  1.50216e+00  1.15979e-02  1.00144e+00  1.00058e+00
 7.05000e+01  1.00085e+00  1.16362e-02  1.50213e+00  1.16262e-02  1.00142e+00  1.00057e+00
 7.06000e+01  1.00084e+00  1.16640e-02  1.50210e+00  1.16542e-02  1.00140e+00  1.00056e+00
 7.07000e+01  1.00083e+00  1.16914e-02  1.50207e+00  1.16818e-02  1.00138e+00  1.00055e+00
 7.08000e+01  1.00081e+00  1.17184e-02  1.50204e+00  1.17089e-02  1.00136e+00  1.00054e+00
 7.09000e+01  1.00080e+00  1.17450e-02  1.50200e+00  1.17356e-02  1.00134e+00  1.00053e+00
 7.10000e+01  1.00079e+00  1.17712e-02  1.50197e+00  1.17619e-02  1.00131e+00  1.00053e+00
 7.11000e+01  1.00078e+00  1.17970e-02  1.50194e+00  1.17878e-02  1.00129e+00  1.00052e+00
 7.12000e+01  1.00076e+00  1.18223e-02  1.50191e+00  1.18133e-02  1.00127e+00  1.00051e+00
 7.13000e+01  1.00075e+00  1.18472e-02  1.50187e+00  1.18384e-02  1.00125e+00  1.00050e+00
 7.14000e+01  1.00074e+00  1.18717e-02  1.50184e+00  1.18630e-02  1.00123e+00  1.00049e+00
 7.15000e+01  1.00072e+00  1.18958e-02  1.50181e+00  1.18872e-02  1.00120e+00  1.00048e+00
 7.16000e+01  1.00071e+00  1.19194e-02  1.50177e+00  1.19110e-02  1.00118e+00  1.00047e+00
 7.17000e+01  1.00070e+00  1.19427e-02  1.50174e+00  1.19344e-02  1.00116e+00  1.00046e+00
 7.18000e+01  1.00068e+00  1.19654e-02  1.50171e+00  1.19573e-02  1.00114e+00  1.00045e+00
 7.19000e+01  1.00067e+00  1.19878e-02  1.50167e+00  1.19798e-02  1.00112e+00  1.00045e+00
 7.20000e+01  1.00066e+00  1.20097e-02  1.50164e+00  1.20018e-02  1.00109e+00  1.00044e+00
 7.21000e+01  1.00064e+00  1.20312e-02  1.50161e+00  1.20235e-02  1.00107e+00  1.00043e+00
 7.22000e+01  1.00063e+00  1.20522e-02  1.50157e+00  1.20447e-02  1.00105e+00  1.00042e+00
 7.23000e+01  1.00062e+00  1.20729e-02  1.50154e+00  1.20654e-02  1.00103e+00  1.00041e+00
 7.24000e+01  1.00060e+00  1.20930e-02  1.50150e+00  1.20857e-02  1.00100e+00  1.00040e+00
 7.25000e+01  1.00059e+00  1.21127e-02  1.50147e+00  1.21056e-02  1.00098e+00  1.00039e+00
 7.26000e+01  1.00057e+00  1.21320e-02  1.50144e+00  1.21251e-02  1.00096e+00  1.00038e+00
 7.27000e+01  1.00056e+00  1.21509e-02  1.50140e+00  1.21441e-02  1.00093e+00  1.00037e+00
 7.28000e+01  1.00055e+00  1.21693e-02  1.50137e+00  1.21626e-02  1.00091e+00  1.00036e+00
 7.29000e+01  1.00053e+00  1.21872e-02  1.50133e+00  1.21807e-02  1.00089e+00  1.00035e+00
 7.30000e+01  1.00052e+00  1.22047e-02  1.50130e+00  1.21984e-02  1.00086e+00  1.00035e+00
 7.31000e+01  1.00050e+00  1.22218e-02  1.50126e+00  1.22156e-02  1.00084e+00  1.00034e+00
 7.32000e+01  1.00049e+00  1.22384e-02  1.50123e+00  1.22324e-02  1.00082e+00  1.00033e+00
 7.33000e+01  1.00048e+00  1.22545e-02  1.50119e+00  1.22487e-02  1.00079e+00  1.00032e+00
 7.34000e+01  1.00046e+00  1.22702e-02  1.50116e+00  1.22645e-02  1.00077e+00  1.00031e+00
 7.35000e+01  1.00045e+00  1.22854e-02  1.50112e+00  1.22799e-02  1.00075e+00  1.00030e+00
 7.36000e+01  1.00043e+00  1.23002e-02  1.50109e+00  1.22949e-02  1.00072e+00  1.00029e+00
 7.37000e+01  1.00042e+00  1.23145e-02  1.50105e+00  1.23093e-02  1.00070e+00  1.00028e+00
 7.38000e+01  1.00041e+00  1.23284e-02  1.50101e+00  1.23234e-02  1.00068e+00  1.00027e+00
 7.39000e+01  1.00039e+00  1.23418e-02  1.50098e+00  1.23369e-02  1.00065e+00  1.00026e+00
 7.40000e+01  1.00038e+00  1.23547e-02  1.50094e+00  1.23500e-02  1.00063e+00  1.00025e+00
 7.41000e+01  1.00036e+00  1.23672e-02  1.50091e+00  1.23627e-02  1.00060e+00  1.00024e+00
 7.42000e+01  1.00035e+00  1.23792e-02  1.50087e+00  1.23749e-02  1.00058e+00  1.00023e+00
 7.43000e+01  1.00033e+00  1.23907e-02  1.50083e+00  1.23866e-02  1.00056e+00  1.00022e+00
 7.44000e+01  1.00032e+00  1.24018e-02  1.50080e+00  1.23978e-02  1.00053e+00  1.00021e+00
 7.45000e+01  1.00030e+00  1.24124e-02  1.50076e+00  1.24086e-02  1.00051e+00  1.00020e+00
 7.46000e+01  1.00029e+00  1.24225e-02  1.50073e+00  1.24189e-02  1.00048e+00  1.00019e+00
 7.47000e+01  1.00028e+00  1.24322e-02  1.50069e+00  1.24287e-02  1.00046e+00  1.00018e+00
 7.48000e+01  1.00026e+00  1.24413e-02  1.50065e+00  1.24381e-02  1.00044e+00  1.00017e+00
 7.49000e+01  1.00025e+00  1.24500e-02  1.50062e+00  1.24470e-02  1.00041e+00  1.00016e+00
 7.50000e+01  1.00023e+00  1.24583e-02  1.50058e+00  1.24554e-02  1.00039e+00  1.00015e+00
 7.51000e+01  1.00022e+00  1.24660e-02  1.50054e+00  1.24633e-02  1.00036e+00  1.00014e+00
 7.52000e+01  1.00020e+00  1.24733e-02  1.50051e+00  1.24708e-02  1.00034e+00  1.00013e+00
 7.53000e+01  1.00019e+00  1.24801e-02  1.50047e+00  1.24778e-02  1.00031e+00  1.00013e+00
 7.54000e+01  1.00017e+00  1.24864e-02  1.50043e+00  1.24843e-02  1.00029e+00  1.00012e+00
 7.55000e+01  1.00016e+00  1.24922e-02  1.50039e+00  1.24903e-02  1.00026e+00  1.00011e+00
 7.56000e+01  1.00014e+00  1.24976e-02  1.50036e+00  1.24958e-02  1.00024e+00  1.00010e+00
 7.57000e+01  1.00013e+00  1.25025e-02  1.50032e+00  1.25009e-02  1.00021e+00  1.00009e+00
 7.58000e+01  1.00011e+00  1.25068e-02  1.50028e+00  1.25054e-02  1.00019e+00  1.00008e+00
 7.59000e+01  1.00010e+00  1.25107e-02  1.50024e+00  1.25095e-02  1.00016e+00  1.00007e+00
 7.60000e+01  1.00008e+00  1.25142e-02  1.50021e+00  1.25131e-02  1.00014e+00  1.00006e+00
 7.61000e+01  1.00007e+00  1.25171e-02  1.50017e+00  1.25162e-02  1.00011e+00  1.00005e+00
 7.62000e+01  1.00005e+00  1.25195e-02  1.50013e+00  1.25188e-02  1.00009e+00  1.00004e+00
 7.63000e+01  1.00004e+00  1.25214e-02  1.50009e+00  1.25210e-02  1.00006e+00  1.00003e+00
 7.64000e+01  1.00002e+00  1.25229e-02  1.50006e+00  1.25226e-02  1.00004e+00  1.00002e+00
 7.65000e+01  1.00001e+00  1.25238e-02  1.50002e+00  1.25238e-02  1.00001e+00  1.00000e+00
 7.66000e+01  9.99992e-01  1.25243e-02  1.49998e+00  1.25244e-02  9.99987e-01  9.99995e-01
 7.67000e+01  9.99977e-01  1.25243e-02  1.49994e+00  1.25246e-02  9.99961e-01  9.99985e-01
 7.68000e+01  9.99961e-01  1.25237e-02  1.49990e+00  1.25242e-02  9.99936e-01  9.99974e-01
 7.69000e+01  9.99946e-01  1.25227e-02  1.49987e+00  1.25234e-02  9.99910e-01  9.99964e-01
 7.70000e+01  9.99931e-01  1.25212e-02  1.49983e+00  1.25221e-02  9.99885e-01  9.99954e-01
 7.71000e+01  9.99915e-01  1.25192e-02  1.49979e+00  1.25202e-02  9.99859e-01  9.99944e-01
 7.72000e+01  9.99900e-01  1.25166e-02  1.49975e+00  1.25179e-02  9.99834e-01  9.99934e-01
 7.73000e+01  9.99885e-01  1.25136e-02  1.49971e+00  1.25151e-02  9.99808e-01  9.99923e-01
 7.74000e+01  9.99869e-01  1.25101e-02  1.49967e+00  1.25117e-02  9.99782e-01  9.99913e-01
 7.75000e+01  9.99854e-01  1.25061e-02  1.49963e+00  1.25079e-02  9.99756e-01  9.99903e-01
 7.76000e+01  9.99838e-01  1.25016e-02  1.49960e+00  1.25036e-02  9.99731e-01  9.99892e-01
 7.77000e+01  9.99823e-01  1.24965e-02  1.49956e+00  1.24987e-02  9.99705e-01  9.99882e-01
 7.78000e+01  9.99807e-01  1.24910e-02  1.49952e+00  1.24934e-02  9.99679e-01  9.99872e-01
 7.79000e+01  9.99792e-01  1.24850e-02  1.49948e+00  1.24876e-02  9.99653e-01  9.99861e-01
 7.80000e+01  9.99776e-01  1.24784e-02  1.49944e+00  1.24812e-02  9.99627e-01  9.99851e-01
 7.81000e+01  9.99761e-01  1.24714e-02  1.49940e+00  1.24743e-02  9.99601e-01  9.99841e-01
 7.82000e+01  9.99745e-01  1.24638e-02  1.49936e+00  1.24670e-02  9.99575e-01  9.99830e-01
 7.83000e+01  9.99729e-01  1.24557e-02  1.49932e+00  1.24591e-02  9.99549e-01  9.99820e-01
 7.84000e+01  9.99714e-01  1.24472e-02  1.49928e+00  1.24507e-02  9.99523e-01  9.99810e-01
 7.85000e+01  9.99698e-01  1.24381e-02  1.49925e+00  1.24418e-02  9.99497e-01  9.99799e-01
 7.86000e+01  9.99682e-01  1.24285e-02  1.49921e+00  1.24324e-02  9.99471e-01  9.99789e-01
 7.87000e+01  9.99667e-01  1.24184e-02  1.49917e+00  1.24225e-02  9.99445e-01  9.99778e-01
 7.88000e+01  9.99651e-01  1.24077e-02  1.49913e+00  1.24121e-02  9.99419e-01  9.99768e-01
 7.89000e+01  9.99635e-01  1.23966e-02  1.49909e+00  1.24011e-02  9.99393e-01  9.99757e-01
 7.90000e+01  9.99620e-01  1.23850e-02  1.49905e+00  1.23897e-02  9.99366e-01  9.99747e-01
 7.91000e+01  9.99604e-01  1.23728e-02  1.49901e+00  1.23777e-02  9.99340e-01  9.99736e-01
 7.92000e+01  9.99588e-01  1.23602e-02  1.49897e+00  1.23652e-02  9.99314e-01  9.99726e-01
 7.93000e+01  9.99572e-01  1.23470e-02  1.49893e+00  1.23523e-02  9.99288e-01  9.99715e-01
 7.94000e+01  9.99557e-01  1.23333e-02  1.49889e+00  1.23388e-02  9.99261e-01  9.99705e-01
 7.95000e+01  9.99541e-01  1.23191e-02  1.49885e+00  1.23247e-02  9.99235e-01  9.99694e-01
 7.96000e+01  9.99525e-01  1.23043e-02  1.49881e+00  1.23102e-02  9.99209e-01  9.99684e-01
 7.97000e+01  9.99509e-01  1.22891e-02  1.49877e+00  1.22951e-02  9.99183e-01  9.99673e-01
 7.98000e+01  9.99493e-01  1.22733e-02  1.49873e+00  1.22796e-02  9.99156e-01  9.99663e-01
 7.99000e+01  9.99478e-01  1.22571e-02  1.49869e+00  1.22635e-02  9.99130e-01  9.99652e-01
 8.00000e+01  9.99462e-01  1.22403e-02  1.49866e+00  1.22469e-02  9.99103e-01  9.99642e-01
 8.01000e+01  9.99446e-01  1.22230e-02  1.49862e+00  1.22298e-02  9.99077e-01  9.99631e-01
 8.02000e+01  9.99430e-01  1.22052e-02  1.49858e+00  1.22121e-02  9.99051e-01  9.99620e-01
 8.03000e+01  9.99414e-01  1.21868e-02  1.49854e+00  1.21940e-02  9.99024e-01  9.99610e-01
 8.04000e+01  9.99398e-01  1.21680e-02  1.49850e+00  1.21753e-02  9.98998e-01  9.99599e-01
 8.05000e+01  9.99382e-01  1.21486e-02  1.49846e+00  1.21561e-02  9.98971e-01  9.99589e-01
 8.06000e+01  9.99367e-01  1.21287e-02  1.49842e+00  1.21364e-02  9.98945e-01  9.99578e-01
 8.07000e+01  9.99351e-01  1.21083e-02  1.49838e+00  1.21161e-02  9.98919e-01  9.99568e-01
 8.08000e+01  9.99335e-01  1.20873e-02  1.49834e+00  1.20954e-02  9.98892e-01  9.99557e-01
 8.09000e+01  9.99319e-01  1.20659e-02  1.49830e+00  1.20741e-02  9.98866e-01  9.99546e-01
 8.10000e+01  9.99303e-01  1.20439e-02  1.49826e+00  1.20523e-02  9.98839e-01  9.99536e-01
 8.11000e+01  9.99287e-01  1.20214e-02  1.49822e+00  1.20300e-02  9.98813e-01  9.99525e-01
 8.12000e+01  9.99271e-01  1.19984e-02  1.49818e+00  1.20072e-02  9.98786e-01  9.99515e-01
 8.13000e+01  9.99256e-01  1.19749e-02  1.49814e+00  1.19838e-02  9.98760e-01  9.99504e-01
 8.14000e+01  9.99240e-01  1.19508e-02  1.49810e+00  1.19599e-02  9.98733e-01  9.99493e-01
 8.15000e+01  9.99224e-01  1.19263e-02  1.49806e+00  1.19355e-02  9.98707e-01  9.99483e-01
 8.16000e+01  9.99208e-01  1.19012e-02  1.49802e+00  1.19106e-02  9.98681e-01  9.99472e-01
 8.17000e+01  9.99192e-01  1.18756e-02  1.49798e+00  1.18852e-02  9.98654e-01  9.99462e-01
 8.18000e+01  9.99176e-01  1.18495e-02  1.49794e+00  1.18592e-02  9.98628e-01  9.99451e-01
 8.19000e+01  9.99160e-01  1.18228e-02  1.49790e+00  1.18328e-02  9.98601e-01  9.99441e-01
 8.20000e+01  9.99145e-01  1.17957e-02  1.49786e+00  1.18058e-02  9.98575e-01  9.99430e-01
 8.21000e+01  9.99129e-01  1.17680e-02  1.49782e+00  1.17783e-02  9.98549e-01  9.99419e-01
 8.22000e+01  9.99113e-01  1.17398e-02  1.49778e+00  1.17502e-02  9.98522e-01  9.99409e-01
 8.23000e+01  9.99097e-01  1.17111e-02  1.49774e+00  1.17217e-02  9.98496e-01  9.99398e-01
 8.24000e+01  9.99081e-01  1.16819e-02  1.49770e+00  1.16926e-02  9.98470e-01  9.99388e-01
 8.25000e+01  9.99065e-01  1.16521e-02  1.49767e+00  1.16630e-02  9.98443e-01  9.99377e-01
 8.26000e+01  9.99050e-01  1.16219e-02  1.49763e+00  1.16329e-02  9.98417e-01  9.99367e-01
 8.27000e+01  9.99034e-01  1.15911e-02  1.49759e+00  1.16023e-02  9.98391e-01  9.99356e-01
 8.28000e+01  9.99018e-01  1.15598e-02  1.49755e+00  1.15711e-02  9.98365e-01  9.99346e-01
 8.29000e+01  9.99002e-01  1.15280e-02  1.49751e+00  1.15395e-02  9.98338e-01  9.99335e-01
 8.30000e+01  9.98987e-01  1.14956e-02  1.49747e+00  1.15073e-02  9.98312e-01  9.99325e-01
 8.31000e+01  9.98971e-01  1.14628e-02  1.49743e+00  1.14746e-02  9.98286e-01  9.99314e-01
 8.32000e+01  9.98955e-01  1.14294e-02  1.49739e+00  1.14414e-02  9.98260e-01  9.99304e-01
 8.33000e+01  9.98940e-01  1.13956e-02  1.49735e+00  1.14077e-02  9.98234e-01  9.99293e-01
 8.34000e+01  9.98924e-01  1.13612e-02  1.49731e+00  1.13734e-02  9.98208e-01  9.99283e-01
 8.35000e+01  9.98908e-01  1.13263e-02  1.49727e+00  1.13387e-02  9.98182e-01  9.99273e-01
 8.36000e+01  9.98893e-01  1.12909e-02  1.49723e+00  1.13034e-02  9.98156e-01  9.99262e-01
 8.37000e+01  9.98877e-01  1.12550e-02  1.49719e+00  1.12676e-02  9.98130e-01  9.99252e-01
 8.38000e+01  9.98862e-01  1.12185e-02  1.49716e+00  1.12313e-02  9.98104e-01  9.99241e-01
 8.39000e+01  9.98846e-01  1.11816e-02  1.49712e+00  1.11945e-02  9.98078e-01  9.99231e-01
 8.40000e+01  9.98831e-01  1.11441e-02  1.49708e+00  1.11572e-02  9.98052e-01  9.99221e-01
 8.41000e+01  9.98815e-01  1.11062e-02  1.49704e+00  1.11193e-02  9.98026e-01  9.99210e-01
 8.42000e+01  9.98800e-01  1.10677e-02  1.49700e+00  1.10810e-02  9.98000e-01  9.99200e-01
 8.43000e+01  9.98784e-01  1.10287e-02  1.49696e+00  1.10422e-02  9.97975e-01  9.99190e-01
 8.44000e+01  9.98769e-01  1.09892e-02  1.49692e+00  1.10028e-02  9.97949e-01  9.99179e-01
 8.45000e+01  9.98753e-01  1.09493e-02  1.49689e+00  1.09629e-02  9.97923e-01  9.99169e-01
 8.46000e+01  9.98738e-01  1.09088e-02  1.49685e+00  1.09226e-02  9.97898e-01  9.99159e-01
 8.47000e+01  9.98723e-01  1.08678e-02  1.49681e+00  1.08817e-02  9.97872e-01  9.99149e-01
 8.48000e+01  9.98707e-01  1.08263e-02  1.49677e+00  1.08403e-02  9.97847e-01  9.99138e-01
 8.49000e+01  9.98692e-01  1.07843e-02  1.49673e+00  1.07984e-02  9.97821e-01  9.99128e-01
 8.50000e+01  9.98677e-01  1.07418e-02  1.49669e+00  1.07560e-02  9.97796e-01  9.99118e-01
 8.51000e+01  9.98662e-01  1.06988e-02  1.49666e+00  1.07131e-02  9.97771e-01  9.99108e-01
 8.52000e+01  9.98646e-01  1.06553e-02  1.49662e+00  1.06697e-02  9.97745e-01  9.99098e-01
 8.53000e+01  9.98631e-01  1.06113e-02  1.49658e+00  1.06258e-02  9.97720e-01  9.99088e-01
 8.54000e+01  9.98616e-01  1.05668e-02  1.49654e+00  1.05814e-02  9.97695e-01  9.99078e-01
 8.55000e+01  9.98601e-01  1.05218e-02  1.49651e+00  1.05366e-02  9.97670e-01  9.99068e-01
 8.56000e+01  9.98586e-01  1.04763e-02  1.49647e+00  1.04912e-02  9.97645e-01  9.99058e-01
 8.57000e+01  9.98571e-01  1.04304e-02  1.49643e+00  1.04453e-02  9.97620e-01  9.99048e-01
 8.58000e+01  9.98556e-01  1.03839e-02  1.49639e+00  1.03989e-02  9.97595e-01  9.99038e-01
 8.59000e+01  9.98541e-01  1.03369e-02  1.49636e+00  1.03520e-02  9.97570e-01  9.99028e-01
 8.60000e+01  9.98526e-01  1.02895e-02  1.49632e+00  1.03047e-02  9.97546e-01  9.99018e-01
 8.61000e+01  9.98512e-01  1.02416e-02  1.49628e+00  1.02568e-02  9.97521e-01  9.99008e-01
 8.62000e+01  9.98497e-01  1.01932e-02  1.49624e+00  1.02085e-02  9.97496e-01  9.98998e-01
 8.63000e+01  9.98482e-01  1.01443e-02  1.49621e+00  1.01597e-02  9.97472e-01  9.98988e-01
 8.64000e+01  9.98467e-01  1.00949e-02  1.49617e+00  1.01104e-02  9.97447e-01  9.98978e-01
 8.65000e+01  9.98453e-01  1.00450e-02  1.49613e+00  1.00606e-02  9.97423e-01  9.98969e-01
 8.66000e+01  9.98438e-01  9.99467e-03  1.49610e+00  1.00103e-02  9.97399e-01  9.98959e-01
 8.67000e+01  9.98424e-01  9.94385e-03  1.49606e+00  9.95955e-03  9.97375e-01  9.98949e-01
 8.68000e+01  9.98409e-01  9.89255e-03  1.49603e+00  9.90832e-03  9.97350e-01  9.98940e-01
 8.69000e+01  9.98395e-01  9.84078e-03  1.49599e+00  9.85660e-03  9.97326e-01  9.98930e-01
 8.70000e+01  9.98380e-01  9.78854e-03  1.49595e+00  9.80441e-03  9.97303e-01  9.98920e-01
 8.71000e+01  9.98366e-01  9.73582e-03  1.49592e+00  9.75175e-03  9.97279e-01  9.98911e-01
 8.72000e+01  9.98352e-01  9.68263e-03  1.49588e+00  9.69861e-03  9.97255e-01  9.98901e-01
 8.73000e+01  9.98338e-01  9.62897e-03  1.49585e+00  9.64501e-03  9.97231e-01  9.98892e-01
 8.74000e+01  9.98323e-01  9.57485e-03  1.49581e+00  9.59093e-03  9.97208e-01  9.98882e-01
 8.75000e+01  9.98309e-01  9.52027e-03  1.49578e+00  9.53639e-03  9.97184e-01  9.98873e-01
 8.76000e+01  9.98295e-01  9.46522e-03  1.49574e+00  9.48138e-03  9.97161e-01  9.98864e-01
 8.77000e+01  9.98281e-01  9.40971e-03  1.49571e+00  9.42591e-03  9.97138e-01  9.98854e-01
 8.78000e+01  9.98267e-01  9.35374e-03  1.49567e+00  9.36997e-03  9.97114e-01  9.98845e-01
 8.79000e+01  9.98254e-01  9.29732e-03  1.49564e+00  9.31358e-03  9.97091e-01  9.98836e-01
 8.80000e+01  9.98240e-01  9.24044e-03  1.49560e+00  9.25673e-03  9.97068e-01  9.98827e-01
 8.81000e+01  9.98226e-01  9.18310e-03  1.49557e+00  9.19942e-03  9.97045e-01  9.98817e-01
 8.82000e+01  9.98212e-01  9.12532e-03  1.49553e+00  9.14166e-03  9.97023e-01  9.98808e-01
 8.83000e+01  9.98199e-01  9.06709e-03  1.49550e+00  9.08345e-03  9.97000e-01  9.98799e-01
 8.84000e+01  9.98185e-01  9.00841e-03  1.49547e+00  9.02479e-03  9.96978e-01  9.98790e-01
 8.85000e+01  9.98172e-01  8.94929e-03  1.49543e+00  8.96568e-03  9.96955e-01  9.98781e-01
 8.86000e+01  9.98158e-01  8.88973e-03  1.49540e+00  8.90613e-03  9.96933e-01  9.98772e-01
 8.87000e+01  9.98145e-01  8.82973e-03  1.49537e+00  8.84614e-03  9.96911e-01  9.98763e-01
 8.88000e+01  9.98132e-01  8.76929e-03  1.49533e+00  8.78570e-03  9.96889e-01  9.98754e-01
 8.89000e+01  9.98119e-01  8.70841e-03  1.49530e+00  8.72483e-03  9.96867e-01  9.98746e-01
 8.90000e+01  9.98105e-01  8.64711e-03  1.49527e+00  8.66352e-03  9.96845e-01  9.98737e-01
 8.91000e+01  9.98092e-01  8.58537e-03  1.49523e+00  8.60178e-03  9.96823e-01  9.98728e-01
 8.92000e+01  9.98079e-01  8.52320e-03  1.49520e+00  8.53960e-03  9.96801e-01  9.98720e-01
 8.93000e+01  9.98067e-01  8.46061e-03  1.49517e+00  8.47700e-03  9.96780e-01  9.98711e-01
 8.94000e+01  9.98054e-01  8.39760e-03  1.49514e+00  8.41397e-03  9.96759e-01  9.98702e-01
 8.95000e+01  9.98041e-01  8.33416e-03  1.49511e+00  8.35052e-03  9.96737e-01  9.98694e-01
 8.96000e+01  9.98028e-01  8.27031e-03  1.49507e+00  8.28665e-03  9.96716e-01  9.98685e-01
 8.97000e+01  9.98016e-01  8.20605e-03  1.49504e+00  8.22236e-03  9.96695e-01  9.98677e-01
 8.98000e+01  9.98003e-01  8.14137e-03  1.49501e+00  8.15765e-03  9.96675e-01  9.98669e-01
 8.99000e+01  9.97991e-01  8.07628e-03  1.49498e+00  8.09254e-03  9.96654e-01  9.98660e-01
 9.00000e+01  9.97979e-01  8.01078e-03  1.49495e+00  8.02701e-03  9.96633e-01  9.98652e-01
 9.01000e+01  9.97966e-01  7.94488e-03  1.49492e+00  7.96107e-03  9.96613e-01  9.98644e-01
 9.02000e+01  9.97954e-01  7.87858e-03  1.49489e+00  7.89473e-03  9.96593e-01  9.98636e-01
 9.03000e+01  9.97942e-01  7.81187e-03  1.49486e+00  7.82798e-03  9.96573e-01  9.98628e-01
 9.04000e+01  9.97930e-01  7.74478e-03  1.49483e+00  7.76084e-03  9.96553e-01  9.98620e-01
 9.05000e+01  9.97918e-01  7.67729e-03  1.49480e+00  7.69330e-03  9.96533e-01  9.98612e-01
 9.06000e+01  9.97906e-01  7.60940e-03  1.49477e+00  7.62537e-03  9.96513e-01  9.98604e-01
 9.07000e+01  9.97895e-01  7.54113e-03  1.49474e+00  7.55705e-03  9.96494e-01  9.98596e-01
 9.08000e+01  9.97883e-01  7.47248e-03  1.49471e+00  7.48834e-03  9.96474e-01  9.98588e-01
 9.09000e+01  9.97871e-01  7.40345e-03  1.49468e+00  7.41924e-03  9.96455e-01  9.98581e-01
 9.10000e+01  9.97860e-01  7.33403e-03  1.49465e+00  7.34976e-03  9.96436e-01  9.98573e-01
 9.11000e+01  9.97849e-01  7.26424e-03  1.49463e+00  7.27991e-03  9.96417e-01  9.98565e-01
 9.12000e+01  9.97837e-01  7.19408e-03  1.49460e+00  7.20968e-03  9.96398e-01  9.98558e-01
 9.13000e+01  9.97826e-01  7.12355e-03  1.49457e+00  7.13907e-03  9.96380e-01  9.98550e-01
 9.14000e+01  9.97815e-01  7.05266e-03  1.49454e+00  7.06810e-03  9.96361e-01  9.98543e-01
 9.15000e+01  9.97804e-01  6.98140e-03  1.49451e+00  6.99676e-03  9.96343e-01  9.98536e-01
 9.16000e+01  9.97793e-01  6.90978e-03  1.49449e+00  6.92506e-03  9.96325e-01  9.98528e-01
 9.17000e+01  9.97782e-01  6.83780e-03  1.49446e+00  6.85300e-03  9.96307e-01  9.98521e-01
 9.18000e+01  9.97772e-01  6.76548e-03  1.49443e+00  6.78059e-03  9.96289e-01  9.98514e-01
 9.19000e+01  9.97761e-01  6.69280e-03  1.49441e+00  6.70782e-03  9.96272e-01  9.98507e-01
 9.20000e+01  9.97751e-01  6.61977e-03  1.49438e+00  6.63470e-03  9.96254e-01  9.98500e-01
 9.21000e+01  9.97740e-01  6.54641e-03  1.49436e+00  6.56123e-03  9.96237e-01  9.98493e-01
 9.22000e+01  9.97730e-01  6.47270e-03  1.49433e+00  6.48743e-03  9.96220e-01  9.98486e-01
 9.23000e+01  9.97720e-01  6.39866e-03  1.49430e+00  6.41328e-03  9.96203e-01  9.98480e-01
 9.24000e+01  9.97710e-01  6.32428e-03  1.49428e+00  6.33880e-03  9.96186e-01  9.98473e-01
 9.25000e+01  9.97700e-01  6.24957e-03  1.49425e+00  6.26398e-03  9.96170e-01  9.98466e-01
 9.26000e+01  9.97690e-01  6.17454e-03  1.49423e+00  6.18884e-03  9.96153e-01  9.98460e-01
 9.27000e+01  9.97680e-01  6.09919e-03  1.49421e+00  6.11337e-03  9.96137e-01  9.98453e-01
 9.28000e+01  9.97671e-01  6.02352e-03  1.49418e+00  6.03758e-03  9.96121e-01  9.98447e-01
 9.29000e+01  9.97661e-01  5.94753e-03  1.49416e+00  5.96147e-03  9.96105e-01  9.98440e-01
 9.30000e+01  9.97652e-01  5.87123e-03  1.49413e+00  5.88505e-03  9.96089e-01  9.98434e-01
 9.31000e+01  9.97642e-01  5.79462e-03  1.49411e+00  5.80832e-03  9.96074e-01  9.98428e-01
 9.32000e+01  9.97633e-01  5.71771e-03  1.49409e+00  5.73128e-03  9.96059e-01  9.98422e-01
 9.33000e+01  9.97624e-01  5.64050e-03  1.49407e+00  5.65394e-03  9.96044e-01  9.98416e-01
 9.34000e+01  9.97615e-01  5.56300e-03  1.49404e+00  5.57629e-03  9.96029e-01  9.98410e-01
 9.35000e+01  9.97606e-01  5.48520e-03  1.49402e+00  5.49836e-03  9.96014e-01  9.98404e-01
 9.36000e+01  9.97598e-01  5.40711e-03  1.49400e+00  5.42013e-03  9.95999e-01  9.98398e-01
 9.37000e+01  9.97589e-01  5.32873e-03  1.49398e+00  5.34161e-03  9.95985e-01  9.98392e-01
 9.38000e+01  9.97581e-01  5.25008e-03  1.49396e+00  5.26281e-03  9.95971e-01  9.98387e-01
 9.39000e+01  9.97572e-01  5.17114e-03  1.49394e+00  5.18373e-03  9.95957e-01  9.98381e-01
 9.40000e+01  9.97564e-01  5.09194e-03  1.49392e+00  5.10437e-03  9.95943e-01  9.98376e-01
 9.41000e+01  9.97556e-01  5.01246e-03  1.49389e+00  5.02474e-03  9.95930e-01  9.98370e-01
 9.42000e+01  9.97548e-01  4.93272e-03  1.49387e+00  4.94485e-03  9.95917e-01  9.98365e-01
 9.43000e+01  9.97540e-01  4.85272e-03  1.49386e+00  4.86469e-03  9.95903e-01  9.98359e-01
 9.44000e+01  9.97532e-01  4.77246e-03  1.49384e+00  4.78426e-03  9.95890e-01  9.98354e-01
 9.45000e+01  9.97524e-01  4.69194e-03  1.49382e+00  4.70359e-03  9.95878e-01  9.98349e-01
 9.46000e+01  9.97517e-01  4.61118e-03  1.49380e+00  4.62266e-03  9.95865e-01  9.98344e-01
 9.47000e+01  9.97510e-01  4.53017e-03  1.49378e+00  4.54148e-03  9.95853e-01  9.98339e-01
 9.48000e+01  9.97502e-01  4.44892e-03  1.49376e+00  4.46006e-03  9.95841e-01  9.98334e-01
 9.49000e+01  9.97495e-01  4.36743e-03  1.49374e+00  4.37840e-03  9.95829e-01  9.98330e-01
 9.50000e+01  9.97488e-01  4.28571e-03  1.49373e+00  4.29650e-03  9.95817e-01  9.98325e-01
 9.51000e+01  9.97481e-01  4.20376e-03  1.49371e+00  4.21438e-03  9.95806e-01  9.98320e-01
 9.52000e+01  9.97474e-01  4.12159e-03  1.49369e+00  4.13202e-03  9.95795e-01  9.98316e-01
 9.53000e+01  9.97468e-01  4.03919e-03  1.49368e+00  4.04945e-03  9.95784e-01  9.98311e-01
 9.54000e+01  9.97461e-01  3.95658e-03  1.49366e+00  3.96665e-03  9.95773e-01  9.98307e-01
 9.55000e+01  9.97455e-01  3.87376e-03  1.49364e+00  3.88365e-03  9.95762e-01  9.98303e-01
 9.56000e+01  9.97449e-01  3.79073e-03  1.49363e+00  3.80043e-03  9.95752e-01  9.98299e-01
 9.57000e+01  9.97443e-01  3.70750e-03  1.49361e+00  3.71700e-03  9.95742e-01  9.98295e-01
 9.58000e+01  9.97437e-01  3.62407e-03  1.49360e+00  3.63338e-03  9.95732e-01  9.98291e-01
 9.59000e+01  9.97431e-01  3.54044e-03  1.49358e+00  3.54956e-03  9.95722e-01  9.98287e-01
 9.60000e+01  9.97425e-01  3.45662e-03  1.49357e+00  3.46555e-03  9.95712e-01  9.98283e-01
 9.61000e+01  9.97419e-01  3.37262e-03  1.49355e+00  3.38135e-03  9.95703e-01  9.98279e-01
 9.62000e+01  9.97414e-01  3.28844e-03  1.49354e+00  3.29696e-03  9.95694e-01  9.98276e-01
 9.63000e+01  9.97409e-01  3.20408e-03  1.49353e+00  3.21240e-03  9.95685e-01  9.98272e-01
 9.64000e+01  9.97404e-01  3.11954e-03  1.49351e+00  3.12766e-03  9.95677e-01  9.98269e-01
 9.65000e+01  9.97398e-01  3.03484e-03  1.49350e+00  3.04276e-03  9.95668e-01  9.98265e-01
 9.66000e+01  9.97394e-01  2.94997e-03  1.49349e+00  2.95768e-03  9.95660e-01  9.98262e-01
 9.67000e+01  9.97389e-01  2.86495e-03  1.49348e+00  2.87245e-03  9.95652e-01  9.98259e-01
 9.68000e+01  9.97384e-01  2.77977e-03  1.49347e+00  2.78706e-03  9.95644e-01  9.98256e-01
 9.69000e+01  9.97380e-01  2.69444e-03  1.49346e+00  2.70152e-03  9.95637e-01  9.98253e-01
 9.70000e+01  9.97375e-01  2.60897e-03  1.49344e+00  2.61583e-03  9.95630e-01  9.98250e-01
 9.71000e+01  9.97371e-01  2.52335e-03  1.49343e+00  2.53000e-03  9.95623e-01  9.98247e-01
 9.72000e+01  9.97367e-01  2.43760e-03  1.49342e+00  2.44403e-03  9.95616e-01  9.98244e-01
 9.73000e+01  9.97363e-01  2.35171e-03  1.49341e+00  2.35793e-03  9.95609e-01  9.98242e-01
 9.74000e+01  9.97359e-01  2.26570e-03  1.49340e+00  2.27170e-03  9.95603e-01  9.98239e-01
 9.75000e+01  9.97356e-01  2.17957e-03  1.49340e+00  2.18535e-03  9.95597e-01  9.98237e-01
 9.76000e+01  9.97352e-01  2.09331e-03  1.49339e+00  2.09887e-03  9.95591e-01  9.98234e-01
 9.77000e+01  9.97349e-01  2.00695e-03  1.49338e+00  2.01228e-03  9.95585e-01  9.98232e-01
 9.78000e+01  9.97345e-01  1.92047e-03  1.49337e+00  1.92558e-03  9.95580e-01  9.98230e-01
 9.79000e+01  9.97342e-01  1.83389e-03  1.49336e+00  1.83878e-03  9.95575e-01  9.98228e-01
 9.80000e+01  9.97339e-01  1.74722e-03  1.49335e+00  1.75188e-03  9.95570e-01  9.98226e-01
 9.81000e+01  9.97337e-01  1.66044e-03  1.49335e+00  1.66488e-03  9.95565e-01  9.98224e-01
 9.82000e+01  9.97334e-01  1.57358e-03  1.49334e+00  1.57778e-03  9.95561e-01  9.98222e-01
 9.83000e+01  9.97331e-01  1.48663e-03  1.49333e+00  1.49061e-03  9.95557e-01  9.98220e-01
 9.84000e+01  9.97329e-01  1.39960e-03  1.49333e+00  1.40335e-03  9.95553e-01  9.98219e-01
 9.85000e+01  9.97327e-01  1.31249e-03  1.49332e+00  1.31601e-03  9.95549e-01  9.98217e-01
 9.86000e+01  9.97325e-01  1.22532e-03  1.49332e+00  1.22860e-03  9.95545e-01  9.98216e-01
 9.87000e+01  9.97323e-01  1.13807e-03  1.49331e+00  1.14113e-03  9.95542e-01  9.98215e-01
 9.88000e+01  9.97321e-01  1.05077e-03  1.49331e+00  1.05359e-03  9.95539e-01  9.98213e-01
 9.89000e+01  9.97319e-01  9.63404e-04  1.49330e+00  9.65993e-04  9.95536e-01  9.98212e-01
 9.90000e+01  9.97318e-01  8.75989e-04  1.49330e+00  8.78345e-04  9.95534e-01  9.98211e-01
 9.91000e+01  9.97316e-01  7.88526e-04  1.49330e+00  7.90648e-04  9.95532e-01  9.98210e-01
 9.92000e+01  9.97315e-01  7.01020e-04  1.49329e+00  7.02907e-04  9.95530e-01  9.98210e-01
 9.93000e+01  9.97314e-01  6.13476e-04  1.49329e+00  6.15128e-04  9.95528e-01  9.98209e-01
 9.94000e+01  9.97313e-01  5.25899e-04  1.49329e+00  5.27315e-04  9.95526e-01  9.98208e-01
 9.95000e+01  9.97312e-01  4.38293e-04  1.49329e+00  4.39474e-04  9.95525e-01  9.98208e-01
 9.96000e+01  9.97312e-01  3.50663e-04  1.49329e+00  3.51608e-04  9.95524e-01  9.98207e-01
 9.97000e+01  9.97311e-01  2.63014e-04  1.49328e+00  2.63723e-04  9.95523e-01  9.98207e-01
 9.98000e+01  9.97311e-01  1.75350e-04  1.49328e+00  1.75823e-04  9.95522e-01  9.98207e-01
 9.99000e+01  9.97311e-01  8.76776e-05  1.49328e+00  8.79140e-05  9.95522e-01  9.98207e-01
