 0.00000e+00  1.29052e-01  3.32766e-17  2.74708e-03  2.57854e-16 -1.80358e-03  2.54681e-04  1.00226e-01
 5.00000e-01  1.28953e-01  7.29254e-04  2.75352e-03  5.65520e-03 -1.79431e-03  2.52350e-04  1.00204e-01
 1.00000e+00  1.28655e-01  1.45676e-03  2.77278e-03  1.13230e-02 -1.76664e-03  2.45382e-04  1.00138e-01
 1.50000e+00  1.28164e-01  2.18077e-03  2.80457e-03  1.70154e-02 -1.72099e-03  2.33845e-04  1.00031e-01
 2.00000e+00  1.27488e-01  2.89944e-03  2.84845e-03  2.27429e-02 -1.65806e-03  2.17857e-04  9.98872e-02
 2.50000e+00  1.26636e-01  3.61090e-03  2.90382e-03  2.85139e-02 -1.57880e-03  1.97582e-04  9.97111e-02
 3.00000e+00  1.25623e-01  4.31316e-03  2.96992e-03  3.43342e-02 -1.48443e-03  1.73226e-04  9.95096e-02
 3.50000e+00  1.24464e-01  5.00413e-03  3.04586e-03  4.02055e-02 -1.37639e-03  1.45046e-04  9.92905e-02
 4.00000e+00  1.23178e-01  5.68159e-03  3.13063e-03  4.61249e-02 -1.25632e-03  1.13338e-04  9.90625e-02
 4.50000e+00  1.21788e-01  6.34319e-03  3.22316e-03  5.20840e-02 -1.12607e-03  7.84446e-05  9.88354e-02
 5.00000e+00  1.20316e-01  6.98643e-03  3.32227e-03  5.80675e-02 -9.87595e-04  4.07478e-05  9.86191e-02
 5.50000e+00  1.18788e-01  7.60867e-03  3.42677e-03  6.40523e-02 -8.43002e-04  6.69474e-07  9.84241e-02
 6.00000e+00  1.17234e-01  8.20715e-03  3.53545e-03  7.00068e-02 -6.94458e-04 -4.13321e-05  9.82606e-02
 6.50000e+00  1.15681e-01  8.77896e-03  3.64713e-03  7.58896e-02 -5.44166e-04 -8.47661e-05  9.81388e-02
 7.00000e+00  1.14160e-01  9.32114e-03  3.76063e-03  8.16495e-02 -3.94323e-04 -1.29113e-04  9.80680e-02
 7.50000e+00  1.12704e-01  9.83062e-03  3.87486e-03  8.72251e-02 -2.47083e-04 -1.73832e-04  9.80566e-02
 8.00000e+00  1.11343e-01  1.03044e-02  3.98882e-03  9.25457e-02 -1.04513e-04 -2.18364e-04  9.81120e-02
 8.50000e+00  1.10110e-01  1.07393e-02  4.10159e-03  9.75323e-02  3.14400e-05 -2.62145e-04  9.82401e-02
 9.00000e+00  1.09035e-01  1.11325e-02  4.21239e-03  1.02100e-01  1.58981e-04 -3.04609e-04  9.84458e-02
 9.50000e+00  1.08148e-01  1.14813e-02  4.32056e-03  1.06162e-01  2.76497e-04 -3.45203e-04  9.87324e-02
 1.00000e+01  1.07477e-01  1.17830e-02  4.42558e-03  1.09633e-01  3.82572e-04 -3.83397e-04  9.91026e-02
 1.05000e+01  1.07046e-01  1.20354e-02  4.52708e-03  1.12432e-01  4.76012e-04 -4.18693e-04  9.95581e-02
 1.10000e+01  1.06878e-01  1.22367e-02  4.62484e-03  1.14492e-01  5.55845e-04 -4.50639e-04  1.00100e-01
 1.15000e+01  1.06992e-01  1.23855e-02  4.71877e-03  1.15761e-01  6.21327e-04 -4.78838e-04  1.00731e-01
 1.20000e+01  1.07402e-01  1.24809e-02  4.80890e-03  1.16207e-01  6.71933e-04 -5.02958e-04  1.01451e-01
 1.25000e+01  1.08119e-01  1.25225e-02  4.89536e-03  1.15821e-01  7.07347e-04 -5.22737e-04  1.02264e-01
 1.30000e+01  1.09150e-01  1.25106e-02  4.97834e-03  1.14618e-01  7.27439e-04 -5.37991e-04  1.03173e-01
 1.35000e+01  1.10496e-01  1.24459e-02  5.05806e-03  1.12636e-01  7.32245e-04 -5.48614e-04  1.04181e-01
 1.40000e+01  1.12156e-01  1.23298e-02  5.13472e-03  1.09934e-01  7.21939e-04 -5.54578e-04  1.05292e-01
 1.45000e+01  1.14124e-01  1.21640e-02  5.20848e-03  1.06586e-01  6.96810e-04 -5.55927e-04  1.06508e-01
 1.50000e+01  1.16390e-01  1.19511e-02  5.27941e-03  1.02681e-01  6.57237e-04 -5.52774e-04  1.07833e-01
 1.55000e+01  1.18944e-01  1.16936e-02  5.34746e-03  9.83118e-02  6.03672e-04 -5.45294e-04  1.09268e-01
 1.60000e+01  1.21769e-01  1.13946e-02  5.41245e-03  9.35757e-02  5.36628e-04 -5.33713e-04  1.10812e-01
 1.65000e+01  1.24850e-01  1.10576e-02  5.47408e-03  8.85672e-02  4.56673e-04 -5.18300e-04  1.12463e-01
 1.70000e+01  1.28167e-01  1.06860e-02  5.53192e-03  8.33757e-02  3.64436e-04 -4.99357e-04  1.14219e-01
 1.75000e+01  1.31701e-01  1.02836e-02  5.58546e-03  7.80828e-02  2.60617e-04 -4.77211e-04  1.16074e-01
 1.80000e+01  1.35431e-01  9.85411e-03  5.63413e-03  7.27609e-02  1.46005e-04 -4.52204e-04  1.18022e-01
 1.85000e+01  1.39337e-01  9.40139e-03  5.67737e-03  6.74723e-02  2.15040e-05 -4.24687e-04  1.20055e-01
 1.90000e+01  1.43397e-01  8.92921e-03  5.71468e-03  6.22693e-02 -1.11841e-04 -3.95008e-04  1.22166e-01
 1.95000e+01  1.47589e-01  8.44130e-03  5.74568e-03  5.71948e-02 -2.52825e-04 -3.63511e-04  1.24346e-01
 2.00000e+01  1.51892e-01  7.94129e-03  5.77015e-03  5.22825e-02 -4.00063e-04 -3.30530e-04  1.26587e-01
 2.05000e+01  1.56286e-01  7.43267e-03  5.78808e-03  4.75581e-02 -5.51988e-04 -2.96379e-04  1.28881e-01
 2.10000e+01  1.60751e-01  6.91880e-03  5.79965e-03  4.30406e-02 -7.06863e-04 -2.61357e-04  1.31219e-01
 2.15000e+01  1.65267e-01  6.40285e-03  5.80530e-03  3.87425e-02 -8.62809e-04 -2.25736e-04  1.33596e-01
 2.20000e+01  1.69815e-01  5.88779e-03  5.80561e-03  3.46718e-02 -1.01785e-03 -1.89765e-04  1.36002e-01
 2.25000e+01  1.74379e-01  5.37643e-03  5.80133e-03  3.08319e-02 -1.16995e-03 -1.53668e-04  1.38432e-01
 2.30000e+01  1.78942e-01  4.87134e-03  5.79332e-03  2.72231e-02 -1.31711e-03 -1.17639e-04  1.40878e-01
 2.35000e+01  1.83488e-01  4.37487e-03  5.78248e-03  2.38429e-02 -1.45739e-03 -8.18472e-05  1.43335e-01
 2.40000e+01  1.88003e-01  3.88918e-03  5.76970e-03  2.06868e-02 -1.58899e-03 -4.64325e-05  1.45795e-01
 2.45000e+01  1.92475e-01  3.41619e-03  5.75584e-03  1.77488e-02 -1.71028e-03 -1.15098e-05  1.48253e-01
 2.50000e+01  1.96891e-01  2.95762e-03  5.74170e-03  1.50216e-02 -1.81985e-03  2.28316e-05  1.50702e-01
 2.55000e+01  2.01243e-01  2.51496e-03  5.72795e-03  1.24971e-02 -1.91655e-03  5.65262e-05  1.53137e-01
 2.60000e+01  2.05520e-01  2.08950e-03  5.71517e-03  1.01669e-02 -1.99945e-03  8.95303e-05  1.55552e-01
 2.65000e+01  2.09715e-01  1.68233e-03  5.70379e-03  8.02198e-03 -2.06792e-03  1.21820e-04  1.57942e-01
 2.70000e+01  2.13821e-01  1.29433e-03  5.69413e-03  6.05335e-03 -2.12158e-03  1.53390e-04  1.60301e-01
 2.75000e+01  2.17833e-01  9.26225e-04  5.68636e-03  4.25199e-03 -2.16031e-03  1.84249e-04  1.62625e-01
 2.80000e+01  2.21747e-01  5.78539e-04  5.68050e-03  2.60900e-03 -2.18424e-03  2.14419e-04  1.64909e-01
 2.85000e+01  2.25560e-01  2.51642e-04  5.67644e-03  1.11564e-03 -2.19375e-03  2.43935e-04  1.67150e-01
 2.90000e+01  2.29268e-01 -5.42450e-05  5.67392e-03 -2.36600e-04 -2.18942e-03  2.72837e-04  1.69344e-01
 2.95000e+01  2.32872e-01 -3.39044e-04  5.67258e-03 -1.45592e-03 -2.17204e-03  3.01173e-04  1.71488e-01
 3.00000e+01  2.36370e-01 -6.02802e-04  5.67191e-03 -2.55025e-03 -2.14258e-03  3.28995e-04  1.73577e-01
 3.05000e+01  2.39763e-01 -8.45681e-04  5.67133e-03 -3.52716e-03 -2.10214e-03  3.56357e-04  1.75611e-01
 3.10000e+01  2.43050e-01 -1.06794e-03  5.67017e-03 -4.39391e-03 -2.05194e-03  3.83312e-04  1.77586e-01
 3.15000e+01  2.46235e-01 -1.26994e-03  5.66769e-03 -5.15744e-03 -1.99327e-03  4.09914e-04  1.79501e-01
 3.20000e+01  2.49317e-01 -1.45210e-03  5.66314e-03 -5.82432e-03 -1.92749e-03  4.36211e-04  1.81355e-01
 3.25000e+01  2.52300e-01 -1.61493e-03  5.65575e-03 -6.40082e-03 -1.85596e-03  4.62248e-04  1.83145e-01
 3.30000e+01  2.55186e-01 -1.75897e-03  5.64474e-03 -6.89288e-03 -1.78003e-03  4.88064e-04  1.84871e-01
 3.35000e+01  2.57977e-01 -1.88482e-03  5.62938e-03 -7.30615e-03 -1.70103e-03  5.13694e-04  1.86532e-01
 3.40000e+01  2.60676e-01 -1.99311e-03  5.60900e-03 -7.64595e-03 -1.62024e-03  5.39162e-04  1.88129e-01
 3.45000e+01  2.63285e-01 -2.08452e-03  5.58296e-03 -7.91734e-03 -1.53885e-03  5.64487e-04  1.89660e-01
 3.50000e+01  2.65808e-01 -2.15972e-03  5.55069e-03 -8.12510e-03 -1.45800e-03  5.89680e-04  1.91127e-01
 3.55000e+01  2.68248e-01 -2.21941e-03  5.51170e-03 -8.27373e-03 -1.37874e-03  6.14743e-04  1.92530e-01
 3.60000e+01  2.70605e-01 -2.26429e-03  5.46556e-03 -8.36749e-03 -1.30203e-03  6.39671e-04  1.93869e-01
 3.65000e+01  2.72884e-01 -2.29507e-03  5.41190e-03 -8.41042e-03 -1.22877e-03  6.64448e-04  1.95144e-01
 3.70000e+01  2.75087e-01 -2.31246e-03  5.35040e-03 -8.40629e-03 -1.15979e-03  6.89054e-04  1.96358e-01
 3.75000e+01  2.77214e-01 -2.31714e-03  5.28082e-03 -8.35867e-03 -1.09587e-03  7.13459e-04  1.97509e-01
 3.80000e+01  2.79269e-01 -2.30982e-03  5.20292e-03 -8.27094e-03 -1.03773e-03  7.37626e-04  1.98600e-01
 3.85000e+01  2.81253e-01 -2.29115e-03  5.11653e-03 -8.14623e-03 -9.86043e-04  7.61512e-04  1.99630e-01
 3.90000e+01  2.83166e-01 -2.26180e-03  5.02152e-03 -7.98753e-03 -9.41469e-04  7.85069e-04  2.00600e-01
 3.95000e+01  2.85010e-01 -2.22240e-03  4.91779e-03 -7.79762e-03 -9.04611e-04  8.08241e-04  2.01510e-01
 4.00000e+01  2.86786e-01 -2.17358e-03  4.80530e-03 -7.57909e-03 -8.76037e-04  8.30970e-04  2.02361e-01
 4.05000e+01  2.88493e-01 -2.11593e-03  4.68409e-03 -7.33440e-03 -8.56253e-04  8.53193e-04  2.03153e-01
 4.10000e+01  2.90132e-01 -2.05002e-03  4.55431e-03 -7.06582e-03 -8.45690e-04  8.74842e-04  2.03886e-01
 4.15000e+01  2.91702e-01 -1.97642e-03  4.41622e-03 -6.77548e-03 -8.44671e-04  8.95850e-04  2.04561e-01
 4.20000e+01  2.93201e-01 -1.89565e-03  4.27028e-03 -6.46536e-03 -8.53381e-04  9.16147e-04  2.05177e-01
 4.25000e+01  2.94630e-01 -1.80823e-03  4.11715e-03 -6.13730e-03 -8.71822e-04  9.35660e-04  2.05736e-01
 4.30000e+01  2.95985e-01 -1.71465e-03  3.95775e-03 -5.79303e-03 -8.99778e-04  9.54319e-04  2.06238e-01
 4.35000e+01  2.97266e-01 -1.61538e-03  3.79330e-03 -5.43414e-03 -9.36777e-04  9.72054e-04  2.06684e-01
 4.40000e+01  2.98469e-01 -1.51088e-03  3.62534e-03 -5.06211e-03 -9.82056e-04  9.88794e-04  2.07077e-01
 4.45000e+01  2.99592e-01 -1.40159e-03  3.45575e-03 -4.67833e-03 -1.03454e-03  1.00447e-03  2.07418e-01
 4.50000e+01  3.00633e-01 -1.28794e-03  3.28675e-03 -4.28408e-03 -1.09285e-03  1.01903e-03  2.07710e-01
 4.55000e+01  3.01587e-01 -1.17033e-03  3.12088e-03 -3.88057e-03 -1.15528e-03  1.03239e-03  2.07957e-01
 4.60000e+01  3.02453e-01 -1.04919e-03  2.96093e-03 -3.46892e-03 -1.21988e-03  1.04451e-03  2.08162e-01
 4.65000e+01  3.03226e-01 -9.24899e-04  2.80989e-03 -3.05020e-03 -1.28449e-03  1.05534e-03  2.08328e-01
 4.70000e+01  3.03904e-01 -7.97867e-04  2.67084e-03 -2.62540e-03 -1.34680e-03  1.06482e-03  2.08461e-01
 4.75000e+01  3.04483e-01 -6.68485e-04  2.54683e-03 -2.19548e-03 -1.40449e-03  1.07292e-03  2.08565e-01
 4.80000e+01  3.04961e-01 -5.37142e-04  2.44078e-03 -1.76135e-03 -1.45532e-03  1.07960e-03  2.08643e-01
 4.85000e+01  3.05335e-01 -4.04230e-04  2.35528e-03 -1.32389e-03 -1.49724e-03  1.08482e-03  2.08699e-01
 4.90000e+01  3.05604e-01 -2.70141e-04  2.29254e-03 -8.83959e-04 -1.52852e-03  1.08857e-03  2.08737e-01
 4.95000e+01  3.05766e-01 -1.35267e-04  2.25420e-03 -4.42388e-04 -1.54783e-03  1.09083e-03  2.08759e-01
 5.00000e+01  3.05820e-01 -8.89620e-16  2.24131e-03 -2.90897e-15 -1.55437e-03  1.09158e-03  2.08766e-01
 5.05000e+01  3.05766e-01  1.35267e-04  2.25420e-03  4.42388e-04 -1.54783e-03  1.09083e-03  2.08759e-01
 5.10000e+01  3.05604e-01  2.70141e-04  2.29254e-03  8.83959e-04 -1.52852e-03  1.08857e-03  2.08737e-01
 5.15000e+01  3.05335e-01  4.04230e-04  2.35528e-03  1.32389e-03 -1.49724e-03  1.08482e-03  2.08699e-01
 5.20000e+01  3.04961e-01  5.37142e-04  2.44078e-03  1.76135e-03 -1.45532e-03  1.07960e-03  2.08643e-01
 5.25000e+01  3.04483e-01  6.68485e-04  2.54683e-03  2.19548e-03 -1.40449e-03  1.07292e-03  2.08565e-01
 5.30000e+01  3.03904e-01  7.97867e-04  2.67084e-03  2.62540e-03 -1.34680e-03  1.06482e-03  2.08461e-01
 5.35000e+01  3.03226e-01  9.24899e-04  2.80989e-03  3.05020e-03 -1.28449e-03  1.05534e-03  2.08328e-01
 5.40000e+01  3.02453e-01  1.04919e-03  2.96093e-03  3.46892e-03 -1.21988e-03  1.04451e-03  2.08162e-01
 5.45000e+01  3.01587e-01  1.17033e-03  3.12088e-03  3.88057e-03 -1.15528e-03  1.03239e-03  2.07957e-01
 5.50000e+01  3.00633e-01  1.28794e-03  3.28675e-03  4.28408e-03 -1.09285e-03  1.01903e-03  2.07710e-01
 5.55000e+01  2.99592e-01  1.40159e-03  3.45575e-03  4.67833e-03 -1.03454e-03  1.00447e-03  2.07418e-01
 5.60000e+01  2.98469e-01  1.51088e-03  3.62534e-03  5.06211e-03 -9.82056e-04  9.88794e-04  2.07077e-01
 5.65000e+01  2.97266e-01  1.61538e-03  3.79330e-03  5.43414e-03 -9.36777e-04  9.72054e-04  2.06684e-01
 5.70000e+01  2.95985e-01  1.71465e-03  3.95775e-03  5.79303e-03 -8.99778e-04  9.54319e-04  2.06238e-01
 5.75000e+01  2.94630e-01  1.80823e-03  4.11715e-03  6.13730e-03 -8.71822e-04  9.35660e-04  2.05736e-01
 5.80000e+01  2.93201e-01  1.89565e-03  4.27028e-03  6.46536e-03 -8.53381e-04  9.16147e-04  2.05177e-01
 5.85000e+01  2.91702e-01  1.97642e-03  4.41622e-03  6.77548e-03 -8.44671e-04  8.95850e-04  2.04561e-01
 5.90000e+01  2.90132e-01  2.05002e-03  4.55431e-03  7.06582e-03 -8.45690e-04  8.74842e-04  2.03886e-01
 5.95000e+01  2.88493e-01  2.11593e-03  4.68409e-03  7.33440e-03 -8.56253e-04  8.53193e-04  2.03153e-01
 6.00000e+01  2.86786e-01  2.17358e-03  4.80530e-03  7.57909e-03 -8.76037e-04  8.30970e-04  2.02361e-01
 6.05000e+01  2.85010e-01  2.22240e-03  4.91779e-03  7.79762e-03 -9.04611e-04  8.08241e-04  2.01510e-01
 6.10000e+01  2.83166e-01  2.26180e-03  5.02152e-03  7.98753e-03 -9.41469e-04  7.85069e-04  2.00600e-01
 6.15000e+01  2.81253e-01  2.29115e-03  5.11653e-03  8.14623e-03 -9.86043e-04  7.61512e-04  1.99630e-01
 6.20000e+01  2.79269e-01  2.30982e-03  5.20292e-03  8.27094e-03 -1.03773e-03  7.37626e-04  1.98600e-01
 6.25000e+01  2.77214e-01  2.31714e-03  5.28082e-03  8.35867e-03 -1.09587e-03  7.13459e-04  1.97509e-01
 6.30000e+01  2.75087e-01  2.31246e-03  5.35040e-03  8.40629e-03 -1.15979e-03  6.89054e-04  1.96358e-01
 6.35000e+01  2.72884e-01  2.29507e-03  5.41190e-03  8.41042e-03 -1.22877e-03  6.64448e-04  1.95144e-01
 6.40000e+01  2.70605e-01  2.26429e-03  5.46556e-03  8.36749e-03 -1.30203e-03  6.39671e-04  1.93869e-01
 6.45000e+01  2.68248e-01  2.21941e-03  5.51170e-03  8.27373e-03 -1.37874e-03  6.14743e-04  1.92530e-01
 6.50000e+01  2.65808e-01  2.15972e-03  5.55069e-03  8.12510e-03 -1.45800e-03  5.89680e-04  1.91127e-01
 6.55000e+01  2.63285e-01  2.08452e-03  5.58296e-03  7.91734e-03 -1.53885e-03  5.64487e-04  1.89660e-01
 6.60000e+01  2.60676e-01  1.99311e-03  5.60900e-03  7.64595e-03 -1.62024e-03  5.39162e-04  1.88129e-01
 6.65000e+01  2.57977e-01  1.88482e-03  5.62938e-03  7.30615e-03 -1.70103e-03  5.13694e-04  1.86532e-01
 6.70000e+01  2.55186e-01  1.75897e-03  5.64474e-03  6.89288e-03 -1.78003e-03  4.88064e-04  1.84871e-01
 6.75000e+01  2.52300e-01  1.61493e-03  5.65575e-03  6.40082e-03 -1.85596e-03  4.62248e-04  1.83145e-01
 6.80000e+01  2.49317e-01  1.45210e-03  5.66314e-03  5.82432e-03 -1.92749e-03  4.36211e-04  1.81355e-01
 6.85000e+01  2.46235e-01  1.26994e-03  5.66769e-03  5.15744e-03 -1.99327e-03  4.09914e-04  1.79501e-01
 6.90000e+01  2.43050e-01  1.06794e-03  5.67017e-03  4.39391e-03 -2.05194e-03  3.83312e-04  1.77586e-01
 6.95000e+01  2.39763e-01  8.45681e-04  5.67133e-03  3.52716e-03 -2.10214e-03  3.56357e-04  1.75611e-01
 7.00000e+01  2.36370e-01  6.02802e-04  5.67191e-03  2.55025e-03 -2.14258e-03  3.28995e-04  1.73577e-01
 7.05000e+01  2.32872e-01  3.39044e-04  5.67258e-03  1.45592e-03 -2.17204e-03  3.01173e-04  1.71488e-01
 7.10000e+01  2.29268e-01  5.42450e-05  5.67392e-03  2.36600e-04 -2.18942e-03  2.72837e-04  1.69344e-01
 7.15000e+01  2.25560e-01 -2.51642e-04  5.67644e-03 -1.11564e-03 -2.19375e-03  2.43935e-04  1.67150e-01
 7.20000e+01  2.21747e-01 -5.78539e-04  5.68050e-03 -2.60900e-03 -2.18424e-03  2.14419e-04  1.64909e-01
 7.25000e+01  2.17833e-01 -9.26225e-04  5.68636e-03 -4.25199e-03 -2.16031e-03  1.84249e-04  1.62625e-01
 7.30000e+01  2.13821e-01 -1.29433e-03  5.69413e-03 -6.05335e-03 -2.12158e-03  1.53390e-04  1.60301e-01
 7.35000e+01  2.09715e-01 -1.68233e-03  5.70379e-03 -8.02198e-03 -2.06792e-03  1.21820e-04  1.57942e-01
 7.40000e+01  2.05520e-01 -2.08950e-03  5.71517e-03 -1.01669e-02 -1.99945e-03  8.95303e-05  1.55552e-01
 7.45000e+01  2.01243e-01 -2.51496e-03  5.72795e-03 -1.24971e-02 -1.91655e-03  5.65262e-05  1.53137e-01
 7.50000e+01  1.96891e-01 -2.95762e-03  5.74170e-03 -1.50216e-02 -1.81985e-03  2.28316e-05  1.50702e-01
 7.55000e+01  1.92475e-01 -3.41619e-03  5.75584e-03 -1.77488e-02 -1.71028e-03 -1.15098e-05  1.48253e-01
 7.60000e+01  1.88003e-01 -3.88918e-03  5.76970e-03 -2.06868e-02 -1.58899e-03 -4.64325e-05  1.45795e-01
 7.65000e+01  1.83488e-01 -4.37487e-03  5.78248e-03 -2.38429e-02 -1.45739e-03 -8.18472e-05  1.43335e-01
 7.70000e+01  1.78942e-01 -4.87134e-03  5.79332e-03 -2.72231e-02 -1.31711e-03 -1.17639e-04  1.40878e-01
 7.75000e+01  1.74379e-01 -5.37643e-03  5.80133e-03 -3.08319e-02 -1.16995e-03 -1.53668e-04  1.38432e-01
 7.80000e+01  1.69815e-01 -5.88779e-03  5.80561e-03 -3.46718e-02 -1.01785e-03 -1.89765e-04  1.36002e-01
 7.85000e+01  1.65267e-01 -6.40285e-03  5.80530e-03 -3.87425e-02 -8.62809e-04 -2.25736e-04  1.33596e-01
 7.90000e+01  1.60751e-01 -6.91880e-03  5.79965e-03 -4.30406e-02 -7.06863e-04 -2.61357e-04  1.31219e-01
 7.95000e+01  1.56286e-01 -7.43267e-03  5.78808e-03 -4.75581e-02 -5.51988e-04 -2.96379e-04  1.28881e-01
 8.00000e+01  1.51892e-01 -7.94129e-03  5.77015e-03 -5.22825e-02 -4.00063e-04 -3.30530e-04  1.26587e-01
 8.05000e+01  1.47589e-01 -8.44130e-03  5.74568e-03 -5.71948e-02 -2.52825e-04 -3.63511e-04  1.24346e-01
 8.10000e+01  1.43397e-01 -8.92921e-03  5.71468e-03 -6.22693e-02 -1.11841e-04 -3.95008e-04  1.22166e-01
 8.15000e+01  1.39337e-01 -9.40139e-03  5.67737e-03 -6.74723e-02  2.15040e-05 -4.24687e-04  1.20055e-01
 8.20000e+01  1.35431e-01 -9.85411e-03  5.63413e-03 -7.27609e-02  1.46005e-04 -4.52204e-04  1.18022e-01
 8.25000e+01  1.31701e-01 -1.02836e-02  5.58546e-03 -7.80828e-02  2.60617e-04 -4.77211e-04  1.16074e-01
 8.30000e+01  1.28167e-01 -1.06860e-02  5.53192e-03 -8.33757e-02  3.64436e-04 -4.99357e-04  1.14219e-01
 8.35000e+01  1.24850e-01 -1.10576e-02  5.47408e-03 -8.85672e-02  4.56673e-04 -5.18300e-04  1.12463e-01
 8.40000e+01  1.21769e-01 -1.13946e-02  5.41245e-03 -9.35757e-02  5.36628e-04 -5.33713e-04  1.10812e-01
 8.45000e+01  1.18944e-01 -1.16936e-02  5.34746e-03 -9.83118e-02  6.03672e-04 -5.45294e-04  1.09268e-01
 8.50000e+01  1.16390e-01 -1.19511e-02  5.27941e-03 -1.02681e-01  6.57237e-04 -5.52774e-04  1.07833e-01
 8.55000e+01  1.14124e-01 -1.21640e-02  5.20848e-03 -1.06586e-01  6.96810e-04 -5.55927e-04  1.06508e-01
 8.60000e+01  1.12156e-01 -1.23298e-02  5.13472e-03 -1.09934e-01  7.21939e-04 -5.54578e-04  1.05292e-01
 8.65000e+01  1.10496e-01 -1.24459e-02  5.05806e-03 -1.12636e-01  7.32245e-04 -5.48614e-04  1.04181e-01
 8.70000e+01  1.09150e-01 -1.25106e-02  4.97834e-03 -1.14618e-01  7.27439e-04 -5.37991e-04  1.03173e-01
 8.75000e+01  1.08119e-01 -1.25225e-02  4.89536e-03 -1.15821e-01  7.07347e-04 -5.22737e-04  1.02264e-01
 8.80000e+01  1.07402e-01 -1.24809e-02  4.80890e-03 -1.16207e-01  6.71933e-04 -5.02958e-04  1.01451e-01
 8.85000e+01  1.06992e-01 -1.23855e-02  4.71877e-03 -1.15761e-01  6.21327e-04 -4.78838e-04  1.00731e-01
 8.90000e+01  1.06878e-01 -1.22367e-02  4.62484e-03 -1.14492e-01  5.55845e-04 -4.50639e-04  1.00100e-01
 8.95000e+01  1.07046e-01 -1.20354e-02  4.52708e-03 -1.12432e-01  4.76012e-04 -4.18693e-04  9.95581e-02
 9.00000e+01  1.07477e-01 -1.17830e-02  4.42558e-03 -1.09633e-01  3.82572e-04 -3.83397e-04  9.91026e-02
 9.05000e+01  1.08148e-01 -1.14813e-02  4.32056e-03 -1.06162e-01  2.76497e-04 -3.45203e-04  9.87324e-02
 9.10000e+01  1.09035e-01 -1.11325e-02  4.21239e-03 -1.02100e-01  1.58981e-04 -3.04609e-04  9.84458e-02
 9.15000e+01  1.10110e-01 -1.07393e-02  4.10159e-03 -9.75323e-02  3.14400e-05 -2.62145e-04  9.82401e-02
 9.20000e+01  1.11343e-01 -1.03044e-02  3.98882e-03 -9.25457e-02 -1.04513e-04 -2.18364e-04  9.81120e-02
 9.25000e+01  1.12704e-01 -9.83062e-03  3.87486e-03 -8.72251e-02 -2.47083e-04 -1.73832e-04  9.80566e-02
 9.30000e+01  1.14160e-01 -9.32114e-03  3.76063e-03 -8.16495e-02 -3.94323e-04 -1.29113e-04  9.80680e-02
 9.35000e+01  1.15681e-01 -8.77896e-03  3.64713e-03 -7.58896e-02 -5.44166e-04 -8.47661e-05  9.81388e-02
 9.40000e+01  1.17234e-01 -8.20715e-03  3.53545e-03 -7.00068e-02 -6.94458e-04 -4.13321e-05  9.82606e-02
 9.45000e+01  1.18788e-01 -7.60867e-03  3.42677e-03 -6.40523e-02 -8.43002e-04  6.69474e-07  9.84241e-02
 9.50000e+01  1.20316e-01 -6.98643e-03  3.32227e-03 -5.80675e-02 -9.87595e-04  4.07478e-05  9.86191e-02
 9.55000e+01  1.21788e-01 -6.34319e-03  3.22316e-03 -5.20840e-02 -1.12607e-03  7.84446e-05  9.88354e-02
 9.60000e+01  1.23178e-01 -5.68159e-03  3.13063e-03 -4.61249e-02 -1.25632e-03  1.13338e-04  9.90625e-02
 9.65000e+01  1.24464e-01 -5.00413e-03  3.04586e-03 -4.02055e-02 -1.37639e-03  1.45046e-04  9.92905e-02
 9.70000e+01  1.25623e-01 -4.31316e-03  2.96992e-03 -3.43342e-02 -1.48443e-03  1.73226e-04  9.95096e-02
 9.75000e+01  1.26636e-01 -3.61090e-03  2.90382e-03 -2.85139e-02 -1.57880e-03  1.97582e-04  9.97111e-02
 9.80000e+01  1.27488e-01 -2.89944e-03  2.84845e-03 -2.27429e-02 -1.65806e-03  2.17857e-04  9.98872e-02
 9.85000e+01  1.28164e-01 -2.18077e-03  2.80457e-03 -1.70154e-02 -1.72099e-03  2.33845e-04  1.00031e-01
 9.90000e+01  1.28655e-01 -1.45676e-03  2.77278e-03 -1.13230e-02 -1.76664e-03  2.45382e-04  1.00138e-01
 9.95000e+01  1.28953e-01 -7.29254e-04  2.75352e-03 -5.65520e-03 -1.79431e-03  2.52350e-04  1.00204e-01
