 0.00000e+00  9.92975e-01  4.45755e-15  1.48248e+00  4.48908e-15  9.88320e-01  9.95312e-01
 1.00000e-01  9.92975e-01 -6.69494e-05  1.48248e+00 -6.74231e-05  9.88320e-01  9.95312e-01
 2.00000e-01  9.92976e-01 -1.33897e-04  1.48248e+00 -1.34844e-04  9.88321e-01  9.95312e-01
 3.00000e-01  9.92977e-01 -2.00839e-04  1.48248e+00 -2.02260e-04  9.88323e-01  9.95313e-01
 4.00000e-01  9.92979e-01 -2.67776e-04  1.48249e+00 -2.69669e-04  9.88326e-01  9.95314e-01
 5.00000e-01  9.92981e-01 -3.34703e-04  1.48249e+00 -3.37069e-04  9.88329e-01  9.95315e-01
 6.00000e-01  9.92983e-01 -4.01619e-04  1.48250e+00 -4.04457e-04  9.88333e-01  9.95317e-01
 7.00000e-01  9.92986e-01 -4.68522e-04  1.48251e+00 -4.71832e-04  9.88337e-01  9.95319e-01
 8.00000e-01  9.92989e-01 -5.35410e-04  1.48251e+00 -5.39190e-04  9.88343e-01  9.95321e-01
 9.00000e-01  9.92993e-01 -6.02279e-04  1.48252e+00 -6.06529e-04  9.88349e-01  9.95323e-01
 1.00000e+00  9.92997e-01 -6.69129e-04  1.48253e+00 -6.73848e-04  9.88356e-01  9.95326e-01
 1.10000e+00  9.93001e-01 -7.35956e-04  1.48254e+00 -7.41143e-04  9.88363e-01  9.95329e-01
 1.20000e+00  9.93006e-01 -8.02760e-04  1.48256e+00 -8.08413e-04  9.88371e-01  9.95332e-01
 1.30000e+00  9.93012e-01 -8.69536e-04  1.48257e+00 -8.75655e-04  9.88380e-01  9.95336e-01
 1.40000e+00  9.93017e-01 -9.36283e-04  1.48258e+00 -9.42867e-04  9.88390e-01  9.95340e-01
 1.50000e+00  9.93024e-01 -1.00300e-03  1.48260e+00 -1.01005e-03  9.88400e-01  9.95344e-01
 1.60000e+00  9.93030e-01 -1.06968e-03  1.48262e+00 -1.07719e-03  9.88411e-01  9.95349e-01
 1.70000e+00  9.93037e-01 -1.13633e-03  1.48263e+00 -1.14430e-03  9.88423e-01  9.95353e-01
 1.80000e+00  9.93045e-01 -1.20294e-03  1.48265e+00 -1.21136e-03  9.88436e-01  9.95358e-01
 1.90000e+00  9.93053e-01 -1.26951e-03  1.48267e+00 -1.27839e-03  9.88449e-01  9.95364e-01
 2.00000e+00  9.93061e-01 -1.33603e-03  1.48269e+00 -1.34537e-03  9.88463e-01  9.95369e-01
 2.10000e+00  9.93070e-01 -1.40252e-03  1.48272e+00 -1.41230e-03  9.88477e-01  9.95375e-01
 2.20000e+00  9.93079e-01 -1.46895e-03  1.48274e+00 -1.47919e-03  9.88492e-01  9.95381e-01
 2.30000e+00  9.93089e-01 -1.53534e-03  1.48276e+00 -1.54602e-03  9.88508e-01  9.95388e-01
 2.40000e+00  9.93099e-01 -1.60167e-03  1.48279e+00 -1.61280e-03  9.88525e-01  9.95394e-01
 2.50000e+00  9.93109e-01 -1.66795e-03  1.48281e+00 -1.67952e-03  9.88542e-01  9.95401e-01
 2.60000e+00  9.93120e-01 -1.73417e-03  1.48284e+00 -1.74618e-03  9.88560e-01  9.95409e-01
 2.70000e+00  9.93132e-01 -1.80034e-03  1.48287e+00 -1.81279e-03  9.88579e-01  9.95416e-01
 2.80000e+00  9.93143e-01 -1.86644e-03  1.48290e+00 -1.87932e-03  9.88599e-01  9.95424e-01
 2.90000e+00  9.93155e-01 -1.93248e-03  1.48293e+00 -1.94580e-03  9.88619e-01  9.95432e-01
 3.00000e+00  9.93168e-01 -1.99845e-03  1.48296e+00 -2.01220e-03  9.88640e-01  9.95440e-01
 3.10000e+00  9.93181e-01 -2.06436e-03  1.48299e+00 -2.07853e-03  9.88661e-01  9.95449e-01
 3.20000e+00  9.93194e-01 -2.13019e-03  1.48302e+00 -2.14479e-03  9.88683e-01  9.95458e-01
 3.30000e+00  9.93208e-01 -2.19595e-03  1.48306e+00 -2.21097e-03  9.88706e-01  9.95467e-01
 3.40000e+00  9.93222e-01 -2.26164e-03  1.48309e+00 -2.27707e-03  9.88729e-01  9.95477e-01
 3.50000e+00  9.93237e-01 -2.32725e-03  1.48313e+00 -2.34310e-03  9.88754e-01  9.95486e-01
 3.60000e+00  9.93252e-01 -2.39278e-03  1.48317e+00 -2.40903e-03  9.88778e-01  9.95496e-01
 3.70000e+00  9.93267e-01 -2.45822e-03  1.48321e+00 -2.47489e-03  9.88804e-01  9.95507e-01
 3.80000e+00  9.93283e-01 -2.52358e-03  1.48325e+00 -2.54065e-03  9.88830e-01  9.95517e-01
 3.90000e+00  9.93299e-01 -2.58886e-03  1.48329e+00 -2.60632e-03  9.88857e-01  9.95528e-01
 4.00000e+00  9.93316e-01 -2.65404e-03  1.48333e+00 -2.67190e-03  9.88884e-01  9.95539e-01
 4.10000e+00  9.93332e-01 -2.71913e-03  1.48337e+00 -2.73738e-03  9.88912e-01  9.95550e-01
 4.20000e+00  9.93350e-01 -2.78412e-03  1.48341e+00 -2.80276e-03  9.88941e-01  9.95562e-01
 4.30000e+00  9.93368e-01 -2.84902e-03  1.48346e+00 -2.86804e-03  9.88971e-01  9.95574e-01
 4.40000e+00  9.93386e-01 -2.91382e-03  1.48350e+00 -2.93322e-03  9.89001e-01  9.95586e-01
 4.50000e+00  9.93404e-01 -2.97851e-03  1.48355e+00 -2.99829e-03  9.89031e-01  9.95598e-01
 4.60000e+00  9.93423e-01 -3.04310e-03  1.48359e+00 -3.06324e-03  9.89063e-01  9.95611e-01
 4.70000e+00  9.93442e-01 -3.10758e-03  1.48364e+00 -3.12809e-03  9.89095e-01  9.95624e-01
 4.80000e+00  9.93462e-01 -3.17195e-03  1.48369e+00 -3.19282e-03  9.89127e-01  9.95637e-01
 4.90000e+00  9.93482e-01 -3.23620e-03  1.48374e+00 -3.25744e-03  9.89160e-01  9.95650e-01
 5.00000e+00  9.93502e-01 -3.30034e-03  1.48379e+00 -3.32193e-03  9.89194e-01  9.95664e-01
 5.10000e+00  9.93523e-01 -3.36437e-03  1.48384e+00 -3.38630e-03  9.89229e-01  9.95678e-01
 5.20000e+00  9.93544e-01 -3.42827e-03  1.48390e+00 -3.45054e-03  9.89264e-01  9.95692e-01
 5.30000e+00  9.93566e-01 -3.49204e-03  1.48395e+00 -3.51466e-03  9.89299e-01  9.95706e-01
 5.40000e+00  9.93587e-01 -3.55570e-03  1.48400e+00 -3.57864e-03  9.89335e-01  9.95721e-01
 5.50000e+00  9.93610e-01 -3.61922e-03  1.48406e+00 -3.64249e-03  9.89372e-01  9.95735e-01
 5.60000e+00  9.93632e-01 -3.68261e-03  1.48411e+00 -3.70621e-03  9.89410e-01  9.95750e-01
 5.70000e+00  9.93655e-01 -3.74586e-03  1.48417e+00 -3.76978e-03  9.89448e-01  9.95766e-01
 5.80000e+00  9.93678e-01 -3.80898e-03  1.48423e+00 -3.83321e-03  9.89486e-01  9.95781e-01
 5.90000e+00  9.93702e-01 -3.87196e-03  1.48429e+00 -3.89650e-03  9.89526e-01  9.95797e-01
 6.00000e+00  9.93726e-01 -3.93479e-03  1.48435e+00 -3.95964e-03  9.89565e-01  9.95813e-01
 6.10000e+00  9.93750e-01 -3.99748e-03  1.48441e+00 -4.02263e-03  9.89606e-01  9.95829e-01
 6.20000e+00  9.93775e-01 -4.06003e-03  1.48447e+00 -4.08546e-03  9.89647e-01  9.95846e-01
 6.30000e+00  9.93800e-01 -4.12242e-03  1.48453e+00 -4.14814e-03  9.89688e-01  9.95862e-01
 6.40000e+00  9.93825e-01 -4.18465e-03  1.48460e+00 -4.21065e-03  9.89730e-01  9.95879e-01
 6.50000e+00  9.93851e-01 -4.24674e-03  1.48466e+00 -4.27301e-03  9.89773e-01  9.95897e-01
 6.60000e+00  9.93877e-01 -4.30866e-03  1.48472e+00 -4.33520e-03  9.89816e-01  9.95914e-01
 6.70000e+00  9.93903e-01 -4.37042e-03  1.48479e+00 -4.39722e-03  9.89859e-01  9.95931e-01
 6.80000e+00  9.93930e-01 -4.43201e-03  1.48486e+00 -4.45908e-03  9.89904e-01  9.95949e-01
 6.90000e+00  9.93957e-01 -4.49343e-03  1.48492e+00 -4.52076e-03  9.89948e-01  9.95967e-01
 7.00000e+00  9.93984e-01 -4.55469e-03  1.48499e+00 -4.58226e-03  9.89994e-01  9.95985e-01
 7.10000e+00  9.94012e-01 -4.61577e-03  1.48506e+00 -4.64358e-03  9.90039e-01  9.96004e-01
 7.20000e+00  9.94039e-01 -4.67668e-03  1.48513e+00 -4.70472e-03  9.90086e-01  9.96023e-01
 7.30000e+00  9.94068e-01 -4.73740e-03  1.48520e+00 -4.76567e-03  9.90133e-01  9.96041e-01
 7.40000e+00  9.94096e-01 -4.79794e-03  1.48527e+00 -4.82644e-03  9.90180e-01  9.96060e-01
 7.50000e+00  9.94125e-01 -4.85830e-03  1.48534e+00 -4.88701e-03  9.90228e-01  9.96080e-01
 7.60000e+00  9.94154e-01 -4.91847e-03  1.48541e+00 -4.94739e-03  9.90276e-01  9.96099e-01
 7.70000e+00  9.94184e-01 -4.97845e-03  1.48549e+00 -5.00758e-03  9.90325e-01  9.96119e-01
 7.80000e+00  9.94213e-01 -5.03824e-03  1.48556e+00 -5.06756e-03  9.90374e-01  9.96139e-01
 7.90000e+00  9.94243e-01 -5.09782e-03  1.48564e+00 -5.12734e-03  9.90424e-01  9.96159e-01
 8.00000e+00  9.94274e-01 -5.15721e-03  1.48571e+00 -5.18692e-03  9.90474e-01  9.96179e-01
 8.10000e+00  9.94304e-01 -5.21640e-03  1.48579e+00 -5.24628e-03  9.90525e-01  9.96199e-01
 8.20000e+00  9.94335e-01 -5.27538e-03  1.48586e+00 -5.30543e-03  9.90576e-01  9.96220e-01
 8.30000e+00  9.94366e-01 -5.33415e-03  1.48594e+00 -5.36437e-03  9.90628e-01  9.96241e-01
 8.40000e+00  9.94398e-01 -5.39271e-03  1.48602e+00 -5.42309e-03  9.90680e-01  9.96262e-01
 8.50000e+00  9.94429e-01 -5.45105e-03  1.48610e+00 -5.48159e-03  9.90733e-01  9.96283e-01
 8.60000e+00  9.94461e-01 -5.50918e-03  1.48618e+00 -5.53987e-03  9.90786e-01  9.96304e-01
 8.70000e+00  9.94493e-01 -5.56709e-03  1.48626e+00 -5.59792e-03  9.90839e-01  9.96326e-01
 8.80000e+00  9.94526e-01 -5.62477e-03  1.48634e+00 -5.65573e-03  9.90893e-01  9.96347e-01
 8.90000e+00  9.94558e-01 -5.68223e-03  1.48642e+00 -5.71332e-03  9.90947e-01  9.96369e-01
 9.00000e+00  9.94591e-01 -5.73946e-03  1.48650e+00 -5.77067e-03  9.91002e-01  9.96391e-01
 9.10000e+00  9.94625e-01 -5.79645e-03  1.48659e+00 -5.82778e-03  9.91057e-01  9.96413e-01
 9.20000e+00  9.94658e-01 -5.85321e-03  1.48667e+00 -5.88465e-03  9.91113e-01  9.96436e-01
 9.30000e+00  9.94692e-01 -5.90974e-03  1.48675e+00 -5.94127e-03  9.91169e-01  9.96458e-01
 9.40000e+00  9.94726e-01 -5.96602e-03  1.48684e+00 -5.99765e-03  9.91225e-01  9.96481e-01
 9.50000e+00  9.94760e-01 -6.02205e-03  1.48692e+00 -6.05378e-03  9.91282e-01  9.96504e-01
 9.60000e+00  9.94794e-01 -6.07784e-03  1.48701e+00 -6.10965e-03  9.91339e-01  9.96527e-01
 9.70000e+00  9.94829e-01 -6.13338e-03  1.48709e+00 -6.16526e-03  9.91397e-01  9.96550e-01
 9.80000e+00  9.94864e-01 -6.18867e-03  1.48718e+00 -6.22062e-03  9.91455e-01  9.96573e-01
 9.90000e+00  9.94899e-01 -6.24370e-03  1.48727e+00 -6.27571e-03  9.91513e-01  9.96596e-01
 1.00000e+01  9.94934e-01 -6.29847e-03  1.48736e+00 -6.33054e-03  9.91571e-01  9.96620e-01
 1.01000e+01  9.94970e-01 -6.35298e-03  1.48745e+00 -6.38510e-03  9.91630e-01  9.96644e-01
 1.02000e+01  9.95006e-01 -6.40723e-03  1.48753e+00 -6.43939e-03  9.91690e-01  9.96668e-01
 1.03000e+01  9.95041e-01 -6.46120e-03  1.48762e+00 -6.49340e-03  9.91750e-01  9.96692e-01
 1.04000e+01  9.95078e-01 -6.51491e-03  1.48771e+00 -6.54714e-03  9.91810e-01  9.96716e-01
 1.05000e+01  9.95114e-01 -6.56834e-03  1.48780e+00 -6.60059e-03  9.91870e-01  9.96740e-01
 1.06000e+01  9.95150e-01 -6.62150e-03  1.48790e+00 -6.65377e-03  9.91931e-01  9.96764e-01
 1.07000e+01  9.95187e-01 -6.67437e-03  1.48799e+00 -6.70665e-03  9.91992e-01  9.96789e-01
 1.08000e+01  9.95224e-01 -6.72697e-03  1.48808e+00 -6.75925e-03  9.92053e-01  9.96814e-01
 1.09000e+01  9.95261e-01 -6.77928e-03  1.48817e+00 -6.81156e-03  9.92115e-01  9.96838e-01
 1.10000e+01  9.95299e-01 -6.83130e-03  1.48826e+00 -6.86357e-03  9.92177e-01  9.96863e-01
 1.11000e+01  9.95336e-01 -6.88303e-03  1.48836e+00 -6.91528e-03  9.92239e-01  9.96888e-01
 1.12000e+01  9.95374e-01 -6.93447e-03  1.48845e+00 -6.96670e-03  9.92301e-01  9.96913e-01
 1.13000e+01  9.95411e-01 -6.98561e-03  1.48855e+00 -7.01781e-03  9.92364e-01  9.96939e-01
 1.14000e+01  9.95449e-01 -7.03645e-03  1.48864e+00 -7.06862e-03  9.92427e-01  9.96964e-01
 1.15000e+01  9.95488e-01 -7.08699e-03  1.48874e+00 -7.11911e-03  9.92491e-01  9.96990e-01
 1.16000e+01  9.95526e-01 -7.13722e-03  1.48883e+00 -7.16930e-03  9.92554e-01  9.97015e-01
 1.17000e+01  9.95564e-01 -7.18715e-03  1.48893e+00 -7.21917e-03  9.92618e-01  9.97041e-01
 1.18000e+01  9.95603e-01 -7.23676e-03  1.48902e+00 -7.26872e-03  9.92682e-01  9.97067e-01
 1.19000e+01  9.95642e-01 -7.28607e-03  1.48912e+00 -7.31796e-03  9.92747e-01  9.97092e-01
 1.20000e+01  9.95681e-01 -7.33505e-03  1.48922e+00 -7.36687e-03  9.92811e-01  9.97118e-01
 1.21000e+01  9.95720e-01 -7.38372e-03  1.48931e+00 -7.41546e-03  9.92876e-01  9.97144e-01
 1.22000e+01  9.95759e-01 -7.43207e-03  1.48941e+00 -7.46372e-03  9.92941e-01  9.97171e-01
 1.23000e+01  9.95798e-01 -7.48009e-03  1.48951e+00 -7.51165e-03  9.93007e-01  9.97197e-01
 1.24000e+01  9.95838e-01 -7.52778e-03  1.48961e+00 -7.55925e-03  9.93072e-01  9.97223e-01
 1.25000e+01  9.95877e-01 -7.57515e-03  1.48971e+00 -7.60651e-03  9.93138e-01  9.97250e-01
 1.26000e+01  9.95917e-01 -7.62218e-03  1.48981e+00 -7.65343e-03  9.93204e-01  9.97276e-01
 1.27000e+01  9.95957e-01 -7.66888e-03  1.48991e+00 -7.70002e-03  9.93270e-01  9.97303e-01
 1.28000e+01  9.95997e-01 -7.71525e-03  1.49001e+00 -7.74626e-03  9.93337e-01  9.97329e-01
 1.29000e+01  9.96037e-01 -7.76127e-03  1.49011e+00 -7.79215e-03  9.93403e-01  9.97356e-01
 1.30000e+01  9.96077e-01 -7.80695e-03  1.49021e+00 -7.83770e-03  9.93470e-01  9.97383e-01
 1.31000e+01  9.96117e-01 -7.85229e-03  1.49031e+00 -7.88290e-03  9.93537e-01  9.97410e-01
 1.32000e+01  9.96158e-01 -7.89728e-03  1.49041e+00 -7.92774e-03  9.93604e-01  9.97437e-01
 1.33000e+01  9.96198e-01 -7.94192e-03  1.49051e+00 -7.97223e-03  9.93672e-01  9.97464e-01
 1.34000e+01  9.96239e-01 -7.98621e-03  1.49061e+00 -8.01636e-03  9.93739e-01  9.97491e-01
 1.35000e+01  9.96279e-01 -8.03014e-03  1.49071e+00 -8.06013e-03  9.93807e-01  9.97518e-01
 1.36000e+01  9.96320e-01 -8.07372e-03  1.49081e+00 -8.10354e-03  9.93875e-01  9.97545e-01
 1.37000e+01  9.96361e-01 -8.11693e-03  1.49091e+00 -8.14658e-03  9.93943e-01  9.97573e-01
 1.38000e+01  9.96402e-01 -8.15979e-03  1.49102e+00 -8.18926e-03  9.94011e-01  9.97600e-01
 1.39000e+01  9.96443e-01 -8.20228e-03  1.49112e+00 -8.23156e-03  9.94079e-01  9.97627e-01
 1.40000e+01  9.96484e-01 -8.24441e-03  1.49122e+00 -8.27350e-03  9.94147e-01  9.97655e-01
 1.41000e+01  9.96525e-01 -8.28617e-03  1.49132e+00 -8.31506e-03  9.94216e-01  9.97682e-01
 1.42000e+01  9.96566e-01 -8.32755e-03  1.49143e+00 -8.35625e-03  9.94284e-01  9.97710e-01
 1.43000e+01  9.96608e-01 -8.36857e-03  1.49153e+00 -8.39705e-03  9.94353e-01  9.97738e-01
 1.44000e+01  9.96649e-01 -8.40921e-03  1.49163e+00 -8.43748e-03  9.94422e-01  9.97765e-01
 1.45000e+01  9.96691e-01 -8.44947e-03  1.49174e+00 -8.47753e-03  9.94491e-01  9.97793e-01
 1.46000e+01  9.96732e-01 -8.48935e-03  1.49184e+00 -8.51719e-03  9.94560e-01  9.97821e-01
 1.47000e+01  9.96774e-01 -8.52886e-03  1.49194e+00 -8.55646e-03  9.94629e-01  9.97848e-01
 1.48000e+01  9.96815e-01 -8.56798e-03  1.49205e+00 -8.59535e-03  9.94698e-01  9.97876e-01
 1.49000e+01  9.96857e-01 -8.60671e-03  1.49215e+00 -8.63385e-03  9.94767e-01  9.97904e-01
 1.50000e+01  9.96899e-01 -8.64506e-03  1.49226e+00 -8.67195e-03  9.94837e-01  9.97932e-01
 1.51000e+01  9.96940e-01 -8.68302e-03  1.49236e+00 -8.70966e-03  9.94906e-01  9.97960e-01
 1.52000e+01  9.96982e-01 -8.72058e-03  1.49246e+00 -8.74698e-03  9.94976e-01  9.97987e-01
 1.53000e+01  9.97024e-01 -8.75776e-03  1.49257e+00 -8.78390e-03  9.95045e-01  9.98015e-01
 1.54000e+01  9.97066e-01 -8.79453e-03  1.49267e+00 -8.82041e-03  9.95115e-01  9.98043e-01
 1.55000e+01  9.97108e-01 -8.83092e-03  1.49278e+00 -8.85653e-03  9.95185e-01  9.98071e-01
 1.56000e+01  9.97150e-01 -8.86690e-03  1.49288e+00 -8.89225e-03  9.95254e-01  9.98099e-01
 1.57000e+01  9.97192e-01 -8.90248e-03  1.49299e+00 -8.92756e-03  9.95324e-01  9.98127e-01
 1.58000e+01  9.97234e-01 -8.93767e-03  1.49309e+00 -8.96246e-03  9.95394e-01  9.98155e-01
 1.59000e+01  9.97276e-01 -8.97244e-03  1.49320e+00 -8.99695e-03  9.95464e-01  9.98183e-01
 1.60000e+01  9.97318e-01 -9.00682e-03  1.49330e+00 -9.03104e-03  9.95534e-01  9.98211e-01
 1.61000e+01  9.97360e-01 -9.04078e-03  1.49341e+00 -9.06472e-03  9.95604e-01  9.98239e-01
 1.62000e+01  9.97402e-01 -9.07434e-03  1.49351e+00 -9.09798e-03  9.95674e-01  9.98267e-01
 1.63000e+01  9.97444e-01 -9.10749e-03  1.49362e+00 -9.13083e-03  9.95744e-01  9.98295e-01
 1.64000e+01  9.97486e-01 -9.14022e-03  1.49372e+00 -9.16326e-03  9.95813e-01  9.98324e-01
 1.65000e+01  9.97528e-01 -9.17254e-03  1.49383e+00 -9.19528e-03  9.95883e-01  9.98352e-01
 1.66000e+01  9.97570e-01 -9.20445e-03  1.49393e+00 -9.22687e-03  9.95953e-01  9.98380e-01
 1.67000e+01  9.97612e-01 -9.23594e-03  1.49404e+00 -9.25805e-03  9.96023e-01  9.98408e-01
 1.68000e+01  9.97654e-01 -9.26702e-03  1.49414e+00 -9.28881e-03  9.96093e-01  9.98436e-01
 1.69000e+01  9.97696e-01 -9.29767e-03  1.49424e+00 -9.31915e-03  9.96163e-01  9.98464e-01
 1.70000e+01  9.97738e-01 -9.32791e-03  1.49435e+00 -9.34906e-03  9.96233e-01  9.98492e-01
 1.71000e+01  9.97780e-01 -9.35772e-03  1.49445e+00 -9.37855e-03  9.96303e-01  9.98520e-01
 1.72000e+01  9.97822e-01 -9.38712e-03  1.49456e+00 -9.40761e-03  9.96373e-01  9.98548e-01
 1.73000e+01  9.97864e-01 -9.41608e-03  1.49466e+00 -9.43624e-03  9.96443e-01  9.98576e-01
 1.74000e+01  9.97906e-01 -9.44463e-03  1.49477e+00 -9.46445e-03  9.96513e-01  9.98604e-01
 1.75000e+01  9.97948e-01 -9.47274e-03  1.49487e+00 -9.49223e-03  9.96582e-01  9.98632e-01
 1.76000e+01  9.97990e-01 -9.50043e-03  1.49498e+00 -9.51957e-03  9.96652e-01  9.98660e-01
 1.77000e+01  9.98032e-01 -9.52770e-03  1.49508e+00 -9.54649e-03  9.96722e-01  9.98688e-01
 1.78000e+01  9.98073e-01 -9.55453e-03  1.49519e+00 -9.57297e-03  9.96792e-01  9.98716e-01
 1.79000e+01  9.98115e-01 -9.58093e-03  1.49529e+00 -9.59902e-03  9.96861e-01  9.98744e-01
 1.80000e+01  9.98157e-01 -9.60690e-03  1.49540e+00 -9.62464e-03  9.96931e-01  9.98772e-01
 1.81000e+01  9.98199e-01 -9.63244e-03  1.49550e+00 -9.64982e-03  9.97000e-01  9.98799e-01
 1.82000e+01  9.98240e-01 -9.65755e-03  1.49560e+00 -9.67457e-03  9.97070e-01  9.98827e-01
 1.83000e+01  9.98282e-01 -9.68222e-03  1.49571e+00 -9.69888e-03  9.97139e-01  9.98855e-01
 1.84000e+01  9.98324e-01 -9.70645e-03  1.49581e+00 -9.72275e-03  9.97208e-01  9.98883e-01
 1.85000e+01  9.98365e-01 -9.73025e-03  1.49592e+00 -9.74619e-03  9.97278e-01  9.98911e-01
 1.86000e+01  9.98407e-01 -9.75362e-03  1.49602e+00 -9.76918e-03  9.97347e-01  9.98938e-01
 1.87000e+01  9.98448e-01 -9.77655e-03  1.49612e+00 -9.79174e-03  9.97416e-01  9.98966e-01
 1.88000e+01  9.98490e-01 -9.79903e-03  1.49623e+00 -9.81386e-03  9.97485e-01  9.98994e-01
 1.89000e+01  9.98531e-01 -9.82109e-03  1.49633e+00 -9.83553e-03  9.97554e-01  9.99021e-01
 1.90000e+01  9.98572e-01 -9.84270e-03  1.49643e+00 -9.85677e-03  9.97622e-01  9.99049e-01
 1.91000e+01  9.98614e-01 -9.86387e-03  1.49654e+00 -9.87756e-03  9.97691e-01  9.99076e-01
 1.92000e+01  9.98655e-01 -9.88460e-03  1.49664e+00 -9.89792e-03  9.97760e-01  9.99104e-01
 1.93000e+01  9.98696e-01 -9.90489e-03  1.49674e+00 -9.91783e-03  9.97828e-01  9.99131e-01
 1.94000e+01  9.98737e-01 -9.92474e-03  1.49684e+00 -9.93729e-03  9.97897e-01  9.99159e-01
 1.95000e+01  9.98778e-01 -9.94415e-03  1.49695e+00 -9.95632e-03  9.97965e-01  9.99186e-01
 1.96000e+01  9.98819e-01 -9.96312e-03  1.49705e+00 -9.97490e-03  9.98033e-01  9.99213e-01
 1.97000e+01  9.98860e-01 -9.98164e-03  1.49715e+00 -9.99303e-03  9.98101e-01  9.99240e-01
 1.98000e+01  9.98901e-01 -9.99972e-03  1.49725e+00 -1.00107e-02  9.98169e-01  9.99268e-01
 1.99000e+01  9.98941e-01 -1.00174e-02  1.49736e+00 -1.00280e-02  9.98237e-01  9.99295e-01
 2.00000e+01  9.98982e-01 -1.00346e-02  1.49746e+00 -1.00448e-02  9.98305e-01  9.99322e-01
 2.01000e+01  9.99023e-01 -1.00513e-02  1.49756e+00 -1.00611e-02  9.98372e-01  9.99349e-01
 2.02000e+01  9.99063e-01 -1.00676e-02  1.49766e+00 -1.00771e-02  9.98440e-01  9.99376e-01
 2.03000e+01  9.99103e-01 -1.00835e-02  1.49776e+00 -1.00925e-02  9.98507e-01  9.99403e-01
 2.04000e+01  9.99144e-01 -1.00989e-02  1.49786e+00 -1.01075e-02  9.98574e-01  9.99430e-01
 2.05000e+01  9.99184e-01 -1.01139e-02  1.49796e+00 -1.01221e-02  9.98641e-01  9.99457e-01
 2.06000e+01  9.99224e-01 -1.01284e-02  1.49806e+00 -1.01363e-02  9.98708e-01  9.99484e-01
 2.07000e+01  9.99264e-01 -1.01425e-02  1.49816e+00 -1.01499e-02  9.98775e-01  9.99510e-01
 2.08000e+01  9.99304e-01 -1.01561e-02  1.49826e+00 -1.01632e-02  9.98842e-01  9.99537e-01
 2.09000e+01  9.99344e-01 -1.01693e-02  1.49836e+00 -1.01760e-02  9.98908e-01  9.99564e-01
 2.10000e+01  9.99384e-01 -1.01821e-02  1.49846e+00 -1.01883e-02  9.98974e-01  9.99590e-01
 2.11000e+01  9.99424e-01 -1.01944e-02  1.49856e+00 -1.02002e-02  9.99041e-01  9.99617e-01
 2.12000e+01  9.99463e-01 -1.02062e-02  1.49866e+00 -1.02117e-02  9.99107e-01  9.99643e-01
 2.13000e+01  9.99503e-01 -1.02176e-02  1.49876e+00 -1.02227e-02  9.99172e-01  9.99669e-01
 2.14000e+01  9.99542e-01 -1.02286e-02  1.49886e+00 -1.02333e-02  9.99238e-01  9.99696e-01
 2.15000e+01  9.99582e-01 -1.02391e-02  1.49896e+00 -1.02434e-02  9.99304e-01  9.99722e-01
 2.16000e+01  9.99621e-01 -1.02492e-02  1.49905e+00 -1.02531e-02  9.99369e-01  9.99748e-01
 2.17000e+01  9.99660e-01 -1.02589e-02  1.49915e+00 -1.02623e-02  9.99434e-01  9.99774e-01
 2.18000e+01  9.99699e-01 -1.02681e-02  1.49925e+00 -1.02711e-02  9.99499e-01  9.99800e-01
 2.19000e+01  9.99738e-01 -1.02768e-02  1.49935e+00 -1.02795e-02  9.99564e-01  9.99826e-01
 2.20000e+01  9.99777e-01 -1.02851e-02  1.49944e+00 -1.02874e-02  9.99629e-01  9.99852e-01
 2.21000e+01  9.99816e-01 -1.02930e-02  1.49954e+00 -1.02949e-02  9.99693e-01  9.99878e-01
 2.22000e+01  9.99854e-01 -1.03004e-02  1.49964e+00 -1.03019e-02  9.99758e-01  9.99904e-01
 2.23000e+01  9.99893e-01 -1.03074e-02  1.49973e+00 -1.03085e-02  9.99822e-01  9.99929e-01
 2.24000e+01  9.99931e-01 -1.03139e-02  1.49983e+00 -1.03146e-02  9.99886e-01  9.99955e-01
 2.25000e+01  9.99969e-01 -1.03200e-02  1.49992e+00 -1.03203e-02  9.99950e-01  9.99980e-01
 2.26000e+01  1.00001e+00 -1.03257e-02  1.50002e+00 -1.03256e-02  1.00001e+00  1.00001e+00
 2.27000e+01  1.00005e+00 -1.03309e-02  1.50012e+00 -1.03304e-02  1.00008e+00  1.00003e+00
 2.28000e+01  1.00008e+00 -1.03357e-02  1.50021e+00 -1.03348e-02  1.00014e+00  1.00006e+00
 2.29000e+01  1.00012e+00 -1.03400e-02  1.50030e+00 -1.03388e-02  1.00020e+00  1.00008e+00
 2.30000e+01  1.00016e+00 -1.03439e-02  1.50040e+00 -1.03423e-02  1.00027e+00  1.00011e+00
 2.31000e+01  1.00020e+00 -1.03474e-02  1.50049e+00 -1.03454e-02  1.00033e+00  1.00013e+00
 2.32000e+01  1.00023e+00 -1.03504e-02  1.50059e+00 -1.03480e-02  1.00039e+00  1.00016e+00
 2.33000e+01  1.00027e+00 -1.03530e-02  1.50068e+00 -1.03502e-02  1.00045e+00  1.00018e+00
 2.34000e+01  1.00031e+00 -1.03552e-02  1.50077e+00 -1.03520e-02  1.00052e+00  1.00021e+00
 2.35000e+01  1.00035e+00 -1.03569e-02  1.50087e+00 -1.03533e-02  1.00058e+00  1.00023e+00
 2.36000e+01  1.00038e+00 -1.03582e-02  1.50096e+00 -1.03542e-02  1.00064e+00  1.00026e+00
 2.37000e+01  1.00042e+00 -1.03590e-02  1.50105e+00 -1.03547e-02  1.00070e+00  1.00028e+00
 2.38000e+01  1.00046e+00 -1.03595e-02  1.50114e+00 -1.03547e-02  1.00076e+00  1.00031e+00
 2.39000e+01  1.00049e+00 -1.03594e-02  1.50123e+00 -1.03543e-02  1.00082e+00  1.00033e+00
 2.40000e+01  1.00053e+00 -1.03590e-02  1.50133e+00 -1.03535e-02  1.00088e+00  1.00035e+00
 2.41000e+01  1.00057e+00 -1.03581e-02  1.50142e+00 -1.03523e-02  1.00094e+00  1.00038e+00
 2.42000e+01  1.00060e+00 -1.03568e-02  1.50151e+00 -1.03506e-02  1.00100e+00  1.00040e+00
 2.43000e+01  1.00064e+00 -1.03551e-02  1.50160e+00 -1.03485e-02  1.00107e+00  1.00043e+00
 2.44000e+01  1.00067e+00 -1.03529e-02  1.50169e+00 -1.03459e-02  1.00113e+00  1.00045e+00
 2.45000e+01  1.00071e+00 -1.03503e-02  1.50178e+00 -1.03430e-02  1.00118e+00  1.00047e+00
 2.46000e+01  1.00075e+00 -1.03473e-02  1.50187e+00 -1.03396e-02  1.00124e+00  1.00050e+00
 2.47000e+01  1.00078e+00 -1.03439e-02  1.50196e+00 -1.03358e-02  1.00130e+00  1.00052e+00
 2.48000e+01  1.00082e+00 -1.03400e-02  1.50204e+00 -1.03316e-02  1.00136e+00  1.00055e+00
 2.49000e+01  1.00085e+00 -1.03357e-02  1.50213e+00 -1.03269e-02  1.00142e+00  1.00057e+00
 2.50000e+01  1.00089e+00 -1.03310e-02  1.50222e+00 -1.03218e-02  1.00148e+00  1.00059e+00
 2.51000e+01  1.00092e+00 -1.03259e-02  1.50231e+00 -1.03164e-02  1.00154e+00  1.00062e+00
 2.52000e+01  1.00096e+00 -1.03203e-02  1.50240e+00 -1.03105e-02  1.00160e+00  1.00064e+00
 2.53000e+01  1.00099e+00 -1.03144e-02  1.50248e+00 -1.03041e-02  1.00166e+00  1.00066e+00
 2.54000e+01  1.00103e+00 -1.03080e-02  1.50257e+00 -1.02974e-02  1.00171e+00  1.00069e+00
 2.55000e+01  1.00106e+00 -1.03012e-02  1.50266e+00 -1.02902e-02  1.00177e+00  1.00071e+00
 2.56000e+01  1.00110e+00 -1.02939e-02  1.50274e+00 -1.02827e-02  1.00183e+00  1.00073e+00
 2.57000e+01  1.00113e+00 -1.02863e-02  1.50283e+00 -1.02747e-02  1.00189e+00  1.00075e+00
 2.58000e+01  1.00116e+00 -1.02782e-02  1.50291e+00 -1.02663e-02  1.00194e+00  1.00078e+00
 2.59000e+01  1.00120e+00 -1.02698e-02  1.50300e+00 -1.02575e-02  1.00200e+00  1.00080e+00
 2.60000e+01  1.00123e+00 -1.02609e-02  1.50308e+00 -1.02483e-02  1.00206e+00  1.00082e+00
 2.61000e+01  1.00127e+00 -1.02516e-02  1.50317e+00 -1.02387e-02  1.00211e+00  1.00084e+00
 2.62000e+01  1.00130e+00 -1.02419e-02  1.50325e+00 -1.02286e-02  1.00217e+00  1.00087e+00
 2.63000e+01  1.00133e+00 -1.02318e-02  1.50334e+00 -1.02182e-02  1.00222e+00  1.00089e+00
 2.64000e+01  1.00137e+00 -1.02213e-02  1.50342e+00 -1.02074e-02  1.00228e+00  1.00091e+00
 2.65000e+01  1.00140e+00 -1.02104e-02  1.50350e+00 -1.01961e-02  1.00233e+00  1.00093e+00
 2.66000e+01  1.00143e+00 -1.01991e-02  1.50358e+00 -1.01845e-02  1.00239e+00  1.00096e+00
 2.67000e+01  1.00147e+00 -1.01874e-02  1.50367e+00 -1.01725e-02  1.00244e+00  1.00098e+00
 2.68000e+01  1.00150e+00 -1.01752e-02  1.50375e+00 -1.01600e-02  1.00250e+00  1.00100e+00
 2.69000e+01  1.00153e+00 -1.01627e-02  1.50383e+00 -1.01472e-02  1.00255e+00  1.00102e+00
 2.70000e+01  1.00156e+00 -1.01498e-02  1.50391e+00 -1.01340e-02  1.00261e+00  1.00104e+00
 2.71000e+01  1.00160e+00 -1.01365e-02  1.50399e+00 -1.01203e-02  1.00266e+00  1.00106e+00
 2.72000e+01  1.00163e+00 -1.01228e-02  1.50407e+00 -1.01063e-02  1.00271e+00  1.00109e+00
 2.73000e+01  1.00166e+00 -1.01087e-02  1.50415e+00 -1.00919e-02  1.00277e+00  1.00111e+00
 2.74000e+01  1.00169e+00 -1.00942e-02  1.50423e+00 -1.00771e-02  1.00282e+00  1.00113e+00
 2.75000e+01  1.00172e+00 -1.00793e-02  1.50431e+00 -1.00619e-02  1.00287e+00  1.00115e+00
 2.76000e+01  1.00176e+00 -1.00640e-02  1.50439e+00 -1.00463e-02  1.00293e+00  1.00117e+00
 2.77000e+01  1.00179e+00 -1.00483e-02  1.50447e+00 -1.00304e-02  1.00298e+00  1.00119e+00
 2.78000e+01  1.00182e+00 -1.00322e-02  1.50455e+00 -1.00140e-02  1.00303e+00  1.00121e+00
 2.79000e+01  1.00185e+00 -1.00158e-02  1.50463e+00 -9.99731e-03  1.00308e+00  1.00123e+00
 2.80000e+01  1.00188e+00 -9.99896e-03  1.50470e+00 -9.98020e-03  1.00314e+00  1.00125e+00
 2.81000e+01  1.00191e+00 -9.98175e-03  1.50478e+00 -9.96271e-03  1.00319e+00  1.00127e+00
 2.82000e+01  1.00194e+00 -9.96415e-03  1.50486e+00 -9.94484e-03  1.00324e+00  1.00129e+00
 2.83000e+01  1.00197e+00 -9.94617e-03  1.50493e+00 -9.92659e-03  1.00329e+00  1.00131e+00
 2.84000e+01  1.00200e+00 -9.92781e-03  1.50501e+00 -9.90797e-03  1.00334e+00  1.00133e+00
 2.85000e+01  1.00203e+00 -9.90908e-03  1.50509e+00 -9.88897e-03  1.00339e+00  1.00135e+00
 2.86000e+01  1.00206e+00 -9.88996e-03  1.50516e+00 -9.86960e-03  1.00344e+00  1.00137e+00
 2.87000e+01  1.00209e+00 -9.87048e-03  1.50524e+00 -9.84986e-03  1.00349e+00  1.00139e+00
 2.88000e+01  1.00212e+00 -9.85062e-03  1.50531e+00 -9.82975e-03  1.00354e+00  1.00141e+00
 2.89000e+01  1.00215e+00 -9.83039e-03  1.50539e+00 -9.80927e-03  1.00359e+00  1.00143e+00
 2.90000e+01  1.00218e+00 -9.80979e-03  1.50546e+00 -9.78843e-03  1.00364e+00  1.00145e+00
 2.91000e+01  1.00221e+00 -9.78882e-03  1.50553e+00 -9.76722e-03  1.00369e+00  1.00147e+00
 2.92000e+01  1.00224e+00 -9.76748e-03  1.50561e+00 -9.74564e-03  1.00374e+00  1.00149e+00
 2.93000e+01  1.00227e+00 -9.74578e-03  1.50568e+00 -9.72371e-03  1.00379e+00  1.00151e+00
 2.94000e+01  1.00230e+00 -9.72371e-03  1.50575e+00 -9.70141e-03  1.00383e+00  1.00153e+00
 2.95000e+01  1.00233e+00 -9.70129e-03  1.50582e+00 -9.67876e-03  1.00388e+00  1.00155e+00
 2.96000e+01  1.00236e+00 -9.67850e-03  1.50590e+00 -9.65575e-03  1.00393e+00  1.00157e+00
 2.97000e+01  1.00238e+00 -9.65535e-03  1.50597e+00 -9.63238e-03  1.00398e+00  1.00159e+00
 2.98000e+01  1.00241e+00 -9.63185e-03  1.50604e+00 -9.60866e-03  1.00403e+00  1.00161e+00
 2.99000e+01  1.00244e+00 -9.60799e-03  1.50611e+00 -9.58459e-03  1.00407e+00  1.00163e+00
 3.00000e+01  1.00247e+00 -9.58378e-03  1.50618e+00 -9.56017e-03  1.00412e+00  1.00165e+00
 3.01000e+01  1.00250e+00 -9.55921e-03  1.50625e+00 -9.53540e-03  1.00417e+00  1.00166e+00
 3.02000e+01  1.00253e+00 -9.53429e-03  1.50632e+00 -9.51028e-03  1.00421e+00  1.00168e+00
 3.03000e+01  1.00255e+00 -9.50903e-03  1.50639e+00 -9.48481e-03  1.00426e+00  1.00170e+00
 3.04000e+01  1.00258e+00 -9.48341e-03  1.50646e+00 -9.45901e-03  1.00430e+00  1.00172e+00
 3.05000e+01  1.00261e+00 -9.45745e-03  1.50652e+00 -9.43286e-03  1.00435e+00  1.00174e+00
 3.06000e+01  1.00263e+00 -9.43115e-03  1.50659e+00 -9.40637e-03  1.00439e+00  1.00176e+00
 3.07000e+01  1.00266e+00 -9.40450e-03  1.50666e+00 -9.37954e-03  1.00444e+00  1.00177e+00
 3.08000e+01  1.00269e+00 -9.37752e-03  1.50673e+00 -9.35237e-03  1.00448e+00  1.00179e+00
 3.09000e+01  1.00272e+00 -9.35019e-03  1.50679e+00 -9.32487e-03  1.00453e+00  1.00181e+00
 3.10000e+01  1.00274e+00 -9.32252e-03  1.50686e+00 -9.29703e-03  1.00457e+00  1.00183e+00
 3.11000e+01  1.00277e+00 -9.29452e-03  1.50693e+00 -9.26886e-03  1.00462e+00  1.00184e+00
 3.12000e+01  1.00279e+00 -9.26619e-03  1.50699e+00 -9.24037e-03  1.00466e+00  1.00186e+00
 3.13000e+01  1.00282e+00 -9.23752e-03  1.50706e+00 -9.21154e-03  1.00471e+00  1.00188e+00
 3.14000e+01  1.00285e+00 -9.20853e-03  1.50712e+00 -9.18239e-03  1.00475e+00  1.00190e+00
 3.15000e+01  1.00287e+00 -9.17920e-03  1.50719e+00 -9.15291e-03  1.00479e+00  1.00191e+00
 3.16000e+01  1.00290e+00 -9.14954e-03  1.50725e+00 -9.12310e-03  1.00483e+00  1.00193e+00
 3.17000e+01  1.00292e+00 -9.11956e-03  1.50732e+00 -9.09298e-03  1.00488e+00  1.00195e+00
 3.18000e+01  1.00295e+00 -9.08926e-03  1.50738e+00 -9.06253e-03  1.00492e+00  1.00196e+00
 3.19000e+01  1.00297e+00 -9.05864e-03  1.50744e+00 -9.03177e-03  1.00496e+00  1.00198e+00
 3.20000e+01  1.00300e+00 -9.02769e-03  1.50751e+00 -9.00069e-03  1.00500e+00  1.00200e+00
 3.21000e+01  1.00302e+00 -8.99642e-03  1.50757e+00 -8.96930e-03  1.00505e+00  1.00201e+00
 3.22000e+01  1.00305e+00 -8.96484e-03  1.50763e+00 -8.93759e-03  1.00509e+00  1.00203e+00
 3.23000e+01  1.00307e+00 -8.93294e-03  1.50769e+00 -8.90557e-03  1.00513e+00  1.00205e+00
 3.24000e+01  1.00310e+00 -8.90073e-03  1.50775e+00 -8.87324e-03  1.00517e+00  1.00206e+00
 3.25000e+01  1.00312e+00 -8.86821e-03  1.50781e+00 -8.84060e-03  1.00521e+00  1.00208e+00
 3.26000e+01  1.00315e+00 -8.83538e-03  1.50787e+00 -8.80766e-03  1.00525e+00  1.00210e+00
 3.27000e+01  1.00317e+00 -8.80224e-03  1.50793e+00 -8.77441e-03  1.00529e+00  1.00211e+00
 3.28000e+01  1.00319e+00 -8.76879e-03  1.50799e+00 -8.74086e-03  1.00533e+00  1.00213e+00
 3.29000e+01  1.00322e+00 -8.73504e-03  1.50805e+00 -8.70701e-03  1.00537e+00  1.00214e+00
 3.30000e+01  1.00324e+00 -8.70098e-03  1.50811e+00 -8.67286e-03  1.00541e+00  1.00216e+00
 3.31000e+01  1.00327e+00 -8.66662e-03  1.50817e+00 -8.63842e-03  1.00545e+00  1.00217e+00
 3.32000e+01  1.00329e+00 -8.63197e-03  1.50823e+00 -8.60367e-03  1.00549e+00  1.00219e+00
 3.33000e+01  1.00331e+00 -8.59701e-03  1.50829e+00 -8.56864e-03  1.00553e+00  1.00221e+00
 3.34000e+01  1.00333e+00 -8.56176e-03  1.50835e+00 -8.53331e-03  1.00556e+00  1.00222e+00
 3.35000e+01  1.00336e+00 -8.52622e-03  1.50840e+00 -8.49769e-03  1.00560e+00  1.00224e+00
 3.36000e+01  1.00338e+00 -8.49038e-03  1.50846e+00 -8.46178e-03  1.00564e+00  1.00225e+00
 3.37000e+01  1.00340e+00 -8.45426e-03  1.50852e+00 -8.42558e-03  1.00568e+00  1.00227e+00
 3.38000e+01  1.00343e+00 -8.41784e-03  1.50857e+00 -8.38910e-03  1.00571e+00  1.00228e+00
 3.39000e+01  1.00345e+00 -8.38114e-03  1.50863e+00 -8.35234e-03  1.00575e+00  1.00230e+00
 3.40000e+01  1.00347e+00 -8.34415e-03  1.50868e+00 -8.31530e-03  1.00579e+00  1.00231e+00
 3.41000e+01  1.00349e+00 -8.30688e-03  1.50874e+00 -8.27797e-03  1.00583e+00  1.00233e+00
 3.42000e+01  1.00351e+00 -8.26932e-03  1.50879e+00 -8.24037e-03  1.00586e+00  1.00234e+00
 3.43000e+01  1.00354e+00 -8.23149e-03  1.50885e+00 -8.20249e-03  1.00590e+00  1.00235e+00
 3.44000e+01  1.00356e+00 -8.19338e-03  1.50890e+00 -8.16434e-03  1.00593e+00  1.00237e+00
 3.45000e+01  1.00358e+00 -8.15499e-03  1.50895e+00 -8.12592e-03  1.00597e+00  1.00238e+00
 3.46000e+01  1.00360e+00 -8.11633e-03  1.50901e+00 -8.08722e-03  1.00601e+00  1.00240e+00
 3.47000e+01  1.00362e+00 -8.07739e-03  1.50906e+00 -8.04826e-03  1.00604e+00  1.00241e+00
 3.48000e+01  1.00364e+00 -8.03819e-03  1.50911e+00 -8.00902e-03  1.00608e+00  1.00242e+00
 3.49000e+01  1.00366e+00 -7.99871e-03  1.50916e+00 -7.96953e-03  1.00611e+00  1.00244e+00
 3.50000e+01  1.00368e+00 -7.95897e-03  1.50922e+00 -7.92977e-03  1.00614e+00  1.00245e+00
 3.51000e+01  1.00370e+00 -7.91896e-03  1.50927e+00 -7.88974e-03  1.00618e+00  1.00247e+00
 3.52000e+01  1.00372e+00 -7.87869e-03  1.50932e+00 -7.84946e-03  1.00621e+00  1.00248e+00
 3.53000e+01  1.00374e+00 -7.83816e-03  1.50937e+00 -7.80892e-03  1.00625e+00  1.00249e+00
 3.54000e+01  1.00376e+00 -7.79736e-03  1.50942e+00 -7.76812e-03  1.00628e+00  1.00251e+00
 3.55000e+01  1.00378e+00 -7.75631e-03  1.50947e+00 -7.72707e-03  1.00631e+00  1.00252e+00
 3.56000e+01  1.00380e+00 -7.71500e-03  1.50952e+00 -7.68577e-03  1.00635e+00  1.00253e+00
 3.57000e+01  1.00382e+00 -7.67344e-03  1.50957e+00 -7.64421e-03  1.00638e+00  1.00255e+00
 3.58000e+01  1.00384e+00 -7.63162e-03  1.50962e+00 -7.60241e-03  1.00641e+00  1.00256e+00
 3.59000e+01  1.00386e+00 -7.58955e-03  1.50967e+00 -7.56036e-03  1.00644e+00  1.00257e+00
 3.60000e+01  1.00388e+00 -7.54724e-03  1.50971e+00 -7.51806e-03  1.00648e+00  1.00258e+00
 3.61000e+01  1.00390e+00 -7.50467e-03  1.50976e+00 -7.47552e-03  1.00651e+00  1.00260e+00
 3.62000e+01  1.00392e+00 -7.46186e-03  1.50981e+00 -7.43273e-03  1.00654e+00  1.00261e+00
 3.63000e+01  1.00394e+00 -7.41881e-03  1.50986e+00 -7.38971e-03  1.00657e+00  1.00262e+00
 3.64000e+01  1.00396e+00 -7.37551e-03  1.50990e+00 -7.34645e-03  1.00660e+00  1.00263e+00
 3.65000e+01  1.00397e+00 -7.33198e-03  1.50995e+00 -7.30295e-03  1.00663e+00  1.00265e+00
 3.66000e+01  1.00399e+00 -7.28820e-03  1.50999e+00 -7.25922e-03  1.00666e+00  1.00266e+00
 3.67000e+01  1.00401e+00 -7.24419e-03  1.51004e+00 -7.21525e-03  1.00669e+00  1.00267e+00
 3.68000e+01  1.00403e+00 -7.19994e-03  1.51008e+00 -7.17105e-03  1.00672e+00  1.00268e+00
 3.69000e+01  1.00405e+00 -7.15546e-03  1.51013e+00 -7.12662e-03  1.00675e+00  1.00269e+00
 3.70000e+01  1.00406e+00 -7.11075e-03  1.51017e+00 -7.08197e-03  1.00678e+00  1.00271e+00
 3.71000e+01  1.00408e+00 -7.06581e-03  1.51022e+00 -7.03709e-03  1.00681e+00  1.00272e+00
 3.72000e+01  1.00410e+00 -7.02065e-03  1.51026e+00 -6.99198e-03  1.00684e+00  1.00273e+00
 3.73000e+01  1.00412e+00 -6.97525e-03  1.51031e+00 -6.94665e-03  1.00687e+00  1.00274e+00
 3.74000e+01  1.00413e+00 -6.92964e-03  1.51035e+00 -6.90111e-03  1.00690e+00  1.00275e+00
 3.75000e+01  1.00415e+00 -6.88380e-03  1.51039e+00 -6.85534e-03  1.00693e+00  1.00276e+00
 3.76000e+01  1.00417e+00 -6.83774e-03  1.51043e+00 -6.80935e-03  1.00696e+00  1.00278e+00
 3.77000e+01  1.00418e+00 -6.79146e-03  1.51047e+00 -6.76316e-03  1.00698e+00  1.00279e+00
 3.78000e+01  1.00420e+00 -6.74496e-03  1.51052e+00 -6.71674e-03  1.00701e+00  1.00280e+00
 3.79000e+01  1.00422e+00 -6.69825e-03  1.51056e+00 -6.67012e-03  1.00704e+00  1.00281e+00
 3.80000e+01  1.00423e+00 -6.65133e-03  1.51060e+00 -6.62329e-03  1.00707e+00  1.00282e+00
 3.81000e+01  1.00425e+00 -6.60420e-03  1.51064e+00 -6.57624e-03  1.00709e+00  1.00283e+00
 3.82000e+01  1.00427e+00 -6.55685e-03  1.51068e+00 -6.52900e-03  1.00712e+00  1.00284e+00
 3.83000e+01  1.00428e+00 -6.50930e-03  1.51072e+00 -6.48154e-03  1.00715e+00  1.00285e+00
 3.84000e+01  1.00430e+00 -6.46154e-03  1.51076e+00 -6.43389e-03  1.00717e+00  1.00286e+00
 3.85000e+01  1.00431e+00 -6.41358e-03  1.51080e+00 -6.38603e-03  1.00720e+00  1.00287e+00
 3.86000e+01  1.00433e+00 -6.36542e-03  1.51084e+00 -6.33798e-03  1.00722e+00  1.00288e+00
 3.87000e+01  1.00434e+00 -6.31705e-03  1.51087e+00 -6.28973e-03  1.00725e+00  1.00289e+00
 3.88000e+01  1.00436e+00 -6.26849e-03  1.51091e+00 -6.24128e-03  1.00727e+00  1.00290e+00
 3.89000e+01  1.00437e+00 -6.21973e-03  1.51095e+00 -6.19264e-03  1.00730e+00  1.00291e+00
 3.90000e+01  1.00439e+00 -6.17077e-03  1.51099e+00 -6.14381e-03  1.00732e+00  1.00292e+00
 3.91000e+01  1.00440e+00 -6.12162e-03  1.51102e+00 -6.09478e-03  1.00735e+00  1.00293e+00
 3.92000e+01  1.00442e+00 -6.07228e-03  1.51106e+00 -6.04557e-03  1.00737e+00  1.00294e+00
 3.93000e+01  1.00443e+00 -6.02275e-03  1.51110e+00 -5.99617e-03  1.00740e+00  1.00295e+00
 3.94000e+01  1.00445e+00 -5.97304e-03  1.51113e+00 -5.94659e-03  1.00742e+00  1.00296e+00
 3.95000e+01  1.00446e+00 -5.92313e-03  1.51117e+00 -5.89682e-03  1.00745e+00  1.00297e+00
 3.96000e+01  1.00448e+00 -5.87304e-03  1.51120e+00 -5.84688e-03  1.00747e+00  1.00298e+00
 3.97000e+01  1.00449e+00 -5.82277e-03  1.51124e+00 -5.79675e-03  1.00749e+00  1.00299e+00
 3.98000e+01  1.00450e+00 -5.77232e-03  1.51127e+00 -5.74645e-03  1.00752e+00  1.00300e+00
 3.99000e+01  1.00452e+00 -5.72169e-03  1.51131e+00 -5.69596e-03  1.00754e+00  1.00301e+00
 4.00000e+01  1.00453e+00 -5.67088e-03  1.51134e+00 -5.64531e-03  1.00756e+00  1.00302e+00
 4.01000e+01  1.00454e+00 -5.61990e-03  1.51137e+00 -5.59448e-03  1.00758e+00  1.00303e+00
 4.02000e+01  1.00456e+00 -5.56875e-03  1.51141e+00 -5.54349e-03  1.00761e+00  1.00303e+00
 4.03000e+01  1.00457e+00 -5.51742e-03  1.51144e+00 -5.49232e-03  1.00763e+00  1.00304e+00
 4.04000e+01  1.00458e+00 -5.46592e-03  1.51147e+00 -5.44099e-03  1.00765e+00  1.00305e+00
 4.05000e+01  1.00460e+00 -5.41425e-03  1.51150e+00 -5.38949e-03  1.00767e+00  1.00306e+00
 4.06000e+01  1.00461e+00 -5.36242e-03  1.51154e+00 -5.33782e-03  1.00769e+00  1.00307e+00
 4.07000e+01  1.00462e+00 -5.31042e-03  1.51157e+00 -5.28600e-03  1.00771e+00  1.00308e+00
 4.08000e+01  1.00463e+00 -5.25827e-03  1.51160e+00 -5.23402e-03  1.00773e+00  1.00309e+00
 4.09000e+01  1.00465e+00 -5.20594e-03  1.51163e+00 -5.18187e-03  1.00775e+00  1.00309e+00
 4.10000e+01  1.00466e+00 -5.15346e-03  1.51166e+00 -5.12957e-03  1.00777e+00  1.00310e+00
 4.11000e+01  1.00467e+00 -5.10083e-03  1.51169e+00 -5.07712e-03  1.00779e+00  1.00311e+00
 4.12000e+01  1.00468e+00 -5.04803e-03  1.51172e+00 -5.02451e-03  1.00781e+00  1.00312e+00
 4.13000e+01  1.00469e+00 -4.99509e-03  1.51175e+00 -4.97176e-03  1.00783e+00  1.00313e+00
 4.14000e+01  1.00470e+00 -4.94199e-03  1.51178e+00 -4.91885e-03  1.00785e+00  1.00313e+00
 4.15000e+01  1.00472e+00 -4.88874e-03  1.51181e+00 -4.86579e-03  1.00787e+00  1.00314e+00
 4.16000e+01  1.00473e+00 -4.83534e-03  1.51183e+00 -4.81259e-03  1.00789e+00  1.00315e+00
 4.17000e+01  1.00474e+00 -4.78180e-03  1.51186e+00 -4.75925e-03  1.00791e+00  1.00316e+00
 4.18000e+01  1.00475e+00 -4.72811e-03  1.51189e+00 -4.70576e-03  1.00793e+00  1.00316e+00
 4.19000e+01  1.00476e+00 -4.67427e-03  1.51192e+00 -4.65213e-03  1.00794e+00  1.00317e+00
 4.20000e+01  1.00477e+00 -4.62030e-03  1.51194e+00 -4.59836e-03  1.00796e+00  1.00318e+00
 4.21000e+01  1.00478e+00 -4.56619e-03  1.51197e+00 -4.54446e-03  1.00798e+00  1.00318e+00
 4.22000e+01  1.00479e+00 -4.51194e-03  1.51200e+00 -4.49042e-03  1.00800e+00  1.00319e+00
 4.23000e+01  1.00480e+00 -4.45755e-03  1.51202e+00 -4.43625e-03  1.00802e+00  1.00320e+00
 4.24000e+01  1.00481e+00 -4.40303e-03  1.51205e+00 -4.38194e-03  1.00803e+00  1.00320e+00
 4.25000e+01  1.00482e+00 -4.34837e-03  1.51207e+00 -4.32750e-03  1.00805e+00  1.00321e+00
 4.26000e+01  1.00483e+00 -4.29359e-03  1.51210e+00 -4.27294e-03  1.00807e+00  1.00322e+00
 4.27000e+01  1.00484e+00 -4.23867e-03  1.51212e+00 -4.21825e-03  1.00808e+00  1.00322e+00
 4.28000e+01  1.00485e+00 -4.18363e-03  1.51215e+00 -4.16343e-03  1.00810e+00  1.00323e+00
 4.29000e+01  1.00486e+00 -4.12846e-03  1.51217e+00 -4.10849e-03  1.00811e+00  1.00324e+00
 4.30000e+01  1.00487e+00 -4.07317e-03  1.51219e+00 -4.05343e-03  1.00813e+00  1.00324e+00
 4.31000e+01  1.00488e+00 -4.01776e-03  1.51222e+00 -3.99825e-03  1.00814e+00  1.00325e+00
 4.32000e+01  1.00489e+00 -3.96223e-03  1.51224e+00 -3.94295e-03  1.00816e+00  1.00326e+00
 4.33000e+01  1.00490e+00 -3.90658e-03  1.51226e+00 -3.88754e-03  1.00817e+00  1.00326e+00
 4.34000e+01  1.00491e+00 -3.85081e-03  1.51228e+00 -3.83201e-03  1.00819e+00  1.00327e+00
 4.35000e+01  1.00491e+00 -3.79493e-03  1.51231e+00 -3.77637e-03  1.00820e+00  1.00327e+00
 4.36000e+01  1.00492e+00 -3.73893e-03  1.51233e+00 -3.72061e-03  1.00822e+00  1.00328e+00
 4.37000e+01  1.00493e+00 -3.68283e-03  1.51235e+00 -3.66475e-03  1.00823e+00  1.00328e+00
 4.38000e+01  1.00494e+00 -3.62661e-03  1.51237e+00 -3.60878e-03  1.00825e+00  1.00329e+00
 4.39000e+01  1.00495e+00 -3.57028e-03  1.51239e+00 -3.55271e-03  1.00826e+00  1.00330e+00
 4.40000e+01  1.00496e+00 -3.51385e-03  1.51241e+00 -3.49653e-03  1.00827e+00  1.00330e+00
 4.41000e+01  1.00496e+00 -3.45732e-03  1.51243e+00 -3.44024e-03  1.00829e+00  1.00331e+00
 4.42000e+01  1.00497e+00 -3.40068e-03  1.51245e+00 -3.38386e-03  1.00830e+00  1.00331e+00
 4.43000e+01  1.00498e+00 -3.34394e-03  1.51247e+00 -3.32738e-03  1.00831e+00  1.00332e+00
 4.44000e+01  1.00499e+00 -3.28711e-03  1.51249e+00 -3.27080e-03  1.00832e+00  1.00332e+00
 4.45000e+01  1.00499e+00 -3.23017e-03  1.51251e+00 -3.21412e-03  1.00834e+00  1.00333e+00
 4.46000e+01  1.00500e+00 -3.17314e-03  1.51252e+00 -3.15735e-03  1.00835e+00  1.00333e+00
 4.47000e+01  1.00501e+00 -3.11602e-03  1.51254e+00 -3.10049e-03  1.00836e+00  1.00334e+00
 4.48000e+01  1.00502e+00 -3.05880e-03  1.51256e+00 -3.04354e-03  1.00837e+00  1.00334e+00
 4.49000e+01  1.00502e+00 -3.00150e-03  1.51258e+00 -2.98650e-03  1.00838e+00  1.00335e+00
 4.50000e+01  1.00503e+00 -2.94410e-03  1.51259e+00 -2.92937e-03  1.00839e+00  1.00335e+00
 4.51000e+01  1.00504e+00 -2.88662e-03  1.51261e+00 -2.87216e-03  1.00841e+00  1.00335e+00
 4.52000e+01  1.00504e+00 -2.82906e-03  1.51262e+00 -2.81486e-03  1.00842e+00  1.00336e+00
 4.53000e+01  1.00505e+00 -2.77141e-03  1.51264e+00 -2.75749e-03  1.00843e+00  1.00336e+00
 4.54000e+01  1.00505e+00 -2.71368e-03  1.51266e+00 -2.70003e-03  1.00844e+00  1.00337e+00
 4.55000e+01  1.00506e+00 -2.65586e-03  1.51267e+00 -2.64249e-03  1.00845e+00  1.00337e+00
 4.56000e+01  1.00507e+00 -2.59798e-03  1.51269e+00 -2.58488e-03  1.00846e+00  1.00337e+00
 4.57000e+01  1.00507e+00 -2.54001e-03  1.51270e+00 -2.52719e-03  1.00847e+00  1.00338e+00
 4.58000e+01  1.00508e+00 -2.48197e-03  1.51271e+00 -2.46943e-03  1.00848e+00  1.00338e+00
 4.59000e+01  1.00508e+00 -2.42386e-03  1.51273e+00 -2.41160e-03  1.00849e+00  1.00339e+00
 4.60000e+01  1.00509e+00 -2.36567e-03  1.51274e+00 -2.35370e-03  1.00849e+00  1.00339e+00
 4.61000e+01  1.00509e+00 -2.30742e-03  1.51275e+00 -2.29573e-03  1.00850e+00  1.00339e+00
 4.62000e+01  1.00510e+00 -2.24910e-03  1.51277e+00 -2.23769e-03  1.00851e+00  1.00340e+00
 4.63000e+01  1.00510e+00 -2.19072e-03  1.51278e+00 -2.17959e-03  1.00852e+00  1.00340e+00
 4.64000e+01  1.00511e+00 -2.13226e-03  1.51279e+00 -2.12143e-03  1.00853e+00  1.00340e+00
 4.65000e+01  1.00511e+00 -2.07375e-03  1.51280e+00 -2.06320e-03  1.00854e+00  1.00341e+00
 4.66000e+01  1.00512e+00 -2.01518e-03  1.51281e+00 -2.00492e-03  1.00854e+00  1.00341e+00
 4.67000e+01  1.00512e+00 -1.95655e-03  1.51283e+00 -1.94658e-03  1.00855e+00  1.00341e+00
 4.68000e+01  1.00513e+00 -1.89786e-03  1.51284e+00 -1.88818e-03  1.00856e+00  1.00341e+00
 4.69000e+01  1.00513e+00 -1.83911e-03  1.51285e+00 -1.82973e-03  1.00856e+00  1.00342e+00
 4.70000e+01  1.00513e+00 -1.78031e-03  1.51286e+00 -1.77122e-03  1.00857e+00  1.00342e+00
 4.71000e+01  1.00514e+00 -1.72146e-03  1.51287e+00 -1.71266e-03  1.00858e+00  1.00342e+00
 4.72000e+01  1.00514e+00 -1.66256e-03  1.51288e+00 -1.65406e-03  1.00858e+00  1.00342e+00
 4.73000e+01  1.00515e+00 -1.60361e-03  1.51289e+00 -1.59540e-03  1.00859e+00  1.00343e+00
 4.74000e+01  1.00515e+00 -1.54462e-03  1.51289e+00 -1.53671e-03  1.00860e+00  1.00343e+00
 4.75000e+01  1.00515e+00 -1.48558e-03  1.51290e+00 -1.47796e-03  1.00860e+00  1.00343e+00
 4.76000e+01  1.00516e+00 -1.42649e-03  1.51291e+00 -1.41918e-03  1.00861e+00  1.00343e+00
 4.77000e+01  1.00516e+00 -1.36737e-03  1.51292e+00 -1.36035e-03  1.00861e+00  1.00344e+00
 4.78000e+01  1.00516e+00 -1.30820e-03  1.51293e+00 -1.30148e-03  1.00862e+00  1.00344e+00
 4.79000e+01  1.00516e+00 -1.24900e-03  1.51293e+00 -1.24258e-03  1.00862e+00  1.00344e+00
 4.80000e+01  1.00517e+00 -1.18976e-03  1.51294e+00 -1.18364e-03  1.00863e+00  1.00344e+00
 4.81000e+01  1.00517e+00 -1.13048e-03  1.51295e+00 -1.12467e-03  1.00863e+00  1.00344e+00
 4.82000e+01  1.00517e+00 -1.07118e-03  1.51295e+00 -1.06567e-03  1.00863e+00  1.00345e+00
 4.83000e+01  1.00517e+00 -1.01184e-03  1.51296e+00 -1.00663e-03  1.00864e+00  1.00345e+00
 4.84000e+01  1.00518e+00 -9.52471e-04  1.51296e+00 -9.47566e-04  1.00864e+00  1.00345e+00
 4.85000e+01  1.00518e+00 -8.93075e-04  1.51297e+00 -8.88475e-04  1.00865e+00  1.00345e+00
 4.86000e+01  1.00518e+00 -8.33654e-04  1.51297e+00 -8.29358e-04  1.00865e+00  1.00345e+00
 4.87000e+01  1.00518e+00 -7.74208e-04  1.51298e+00 -7.70217e-04  1.00865e+00  1.00345e+00
 4.88000e+01  1.00518e+00 -7.14740e-04  1.51298e+00 -7.11055e-04  1.00865e+00  1.00345e+00
 4.89000e+01  1.00518e+00 -6.55251e-04  1.51299e+00 -6.51872e-04  1.00866e+00  1.00345e+00
 4.90000e+01  1.00519e+00 -5.95744e-04  1.51299e+00 -5.92670e-04  1.00866e+00  1.00345e+00
 4.91000e+01  1.00519e+00 -5.36219e-04  1.51299e+00 -5.33451e-04  1.00866e+00  1.00346e+00
 4.92000e+01  1.00519e+00 -4.76678e-04  1.51299e+00 -4.74217e-04  1.00866e+00  1.00346e+00
 4.93000e+01  1.00519e+00 -4.17123e-04  1.51300e+00 -4.14970e-04  1.00866e+00  1.00346e+00
 4.94000e+01  1.00519e+00 -3.57557e-04  1.51300e+00 -3.55711e-04  1.00867e+00  1.00346e+00
 4.95000e+01  1.00519e+00 -2.97980e-04  1.51300e+00 -2.96441e-04  1.00867e+00  1.00346e+00
 4.96000e+01  1.00519e+00 -2.38394e-04  1.51300e+00 -2.37163e-04  1.00867e+00  1.00346e+00
 4.97000e+01  1.00519e+00 -1.78802e-04  1.51300e+00 -1.77878e-04  1.00867e+00  1.00346e+00
 4.98000e+01  1.00519e+00 -1.19204e-04  1.51300e+00 -1.18588e-04  1.00867e+00  1.00346e+00
 4.99000e+01  1.00519e+00 -5.96029e-05  1.51301e+00 -5.92950e-05  1.00867e+00  1.00346e+00
 5.00000e+01  1.00519e+00  2.77556e-17  1.51301e+00  2.76122e-17  1.00867e+00  1.00346e+00
 5.01000e+01  1.00519e+00  5.96029e-05  1.51301e+00  5.92950e-05  1.00867e+00  1.00346e+00
 5.02000e+01  1.00519e+00  1.19204e-04  1.51300e+00  1.18588e-04  1.00867e+00  1.00346e+00
 5.03000e+01  1.00519e+00  1.78802e-04  1.51300e+00  1.77878e-04  1.00867e+00  1.00346e+00
 5.04000e+01  1.00519e+00  2.38394e-04  1.51300e+00  2.37163e-04  1.00867e+00  1.00346e+00
 5.05000e+01  1.00519e+00  2.97980e-04  1.51300e+00  2.96441e-04  1.00867e+00  1.00346e+00
 5.06000e+01  1.00519e+00  3.57557e-04  1.51300e+00  3.55711e-04  1.00867e+00  1.00346e+00
 5.07000e+01  1.00519e+00  4.17123e-04  1.51300e+00  4.14970e-04  1.00866e+00  1.00346e+00
 5.08000e+01  1.00519e+00  4.76678e-04  1.51299e+00  4.74217e-04  1.00866e+00  1.00346e+00
 5.09000e+01  1.00519e+00  5.36219e-04  1.51299e+00  5.33451e-04  1.00866e+00  1.00346e+00
 5.10000e+01  1.00519e+00  5.95744e-04  1.51299e+00  5.92670e-04  1.00866e+00  1.00345e+00
 5.11000e+01  1.00518e+00  6.55251e-04  1.51299e+00  6.51872e-04  1.00866e+00  1.00345e+00
 5.12000e+01  1.00518e+00  7.14740e-04  1.51298e+00  7.11055e-04  1.00865e+00  1.00345e+00
 5.13000e+01  1.00518e+00  7.74208e-04  1.51298e+00  7.70217e-04  1.00865e+00  1.00345e+00
 5.14000e+01  1.00518e+00  8.33654e-04  1.51297e+00  8.29358e-04  1.00865e+00  1.00345e+00
 5.15000e+01  1.00518e+00  8.93075e-04  1.51297e+00  8.88475e-04  1.00865e+00  1.00345e+00
 5.16000e+01  1.00518e+00  9.52471e-04  1.51296e+00  9.47566e-04  1.00864e+00  1.00345e+00
 5.17000e+01  1.00517e+00  1.01184e-03  1.51296e+00  1.00663e-03  1.00864e+00  1.00345e+00
 5.18000e+01  1.00517e+00  1.07118e-03  1.51295e+00  1.06567e-03  1.00863e+00  1.00345e+00
 5.19000e+01  1.00517e+00  1.13048e-03  1.51295e+00  1.12467e-03  1.00863e+00  1.00344e+00
 5.20000e+01  1.00517e+00  1.18976e-03  1.51294e+00  1.18364e-03  1.00863e+00  1.00344e+00
 5.21000e+01  1.00516e+00  1.24900e-03  1.51293e+00  1.24258e-03  1.00862e+00  1.00344e+00
 5.22000e+01  1.00516e+00  1.30820e-03  1.51293e+00  1.30148e-03  1.00862e+00  1.00344e+00
 5.23000e+01  1.00516e+00  1.36737e-03  1.51292e+00  1.36035e-03  1.00861e+00  1.00344e+00
 5.24000e+01  1.00516e+00  1.42649e-03  1.51291e+00  1.41918e-03  1.00861e+00  1.00343e+00
 5.25000e+01  1.00515e+00  1.48558e-03  1.51290e+00  1.47796e-03  1.00860e+00  1.00343e+00
 5.26000e+01  1.00515e+00  1.54462e-03  1.51289e+00  1.53671e-03  1.00860e+00  1.00343e+00
 5.27000e+01  1.00515e+00  1.60361e-03  1.51289e+00  1.59540e-03  1.00859e+00  1.00343e+00
 5.28000e+01  1.00514e+00  1.66256e-03  1.51288e+00  1.65406e-03  1.00858e+00  1.00342e+00
 5.29000e+01  1.00514e+00  1.72146e-03  1.51287e+00  1.71266e-03  1.00858e+00  1.00342e+00
 5.30000e+01  1.00513e+00  1.78031e-03  1.51286e+00  1.77122e-03  1.00857e+00  1.00342e+00
 5.31000e+01  1.00513e+00  1.83911e-03  1.51285e+00  1.82973e-03  1.00856e+00  1.00342e+00
 5.32000e+01  1.00513e+00  1.89786e-03  1.51284e+00  1.88818e-03  1.00856e+00  1.00341e+00
 5.33000e+01  1.00512e+00  1.95655e-03  1.51283e+00  1.94658e-03  1.00855e+00  1.00341e+00
 5.34000e+01  1.00512e+00  2.01518e-03  1.51281e+00  2.00492e-03  1.00854e+00  1.00341e+00
 5.35000e+01  1.00511e+00  2.07375e-03  1.51280e+00  2.06320e-03  1.00854e+00  1.00341e+00
 5.36000e+01  1.00511e+00  2.13226e-03  1.51279e+00  2.12143e-03  1.00853e+00  1.00340e+00
 5.37000e+01  1.00510e+00  2.19072e-03  1.51278e+00  2.17959e-03  1.00852e+00  1.00340e+00
 5.38000e+01  1.00510e+00  2.24910e-03  1.51277e+00  2.23769e-03  1.00851e+00  1.00340e+00
 5.39000e+01  1.00509e+00  2.30742e-03  1.51275e+00  2.29573e-03  1.00850e+00  1.00339e+00
 5.40000e+01  1.00509e+00  2.36567e-03  1.51274e+00  2.35370e-03  1.00849e+00  1.00339e+00
 5.41000e+01  1.00508e+00  2.42386e-03  1.51273e+00  2.41160e-03  1.00849e+00  1.00339e+00
 5.42000e+01  1.00508e+00  2.48197e-03  1.51271e+00  2.46943e-03  1.00848e+00  1.00338e+00
 5.43000e+01  1.00507e+00  2.54001e-03  1.51270e+00  2.52719e-03  1.00847e+00  1.00338e+00
 5.44000e+01  1.00507e+00  2.59798e-03  1.51269e+00  2.58488e-03  1.00846e+00  1.00337e+00
 5.45000e+01  1.00506e+00  2.65586e-03  1.51267e+00  2.64249e-03  1.00845e+00  1.00337e+00
 5.46000e+01  1.00505e+00  2.71368e-03  1.51266e+00  2.70003e-03  1.00844e+00  1.00337e+00
 5.47000e+01  1.00505e+00  2.77141e-03  1.51264e+00  2.75749e-03  1.00843e+00  1.00336e+00
 5.48000e+01  1.00504e+00  2.82906e-03  1.51262e+00  2.81486e-03  1.00842e+00  1.00336e+00
 5.49000e+01  1.00504e+00  2.88662e-03  1.51261e+00  2.87216e-03  1.00841e+00  1.00335e+00
 5.50000e+01  1.00503e+00  2.94410e-03  1.51259e+00  2.92937e-03  1.00839e+00  1.00335e+00
 5.51000e+01  1.00502e+00  3.00150e-03  1.51258e+00  2.98650e-03  1.00838e+00  1.00335e+00
 5.52000e+01  1.00502e+00  3.05880e-03  1.51256e+00  3.04354e-03  1.00837e+00  1.00334e+00
 5.53000e+01  1.00501e+00  3.11602e-03  1.51254e+00  3.10049e-03  1.00836e+00  1.00334e+00
 5.54000e+01  1.00500e+00  3.17314e-03  1.51252e+00  3.15735e-03  1.00835e+00  1.00333e+00
 5.55000e+01  1.00499e+00  3.23017e-03  1.51251e+00  3.21412e-03  1.00834e+00  1.00333e+00
 5.56000e+01  1.00499e+00  3.28711e-03  1.51249e+00  3.27080e-03  1.00832e+00  1.00332e+00
 5.57000e+01  1.00498e+00  3.34394e-03  1.51247e+00  3.32738e-03  1.00831e+00  1.00332e+00
 5.58000e+01  1.00497e+00  3.40068e-03  1.51245e+00  3.38386e-03  1.00830e+00  1.00331e+00
 5.59000e+01  1.00496e+00  3.45732e-03  1.51243e+00  3.44024e-03  1.00829e+00  1.00331e+00
 5.60000e+01  1.00496e+00  3.51385e-03  1.51241e+00  3.49653e-03  1.00827e+00  1.00330e+00
 5.61000e+01  1.00495e+00  3.57028e-03  1.51239e+00  3.55271e-03  1.00826e+00  1.00330e+00
 5.62000e+01  1.00494e+00  3.62661e-03  1.51237e+00  3.60878e-03  1.00825e+00  1.00329e+00
 5.63000e+01  1.00493e+00  3.68283e-03  1.51235e+00  3.66475e-03  1.00823e+00  1.00328e+00
 5.64000e+01  1.00492e+00  3.73893e-03  1.51233e+00  3.72061e-03  1.00822e+00  1.00328e+00
 5.65000e+01  1.00491e+00  3.79493e-03  1.51231e+00  3.77637e-03  1.00820e+00  1.00327e+00
 5.66000e+01  1.00491e+00  3.85081e-03  1.51228e+00  3.83201e-03  1.00819e+00  1.00327e+00
 5.67000e+01  1.00490e+00  3.90658e-03  1.51226e+00  3.88754e-03  1.00817e+00  1.00326e+00
 5.68000e+01  1.00489e+00  3.96223e-03  1.51224e+00  3.94295e-03  1.00816e+00  1.00326e+00
 5.69000e+01  1.00488e+00  4.01776e-03  1.51222e+00  3.99825e-03  1.00814e+00  1.00325e+00
 5.70000e+01  1.00487e+00  4.07317e-03  1.51219e+00  4.05343e-03  1.00813e+00  1.00324e+00
 5.71000e+01  1.00486e+00  4.12846e-03  1.51217e+00  4.10849e-03  1.00811e+00  1.00324e+00
 5.72000e+01  1.00485e+00  4.18363e-03  1.51215e+00  4.16343e-03  1.00810e+00  1.00323e+00
 5.73000e+01  1.00484e+00  4.23867e-03  1.51212e+00  4.21825e-03  1.00808e+00  1.00322e+00
 5.74000e+01  1.00483e+00  4.29359e-03  1.51210e+00  4.27294e-03  1.00807e+00  1.00322e+00
 5.75000e+01  1.00482e+00  4.34837e-03  1.51207e+00  4.32750e-03  1.00805e+00  1.00321e+00
 5.76000e+01  1.00481e+00  4.40303e-03  1.51205e+00  4.38194e-03  1.00803e+00  1.00320e+00
 5.77000e+01  1.00480e+00  4.45755e-03  1.51202e+00  4.43625e-03  1.00802e+00  1.00320e+00
 5.78000e+01  1.00479e+00  4.51194e-03  1.51200e+00  4.49042e-03  1.00800e+00  1.00319e+00
 5.79000e+01  1.00478e+00  4.56619e-03  1.51197e+00  4.54446e-03  1.00798e+00  1.00318e+00
 5.80000e+01  1.00477e+00  4.62030e-03  1.51194e+00  4.59836e-03  1.00796e+00  1.00318e+00
 5.81000e+01  1.00476e+00  4.67427e-03  1.51192e+00  4.65213e-03  1.00794e+00  1.00317e+00
 5.82000e+01  1.00475e+00  4.72811e-03  1.51189e+00  4.70576e-03  1.00793e+00  1.00316e+00
 5.83000e+01  1.00474e+00  4.78180e-03  1.51186e+00  4.75925e-03  1.00791e+00  1.00316e+00
 5.84000e+01  1.00473e+00  4.83534e-03  1.51183e+00  4.81259e-03  1.00789e+00  1.00315e+00
 5.85000e+01  1.00472e+00  4.88874e-03  1.51181e+00  4.86579e-03  1.00787e+00  1.00314e+00
 5.86000e+01  1.00470e+00  4.94199e-03  1.51178e+00  4.91885e-03  1.00785e+00  1.00313e+00
 5.87000e+01  1.00469e+00  4.99509e-03  1.51175e+00  4.97176e-03  1.00783e+00  1.00313e+00
 5.88000e+01  1.00468e+00  5.04803e-03  1.51172e+00  5.02451e-03  1.00781e+00  1.00312e+00
 5.89000e+01  1.00467e+00  5.10083e-03  1.51169e+00  5.07712e-03  1.00779e+00  1.00311e+00
 5.90000e+01  1.00466e+00  5.15346e-03  1.51166e+00  5.12957e-03  1.00777e+00  1.00310e+00
 5.91000e+01  1.00465e+00  5.20594e-03  1.51163e+00  5.18187e-03  1.00775e+00  1.00309e+00
 5.92000e+01  1.00463e+00  5.25827e-03  1.51160e+00  5.23402e-03  1.00773e+00  1.00309e+00
 5.93000e+01  1.00462e+00  5.31042e-03  1.51157e+00  5.28600e-03  1.00771e+00  1.00308e+00
 5.94000e+01  1.00461e+00  5.36242e-03  1.51154e+00  5.33782e-03  1.00769e+00  1.00307e+00
 5.95000e+01  1.00460e+00  5.41425e-03  1.51150e+00  5.38949e-03  1.00767e+00  1.00306e+00
 5.96000e+01  1.00458e+00  5.46592e-03  1.51147e+00  5.44099e-03  1.00765e+00  1.00305e+00
 5.97000e+01  1.00457e+00  5.51742e-03  1.51144e+00  5.49232e-03  1.00763e+00  1.00304e+00
 5.98000e+01  1.00456e+00  5.56875e-03  1.51141e+00  5.54349e-03  1.00761e+00  1.00303e+00
 5.99000e+01  1.00454e+00  5.61990e-03  1.51137e+00  5.59448e-03  1.00758e+00  1.00303e+00
 6.00000e+01  1.00453e+00  5.67088e-03  1.51134e+00  5.64531e-03  1.00756e+00  1.00302e+00
 6.01000e+01  1.00452e+00  5.72169e-03  1.51131e+00  5.69596e-03  1.00754e+00  1.00301e+00
 6.02000e+01  1.00450e+00  5.77232e-03  1.51127e+00  5.74645e-03  1.00752e+00  1.00300e+00
 6.03000e+01  1.00449e+00  5.82277e-03  1.51124e+00  5.79675e-03  1.00749e+00  1.00299e+00
 6.04000e+01  1.00448e+00  5.87304e-03  1.51120e+00  5.84688e-03  1.00747e+00  1.00298e+00
 6.05000e+01  1.00446e+00  5.92313e-03  1.51117e+00  5.89682e-03  1.00745e+00  1.00297e+00
 6.06000e+01  1.00445e+00  5.97304e-03  1.51113e+00  5.94659e-03  1.00742e+00  1.00296e+00
 6.07000e+01  1.00443e+00  6.02275e-03  1.51110e+00  5.99617e-03  1.00740e+00  1.00295e+00
 6.08000e+01  1.00442e+00  6.07228e-03  1.51106e+00  6.04557e-03  1.00737e+00  1.00294e+00
 6.09000e+01  1.00440e+00  6.12162e-03  1.51102e+00  6.09478e-03  1.00735e+00  1.00293e+00
 6.10000e+01  1.00439e+00  6.17077e-03  1.51099e+00  6.14381e-03  1.00732e+00  1.00292e+00
 6.11000e+01  1.00437e+00  6.21973e-03  1.51095e+00  6.19264e-03  1.00730e+00  1.00291e+00
 6.12000e+01  1.00436e+00  6.26849e-03  1.51091e+00  6.24128e-03  1.00727e+00  1.00290e+00
 6.13000e+01  1.00434e+00  6.31705e-03  1.51087e+00  6.28973e-03  1.00725e+00  1.00289e+00
 6.14000e+01  1.00433e+00  6.36542e-03  1.51084e+00  6.33798e-03  1.00722e+00  1.00288e+00
 6.15000e+01  1.00431e+00  6.41358e-03  1.51080e+00  6.38603e-03  1.00720e+00  1.00287e+00
 6.16000e+01  1.00430e+00  6.46154e-03  1.51076e+00  6.43389e-03  1.00717e+00  1.00286e+00
 6.17000e+01  1.00428e+00  6.50930e-03  1.51072e+00  6.48154e-03  1.00715e+00  1.00285e+00
 6.18000e+01  1.00427e+00  6.55685e-03  1.51068e+00  6.52900e-03  1.00712e+00  1.00284e+00
 6.19000e+01  1.00425e+00  6.60420e-03  1.51064e+00  6.57624e-03  1.00709e+00  1.00283e+00
 6.20000e+01  1.00423e+00  6.65133e-03  1.51060e+00  6.62329e-03  1.00707e+00  1.00282e+00
 6.21000e+01  1.00422e+00  6.69825e-03  1.51056e+00  6.67012e-03  1.00704e+00  1.00281e+00
 6.22000e+01  1.00420e+00  6.74496e-03  1.51052e+00  6.71674e-03  1.00701e+00  1.00280e+00
 6.23000e+01  1.00418e+00  6.79146e-03  1.51047e+00  6.76316e-03  1.00698e+00  1.00279e+00
 6.24000e+01  1.00417e+00  6.83774e-03  1.51043e+00  6.80935e-03  1.00696e+00  1.00278e+00
 6.25000e+01  1.00415e+00  6.88380e-03  1.51039e+00  6.85534e-03  1.00693e+00  1.00276e+00
 6.26000e+01  1.00413e+00  6.92964e-03  1.51035e+00  6.90111e-03  1.00690e+00  1.00275e+00
 6.27000e+01  1.00412e+00  6.97525e-03  1.51031e+00  6.94665e-03  1.00687e+00  1.00274e+00
 6.28000e+01  1.00410e+00  7.02065e-03  1.51026e+00  6.99198e-03  1.00684e+00  1.00273e+00
 6.29000e+01  1.00408e+00  7.06581e-03  1.51022e+00  7.03709e-03  1.00681e+00  1.00272e+00
 6.30000e+01  1.00406e+00  7.11075e-03  1.51017e+00  7.08197e-03  1.00678e+00  1.00271e+00
 6.31000e+01  1.00405e+00  7.15546e-03  1.51013e+00  7.12662e-03  1.00675e+00  1.00269e+00
 6.32000e+01  1.00403e+00  7.19994e-03  1.51008e+00  7.17105e-03  1.00672e+00  1.00268e+00
 6.33000e+01  1.00401e+00  7.24419e-03  1.51004e+00  7.21525e-03  1.00669e+00  1.00267e+00
 6.34000e+01  1.00399e+00  7.28820e-03  1.50999e+00  7.25922e-03  1.00666e+00  1.00266e+00
 6.35000e+01  1.00397e+00  7.33198e-03  1.50995e+00  7.30295e-03  1.00663e+00  1.00265e+00
 6.36000e+01  1.00396e+00  7.37551e-03  1.50990e+00  7.34645e-03  1.00660e+00  1.00263e+00
 6.37000e+01  1.00394e+00  7.41881e-03  1.50986e+00  7.38971e-03  1.00657e+00  1.00262e+00
 6.38000e+01  1.00392e+00  7.46186e-03  1.50981e+00  7.43273e-03  1.00654e+00  1.00261e+00
 6.39000e+01  1.00390e+00  7.50467e-03  1.50976e+00  7.47552e-03  1.00651e+00  1.00260e+00
 6.40000e+01  1.00388e+00  7.54724e-03  1.50971e+00  7.51806e-03  1.00648e+00  1.00258e+00
 6.41000e+01  1.00386e+00  7.58955e-03  1.50967e+00  7.56036e-03  1.00644e+00  1.00257e+00
 6.42000e+01  1.00384e+00  7.63162e-03  1.50962e+00  7.60241e-03  1.00641e+00  1.00256e+00
 6.43000e+01  1.00382e+00  7.67344e-03  1.50957e+00  7.64421e-03  1.00638e+00  1.00255e+00
 6.44000e+01  1.00380e+00  7.71500e-03  1.50952e+00  7.68577e-03  1.00635e+00  1.00253e+00
 6.45000e+01  1.00378e+00  7.75631e-03  1.50947e+00  7.72707e-03  1.00631e+00  1.00252e+00
 6.46000e+01  1.00376e+00  7.79736e-03  1.50942e+00  7.76812e-03  1.00628e+00  1.00251e+00
 6.47000e+01  1.00374e+00  7.83816e-03  1.50937e+00  7.80892e-03  1.00625e+00  1.00249e+00
 6.48000e+01  1.00372e+00  7.87869e-03  1.50932e+00  7.84946e-03  1.00621e+00  1.00248e+00
 6.49000e+01  1.00370e+00  7.91896e-03  1.50927e+00  7.88974e-03  1.00618e+00  1.00247e+00
 6.50000e+01  1.00368e+00  7.95897e-03  1.50922e+00  7.92977e-03  1.00614e+00  1.00245e+00
 6.51000e+01  1.00366e+00  7.99871e-03  1.50916e+00  7.96953e-03  1.00611e+00  1.00244e+00
 6.52000e+01  1.00364e+00  8.03819e-03  1.50911e+00  8.00902e-03  1.00608e+00  1.00242e+00
 6.53000e+01  1.00362e+00  8.07739e-03  1.50906e+00  8.04826e-03  1.00604e+00  1.00241e+00
 6.54000e+01  1.00360e+00  8.11633e-03  1.50901e+00  8.08722e-03  1.00601e+00  1.00240e+00
 6.55000e+01  1.00358e+00  8.15499e-03  1.50895e+00  8.12592e-03  1.00597e+00  1.00238e+00
 6.56000e+01  1.00356e+00  8.19338e-03  1.50890e+00  8.16434e-03  1.00593e+00  1.00237e+00
 6.57000e+01  1.00354e+00  8.23149e-03  1.50885e+00  8.20249e-03  1.00590e+00  1.00235e+00
 6.58000e+01  1.00351e+00  8.26932e-03  1.50879e+00  8.24037e-03  1.00586e+00  1.00234e+00
 6.59000e+01  1.00349e+00  8.30688e-03  1.50874e+00  8.27797e-03  1.00583e+00  1.00233e+00
 6.60000e+01  1.00347e+00  8.34415e-03  1.50868e+00  8.31530e-03  1.00579e+00  1.00231e+00
 6.61000e+01  1.00345e+00  8.38114e-03  1.50863e+00  8.35234e-03  1.00575e+00  1.00230e+00
 6.62000e+01  1.00343e+00  8.41784e-03  1.50857e+00  8.38910e-03  1.00571e+00  1.00228e+00
 6.63000e+01  1.00340e+00  8.45426e-03  1.50852e+00  8.42558e-03  1.00568e+00  1.00227e+00
 6.64000e+01  1.00338e+00  8.49038e-03  1.50846e+00  8.46178e-03  1.00564e+00  1.00225e+00
 6.65000e+01  1.00336e+00  8.52622e-03  1.50840e+00  8.49769e-03  1.00560e+00  1.00224e+00
 6.66000e+01  1.00333e+00  8.56176e-03  1.50835e+00  8.53331e-03  1.00556e+00  1.00222e+00
 6.67000e+01  1.00331e+00  8.59701e-03  1.50829e+00  8.56864e-03  1.00553e+00  1.00221e+00
 6.68000e+01  1.00329e+00  8.63197e-03  1.50823e+00  8.60367e-03  1.00549e+00  1.00219e+00
 6.69000e+01  1.00327e+00  8.66662e-03  1.50817e+00  8.63842e-03  1.00545e+00  1.00217e+00
 6.70000e+01  1.00324e+00  8.70098e-03  1.50811e+00  8.67286e-03  1.00541e+00  1.00216e+00
 6.71000e+01  1.00322e+00  8.73504e-03  1.50805e+00  8.70701e-03  1.00537e+00  1.00214e+00
 6.72000e+01  1.00319e+00  8.76879e-03  1.50799e+00  8.74086e-03  1.00533e+00  1.00213e+00
 6.73000e+01  1.00317e+00  8.80224e-03  1.50793e+00  8.77441e-03  1.00529e+00  1.00211e+00
 6.74000e+01  1.00315e+00  8.83538e-03  1.50787e+00  8.80766e-03  1.00525e+00  1.00210e+00
 6.75000e+01  1.00312e+00  8.86821e-03  1.50781e+00  8.84060e-03  1.00521e+00  1.00208e+00
 6.76000e+01  1.00310e+00  8.90073e-03  1.50775e+00  8.87324e-03  1.00517e+00  1.00206e+00
 6.77000e+01  1.00307e+00  8.93294e-03  1.50769e+00  8.90557e-03  1.00513e+00  1.00205e+00
 6.78000e+01  1.00305e+00  8.96484e-03  1.50763e+00  8.93759e-03  1.00509e+00  1.00203e+00
 6.79000e+01  1.00302e+00  8.99642e-03  1.50757e+00  8.96930e-03  1.00505e+00  1.00201e+00
 6.80000e+01  1.00300e+00  9.02769e-03  1.50751e+00  9.00069e-03  1.00500e+00  1.00200e+00
 6.81000e+01  1.00297e+00  9.05864e-03  1.50744e+00  9.03177e-03  1.00496e+00  1.00198e+00
 6.82000e+01  1.00295e+00  9.08926e-03  1.50738e+00  9.06253e-03  1.00492e+00  1.00196e+00
 6.83000e+01  1.00292e+00  9.11956e-03  1.50732e+00  9.09298e-03  1.00488e+00  1.00195e+00
 6.84000e+01  1.00290e+00  9.14954e-03  1.50725e+00  9.12310e-03  1.00483e+00  1.00193e+00
 6.85000e+01  1.00287e+00  9.17920e-03  1.50719e+00  9.15291e-03  1.00479e+00  1.00191e+00
 6.86000e+01  1.00285e+00  9.20853e-03  1.50712e+00  9.18239e-03  1.00475e+00  1.00190e+00
 6.87000e+01  1.00282e+00  9.23752e-03  1.50706e+00  9.21154e-03  1.00471e+00  1.00188e+00
 6.88000e+01  1.00279e+00  9.26619e-03  1.50699e+00  9.24037e-03  1.00466e+00  1.00186e+00
 6.89000e+01  1.00277e+00  9.29452e-03  1.50693e+00  9.26886e-03  1.00462e+00  1.00184e+00
 6.90000e+01  1.00274e+00  9.32252e-03  1.50686e+00  9.29703e-03  1.00457e+00  1.00183e+00
 6.91000e+01  1.00272e+00  9.35019e-03  1.50679e+00  9.32487e-03  1.00453e+00  1.00181e+00
 6.92000e+01  1.00269e+00  9.37752e-03  1.50673e+00  9.35237e-03  1.00448e+00  1.00179e+00
 6.93000e+01  1.00266e+00  9.40450e-03  1.50666e+00  9.37954e-03  1.00444e+00  1.00177e+00
 6.94000e+01  1.00263e+00  9.43115e-03  1.50659e+00  9.40637e-03  1.00439e+00  1.00176e+00
 6.95000e+01  1.00261e+00  9.45745e-03  1.50652e+00  9.43286e-03  1.00435e+00  1.00174e+00
 6.96000e+01  1.00258e+00  9.48341e-03  1.50646e+00  9.45901e-03  1.00430e+00  1.00172e+00
 6.97000e+01  1.00255e+00  9.50903e-03  1.50639e+00  9.48481e-03  1.00426e+00  1.00170e+00
 6.98000e+01  1.00253e+00  9.53429e-03  1.50632e+00  9.51028e-03  1.00421e+00  1.00168e+00
 6.99000e+01  1.00250e+00  9.55921e-03  1.50625e+00  9.53540e-03  1.00417e+00  1.00166e+00
 7.00000e+01  1.00247e+00  9.58378e-03  1.50618e+00  9.56017e-03  1.00412e+00  1.00165e+00
 7.01000e+01  1.00244e+00  9.60799e-03  1.50611e+00  9.58459e-03  1.00407e+00  1.00163e+00
 7.02000e+01  1.00241e+00  9.63185e-03  1.50604e+00  9.60866e-03  1.00403e+00  1.00161e+00
 7.03000e+01  1.00238e+00  9.65535e-03  1.50597e+00  9.63238e-03  1.00398e+00  1.00159e+00
 7.04000e+01  1.00236e+00  9.67850e-03  1.50590e+00  9.65575e-03  1.00393e+00  1.00157e+00
 7.05000e+01  1.00233e+00  9.70129e-03  1.50582e+00  9.67876e-03  1.00388e+00  1.00155e+00
 7.06000e+01  1.00230e+00  9.72371e-03  1.50575e+00  9.70141e-03  1.00383e+00  1.00153e+00
 7.07000e+01  1.00227e+00  9.74578e-03  1.50568e+00  9.72371e-03  1.00379e+00  1.00151e+00
 7.08000e+01  1.00224e+00  9.76748e-03  1.50561e+00  9.74564e-03  1.00374e+00  1.00149e+00
 7.09000e+01  1.00221e+00  9.78882e-03  1.50553e+00  9.76722e-03  1.00369e+00  1.00147e+00
 7.10000e+01  1.00218e+00  9.80979e-03  1.50546e+00  9.78843e-03  1.00364e+00  1.00145e+00
 7.11000e+01  1.00215e+00  9.83039e-03  1.50539e+00  9.80927e-03  1.00359e+00  1.00143e+00
 7.12000e+01  1.00212e+00  9.85062e-03  1.50531e+00  9.82975e-03  1.00354e+00  1.00141e+00
 7.13000e+01  1.00209e+00  9.87048e-03  1.50524e+00  9.84986e-03  1.00349e+00  1.00139e+00
 7.14000e+01  1.00206e+00  9.88996e-03  1.50516e+00  9.86960e-03  1.00344e+00  1.00137e+00
 7.15000e+01  1.00203e+00  9.90908e-03  1.50509e+00  9.88897e-03  1.00339e+00  1.00135e+00
 7.16000e+01  1.00200e+00  9.92781e-03  1.50501e+00  9.90797e-03  1.00334e+00  1.00133e+00
 7.17000e+01  1.00197e+00  9.94617e-03  1.50493e+00  9.92659e-03  1.00329e+00  1.00131e+00
 7.18000e+01  1.00194e+00  9.96415e-03  1.50486e+00  9.94484e-03  1.00324e+00  1.00129e+00
 7.19000e+01  1.00191e+00  9.98175e-03  1.50478e+00  9.96271e-03  1.00319e+00  1.00127e+00
 7.20000e+01  1.00188e+00  9.99896e-03  1.50470e+00  9.98020e-03  1.00314e+00  1.00125e+00
 7.21000e+01  1.00185e+00  1.00158e-02  1.50463e+00  9.99731e-03  1.00308e+00  1.00123e+00
 7.22000e+01  1.00182e+00  1.00322e-02  1.50455e+00  1.00140e-02  1.00303e+00  1.00121e+00
 7.23000e+01  1.00179e+00  1.00483e-02  1.50447e+00  1.00304e-02  1.00298e+00  1.00119e+00
 7.24000e+01  1.00176e+00  1.00640e-02  1.50439e+00  1.00463e-02  1.00293e+00  1.00117e+00
 7.25000e+01  1.00172e+00  1.00793e-02  1.50431e+00  1.00619e-02  1.00287e+00  1.00115e+00
 7.26000e+01  1.00169e+00  1.00942e-02  1.50423e+00  1.00771e-02  1.00282e+00  1.00113e+00
 7.27000e+01  1.00166e+00  1.01087e-02  1.50415e+00  1.00919e-02  1.00277e+00  1.00111e+00
 7.28000e+01  1.00163e+00  1.01228e-02  1.50407e+00  1.01063e-02  1.00271e+00  1.00109e+00
 7.29000e+01  1.00160e+00  1.01365e-02  1.50399e+00  1.01203e-02  1.00266e+00  1.00106e+00
 7.30000e+01  1.00156e+00  1.01498e-02  1.50391e+00  1.01340e-02  1.00261e+00  1.00104e+00
 7.31000e+01  1.00153e+00  1.01627e-02  1.50383e+00  1.01472e-02  1.00255e+00  1.00102e+00
 7.32000e+01  1.00150e+00  1.01752e-02  1.50375e+00  1.01600e-02  1.00250e+00  1.00100e+00
 7.33000e+01  1.00147e+00  1.01874e-02  1.50367e+00  1.01725e-02  1.00244e+00  1.00098e+00
 7.34000e+01  1.00143e+00  1.01991e-02  1.50358e+00  1.01845e-02  1.00239e+00  1.00096e+00
 7.35000e+01  1.00140e+00  1.02104e-02  1.50350e+00  1.01961e-02  1.00233e+00  1.00093e+00
 7.36000e+01  1.00137e+00  1.02213e-02  1.50342e+00  1.02074e-02  1.00228e+00  1.00091e+00
 7.37000e+01  1.00133e+00  1.02318e-02  1.50334e+00  1.02182e-02  1.00222e+00  1.00089e+00
 7.38000e+01  1.00130e+00  1.02419e-02  1.50325e+00  1.02286e-02  1.00217e+00  1.00087e+00
 7.39000e+01  1.00127e+00  1.02516e-02  1.50317e+00  1.02387e-02  1.00211e+00  1.00084e+00
 7.40000e+01  1.00123e+00  1.02609e-02  1.50308e+00  1.02483e-02  1.00206e+00  1.00082e+00
 7.41000e+01  1.00120e+00  1.02698e-02  1.50300e+00  1.02575e-02  1.00200e+00  1.00080e+00
 7.42000e+01  1.00116e+00  1.02782e-02  1.50291e+00  1.02663e-02  1.00194e+00  1.00078e+00
 7.43000e+01  1.00113e+00  1.02863e-02  1.50283e+00  1.02747e-02  1.00189e+00  1.00075e+00
 7.44000e+01  1.00110e+00  1.02939e-02  1.50274e+00  1.02827e-02  1.00183e+00  1.00073e+00
 7.45000e+01  1.00106e+00  1.03012e-02  1.50266e+00  1.02902e-02  1.00177e+00  1.00071e+00
 7.46000e+01  1.00103e+00  1.03080e-02  1.50257e+00  1.02974e-02  1.00171e+00  1.00069e+00
 7.47000e+01  1.00099e+00  1.03144e-02  1.50248e+00  1.03041e-02  1.00166e+00  1.00066e+00
 7.48000e+01  1.00096e+00  1.03203e-02  1.50240e+00  1.03105e-02  1.00160e+00  1.00064e+00
 7.49000e+01  1.00092e+00  1.03259e-02  1.50231e+00  1.03164e-02  1.00154e+00  1.00062e+00
 7.50000e+01  1.00089e+00  1.03310e-02  1.50222e+00  1.03218e-02  1.00148e+00  1.00059e+00
 7.51000e+01  1.00085e+00  1.03357e-02  1.50213e+00  1.03269e-02  1.00142e+00  1.00057e+00
 7.52000e+01  1.00082e+00  1.03400e-02  1.50204e+00  1.03316e-02  1.00136e+00  1.00055e+00
 7.53000e+01  1.00078e+00  1.03439e-02  1.50196e+00  1.03358e-02  1.00130e+00  1.00052e+00
 7.54000e+01  1.00075e+00  1.03473e-02  1.50187e+00  1.03396e-02  1.00124e+00  1.00050e+00
 7.55000e+01  1.00071e+00  1.03503e-02  1.50178e+00  1.03430e-02  1.00118e+00  1.00047e+00
 7.56000e+01  1.00067e+00  1.03529e-02  1.50169e+00  1.03459e-02  1.00113e+00  1.00045e+00
 7.57000e+01  1.00064e+00  1.03551e-02  1.50160e+00  1.03485e-02  1.00107e+00  1.00043e+00
 7.58000e+01  1.00060e+00  1.03568e-02  1.50151e+00  1.03506e-02  1.00100e+00  1.00040e+00
 7.59000e+01  1.00057e+00  1.03581e-02  1.50142e+00  1.03523e-02  1.00094e+00  1.00038e+00
 7.60000e+01  1.00053e+00  1.03590e-02  1.50133e+00  1.03535e-02  1.00088e+00  1.00035e+00
 7.61000e+01  1.00049e+00  1.03594e-02  1.50123e+00  1.03543e-02  1.00082e+00  1.00033e+00
 7.62000e+01  1.00046e+00  1.03595e-02  1.50114e+00  1.03547e-02  1.00076e+00  1.00031e+00
 7.63000e+01  1.00042e+00  1.03590e-02  1.50105e+00  1.03547e-02  1.00070e+00  1.00028e+00
 7.64000e+01  1.00038e+00  1.03582e-02  1.50096e+00  1.03542e-02  1.00064e+00  1.00026e+00
 7.65000e+01  1.00035e+00  1.03569e-02  1.50087e+00  1.03533e-02  1.00058e+00  1.00023e+00
 7.66000e+01  1.00031e+00  1.03552e-02  1.50077e+00  1.03520e-02  1.00052e+00  1.00021e+00
 7.67000e+01  1.00027e+00  1.03530e-02  1.50068e+00  1.03502e-02  1.00045e+00  1.00018e+00
 7.68000e+01  1.00023e+00  1.03504e-02  1.50059e+00  1.03480e-02  1.00039e+00  1.00016e+00
 7.69000e+01  1.00020e+00  1.03474e-02  1.50049e+00  1.03454e-02  1.00033e+00  1.00013e+00
 7.70000e+01  1.00016e+00  1.03439e-02  1.50040e+00  1.03423e-02  1.00027e+00  1.00011e+00
 7.71000e+01  1.00012e+00  1.03400e-02  1.50030e+00  1.03388e-02  1.00020e+00  1.00008e+00
 7.72000e+01  1.00008e+00  1.03357e-02  1.50021e+00  1.03348e-02  1.00014e+00  1.00006e+00
 7.73000e+01  1.00005e+00  1.03309e-02  1.50012e+00  1.03304e-02  1.00008e+00  1.00003e+00
 7.74000e+01  1.00001e+00  1.03257e-02  1.50002e+00  1.03256e-02  1.00001e+00  1.00001e+00
 7.75000e+01  9.99969e-01  1.03200e-02  1.49992e+00  1.03203e-02  9.99950e-01  9.99980e-01
 7.76000e+01  9.99931e-01  1.03139e-02  1.49983e+00  1.03146e-02  9.99886e-01  9.99955e-01
 7.77000e+01  9.99893e-01  1.03074e-02  1.49973e+00  1.03085e-02  9.99822e-01  9.99929e-01
 7.78000e+01  9.99854e-01  1.03004e-02  1.49964e+00  1.03019e-02  9.99758e-01  9.99904e-01
 7.79000e+01  9.99816e-01  1.02930e-02  1.49954e+00  1.02949e-02  9.99693e-01  9.99878e-01
 7.80000e+01  9.99777e-01  1.02851e-02  1.49944e+00  1.02874e-02  9.99629e-01  9.99852e-01
 7.81000e+01  9.99738e-01  1.02768e-02  1.49935e+00  1.02795e-02  9.99564e-01  9.99826e-01
 7.82000e+01  9.99699e-01  1.02681e-02  1.49925e+00  1.02711e-02  9.99499e-01  9.99800e-01
 7.83000e+01  9.99660e-01  1.02589e-02  1.49915e+00  1.02623e-02  9.99434e-01  9.99774e-01
 7.84000e+01  9.99621e-01  1.02492e-02  1.49905e+00  1.02531e-02  9.99369e-01  9.99748e-01
 7.85000e+01  9.99582e-01  1.02391e-02  1.49896e+00  1.02434e-02  9.99304e-01  9.99722e-01
 7.86000e+01  9.99542e-01  1.02286e-02  1.49886e+00  1.02333e-02  9.99238e-01  9.99696e-01
 7.87000e+01  9.99503e-01  1.02176e-02  1.49876e+00  1.02227e-02  9.99172e-01  9.99669e-01
 7.88000e+01  9.99463e-01  1.02062e-02  1.49866e+00  1.02117e-02  9.99107e-01  9.99643e-01
 7.89000e+01  9.99424e-01  1.01944e-02  1.49856e+00  1.02002e-02  9.99041e-01  9.99617e-01
 7.90000e+01  9.99384e-01  1.01821e-02  1.49846e+00  1.01883e-02  9.98974e-01  9.99590e-01
 7.91000e+01  9.99344e-01  1.01693e-02  1.49836e+00  1.01760e-02  9.98908e-01  9.99564e-01
 7.92000e+01  9.99304e-01  1.01561e-02  1.49826e+00  1.01632e-02  9.98842e-01  9.99537e-01
 7.93000e+01  9.99264e-01  1.01425e-02  1.49816e+00  1.01499e-02  9.98775e-01  9.99510e-01
 7.94000e+01  9.99224e-01  1.01284e-02  1.49806e+00  1.01363e-02  9.98708e-01  9.99484e-01
 7.95000e+01  9.99184e-01  1.01139e-02  1.49796e+00  1.01221e-02  9.98641e-01  9.99457e-01
 7.96000e+01  9.99144e-01  1.00989e-02  1.49786e+00  1.01075e-02  9.98574e-01  9.99430e-01
 7.97000e+01  9.99103e-01  1.00835e-02  1.49776e+00  1.00925e-02  9.98507e-01  9.99403e-01
 7.98000e+01  9.99063e-01  1.00676e-02  1.49766e+00  1.00771e-02  9.98440e-01  9.99376e-01
 7.99000e+01  9.99023e-01  1.00513e-02  1.49756e+00  1.00611e-02  9.98372e-01  9.99349e-01
 8.00000e+01  9.98982e-01  1.00346e-02  1.49746e+00  1.00448e-02  9.98305e-01  9.99322e-01
 8.01000e+01  9.98941e-01  1.00174e-02  1.49736e+00  1.00280e-02  9.98237e-01  9.99295e-01
 8.02000e+01  9.98901e-01  9.99972e-03  1.49725e+00  1.00107e-02  9.98169e-01  9.99268e-01
 8.03000e+01  9.98860e-01  9.98164e-03  1.49715e+00  9.99303e-03  9.98101e-01  9.99240e-01
 8.04000e+01  9.98819e-01  9.96312e-03  1.49705e+00  9.97490e-03  9.98033e-01  9.99213e-01
 8.05000e+01  9.98778e-01  9.94415e-03  1.49695e+00  9.95632e-03  9.97965e-01  9.99186e-01
 8.06000e+01  9.98737e-01  9.92474e-03  1.49684e+00  9.93729e-03  9.97897e-01  9.99159e-01
 8.07000e+01  9.98696e-01  9.90489e-03  1.49674e+00  9.91783e-03  9.97828e-01  9.99131e-01
 8.08000e+01  9.98655e-01  9.88460e-03  1.49664e+00  9.89792e-03  9.97760e-01  9.99104e-01
 8.09000e+01  9.98614e-01  9.86387e-03  1.49654e+00  9.87756e-03  9.97691e-01  9.99076e-01
 8.10000e+01  9.98572e-01  9.84270e-03  1.49643e+00  9.85677e-03  9.97622e-01  9.99049e-01
 8.11000e+01  9.98531e-01  9.82109e-03  1.49633e+00  9.83553e-03  9.97554e-01  9.99021e-01
 8.12000e+01  9.98490e-01  9.79903e-03  1.49623e+00  9.81386e-03  9.97485e-01  9.98994e-01
 8.13000e+01  9.98448e-01  9.77655e-03  1.49612e+00  9.79174e-03  9.97416e-01  9.98966e-01
 8.14000e+01  9.98407e-01  9.75362e-03  1.49602e+00  9.76918e-03  9.97347e-01  9.98938e-01
 8.15000e+01  9.98365e-01  9.73025e-03  1.49592e+00  9.74619e-03  9.97278e-01  9.98911e-01
 8.16000e+01  9.98324e-01  9.70645e-03  1.49581e+00  9.72275e-03  9.97208e-01  9.98883e-01
 8.17000e+01  9.98282e-01  9.68222e-03  1.49571e+00  9.69888e-03  9.97139e-01  9.98855e-01
 8.18000e+01  9.98240e-01  9.65755e-03  1.49560e+00  9.67457e-03  9.97070e-01  9.98827e-01
 8.19000e+01  9.98199e-01  9.63244e-03  1.49550e+00  9.64982e-03  9.97000e-01  9.98799e-01
 8.20000e+01  9.98157e-01  9.60690e-03  1.49540e+00  9.62464e-03  9.96931e-01  9.98772e-01
 8.21000e+01  9.98115e-01  9.58093e-03  1.49529e+00  9.59902e-03  9.96861e-01  9.98744e-01
 8.22000e+01  9.98073e-01  9.55453e-03  1.49519e+00  9.57297e-03  9.96792e-01  9.98716e-01
 8.23000e+01  9.98032e-01  9.52770e-03  1.49508e+00  9.54649e-03  9.96722e-01  9.98688e-01
 8.24000e+01  9.97990e-01  9.50043e-03  1.49498e+00  9.51957e-03  9.96652e-01  9.98660e-01
 8.25000e+01  9.97948e-01  9.47274e-03  1.49487e+00  9.49223e-03  9.96582e-01  9.98632e-01
 8.26000e+01  9.97906e-01  9.44463e-03  1.49477e+00  9.46445e-03  9.96513e-01  9.98604e-01
 8.27000e+01  9.97864e-01  9.41608e-03  1.49466e+00  9.43624e-03  9.96443e-01  9.98576e-01
 8.28000e+01  9.97822e-01  9.38712e-03  1.49456e+00  9.40761e-03  9.96373e-01  9.98548e-01
 8.29000e+01  9.97780e-01  9.35772e-03  1.49445e+00  9.37855e-03  9.96303e-01  9.98520e-01
 8.30000e+01  9.97738e-01  9.32791e-03  1.49435e+00  9.34906e-03  9.96233e-01  9.98492e-01
 8.31000e+01  9.97696e-01  9.29767e-03  1.49424e+00  9.31915e-03  9.96163e-01  9.98464e-01
 8.32000e+01  9.97654e-01  9.26702e-03  1.49414e+00  9.28881e-03  9.96093e-01  9.98436e-01
 8.33000e+01  9.97612e-01  9.23594e-03  1.49404e+00  9.25805e-03  9.96023e-01  9.98408e-01
 8.34000e+01  9.97570e-01  9.20445e-03  1.49393e+00  9.22687e-03  9.95953e-01  9.98380e-01
 8.35000e+01  9.97528e-01  9.17254e-03  1.49383e+00  9.19528e-03  9.95883e-01  9.98352e-01
 8.36000e+01  9.97486e-01  9.14022e-03  1.49372e+00  9.16326e-03  9.95813e-01  9.98324e-01
 8.37000e+01  9.97444e-01  9.10749e-03  1.49362e+00  9.13083e-03  9.95744e-01  9.98295e-01
 8.38000e+01  9.97402e-01  9.07434e-03  1.49351e+00  9.09798e-03  9.95674e-01  9.98267e-01
 8.39000e+01  9.97360e-01  9.04078e-03  1.49341e+00  9.06472e-03  9.95604e-01  9.98239e-01
 8.40000e+01  9.97318e-01  9.00682e-03  1.49330e+00  9.03104e-03  9.95534e-01  9.98211e-01
 8.41000e+01  9.97276e-01  8.97244e-03  1.49320e+00  8.99695e-03  9.95464e-01  9.98183e-01
 8.42000e+01  9.97234e-01  8.93767e-03  1.49309e+00  8.96246e-03  9.95394e-01  9.98155e-01
 8.43000e+01  9.97192e-01  8.90248e-03  1.49299e+00  8.92756e-03  9.95324e-01  9.98127e-01
 8.44000e+01  9.97150e-01  8.86690e-03  1.49288e+00  8.89225e-03  9.95254e-01  9.98099e-01
 8.45000e+01  9.97108e-01  8.83092e-03  1.49278e+00  8.85653e-03  9.95185e-01  9.98071e-01
 8.46000e+01  9.97066e-01  8.79453e-03  1.49267e+00  8.82041e-03  9.95115e-01  9.98043e-01
 8.47000e+01  9.97024e-01  8.75776e-03  1.49257e+00  8.78390e-03  9.95045e-01  9.98015e-01
 8.48000e+01  9.96982e-01  8.72058e-03  1.49246e+00  8.74698e-03  9.94976e-01  9.97987e-01
 8.49000e+01  9.96940e-01  8.68302e-03  1.49236e+00  8.70966e-03  9.94906e-01  9.97960e-01
 8.50000e+01  9.96899e-01  8.64506e-03  1.49226e+00  8.67195e-03  9.94837e-01  9.97932e-01
 8.51000e+01  9.96857e-01  8.60671e-03  1.49215e+00  8.63385e-03  9.94767e-01  9.97904e-01
 8.52000e+01  9.96815e-01  8.56798e-03  1.49205e+00  8.59535e-03  9.94698e-01  9.97876e-01
 8.53000e+01  9.96774e-01  8.52886e-03  1.49194e+00  8.55646e-03  9.94629e-01  9.97848e-01
 8.54000e+01  9.96732e-01  8.48935e-03  1.49184e+00  8.51719e-03  9.94560e-01  9.97821e-01
 8.55000e+01  9.96691e-01  8.44947e-03  1.49174e+00  8.47753e-03  9.94491e-01  9.97793e-01
 8.56000e+01  9.96649e-01  8.40921e-03  1.49163e+00  8.43748e-03  9.94422e-01  9.97765e-01
 8.57000e+01  9.96608e-01  8.36857e-03  1.49153e+00  8.39705e-03  9.94353e-01  9.97738e-01
 8.58000e+01  9.96566e-01  8.32755e-03  1.49143e+00  8.35625e-03  9.94284e-01  9.97710e-01
 8.59000e+01  9.96525e-01  8.28617e-03  1.49132e+00  8.31506e-03  9.94216e-01  9.97682e-01
 8.60000e+01  9.96484e-01  8.24441e-03  1.49122e+00  8.27350e-03  9.94147e-01  9.97655e-01
 8.61000e+01  9.96443e-01  8.20228e-03  1.49112e+00  8.23156e-03  9.94079e-01  9.97627e-01
 8.62000e+01  9.96402e-01  8.15979e-03  1.49102e+00  8.18926e-03  9.94011e-01  9.97600e-01
 8.63000e+01  9.96361e-01  8.11693e-03  1.49091e+00  8.14658e-03  9.93943e-01  9.97573e-01
 8.64000e+01  9.96320e-01  8.07372e-03  1.49081e+00  8.10354e-03  9.93875e-01  9.97545e-01
 8.65000e+01  9.96279e-01  8.03014e-03  1.49071e+00  8.06013e-03  9.93807e-01  9.97518e-01
 8.66000e+01  9.96239e-01  7.98621e-03  1.49061e+00  8.01636e-03  9.93739e-01  9.97491e-01
 8.67000e+01  9.96198e-01  7.94192e-03  1.49051e+00  7.97223e-03  9.93672e-01  9.97464e-01
 8.68000e+01  9.96158e-01  7.89728e-03  1.49041e+00  7.92774e-03  9.93604e-01  9.97437e-01
 8.69000e+01  9.96117e-01  7.85229e-03  1.49031e+00  7.88290e-03  9.93537e-01  9.97410e-01
 8.70000e+01  9.96077e-01  7.80695e-03  1.49021e+00  7.83770e-03  9.93470e-01  9.97383e-01
 8.71000e+01  9.96037e-01  7.76127e-03  1.49011e+00  7.79215e-03  9.93403e-01  9.97356e-01
 8.72000e+01  9.95997e-01  7.71525e-03  1.49001e+00  7.74626e-03  9.93337e-01  9.97329e-01
 8.73000e+01  9.95957e-01  7.66888e-03  1.48991e+00  7.70002e-03  9.93270e-01  9.97303e-01
 8.74000e+01  9.95917e-01  7.62218e-03  1.48981e+00  7.65343e-03  9.93204e-01  9.97276e-01
 8.75000e+01  9.95877e-01  7.57515e-03  1.48971e+00  7.60651e-03  9.93138e-01  9.97250e-01
 8.76000e+01  9.95838e-01  7.52778e-03  1.48961e+00  7.55925e-03  9.93072e-01  9.97223e-01
 8.77000e+01  9.95798e-01  7.48009e-03  1.48951e+00  7.51165e-03  9.93007e-01  9.97197e-01
 8.78000e+01  9.95759e-01  7.43207e-03  1.48941e+00  7.46372e-03  9.92941e-01  9.97171e-01
 8.79000e+01  9.95720e-01  7.38372e-03  1.48931e+00  7.41546e-03  9.92876e-01  9.97144e-01
 8.80000e+01  9.95681e-01  7.33505e-03  1.48922e+00  7.36687e-03  9.92811e-01  9.97118e-01
 8.81000e+01  9.95642e-01  7.28607e-03  1.48912e+00  7.31796e-03  9.92747e-01  9.97092e-01
 8.82000e+01  9.95603e-01  7.23676e-03  1.48902e+00  7.26872e-03  9.92682e-01  9.97067e-01
 8.83000e+01  9.95564e-01  7.18715e-03  1.48893e+00  7.21917e-03  9.92618e-01  9.97041e-01
 8.84000e+01  9.95526e-01  7.13722e-03  1.48883e+00  7.16930e-03  9.92554e-01  9.97015e-01
 8.85000e+01  9.95488e-01  7.08699e-03  1.48874e+00  7.11911e-03  9.92491e-01  9.96990e-01
 8.86000e+01  9.95449e-01  7.03645e-03  1.48864e+00  7.06862e-03  9.92427e-01  9.96964e-01
 8.87000e+01  9.95411e-01  6.98561e-03  1.48855e+00  7.01781e-03  9.92364e-01  9.96939e-01
 8.88000e+01  9.95374e-01  6.93447e-03  1.48845e+00  6.96670e-03  9.92301e-01  9.96913e-01
 8.89000e+01  9.95336e-01  6.88303e-03  1.48836e+00  6.91528e-03  9.92239e-01  9.96888e-01
 8.90000e+01  9.95299e-01  6.83130e-03  1.48826e+00  6.86357e-03  9.92177e-01  9.96863e-01
 8.91000e+01  9.95261e-01  6.77928e-03  1.48817e+00  6.81156e-03  9.92115e-01  9.96838e-01
 8.92000e+01  9.95224e-01  6.72697e-03  1.48808e+00  6.75925e-03  9.92053e-01  9.96814e-01
 8.93000e+01  9.95187e-01  6.67437e-03  1.48799e+00  6.70665e-03  9.91992e-01  9.96789e-01
 8.94000e+01  9.95150e-01  6.62150e-03  1.48790e+00  6.65377e-03  9.91931e-01  9.96764e-01
 8.95000e+01  9.95114e-01  6.56834e-03  1.48780e+00  6.60059e-03  9.91870e-01  9.96740e-01
 8.96000e+01  9.95078e-01  6.51491e-03  1.48771e+00  6.54714e-03  9.91810e-01  9.96716e-01
 8.97000e+01  9.95041e-01  6.46120e-03  1.48762e+00  6.49340e-03  9.91750e-01  9.96692e-01
 8.98000e+01  9.95006e-01  6.40723e-03  1.48753e+00  6.43939e-03  9.91690e-01  9.96668e-01
 8.99000e+01  9.94970e-01  6.35298e-03  1.48745e+00  6.38510e-03  9.91630e-01  9.96644e-01
 9.00000e+01  9.94934e-01  6.29847e-03  1.48736e+00  6.33054e-03  9.91571e-01  9.96620e-01
 9.01000e+01  9.94899e-01  6.24370e-03  1.48727e+00  6.27571e-03  9.91513e-01  9.96596e-01
 9.02000e+01  9.94864e-01  6.18867e-03  1.48718e+00  6.22062e-03  9.91455e-01  9.96573e-01
 9.03000e+01  9.94829e-01  6.13338e-03  1.48709e+00  6.16526e-03  9.91397e-01  9.96550e-01
 9.04000e+01  9.94794e-01  6.07784e-03  1.48701e+00  6.10965e-03  9.91339e-01  9.96527e-01
 9.05000e+01  9.94760e-01  6.02205e-03  1.48692e+00  6.05378e-03  9.91282e-01  9.96504e-01
 9.06000e+01  9.94726e-01  5.96602e-03  1.48684e+00  5.99765e-03  9.91225e-01  9.96481e-01
 9.07000e+01  9.94692e-01  5.90974e-03  1.48675e+00  5.94127e-03  9.91169e-01  9.96458e-01
 9.08000e+01  9.94658e-01  5.85321e-03  1.48667e+00  5.88465e-03  9.91113e-01  9.96436e-01
 9.09000e+01  9.94625e-01  5.79645e-03  1.48659e+00  5.82778e-03  9.91057e-01  9.96413e-01
 9.10000e+01  9.94591e-01  5.73946e-03  1.48650e+00  5.77067e-03  9.91002e-01  9.96391e-01
 9.11000e+01  9.94558e-01  5.68223e-03  1.48642e+00  5.71332e-03  9.90947e-01  9.96369e-01
 9.12000e+01  9.94526e-01  5.62477e-03  1.48634e+00  5.65573e-03  9.90893e-01  9.96347e-01
 9.13000e+01  9.94493e-01  5.56709e-03  1.48626e+00  5.59792e-03  9.90839e-01  9.96326e-01
 9.14000e+01  9.94461e-01  5.50918e-03  1.48618e+00  5.53987e-03  9.90786e-01  9.96304e-01
 9.15000e+01  9.94429e-01  5.45105e-03  1.48610e+00  5.48159e-03  9.90733e-01  9.96283e-01
 9.16000e+01  9.94398e-01  5.39271e-03  1.48602e+00  5.42309e-03  9.90680e-01  9.96262e-01
 9.17000e+01  9.94366e-01  5.33415e-03  1.48594e+00  5.36437e-03  9.90628e-01  9.96241e-01
 9.18000e+01  9.94335e-01  5.27538e-03  1.48586e+00  5.30543e-03  9.90576e-01  9.96220e-01
 9.19000e+01  9.94304e-01  5.21640e-03  1.48579e+00  5.24628e-03  9.90525e-01  9.96199e-01
 9.20000e+01  9.94274e-01  5.15721e-03  1.48571e+00  5.18692e-03  9.90474e-01  9.96179e-01
 9.21000e+01  9.94243e-01  5.09782e-03  1.48564e+00  5.12734e-03  9.90424e-01  9.96159e-01
 9.22000e+01  9.94213e-01  5.03824e-03  1.48556e+00  5.06756e-03  9.90374e-01  9.96139e-01
 9.23000e+01  9.94184e-01  4.97845e-03  1.48549e+00  5.00758e-03  9.90325e-01  9.96119e-01
 9.24000e+01  9.94154e-01  4.91847e-03  1.48541e+00  4.94739e-03  9.90276e-01  9.96099e-01
 9.25000e+01  9.94125e-01  4.85830e-03  1.48534e+00  4.88701e-03  9.90228e-01  9.96080e-01
 9.26000e+01  9.94096e-01  4.79794e-03  1.48527e+00  4.82644e-03  9.90180e-01  9.96060e-01
 9.27000e+01  9.94068e-01  4.73740e-03  1.48520e+00  4.76567e-03  9.90133e-01  9.96041e-01
 9.28000e+01  9.94039e-01  4.67668e-03  1.48513e+00  4.70472e-03  9.90086e-01  9.96023e-01
 9.29000e+01  9.94012e-01  4.61577e-03  1.48506e+00  4.64358e-03  9.90039e-01  9.96004e-01
 9.30000e+01  9.93984e-01  4.55469e-03  1.48499e+00  4.58226e-03  9.89994e-01  9.95985e-01
 9.31000e+01  9.93957e-01  4.49343e-03  1.48492e+00  4.52076e-03  9.89948e-01  9.95967e-01
 9.32000e+01  9.93930e-01  4.43201e-03  1.48486e+00  4.45908e-03  9.89904e-01  9.95949e-01
 9.33000e+01  9.93903e-01  4.37042e-03  1.48479e+00  4.39722e-03  9.89859e-01  9.95931e-01
 9.34000e+01  9.93877e-01  4.30866e-03  1.48472e+00  4.33520e-03  9.89816e-01  9.95914e-01
 9.35000e+01  9.93851e-01  4.24674e-03  1.48466e+00  4.27301e-03  9.89773e-01  9.95897e-01
 9.36000e+01  9.93825e-01  4.18465e-03  1.48460e+00  4.21065e-03  9.89730e-01  9.95879e-01
 9.37000e+01  9.93800e-01  4.12242e-03  1.48453e+00  4.14814e-03  9.89688e-01  9.95862e-01
 9.38000e+01  9.93775e-01  4.06003e-03  1.48447e+00  4.08546e-03  9.89647e-01  9.95846e-01
 9.39000e+01  9.93750e-01  3.99748e-03  1.48441e+00  4.02263e-03  9.89606e-01  9.95829e-01
 9.40000e+01  9.93726e-01  3.93479e-03  1.48435e+00  3.95964e-03  9.89565e-01  9.95813e-01
 9.41000e+01  9.93702e-01  3.87196e-03  1.48429e+00  3.89650e-03  9.89526e-01  9.95797e-01
 9.42000e+01  9.93678e-01  3.80898e-03  1.48423e+00  3.83321e-03  9.89486e-01  9.95781e-01
 9.43000e+01  9.93655e-01  3.74586e-03  1.48417e+00  3.76978e-03  9.89448e-01  9.95766e-01
 9.44000e+01  9.93632e-01  3.68261e-03  1.48411e+00  3.70621e-03  9.89410e-01  9.95750e-01
 9.45000e+01  9.93610e-01  3.61922e-03  1.48406e+00  3.64249e-03  9.89372e-01  9.95735e-01
 9.46000e+01  9.93587e-01  3.55570e-03  1.48400e+00  3.57864e-03  9.89335e-01  9.95721e-01
 9.47000e+01  9.93566e-01  3.49204e-03  1.48395e+00  3.51466e-03  9.89299e-01  9.95706e-01
 9.48000e+01  9.93544e-01  3.42827e-03  1.48390e+00  3.45054e-03  9.89264e-01  9.95692e-01
 9.49000e+01  9.93523e-01  3.36437e-03  1.48384e+00  3.38630e-03  9.89229e-01  9.95678e-01
 9.50000e+01  9.93502e-01  3.30034e-03  1.48379e+00  3.32193e-03  9.89194e-01  9.95664e-01
 9.51000e+01  9.93482e-01  3.23620e-03  1.48374e+00  3.25744e-03  9.89160e-01  9.95650e-01
 9.52000e+01  9.93462e-01  3.17195e-03  1.48369e+00  3.19282e-03  9.89127e-01  9.95637e-01
 9.53000e+01  9.93442e-01  3.10758e-03  1.48364e+00  3.12809e-03  9.89095e-01  9.95624e-01
 9.54000e+01  9.93423e-01  3.04310e-03  1.48359e+00  3.06324e-03  9.89063e-01  9.95611e-01
 9.55000e+01  9.93404e-01  2.97851e-03  1.48355e+00  2.99829e-03  9.89031e-01  9.95598e-01
 9.56000e+01  9.93386e-01  2.91382e-03  1.48350e+00  2.93322e-03  9.89001e-01  9.95586e-01
 9.57000e+01  9.93368e-01  2.84902e-03  1.48346e+00  2.86804e-03  9.88971e-01  9.95574e-01
 9.58000e+01  9.93350e-01  2.78412e-03  1.48341e+00  2.80276e-03  9.88941e-01  9.95562e-01
 9.59000e+01  9.93332e-01  2.71913e-03  1.48337e+00  2.73738e-03  9.88912e-01  9.95550e-01
 9.60000e+01  9.93316e-01  2.65404e-03  1.48333e+00  2.67190e-03  9.88884e-01  9.95539e-01
 9.61000e+01  9.93299e-01  2.58886e-03  1.48329e+00  2.60632e-03  9.88857e-01  9.95528e-01
 9.62000e+01  9.93283e-01  2.52358e-03  1.48325e+00  2.54065e-03  9.88830e-01  9.95517e-01
 9.63000e+01  9.93267e-01  2.45822e-03  1.48321e+00  2.47489e-03  9.88804e-01  9.95507e-01
 9.64000e+01  9.93252e-01  2.39278e-03  1.48317e+00  2.40903e-03  9.88778e-01  9.95496e-01
 9.65000e+01  9.93237e-01  2.32725e-03  1.48313e+00  2.34310e-03  9.88754e-01  9.95486e-01
 9.66000e+01  9.93222e-01  2.26164e-03  1.48309e+00  2.27707e-03  9.88729e-01  9.95477e-01
 9.67000e+01  9.93208e-01  2.19595e-03  1.48306e+00  2.21097e-03  9.88706e-01  9.95467e-01
 9.68000e+01  9.93194e-01  2.13019e-03  1.48302e+00  2.14479e-03  9.88683e-01  9.95458e-01
 9.69000e+01  9.93181e-01  2.06436e-03  1.48299e+00  2.07853e-03  9.88661e-01  9.95449e-01
 9.70000e+01  9.93168e-01  1.99845e-03  1.48296e+00  2.01220e-03  9.88640e-01  9.95440e-01
 9.71000e+01  9.93155e-01  1.93248e-03  1.48293e+00  1.94580e-03  9.88619e-01  9.95432e-01
 9.72000e+01  9.93143e-01  1.86644e-03  1.48290e+00  1.87932e-03  9.88599e-01  9.95424e-01
 9.73000e+01  9.93132e-01  1.80034e-03  1.48287e+00  1.81279e-03  9.88579e-01  9.95416e-01
 9.74000e+01  9.93120e-01  1.73417e-03  1.48284e+00  1.74618e-03  9.88560e-01  9.95409e-01
 9.75000e+01  9.93109e-01  1.66795e-03  1.48281e+00  1.67952e-03  9.88542e-01  9.95401e-01
 9.76000e+01  9.93099e-01  1.60167e-03  1.48279e+00  1.61280e-03  9.88525e-01  9.95394e-01
 9.77000e+01  9.93089e-01  1.53534e-03  1.48276e+00  1.54602e-03  9.88508e-01  9.95388e-01
 9.78000e+01  9.93079e-01  1.46895e-03  1.48274e+00  1.47919e-03  9.88492e-01  9.95381e-01
 9.79000e+01  9.93070e-01  1.40252e-03  1.48272e+00  1.41230e-03  9.88477e-01  9.95375e-01
 9.80000e+01  9.93061e-01  1.33603e-03  1.48269e+00  1.34537e-03  9.88463e-01  9.95369e-01
 9.81000e+01  9.93053e-01  1.26951e-03  1.48267e+00  1.27839e-03  9.88449e-01  9.95364e-01
 9.82000e+01  9.93045e-01  1.20294e-03  1.48265e+00  1.21136e-03  9.88436e-01  9.95358e-01
 9.83000e+01  9.93037e-01  1.13633e-03  1.48263e+00  1.14430e-03  9.88423e-01  9.95353e-01
 9.84000e+01  9.93030e-01  1.06968e-03  1.48262e+00  1.07719e-03  9.88411e-01  9.95349e-01
 9.85000e+01  9.93024e-01  1.00300e-03  1.48260e+00  1.01005e-03  9.88400e-01  9.95344e-01
 9.86000e+01  9.93017e-01  9.36283e-04  1.48258e+00  9.42867e-04  9.88390e-01  9.95340e-01
 9.87000e+01  9.93012e-01  8.69536e-04  1.48257e+00  8.75655e-04  9.88380e-01  9.95336e-01
 9.88000e+01  9.93006e-01  8.02760e-04  1.48256e+00  8.08413e-04  9.88371e-01  9.95332e-01
 9.89000e+01  9.93001e-01  7.35956e-04  1.48254e+00  7.41143e-04  9.88363e-01  9.95329e-01
 9.90000e+01  9.92997e-01  6.69129e-04  1.48253e+00  6.73848e-04  9.88356e-01  9.95326e-01
 9.91000e+01  9.92993e-01  6.02279e-04  1.48252e+00  6.06529e-04  9.88349e-01  9.95323e-01
 9.92000e+01  9.92989e-01  5.35410e-04  1.48251e+00  5.39190e-04  9.88343e-01  9.95321e-01
 9.93000e+01  9.92986e-01  4.68522e-04  1.48251e+00  4.71832e-04  9.88337e-01  9.95319e-01
 9.94000e+01  9.92983e-01  4.01619e-04  1.48250e+00  4.04457e-04  9.88333e-01  9.95317e-01
 9.95000e+01  9.92981e-01  3.34703e-04  1.48249e+00  3.37069e-04  9.88329e-01  9.95315e-01
 9.96000e+01  9.92979e-01  2.67776e-04  1.48249e+00  2.69669e-04  9.88326e-01  9.95314e-01
 9.97000e+01  9.92977e-01  2.00839e-04  1.48248e+00  2.02260e-04  9.88323e-01  9.95313e-01
 9.98000e+01  9.92976e-01  1.33897e-04  1.48248e+00  1.34844e-04  9.88321e-01  9.95312e-01
 9.99000e+01  9.92975e-01  6.69494e-05  1.48248e+00  6.74231e-05  9.88320e-01  9.95312e-01
