 0.00000e+00  2.26872e-01 -1.37016e-16  6.64498e-03 -6.03934e-16 -1.35769e-03 -1.35315e-03  1.70775e-01
 5.00000e-01  2.26872e-01  1.18934e-04  6.64488e-03  5.24232e-04 -1.35778e-03 -1.35317e-03  1.70774e-01
 1.00000e+00  2.26872e-01  2.37836e-04  6.64457e-03  1.04833e-03 -1.35805e-03 -1.35323e-03  1.70773e-01
 1.50000e+00  2.26871e-01  3.56676e-04  6.64406e-03  1.57215e-03 -1.35850e-03 -1.35333e-03  1.70771e-01
 2.00000e+00  2.26870e-01  4.75422e-04  6.64334e-03  2.09557e-03 -1.35912e-03 -1.35346e-03  1.70769e-01
 2.50000e+00  2.26869e-01  5.94042e-04  6.64241e-03  2.61843e-03 -1.35992e-03 -1.35364e-03  1.70765e-01
 3.00000e+00  2.26868e-01  7.12506e-04  6.64128e-03  3.14062e-03 -1.36090e-03 -1.35386e-03  1.70761e-01
 3.50000e+00  2.26866e-01  8.30780e-04  6.63994e-03  3.66198e-03 -1.36206e-03 -1.35412e-03  1.70756e-01
 4.00000e+00  2.26864e-01  9.48835e-04  6.63839e-03  4.18239e-03 -1.36340e-03 -1.35442e-03  1.70751e-01
 4.50000e+00  2.26862e-01  1.06664e-03  6.63663e-03  4.70170e-03 -1.36492e-03 -1.35477e-03  1.70744e-01
 5.00000e+00  2.26860e-01  1.18416e-03  6.63466e-03  5.21978e-03 -1.36662e-03 -1.35517e-03  1.70737e-01
 5.50000e+00  2.26857e-01  1.30136e-03  6.63249e-03  5.73648e-03 -1.36851e-03 -1.35561e-03  1.70729e-01
 6.00000e+00  2.26854e-01  1.41822e-03  6.63010e-03  6.25167e-03 -1.37057e-03 -1.35610e-03  1.70720e-01
 6.50000e+00  2.26850e-01  1.53469e-03  6.62750e-03  6.76521e-03 -1.37282e-03 -1.35665e-03  1.70710e-01
 7.00000e+00  2.26847e-01  1.65075e-03  6.62469e-03  7.27695e-03 -1.37525e-03 -1.35724e-03  1.70700e-01
 7.50000e+00  2.26843e-01  1.76637e-03  6.62166e-03  7.78676e-03 -1.37787e-03 -1.35790e-03  1.70689e-01
 8.00000e+00  2.26838e-01  1.88151e-03  6.61842e-03  8.29448e-03 -1.38068e-03 -1.35861e-03  1.70677e-01
 8.50000e+00  2.26833e-01  1.99613e-03  6.61496e-03  8.79999e-03 -1.38367e-03 -1.35938e-03  1.70664e-01
 9.00000e+00  2.26828e-01  2.11021e-03  6.61128e-03  9.30312e-03 -1.38685e-03 -1.36022e-03  1.70650e-01
 9.50000e+00  2.26823e-01  2.22371e-03  6.60739e-03  9.80374e-03 -1.39023e-03 -1.36113e-03  1.70635e-01
 1.00000e+01  2.26817e-01  2.33660e-03  6.60327e-03  1.03017e-02 -1.39379e-03 -1.36210e-03  1.70620e-01
 1.05000e+01  2.26811e-01  2.44884e-03  6.59892e-03  1.07968e-02 -1.39755e-03 -1.36315e-03  1.70603e-01
 1.10000e+01  2.26804e-01  2.56040e-03  6.59435e-03  1.12890e-02 -1.40151e-03 -1.36428e-03  1.70586e-01
 1.15000e+01  2.26797e-01  2.67124e-03  6.58956e-03  1.17781e-02 -1.40566e-03 -1.36549e-03  1.70568e-01
 1.20000e+01  2.26789e-01  2.78132e-03  6.58453e-03  1.22639e-02 -1.41001e-03 -1.36679e-03  1.70548e-01
 1.25000e+01  2.26781e-01  2.89062e-03  6.57927e-03  1.27463e-02 -1.41456e-03 -1.36817e-03  1.70528e-01
 1.30000e+01  2.26772e-01  2.99910e-03  6.57378e-03  1.32252e-02 -1.41932e-03 -1.36965e-03  1.70507e-01
 1.35000e+01  2.26763e-01  3.10671e-03  6.56804e-03  1.37003e-02 -1.42428e-03 -1.37123e-03  1.70485e-01
 1.40000e+01  2.26753e-01  3.21342e-03  6.56207e-03  1.41715e-02 -1.42945e-03 -1.37291e-03  1.70461e-01
 1.45000e+01  2.26742e-01  3.31920e-03  6.55585e-03  1.46386e-02 -1.43483e-03 -1.37470e-03  1.70437e-01
 1.50000e+01  2.26731e-01  3.42400e-03  6.54939e-03  1.51016e-02 -1.44043e-03 -1.37660e-03  1.70412e-01
 1.55000e+01  2.26720e-01  3.52779e-03  6.54268e-03  1.55602e-02 -1.44624e-03 -1.37861e-03  1.70385e-01
 1.60000e+01  2.26707e-01  3.63053e-03  6.53572e-03  1.60142e-02 -1.45227e-03 -1.38076e-03  1.70357e-01
 1.65000e+01  2.26694e-01  3.73218e-03  6.52850e-03  1.64635e-02 -1.45852e-03 -1.38303e-03  1.70328e-01
 1.70000e+01  2.26680e-01  3.83269e-03  6.52102e-03  1.69079e-02 -1.46500e-03 -1.38543e-03  1.70298e-01
 1.75000e+01  2.26665e-01  3.93203e-03  6.51327e-03  1.73473e-02 -1.47170e-03 -1.38797e-03  1.70267e-01
 1.80000e+01  2.26650e-01  4.03016e-03  6.50526e-03  1.77815e-02 -1.47864e-03 -1.39066e-03  1.70234e-01
 1.85000e+01  2.26633e-01  4.12703e-03  6.49697e-03  1.82102e-02 -1.48582e-03 -1.39350e-03  1.70200e-01
 1.90000e+01  2.26615e-01  4.22260e-03  6.48841e-03  1.86333e-02 -1.49323e-03 -1.39650e-03  1.70165e-01
 1.95000e+01  2.26597e-01  4.31683e-03  6.47957e-03  1.90507e-02 -1.50089e-03 -1.39966e-03  1.70128e-01
 2.00000e+01  2.26577e-01  4.40968e-03  6.47045e-03  1.94621e-02 -1.50879e-03 -1.40300e-03  1.70090e-01
 2.05000e+01  2.26557e-01  4.50109e-03  6.46103e-03  1.98674e-02 -1.51695e-03 -1.40651e-03  1.70050e-01
 2.10000e+01  2.26535e-01  4.59103e-03  6.45131e-03  2.02663e-02 -1.52536e-03 -1.41020e-03  1.70009e-01
 2.15000e+01  2.26512e-01  4.67944e-03  6.44130e-03  2.06587e-02 -1.53403e-03 -1.41408e-03  1.69966e-01
 2.20000e+01  2.26488e-01  4.76628e-03  6.43098e-03  2.10443e-02 -1.54297e-03 -1.41816e-03  1.69921e-01
 2.25000e+01  2.26462e-01  4.85151e-03  6.42034e-03  2.14230e-02 -1.55218e-03 -1.42245e-03  1.69875e-01
 2.30000e+01  2.26435e-01  4.93506e-03  6.40939e-03  2.17946e-02 -1.56167e-03 -1.42695e-03  1.69827e-01
 2.35000e+01  2.26406e-01  5.01690e-03  6.39811e-03  2.21588e-02 -1.57144e-03 -1.43166e-03  1.69777e-01
 2.40000e+01  2.26376e-01  5.09698e-03  6.38650e-03  2.25155e-02 -1.58149e-03 -1.43661e-03  1.69725e-01
 2.45000e+01  2.26345e-01  5.17524e-03  6.37455e-03  2.28644e-02 -1.59183e-03 -1.44178e-03  1.69672e-01
 2.50000e+01  2.26311e-01  5.25162e-03  6.36226e-03  2.32053e-02 -1.60248e-03 -1.44720e-03  1.69616e-01
 2.55000e+01  2.26276e-01  5.32609e-03  6.34962e-03  2.35381e-02 -1.61342e-03 -1.45286e-03  1.69558e-01
 2.60000e+01  2.26238e-01  5.39858e-03  6.33662e-03  2.38624e-02 -1.62468e-03 -1.45878e-03  1.69498e-01
 2.65000e+01  2.26199e-01  5.46903e-03  6.32325e-03  2.41780e-02 -1.63625e-03 -1.46497e-03  1.69435e-01
 2.70000e+01  2.26157e-01  5.53740e-03  6.30951e-03  2.44847e-02 -1.64815e-03 -1.47143e-03  1.69371e-01
 2.75000e+01  2.26114e-01  5.60363e-03  6.29538e-03  2.47824e-02 -1.66038e-03 -1.47816e-03  1.69303e-01
 2.80000e+01  2.26067e-01  5.66765e-03  6.28086e-03  2.50706e-02 -1.67294e-03 -1.48518e-03  1.69234e-01
 2.85000e+01  2.26019e-01  5.72941e-03  6.26595e-03  2.53493e-02 -1.68584e-03 -1.49250e-03  1.69161e-01
 2.90000e+01  2.25967e-01  5.78886e-03  6.25063e-03  2.56181e-02 -1.69910e-03 -1.50012e-03  1.69086e-01
 2.95000e+01  2.25913e-01  5.84592e-03  6.23489e-03  2.58769e-02 -1.71271e-03 -1.50805e-03  1.69008e-01
 3.00000e+01  2.25856e-01  5.90055e-03  6.21873e-03  2.61253e-02 -1.72668e-03 -1.51630e-03  1.68927e-01
 3.05000e+01  2.25796e-01  5.95267e-03  6.20213e-03  2.63631e-02 -1.74103e-03 -1.52487e-03  1.68842e-01
 3.10000e+01  2.25732e-01  6.00222e-03  6.18509e-03  2.65900e-02 -1.75575e-03 -1.53377e-03  1.68755e-01
 3.15000e+01  2.25665e-01  6.04915e-03  6.16760e-03  2.68058e-02 -1.77086e-03 -1.54302e-03  1.68664e-01
 3.20000e+01  2.25595e-01  6.09338e-03  6.14965e-03  2.70103e-02 -1.78637e-03 -1.55261e-03  1.68570e-01
 3.25000e+01  2.25520e-01  6.13485e-03  6.13123e-03  2.72031e-02 -1.80227e-03 -1.56256e-03  1.68472e-01
 3.30000e+01  2.25442e-01  6.17350e-03  6.11232e-03  2.73840e-02 -1.81858e-03 -1.57286e-03  1.68370e-01
 3.35000e+01  2.25359e-01  6.20925e-03  6.09293e-03  2.75527e-02 -1.83531e-03 -1.58354e-03  1.68264e-01
 3.40000e+01  2.25272e-01  6.24205e-03  6.07303e-03  2.77089e-02 -1.85246e-03 -1.59459e-03  1.68154e-01
 3.45000e+01  2.25180e-01  6.27182e-03  6.05263e-03  2.78524e-02 -1.87003e-03 -1.60602e-03  1.68040e-01
 3.50000e+01  2.25084e-01  6.29849e-03  6.03171e-03  2.79829e-02 -1.88804e-03 -1.61784e-03  1.67921e-01
 3.55000e+01  2.24982e-01  6.32199e-03  6.01027e-03  2.81000e-02 -1.90649e-03 -1.63005e-03  1.67797e-01
 3.60000e+01  2.24874e-01  6.34226e-03  5.98829e-03  2.82036e-02 -1.92538e-03 -1.64266e-03  1.67669e-01
 3.65000e+01  2.24761e-01  6.35923e-03  5.96576e-03  2.82933e-02 -1.94473e-03 -1.65568e-03  1.67536e-01
 3.70000e+01  2.24642e-01  6.37282e-03  5.94268e-03  2.83688e-02 -1.96453e-03 -1.66910e-03  1.67397e-01
 3.75000e+01  2.24516e-01  6.38298e-03  5.91904e-03  2.84299e-02 -1.98479e-03 -1.68293e-03  1.67253e-01
 3.80000e+01  2.24384e-01  6.38961e-03  5.89484e-03  2.84762e-02 -2.00552e-03 -1.69718e-03  1.67104e-01
 3.85000e+01  2.24245e-01  6.39267e-03  5.87006e-03  2.85075e-02 -2.02670e-03 -1.71185e-03  1.66948e-01
 3.90000e+01  2.24099e-01  6.39208e-03  5.84469e-03  2.85235e-02 -2.04836e-03 -1.72694e-03  1.66786e-01
 3.95000e+01  2.23944e-01  6.38776e-03  5.81875e-03  2.85239e-02 -2.07048e-03 -1.74246e-03  1.66618e-01
 4.00000e+01  2.23782e-01  6.37966e-03  5.79221e-03  2.85084e-02 -2.09308e-03 -1.75840e-03  1.66443e-01
 4.05000e+01  2.23611e-01  6.36771e-03  5.76507e-03  2.84767e-02 -2.11613e-03 -1.77477e-03  1.66262e-01
 4.10000e+01  2.23431e-01  6.35184e-03  5.73734e-03  2.84286e-02 -2.13965e-03 -1.79157e-03  1.66073e-01
 4.15000e+01  2.23242e-01  6.33198e-03  5.70901e-03  2.83637e-02 -2.16363e-03 -1.80879e-03  1.65877e-01
 4.20000e+01  2.23044e-01  6.30808e-03  5.68008e-03  2.82818e-02 -2.18806e-03 -1.82644e-03  1.65673e-01
 4.25000e+01  2.22835e-01  6.28008e-03  5.65054e-03  2.81826e-02 -2.21293e-03 -1.84450e-03  1.65462e-01
 4.30000e+01  2.22615e-01  6.24791e-03  5.62041e-03  2.80659e-02 -2.23824e-03 -1.86299e-03  1.65242e-01
 4.35000e+01  2.22385e-01  6.21152e-03  5.58969e-03  2.79314e-02 -2.26397e-03 -1.88189e-03  1.65013e-01
 4.40000e+01  2.22143e-01  6.17086e-03  5.55838e-03  2.77788e-02 -2.29011e-03 -1.90121e-03  1.64776e-01
 4.45000e+01  2.21888e-01  6.12588e-03  5.52649e-03  2.76080e-02 -2.31664e-03 -1.92092e-03  1.64530e-01
 4.50000e+01  2.21621e-01  6.07653e-03  5.49402e-03  2.74185e-02 -2.34355e-03 -1.94103e-03  1.64274e-01
 4.55000e+01  2.21341e-01  6.02277e-03  5.46099e-03  2.72103e-02 -2.37080e-03 -1.96153e-03  1.64009e-01
 4.60000e+01  2.21047e-01  5.96456e-03  5.42742e-03  2.69832e-02 -2.39839e-03 -1.98241e-03  1.63734e-01
 4.65000e+01  2.20739e-01  5.90186e-03  5.39331e-03  2.67368e-02 -2.42627e-03 -2.00365e-03  1.63448e-01
 4.70000e+01  2.20417e-01  5.83466e-03  5.35868e-03  2.64710e-02 -2.45443e-03 -2.02524e-03  1.63152e-01
 4.75000e+01  2.20079e-01  5.76292e-03  5.32356e-03  2.61857e-02 -2.48282e-03 -2.04717e-03  1.62845e-01
 4.80000e+01  2.19725e-01  5.68663e-03  5.28797e-03  2.58807e-02 -2.51141e-03 -2.06943e-03  1.62527e-01
 4.85000e+01  2.19354e-01  5.60578e-03  5.25193e-03  2.55558e-02 -2.54016e-03 -2.09199e-03  1.62198e-01
 4.90000e+01  2.18967e-01  5.52036e-03  5.21547e-03  2.52109e-02 -2.56902e-03 -2.11484e-03  1.61857e-01
 4.95000e+01  2.18562e-01  5.43038e-03  5.17862e-03  2.48460e-02 -2.59795e-03 -2.13795e-03  1.61504e-01
 5.00000e+01  2.18138e-01  5.33584e-03  5.14141e-03  2.44608e-02 -2.62690e-03 -2.16132e-03  1.61139e-01
 5.05000e+01  2.17696e-01  5.23678e-03  5.10389e-03  2.40554e-02 -2.65580e-03 -2.18490e-03  1.60761e-01
 5.10000e+01  2.17235e-01  5.13322e-03  5.06608e-03  2.36298e-02 -2.68460e-03 -2.20868e-03  1.60370e-01
 5.15000e+01  2.16754e-01  5.02519e-03  5.02803e-03  2.31839e-02 -2.71325e-03 -2.23262e-03  1.59967e-01
 5.20000e+01  2.16252e-01  4.91274e-03  4.98979e-03  2.27177e-02 -2.74166e-03 -2.25671e-03  1.59551e-01
 5.25000e+01  2.15729e-01  4.79594e-03  4.95140e-03  2.22313e-02 -2.76978e-03 -2.28091e-03  1.59121e-01
 5.30000e+01  2.15185e-01  4.67485e-03  4.91291e-03  2.17248e-02 -2.79752e-03 -2.30518e-03  1.58677e-01
 5.35000e+01  2.14619e-01  4.54956e-03  4.87437e-03  2.11983e-02 -2.82481e-03 -2.32950e-03  1.58220e-01
 5.40000e+01  2.14030e-01  4.42015e-03  4.83584e-03  2.06520e-02 -2.85158e-03 -2.35382e-03  1.57749e-01
 5.45000e+01  2.13418e-01  4.28673e-03  4.79737e-03  2.00861e-02 -2.87773e-03 -2.37811e-03  1.57265e-01
 5.50000e+01  2.12784e-01  4.14943e-03  4.75902e-03  1.95007e-02 -2.90319e-03 -2.40233e-03  1.56766e-01
 5.55000e+01  2.12125e-01  4.00836e-03  4.72084e-03  1.88962e-02 -2.92786e-03 -2.42644e-03  1.56253e-01
 5.60000e+01  2.11442e-01  3.86367e-03  4.68290e-03  1.82729e-02 -2.95166e-03 -2.45040e-03  1.55727e-01
 5.65000e+01  2.10736e-01  3.71553e-03  4.64526e-03  1.76312e-02 -2.97450e-03 -2.47416e-03  1.55186e-01
 5.70000e+01  2.10004e-01  3.56410e-03  4.60797e-03  1.69716e-02 -2.99628e-03 -2.49768e-03  1.54631e-01
 5.75000e+01  2.09248e-01  3.40957e-03  4.57110e-03  1.62944e-02 -3.01693e-03 -2.52090e-03  1.54062e-01
 5.80000e+01  2.08467e-01  3.25214e-03  4.53471e-03  1.56003e-02 -3.03634e-03 -2.54379e-03  1.53480e-01
 5.85000e+01  2.07661e-01  3.09202e-03  4.49885e-03  1.48898e-02 -3.05443e-03 -2.56629e-03  1.52883e-01
 5.90000e+01  2.06830e-01  2.92944e-03  4.46358e-03  1.41635e-02 -3.07111e-03 -2.58836e-03  1.52274e-01
 5.95000e+01  2.05973e-01  2.76464e-03  4.42896e-03  1.34223e-02 -3.08631e-03 -2.60994e-03  1.51651e-01
 6.00000e+01  2.05093e-01  2.59787e-03  4.39504e-03  1.26668e-02 -3.09993e-03 -2.63099e-03  1.51015e-01
 6.05000e+01  2.04187e-01  2.42941e-03  4.36187e-03  1.18979e-02 -3.11191e-03 -2.65145e-03  1.50366e-01
 6.10000e+01  2.03257e-01  2.25953e-03  4.32949e-03  1.11166e-02 -3.12218e-03 -2.67127e-03  1.49705e-01
 6.15000e+01  2.02303e-01  2.08853e-03  4.29794e-03  1.03237e-02 -3.13067e-03 -2.69040e-03  1.49032e-01
 6.20000e+01  2.01326e-01  1.91671e-03  4.26726e-03  9.52042e-03 -3.13733e-03 -2.70879e-03  1.48348e-01
 6.25000e+01  2.00325e-01  1.74438e-03  4.23748e-03  8.70773e-03 -3.14210e-03 -2.72640e-03  1.47652e-01
 6.30000e+01  1.99303e-01  1.57187e-03  4.20862e-03  7.88686e-03 -3.14496e-03 -2.74317e-03  1.46946e-01
 6.35000e+01  1.98258e-01  1.39952e-03  4.18071e-03  7.05907e-03 -3.14585e-03 -2.75906e-03  1.46230e-01
 6.40000e+01  1.97192e-01  1.22765e-03  4.15376e-03  6.22565e-03 -3.14477e-03 -2.77403e-03  1.45505e-01
 6.45000e+01  1.96107e-01  1.05662e-03  4.12778e-03  5.38801e-03 -3.14170e-03 -2.78802e-03  1.44770e-01
 6.50000e+01  1.95002e-01  8.86784e-04  4.10276e-03  4.54757e-03 -3.13663e-03 -2.80100e-03  1.44028e-01
 6.55000e+01  1.93879e-01  7.18487e-04  4.07870e-03  3.70585e-03 -3.12959e-03 -2.81294e-03  1.43277e-01
 6.60000e+01  1.92739e-01  5.52087e-04  4.05558e-03  2.86443e-03 -3.12058e-03 -2.82379e-03  1.42521e-01
 6.65000e+01  1.91584e-01  3.87941e-04  4.03340e-03  2.02492e-03 -3.10964e-03 -2.83352e-03  1.41758e-01
 6.70000e+01  1.90414e-01  2.26401e-04  4.01212e-03  1.18900e-03 -3.09682e-03 -2.84211e-03  1.40989e-01
 6.75000e+01  1.89230e-01  6.78195e-05  3.99170e-03  3.58396e-04 -3.08216e-03 -2.84953e-03  1.40217e-01
 6.80000e+01  1.88036e-01 -8.74601e-05  3.97212e-03 -4.65125e-04 -3.06574e-03 -2.85575e-03  1.39440e-01
 6.85000e+01  1.86831e-01 -2.39100e-04  3.95332e-03 -1.27977e-03 -3.04762e-03 -2.86077e-03  1.38661e-01
 6.90000e+01  1.85618e-01 -3.86771e-04  3.93527e-03 -2.08370e-03 -3.02790e-03 -2.86457e-03  1.37879e-01
 6.95000e+01  1.84397e-01 -5.30155e-04  3.91791e-03 -2.87507e-03 -3.00666e-03 -2.86715e-03  1.37096e-01
 7.00000e+01  1.83172e-01 -6.68948e-04  3.90118e-03 -3.65203e-03 -2.98400e-03 -2.86849e-03  1.36313e-01
 7.05000e+01  1.81942e-01 -8.02859e-04  3.88502e-03 -4.41271e-03 -2.96004e-03 -2.86860e-03  1.35530e-01
 7.10000e+01  1.80711e-01 -9.31614e-04  3.86938e-03 -5.15527e-03 -2.93489e-03 -2.86750e-03  1.34749e-01
 7.15000e+01  1.79480e-01 -1.05496e-03  3.85419e-03 -5.87786e-03 -2.90868e-03 -2.86518e-03  1.33969e-01
 7.20000e+01  1.78250e-01 -1.17265e-03  3.83939e-03 -6.57868e-03 -2.88152e-03 -2.86167e-03  1.33193e-01
 7.25000e+01  1.77024e-01 -1.28448e-03  3.82492e-03 -7.25596e-03 -2.85354e-03 -2.85699e-03  1.32420e-01
 7.30000e+01  1.75803e-01 -1.39025e-03  3.81071e-03 -7.90799e-03 -2.82488e-03 -2.85116e-03  1.31653e-01
 7.35000e+01  1.74589e-01 -1.48978e-03  3.79672e-03 -8.53312e-03 -2.79567e-03 -2.84423e-03  1.30890e-01
 7.40000e+01  1.73383e-01 -1.58294e-03  3.78288e-03 -9.12976e-03 -2.76603e-03 -2.83622e-03  1.30134e-01
 7.45000e+01  1.72187e-01 -1.66960e-03  3.76914e-03 -9.69644e-03 -2.73610e-03 -2.82717e-03  1.29385e-01
 7.50000e+01  1.71004e-01 -1.74967e-03  3.75545e-03 -1.02317e-02 -2.70599e-03 -2.81713e-03  1.28643e-01
 7.55000e+01  1.69834e-01 -1.82306e-03  3.74177e-03 -1.07344e-02 -2.67584e-03 -2.80615e-03  1.27911e-01
 7.60000e+01  1.68679e-01 -1.88974e-03  3.72805e-03 -1.12032e-02 -2.64576e-03 -2.79428e-03  1.27187e-01
 7.65000e+01  1.67540e-01 -1.94969e-03  3.71427e-03 -1.16372e-02 -2.61585e-03 -2.78158e-03  1.26473e-01
 7.70000e+01  1.66420e-01 -2.00291e-03  3.70039e-03 -1.20353e-02 -2.58623e-03 -2.76810e-03  1.25770e-01
 7.75000e+01  1.65318e-01 -2.04943e-03  3.68639e-03 -1.23969e-02 -2.55699e-03 -2.75391e-03  1.25078e-01
 7.80000e+01  1.64237e-01 -2.08931e-03  3.67226e-03 -1.27213e-02 -2.52822e-03 -2.73907e-03  1.24398e-01
 7.85000e+01  1.63177e-01 -2.12262e-03  3.65798e-03 -1.30081e-02 -2.50001e-03 -2.72364e-03  1.23730e-01
 7.90000e+01  1.62140e-01 -2.14947e-03  3.64354e-03 -1.32568e-02 -2.47243e-03 -2.70769e-03  1.23075e-01
 7.95000e+01  1.61127e-01 -2.16997e-03  3.62896e-03 -1.34675e-02 -2.44554e-03 -2.69129e-03  1.22433e-01
 8.00000e+01  1.60138e-01 -2.18427e-03  3.61423e-03 -1.36399e-02 -2.41941e-03 -2.67450e-03  1.21805e-01
 8.05000e+01  1.59174e-01 -2.19253e-03  3.59936e-03 -1.37744e-02 -2.39407e-03 -2.65740e-03  1.21191e-01
 8.10000e+01  1.58237e-01 -2.19491e-03  3.58438e-03 -1.38711e-02 -2.36958e-03 -2.64004e-03  1.20592e-01
 8.15000e+01  1.57325e-01 -2.19161e-03  3.56930e-03 -1.39305e-02 -2.34597e-03 -2.62251e-03  1.20008e-01
 8.20000e+01  1.56441e-01 -2.18284e-03  3.55414e-03 -1.39532e-02 -2.32325e-03 -2.60485e-03  1.19440e-01
 8.25000e+01  1.55584e-01 -2.16881e-03  3.53893e-03 -1.39398e-02 -2.30144e-03 -2.58713e-03  1.18887e-01
 8.30000e+01  1.54754e-01 -2.14974e-03  3.52370e-03 -1.38913e-02 -2.28057e-03 -2.56942e-03  1.18349e-01
 8.35000e+01  1.53953e-01 -2.12586e-03  3.50849e-03 -1.38085e-02 -2.26063e-03 -2.55178e-03  1.17828e-01
 8.40000e+01  1.53180e-01 -2.09741e-03  3.49332e-03 -1.36925e-02 -2.24161e-03 -2.53426e-03  1.17323e-01
 8.45000e+01  1.52434e-01 -2.06463e-03  3.47824e-03 -1.35444e-02 -2.22352e-03 -2.51691e-03  1.16835e-01
 8.50000e+01  1.51717e-01 -2.02776e-03  3.46328e-03 -1.33654e-02 -2.20634e-03 -2.49979e-03  1.16363e-01
 8.55000e+01  1.51028e-01 -1.98706e-03  3.44847e-03 -1.31569e-02 -2.19006e-03 -2.48295e-03  1.15907e-01
 8.60000e+01  1.50367e-01 -1.94275e-03  3.43386e-03 -1.29201e-02 -2.17465e-03 -2.46643e-03  1.15469e-01
 8.65000e+01  1.49733e-01 -1.89508e-03  3.41948e-03 -1.26564e-02 -2.16010e-03 -2.45027e-03  1.15047e-01
 8.70000e+01  1.49127e-01 -1.84429e-03  3.40536e-03 -1.23672e-02 -2.14638e-03 -2.43451e-03  1.14642e-01
 8.75000e+01  1.48548e-01 -1.79060e-03  3.39154e-03 -1.20540e-02 -2.13347e-03 -2.41919e-03  1.14253e-01
 8.80000e+01  1.47996e-01 -1.73424e-03  3.37806e-03 -1.17181e-02 -2.12133e-03 -2.40433e-03  1.13881e-01
 8.85000e+01  1.47471e-01 -1.67543e-03  3.36494e-03 -1.13611e-02 -2.10994e-03 -2.38997e-03  1.13526e-01
 8.90000e+01  1.46972e-01 -1.61438e-03  3.35221e-03 -1.09842e-02 -2.09928e-03 -2.37614e-03  1.13187e-01
 8.95000e+01  1.46499e-01 -1.55128e-03  3.33990e-03 -1.05890e-02 -2.08930e-03 -2.36285e-03  1.12865e-01
 9.00000e+01  1.46051e-01 -1.48633e-03  3.32805e-03 -1.01767e-02 -2.08000e-03 -2.35012e-03  1.12559e-01
 9.05000e+01  1.45629e-01 -1.41970e-03  3.31666e-03 -9.74876e-03 -2.07132e-03 -2.33797e-03  1.12269e-01
 9.10000e+01  1.45231e-01 -1.35156e-03  3.30576e-03 -9.30633e-03 -2.06326e-03 -2.32642e-03  1.11995e-01
 9.15000e+01  1.44857e-01 -1.28208e-03  3.29538e-03 -8.85070e-03 -2.05578e-03 -2.31547e-03  1.11737e-01
 9.20000e+01  1.44507e-01 -1.21141e-03  3.28552e-03 -8.38303e-03 -2.04885e-03 -2.30514e-03  1.11495e-01
 9.25000e+01  1.44181e-01 -1.13967e-03  3.27620e-03 -7.90444e-03 -2.04246e-03 -2.29543e-03  1.11269e-01
 9.30000e+01  1.43877e-01 -1.06699e-03  3.26745e-03 -7.41599e-03 -2.03658e-03 -2.28634e-03  1.11058e-01
 9.35000e+01  1.43596e-01 -9.93496e-04  3.25926e-03 -6.91867e-03 -2.03120e-03 -2.27789e-03  1.10863e-01
 9.40000e+01  1.43338e-01 -9.19288e-04  3.25165e-03 -6.41343e-03 -2.02628e-03 -2.27006e-03  1.10682e-01
 9.45000e+01  1.43102e-01 -8.44462e-04  3.24463e-03 -5.90113e-03 -2.02183e-03 -2.26287e-03  1.10517e-01
 9.50000e+01  1.42887e-01 -7.69106e-04  3.23820e-03 -5.38262e-03 -2.01781e-03 -2.25632e-03  1.10366e-01
 9.55000e+01  1.42694e-01 -6.93296e-04  3.23237e-03 -4.85863e-03 -2.01421e-03 -2.25039e-03  1.10231e-01
 9.60000e+01  1.42521e-01 -6.17103e-04  3.22714e-03 -4.32990e-03 -2.01103e-03 -2.24510e-03  1.10110e-01
 9.65000e+01  1.42370e-01 -5.40589e-04  3.22252e-03 -3.79707e-03 -2.00824e-03 -2.24044e-03  1.10003e-01
 9.70000e+01  1.42239e-01 -4.63809e-04  3.21851e-03 -3.26077e-03 -2.00585e-03 -2.23640e-03  1.09911e-01
 9.75000e+01  1.42129e-01 -3.86813e-04  3.21512e-03 -2.72157e-03 -2.00384e-03 -2.23299e-03  1.09833e-01
 9.80000e+01  1.42039e-01 -3.09645e-04  3.21234e-03 -2.18000e-03 -2.00220e-03 -2.23020e-03  1.09770e-01
 9.85000e+01  1.41969e-01 -2.32345e-04  3.21018e-03 -1.63659e-03 -2.00094e-03 -2.22804e-03  1.09721e-01
 9.90000e+01  1.41919e-01 -1.54949e-04  3.20864e-03 -1.09181e-03 -2.00004e-03 -2.22649e-03  1.09685e-01
 9.95000e+01  1.41889e-01 -7.74897e-05  3.20771e-03 -5.46128e-04 -1.99950e-03 -2.22556e-03  1.09664e-01
 1.00000e+02  1.41879e-01  5.87876e-16  3.20740e-03  4.14349e-15 -1.99932e-03 -2.22525e-03  1.09657e-01
 1.00500e+02  1.41889e-01  7.74897e-05  3.20771e-03  5.46128e-04 -1.99950e-03 -2.22556e-03  1.09664e-01
 1.01000e+02  1.41919e-01  1.54949e-04  3.20864e-03  1.09181e-03 -2.00004e-03 -2.22649e-03  1.09685e-01
 1.01500e+02  1.41969e-01  2.32345e-04  3.21018e-03  1.63659e-03 -2.00094e-03 -2.22804e-03  1.09721e-01
 1.02000e+02  1.42039e-01  3.09645e-04  3.21234e-03  2.18000e-03 -2.00220e-03 -2.23020e-03  1.09770e-01
 1.02500e+02  1.42129e-01  3.86813e-04  3.21512e-03  2.72157e-03 -2.00384e-03 -2.23299e-03  1.09833e-01
 1.03000e+02  1.42239e-01  4.63809e-04  3.21851e-03  3.26077e-03 -2.00585e-03 -2.23640e-03  1.09911e-01
 1.03500e+02  1.42370e-01  5.40589e-04  3.22252e-03  3.79707e-03 -2.00824e-03 -2.24044e-03  1.10003e-01
 1.04000e+02  1.42521e-01  6.17103e-04  3.22714e-03  4.32990e-03 -2.01103e-03 -2.24510e-03  1.10110e-01
 1.04500e+02  1.42694e-01  6.93296e-04  3.23237e-03  4.85863e-03 -2.01421e-03 -2.25039e-03  1.10231e-01
 1.05000e+02  1.42887e-01  7.69106e-04  3.23820e-03  5.38262e-03 -2.01781e-03 -2.25632e-03  1.10366e-01
 1.05500e+02  1.43102e-01  8.44462e-04  3.24463e-03  5.90113e-03 -2.02183e-03 -2.26287e-03  1.10517e-01
 1.06000e+02  1.43338e-01  9.19288e-04  3.25165e-03  6.41343e-03 -2.02628e-03 -2.27006e-03  1.10682e-01
 1.06500e+02  1.43596e-01  9.93496e-04  3.25926e-03  6.91867e-03 -2.03120e-03 -2.27789e-03  1.10863e-01
 1.07000e+02  1.43877e-01  1.06699e-03  3.26745e-03  7.41599e-03 -2.03658e-03 -2.28634e-03  1.11058e-01
 1.07500e+02  1.44181e-01  1.13967e-03  3.27620e-03  7.90444e-03 -2.04246e-03 -2.29543e-03  1.11269e-01
 1.08000e+02  1.44507e-01  1.21141e-03  3.28552e-03  8.38303e-03 -2.04885e-03 -2.30514e-03  1.11495e-01
 1.08500e+02  1.44857e-01  1.28208e-03  3.29538e-03  8.85070e-03 -2.05578e-03 -2.31547e-03  1.11737e-01
 1.09000e+02  1.45231e-01  1.35156e-03  3.30576e-03  9.30633e-03 -2.06326e-03 -2.32642e-03  1.11995e-01
 1.09500e+02  1.45629e-01  1.41970e-03  3.31666e-03  9.74876e-03 -2.07132e-03 -2.33797e-03  1.12269e-01
 1.10000e+02  1.46051e-01  1.48633e-03  3.32805e-03  1.01767e-02 -2.08000e-03 -2.35012e-03  1.12559e-01
 1.10500e+02  1.46499e-01  1.55128e-03  3.33990e-03  1.05890e-02 -2.08930e-03 -2.36285e-03  1.12865e-01
 1.11000e+02  1.46972e-01  1.61438e-03  3.35221e-03  1.09842e-02 -2.09928e-03 -2.37614e-03  1.13187e-01
 1.11500e+02  1.47471e-01  1.67543e-03  3.36494e-03  1.13611e-02 -2.10994e-03 -2.38997e-03  1.13526e-01
 1.12000e+02  1.47996e-01  1.73424e-03  3.37806e-03  1.17181e-02 -2.12133e-03 -2.40433e-03  1.13881e-01
 1.12500e+02  1.48548e-01  1.79060e-03  3.39154e-03  1.20540e-02 -2.13347e-03 -2.41919e-03  1.14253e-01
 1.13000e+02  1.49127e-01  1.84429e-03  3.40536e-03  1.23672e-02 -2.14638e-03 -2.43451e-03  1.14642e-01
 1.13500e+02  1.49733e-01  1.89508e-03  3.41948e-03  1.26564e-02 -2.16010e-03 -2.45027e-03  1.15047e-01
 1.14000e+02  1.50367e-01  1.94275e-03  3.43386e-03  1.29201e-02 -2.17465e-03 -2.46643e-03  1.15469e-01
 1.14500e+02  1.51028e-01  1.98706e-03  3.44847e-03  1.31569e-02 -2.19006e-03 -2.48295e-03  1.15907e-01
 1.15000e+02  1.51717e-01  2.02776e-03  3.46328e-03  1.33654e-02 -2.20634e-03 -2.49979e-03  1.16363e-01
 1.15500e+02  1.52434e-01  2.06463e-03  3.47824e-03  1.35444e-02 -2.22352e-03 -2.51691e-03  1.16835e-01
 1.16000e+02  1.53180e-01  2.09741e-03  3.49332e-03  1.36925e-02 -2.24161e-03 -2.53426e-03  1.17323e-01
 1.16500e+02  1.53953e-01  2.12586e-03  3.50849e-03  1.38085e-02 -2.26063e-03 -2.55178e-03  1.17828e-01
 1.17000e+02  1.54754e-01  2.14974e-03  3.52370e-03  1.38913e-02 -2.28057e-03 -2.56942e-03  1.18349e-01
 1.17500e+02  1.55584e-01  2.16881e-03  3.53893e-03  1.39398e-02 -2.30144e-03 -2.58713e-03  1.18887e-01
 1.18000e+02  1.56441e-01  2.18284e-03  3.55414e-03  1.39532e-02 -2.32325e-03 -2.60485e-03  1.19440e-01
 1.18500e+02  1.57325e-01  2.19161e-03  3.56930e-03  1.39305e-02 -2.34597e-03 -2.62251e-03  1.20008e-01
 1.19000e+02  1.58237e-01  2.19491e-03  3.58438e-03  1.38711e-02 -2.36958e-03 -2.64004e-03  1.20592e-01
 1.19500e+02  1.59174e-01  2.19253e-03  3.59936e-03  1.37744e-02 -2.39407e-03 -2.65740e-03  1.21191e-01
 1.20000e+02  1.60138e-01  2.18427e-03  3.61423e-03  1.36399e-02 -2.41941e-03 -2.67450e-03  1.21805e-01
 1.20500e+02  1.61127e-01  2.16997e-03  3.62896e-03  1.34675e-02 -2.44554e-03 -2.69129e-03  1.22433e-01
 1.21000e+02  1.62140e-01  2.14947e-03  3.64354e-03  1.32568e-02 -2.47243e-03 -2.70769e-03  1.23075e-01
 1.21500e+02  1.63177e-01  2.12262e-03  3.65798e-03  1.30081e-02 -2.50001e-03 -2.72364e-03  1.23730e-01
 1.22000e+02  1.64237e-01  2.08931e-03  3.67226e-03  1.27213e-02 -2.52822e-03 -2.73907e-03  1.24398e-01
 1.22500e+02  1.65318e-01  2.04943e-03  3.68639e-03  1.23969e-02 -2.55699e-03 -2.75391e-03  1.25078e-01
 1.23000e+02  1.66420e-01  2.00291e-03  3.70039e-03  1.20353e-02 -2.58623e-03 -2.76810e-03  1.25770e-01
 1.23500e+02  1.67540e-01  1.94969e-03  3.71427e-03  1.16372e-02 -2.61585e-03 -2.78158e-03  1.26473e-01
 1.24000e+02  1.68679e-01  1.88974e-03  3.72805e-03  1.12032e-02 -2.64576e-03 -2.79428e-03  1.27187e-01
 1.24500e+02  1.69834e-01  1.82306e-03  3.74177e-03  1.07344e-02 -2.67584e-03 -2.80615e-03  1.27911e-01
 1.25000e+02  1.71004e-01  1.74967e-03  3.75545e-03  1.02317e-02 -2.70599e-03 -2.81713e-03  1.28643e-01
 1.25500e+02  1.72187e-01  1.66960e-03  3.76914e-03  9.69644e-03 -2.73610e-03 -2.82717e-03  1.29385e-01
 1.26000e+02  1.73383e-01  1.58294e-03  3.78288e-03  9.12976e-03 -2.76603e-03 -2.83622e-03  1.30134e-01
 1.26500e+02  1.74589e-01  1.48978e-03  3.79672e-03  8.53312e-03 -2.79567e-03 -2.84423e-03  1.30890e-01
 1.27000e+02  1.75803e-01  1.39025e-03  3.81071e-03  7.90799e-03 -2.82488e-03 -2.85116e-03  1.31653e-01
 1.27500e+02  1.77024e-01  1.28448e-03  3.82492e-03  7.25596e-03 -2.85354e-03 -2.85699e-03  1.32420e-01
 1.28000e+02  1.78250e-01  1.17265e-03  3.83939e-03  6.57868e-03 -2.88152e-03 -2.86167e-03  1.33193e-01
 1.28500e+02  1.79480e-01  1.05496e-03  3.85419e-03  5.87786e-03 -2.90868e-03 -2.86518e-03  1.33969e-01
 1.29000e+02  1.80711e-01  9.31614e-04  3.86938e-03  5.15527e-03 -2.93489e-03 -2.86750e-03  1.34749e-01
 1.29500e+02  1.81942e-01  8.02859e-04  3.88502e-03  4.41271e-03 -2.96004e-03 -2.86860e-03  1.35530e-01
 1.30000e+02  1.83172e-01  6.68948e-04  3.90118e-03  3.65203e-03 -2.98400e-03 -2.86849e-03  1.36313e-01
 1.30500e+02  1.84397e-01  5.30155e-04  3.91791e-03  2.87507e-03 -3.00666e-03 -2.86715e-03  1.37096e-01
 1.31000e+02  1.85618e-01  3.86771e-04  3.93527e-03  2.08370e-03 -3.02790e-03 -2.86457e-03  1.37879e-01
 1.31500e+02  1.86831e-01  2.39100e-04  3.95332e-03  1.27977e-03 -3.04762e-03 -2.86077e-03  1.38661e-01
 1.32000e+02  1.88036e-01  8.74601e-05  3.97212e-03  4.65125e-04 -3.06574e-03 -2.85575e-03  1.39440e-01
 1.32500e+02  1.89230e-01 -6.78195e-05  3.99170e-03 -3.58396e-04 -3.08216e-03 -2.84953e-03  1.40217e-01
 1.33000e+02  1.90414e-01 -2.26401e-04  4.01212e-03 -1.18900e-03 -3.09682e-03 -2.84211e-03  1.40989e-01
 1.33500e+02  1.91584e-01 -3.87941e-04  4.03340e-03 -2.02492e-03 -3.10964e-03 -2.83352e-03  1.41758e-01
 1.34000e+02  1.92739e-01 -5.52087e-04  4.05558e-03 -2.86443e-03 -3.12058e-03 -2.82379e-03  1.42521e-01
 1.34500e+02  1.93879e-01 -7.18487e-04  4.07870e-03 -3.70585e-03 -3.12959e-03 -2.81294e-03  1.43277e-01
 1.35000e+02  1.95002e-01 -8.86784e-04  4.10276e-03 -4.54757e-03 -3.13663e-03 -2.80100e-03  1.44028e-01
 1.35500e+02  1.96107e-01 -1.05662e-03  4.12778e-03 -5.38801e-03 -3.14170e-03 -2.78802e-03  1.44770e-01
 1.36000e+02  1.97192e-01 -1.22765e-03  4.15376e-03 -6.22565e-03 -3.14477e-03 -2.77403e-03  1.45505e-01
 1.36500e+02  1.98258e-01 -1.39952e-03  4.18071e-03 -7.05907e-03 -3.14585e-03 -2.75906e-03  1.46230e-01
 1.37000e+02  1.99303e-01 -1.57187e-03  4.20862e-03 -7.88686e-03 -3.14496e-03 -2.74317e-03  1.46946e-01
 1.37500e+02  2.00325e-01 -1.74438e-03  4.23748e-03 -8.70773e-03 -3.14210e-03 -2.72640e-03  1.47652e-01
 1.38000e+02  2.01326e-01 -1.91671e-03  4.26726e-03 -9.52042e-03 -3.13733e-03 -2.70879e-03  1.48348e-01
 1.38500e+02  2.02303e-01 -2.08853e-03  4.29794e-03 -1.03237e-02 -3.13067e-03 -2.69040e-03  1.49032e-01
 1.39000e+02  2.03257e-01 -2.25953e-03  4.32949e-03 -1.11166e-02 -3.12218e-03 -2.67127e-03  1.49705e-01
 1.39500e+02  2.04187e-01 -2.42941e-03  4.36187e-03 -1.18979e-02 -3.11191e-03 -2.65145e-03  1.50366e-01
 1.40000e+02  2.05093e-01 -2.59787e-03  4.39504e-03 -1.26668e-02 -3.09993e-03 -2.63099e-03  1.51015e-01
 1.40500e+02  2.05973e-01 -2.76464e-03  4.42896e-03 -1.34223e-02 -3.08631e-03 -2.60994e-03  1.51651e-01
 1.41000e+02  2.06830e-01 -2.92944e-03  4.46358e-03 -1.41635e-02 -3.07111e-03 -2.58836e-03  1.52274e-01
 1.41500e+02  2.07661e-01 -3.09202e-03  4.49885e-03 -1.48898e-02 -3.05443e-03 -2.56629e-03  1.52883e-01
 1.42000e+02  2.08467e-01 -3.25214e-03  4.53471e-03 -1.56003e-02 -3.03634e-03 -2.54379e-03  1.53480e-01
 1.42500e+02  2.09248e-01 -3.40957e-03  4.57110e-03 -1.62944e-02 -3.01693e-03 -2.52090e-03  1.54062e-01
 1.43000e+02  2.10004e-01 -3.56410e-03  4.60797e-03 -1.69716e-02 -2.99628e-03 -2.49768e-03  1.54631e-01
 1.43500e+02  2.10736e-01 -3.71553e-03  4.64526e-03 -1.76312e-02 -2.97450e-03 -2.47416e-03  1.55186e-01
 1.44000e+02  2.11442e-01 -3.86367e-03  4.68290e-03 -1.82729e-02 -2.95166e-03 -2.45040e-03  1.55727e-01
 1.44500e+02  2.12125e-01 -4.00836e-03  4.72084e-03 -1.88962e-02 -2.92786e-03 -2.42644e-03  1.56253e-01
 1.45000e+02  2.12784e-01 -4.14943e-03  4.75902e-03 -1.95007e-02 -2.90319e-03 -2.40233e-03  1.56766e-01
 1.45500e+02  2.13418e-01 -4.28673e-03  4.79737e-03 -2.00861e-02 -2.87773e-03 -2.37811e-03  1.57265e-01
 1.46000e+02  2.14030e-01 -4.42015e-03  4.83584e-03 -2.06520e-02 -2.85158e-03 -2.35382e-03  1.57749e-01
 1.46500e+02  2.14619e-01 -4.54956e-03  4.87437e-03 -2.11983e-02 -2.82481e-03 -2.32950e-03  1.58220e-01
 1.47000e+02  2.15185e-01 -4.67485e-03  4.91291e-03 -2.17248e-02 -2.79752e-03 -2.30518e-03  1.58677e-01
 1.47500e+02  2.15729e-01 -4.79594e-03  4.95140e-03 -2.22313e-02 -2.76978e-03 -2.28091e-03  1.59121e-01
 1.48000e+02  2.16252e-01 -4.91274e-03  4.98979e-03 -2.27177e-02 -2.74166e-03 -2.25671e-03  1.59551e-01
 1.48500e+02  2.16754e-01 -5.02519e-03  5.02803e-03 -2.31839e-02 -2.71325e-03 -2.23262e-03  1.59967e-01
 1.49000e+02  2.17235e-01 -5.13322e-03  5.06608e-03 -2.36298e-02 -2.68460e-03 -2.20868e-03  1.60370e-01
 1.49500e+02  2.17696e-01 -5.23678e-03  5.10389e-03 -2.40554e-02 -2.65580e-03 -2.18490e-03  1.60761e-01
 1.50000e+02  2.18138e-01 -5.33584e-03  5.14141e-03 -2.44608e-02 -2.62690e-03 -2.16132e-03  1.61139e-01
 1.50500e+02  2.18562e-01 -5.43038e-03  5.17862e-03 -2.48460e-02 -2.59795e-03 -2.13795e-03  1.61504e-01
 1.51000e+02  2.18967e-01 -5.52036e-03  5.21547e-03 -2.52109e-02 -2.56902e-03 -2.11484e-03  1.61857e-01
 1.51500e+02  2.19354e-01 -5.60578e-03  5.25193e-03 -2.55558e-02 -2.54016e-03 -2.09199e-03  1.62198e-01
 1.52000e+02  2.19725e-01 -5.68663e-03  5.28797e-03 -2.58807e-02 -2.51141e-03 -2.06943e-03  1.62527e-01
 1.52500e+02  2.20079e-01 -5.76292e-03  5.32356e-03 -2.61857e-02 -2.48282e-03 -2.04717e-03  1.62845e-01
 1.53000e+02  2.20417e-01 -5.83466e-03  5.35868e-03 -2.64710e-02 -2.45443e-03 -2.02524e-03  1.63152e-01
 1.53500e+02  2.20739e-01 -5.90186e-03  5.39331e-03 -2.67368e-02 -2.42627e-03 -2.00365e-03  1.63448e-01
 1.54000e+02  2.21047e-01 -5.96456e-03  5.42742e-03 -2.69832e-02 -2.39839e-03 -1.98241e-03  1.63734e-01
 1.54500e+02  2.21341e-01 -6.02277e-03  5.46099e-03 -2.72103e-02 -2.37080e-03 -1.96153e-03  1.64009e-01
 1.55000e+02  2.21621e-01 -6.07653e-03  5.49402e-03 -2.74185e-02 -2.34355e-03 -1.94103e-03  1.64274e-01
 1.55500e+02  2.21888e-01 -6.12588e-03  5.52649e-03 -2.76080e-02 -2.31664e-03 -1.92092e-03  1.64530e-01
 1.56000e+02  2.22143e-01 -6.17086e-03  5.55838e-03 -2.77788e-02 -2.29011e-03 -1.90121e-03  1.64776e-01
 1.56500e+02  2.22385e-01 -6.21152e-03  5.58969e-03 -2.79314e-02 -2.26397e-03 -1.88189e-03  1.65013e-01
 1.57000e+02  2.22615e-01 -6.24791e-03  5.62041e-03 -2.80659e-02 -2.23824e-03 -1.86299e-03  1.65242e-01
 1.57500e+02  2.22835e-01 -6.28008e-03  5.65054e-03 -2.81826e-02 -2.21293e-03 -1.84450e-03  1.65462e-01
 1.58000e+02  2.23044e-01 -6.30808e-03  5.68008e-03 -2.82818e-02 -2.18806e-03 -1.82644e-03  1.65673e-01
 1.58500e+02  2.23242e-01 -6.33198e-03  5.70901e-03 -2.83637e-02 -2.16363e-03 -1.80879e-03  1.65877e-01
 1.59000e+02  2.23431e-01 -6.35184e-03  5.73734e-03 -2.84286e-02 -2.13965e-03 -1.79157e-03  1.66073e-01
 1.59500e+02  2.23611e-01 -6.36771e-03  5.76507e-03 -2.84767e-02 -2.11613e-03 -1.77477e-03  1.66262e-01
 1.60000e+02  2.23782e-01 -6.37966e-03  5.79221e-03 -2.85084e-02 -2.09308e-03 -1.75840e-03  1.66443e-01
 1.60500e+02  2.23944e-01 -6.38776e-03  5.81875e-03 -2.85239e-02 -2.07048e-03 -1.74246e-03  1.66618e-01
 1.61000e+02  2.24099e-01 -6.39208e-03  5.84469e-03 -2.85235e-02 -2.04836e-03 -1.72694e-03  1.66786e-01
 1.61500e+02  2.24245e-01 -6.39267e-03  5.87006e-03 -2.85075e-02 -2.02670e-03 -1.71185e-03  1.66948e-01
 1.62000e+02  2.24384e-01 -6.38961e-03  5.89484e-03 -2.84762e-02 -2.00552e-03 -1.69718e-03  1.67104e-01
 1.62500e+02  2.24516e-01 -6.38298e-03  5.91904e-03 -2.84299e-02 -1.98479e-03 -1.68293e-03  1.67253e-01
 1.63000e+02  2.24642e-01 -6.37282e-03  5.94268e-03 -2.83688e-02 -1.96453e-03 -1.66910e-03  1.67397e-01
 1.63500e+02  2.24761e-01 -6.35923e-03  5.96576e-03 -2.82933e-02 -1.94473e-03 -1.65568e-03  1.67536e-01
 1.64000e+02  2.24874e-01 -6.34226e-03  5.98829e-03 -2.82036e-02 -1.92538e-03 -1.64266e-03  1.67669e-01
 1.64500e+02  2.24982e-01 -6.32199e-03  6.01027e-03 -2.81000e-02 -1.90649e-03 -1.63005e-03  1.67797e-01
 1.65000e+02  2.25084e-01 -6.29849e-03  6.03171e-03 -2.79829e-02 -1.88804e-03 -1.61784e-03  1.67921e-01
 1.65500e+02  2.25180e-01 -6.27182e-03  6.05263e-03 -2.78524e-02 -1.87003e-03 -1.60602e-03  1.68040e-01
 1.66000e+02  2.25272e-01 -6.24205e-03  6.07303e-03 -2.77089e-02 -1.85246e-03 -1.59459e-03  1.68154e-01
 1.66500e+02  2.25359e-01 -6.20925e-03  6.09293e-03 -2.75527e-02 -1.83531e-03 -1.58354e-03  1.68264e-01
 1.67000e+02  2.25442e-01 -6.17350e-03  6.11232e-03 -2.73840e-02 -1.81858e-03 -1.57286e-03  1.68370e-01
 1.67500e+02  2.25520e-01 -6.13485e-03  6.13123e-03 -2.72031e-02 -1.80227e-03 -1.56256e-03  1.68472e-01
 1.68000e+02  2.25595e-01 -6.09338e-03  6.14965e-03 -2.70103e-02 -1.78637e-03 -1.55261e-03  1.68570e-01
 1.68500e+02  2.25665e-01 -6.04915e-03  6.16760e-03 -2.68058e-02 -1.77086e-03 -1.54302e-03  1.68664e-01
 1.69000e+02  2.25732e-01 -6.00222e-03  6.18509e-03 -2.65900e-02 -1.75575e-03 -1.53377e-03  1.68755e-01
 1.69500e+02  2.25796e-01 -5.95267e-03  6.20213e-03 -2.63631e-02 -1.74103e-03 -1.52487e-03  1.68842e-01
 1.70000e+02  2.25856e-01 -5.90055e-03  6.21873e-03 -2.61253e-02 -1.72668e-03 -1.51630e-03  1.68927e-01
 1.70500e+02  2.25913e-01 -5.84592e-03  6.23489e-03 -2.58769e-02 -1.71271e-03 -1.50805e-03  1.69008e-01
 1.71000e+02  2.25967e-01 -5.78886e-03  6.25063e-03 -2.56181e-02 -1.69910e-03 -1.50012e-03  1.69086e-01
 1.71500e+02  2.26019e-01 -5.72941e-03  6.26595e-03 -2.53493e-02 -1.68584e-03 -1.49250e-03  1.69161e-01
 1.72000e+02  2.26067e-01 -5.66765e-03  6.28086e-03 -2.50706e-02 -1.67294e-03 -1.48518e-03  1.69234e-01
 1.72500e+02  2.26114e-01 -5.60363e-03  6.29538e-03 -2.47824e-02 -1.66038e-03 -1.47816e-03  1.69303e-01
 1.73000e+02  2.26157e-01 -5.53740e-03  6.30951e-03 -2.44847e-02 -1.64815e-03 -1.47143e-03  1.69371e-01
 1.73500e+02  2.26199e-01 -5.46903e-03  6.32325e-03 -2.41780e-02 -1.63625e-03 -1.46497e-03  1.69435e-01
 1.74000e+02  2.26238e-01 -5.39858e-03  6.33662e-03 -2.38624e-02 -1.62468e-03 -1.45878e-03  1.69498e-01
 1.74500e+02  2.26276e-01 -5.32609e-03  6.34962e-03 -2.35381e-02 -1.61342e-03 -1.45286e-03  1.69558e-01
 1.75000e+02  2.26311e-01 -5.25162e-03  6.36226e-03 -2.32053e-02 -1.60248e-03 -1.44720e-03  1.69616e-01
 1.75500e+02  2.26345e-01 -5.17524e-03  6.37455e-03 -2.28644e-02 -1.59183e-03 -1.44178e-03  1.69672e-01
 1.76000e+02  2.26376e-01 -5.09698e-03  6.38650e-03 -2.25155e-02 -1.58149e-03 -1.43661e-03  1.69725e-01
 1.76500e+02  2.26406e-01 -5.01690e-03  6.39811e-03 -2.21588e-02 -1.57144e-03 -1.43166e-03  1.69777e-01
 1.77000e+02  2.26435e-01 -4.93506e-03  6.40939e-03 -2.17946e-02 -1.56167e-03 -1.42695e-03  1.69827e-01
 1.77500e+02  2.26462e-01 -4.85151e-03  6.42034e-03 -2.14230e-02 -1.55218e-03 -1.42245e-03  1.69875e-01
 1.78000e+02  2.26488e-01 -4.76628e-03  6.43098e-03 -2.10443e-02 -1.54297e-03 -1.41816e-03  1.69921e-01
 1.78500e+02  2.26512e-01 -4.67944e-03  6.44130e-03 -2.06587e-02 -1.53403e-03 -1.41408e-03  1.69966e-01
 1.79000e+02  2.26535e-01 -4.59103e-03  6.45131e-03 -2.02663e-02 -1.52536e-03 -1.41020e-03  1.70009e-01
 1.79500e+02  2.26557e-01 -4.50109e-03  6.46103e-03 -1.98674e-02 -1.51695e-03 -1.40651e-03  1.70050e-01
 1.80000e+02  2.26577e-01 -4.40968e-03  6.47045e-03 -1.94621e-02 -1.50879e-03 -1.40300e-03  1.70090e-01
 1.80500e+02  2.26597e-01 -4.31683e-03  6.47957e-03 -1.90507e-02 -1.50089e-03 -1.39966e-03  1.70128e-01
 1.81000e+02  2.26615e-01 -4.22260e-03  6.48841e-03 -1.86333e-02 -1.49323e-03 -1.39650e-03  1.70165e-01
 1.81500e+02  2.26633e-01 -4.12703e-03  6.49697e-03 -1.82102e-02 -1.48582e-03 -1.39350e-03  1.70200e-01
 1.82000e+02  2.26650e-01 -4.03016e-03  6.50526e-03 -1.77815e-02 -1.47864e-03 -1.39066e-03  1.70234e-01
 1.82500e+02  2.26665e-01 -3.93203e-03  6.51327e-03 -1.73473e-02 -1.47170e-03 -1.38797e-03  1.70267e-01
 1.83000e+02  2.26680e-01 -3.83269e-03  6.52102e-03 -1.69079e-02 -1.46500e-03 -1.38543e-03  1.70298e-01
 1.83500e+02  2.26694e-01 -3.73218e-03  6.52850e-03 -1.64635e-02 -1.45852e-03 -1.38303e-03  1.70328e-01
 1.84000e+02  2.26707e-01 -3.63053e-03  6.53572e-03 -1.60142e-02 -1.45227e-03 -1.38076e-03  1.70357e-01
 1.84500e+02  2.26720e-01 -3.52779e-03  6.54268e-03 -1.55602e-02 -1.44624e-03 -1.37861e-03  1.70385e-01
 1.85000e+02  2.26731e-01 -3.42400e-03  6.54939e-03 -1.51016e-02 -1.44043e-03 -1.37660e-03  1.70412e-01
 1.85500e+02  2.26742e-01 -3.31920e-03  6.55585e-03 -1.46386e-02 -1.43483e-03 -1.37470e-03  1.70437e-01
 1.86000e+02  2.26753e-01 -3.21342e-03  6.56207e-03 -1.41715e-02 -1.42945e-03 -1.37291e-03  1.70461e-01
 1.86500e+02  2.26763e-01 -3.10671e-03  6.56804e-03 -1.37003e-02 -1.42428e-03 -1.37123e-03  1.70485e-01
 1.87000e+02  2.26772e-01 -2.99910e-03  6.57378e-03 -1.32252e-02 -1.41932e-03 -1.36965e-03  1.70507e-01
 1.87500e+02  2.26781e-01 -2.89062e-03  6.57927e-03 -1.27463e-02 -1.41456e-03 -1.36817e-03  1.70528e-01
 1.88000e+02  2.26789e-01 -2.78132e-03  6.58453e-03 -1.22639e-02 -1.41001e-03 -1.36679e-03  1.70548e-01
 1.88500e+02  2.26797e-01 -2.67124e-03  6.58956e-03 -1.17781e-02 -1.40566e-03 -1.36549e-03  1.70568e-01
 1.89000e+02  2.26804e-01 -2.56040e-03  6.59435e-03 -1.12890e-02 -1.40151e-03 -1.36428e-03  1.70586e-01
 1.89500e+02  2.26811e-01 -2.44884e-03  6.59892e-03 -1.07968e-02 -1.39755e-03 -1.36315e-03  1.70603e-01
 1.90000e+02  2.26817e-01 -2.33660e-03  6.60327e-03 -1.03017e-02 -1.39379e-03 -1.36210e-03  1.70620e-01
 1.90500e+02  2.26823e-01 -2.22371e-03  6.60739e-03 -9.80374e-03 -1.39023e-03 -1.36113e-03  1.70635e-01
 1.91000e+02  2.26828e-01 -2.11021e-03  6.61128e-03 -9.30312e-03 -1.38685e-03 -1.36022e-03  1.70650e-01
 1.91500e+02  2.26833e-01 -1.99613e-03  6.61496e-03 -8.79999e-03 -1.38367e-03 -1.35938e-03  1.70664e-01
 1.92000e+02  2.26838e-01 -1.88151e-03  6.61842e-03 -8.29448e-03 -1.38068e-03 -1.35861e-03  1.70677e-01
 1.92500e+02  2.26843e-01 -1.76637e-03  6.62166e-03 -7.78676e-03 -1.37787e-03 -1.35790e-03  1.70689e-01
 1.93000e+02  2.26847e-01 -1.65075e-03  6.62469e-03 -7.27695e-03 -1.37525e-03 -1.35724e-03  1.70700e-01
 1.93500e+02  2.26850e-01 -1.53469e-03  6.62750e-03 -6.76521e-03 -1.37282e-03 -1.35665e-03  1.70710e-01
 1.94000e+02  2.26854e-01 -1.41822e-03  6.63010e-03 -6.25167e-03 -1.37057e-03 -1.35610e-03  1.70720e-01
 1.94500e+02  2.26857e-01 -1.30136e-03  6.63249e-03 -5.73648e-03 -1.36851e-03 -1.35561e-03  1.70729e-01
 1.95000e+02  2.26860e-01 -1.18416e-03  6.63466e-03 -5.21978e-03 -1.36662e-03 -1.35517e-03  1.70737e-01
 1.95500e+02  2.26862e-01 -1.06664e-03  6.63663e-03 -4.70170e-03 -1.36492e-03 -1.35477e-03  1.70744e-01
 1.96000e+02  2.26864e-01 -9.48835e-04  6.63839e-03 -4.18239e-03 -1.36340e-03 -1.35442e-03  1.70751e-01
 1.96500e+02  2.26866e-01 -8.30780e-04  6.63994e-03 -3.66198e-03 -1.36206e-03 -1.35412e-03  1.70756e-01
 1.97000e+02  2.26868e-01 -7.12506e-04  6.64128e-03 -3.14062e-03 -1.36090e-03 -1.35386e-03  1.70761e-01
 1.97500e+02  2.26869e-01 -5.94042e-04  6.64241e-03 -2.61843e-03 -1.35992e-03 -1.35364e-03  1.70765e-01
 1.98000e+02  2.26870e-01 -4.75422e-04  6.64334e-03 -2.09557e-03 -1.35912e-03 -1.35346e-03  1.70769e-01
 1.98500e+02  2.26871e-01 -3.56676e-04  6.64406e-03 -1.57215e-03 -1.35850e-03 -1.35333e-03  1.70771e-01
 1.99000e+02  2.26872e-01 -2.37836e-04  6.64457e-03 -1.04833e-03 -1.35805e-03 -1.35323e-03  1.70773e-01
 1.99500e+02  2.26872e-01 -1.18934e-04  6.64488e-03 -5.24232e-04 -1.35778e-03 -1.35317e-03  1.70774e-01
