 0.00000e+00  5.05871e-01  1.65641e-13  1.77363e+00  3.27437e-13  2.48272e+00  2.67506e+00
 1.00000e-01  5.05872e-01 -9.35992e-05  1.77362e+00 -1.85025e-04  2.48265e+00  2.67498e+00
 2.00000e-01  5.05875e-01 -1.74161e-04  1.77360e+00 -3.44276e-04  2.48269e+00  2.67499e+00
 3.00000e-01  5.05881e-01 -2.46174e-04  1.77356e+00 -4.86625e-04  2.48273e+00  2.67497e+00
 4.00000e-01  5.05890e-01 -2.87175e-04  1.77353e+00 -5.67664e-04  2.48247e+00  2.67463e+00
 5.00000e-01  5.05899e-01 -3.10187e-04  1.77348e+00 -6.13140e-04  2.48253e+00  2.67459e+00
 6.00000e-01  5.05911e-01 -3.13541e-04  1.77342e+00 -6.19756e-04  2.48256e+00  2.67452e+00
 7.00000e-01  5.05924e-01 -3.12920e-04  1.77338e+00 -6.18512e-04  2.48240e+00  2.67423e+00
 8.00000e-01  5.05938e-01 -2.79153e-04  1.77333e+00 -5.51754e-04  2.48235e+00  2.67404e+00
 9.00000e-01  5.05952e-01 -2.32221e-04  1.77330e+00 -4.58978e-04  2.48219e+00  2.67375e+00
 1.00000e+00  5.05965e-01 -1.73473e-04  1.77328e+00 -3.42856e-04  2.48219e+00  2.67362e+00
 1.10000e+00  5.05978e-01 -8.02621e-05  1.77327e+00 -1.58628e-04  2.48200e+00  2.67332e+00
 1.20000e+00  5.05988e-01  9.09897e-06  1.77326e+00  1.79826e-05  2.48206e+00  2.67328e+00
 1.30000e+00  5.05995e-01  1.14564e-04  1.77327e+00  2.26414e-04  2.48206e+00  2.67321e+00
 1.40000e+00  5.06000e-01  2.29564e-04  1.77329e+00  4.53684e-04  2.48188e+00  2.67299e+00
 1.50000e+00  5.06000e-01  3.58544e-04  1.77330e+00  7.08585e-04  2.48200e+00  2.67310e+00
 1.60000e+00  5.05997e-01  4.76346e-04  1.77332e+00  9.41402e-04  2.48189e+00  2.67303e+00
 1.70000e+00  5.05989e-01  5.82531e-04  1.77331e+00  1.15127e-03  2.48220e+00  2.67340e+00
 1.80000e+00  5.05980e-01  6.86243e-04  1.77330e+00  1.35627e-03  2.48225e+00  2.67354e+00
 1.90000e+00  5.05969e-01  7.67180e-04  1.77329e+00  1.51626e-03  2.48217e+00  2.67358e+00
 2.00000e+00  5.05956e-01  8.40638e-04  1.77325e+00  1.66148e-03  2.48231e+00  2.67383e+00
 2.10000e+00  5.05944e-01  8.88813e-04  1.77320e+00  1.75674e-03  2.48196e+00  2.67361e+00
 2.20000e+00  5.05931e-01  9.33821e-04  1.77312e+00  1.84575e-03  2.48191e+00  2.67368e+00
 2.30000e+00  5.05917e-01  9.74277e-04  1.77300e+00  1.92576e-03  2.48164e+00  2.67355e+00
 2.40000e+00  5.05903e-01  1.00389e-03  1.77285e+00  1.98435e-03  2.48128e+00  2.67334e+00
 2.50000e+00  5.05888e-01  1.01170e-03  1.77267e+00  1.99984e-03  2.48119e+00  2.67340e+00
 2.60000e+00  5.05874e-01  9.97262e-04  1.77247e+00  1.97137e-03  2.48081e+00  2.67316e+00
 2.70000e+00  5.05860e-01  9.93692e-04  1.77225e+00  1.96436e-03  2.48052e+00  2.67301e+00
 2.80000e+00  5.05847e-01  9.77581e-04  1.77203e+00  1.93256e-03  2.48019e+00  2.67283e+00
 2.90000e+00  5.05835e-01  9.76877e-04  1.77180e+00  1.93122e-03  2.47984e+00  2.67260e+00
 3.00000e+00  5.05824e-01  9.96689e-04  1.77158e+00  1.97043e-03  2.47941e+00  2.67228e+00
 3.10000e+00  5.05814e-01  1.01610e-03  1.77138e+00  2.00884e-03  2.47884e+00  2.67181e+00
 3.20000e+00  5.05804e-01  1.05660e-03  1.77118e+00  2.08894e-03  2.47846e+00  2.67155e+00
 3.30000e+00  5.05793e-01  1.10609e-03  1.77100e+00  2.18683e-03  2.47790e+00  2.67110e+00
 3.40000e+00  5.05780e-01  1.17591e-03  1.77083e+00  2.32495e-03  2.47772e+00  2.67105e+00
 3.50000e+00  5.05765e-01  1.26085e-03  1.77067e+00  2.49296e-03  2.47775e+00  2.67123e+00
 3.60000e+00  5.05751e-01  1.34929e-03  1.77056e+00  2.66789e-03  2.47738e+00  2.67101e+00
 3.70000e+00  5.05736e-01  1.46533e-03  1.77048e+00  2.89742e-03  2.47737e+00  2.67115e+00
 3.80000e+00  5.05722e-01  1.59229e-03  1.77045e+00  3.14854e-03  2.47720e+00  2.67111e+00
 3.90000e+00  5.05708e-01  1.73719e-03  1.77045e+00  3.43516e-03  2.47721e+00  2.67126e+00
 4.00000e+00  5.05696e-01  1.88909e-03  1.77051e+00  3.73563e-03  2.47709e+00  2.67126e+00
 4.10000e+00  5.05683e-01  2.03825e-03  1.77060e+00  4.03069e-03  2.47686e+00  2.67116e+00
 4.20000e+00  5.05670e-01  2.20205e-03  1.77070e+00  4.35473e-03  2.47736e+00  2.67178e+00
 4.30000e+00  5.05657e-01  2.35360e-03  1.77084e+00  4.65454e-03  2.47715e+00  2.67170e+00
 4.40000e+00  5.05644e-01  2.50018e-03  1.77100e+00  4.94455e-03  2.47730e+00  2.67197e+00
 4.50000e+00  5.05630e-01  2.64398e-03  1.77116e+00  5.22908e-03  2.47755e+00  2.67234e+00
 4.60000e+00  5.05616e-01  2.79204e-03  1.77132e+00  5.52205e-03  2.47742e+00  2.67236e+00
 4.70000e+00  5.05601e-01  2.93891e-03  1.77145e+00  5.81271e-03  2.47769e+00  2.67277e+00
 4.80000e+00  5.05585e-01  3.06640e-03  1.77159e+00  6.06505e-03  2.47750e+00  2.67273e+00
 4.90000e+00  5.05567e-01  3.16952e-03  1.77171e+00  6.26923e-03  2.47761e+00  2.67301e+00
 5.00000e+00  5.05547e-01  3.24884e-03  1.77181e+00  6.42638e-03  2.47756e+00  2.67316e+00
 5.10000e+00  5.05526e-01  3.31046e-03  1.77190e+00  6.54855e-03  2.47755e+00  2.67336e+00
 5.20000e+00  5.05502e-01  3.34281e-03  1.77198e+00  6.61285e-03  2.47771e+00  2.67375e+00
 5.30000e+00  5.05476e-01  3.38252e-03  1.77202e+00  6.69174e-03  2.47764e+00  2.67392e+00
 5.40000e+00  5.05450e-01  3.40708e-03  1.77205e+00  6.74068e-03  2.47765e+00  2.67419e+00
 5.50000e+00  5.05424e-01  3.42354e-03  1.77209e+00  6.77360e-03  2.47755e+00  2.67434e+00
 5.60000e+00  5.05398e-01  3.46280e-03  1.77208e+00  6.85164e-03  2.47752e+00  2.67457e+00
 5.70000e+00  5.05372e-01  3.48998e-03  1.77206e+00  6.90577e-03  2.47713e+00  2.67444e+00
 5.80000e+00  5.05345e-01  3.51725e-03  1.77204e+00  6.96009e-03  2.47728e+00  2.67484e+00
 5.90000e+00  5.05320e-01  3.55314e-03  1.77198e+00  7.03145e-03  2.47744e+00  2.67524e+00
 6.00000e+00  5.05299e-01  3.60278e-03  1.77191e+00  7.13000e-03  2.47727e+00  2.67529e+00
 6.10000e+00  5.05281e-01  3.65533e-03  1.77184e+00  7.23426e-03  2.47751e+00  2.67569e+00
 6.20000e+00  5.05270e-01  3.72681e-03  1.77176e+00  7.37589e-03  2.47713e+00  2.67543e+00
 6.30000e+00  5.05264e-01  3.80941e-03  1.77167e+00  7.53944e-03  2.47686e+00  2.67523e+00
 6.40000e+00  5.05262e-01  3.88446e-03  1.77160e+00  7.68802e-03  2.47681e+00  2.67519e+00
 6.50000e+00  5.05266e-01  3.97489e-03  1.77150e+00  7.86692e-03  2.47652e+00  2.67487e+00
 6.60000e+00  5.05273e-01  4.06206e-03  1.77140e+00  8.03933e-03  2.47646e+00  2.67474e+00
 6.70000e+00  5.05285e-01  4.12684e-03  1.77135e+00  8.16736e-03  2.47642e+00  2.67459e+00
 6.80000e+00  5.05300e-01  4.17662e-03  1.77132e+00  8.26564e-03  2.47622e+00  2.67425e+00
 6.90000e+00  5.05318e-01  4.22504e-03  1.77130e+00  8.36117e-03  2.47641e+00  2.67426e+00
 7.00000e+00  5.05338e-01  4.25540e-03  1.77132e+00  8.42090e-03  2.47666e+00  2.67431e+00
 7.10000e+00  5.05362e-01  4.28521e-03  1.77138e+00  8.47948e-03  2.47667e+00  2.67408e+00
 7.20000e+00  5.05389e-01  4.30465e-03  1.77146e+00  8.51749e-03  2.47699e+00  2.67413e+00
 7.30000e+00  5.05418e-01  4.29172e-03  1.77161e+00  8.49142e-03  2.47708e+00  2.67394e+00
 7.40000e+00  5.05449e-01  4.27100e-03  1.77178e+00  8.44993e-03  2.47755e+00  2.67411e+00
 7.50000e+00  5.05480e-01  4.22782e-03  1.77198e+00  8.36396e-03  2.47808e+00  2.67431e+00
 7.60000e+00  5.05514e-01  4.16389e-03  1.77223e+00  8.23696e-03  2.47847e+00  2.67437e+00
 7.70000e+00  5.05548e-01  4.09991e-03  1.77248e+00  8.10982e-03  2.47898e+00  2.67454e+00
 7.80000e+00  5.05584e-01  4.03715e-03  1.77273e+00  7.98512e-03  2.47912e+00  2.67433e+00
 7.90000e+00  5.05617e-01  3.97242e-03  1.77299e+00  7.85658e-03  2.47981e+00  2.67468e+00
 8.00000e+00  5.05650e-01  3.91640e-03  1.77324e+00  7.74528e-03  2.48002e+00  2.67456e+00
 8.10000e+00  5.05681e-01  3.86339e-03  1.77349e+00  7.63997e-03  2.48017e+00  2.67441e+00
 8.20000e+00  5.05706e-01  3.82271e-03  1.77371e+00  7.55915e-03  2.48082e+00  2.67480e+00
 8.30000e+00  5.05728e-01  3.78912e-03  1.77394e+00  7.49241e-03  2.48106e+00  2.67483e+00
 8.40000e+00  5.05745e-01  3.77699e-03  1.77413e+00  7.46816e-03  2.48172e+00  2.67530e+00
 8.50000e+00  5.05760e-01  3.80791e-03  1.77430e+00  7.52909e-03  2.48194e+00  2.67538e+00
 8.60000e+00  5.05770e-01  3.82882e-03  1.77449e+00  7.57027e-03  2.48208e+00  2.67541e+00
 8.70000e+00  5.05777e-01  3.86045e-03  1.77467e+00  7.63272e-03  2.48245e+00  2.67572e+00
 8.80000e+00  5.05779e-01  3.89598e-03  1.77485e+00  7.70293e-03  2.48263e+00  2.67587e+00
 8.90000e+00  5.05776e-01  3.91552e-03  1.77504e+00  7.74161e-03  2.48320e+00  2.67645e+00
 9.00000e+00  5.05771e-01  3.95103e-03  1.77520e+00  7.81190e-03  2.48332e+00  2.67661e+00
 9.10000e+00  5.05764e-01  3.97250e-03  1.77536e+00  7.85445e-03  2.48351e+00  2.67687e+00
 9.20000e+00  5.05753e-01  3.97528e-03  1.77552e+00  7.86011e-03  2.48379e+00  2.67725e+00
 9.30000e+00  5.05740e-01  3.96693e-03  1.77566e+00  7.84381e-03  2.48387e+00  2.67745e+00
 9.40000e+00  5.05725e-01  3.93072e-03  1.77580e+00  7.77245e-03  2.48426e+00  2.67798e+00
 9.50000e+00  5.05709e-01  3.87702e-03  1.77593e+00  7.66649e-03  2.48428e+00  2.67816e+00
 9.60000e+00  5.05693e-01  3.81041e-03  1.77604e+00  7.53502e-03  2.48434e+00  2.67837e+00
 9.70000e+00  5.05676e-01  3.72866e-03  1.77612e+00  7.37363e-03  2.48436e+00  2.67856e+00
 9.80000e+00  5.05657e-01  3.64340e-03  1.77618e+00  7.20528e-03  2.48446e+00  2.67884e+00
 9.90000e+00  5.05639e-01  3.53875e-03  1.77624e+00  6.99857e-03  2.48465e+00  2.67920e+00
 1.00000e+01  5.05622e-01  3.42713e-03  1.77631e+00  6.77805e-03  2.48469e+00  2.67941e+00
 1.01000e+01  5.05606e-01  3.32192e-03  1.77639e+00  6.57017e-03  2.48511e+00  2.67997e+00
 1.02000e+01  5.05594e-01  3.22846e-03  1.77649e+00  6.38548e-03  2.48491e+00  2.67989e+00
 1.03000e+01  5.05585e-01  3.16646e-03  1.77661e+00  6.26297e-03  2.48488e+00  2.67995e+00
 1.04000e+01  5.05576e-01  3.12450e-03  1.77675e+00  6.18007e-03  2.48515e+00  2.68030e+00
 1.05000e+01  5.05571e-01  3.11107e-03  1.77691e+00  6.15359e-03  2.48517e+00  2.68037e+00
 1.06000e+01  5.05566e-01  3.11578e-03  1.77709e+00  6.16295e-03  2.48545e+00  2.68069e+00
 1.07000e+01  5.05563e-01  3.14324e-03  1.77729e+00  6.21731e-03  2.48564e+00  2.68091e+00
 1.08000e+01  5.05562e-01  3.19659e-03  1.77749e+00  6.32285e-03  2.48595e+00  2.68123e+00
 1.09000e+01  5.05562e-01  3.25784e-03  1.77770e+00  6.44400e-03  2.48577e+00  2.68105e+00
 1.10000e+01  5.05561e-01  3.34316e-03  1.77789e+00  6.61277e-03  2.48607e+00  2.68135e+00
 1.11000e+01  5.05559e-01  3.45152e-03  1.77803e+00  6.82714e-03  2.48643e+00  2.68172e+00
 1.12000e+01  5.05557e-01  3.58985e-03  1.77813e+00  7.10078e-03  2.48619e+00  2.68151e+00
 1.13000e+01  5.05554e-01  3.73619e-03  1.77820e+00  7.39029e-03  2.48647e+00  2.68181e+00
 1.14000e+01  5.05549e-01  3.88459e-03  1.77824e+00  7.68391e-03  2.48624e+00  2.68162e+00
 1.15000e+01  5.05543e-01  4.05467e-03  1.77821e+00  8.02042e-03  2.48607e+00  2.68152e+00
 1.16000e+01  5.05534e-01  4.21809e-03  1.77814e+00  8.34384e-03  2.48559e+00  2.68114e+00
 1.17000e+01  5.05520e-01  4.37687e-03  1.77803e+00  8.65816e-03  2.48500e+00  2.68070e+00
 1.18000e+01  5.05499e-01  4.52096e-03  1.77787e+00  8.94355e-03  2.48471e+00  2.68062e+00
 1.19000e+01  5.05472e-01  4.65336e-03  1.77765e+00  9.20596e-03  2.48411e+00  2.68029e+00
 1.20000e+01  5.05437e-01  4.77810e-03  1.77736e+00  9.45339e-03  2.48361e+00  2.68014e+00
 1.21000e+01  5.05396e-01  4.87080e-03  1.77704e+00  9.63758e-03  2.48299e+00  2.67994e+00
 1.22000e+01  5.05348e-01  4.94870e-03  1.77669e+00  9.79266e-03  2.48261e+00  2.68004e+00
 1.23000e+01  5.05296e-01  4.99636e-03  1.77633e+00  9.88799e-03  2.48165e+00  2.67960e+00
 1.24000e+01  5.05239e-01  5.03533e-03  1.77591e+00  9.96624e-03  2.48095e+00  2.67948e+00
 1.25000e+01  5.05177e-01  5.06677e-03  1.77545e+00  1.00297e-02  2.48020e+00  2.67934e+00
 1.26000e+01  5.05113e-01  5.06659e-03  1.77499e+00  1.00306e-02  2.47900e+00  2.67879e+00
 1.27000e+01  5.05045e-01  5.06819e-03  1.77449e+00  1.00351e-02  2.47828e+00  2.67874e+00
 1.28000e+01  5.04975e-01  5.06039e-03  1.77396e+00  1.00211e-02  2.47709e+00  2.67826e+00
 1.29000e+01  5.04903e-01  5.05315e-03  1.77340e+00  1.00082e-02  2.47620e+00  2.67809e+00
 1.30000e+01  5.04830e-01  5.04781e-03  1.77283e+00  9.99903e-03  2.47478e+00  2.67740e+00
 1.31000e+01  5.04756e-01  5.04083e-03  1.77224e+00  9.98668e-03  2.47366e+00  2.67703e+00
 1.32000e+01  5.04680e-01  5.04846e-03  1.77163e+00  1.00033e-02  2.47256e+00  2.67668e+00
 1.33000e+01  5.04604e-01  5.06138e-03  1.77102e+00  1.00304e-02  2.47075e+00  2.67565e+00
 1.34000e+01  5.04524e-01  5.07123e-03  1.77041e+00  1.00515e-02  2.46962e+00  2.67530e+00
 1.35000e+01  5.04442e-01  5.09744e-03  1.76977e+00  1.01051e-02  2.46798e+00  2.67449e+00
 1.36000e+01  5.04356e-01  5.12795e-03  1.76911e+00  1.01673e-02  2.46669e+00  2.67406e+00
 1.37000e+01  5.04266e-01  5.14545e-03  1.76844e+00  1.02038e-02  2.46508e+00  2.67335e+00
 1.38000e+01  5.04172e-01  5.17272e-03  1.76774e+00  1.02598e-02  2.46331e+00  2.67253e+00
 1.39000e+01  5.04071e-01  5.16635e-03  1.76703e+00  1.02493e-02  2.46183e+00  2.67205e+00
 1.40000e+01  5.03963e-01  5.14347e-03  1.76628e+00  1.02060e-02  2.45974e+00  2.67103e+00
 1.41000e+01  5.03848e-01  5.09346e-03  1.76548e+00  1.01091e-02  2.45824e+00  2.67068e+00
 1.42000e+01  5.03724e-01  5.00063e-03  1.76463e+00  9.92731e-03  2.45621e+00  2.66988e+00
 1.43000e+01  5.03593e-01  4.88229e-03  1.76370e+00  9.69491e-03  2.45395e+00  2.66892e+00
 1.44000e+01  5.03452e-01  4.69131e-03  1.76271e+00  9.31830e-03  2.45174e+00  2.66811e+00
 1.45000e+01  5.03300e-01  4.45470e-03  1.76163e+00  8.85098e-03  2.44923e+00  2.66710e+00
 1.46000e+01  5.03138e-01  4.14643e-03  1.76047e+00  8.24114e-03  2.44679e+00  2.66626e+00
 1.47000e+01  5.02964e-01  3.77552e-03  1.75921e+00  7.50655e-03  2.44363e+00  2.66482e+00
 1.48000e+01  5.02777e-01  3.35063e-03  1.75780e+00  6.66425e-03  2.44071e+00  2.66374e+00
 1.49000e+01  5.02576e-01  2.83589e-03  1.75630e+00  5.64270e-03  2.43759e+00  2.66260e+00
 1.50000e+01  5.02362e-01  2.23843e-03  1.75471e+00  4.45580e-03  2.43372e+00  2.66082e+00
 1.51000e+01  5.02133e-01  1.56113e-03  1.75297e+00  3.10901e-03  2.43025e+00  2.65960e+00
 1.52000e+01  5.01888e-01  8.08086e-04  1.75112e+00  1.61009e-03  2.42645e+00  2.65820e+00
 1.53000e+01  5.01628e-01 -6.51737e-05  1.74918e+00 -1.29924e-04  2.42226e+00  2.65653e+00
 1.54000e+01  5.01353e-01 -1.01634e-03  1.74712e+00 -2.02720e-03  2.41817e+00  2.65512e+00
 1.55000e+01  5.01064e-01 -2.05350e-03  1.74496e+00 -4.09827e-03  2.41374e+00  2.65348e+00
 1.56000e+01  5.00762e-01 -3.18247e-03  1.74270e+00 -6.35526e-03  2.40914e+00  2.65181e+00
 1.57000e+01  5.00447e-01 -4.36515e-03  1.74036e+00 -8.72250e-03  2.40443e+00  2.65014e+00
 1.58000e+01  5.00120e-01 -5.64551e-03  1.73791e+00 -1.12883e-02  2.39949e+00  2.64833e+00
 1.59000e+01  4.99784e-01 -6.98918e-03  1.73535e+00 -1.39844e-02  2.39450e+00  2.64657e+00
 1.60000e+01  4.99438e-01 -8.38534e-03  1.73275e+00 -1.67895e-02  2.38928e+00  2.64465e+00
 1.61000e+01  4.99086e-01 -9.84116e-03  1.73007e+00 -1.97184e-02  2.38400e+00  2.64274e+00
 1.62000e+01  4.98727e-01 -1.13452e-02  1.72731e+00 -2.27483e-02  2.37861e+00  2.64075e+00
 1.63000e+01  4.98365e-01 -1.28975e-02  1.72448e+00 -2.58797e-02  2.37283e+00  2.63840e+00
 1.64000e+01  4.97998e-01 -1.44871e-02  1.72159e+00 -2.90908e-02  2.36726e+00  2.63629e+00
 1.65000e+01  4.97628e-01 -1.60968e-02  1.71870e+00 -3.23471e-02  2.36165e+00  2.63416e+00
 1.66000e+01  4.97259e-01 -1.77322e-02  1.71575e+00 -3.56599e-02  2.35586e+00  2.63183e+00
 1.67000e+01  4.96889e-01 -1.93872e-02  1.71277e+00 -3.90172e-02  2.35022e+00  2.62964e+00
 1.68000e+01  4.96522e-01 -2.10355e-02  1.70990e+00 -4.23658e-02  2.34454e+00  2.62738e+00
 1.69000e+01  4.96157e-01 -2.27015e-02  1.70697e+00 -4.57547e-02  2.33905e+00  2.62526e+00
 1.70000e+01  4.95799e-01 -2.43644e-02  1.70402e+00 -4.91417e-02  2.33346e+00  2.62299e+00
 1.71000e+01  4.95447e-01 -2.60163e-02  1.70117e+00 -5.25108e-02  2.32810e+00  2.62087e+00
 1.72000e+01  4.95104e-01 -2.76459e-02  1.69849e+00 -5.58386e-02  2.32316e+00  2.61908e+00
 1.73000e+01  4.94774e-01 -2.92553e-02  1.69582e+00 -5.91286e-02  2.31811e+00  2.61706e+00
 1.74000e+01  4.94456e-01 -3.08510e-02  1.69312e+00 -6.23938e-02  2.31317e+00  2.61501e+00
 1.75000e+01  4.94154e-01 -3.23879e-02  1.69071e+00 -6.55421e-02  2.30870e+00  2.61329e+00
 1.76000e+01  4.93869e-01 -3.38865e-02  1.68843e+00 -6.86143e-02  2.30462e+00  2.61180e+00
 1.77000e+01  4.93605e-01 -3.53302e-02  1.68616e+00 -7.15759e-02  2.30045e+00  2.61002e+00
 1.78000e+01  4.93362e-01 -3.67102e-02  1.68404e+00 -7.44082e-02  2.29680e+00  2.60856e+00
 1.79000e+01  4.93144e-01 -3.80066e-02  1.68228e+00 -7.70701e-02  2.29359e+00  2.60732e+00
 1.80000e+01  4.92951e-01 -3.92116e-02  1.68075e+00 -7.95445e-02  2.29063e+00  2.60608e+00
 1.81000e+01  4.92785e-01 -4.03468e-02  1.67921e+00 -8.18749e-02  2.28814e+00  2.60508e+00
 1.82000e+01  4.92648e-01 -4.13682e-02  1.67798e+00 -8.39712e-02  2.28570e+00  2.60387e+00
 1.83000e+01  4.92540e-01 -4.22913e-02  1.67700e+00 -8.58637e-02  2.28382e+00  2.60295e+00
 1.84000e+01  4.92459e-01 -4.30998e-02  1.67625e+00 -8.75194e-02  2.28249e+00  2.60233e+00
 1.85000e+01  4.92408e-01 -4.37851e-02  1.67580e+00 -8.89204e-02  2.28152e+00  2.60182e+00
 1.86000e+01  4.92385e-01 -4.43581e-02  1.67546e+00 -9.00883e-02  2.28090e+00  2.60139e+00
 1.87000e+01  4.92389e-01 -4.47951e-02  1.67540e+00 -9.09749e-02  2.28069e+00  2.60114e+00
 1.88000e+01  4.92421e-01 -4.50985e-02  1.67573e+00 -9.15852e-02  2.28119e+00  2.60136e+00
 1.89000e+01  4.92478e-01 -4.52614e-02  1.67626e+00 -9.19053e-02  2.28196e+00  2.60161e+00
 1.90000e+01  4.92561e-01 -4.52976e-02  1.67687e+00 -9.19634e-02  2.28310e+00  2.60201e+00
 1.91000e+01  4.92668e-01 -4.51837e-02  1.67792e+00 -9.17123e-02  2.28498e+00  2.60294e+00
 1.92000e+01  4.92799e-01 -4.49241e-02  1.67930e+00 -9.11613e-02  2.28747e+00  2.60427e+00
 1.93000e+01  4.92953e-01 -4.45420e-02  1.68073e+00 -9.03576e-02  2.29011e+00  2.60554e+00
 1.94000e+01  4.93131e-01 -4.40179e-02  1.68246e+00 -8.92621e-02  2.29324e+00  2.60709e+00
 1.95000e+01  4.93331e-01 -4.33691e-02  1.68443e+00 -8.79108e-02  2.29678e+00  2.60883e+00
 1.96000e+01  4.93554e-01 -4.26004e-02  1.68657e+00 -8.63135e-02  2.30045e+00  2.61050e+00
 1.97000e+01  4.93797e-01 -4.17133e-02  1.68895e+00 -8.44747e-02  2.30500e+00  2.61287e+00
 1.98000e+01  4.94060e-01 -4.07263e-02  1.69144e+00 -8.24319e-02  2.30962e+00  2.61513e+00
 1.99000e+01  4.94344e-01 -3.96421e-02  1.69412e+00 -8.01913e-02  2.31431e+00  2.61724e+00
 2.00000e+01  4.94645e-01 -3.84696e-02  1.69691e+00 -7.77721e-02  2.31927e+00  2.61946e+00
 2.01000e+01  4.94963e-01 -3.72248e-02  1.69978e+00 -7.52074e-02  2.32416e+00  2.62144e+00
 2.02000e+01  4.95293e-01 -3.58992e-02  1.70283e+00 -7.24808e-02  2.32977e+00  2.62403e+00
 2.03000e+01  4.95633e-01 -3.45159e-02  1.70586e+00 -6.96400e-02  2.33518e+00  2.62631e+00
 2.04000e+01  4.95982e-01 -3.30769e-02  1.70898e+00 -6.66897e-02  2.34074e+00  2.62865e+00
 2.05000e+01  4.96336e-01 -3.15705e-02  1.71226e+00 -6.36071e-02  2.34679e+00  2.63143e+00
 2.06000e+01  4.96695e-01 -3.00364e-02  1.71546e+00 -6.04725e-02  2.35249e+00  2.63379e+00
 2.07000e+01  4.97054e-01 -2.84537e-02  1.71872e+00 -5.72448e-02  2.35879e+00  2.63675e+00
 2.08000e+01  4.97414e-01 -2.68413e-02  1.72198e+00 -5.39617e-02  2.36462e+00  2.63920e+00
 2.09000e+01  4.97772e-01 -2.52093e-02  1.72519e+00 -5.06442e-02  2.37033e+00  2.64155e+00
 2.10000e+01  4.98125e-01 -2.35431e-02  1.72842e+00 -4.72635e-02  2.37641e+00  2.64430e+00
 2.11000e+01  4.98472e-01 -2.18715e-02  1.73158e+00 -4.38770e-02  2.38192e+00  2.64652e+00
 2.12000e+01  4.98809e-01 -2.01815e-02  1.73466e+00 -4.04594e-02  2.38787e+00  2.64927e+00
 2.13000e+01  4.99137e-01 -1.84928e-02  1.73766e+00 -3.70495e-02  2.39331e+00  2.65159e+00
 2.14000e+01  4.99451e-01 -1.68026e-02  1.74052e+00 -3.36421e-02  2.39855e+00  2.65382e+00
 2.15000e+01  4.99752e-01 -1.51217e-02  1.74323e+00 -3.02584e-02  2.40366e+00  2.65605e+00
 2.16000e+01  5.00037e-01 -1.34491e-02  1.74585e+00 -2.68963e-02  2.40852e+00  2.65817e+00
 2.17000e+01  5.00305e-01 -1.17839e-02  1.74832e+00 -2.35535e-02  2.41325e+00  2.66031e+00
 2.18000e+01  5.00555e-01 -1.01654e-02  1.75054e+00 -2.03083e-02  2.41723e+00  2.66186e+00
 2.19000e+01  5.00786e-01 -8.55789e-03  1.75262e+00 -1.70889e-02  2.42157e+00  2.66397e+00
 2.20000e+01  5.00999e-01 -6.98172e-03  1.75455e+00 -1.39356e-02  2.42506e+00  2.66539e+00
 2.21000e+01  5.01191e-01 -5.43976e-03  1.75631e+00 -1.08537e-02  2.42861e+00  2.66706e+00
 2.22000e+01  5.01364e-01 -3.92889e-03  1.75790e+00 -7.83639e-03  2.43199e+00  2.66876e+00
 2.23000e+01  5.01519e-01 -2.47474e-03  1.75933e+00 -4.93448e-03  2.43452e+00  2.66976e+00
 2.24000e+01  5.01655e-01 -1.05669e-03  1.76061e+00 -2.10640e-03  2.43743e+00  2.67135e+00
 2.25000e+01  5.01774e-01  3.00779e-04  1.76175e+00  5.99432e-04  2.43947e+00  2.67222e+00
 2.26000e+01  5.01875e-01  1.60076e-03  1.76274e+00  3.18955e-03  2.44170e+00  2.67346e+00
 2.27000e+01  5.01959e-01  2.84850e-03  1.76360e+00  5.67476e-03  2.44335e+00  2.67427e+00
 2.28000e+01  5.02028e-01  4.03334e-03  1.76432e+00  8.03410e-03  2.44459e+00  2.67484e+00
 2.29000e+01  5.02080e-01  5.15287e-03  1.76490e+00  1.02630e-02  2.44617e+00  2.67590e+00
 2.30000e+01  5.02119e-01  6.19903e-03  1.76536e+00  1.23457e-02  2.44695e+00  2.67629e+00
 2.31000e+01  5.02143e-01  7.17964e-03  1.76570e+00  1.42980e-02  2.44806e+00  2.67716e+00
 2.32000e+01  5.02157e-01  8.10045e-03  1.76592e+00  1.61313e-02  2.44855e+00  2.67751e+00
 2.33000e+01  5.02160e-01  8.95764e-03  1.76605e+00  1.78382e-02  2.44854e+00  2.67747e+00
 2.34000e+01  5.02152e-01  9.75444e-03  1.76606e+00  1.94253e-02  2.44875e+00  2.67775e+00
 2.35000e+01  5.02134e-01  1.05016e-02  1.76595e+00  2.09139e-02  2.44842e+00  2.67760e+00
 2.36000e+01  5.02106e-01  1.11813e-02  1.76579e+00  2.22688e-02  2.44816e+00  2.67762e+00
 2.37000e+01  5.02067e-01  1.18057e-02  1.76556e+00  2.35142e-02  2.44806e+00  2.67789e+00
 2.38000e+01  5.02022e-01  1.23819e-02  1.76530e+00  2.46640e-02  2.44757e+00  2.67785e+00
 2.39000e+01  5.01969e-01  1.29155e-02  1.76499e+00  2.57296e-02  2.44718e+00  2.67797e+00
 2.40000e+01  5.01913e-01  1.34252e-02  1.76462e+00  2.67480e-02  2.44659e+00  2.67794e+00
 2.41000e+01  5.01853e-01  1.39069e-02  1.76418e+00  2.77112e-02  2.44582e+00  2.67776e+00
 2.42000e+01  5.01791e-01  1.43638e-02  1.76372e+00  2.86252e-02  2.44533e+00  2.67787e+00
 2.43000e+01  5.01729e-01  1.47721e-02  1.76339e+00  2.94423e-02  2.44454e+00  2.67769e+00
 2.44000e+01  5.01669e-01  1.51538e-02  1.76307e+00  3.02068e-02  2.44397e+00  2.67771e+00
 2.45000e+01  5.01610e-01  1.55207e-02  1.76269e+00  3.09418e-02  2.44348e+00  2.67780e+00
 2.46000e+01  5.01555e-01  1.58564e-02  1.76239e+00  3.16145e-02  2.44324e+00  2.67808e+00
 2.47000e+01  5.01507e-01  1.61701e-02  1.76217e+00  3.22430e-02  2.44271e+00  2.67802e+00
 2.48000e+01  5.01467e-01  1.64648e-02  1.76193e+00  3.28334e-02  2.44224e+00  2.67795e+00
 2.49000e+01  5.01434e-01  1.67391e-02  1.76173e+00  3.33824e-02  2.44214e+00  2.67817e+00
 2.50000e+01  5.01411e-01  1.69706e-02  1.76165e+00  3.38458e-02  2.44137e+00  2.67764e+00
 2.51000e+01  5.01394e-01  1.71730e-02  1.76162e+00  3.42505e-02  2.44155e+00  2.67797e+00
 2.52000e+01  5.01386e-01  1.73277e-02  1.76173e+00  3.45596e-02  2.44179e+00  2.67829e+00
 2.53000e+01  5.01387e-01  1.74447e-02  1.76188e+00  3.47929e-02  2.44187e+00  2.67836e+00
 2.54000e+01  5.01397e-01  1.75382e-02  1.76200e+00  3.49788e-02  2.44208e+00  2.67848e+00
 2.55000e+01  5.01415e-01  1.75681e-02  1.76227e+00  3.50371e-02  2.44183e+00  2.67805e+00
 2.56000e+01  5.01437e-01  1.75565e-02  1.76256e+00  3.50123e-02  2.44221e+00  2.67821e+00
 2.57000e+01  5.01463e-01  1.74818e-02  1.76288e+00  3.48616e-02  2.44260e+00  2.67834e+00
 2.58000e+01  5.01492e-01  1.73370e-02  1.76332e+00  3.45708e-02  2.44290e+00  2.67837e+00
 2.59000e+01  5.01520e-01  1.71264e-02  1.76378e+00  3.41490e-02  2.44346e+00  2.67866e+00
 2.60000e+01  5.01546e-01  1.68500e-02  1.76419e+00  3.35962e-02  2.44434e+00  2.67927e+00
 2.61000e+01  5.01572e-01  1.65118e-02  1.76461e+00  3.29202e-02  2.44481e+00  2.67948e+00
 2.62000e+01  5.01595e-01  1.60862e-02  1.76511e+00  3.20700e-02  2.44552e+00  2.67996e+00
 2.63000e+01  5.01616e-01  1.56009e-02  1.76561e+00  3.11013e-02  2.44653e+00  2.68076e+00
 2.64000e+01  5.01636e-01  1.50499e-02  1.76607e+00  3.00016e-02  2.44683e+00  2.68087e+00
 2.65000e+01  5.01652e-01  1.44455e-02  1.76646e+00  2.87958e-02  2.44766e+00  2.68154e+00
 2.66000e+01  5.01666e-01  1.37868e-02  1.76682e+00  2.74821e-02  2.44805e+00  2.68179e+00
 2.67000e+01  5.01675e-01  1.30601e-02  1.76719e+00  2.60331e-02  2.44858e+00  2.68222e+00
 2.68000e+01  5.01682e-01  1.22882e-02  1.76753e+00  2.44940e-02  2.44933e+00  2.68290e+00
 2.69000e+01  5.01686e-01  1.14683e-02  1.76780e+00  2.28595e-02  2.44922e+00  2.68276e+00
 2.70000e+01  5.01685e-01  1.06250e-02  1.76796e+00  2.11786e-02  2.44945e+00  2.68300e+00
 2.71000e+01  5.01679e-01  9.73394e-03  1.76810e+00  1.94028e-02  2.44947e+00  2.68308e+00
 2.72000e+01  5.01667e-01  8.80181e-03  1.76819e+00  1.75451e-02  2.44951e+00  2.68323e+00
 2.73000e+01  5.01649e-01  7.84195e-03  1.76822e+00  1.56323e-02  2.44942e+00  2.68332e+00
 2.74000e+01  5.01626e-01  6.83693e-03  1.76822e+00  1.36295e-02  2.44914e+00  2.68326e+00
 2.75000e+01  5.01595e-01  5.81310e-03  1.76814e+00  1.15892e-02  2.44880e+00  2.68322e+00
 2.76000e+01  5.01558e-01  4.75418e-03  1.76799e+00  9.47882e-03  2.44792e+00  2.68271e+00
 2.77000e+01  5.01510e-01  3.65624e-03  1.76779e+00  7.29046e-03  2.44753e+00  2.68278e+00
 2.78000e+01  5.01454e-01  2.51901e-03  1.76751e+00  5.02341e-03  2.44687e+00  2.68268e+00
 2.79000e+01  5.01389e-01  1.34654e-03  1.76715e+00  2.68563e-03  2.44577e+00  2.68222e+00
 2.80000e+01  5.01313e-01  1.39965e-04  1.76669e+00  2.79197e-04  2.44471e+00  2.68191e+00
 2.81000e+01  5.01227e-01 -1.12051e-03  1.76615e+00 -2.23554e-03  2.44308e+00  2.68112e+00
 2.82000e+01  5.01128e-01 -2.41518e-03  1.76549e+00 -4.81949e-03  2.44159e+00  2.68060e+00
 2.83000e+01  5.01017e-01 -3.76465e-03  1.76471e+00 -7.51402e-03  2.43987e+00  2.67996e+00
 2.84000e+01  5.00892e-01 -5.17752e-03  1.76378e+00 -1.03366e-02  2.43751e+00  2.67883e+00
 2.85000e+01  5.00751e-01 -6.62926e-03  1.76271e+00 -1.32386e-02  2.43501e+00  2.67771e+00
 2.86000e+01  5.00593e-01 -8.14118e-03  1.76145e+00 -1.62631e-02  2.43232e+00  2.67655e+00
 2.87000e+01  5.00417e-01 -9.68311e-03  1.76006e+00 -1.93501e-02  2.42942e+00  2.67537e+00
 2.88000e+01  5.00223e-01 -1.12571e-02  1.75852e+00 -2.25042e-02  2.42605e+00  2.67389e+00
 2.89000e+01  5.00009e-01 -1.28834e-02  1.75678e+00 -2.57663e-02  2.42262e+00  2.67253e+00
 2.90000e+01  4.99777e-01 -1.45218e-02  1.75492e+00 -2.90566e-02  2.41908e+00  2.67124e+00
 2.91000e+01  4.99527e-01 -1.62055e-02  1.75286e+00 -3.24416e-02  2.41505e+00  2.66962e+00
 2.92000e+01  4.99261e-01 -1.79075e-02  1.75065e+00 -3.58679e-02  2.41072e+00  2.66786e+00
 2.93000e+01  4.98979e-01 -1.96124e-02  1.74831e+00 -3.93050e-02  2.40610e+00  2.66594e+00
 2.94000e+01  4.98681e-01 -2.13376e-02  1.74575e+00 -4.27880e-02  2.40138e+00  2.66408e+00
 2.95000e+01  4.98371e-01 -2.30245e-02  1.74323e+00 -4.61995e-02  2.39649e+00  2.66215e+00
 2.96000e+01  4.98048e-01 -2.47020e-02  1.74058e+00 -4.95977e-02  2.39150e+00  2.66024e+00
 2.97000e+01  4.97716e-01 -2.63537e-02  1.73777e+00 -5.29494e-02  2.38639e+00  2.65829e+00
 2.98000e+01  4.97376e-01 -2.79564e-02  1.73496e+00 -5.62079e-02  2.38118e+00  2.65630e+00
 2.99000e+01  4.97032e-01 -2.95242e-02  1.73207e+00 -5.94010e-02  2.37608e+00  2.65445e+00
 3.00000e+01  4.96687e-01 -3.10221e-02  1.72923e+00 -6.24581e-02  2.37093e+00  2.65255e+00
 3.01000e+01  4.96344e-01 -3.24666e-02  1.72638e+00 -6.54115e-02  2.36562e+00  2.65045e+00
 3.02000e+01  4.96006e-01 -3.38387e-02  1.72357e+00 -6.82224e-02  2.36013e+00  2.64812e+00
 3.03000e+01  4.95673e-01 -3.51319e-02  1.72070e+00 -7.08770e-02  2.35488e+00  2.64597e+00
 3.04000e+01  4.95348e-01 -3.63542e-02  1.71767e+00 -7.33912e-02  2.34952e+00  2.64363e+00
 3.05000e+01  4.95033e-01 -3.74499e-02  1.71506e+00 -7.56515e-02  2.34436e+00  2.64138e+00
 3.06000e+01  4.94727e-01 -3.84282e-02  1.71275e+00 -7.76755e-02  2.34009e+00  2.63994e+00
 3.07000e+01  4.94434e-01 -3.93097e-02  1.71025e+00 -7.95044e-02  2.33564e+00  2.63819e+00
 3.08000e+01  4.94157e-01 -4.00705e-02  1.70780e+00 -8.10886e-02  2.33107e+00  2.63616e+00
 3.09000e+01  4.93896e-01 -4.07009e-02  1.70564e+00 -8.24078e-02  2.32691e+00  2.63439e+00
 3.10000e+01  4.93652e-01 -4.11881e-02  1.70382e+00 -8.34356e-02  2.32339e+00  2.63310e+00
 3.11000e+01  4.93426e-01 -4.15386e-02  1.70216e+00 -8.41841e-02  2.32037e+00  2.63216e+00
 3.12000e+01  4.93221e-01 -4.17593e-02  1.70057e+00 -8.46665e-02  2.31729e+00  2.63094e+00
 3.13000e+01  4.93037e-01 -4.18342e-02  1.69913e+00 -8.48501e-02  2.31443e+00  2.62976e+00
 3.14000e+01  4.92874e-01 -4.17682e-02  1.69772e+00 -8.47441e-02  2.31135e+00  2.62813e+00
 3.15000e+01  4.92730e-01 -4.15393e-02  1.69666e+00 -8.43042e-02  2.30900e+00  2.62708e+00
 3.16000e+01  4.92605e-01 -4.11272e-02  1.69609e+00 -8.34892e-02  2.30759e+00  2.62682e+00
 3.17000e+01  4.92498e-01 -4.05693e-02  1.69543e+00 -8.23746e-02  2.30607e+00  2.62627e+00
 3.18000e+01  4.92408e-01 -3.98490e-02  1.69486e+00 -8.09269e-02  2.30507e+00  2.62609e+00
 3.19000e+01  4.92337e-01 -3.89541e-02  1.69466e+00 -7.91207e-02  2.30423e+00  2.62590e+00
 3.20000e+01  4.92284e-01 -3.79067e-02  1.69463e+00 -7.70017e-02  2.30378e+00  2.62594e+00
 3.21000e+01  4.92248e-01 -3.66982e-02  1.69470e+00 -7.45522e-02  2.30354e+00  2.62604e+00
 3.22000e+01  4.92228e-01 -3.53537e-02  1.69481e+00 -7.18239e-02  2.30352e+00  2.62620e+00
 3.23000e+01  4.92224e-01 -3.38571e-02  1.69524e+00 -6.87839e-02  2.30420e+00  2.62694e+00
 3.24000e+01  4.92236e-01 -3.22219e-02  1.69587e+00 -6.54602e-02  2.30509e+00  2.62774e+00
 3.25000e+01  4.92265e-01 -3.04881e-02  1.69646e+00 -6.19343e-02  2.30605e+00  2.62846e+00
 3.26000e+01  4.92311e-01 -2.86341e-02  1.69727e+00 -5.81626e-02  2.30696e+00  2.62896e+00
 3.27000e+01  4.92371e-01 -2.66968e-02  1.69813e+00 -5.42209e-02  2.30849e+00  2.62997e+00
 3.28000e+01  4.92446e-01 -2.46789e-02  1.69906e+00 -5.01149e-02  2.31002e+00  2.63083e+00
 3.29000e+01  4.92535e-01 -2.25810e-02  1.70014e+00 -4.58465e-02  2.31164e+00  2.63165e+00
 3.30000e+01  4.92637e-01 -2.04259e-02  1.70133e+00 -4.14624e-02  2.31388e+00  2.63299e+00
 3.31000e+01  4.92752e-01 -1.82113e-02  1.70264e+00 -3.69584e-02  2.31601e+00  2.63409e+00
 3.32000e+01  4.92879e-01 -1.59729e-02  1.70394e+00 -3.24074e-02  2.31834e+00  2.63527e+00
 3.33000e+01  4.93018e-01 -1.37107e-02  1.70531e+00 -2.78097e-02  2.32071e+00  2.63639e+00
 3.34000e+01  4.93167e-01 -1.14270e-02  1.70681e+00 -2.31707e-02  2.32350e+00  2.63783e+00
 3.35000e+01  4.93327e-01 -9.16006e-03  1.70828e+00 -1.85679e-02  2.32617e+00  2.63905e+00
 3.36000e+01  4.93497e-01 -6.92008e-03  1.70976e+00 -1.40225e-02  2.32873e+00  2.64006e+00
 3.37000e+01  4.93675e-01 -4.70344e-03  1.71129e+00 -9.52739e-03  2.33170e+00  2.64141e+00
 3.38000e+01  4.93861e-01 -2.52351e-03  1.71286e+00 -5.10975e-03  2.33449e+00  2.64249e+00
 3.39000e+01  4.94054e-01 -3.91632e-04  1.71444e+00 -7.92691e-04  2.33746e+00  2.64369e+00
 3.40000e+01  4.94251e-01  1.67029e-03  1.71603e+00  3.37944e-03  2.34047e+00  2.64488e+00
 3.41000e+01  4.94453e-01  3.65469e-03  1.71765e+00  7.39138e-03  2.34353e+00  2.64607e+00
 3.42000e+01  4.94659e-01  5.56944e-03  1.71926e+00  1.12592e-02  2.34673e+00  2.64739e+00
 3.43000e+01  4.94867e-01  7.38177e-03  1.72091e+00  1.49167e-02  2.34972e+00  2.64844e+00
 3.44000e+01  4.95076e-01  9.10137e-03  1.72255e+00  1.83838e-02  2.35274e+00  2.64951e+00
 3.45000e+01  4.95285e-01  1.07138e-02  1.72420e+00  2.16316e-02  2.35629e+00  2.65113e+00
 3.46000e+01  4.95495e-01  1.21946e-02  1.72593e+00  2.46109e-02  2.35980e+00  2.65269e+00
 3.47000e+01  4.95705e-01  1.35771e-02  1.72763e+00  2.73894e-02  2.36289e+00  2.65381e+00
 3.48000e+01  4.95915e-01  1.48339e-02  1.72933e+00  2.99121e-02  2.36651e+00  2.65548e+00
 3.49000e+01  4.96126e-01  1.59595e-02  1.73113e+00  3.21682e-02  2.37013e+00  2.65713e+00
 3.50000e+01  4.96338e-01  1.69716e-02  1.73292e+00  3.41937e-02  2.37348e+00  2.65850e+00
 3.51000e+01  4.96549e-01  1.78651e-02  1.73468e+00  3.59784e-02  2.37724e+00  2.66026e+00
 3.52000e+01  4.96763e-01  1.86374e-02  1.73652e+00  3.75177e-02  2.38085e+00  2.66187e+00
 3.53000e+01  4.96977e-01  1.92939e-02  1.73839e+00  3.88225e-02  2.38460e+00  2.66359e+00
 3.54000e+01  4.97194e-01  1.98503e-02  1.74027e+00  3.99246e-02  2.38853e+00  2.66549e+00
 3.55000e+01  4.97414e-01  2.02987e-02  1.74221e+00  4.08084e-02  2.39232e+00  2.66719e+00
 3.56000e+01  4.97637e-01  2.06669e-02  1.74410e+00  4.15300e-02  2.39626e+00  2.66901e+00
 3.57000e+01  4.97865e-01  2.09512e-02  1.74597e+00  4.20821e-02  2.39978e+00  2.67036e+00
 3.58000e+01  4.98096e-01  2.11363e-02  1.74799e+00  4.24341e-02  2.40353e+00  2.67190e+00
 3.59000e+01  4.98328e-01  2.12413e-02  1.75004e+00  4.26251e-02  2.40752e+00  2.67367e+00
 3.60000e+01  4.98562e-01  2.12705e-02  1.75203e+00  4.26638e-02  2.41107e+00  2.67498e+00
 3.61000e+01  4.98795e-01  2.12202e-02  1.75406e+00  4.25430e-02  2.41508e+00  2.67675e+00
 3.62000e+01  4.99027e-01  2.10793e-02  1.75615e+00  4.22408e-02  2.41892e+00  2.67836e+00
 3.63000e+01  4.99256e-01  2.08718e-02  1.75816e+00  4.18059e-02  2.42274e+00  2.67996e+00
 3.64000e+01  4.99481e-01  2.05710e-02  1.76028e+00  4.11847e-02  2.42691e+00  2.68195e+00
 3.65000e+01  4.99704e-01  2.01852e-02  1.76243e+00  4.03943e-02  2.43081e+00  2.68369e+00
 3.66000e+01  4.99922e-01  1.97448e-02  1.76444e+00  3.94957e-02  2.43468e+00  2.68544e+00
 3.67000e+01  5.00135e-01  1.92146e-02  1.76649e+00  3.84189e-02  2.43876e+00  2.68745e+00
 3.68000e+01  5.00345e-01  1.86207e-02  1.76853e+00  3.72157e-02  2.44269e+00  2.68933e+00
 3.69000e+01  5.00550e-01  1.79631e-02  1.77052e+00  3.58867e-02  2.44639e+00  2.69102e+00
 3.70000e+01  5.00751e-01  1.72402e-02  1.77251e+00  3.44286e-02  2.45023e+00  2.69288e+00
 3.71000e+01  5.00947e-01  1.64720e-02  1.77444e+00  3.28818e-02  2.45392e+00  2.69464e+00
 3.72000e+01  5.01138e-01  1.56565e-02  1.77632e+00  3.12419e-02  2.45768e+00  2.69651e+00
 3.73000e+01  5.01326e-01  1.48074e-02  1.77816e+00  2.95364e-02  2.46093e+00  2.69791e+00
 3.74000e+01  5.01509e-01  1.39329e-02  1.77993e+00  2.77820e-02  2.46445e+00  2.69962e+00
 3.75000e+01  5.01686e-01  1.30358e-02  1.78168e+00  2.59840e-02  2.46801e+00  2.70142e+00
 3.76000e+01  5.01860e-01  1.21289e-02  1.78338e+00  2.41679e-02  2.47068e+00  2.70237e+00
 3.77000e+01  5.02026e-01  1.12246e-02  1.78499e+00  2.23587e-02  2.47401e+00  2.70404e+00
 3.78000e+01  5.02186e-01  1.03164e-02  1.78659e+00  2.05430e-02  2.47671e+00  2.70515e+00
 3.79000e+01  5.02338e-01  9.41800e-03  1.78812e+00  1.87483e-02  2.47954e+00  2.70646e+00
 3.80000e+01  5.02480e-01  8.53974e-03  1.78955e+00  1.69952e-02  2.48241e+00  2.70790e+00
 3.81000e+01  5.02615e-01  7.67284e-03  1.79094e+00  1.52658e-02  2.48457e+00  2.70871e+00
 3.82000e+01  5.02738e-01  6.82783e-03  1.79223e+00  1.35813e-02  2.48747e+00  2.71036e+00
 3.83000e+01  5.02853e-01  6.01526e-03  1.79342e+00  1.19623e-02  2.48960e+00  2.71134e+00
 3.84000e+01  5.02958e-01  5.22259e-03  1.79452e+00  1.03838e-02  2.49163e+00  2.71231e+00
 3.85000e+01  5.03054e-01  4.45264e-03  1.79551e+00  8.85122e-03  2.49350e+00  2.71322e+00
 3.86000e+01  5.03140e-01  3.70822e-03  1.79638e+00  7.37017e-03  2.49473e+00  2.71359e+00
 3.87000e+01  5.03213e-01  2.97091e-03  1.79712e+00  5.90388e-03  2.49630e+00  2.71441e+00
 3.88000e+01  5.03275e-01  2.25408e-03  1.79773e+00  4.47883e-03  2.49729e+00  2.71478e+00
 3.89000e+01  5.03324e-01  1.54771e-03  1.79819e+00  3.07498e-03  2.49799e+00  2.71498e+00
 3.90000e+01  5.03360e-01  8.49169e-04  1.79850e+00  1.68700e-03  2.49873e+00  2.71537e+00
 3.91000e+01  5.03382e-01  1.62505e-04  1.79868e+00  3.22827e-04  2.49884e+00  2.71526e+00
 3.92000e+01  5.03389e-01 -5.41093e-04  1.79872e+00 -1.07490e-03  2.49889e+00  2.71523e+00
 3.93000e+01  5.03381e-01 -1.26335e-03  1.79863e+00 -2.50973e-03  2.49844e+00  2.71487e+00
 3.94000e+01  5.03357e-01 -2.00687e-03  1.79839e+00 -3.98698e-03  2.49729e+00  2.71397e+00
 3.95000e+01  5.03312e-01 -2.76441e-03  1.79798e+00 -5.49244e-03  2.49674e+00  2.71387e+00
 3.96000e+01  5.03247e-01 -3.54375e-03  1.79742e+00 -7.04177e-03  2.49541e+00  2.71320e+00
 3.97000e+01  5.03162e-01 -4.34949e-03  1.79669e+00 -8.64431e-03  2.49372e+00  2.71237e+00
 3.98000e+01  5.03056e-01 -5.17927e-03  1.79577e+00 -1.02956e-02  2.49213e+00  2.71185e+00
 3.99000e+01  5.02929e-01 -6.04024e-03  1.79467e+00 -1.20101e-02  2.48925e+00  2.71024e+00
 4.00000e+01  5.02778e-01 -6.91176e-03  1.79338e+00 -1.37471e-02  2.48666e+00  2.70916e+00
 4.01000e+01  5.02604e-01 -7.81264e-03  1.79188e+00 -1.55443e-02  2.48361e+00  2.70787e+00
 4.02000e+01  5.02406e-01 -8.73745e-03  1.79016e+00 -1.73912e-02  2.47994e+00  2.70618e+00
 4.03000e+01  5.02182e-01 -9.68047e-03  1.78821e+00 -1.92768e-02  2.47645e+00  2.70493e+00
 4.04000e+01  5.01936e-01 -1.06589e-02  1.78602e+00 -2.12355e-02  2.47229e+00  2.70322e+00
 4.05000e+01  5.01668e-01 -1.16464e-02  1.78365e+00 -2.32154e-02  2.46783e+00  2.70142e+00
 4.06000e+01  5.01380e-01 -1.26504e-02  1.78111e+00 -2.52312e-02  2.46254e+00  2.69898e+00
 4.07000e+01  5.01071e-01 -1.36644e-02  1.77837e+00 -2.72704e-02  2.45715e+00  2.69664e+00
 4.08000e+01  5.00741e-01 -1.46771e-02  1.77551e+00 -2.93108e-02  2.45200e+00  2.69474e+00
 4.09000e+01  5.00394e-01 -1.56947e-02  1.77252e+00 -3.13647e-02  2.44610e+00  2.69225e+00
 4.10000e+01  5.00029e-01 -1.67154e-02  1.76937e+00 -3.34288e-02  2.44045e+00  2.69017e+00
 4.11000e+01  4.99651e-01 -1.77407e-02  1.76610e+00 -3.55061e-02  2.43415e+00  2.68754e+00
 4.12000e+01  4.99261e-01 -1.87542e-02  1.76274e+00 -3.75639e-02  2.42729e+00  2.68447e+00
 4.13000e+01  4.98858e-01 -1.97537e-02  1.75930e+00 -3.95978e-02  2.42118e+00  2.68226e+00
 4.14000e+01  4.98447e-01 -2.07243e-02  1.75586e+00 -4.15778e-02  2.41455e+00  2.67959e+00
 4.15000e+01  4.98029e-01 -2.16620e-02  1.75233e+00 -4.34954e-02  2.40766e+00  2.67672e+00
 4.16000e+01  4.97605e-01 -2.25697e-02  1.74864e+00 -4.53568e-02  2.40044e+00  2.67355e+00
 4.17000e+01  4.97175e-01 -2.34067e-02  1.74506e+00 -4.70793e-02  2.39315e+00  2.67034e+00
 4.18000e+01  4.96739e-01 -2.41659e-02  1.74148e+00 -4.86490e-02  2.38625e+00  2.66757e+00
 4.19000e+01  4.96298e-01 -2.48629e-02  1.73769e+00 -5.00966e-02  2.37877e+00  2.66424e+00
 4.20000e+01  4.95852e-01 -2.54520e-02  1.73397e+00 -5.13299e-02  2.37145e+00  2.66111e+00
 4.21000e+01  4.95401e-01 -2.59234e-02  1.73035e+00 -5.23282e-02  2.36433e+00  2.65821e+00
 4.22000e+01  4.94947e-01 -2.62909e-02  1.72669e+00 -5.31187e-02  2.35739e+00  2.65550e+00
 4.23000e+01  4.94492e-01 -2.65258e-02  1.72311e+00 -5.36425e-02  2.35033e+00  2.65266e+00
 4.24000e+01  4.94036e-01 -2.66522e-02  1.71947e+00 -5.39480e-02  2.34335e+00  2.64989e+00
 4.25000e+01  4.93581e-01 -2.66498e-02  1.71593e+00 -5.39928e-02  2.33686e+00  2.64759e+00
 4.26000e+01  4.93132e-01 -2.65148e-02  1.71252e+00 -5.37682e-02  2.32998e+00  2.64483e+00
 4.27000e+01  4.92688e-01 -2.62706e-02  1.70912e+00 -5.33209e-02  2.32358e+00  2.64249e+00
 4.28000e+01  4.92253e-01 -2.58892e-02  1.70586e+00 -5.25934e-02  2.31728e+00  2.64016e+00
 4.29000e+01  4.91828e-01 -2.53975e-02  1.70266e+00 -5.16391e-02  2.31101e+00  2.63774e+00
 4.30000e+01  4.91414e-01 -2.47763e-02  1.69964e+00 -5.04184e-02  2.30542e+00  2.63590e+00
 4.31000e+01  4.91016e-01 -2.40293e-02  1.69685e+00 -4.89381e-02  2.29984e+00  2.63392e+00
 4.32000e+01  4.90633e-01 -2.31776e-02  1.69413e+00 -4.72402e-02  2.29485e+00  2.63239e+00
 4.33000e+01  4.90271e-01 -2.22126e-02  1.69156e+00 -4.53068e-02  2.29019e+00  2.63099e+00
 4.34000e+01  4.89933e-01 -2.11468e-02  1.68925e+00 -4.31628e-02  2.28572e+00  2.62956e+00
 4.35000e+01  4.89620e-01 -1.99798e-02  1.68712e+00 -4.08068e-02  2.28177e+00  2.62840e+00
 4.36000e+01  4.89336e-01 -1.87423e-02  1.68509e+00 -3.83014e-02  2.27785e+00  2.62701e+00
 4.37000e+01  4.89083e-01 -1.74220e-02  1.68330e+00 -3.56217e-02  2.27456e+00  2.62598e+00
 4.38000e+01  4.88862e-01 -1.60233e-02  1.68177e+00 -3.27768e-02  2.27172e+00  2.62511e+00
 4.39000e+01  4.88676e-01 -1.45747e-02  1.68040e+00 -2.98249e-02  2.26901e+00  2.62405e+00
 4.40000e+01  4.88524e-01 -1.30655e-02  1.67928e+00 -2.67448e-02  2.26693e+00  2.62330e+00
 4.41000e+01  4.88409e-01 -1.15059e-02  1.67843e+00 -2.35579e-02  2.26541e+00  2.62280e+00
 4.42000e+01  4.88330e-01 -9.91276e-03  1.67781e+00 -2.02993e-02  2.26428e+00  2.62237e+00
 4.43000e+01  4.88289e-01 -8.29035e-03  1.67747e+00 -1.69784e-02  2.26347e+00  2.62190e+00
 4.44000e+01  4.88285e-01 -6.64163e-03  1.67740e+00 -1.36019e-02  2.26346e+00  2.62193e+00
 4.45000e+01  4.88318e-01 -4.99423e-03  1.67757e+00 -1.02274e-02  2.26372e+00  2.62189e+00
 4.46000e+01  4.88388e-01 -3.33234e-03  1.67804e+00 -6.82314e-03  2.26453e+00  2.62208e+00
 4.47000e+01  4.88493e-01 -1.66273e-03  1.67878e+00 -3.40379e-03  2.26612e+00  2.62275e+00
 4.48000e+01  4.88634e-01 -1.92120e-05  1.67978e+00 -3.93177e-05  2.26776e+00  2.62313e+00
 4.49000e+01  4.88808e-01  1.61632e-03  1.68103e+00  3.30665e-03  2.27041e+00  2.62425e+00
 4.50000e+01  4.89017e-01  3.22638e-03  1.68254e+00  6.59769e-03  2.27330e+00  2.62529e+00
 4.51000e+01  4.89258e-01  4.80047e-03  1.68429e+00  9.81172e-03  2.27646e+00  2.62630e+00
 4.52000e+01  4.89531e-01  6.33059e-03  1.68627e+00  1.29320e-02  2.28042e+00  2.62785e+00
 4.53000e+01  4.89833e-01  7.79769e-03  1.68852e+00  1.59191e-02  2.28436e+00  2.62909e+00
 4.54000e+01  4.90162e-01  9.21485e-03  1.69094e+00  1.87996e-02  2.28911e+00  2.63090e+00
 4.55000e+01  4.90517e-01  1.05771e-02  1.69352e+00  2.15631e-02  2.29388e+00  2.63248e+00
 4.56000e+01  4.90895e-01  1.18556e-02  1.69631e+00  2.41509e-02  2.29880e+00  2.63399e+00
 4.57000e+01  4.91291e-01  1.30442e-02  1.69931e+00  2.65509e-02  2.30461e+00  2.63624e+00
 4.58000e+01  4.91703e-01  1.41529e-02  1.70239e+00  2.87834e-02  2.31024e+00  2.63813e+00
 4.59000e+01  4.92129e-01  1.51634e-02  1.70559e+00  3.08119e-02  2.31638e+00  2.64041e+00
 4.60000e+01  4.92566e-01  1.60615e-02  1.70897e+00  3.26078e-02  2.32268e+00  2.64274e+00
 4.61000e+01  4.93010e-01  1.68487e-02  1.71249e+00  3.41752e-02  2.32900e+00  2.64499e+00
 4.62000e+01  4.93459e-01  1.75229e-02  1.71611e+00  3.55104e-02  2.33613e+00  2.64802e+00
 4.63000e+01  4.93911e-01  1.80884e-02  1.71981e+00  3.66229e-02  2.34305e+00  2.65079e+00
 4.64000e+01  4.94364e-01  1.85540e-02  1.72348e+00  3.75311e-02  2.35017e+00  2.65372e+00
 4.65000e+01  4.94817e-01  1.89110e-02  1.72722e+00  3.82183e-02  2.35722e+00  2.65657e+00
 4.66000e+01  4.95267e-01  1.91479e-02  1.73106e+00  3.86618e-02  2.36434e+00  2.65951e+00
 4.67000e+01  4.95713e-01  1.92818e-02  1.73486e+00  3.88972e-02  2.37177e+00  2.66278e+00
 4.68000e+01  4.96153e-01  1.93095e-02  1.73864e+00  3.89185e-02  2.37871e+00  2.66559e+00
 4.69000e+01  4.96586e-01  1.92177e-02  1.74248e+00  3.86996e-02  2.38622e+00  2.66902e+00
 4.70000e+01  4.97010e-01  1.90309e-02  1.74624e+00  3.82907e-02  2.39342e+00  2.67221e+00
 4.71000e+01  4.97426e-01  1.87451e-02  1.74996e+00  3.76841e-02  2.40041e+00  2.67524e+00
 4.72000e+01  4.97832e-01  1.83618e-02  1.75364e+00  3.68836e-02  2.40780e+00  2.67877e+00
 4.73000e+01  4.98229e-01  1.79066e-02  1.75721e+00  3.59405e-02  2.41463e+00  2.68180e+00
 4.74000e+01  4.98615e-01  1.73691e-02  1.76075e+00  3.48347e-02  2.42131e+00  2.68475e+00
 4.75000e+01  4.98991e-01  1.67705e-02  1.76420e+00  3.36088e-02  2.42810e+00  2.68791e+00
 4.76000e+01  4.99356e-01  1.61345e-02  1.76743e+00  3.23105e-02  2.43452e+00  2.69080e+00
 4.77000e+01  4.99711e-01  1.54593e-02  1.77052e+00  3.09364e-02  2.44042e+00  2.69325e+00
 4.78000e+01  5.00054e-01  1.47424e-02  1.77353e+00  2.94816e-02  2.44632e+00  2.69579e+00
 4.79000e+01  5.00385e-01  1.39930e-02  1.77642e+00  2.79645e-02  2.45199e+00  2.69821e+00
 4.80000e+01  5.00703e-01  1.32226e-02  1.77917e+00  2.64081e-02  2.45740e+00  2.70049e+00
 4.81000e+01  5.01008e-01  1.24303e-02  1.78177e+00  2.48106e-02  2.46251e+00  2.70259e+00
 4.82000e+01  5.01300e-01  1.16355e-02  1.78425e+00  2.32107e-02  2.46762e+00  2.70482e+00
 4.83000e+01  5.01577e-01  1.08259e-02  1.78665e+00  2.15837e-02  2.47246e+00  2.70691e+00
 4.84000e+01  5.01842e-01  1.00337e-02  1.78888e+00  1.99938e-02  2.47667e+00  2.70849e+00
 4.85000e+01  5.02092e-01  9.26324e-03  1.79094e+00  1.84493e-02  2.48095e+00  2.71027e+00
 4.86000e+01  5.02327e-01  8.48167e-03  1.79296e+00  1.68848e-02  2.48480e+00  2.71177e+00
 4.87000e+01  5.02546e-01  7.71527e-03  1.79489e+00  1.53524e-02  2.48867e+00  2.71344e+00
 4.88000e+01  5.02749e-01  6.94592e-03  1.79674e+00  1.38159e-02  2.49226e+00  2.71499e+00
 4.89000e+01  5.02936e-01  6.20915e-03  1.79846e+00  1.23458e-02  2.49562e+00  2.71647e+00
 4.90000e+01  5.03107e-01  5.51276e-03  1.80002e+00  1.09574e-02  2.49884e+00  2.71797e+00
 4.91000e+01  5.03261e-01  4.83518e-03  1.80148e+00  9.60769e-03  2.50157e+00  2.71913e+00
 4.92000e+01  5.03399e-01  4.19070e-03  1.80284e+00  8.32480e-03  2.50440e+00  2.72057e+00
 4.93000e+01  5.03522e-01  3.56920e-03  1.80406e+00  7.08848e-03  2.50680e+00  2.72172e+00
 4.94000e+01  5.03629e-01  3.00067e-03  1.80513e+00  5.95810e-03  2.50880e+00  2.72264e+00
 4.95000e+01  5.03720e-01  2.44949e-03  1.80607e+00  4.86280e-03  2.51043e+00  2.72333e+00
 4.96000e+01  5.03795e-01  1.90887e-03  1.80686e+00  3.78899e-03  2.51204e+00  2.72419e+00
 4.97000e+01  5.03853e-01  1.41853e-03  1.80747e+00  2.81536e-03  2.51306e+00  2.72461e+00
 4.98000e+01  5.03895e-01  9.38288e-04  1.80791e+00  1.86207e-03  2.51388e+00  2.72500e+00
 4.99000e+01  5.03920e-01  4.62809e-04  1.80818e+00  9.18419e-04  2.51458e+00  2.72545e+00
 5.00000e+01  5.03928e-01  7.78977e-14  1.80827e+00  1.54581e-13  2.51449e+00  2.72527e+00
 5.01000e+01  5.03920e-01 -4.62809e-04  1.80818e+00 -9.18419e-04  2.51458e+00  2.72545e+00
 5.02000e+01  5.03895e-01 -9.38288e-04  1.80791e+00 -1.86207e-03  2.51388e+00  2.72500e+00
 5.03000e+01  5.03853e-01 -1.41853e-03  1.80747e+00 -2.81536e-03  2.51306e+00  2.72461e+00
 5.04000e+01  5.03795e-01 -1.90887e-03  1.80686e+00 -3.78899e-03  2.51204e+00  2.72419e+00
 5.05000e+01  5.03720e-01 -2.44949e-03  1.80607e+00 -4.86280e-03  2.51043e+00  2.72333e+00
 5.06000e+01  5.03629e-01 -3.00067e-03  1.80513e+00 -5.95810e-03  2.50880e+00  2.72264e+00
 5.07000e+01  5.03522e-01 -3.56920e-03  1.80406e+00 -7.08848e-03  2.50680e+00  2.72172e+00
 5.08000e+01  5.03399e-01 -4.19070e-03  1.80284e+00 -8.32480e-03  2.50440e+00  2.72057e+00
 5.09000e+01  5.03261e-01 -4.83518e-03  1.80148e+00 -9.60769e-03  2.50157e+00  2.71913e+00
 5.10000e+01  5.03107e-01 -5.51276e-03  1.80002e+00 -1.09574e-02  2.49884e+00  2.71797e+00
 5.11000e+01  5.02936e-01 -6.20915e-03  1.79846e+00 -1.23458e-02  2.49562e+00  2.71647e+00
 5.12000e+01  5.02749e-01 -6.94592e-03  1.79674e+00 -1.38159e-02  2.49226e+00  2.71499e+00
 5.13000e+01  5.02546e-01 -7.71527e-03  1.79489e+00 -1.53524e-02  2.48867e+00  2.71344e+00
 5.14000e+01  5.02327e-01 -8.48167e-03  1.79296e+00 -1.68848e-02  2.48480e+00  2.71177e+00
 5.15000e+01  5.02092e-01 -9.26324e-03  1.79094e+00 -1.84493e-02  2.48095e+00  2.71027e+00
 5.16000e+01  5.01842e-01 -1.00337e-02  1.78888e+00 -1.99938e-02  2.47667e+00  2.70849e+00
 5.17000e+01  5.01577e-01 -1.08259e-02  1.78665e+00 -2.15837e-02  2.47246e+00  2.70691e+00
 5.18000e+01  5.01300e-01 -1.16355e-02  1.78425e+00 -2.32107e-02  2.46762e+00  2.70482e+00
 5.19000e+01  5.01008e-01 -1.24303e-02  1.78177e+00 -2.48106e-02  2.46251e+00  2.70259e+00
 5.20000e+01  5.00703e-01 -1.32226e-02  1.77917e+00 -2.64081e-02  2.45740e+00  2.70049e+00
 5.21000e+01  5.00385e-01 -1.39930e-02  1.77642e+00 -2.79645e-02  2.45199e+00  2.69821e+00
 5.22000e+01  5.00054e-01 -1.47424e-02  1.77353e+00 -2.94816e-02  2.44632e+00  2.69579e+00
 5.23000e+01  4.99711e-01 -1.54593e-02  1.77052e+00 -3.09364e-02  2.44042e+00  2.69325e+00
 5.24000e+01  4.99356e-01 -1.61345e-02  1.76743e+00 -3.23105e-02  2.43452e+00  2.69080e+00
 5.25000e+01  4.98991e-01 -1.67705e-02  1.76420e+00 -3.36088e-02  2.42810e+00  2.68791e+00
 5.26000e+01  4.98615e-01 -1.73691e-02  1.76075e+00 -3.48347e-02  2.42131e+00  2.68475e+00
 5.27000e+01  4.98229e-01 -1.79066e-02  1.75721e+00 -3.59405e-02  2.41463e+00  2.68180e+00
 5.28000e+01  4.97832e-01 -1.83618e-02  1.75364e+00 -3.68836e-02  2.40780e+00  2.67877e+00
 5.29000e+01  4.97426e-01 -1.87451e-02  1.74996e+00 -3.76841e-02  2.40041e+00  2.67524e+00
 5.30000e+01  4.97010e-01 -1.90309e-02  1.74624e+00 -3.82907e-02  2.39342e+00  2.67221e+00
 5.31000e+01  4.96586e-01 -1.92177e-02  1.74248e+00 -3.86996e-02  2.38622e+00  2.66902e+00
 5.32000e+01  4.96153e-01 -1.93095e-02  1.73864e+00 -3.89185e-02  2.37871e+00  2.66559e+00
 5.33000e+01  4.95713e-01 -1.92818e-02  1.73486e+00 -3.88972e-02  2.37177e+00  2.66278e+00
 5.34000e+01  4.95267e-01 -1.91479e-02  1.73106e+00 -3.86618e-02  2.36434e+00  2.65951e+00
 5.35000e+01  4.94817e-01 -1.89110e-02  1.72722e+00 -3.82183e-02  2.35722e+00  2.65657e+00
 5.36000e+01  4.94364e-01 -1.85540e-02  1.72348e+00 -3.75311e-02  2.35017e+00  2.65372e+00
 5.37000e+01  4.93911e-01 -1.80884e-02  1.71981e+00 -3.66229e-02  2.34305e+00  2.65079e+00
 5.38000e+01  4.93459e-01 -1.75229e-02  1.71611e+00 -3.55104e-02  2.33613e+00  2.64802e+00
 5.39000e+01  4.93010e-01 -1.68487e-02  1.71249e+00 -3.41752e-02  2.32900e+00  2.64499e+00
 5.40000e+01  4.92566e-01 -1.60615e-02  1.70897e+00 -3.26078e-02  2.32268e+00  2.64274e+00
 5.41000e+01  4.92129e-01 -1.51634e-02  1.70559e+00 -3.08119e-02  2.31638e+00  2.64041e+00
 5.42000e+01  4.91703e-01 -1.41529e-02  1.70239e+00 -2.87834e-02  2.31024e+00  2.63813e+00
 5.43000e+01  4.91291e-01 -1.30442e-02  1.69931e+00 -2.65509e-02  2.30461e+00  2.63624e+00
 5.44000e+01  4.90895e-01 -1.18556e-02  1.69631e+00 -2.41509e-02  2.29880e+00  2.63399e+00
 5.45000e+01  4.90517e-01 -1.05771e-02  1.69352e+00 -2.15631e-02  2.29388e+00  2.63248e+00
 5.46000e+01  4.90162e-01 -9.21485e-03  1.69094e+00 -1.87996e-02  2.28911e+00  2.63090e+00
 5.47000e+01  4.89833e-01 -7.79769e-03  1.68852e+00 -1.59191e-02  2.28436e+00  2.62909e+00
 5.48000e+01  4.89531e-01 -6.33059e-03  1.68627e+00 -1.29320e-02  2.28042e+00  2.62785e+00
 5.49000e+01  4.89258e-01 -4.80047e-03  1.68429e+00 -9.81172e-03  2.27646e+00  2.62630e+00
 5.50000e+01  4.89017e-01 -3.22638e-03  1.68254e+00 -6.59769e-03  2.27330e+00  2.62529e+00
 5.51000e+01  4.88808e-01 -1.61632e-03  1.68103e+00 -3.30665e-03  2.27041e+00  2.62425e+00
 5.52000e+01  4.88634e-01  1.92120e-05  1.67978e+00  3.93177e-05  2.26776e+00  2.62313e+00
 5.53000e+01  4.88493e-01  1.66273e-03  1.67878e+00  3.40379e-03  2.26612e+00  2.62275e+00
 5.54000e+01  4.88388e-01  3.33234e-03  1.67804e+00  6.82314e-03  2.26453e+00  2.62208e+00
 5.55000e+01  4.88318e-01  4.99423e-03  1.67757e+00  1.02274e-02  2.26372e+00  2.62189e+00
 5.56000e+01  4.88285e-01  6.64163e-03  1.67740e+00  1.36019e-02  2.26346e+00  2.62193e+00
 5.57000e+01  4.88289e-01  8.29035e-03  1.67747e+00  1.69784e-02  2.26347e+00  2.62190e+00
 5.58000e+01  4.88330e-01  9.91276e-03  1.67781e+00  2.02993e-02  2.26428e+00  2.62237e+00
 5.59000e+01  4.88409e-01  1.15059e-02  1.67843e+00  2.35579e-02  2.26541e+00  2.62280e+00
 5.60000e+01  4.88524e-01  1.30655e-02  1.67928e+00  2.67448e-02  2.26693e+00  2.62330e+00
 5.61000e+01  4.88676e-01  1.45747e-02  1.68040e+00  2.98249e-02  2.26901e+00  2.62405e+00
 5.62000e+01  4.88862e-01  1.60233e-02  1.68177e+00  3.27768e-02  2.27172e+00  2.62511e+00
 5.63000e+01  4.89083e-01  1.74220e-02  1.68330e+00  3.56217e-02  2.27456e+00  2.62598e+00
 5.64000e+01  4.89336e-01  1.87423e-02  1.68509e+00  3.83014e-02  2.27785e+00  2.62701e+00
 5.65000e+01  4.89620e-01  1.99798e-02  1.68712e+00  4.08068e-02  2.28177e+00  2.62840e+00
 5.66000e+01  4.89933e-01  2.11468e-02  1.68925e+00  4.31628e-02  2.28572e+00  2.62956e+00
 5.67000e+01  4.90271e-01  2.22126e-02  1.69156e+00  4.53068e-02  2.29019e+00  2.63099e+00
 5.68000e+01  4.90633e-01  2.31776e-02  1.69413e+00  4.72402e-02  2.29485e+00  2.63239e+00
 5.69000e+01  4.91016e-01  2.40293e-02  1.69685e+00  4.89381e-02  2.29984e+00  2.63392e+00
 5.70000e+01  4.91414e-01  2.47763e-02  1.69964e+00  5.04184e-02  2.30542e+00  2.63590e+00
 5.71000e+01  4.91828e-01  2.53975e-02  1.70266e+00  5.16391e-02  2.31101e+00  2.63774e+00
 5.72000e+01  4.92253e-01  2.58892e-02  1.70586e+00  5.25934e-02  2.31728e+00  2.64016e+00
 5.73000e+01  4.92688e-01  2.62706e-02  1.70912e+00  5.33209e-02  2.32358e+00  2.64249e+00
 5.74000e+01  4.93132e-01  2.65148e-02  1.71252e+00  5.37682e-02  2.32998e+00  2.64483e+00
 5.75000e+01  4.93581e-01  2.66498e-02  1.71593e+00  5.39928e-02  2.33686e+00  2.64759e+00
 5.76000e+01  4.94036e-01  2.66522e-02  1.71947e+00  5.39480e-02  2.34335e+00  2.64989e+00
 5.77000e+01  4.94492e-01  2.65258e-02  1.72311e+00  5.36425e-02  2.35033e+00  2.65266e+00
 5.78000e+01  4.94947e-01  2.62909e-02  1.72669e+00  5.31187e-02  2.35739e+00  2.65550e+00
 5.79000e+01  4.95401e-01  2.59234e-02  1.73035e+00  5.23282e-02  2.36433e+00  2.65821e+00
 5.80000e+01  4.95852e-01  2.54520e-02  1.73397e+00  5.13299e-02  2.37145e+00  2.66111e+00
 5.81000e+01  4.96298e-01  2.48629e-02  1.73769e+00  5.00966e-02  2.37877e+00  2.66424e+00
 5.82000e+01  4.96739e-01  2.41659e-02  1.74148e+00  4.86490e-02  2.38625e+00  2.66757e+00
 5.83000e+01  4.97175e-01  2.34067e-02  1.74506e+00  4.70793e-02  2.39315e+00  2.67034e+00
 5.84000e+01  4.97605e-01  2.25697e-02  1.74864e+00  4.53568e-02  2.40044e+00  2.67355e+00
 5.85000e+01  4.98029e-01  2.16620e-02  1.75233e+00  4.34954e-02  2.40766e+00  2.67672e+00
 5.86000e+01  4.98447e-01  2.07243e-02  1.75586e+00  4.15778e-02  2.41455e+00  2.67959e+00
 5.87000e+01  4.98858e-01  1.97537e-02  1.75930e+00  3.95978e-02  2.42118e+00  2.68226e+00
 5.88000e+01  4.99261e-01  1.87542e-02  1.76274e+00  3.75639e-02  2.42729e+00  2.68447e+00
 5.89000e+01  4.99651e-01  1.77407e-02  1.76610e+00  3.55061e-02  2.43415e+00  2.68754e+00
 5.90000e+01  5.00029e-01  1.67154e-02  1.76937e+00  3.34288e-02  2.44045e+00  2.69017e+00
 5.91000e+01  5.00394e-01  1.56947e-02  1.77252e+00  3.13647e-02  2.44610e+00  2.69225e+00
 5.92000e+01  5.00741e-01  1.46771e-02  1.77551e+00  2.93108e-02  2.45200e+00  2.69474e+00
 5.93000e+01  5.01071e-01  1.36644e-02  1.77837e+00  2.72704e-02  2.45715e+00  2.69664e+00
 5.94000e+01  5.01380e-01  1.26504e-02  1.78111e+00  2.52312e-02  2.46254e+00  2.69898e+00
 5.95000e+01  5.01668e-01  1.16464e-02  1.78365e+00  2.32154e-02  2.46783e+00  2.70142e+00
 5.96000e+01  5.01936e-01  1.06589e-02  1.78602e+00  2.12355e-02  2.47229e+00  2.70322e+00
 5.97000e+01  5.02182e-01  9.68047e-03  1.78821e+00  1.92768e-02  2.47645e+00  2.70493e+00
 5.98000e+01  5.02406e-01  8.73745e-03  1.79016e+00  1.73912e-02  2.47994e+00  2.70618e+00
 5.99000e+01  5.02604e-01  7.81264e-03  1.79188e+00  1.55443e-02  2.48361e+00  2.70787e+00
 6.00000e+01  5.02778e-01  6.91176e-03  1.79338e+00  1.37471e-02  2.48666e+00  2.70916e+00
 6.01000e+01  5.02929e-01  6.04024e-03  1.79467e+00  1.20101e-02  2.48925e+00  2.71024e+00
 6.02000e+01  5.03056e-01  5.17927e-03  1.79577e+00  1.02956e-02  2.49213e+00  2.71185e+00
 6.03000e+01  5.03162e-01  4.34949e-03  1.79669e+00  8.64431e-03  2.49372e+00  2.71237e+00
 6.04000e+01  5.03247e-01  3.54375e-03  1.79742e+00  7.04177e-03  2.49541e+00  2.71320e+00
 6.05000e+01  5.03312e-01  2.76441e-03  1.79798e+00  5.49244e-03  2.49674e+00  2.71387e+00
 6.06000e+01  5.03357e-01  2.00687e-03  1.79839e+00  3.98698e-03  2.49729e+00  2.71397e+00
 6.07000e+01  5.03381e-01  1.26335e-03  1.79863e+00  2.50973e-03  2.49844e+00  2.71487e+00
 6.08000e+01  5.03389e-01  5.41093e-04  1.79872e+00  1.07490e-03  2.49889e+00  2.71523e+00
 6.09000e+01  5.03382e-01 -1.62505e-04  1.79868e+00 -3.22827e-04  2.49884e+00  2.71526e+00
 6.10000e+01  5.03360e-01 -8.49169e-04  1.79850e+00 -1.68700e-03  2.49873e+00  2.71537e+00
 6.11000e+01  5.03324e-01 -1.54771e-03  1.79819e+00 -3.07498e-03  2.49799e+00  2.71498e+00
 6.12000e+01  5.03275e-01 -2.25408e-03  1.79773e+00 -4.47883e-03  2.49729e+00  2.71478e+00
 6.13000e+01  5.03213e-01 -2.97091e-03  1.79712e+00 -5.90388e-03  2.49630e+00  2.71441e+00
 6.14000e+01  5.03140e-01 -3.70822e-03  1.79638e+00 -7.37017e-03  2.49473e+00  2.71359e+00
 6.15000e+01  5.03054e-01 -4.45264e-03  1.79551e+00 -8.85122e-03  2.49350e+00  2.71322e+00
 6.16000e+01  5.02958e-01 -5.22259e-03  1.79452e+00 -1.03838e-02  2.49163e+00  2.71231e+00
 6.17000e+01  5.02853e-01 -6.01526e-03  1.79342e+00 -1.19623e-02  2.48960e+00  2.71134e+00
 6.18000e+01  5.02738e-01 -6.82783e-03  1.79223e+00 -1.35813e-02  2.48747e+00  2.71036e+00
 6.19000e+01  5.02615e-01 -7.67284e-03  1.79094e+00 -1.52658e-02  2.48457e+00  2.70871e+00
 6.20000e+01  5.02480e-01 -8.53974e-03  1.78955e+00 -1.69952e-02  2.48241e+00  2.70790e+00
 6.21000e+01  5.02338e-01 -9.41800e-03  1.78812e+00 -1.87483e-02  2.47954e+00  2.70646e+00
 6.22000e+01  5.02186e-01 -1.03164e-02  1.78659e+00 -2.05430e-02  2.47671e+00  2.70515e+00
 6.23000e+01  5.02026e-01 -1.12246e-02  1.78499e+00 -2.23587e-02  2.47401e+00  2.70404e+00
 6.24000e+01  5.01860e-01 -1.21289e-02  1.78338e+00 -2.41679e-02  2.47068e+00  2.70237e+00
 6.25000e+01  5.01686e-01 -1.30358e-02  1.78168e+00 -2.59840e-02  2.46801e+00  2.70142e+00
 6.26000e+01  5.01509e-01 -1.39329e-02  1.77993e+00 -2.77820e-02  2.46445e+00  2.69962e+00
 6.27000e+01  5.01326e-01 -1.48074e-02  1.77816e+00 -2.95364e-02  2.46093e+00  2.69791e+00
 6.28000e+01  5.01138e-01 -1.56565e-02  1.77632e+00 -3.12419e-02  2.45768e+00  2.69651e+00
 6.29000e+01  5.00947e-01 -1.64720e-02  1.77444e+00 -3.28818e-02  2.45392e+00  2.69464e+00
 6.30000e+01  5.00751e-01 -1.72402e-02  1.77251e+00 -3.44286e-02  2.45023e+00  2.69288e+00
 6.31000e+01  5.00550e-01 -1.79631e-02  1.77052e+00 -3.58867e-02  2.44639e+00  2.69102e+00
 6.32000e+01  5.00345e-01 -1.86207e-02  1.76853e+00 -3.72157e-02  2.44269e+00  2.68933e+00
 6.33000e+01  5.00135e-01 -1.92146e-02  1.76649e+00 -3.84189e-02  2.43876e+00  2.68745e+00
 6.34000e+01  4.99922e-01 -1.97448e-02  1.76444e+00 -3.94957e-02  2.43468e+00  2.68544e+00
 6.35000e+01  4.99704e-01 -2.01852e-02  1.76243e+00 -4.03943e-02  2.43081e+00  2.68369e+00
 6.36000e+01  4.99481e-01 -2.05710e-02  1.76028e+00 -4.11847e-02  2.42691e+00  2.68195e+00
 6.37000e+01  4.99256e-01 -2.08718e-02  1.75816e+00 -4.18059e-02  2.42274e+00  2.67996e+00
 6.38000e+01  4.99027e-01 -2.10793e-02  1.75615e+00 -4.22408e-02  2.41892e+00  2.67836e+00
 6.39000e+01  4.98795e-01 -2.12202e-02  1.75406e+00 -4.25430e-02  2.41508e+00  2.67675e+00
 6.40000e+01  4.98562e-01 -2.12705e-02  1.75203e+00 -4.26638e-02  2.41107e+00  2.67498e+00
 6.41000e+01  4.98328e-01 -2.12413e-02  1.75004e+00 -4.26251e-02  2.40752e+00  2.67367e+00
 6.42000e+01  4.98096e-01 -2.11363e-02  1.74799e+00 -4.24341e-02  2.40353e+00  2.67190e+00
 6.43000e+01  4.97865e-01 -2.09512e-02  1.74597e+00 -4.20821e-02  2.39978e+00  2.67036e+00
 6.44000e+01  4.97637e-01 -2.06669e-02  1.74410e+00 -4.15300e-02  2.39626e+00  2.66901e+00
 6.45000e+01  4.97414e-01 -2.02987e-02  1.74221e+00 -4.08084e-02  2.39232e+00  2.66719e+00
 6.46000e+01  4.97194e-01 -1.98503e-02  1.74027e+00 -3.99246e-02  2.38853e+00  2.66549e+00
 6.47000e+01  4.96977e-01 -1.92939e-02  1.73839e+00 -3.88225e-02  2.38460e+00  2.66359e+00
 6.48000e+01  4.96763e-01 -1.86374e-02  1.73652e+00 -3.75177e-02  2.38085e+00  2.66187e+00
 6.49000e+01  4.96549e-01 -1.78651e-02  1.73468e+00 -3.59784e-02  2.37724e+00  2.66026e+00
 6.50000e+01  4.96338e-01 -1.69716e-02  1.73292e+00 -3.41937e-02  2.37348e+00  2.65850e+00
 6.51000e+01  4.96126e-01 -1.59595e-02  1.73113e+00 -3.21682e-02  2.37013e+00  2.65713e+00
 6.52000e+01  4.95915e-01 -1.48339e-02  1.72933e+00 -2.99121e-02  2.36651e+00  2.65548e+00
 6.53000e+01  4.95705e-01 -1.35771e-02  1.72763e+00 -2.73894e-02  2.36289e+00  2.65381e+00
 6.54000e+01  4.95495e-01 -1.21946e-02  1.72593e+00 -2.46109e-02  2.35980e+00  2.65269e+00
 6.55000e+01  4.95285e-01 -1.07138e-02  1.72420e+00 -2.16316e-02  2.35629e+00  2.65113e+00
 6.56000e+01  4.95076e-01 -9.10137e-03  1.72255e+00 -1.83838e-02  2.35274e+00  2.64951e+00
 6.57000e+01  4.94867e-01 -7.38177e-03  1.72091e+00 -1.49167e-02  2.34972e+00  2.64844e+00
 6.58000e+01  4.94659e-01 -5.56944e-03  1.71926e+00 -1.12592e-02  2.34673e+00  2.64739e+00
 6.59000e+01  4.94453e-01 -3.65469e-03  1.71765e+00 -7.39138e-03  2.34353e+00  2.64607e+00
 6.60000e+01  4.94251e-01 -1.67029e-03  1.71603e+00 -3.37944e-03  2.34047e+00  2.64488e+00
 6.61000e+01  4.94054e-01  3.91632e-04  1.71444e+00  7.92691e-04  2.33746e+00  2.64369e+00
 6.62000e+01  4.93861e-01  2.52351e-03  1.71286e+00  5.10975e-03  2.33449e+00  2.64249e+00
 6.63000e+01  4.93675e-01  4.70344e-03  1.71129e+00  9.52739e-03  2.33170e+00  2.64141e+00
 6.64000e+01  4.93497e-01  6.92008e-03  1.70976e+00  1.40225e-02  2.32873e+00  2.64006e+00
 6.65000e+01  4.93327e-01  9.16006e-03  1.70828e+00  1.85679e-02  2.32617e+00  2.63905e+00
 6.66000e+01  4.93167e-01  1.14270e-02  1.70681e+00  2.31707e-02  2.32350e+00  2.63783e+00
 6.67000e+01  4.93018e-01  1.37107e-02  1.70531e+00  2.78097e-02  2.32071e+00  2.63639e+00
 6.68000e+01  4.92879e-01  1.59729e-02  1.70394e+00  3.24074e-02  2.31834e+00  2.63527e+00
 6.69000e+01  4.92752e-01  1.82113e-02  1.70264e+00  3.69584e-02  2.31601e+00  2.63409e+00
 6.70000e+01  4.92637e-01  2.04259e-02  1.70133e+00  4.14624e-02  2.31388e+00  2.63299e+00
 6.71000e+01  4.92535e-01  2.25810e-02  1.70014e+00  4.58465e-02  2.31164e+00  2.63165e+00
 6.72000e+01  4.92446e-01  2.46789e-02  1.69906e+00  5.01149e-02  2.31002e+00  2.63083e+00
 6.73000e+01  4.92371e-01  2.66968e-02  1.69813e+00  5.42209e-02  2.30849e+00  2.62997e+00
 6.74000e+01  4.92311e-01  2.86341e-02  1.69727e+00  5.81626e-02  2.30696e+00  2.62896e+00
 6.75000e+01  4.92265e-01  3.04881e-02  1.69646e+00  6.19343e-02  2.30605e+00  2.62846e+00
 6.76000e+01  4.92236e-01  3.22219e-02  1.69587e+00  6.54602e-02  2.30509e+00  2.62774e+00
 6.77000e+01  4.92224e-01  3.38571e-02  1.69524e+00  6.87839e-02  2.30420e+00  2.62694e+00
 6.78000e+01  4.92228e-01  3.53537e-02  1.69481e+00  7.18239e-02  2.30352e+00  2.62620e+00
 6.79000e+01  4.92248e-01  3.66982e-02  1.69470e+00  7.45522e-02  2.30354e+00  2.62604e+00
 6.80000e+01  4.92284e-01  3.79067e-02  1.69463e+00  7.70017e-02  2.30378e+00  2.62594e+00
 6.81000e+01  4.92337e-01  3.89541e-02  1.69466e+00  7.91207e-02  2.30423e+00  2.62590e+00
 6.82000e+01  4.92408e-01  3.98490e-02  1.69486e+00  8.09269e-02  2.30507e+00  2.62609e+00
 6.83000e+01  4.92498e-01  4.05693e-02  1.69543e+00  8.23746e-02  2.30607e+00  2.62627e+00
 6.84000e+01  4.92605e-01  4.11272e-02  1.69609e+00  8.34892e-02  2.30759e+00  2.62682e+00
 6.85000e+01  4.92730e-01  4.15393e-02  1.69666e+00  8.43042e-02  2.30900e+00  2.62708e+00
 6.86000e+01  4.92874e-01  4.17682e-02  1.69772e+00  8.47441e-02  2.31135e+00  2.62813e+00
 6.87000e+01  4.93037e-01  4.18342e-02  1.69913e+00  8.48501e-02  2.31443e+00  2.62976e+00
 6.88000e+01  4.93221e-01  4.17593e-02  1.70057e+00  8.46665e-02  2.31729e+00  2.63094e+00
 6.89000e+01  4.93426e-01  4.15386e-02  1.70216e+00  8.41841e-02  2.32037e+00  2.63216e+00
 6.90000e+01  4.93652e-01  4.11881e-02  1.70382e+00  8.34356e-02  2.32339e+00  2.63310e+00
 6.91000e+01  4.93896e-01  4.07009e-02  1.70564e+00  8.24078e-02  2.32691e+00  2.63439e+00
 6.92000e+01  4.94157e-01  4.00705e-02  1.70780e+00  8.10886e-02  2.33107e+00  2.63616e+00
 6.93000e+01  4.94434e-01  3.93097e-02  1.71025e+00  7.95044e-02  2.33564e+00  2.63819e+00
 6.94000e+01  4.94727e-01  3.84282e-02  1.71275e+00  7.76755e-02  2.34009e+00  2.63994e+00
 6.95000e+01  4.95033e-01  3.74499e-02  1.71506e+00  7.56515e-02  2.34436e+00  2.64138e+00
 6.96000e+01  4.95348e-01  3.63542e-02  1.71767e+00  7.33912e-02  2.34952e+00  2.64363e+00
 6.97000e+01  4.95673e-01  3.51319e-02  1.72070e+00  7.08770e-02  2.35488e+00  2.64597e+00
 6.98000e+01  4.96006e-01  3.38387e-02  1.72357e+00  6.82224e-02  2.36013e+00  2.64812e+00
 6.99000e+01  4.96344e-01  3.24666e-02  1.72638e+00  6.54115e-02  2.36562e+00  2.65045e+00
 7.00000e+01  4.96687e-01  3.10221e-02  1.72923e+00  6.24581e-02  2.37093e+00  2.65255e+00
 7.01000e+01  4.97032e-01  2.95242e-02  1.73207e+00  5.94010e-02  2.37608e+00  2.65445e+00
 7.02000e+01  4.97376e-01  2.79564e-02  1.73496e+00  5.62079e-02  2.38118e+00  2.65630e+00
 7.03000e+01  4.97716e-01  2.63537e-02  1.73777e+00  5.29494e-02  2.38639e+00  2.65829e+00
 7.04000e+01  4.98048e-01  2.47020e-02  1.74058e+00  4.95977e-02  2.39150e+00  2.66024e+00
 7.05000e+01  4.98371e-01  2.30245e-02  1.74323e+00  4.61995e-02  2.39649e+00  2.66215e+00
 7.06000e+01  4.98681e-01  2.13376e-02  1.74575e+00  4.27880e-02  2.40138e+00  2.66408e+00
 7.07000e+01  4.98979e-01  1.96124e-02  1.74831e+00  3.93050e-02  2.40610e+00  2.66594e+00
 7.08000e+01  4.99261e-01  1.79075e-02  1.75065e+00  3.58679e-02  2.41072e+00  2.66786e+00
 7.09000e+01  4.99527e-01  1.62055e-02  1.75286e+00  3.24416e-02  2.41505e+00  2.66962e+00
 7.10000e+01  4.99777e-01  1.45218e-02  1.75492e+00  2.90566e-02  2.41908e+00  2.67124e+00
 7.11000e+01  5.00009e-01  1.28834e-02  1.75678e+00  2.57663e-02  2.42262e+00  2.67253e+00
 7.12000e+01  5.00223e-01  1.12571e-02  1.75852e+00  2.25042e-02  2.42605e+00  2.67389e+00
 7.13000e+01  5.00417e-01  9.68311e-03  1.76006e+00  1.93501e-02  2.42942e+00  2.67537e+00
 7.14000e+01  5.00593e-01  8.14118e-03  1.76145e+00  1.62631e-02  2.43232e+00  2.67655e+00
 7.15000e+01  5.00751e-01  6.62926e-03  1.76271e+00  1.32386e-02  2.43501e+00  2.67771e+00
 7.16000e+01  5.00892e-01  5.17752e-03  1.76378e+00  1.03366e-02  2.43751e+00  2.67883e+00
 7.17000e+01  5.01017e-01  3.76465e-03  1.76471e+00  7.51402e-03  2.43987e+00  2.67996e+00
 7.18000e+01  5.01128e-01  2.41518e-03  1.76549e+00  4.81949e-03  2.44159e+00  2.68060e+00
 7.19000e+01  5.01227e-01  1.12051e-03  1.76615e+00  2.23554e-03  2.44308e+00  2.68112e+00
 7.20000e+01  5.01313e-01 -1.39965e-04  1.76669e+00 -2.79197e-04  2.44471e+00  2.68191e+00
 7.21000e+01  5.01389e-01 -1.34654e-03  1.76715e+00 -2.68563e-03  2.44577e+00  2.68222e+00
 7.22000e+01  5.01454e-01 -2.51901e-03  1.76751e+00 -5.02341e-03  2.44687e+00  2.68268e+00
 7.23000e+01  5.01510e-01 -3.65624e-03  1.76779e+00 -7.29046e-03  2.44753e+00  2.68278e+00
 7.24000e+01  5.01558e-01 -4.75418e-03  1.76799e+00 -9.47882e-03  2.44792e+00  2.68271e+00
 7.25000e+01  5.01595e-01 -5.81310e-03  1.76814e+00 -1.15892e-02  2.44880e+00  2.68322e+00
 7.26000e+01  5.01626e-01 -6.83693e-03  1.76822e+00 -1.36295e-02  2.44914e+00  2.68326e+00
 7.27000e+01  5.01649e-01 -7.84195e-03  1.76822e+00 -1.56323e-02  2.44942e+00  2.68332e+00
 7.28000e+01  5.01667e-01 -8.80181e-03  1.76819e+00 -1.75451e-02  2.44951e+00  2.68323e+00
 7.29000e+01  5.01679e-01 -9.73394e-03  1.76810e+00 -1.94028e-02  2.44947e+00  2.68308e+00
 7.30000e+01  5.01685e-01 -1.06250e-02  1.76796e+00 -2.11786e-02  2.44945e+00  2.68300e+00
 7.31000e+01  5.01686e-01 -1.14683e-02  1.76780e+00 -2.28595e-02  2.44922e+00  2.68276e+00
 7.32000e+01  5.01682e-01 -1.22882e-02  1.76753e+00 -2.44940e-02  2.44933e+00  2.68290e+00
 7.33000e+01  5.01675e-01 -1.30601e-02  1.76719e+00 -2.60331e-02  2.44858e+00  2.68222e+00
 7.34000e+01  5.01666e-01 -1.37868e-02  1.76682e+00 -2.74821e-02  2.44805e+00  2.68179e+00
 7.35000e+01  5.01652e-01 -1.44455e-02  1.76646e+00 -2.87958e-02  2.44766e+00  2.68154e+00
 7.36000e+01  5.01636e-01 -1.50499e-02  1.76607e+00 -3.00016e-02  2.44683e+00  2.68087e+00
 7.37000e+01  5.01616e-01 -1.56009e-02  1.76561e+00 -3.11013e-02  2.44653e+00  2.68076e+00
 7.38000e+01  5.01595e-01 -1.60862e-02  1.76511e+00 -3.20700e-02  2.44552e+00  2.67996e+00
 7.39000e+01  5.01572e-01 -1.65118e-02  1.76461e+00 -3.29202e-02  2.44481e+00  2.67948e+00
 7.40000e+01  5.01546e-01 -1.68500e-02  1.76419e+00 -3.35962e-02  2.44434e+00  2.67927e+00
 7.41000e+01  5.01520e-01 -1.71264e-02  1.76378e+00 -3.41490e-02  2.44346e+00  2.67866e+00
 7.42000e+01  5.01492e-01 -1.73370e-02  1.76332e+00 -3.45708e-02  2.44290e+00  2.67837e+00
 7.43000e+01  5.01463e-01 -1.74818e-02  1.76288e+00 -3.48616e-02  2.44260e+00  2.67834e+00
 7.44000e+01  5.01437e-01 -1.75565e-02  1.76256e+00 -3.50123e-02  2.44221e+00  2.67821e+00
 7.45000e+01  5.01415e-01 -1.75681e-02  1.76227e+00 -3.50371e-02  2.44183e+00  2.67805e+00
 7.46000e+01  5.01397e-01 -1.75382e-02  1.76200e+00 -3.49788e-02  2.44208e+00  2.67848e+00
 7.47000e+01  5.01387e-01 -1.74447e-02  1.76188e+00 -3.47929e-02  2.44187e+00  2.67836e+00
 7.48000e+01  5.01386e-01 -1.73277e-02  1.76173e+00 -3.45596e-02  2.44179e+00  2.67829e+00
 7.49000e+01  5.01394e-01 -1.71730e-02  1.76162e+00 -3.42505e-02  2.44155e+00  2.67797e+00
 7.50000e+01  5.01411e-01 -1.69706e-02  1.76165e+00 -3.38458e-02  2.44137e+00  2.67764e+00
 7.51000e+01  5.01434e-01 -1.67391e-02  1.76173e+00 -3.33824e-02  2.44214e+00  2.67817e+00
 7.52000e+01  5.01467e-01 -1.64648e-02  1.76193e+00 -3.28334e-02  2.44224e+00  2.67795e+00
 7.53000e+01  5.01507e-01 -1.61701e-02  1.76217e+00 -3.22430e-02  2.44271e+00  2.67802e+00
 7.54000e+01  5.01555e-01 -1.58564e-02  1.76239e+00 -3.16145e-02  2.44324e+00  2.67808e+00
 7.55000e+01  5.01610e-01 -1.55207e-02  1.76269e+00 -3.09418e-02  2.44348e+00  2.67780e+00
 7.56000e+01  5.01669e-01 -1.51538e-02  1.76307e+00 -3.02068e-02  2.44397e+00  2.67771e+00
 7.57000e+01  5.01729e-01 -1.47721e-02  1.76339e+00 -2.94423e-02  2.44454e+00  2.67769e+00
 7.58000e+01  5.01791e-01 -1.43638e-02  1.76372e+00 -2.86252e-02  2.44533e+00  2.67787e+00
 7.59000e+01  5.01853e-01 -1.39069e-02  1.76418e+00 -2.77112e-02  2.44582e+00  2.67776e+00
 7.60000e+01  5.01913e-01 -1.34252e-02  1.76462e+00 -2.67480e-02  2.44659e+00  2.67794e+00
 7.61000e+01  5.01969e-01 -1.29155e-02  1.76499e+00 -2.57296e-02  2.44718e+00  2.67797e+00
 7.62000e+01  5.02022e-01 -1.23819e-02  1.76530e+00 -2.46640e-02  2.44757e+00  2.67785e+00
 7.63000e+01  5.02067e-01 -1.18057e-02  1.76556e+00 -2.35142e-02  2.44806e+00  2.67789e+00
 7.64000e+01  5.02106e-01 -1.11813e-02  1.76579e+00 -2.22688e-02  2.44816e+00  2.67762e+00
 7.65000e+01  5.02134e-01 -1.05016e-02  1.76595e+00 -2.09139e-02  2.44842e+00  2.67760e+00
 7.66000e+01  5.02152e-01 -9.75444e-03  1.76606e+00 -1.94253e-02  2.44875e+00  2.67775e+00
 7.67000e+01  5.02160e-01 -8.95764e-03  1.76605e+00 -1.78382e-02  2.44854e+00  2.67747e+00
 7.68000e+01  5.02157e-01 -8.10045e-03  1.76592e+00 -1.61313e-02  2.44855e+00  2.67751e+00
 7.69000e+01  5.02143e-01 -7.17964e-03  1.76570e+00 -1.42980e-02  2.44806e+00  2.67716e+00
 7.70000e+01  5.02119e-01 -6.19903e-03  1.76536e+00 -1.23457e-02  2.44695e+00  2.67629e+00
 7.71000e+01  5.02080e-01 -5.15287e-03  1.76490e+00 -1.02630e-02  2.44617e+00  2.67590e+00
 7.72000e+01  5.02028e-01 -4.03334e-03  1.76432e+00 -8.03410e-03  2.44459e+00  2.67484e+00
 7.73000e+01  5.01959e-01 -2.84850e-03  1.76360e+00 -5.67476e-03  2.44335e+00  2.67427e+00
 7.74000e+01  5.01875e-01 -1.60076e-03  1.76274e+00 -3.18955e-03  2.44170e+00  2.67346e+00
 7.75000e+01  5.01774e-01 -3.00779e-04  1.76175e+00 -5.99432e-04  2.43947e+00  2.67222e+00
 7.76000e+01  5.01655e-01  1.05669e-03  1.76061e+00  2.10640e-03  2.43743e+00  2.67135e+00
 7.77000e+01  5.01519e-01  2.47474e-03  1.75933e+00  4.93448e-03  2.43452e+00  2.66976e+00
 7.78000e+01  5.01364e-01  3.92889e-03  1.75790e+00  7.83639e-03  2.43199e+00  2.66876e+00
 7.79000e+01  5.01191e-01  5.43976e-03  1.75631e+00  1.08537e-02  2.42861e+00  2.66706e+00
 7.80000e+01  5.00999e-01  6.98172e-03  1.75455e+00  1.39356e-02  2.42506e+00  2.66539e+00
 7.81000e+01  5.00786e-01  8.55789e-03  1.75262e+00  1.70889e-02  2.42157e+00  2.66397e+00
 7.82000e+01  5.00555e-01  1.01654e-02  1.75054e+00  2.03083e-02  2.41723e+00  2.66186e+00
 7.83000e+01  5.00305e-01  1.17839e-02  1.74832e+00  2.35535e-02  2.41325e+00  2.66031e+00
 7.84000e+01  5.00037e-01  1.34491e-02  1.74585e+00  2.68963e-02  2.40852e+00  2.65817e+00
 7.85000e+01  4.99752e-01  1.51217e-02  1.74323e+00  3.02584e-02  2.40366e+00  2.65605e+00
 7.86000e+01  4.99451e-01  1.68026e-02  1.74052e+00  3.36421e-02  2.39855e+00  2.65382e+00
 7.87000e+01  4.99137e-01  1.84928e-02  1.73766e+00  3.70495e-02  2.39331e+00  2.65159e+00
 7.88000e+01  4.98809e-01  2.01815e-02  1.73466e+00  4.04594e-02  2.38787e+00  2.64927e+00
 7.89000e+01  4.98472e-01  2.18715e-02  1.73158e+00  4.38770e-02  2.38192e+00  2.64652e+00
 7.90000e+01  4.98125e-01  2.35431e-02  1.72842e+00  4.72635e-02  2.37641e+00  2.64430e+00
 7.91000e+01  4.97772e-01  2.52093e-02  1.72519e+00  5.06442e-02  2.37033e+00  2.64155e+00
 7.92000e+01  4.97414e-01  2.68413e-02  1.72198e+00  5.39617e-02  2.36462e+00  2.63920e+00
 7.93000e+01  4.97054e-01  2.84537e-02  1.71872e+00  5.72448e-02  2.35879e+00  2.63675e+00
 7.94000e+01  4.96695e-01  3.00364e-02  1.71546e+00  6.04725e-02  2.35249e+00  2.63379e+00
 7.95000e+01  4.96336e-01  3.15705e-02  1.71226e+00  6.36071e-02  2.34679e+00  2.63143e+00
 7.96000e+01  4.95982e-01  3.30769e-02  1.70898e+00  6.66897e-02  2.34074e+00  2.62865e+00
 7.97000e+01  4.95633e-01  3.45159e-02  1.70586e+00  6.96400e-02  2.33518e+00  2.62631e+00
 7.98000e+01  4.95293e-01  3.58992e-02  1.70283e+00  7.24808e-02  2.32977e+00  2.62403e+00
 7.99000e+01  4.94963e-01  3.72248e-02  1.69978e+00  7.52074e-02  2.32416e+00  2.62144e+00
 8.00000e+01  4.94645e-01  3.84696e-02  1.69691e+00  7.77721e-02  2.31927e+00  2.61946e+00
 8.01000e+01  4.94344e-01  3.96421e-02  1.69412e+00  8.01913e-02  2.31431e+00  2.61724e+00
 8.02000e+01  4.94060e-01  4.07263e-02  1.69144e+00  8.24319e-02  2.30962e+00  2.61513e+00
 8.03000e+01  4.93797e-01  4.17133e-02  1.68895e+00  8.44747e-02  2.30500e+00  2.61287e+00
 8.04000e+01  4.93554e-01  4.26004e-02  1.68657e+00  8.63135e-02  2.30045e+00  2.61050e+00
 8.05000e+01  4.93331e-01  4.33691e-02  1.68443e+00  8.79108e-02  2.29678e+00  2.60883e+00
 8.06000e+01  4.93131e-01  4.40179e-02  1.68246e+00  8.92621e-02  2.29324e+00  2.60709e+00
 8.07000e+01  4.92953e-01  4.45420e-02  1.68073e+00  9.03576e-02  2.29011e+00  2.60554e+00
 8.08000e+01  4.92799e-01  4.49241e-02  1.67930e+00  9.11613e-02  2.28747e+00  2.60427e+00
 8.09000e+01  4.92668e-01  4.51837e-02  1.67792e+00  9.17123e-02  2.28498e+00  2.60294e+00
 8.10000e+01  4.92561e-01  4.52976e-02  1.67687e+00  9.19634e-02  2.28310e+00  2.60201e+00
 8.11000e+01  4.92478e-01  4.52614e-02  1.67626e+00  9.19053e-02  2.28196e+00  2.60161e+00
 8.12000e+01  4.92421e-01  4.50985e-02  1.67573e+00  9.15852e-02  2.28119e+00  2.60136e+00
 8.13000e+01  4.92389e-01  4.47951e-02  1.67540e+00  9.09749e-02  2.28069e+00  2.60114e+00
 8.14000e+01  4.92385e-01  4.43581e-02  1.67546e+00  9.00883e-02  2.28090e+00  2.60139e+00
 8.15000e+01  4.92408e-01  4.37851e-02  1.67580e+00  8.89204e-02  2.28152e+00  2.60182e+00
 8.16000e+01  4.92459e-01  4.30998e-02  1.67625e+00  8.75194e-02  2.28249e+00  2.60233e+00
 8.17000e+01  4.92540e-01  4.22913e-02  1.67700e+00  8.58637e-02  2.28382e+00  2.60295e+00
 8.18000e+01  4.92648e-01  4.13682e-02  1.67798e+00  8.39712e-02  2.28570e+00  2.60387e+00
 8.19000e+01  4.92785e-01  4.03468e-02  1.67921e+00  8.18749e-02  2.28814e+00  2.60508e+00
 8.20000e+01  4.92951e-01  3.92116e-02  1.68075e+00  7.95445e-02  2.29063e+00  2.60608e+00
 8.21000e+01  4.93144e-01  3.80066e-02  1.68228e+00  7.70701e-02  2.29359e+00  2.60732e+00
 8.22000e+01  4.93362e-01  3.67102e-02  1.68404e+00  7.44082e-02  2.29680e+00  2.60856e+00
 8.23000e+01  4.93605e-01  3.53302e-02  1.68616e+00  7.15759e-02  2.30045e+00  2.61002e+00
 8.24000e+01  4.93869e-01  3.38865e-02  1.68843e+00  6.86143e-02  2.30462e+00  2.61180e+00
 8.25000e+01  4.94154e-01  3.23879e-02  1.69071e+00  6.55421e-02  2.30870e+00  2.61329e+00
 8.26000e+01  4.94456e-01  3.08510e-02  1.69312e+00  6.23938e-02  2.31317e+00  2.61501e+00
 8.27000e+01  4.94774e-01  2.92553e-02  1.69582e+00  5.91286e-02  2.31811e+00  2.61706e+00
 8.28000e+01  4.95104e-01  2.76459e-02  1.69849e+00  5.58386e-02  2.32316e+00  2.61908e+00
 8.29000e+01  4.95447e-01  2.60163e-02  1.70117e+00  5.25108e-02  2.32810e+00  2.62087e+00
 8.30000e+01  4.95799e-01  2.43644e-02  1.70402e+00  4.91417e-02  2.33346e+00  2.62299e+00
 8.31000e+01  4.96157e-01  2.27015e-02  1.70697e+00  4.57547e-02  2.33905e+00  2.62526e+00
 8.32000e+01  4.96522e-01  2.10355e-02  1.70990e+00  4.23658e-02  2.34454e+00  2.62738e+00
 8.33000e+01  4.96889e-01  1.93872e-02  1.71277e+00  3.90172e-02  2.35022e+00  2.62964e+00
 8.34000e+01  4.97259e-01  1.77322e-02  1.71575e+00  3.56599e-02  2.35586e+00  2.63183e+00
 8.35000e+01  4.97628e-01  1.60968e-02  1.71870e+00  3.23471e-02  2.36165e+00  2.63416e+00
 8.36000e+01  4.97998e-01  1.44871e-02  1.72159e+00  2.90908e-02  2.36726e+00  2.63629e+00
 8.37000e+01  4.98365e-01  1.28975e-02  1.72448e+00  2.58797e-02  2.37283e+00  2.63840e+00
 8.38000e+01  4.98727e-01  1.13452e-02  1.72731e+00  2.27483e-02  2.37861e+00  2.64075e+00
 8.39000e+01  4.99086e-01  9.84116e-03  1.73007e+00  1.97184e-02  2.38400e+00  2.64274e+00
 8.40000e+01  4.99438e-01  8.38534e-03  1.73275e+00  1.67895e-02  2.38928e+00  2.64465e+00
 8.41000e+01  4.99784e-01  6.98918e-03  1.73535e+00  1.39844e-02  2.39450e+00  2.64657e+00
 8.42000e+01  5.00120e-01  5.64551e-03  1.73791e+00  1.12883e-02  2.39949e+00  2.64833e+00
 8.43000e+01  5.00447e-01  4.36515e-03  1.74036e+00  8.72250e-03  2.40443e+00  2.65014e+00
 8.44000e+01  5.00762e-01  3.18247e-03  1.74270e+00  6.35526e-03  2.40914e+00  2.65181e+00
 8.45000e+01  5.01064e-01  2.05350e-03  1.74496e+00  4.09827e-03  2.41374e+00  2.65348e+00
 8.46000e+01  5.01353e-01  1.01634e-03  1.74712e+00  2.02720e-03  2.41817e+00  2.65512e+00
 8.47000e+01  5.01628e-01  6.51737e-05  1.74918e+00  1.29924e-04  2.42226e+00  2.65653e+00
 8.48000e+01  5.01888e-01 -8.08086e-04  1.75112e+00 -1.61009e-03  2.42645e+00  2.65820e+00
 8.49000e+01  5.02133e-01 -1.56113e-03  1.75297e+00 -3.10901e-03  2.43025e+00  2.65960e+00
 8.50000e+01  5.02362e-01 -2.23843e-03  1.75471e+00 -4.45580e-03  2.43372e+00  2.66082e+00
 8.51000e+01  5.02576e-01 -2.83589e-03  1.75630e+00 -5.64270e-03  2.43759e+00  2.66260e+00
 8.52000e+01  5.02777e-01 -3.35063e-03  1.75780e+00 -6.66425e-03  2.44071e+00  2.66374e+00
 8.53000e+01  5.02964e-01 -3.77552e-03  1.75921e+00 -7.50655e-03  2.44363e+00  2.66482e+00
 8.54000e+01  5.03138e-01 -4.14643e-03  1.76047e+00 -8.24114e-03  2.44679e+00  2.66626e+00
 8.55000e+01  5.03300e-01 -4.45470e-03  1.76163e+00 -8.85098e-03  2.44923e+00  2.66710e+00
 8.56000e+01  5.03452e-01 -4.69131e-03  1.76271e+00 -9.31830e-03  2.45174e+00  2.66811e+00
 8.57000e+01  5.03593e-01 -4.88229e-03  1.76370e+00 -9.69491e-03  2.45395e+00  2.66892e+00
 8.58000e+01  5.03724e-01 -5.00063e-03  1.76463e+00 -9.92731e-03  2.45621e+00  2.66988e+00
 8.59000e+01  5.03848e-01 -5.09346e-03  1.76548e+00 -1.01091e-02  2.45824e+00  2.67068e+00
 8.60000e+01  5.03963e-01 -5.14347e-03  1.76628e+00 -1.02060e-02  2.45974e+00  2.67103e+00
 8.61000e+01  5.04071e-01 -5.16635e-03  1.76703e+00 -1.02493e-02  2.46183e+00  2.67205e+00
 8.62000e+01  5.04172e-01 -5.17272e-03  1.76774e+00 -1.02598e-02  2.46331e+00  2.67253e+00
 8.63000e+01  5.04266e-01 -5.14545e-03  1.76844e+00 -1.02038e-02  2.46508e+00  2.67335e+00
 8.64000e+01  5.04356e-01 -5.12795e-03  1.76911e+00 -1.01673e-02  2.46669e+00  2.67406e+00
 8.65000e+01  5.04442e-01 -5.09744e-03  1.76977e+00 -1.01051e-02  2.46798e+00  2.67449e+00
 8.66000e+01  5.04524e-01 -5.07123e-03  1.77041e+00 -1.00515e-02  2.46962e+00  2.67530e+00
 8.67000e+01  5.04604e-01 -5.06138e-03  1.77102e+00 -1.00304e-02  2.47075e+00  2.67565e+00
 8.68000e+01  5.04680e-01 -5.04846e-03  1.77163e+00 -1.00033e-02  2.47256e+00  2.67668e+00
 8.69000e+01  5.04756e-01 -5.04083e-03  1.77224e+00 -9.98668e-03  2.47366e+00  2.67703e+00
 8.70000e+01  5.04830e-01 -5.04781e-03  1.77283e+00 -9.99903e-03  2.47478e+00  2.67740e+00
 8.71000e+01  5.04903e-01 -5.05315e-03  1.77340e+00 -1.00082e-02  2.47620e+00  2.67809e+00
 8.72000e+01  5.04975e-01 -5.06039e-03  1.77396e+00 -1.00211e-02  2.47709e+00  2.67826e+00
 8.73000e+01  5.05045e-01 -5.06819e-03  1.77449e+00 -1.00351e-02  2.47828e+00  2.67874e+00
 8.74000e+01  5.05113e-01 -5.06659e-03  1.77499e+00 -1.00306e-02  2.47900e+00  2.67879e+00
 8.75000e+01  5.05177e-01 -5.06677e-03  1.77545e+00 -1.00297e-02  2.48020e+00  2.67934e+00
 8.76000e+01  5.05239e-01 -5.03533e-03  1.77591e+00 -9.96624e-03  2.48095e+00  2.67948e+00
 8.77000e+01  5.05296e-01 -4.99636e-03  1.77633e+00 -9.88799e-03  2.48165e+00  2.67960e+00
 8.78000e+01  5.05348e-01 -4.94870e-03  1.77669e+00 -9.79266e-03  2.48261e+00  2.68004e+00
 8.79000e+01  5.05396e-01 -4.87080e-03  1.77704e+00 -9.63758e-03  2.48299e+00  2.67994e+00
 8.80000e+01  5.05437e-01 -4.77810e-03  1.77736e+00 -9.45339e-03  2.48361e+00  2.68014e+00
 8.81000e+01  5.05472e-01 -4.65336e-03  1.77765e+00 -9.20596e-03  2.48411e+00  2.68029e+00
 8.82000e+01  5.05499e-01 -4.52096e-03  1.77787e+00 -8.94355e-03  2.48471e+00  2.68062e+00
 8.83000e+01  5.05520e-01 -4.37687e-03  1.77803e+00 -8.65816e-03  2.48500e+00  2.68070e+00
 8.84000e+01  5.05534e-01 -4.21809e-03  1.77814e+00 -8.34384e-03  2.48559e+00  2.68114e+00
 8.85000e+01  5.05543e-01 -4.05467e-03  1.77821e+00 -8.02042e-03  2.48607e+00  2.68152e+00
 8.86000e+01  5.05549e-01 -3.88459e-03  1.77824e+00 -7.68391e-03  2.48624e+00  2.68162e+00
 8.87000e+01  5.05554e-01 -3.73619e-03  1.77820e+00 -7.39029e-03  2.48647e+00  2.68181e+00
 8.88000e+01  5.05557e-01 -3.58985e-03  1.77813e+00 -7.10078e-03  2.48619e+00  2.68151e+00
 8.89000e+01  5.05559e-01 -3.45152e-03  1.77803e+00 -6.82714e-03  2.48643e+00  2.68172e+00
 8.90000e+01  5.05561e-01 -3.34316e-03  1.77789e+00 -6.61277e-03  2.48607e+00  2.68135e+00
 8.91000e+01  5.05562e-01 -3.25784e-03  1.77770e+00 -6.44400e-03  2.48577e+00  2.68105e+00
 8.92000e+01  5.05562e-01 -3.19659e-03  1.77749e+00 -6.32285e-03  2.48595e+00  2.68123e+00
 8.93000e+01  5.05563e-01 -3.14324e-03  1.77729e+00 -6.21731e-03  2.48564e+00  2.68091e+00
 8.94000e+01  5.05566e-01 -3.11578e-03  1.77709e+00 -6.16295e-03  2.48545e+00  2.68069e+00
 8.95000e+01  5.05571e-01 -3.11107e-03  1.77691e+00 -6.15359e-03  2.48517e+00  2.68037e+00
 8.96000e+01  5.05576e-01 -3.12450e-03  1.77675e+00 -6.18007e-03  2.48515e+00  2.68030e+00
 8.97000e+01  5.05585e-01 -3.16646e-03  1.77661e+00 -6.26297e-03  2.48488e+00  2.67995e+00
 8.98000e+01  5.05594e-01 -3.22846e-03  1.77649e+00 -6.38548e-03  2.48491e+00  2.67989e+00
 8.99000e+01  5.05606e-01 -3.32192e-03  1.77639e+00 -6.57017e-03  2.48511e+00  2.67997e+00
 9.00000e+01  5.05622e-01 -3.42713e-03  1.77631e+00 -6.77805e-03  2.48469e+00  2.67941e+00
 9.01000e+01  5.05639e-01 -3.53875e-03  1.77624e+00 -6.99857e-03  2.48465e+00  2.67920e+00
 9.02000e+01  5.05657e-01 -3.64340e-03  1.77618e+00 -7.20528e-03  2.48446e+00  2.67884e+00
 9.03000e+01  5.05676e-01 -3.72866e-03  1.77612e+00 -7.37363e-03  2.48436e+00  2.67856e+00
 9.04000e+01  5.05693e-01 -3.81041e-03  1.77604e+00 -7.53502e-03  2.48434e+00  2.67837e+00
 9.05000e+01  5.05709e-01 -3.87702e-03  1.77593e+00 -7.66649e-03  2.48428e+00  2.67816e+00
 9.06000e+01  5.05725e-01 -3.93072e-03  1.77580e+00 -7.77245e-03  2.48426e+00  2.67798e+00
 9.07000e+01  5.05740e-01 -3.96693e-03  1.77566e+00 -7.84381e-03  2.48387e+00  2.67745e+00
 9.08000e+01  5.05753e-01 -3.97528e-03  1.77552e+00 -7.86011e-03  2.48379e+00  2.67725e+00
 9.09000e+01  5.05764e-01 -3.97250e-03  1.77536e+00 -7.85445e-03  2.48351e+00  2.67687e+00
 9.10000e+01  5.05771e-01 -3.95103e-03  1.77520e+00 -7.81190e-03  2.48332e+00  2.67661e+00
 9.11000e+01  5.05776e-01 -3.91552e-03  1.77504e+00 -7.74161e-03  2.48320e+00  2.67645e+00
 9.12000e+01  5.05779e-01 -3.89598e-03  1.77485e+00 -7.70293e-03  2.48263e+00  2.67587e+00
 9.13000e+01  5.05777e-01 -3.86045e-03  1.77467e+00 -7.63272e-03  2.48245e+00  2.67572e+00
 9.14000e+01  5.05770e-01 -3.82882e-03  1.77449e+00 -7.57027e-03  2.48208e+00  2.67541e+00
 9.15000e+01  5.05760e-01 -3.80791e-03  1.77430e+00 -7.52909e-03  2.48194e+00  2.67538e+00
 9.16000e+01  5.05745e-01 -3.77699e-03  1.77413e+00 -7.46816e-03  2.48172e+00  2.67530e+00
 9.17000e+01  5.05728e-01 -3.78912e-03  1.77394e+00 -7.49241e-03  2.48106e+00  2.67483e+00
 9.18000e+01  5.05706e-01 -3.82271e-03  1.77371e+00 -7.55915e-03  2.48082e+00  2.67480e+00
 9.19000e+01  5.05681e-01 -3.86339e-03  1.77349e+00 -7.63997e-03  2.48017e+00  2.67441e+00
 9.20000e+01  5.05650e-01 -3.91640e-03  1.77324e+00 -7.74528e-03  2.48002e+00  2.67456e+00
 9.21000e+01  5.05617e-01 -3.97242e-03  1.77299e+00 -7.85658e-03  2.47981e+00  2.67468e+00
 9.22000e+01  5.05584e-01 -4.03715e-03  1.77273e+00 -7.98512e-03  2.47912e+00  2.67433e+00
 9.23000e+01  5.05548e-01 -4.09991e-03  1.77248e+00 -8.10982e-03  2.47898e+00  2.67454e+00
 9.24000e+01  5.05514e-01 -4.16389e-03  1.77223e+00 -8.23696e-03  2.47847e+00  2.67437e+00
 9.25000e+01  5.05480e-01 -4.22782e-03  1.77198e+00 -8.36396e-03  2.47808e+00  2.67431e+00
 9.26000e+01  5.05449e-01 -4.27100e-03  1.77178e+00 -8.44993e-03  2.47755e+00  2.67411e+00
 9.27000e+01  5.05418e-01 -4.29172e-03  1.77161e+00 -8.49142e-03  2.47708e+00  2.67394e+00
 9.28000e+01  5.05389e-01 -4.30465e-03  1.77146e+00 -8.51749e-03  2.47699e+00  2.67413e+00
 9.29000e+01  5.05362e-01 -4.28521e-03  1.77138e+00 -8.47948e-03  2.47667e+00  2.67408e+00
 9.30000e+01  5.05338e-01 -4.25540e-03  1.77132e+00 -8.42090e-03  2.47666e+00  2.67431e+00
 9.31000e+01  5.05318e-01 -4.22504e-03  1.77130e+00 -8.36117e-03  2.47641e+00  2.67426e+00
 9.32000e+01  5.05300e-01 -4.17662e-03  1.77132e+00 -8.26564e-03  2.47622e+00  2.67425e+00
 9.33000e+01  5.05285e-01 -4.12684e-03  1.77135e+00 -8.16736e-03  2.47642e+00  2.67459e+00
 9.34000e+01  5.05273e-01 -4.06206e-03  1.77140e+00 -8.03933e-03  2.47646e+00  2.67474e+00
 9.35000e+01  5.05266e-01 -3.97489e-03  1.77150e+00 -7.86692e-03  2.47652e+00  2.67487e+00
 9.36000e+01  5.05262e-01 -3.88446e-03  1.77160e+00 -7.68802e-03  2.47681e+00  2.67519e+00
 9.37000e+01  5.05264e-01 -3.80941e-03  1.77167e+00 -7.53944e-03  2.47686e+00  2.67523e+00
 9.38000e+01  5.05270e-01 -3.72681e-03  1.77176e+00 -7.37589e-03  2.47713e+00  2.67543e+00
 9.39000e+01  5.05281e-01 -3.65533e-03  1.77184e+00 -7.23426e-03  2.47751e+00  2.67569e+00
 9.40000e+01  5.05299e-01 -3.60278e-03  1.77191e+00 -7.13000e-03  2.47727e+00  2.67529e+00
 9.41000e+01  5.05320e-01 -3.55314e-03  1.77198e+00 -7.03145e-03  2.47744e+00  2.67524e+00
 9.42000e+01  5.05345e-01 -3.51725e-03  1.77204e+00 -6.96009e-03  2.47728e+00  2.67484e+00
 9.43000e+01  5.05372e-01 -3.48998e-03  1.77206e+00 -6.90577e-03  2.47713e+00  2.67444e+00
 9.44000e+01  5.05398e-01 -3.46280e-03  1.77208e+00 -6.85164e-03  2.47752e+00  2.67457e+00
 9.45000e+01  5.05424e-01 -3.42354e-03  1.77209e+00 -6.77360e-03  2.47755e+00  2.67434e+00
 9.46000e+01  5.05450e-01 -3.40708e-03  1.77205e+00 -6.74068e-03  2.47765e+00  2.67419e+00
 9.47000e+01  5.05476e-01 -3.38252e-03  1.77202e+00 -6.69174e-03  2.47764e+00  2.67392e+00
 9.48000e+01  5.05502e-01 -3.34281e-03  1.77198e+00 -6.61285e-03  2.47771e+00  2.67375e+00
 9.49000e+01  5.05526e-01 -3.31046e-03  1.77190e+00 -6.54855e-03  2.47755e+00  2.67336e+00
 9.50000e+01  5.05547e-01 -3.24884e-03  1.77181e+00 -6.42638e-03  2.47756e+00  2.67316e+00
 9.51000e+01  5.05567e-01 -3.16952e-03  1.77171e+00 -6.26923e-03  2.47761e+00  2.67301e+00
 9.52000e+01  5.05585e-01 -3.06640e-03  1.77159e+00 -6.06505e-03  2.47750e+00  2.67273e+00
 9.53000e+01  5.05601e-01 -2.93891e-03  1.77145e+00 -5.81271e-03  2.47769e+00  2.67277e+00
 9.54000e+01  5.05616e-01 -2.79204e-03  1.77132e+00 -5.52205e-03  2.47742e+00  2.67236e+00
 9.55000e+01  5.05630e-01 -2.64398e-03  1.77116e+00 -5.22908e-03  2.47755e+00  2.67234e+00
 9.56000e+01  5.05644e-01 -2.50018e-03  1.77100e+00 -4.94455e-03  2.47730e+00  2.67197e+00
 9.57000e+01  5.05657e-01 -2.35360e-03  1.77084e+00 -4.65454e-03  2.47715e+00  2.67170e+00
 9.58000e+01  5.05670e-01 -2.20205e-03  1.77070e+00 -4.35473e-03  2.47736e+00  2.67178e+00
 9.59000e+01  5.05683e-01 -2.03825e-03  1.77060e+00 -4.03069e-03  2.47686e+00  2.67116e+00
 9.60000e+01  5.05696e-01 -1.88909e-03  1.77051e+00 -3.73563e-03  2.47709e+00  2.67126e+00
 9.61000e+01  5.05708e-01 -1.73719e-03  1.77045e+00 -3.43516e-03  2.47721e+00  2.67126e+00
 9.62000e+01  5.05722e-01 -1.59229e-03  1.77045e+00 -3.14854e-03  2.47720e+00  2.67111e+00
 9.63000e+01  5.05736e-01 -1.46533e-03  1.77048e+00 -2.89742e-03  2.47737e+00  2.67115e+00
 9.64000e+01  5.05751e-01 -1.34929e-03  1.77056e+00 -2.66789e-03  2.47738e+00  2.67101e+00
 9.65000e+01  5.05765e-01 -1.26085e-03  1.77067e+00 -2.49296e-03  2.47775e+00  2.67123e+00
 9.66000e+01  5.05780e-01 -1.17591e-03  1.77083e+00 -2.32495e-03  2.47772e+00  2.67105e+00
 9.67000e+01  5.05793e-01 -1.10609e-03  1.77100e+00 -2.18683e-03  2.47790e+00  2.67110e+00
 9.68000e+01  5.05804e-01 -1.05660e-03  1.77118e+00 -2.08894e-03  2.47846e+00  2.67155e+00
 9.69000e+01  5.05814e-01 -1.01610e-03  1.77138e+00 -2.00884e-03  2.47884e+00  2.67181e+00
 9.70000e+01  5.05824e-01 -9.96689e-04  1.77158e+00 -1.97043e-03  2.47941e+00  2.67228e+00
 9.71000e+01  5.05835e-01 -9.76877e-04  1.77180e+00 -1.93122e-03  2.47984e+00  2.67260e+00
 9.72000e+01  5.05847e-01 -9.77581e-04  1.77203e+00 -1.93256e-03  2.48019e+00  2.67283e+00
 9.73000e+01  5.05860e-01 -9.93692e-04  1.77225e+00 -1.96436e-03  2.48052e+00  2.67301e+00
 9.74000e+01  5.05874e-01 -9.97262e-04  1.77247e+00 -1.97137e-03  2.48081e+00  2.67316e+00
 9.75000e+01  5.05888e-01 -1.01170e-03  1.77267e+00 -1.99984e-03  2.48119e+00  2.67340e+00
 9.76000e+01  5.05903e-01 -1.00389e-03  1.77285e+00 -1.98435e-03  2.48128e+00  2.67334e+00
 9.77000e+01  5.05917e-01 -9.74277e-04  1.77300e+00 -1.92576e-03  2.48164e+00  2.67355e+00
 9.78000e+01  5.05931e-01 -9.33821e-04  1.77312e+00 -1.84575e-03  2.48191e+00  2.67368e+00
 9.79000e+01  5.05944e-01 -8.88813e-04  1.77320e+00 -1.75674e-03  2.48196e+00  2.67361e+00
 9.80000e+01  5.05956e-01 -8.40638e-04  1.77325e+00 -1.66148e-03  2.48231e+00  2.67383e+00
 9.81000e+01  5.05969e-01 -7.67180e-04  1.77329e+00 -1.51626e-03  2.48217e+00  2.67358e+00
 9.82000e+01  5.05980e-01 -6.86243e-04  1.77330e+00 -1.35627e-03  2.48225e+00  2.67354e+00
 9.83000e+01  5.05989e-01 -5.82531e-04  1.77331e+00 -1.15127e-03  2.48220e+00  2.67340e+00
 9.84000e+01  5.05997e-01 -4.76346e-04  1.77332e+00 -9.41402e-04  2.48189e+00  2.67303e+00
 9.85000e+01  5.06000e-01 -3.58544e-04  1.77330e+00 -7.08585e-04  2.48200e+00  2.67310e+00
 9.86000e+01  5.06000e-01 -2.29564e-04  1.77329e+00 -4.53684e-04  2.48188e+00  2.67299e+00
 9.87000e+01  5.05995e-01 -1.14564e-04  1.77327e+00 -2.26414e-04  2.48206e+00  2.67321e+00
 9.88000e+01  5.05988e-01 -9.09897e-06  1.77326e+00 -1.79826e-05  2.48206e+00  2.67328e+00
 9.89000e+01  5.05978e-01  8.02621e-05  1.77327e+00  1.58628e-04  2.48200e+00  2.67332e+00
 9.90000e+01  5.05965e-01  1.73473e-04  1.77328e+00  3.42856e-04  2.48219e+00  2.67362e+00
 9.91000e+01  5.05952e-01  2.32221e-04  1.77330e+00  4.58978e-04  2.48219e+00  2.67375e+00
 9.92000e+01  5.05938e-01  2.79153e-04  1.77333e+00  5.51754e-04  2.48235e+00  2.67404e+00
 9.93000e+01  5.05924e-01  3.12920e-04  1.77338e+00  6.18512e-04  2.48240e+00  2.67423e+00
 9.94000e+01  5.05911e-01  3.13541e-04  1.77342e+00  6.19756e-04  2.48256e+00  2.67452e+00
 9.95000e+01  5.05899e-01  3.10187e-04  1.77348e+00  6.13140e-04  2.48253e+00  2.67459e+00
 9.96000e+01  5.05890e-01  2.87175e-04  1.77353e+00  5.67664e-04  2.48247e+00  2.67463e+00
 9.97000e+01  5.05881e-01  2.46174e-04  1.77356e+00  4.86625e-04  2.48273e+00  2.67497e+00
 9.98000e+01  5.05875e-01  1.74161e-04  1.77360e+00  3.44276e-04  2.48269e+00  2.67499e+00
 9.99000e+01  5.05872e-01  9.35992e-05  1.77362e+00  1.85025e-04  2.48265e+00  2.67498e+00
