 0.00000e+00  1.00999e+00 -4.38538e-16  1.52507e+00 -4.34199e-16  1.01671e+00  1.00665e+00
 1.00000e-01  1.00999e+00  3.27659e-06  1.52507e+00  3.24417e-06  1.01671e+00  1.00665e+00
 2.00000e-01  1.00999e+00  6.54941e-06  1.52507e+00  6.48461e-06  1.01671e+00  1.00665e+00
 3.00000e-01  1.00999e+00  9.81468e-06  1.52506e+00  9.71759e-06  1.01671e+00  1.00665e+00
 4.00000e-01  1.00999e+00  1.30686e-05  1.52506e+00  1.29394e-05  1.01671e+00  1.00665e+00
 5.00000e-01  1.00999e+00  1.63075e-05  1.52506e+00  1.61462e-05  1.01670e+00  1.00665e+00
 6.00000e-01  1.00999e+00  1.95275e-05  1.52505e+00  1.93344e-05  1.01670e+00  1.00665e+00
 7.00000e-01  1.00998e+00  2.27248e-05  1.52504e+00  2.25002e-05  1.01670e+00  1.00665e+00
 8.00000e-01  1.00998e+00  2.58957e-05  1.52504e+00  2.56398e-05  1.01669e+00  1.00664e+00
 9.00000e-01  1.00998e+00  2.90364e-05  1.52503e+00  2.87496e-05  1.01669e+00  1.00664e+00
 1.00000e+00  1.00997e+00  3.21431e-05  1.52502e+00  3.18257e-05  1.01668e+00  1.00664e+00
 1.10000e+00  1.00997e+00  3.52121e-05  1.52501e+00  3.48645e-05  1.01667e+00  1.00664e+00
 1.20000e+00  1.00997e+00  3.82395e-05  1.52500e+00  3.78622e-05  1.01667e+00  1.00663e+00
 1.30000e+00  1.00996e+00  4.12216e-05  1.52499e+00  4.08150e-05  1.01666e+00  1.00663e+00
 1.40000e+00  1.00996e+00  4.41545e-05  1.52497e+00  4.37193e-05  1.01665e+00  1.00663e+00
 1.50000e+00  1.00995e+00  4.70346e-05  1.52496e+00  4.65712e-05  1.01664e+00  1.00662e+00
 1.60000e+00  1.00995e+00  4.98579e-05  1.52495e+00  4.93670e-05  1.01663e+00  1.00662e+00
 1.70000e+00  1.00994e+00  5.26208e-05  1.52493e+00  5.21029e-05  1.01662e+00  1.00662e+00
 1.80000e+00  1.00993e+00  5.53193e-05  1.52491e+00  5.47753e-05  1.01661e+00  1.00661e+00
 1.90000e+00  1.00993e+00  5.79498e-05  1.52490e+00  5.73802e-05  1.01660e+00  1.00661e+00
 2.00000e+00  1.00992e+00  6.05083e-05  1.52488e+00  5.99141e-05  1.01659e+00  1.00660e+00
 2.10000e+00  1.00991e+00  6.29911e-05  1.52486e+00  6.23730e-05  1.01657e+00  1.00660e+00
 2.20000e+00  1.00990e+00  6.53944e-05  1.52484e+00  6.47532e-05  1.01656e+00  1.00659e+00
 2.30000e+00  1.00989e+00  6.77144e-05  1.52482e+00  6.70510e-05  1.01654e+00  1.00659e+00
 2.40000e+00  1.00988e+00  6.99472e-05  1.52479e+00  6.92626e-05  1.01653e+00  1.00658e+00
 2.50000e+00  1.00988e+00  7.20891e-05  1.52477e+00  7.13841e-05  1.01651e+00  1.00657e+00
 2.60000e+00  1.00987e+00  7.41361e-05  1.52475e+00  7.34118e-05  1.01650e+00  1.00657e+00
 2.70000e+00  1.00986e+00  7.60845e-05  1.52472e+00  7.53419e-05  1.01648e+00  1.00656e+00
 2.80000e+00  1.00985e+00  7.79305e-05  1.52470e+00  7.71707e-05  1.01646e+00  1.00655e+00
 2.90000e+00  1.00983e+00  7.96701e-05  1.52467e+00  7.88942e-05  1.01645e+00  1.00655e+00
 3.00000e+00  1.00982e+00  8.12996e-05  1.52464e+00  8.05087e-05  1.01643e+00  1.00654e+00
 3.10000e+00  1.00981e+00  8.28151e-05  1.52461e+00  8.20104e-05  1.01641e+00  1.00653e+00
 3.20000e+00  1.00980e+00  8.42128e-05  1.52458e+00  8.33955e-05  1.01639e+00  1.00652e+00
 3.30000e+00  1.00979e+00  8.54888e-05  1.52455e+00  8.46601e-05  1.01637e+00  1.00651e+00
 3.40000e+00  1.00978e+00  8.66392e-05  1.52452e+00  8.58005e-05  1.01635e+00  1.00651e+00
 3.50000e+00  1.00976e+00  8.76602e-05  1.52448e+00  8.68127e-05  1.01632e+00  1.00650e+00
 3.60000e+00  1.00975e+00  8.85479e-05  1.52445e+00  8.76930e-05  1.01630e+00  1.00649e+00
 3.70000e+00  1.00973e+00  8.92985e-05  1.52442e+00  8.84376e-05  1.01628e+00  1.00648e+00
 3.80000e+00  1.00972e+00  8.99080e-05  1.52438e+00  8.90424e-05  1.01625e+00  1.00647e+00
 3.90000e+00  1.00971e+00  9.03726e-05  1.52434e+00  8.95039e-05  1.01623e+00  1.00646e+00
 4.00000e+00  1.00969e+00  9.06884e-05  1.52431e+00  8.98180e-05  1.01620e+00  1.00645e+00
 4.10000e+00  1.00968e+00  9.08515e-05  1.52427e+00  8.99809e-05  1.01618e+00  1.00644e+00
 4.20000e+00  1.00966e+00  9.08580e-05  1.52423e+00  8.99887e-05  1.01615e+00  1.00643e+00
 4.30000e+00  1.00964e+00  9.07040e-05  1.52419e+00  8.98376e-05  1.01612e+00  1.00642e+00
 4.40000e+00  1.00963e+00  9.03856e-05  1.52414e+00  8.95237e-05  1.01610e+00  1.00641e+00
 4.50000e+00  1.00961e+00  8.98988e-05  1.52410e+00  8.90431e-05  1.01607e+00  1.00640e+00
 4.60000e+00  1.00959e+00  8.92399e-05  1.52406e+00  8.83920e-05  1.01604e+00  1.00638e+00
 4.70000e+00  1.00957e+00  8.84048e-05  1.52401e+00  8.75664e-05  1.01601e+00  1.00637e+00
 4.80000e+00  1.00956e+00  8.73897e-05  1.52397e+00  8.65625e-05  1.01598e+00  1.00636e+00
 4.90000e+00  1.00954e+00  8.61906e-05  1.52392e+00  8.53763e-05  1.01595e+00  1.00635e+00
 5.00000e+00  1.00952e+00  8.48036e-05  1.52387e+00  8.40040e-05  1.01591e+00  1.00634e+00
 5.10000e+00  1.00950e+00  8.32248e-05  1.52382e+00  8.24416e-05  1.01588e+00  1.00632e+00
 5.20000e+00  1.00948e+00  8.14501e-05  1.52377e+00  8.06853e-05  1.01585e+00  1.00631e+00
 5.30000e+00  1.00946e+00  7.94758e-05  1.52372e+00  7.87311e-05  1.01581e+00  1.00630e+00
 5.40000e+00  1.00944e+00  7.72978e-05  1.52367e+00  7.65751e-05  1.01578e+00  1.00628e+00
 5.50000e+00  1.00942e+00  7.49123e-05  1.52362e+00  7.42134e-05  1.01574e+00  1.00627e+00
 5.60000e+00  1.00940e+00  7.23152e-05  1.52356e+00  7.16420e-05  1.01571e+00  1.00625e+00
 5.70000e+00  1.00937e+00  6.95027e-05  1.52351e+00  6.88572e-05  1.01567e+00  1.00624e+00
 5.80000e+00  1.00935e+00  6.64707e-05  1.52345e+00  6.58548e-05  1.01563e+00  1.00622e+00
 5.90000e+00  1.00933e+00  6.32154e-05  1.52339e+00  6.26311e-05  1.01560e+00  1.00621e+00
 6.00000e+00  1.00931e+00  5.97328e-05  1.52334e+00  5.91820e-05  1.01556e+00  1.00619e+00
 6.10000e+00  1.00928e+00  5.60189e-05  1.52328e+00  5.55037e-05  1.01552e+00  1.00618e+00
 6.20000e+00  1.00926e+00  5.20698e-05  1.52322e+00  5.15921e-05  1.01548e+00  1.00616e+00
 6.30000e+00  1.00923e+00  4.78816e-05  1.52316e+00  4.74435e-05  1.01544e+00  1.00615e+00
 6.40000e+00  1.00921e+00  4.34503e-05  1.52309e+00  4.30538e-05  1.01540e+00  1.00613e+00
 6.50000e+00  1.00918e+00  3.87720e-05  1.52303e+00  3.84192e-05  1.01535e+00  1.00611e+00
 6.60000e+00  1.00916e+00  3.38428e-05  1.52296e+00  3.35357e-05  1.01531e+00  1.00610e+00
 6.70000e+00  1.00913e+00  2.86587e-05  1.52290e+00  2.83993e-05  1.01527e+00  1.00608e+00
 6.80000e+00  1.00911e+00  2.32157e-05  1.52283e+00  2.30062e-05  1.01522e+00  1.00606e+00
 6.90000e+00  1.00908e+00  1.75101e-05  1.52276e+00  1.73525e-05  1.01518e+00  1.00604e+00
 7.00000e+00  1.00905e+00  1.15378e-05  1.52270e+00  1.14343e-05  1.01513e+00  1.00602e+00
 7.10000e+00  1.00902e+00  5.29493e-06  1.52263e+00  5.24757e-06  1.01508e+00  1.00601e+00
 7.20000e+00  1.00900e+00 -1.22238e-06  1.52256e+00 -1.21148e-06  1.01504e+00  1.00599e+00
 7.30000e+00  1.00897e+00 -8.01804e-06  1.52248e+00 -7.94677e-06  1.01499e+00  1.00597e+00
 7.40000e+00  1.00894e+00 -1.50959e-05  1.52241e+00 -1.49622e-05  1.01494e+00  1.00595e+00
 7.50000e+00  1.00891e+00 -2.24599e-05  1.52234e+00 -2.22616e-05  1.01489e+00  1.00593e+00
 7.60000e+00  1.00888e+00 -3.01138e-05  1.52226e+00 -2.98488e-05  1.01484e+00  1.00591e+00
 7.70000e+00  1.00885e+00 -3.80616e-05  1.52218e+00 -3.77277e-05  1.01479e+00  1.00589e+00
 7.80000e+00  1.00882e+00 -4.63070e-05  1.52211e+00 -4.59022e-05  1.01474e+00  1.00587e+00
 7.90000e+00  1.00879e+00 -5.48538e-05  1.52203e+00 -5.43760e-05  1.01469e+00  1.00585e+00
 8.00000e+00  1.00876e+00 -6.37059e-05  1.52195e+00 -6.31530e-05  1.01463e+00  1.00583e+00
 8.10000e+00  1.00872e+00 -7.28670e-05  1.52187e+00 -7.22369e-05  1.01458e+00  1.00580e+00
 8.20000e+00  1.00869e+00 -8.23410e-05  1.52179e+00 -8.16316e-05  1.01452e+00  1.00578e+00
 8.30000e+00  1.00866e+00 -9.21315e-05  1.52170e+00 -9.13407e-05  1.01447e+00  1.00576e+00
 8.40000e+00  1.00862e+00 -1.02242e-04  1.52162e+00 -1.01368e-04  1.01441e+00  1.00574e+00
 8.50000e+00  1.00859e+00 -1.12677e-04  1.52153e+00 -1.11717e-04  1.01436e+00  1.00572e+00
 8.60000e+00  1.00856e+00 -1.23439e-04  1.52145e+00 -1.22392e-04  1.01430e+00  1.00569e+00
 8.70000e+00  1.00852e+00 -1.34533e-04  1.52136e+00 -1.33396e-04  1.01424e+00  1.00567e+00
 8.80000e+00  1.00849e+00 -1.45961e-04  1.52127e+00 -1.44733e-04  1.01418e+00  1.00565e+00
 8.90000e+00  1.00845e+00 -1.57728e-04  1.52118e+00 -1.56407e-04  1.01412e+00  1.00562e+00
 9.00000e+00  1.00841e+00 -1.69837e-04  1.52109e+00 -1.68420e-04  1.01406e+00  1.00560e+00
 9.10000e+00  1.00838e+00 -1.82292e-04  1.52100e+00 -1.80777e-04  1.01400e+00  1.00557e+00
 9.20000e+00  1.00834e+00 -1.95095e-04  1.52091e+00 -1.93482e-04  1.01394e+00  1.00555e+00
 9.30000e+00  1.00830e+00 -2.08251e-04  1.52081e+00 -2.06537e-04  1.01387e+00  1.00553e+00
 9.40000e+00  1.00826e+00 -2.21763e-04  1.52072e+00 -2.19945e-04  1.01381e+00  1.00550e+00
 9.50000e+00  1.00823e+00 -2.35634e-04  1.52062e+00 -2.33712e-04  1.01375e+00  1.00547e+00
 9.60000e+00  1.00819e+00 -2.49868e-04  1.52052e+00 -2.47839e-04  1.01368e+00  1.00545e+00
 9.70000e+00  1.00815e+00 -2.64467e-04  1.52042e+00 -2.62330e-04  1.01361e+00  1.00542e+00
 9.80000e+00  1.00811e+00 -2.79435e-04  1.52032e+00 -2.77188e-04  1.01355e+00  1.00540e+00
 9.90000e+00  1.00807e+00 -2.94776e-04  1.52022e+00 -2.92417e-04  1.01348e+00  1.00537e+00
 1.00000e+01  1.00803e+00 -3.10492e-04  1.52012e+00 -3.08019e-04  1.01341e+00  1.00534e+00
 1.01000e+01  1.00799e+00 -3.26585e-04  1.52001e+00 -3.23998e-04  1.01334e+00  1.00531e+00
 1.02000e+01  1.00794e+00 -3.43061e-04  1.51991e+00 -3.40357e-04  1.01327e+00  1.00529e+00
 1.03000e+01  1.00790e+00 -3.59920e-04  1.51980e+00 -3.57098e-04  1.01320e+00  1.00526e+00
 1.04000e+01  1.00786e+00 -3.77166e-04  1.51970e+00 -3.74225e-04  1.01313e+00  1.00523e+00
 1.05000e+01  1.00782e+00 -3.94802e-04  1.51959e+00 -3.91740e-04  1.01306e+00  1.00520e+00
 1.06000e+01  1.00777e+00 -4.12830e-04  1.51948e+00 -4.09646e-04  1.01299e+00  1.00517e+00
 1.07000e+01  1.00773e+00 -4.31254e-04  1.51937e+00 -4.27946e-04  1.01291e+00  1.00514e+00
 1.08000e+01  1.00768e+00 -4.50075e-04  1.51926e+00 -4.46643e-04  1.01284e+00  1.00511e+00
 1.09000e+01  1.00764e+00 -4.69296e-04  1.51914e+00 -4.65738e-04  1.01276e+00  1.00508e+00
 1.10000e+01  1.00759e+00 -4.88919e-04  1.51903e+00 -4.85235e-04  1.01269e+00  1.00505e+00
 1.11000e+01  1.00755e+00 -5.08947e-04  1.51891e+00 -5.05135e-04  1.01261e+00  1.00502e+00
 1.12000e+01  1.00750e+00 -5.29382e-04  1.51880e+00 -5.25441e-04  1.01253e+00  1.00499e+00
 1.13000e+01  1.00745e+00 -5.50226e-04  1.51868e+00 -5.46155e-04  1.01245e+00  1.00496e+00
 1.14000e+01  1.00741e+00 -5.71480e-04  1.51856e+00 -5.67278e-04  1.01237e+00  1.00493e+00
 1.15000e+01  1.00736e+00 -5.93147e-04  1.51844e+00 -5.88814e-04  1.01229e+00  1.00490e+00
 1.16000e+01  1.00731e+00 -6.15229e-04  1.51832e+00 -6.10764e-04  1.01221e+00  1.00487e+00
 1.17000e+01  1.00726e+00 -6.37726e-04  1.51819e+00 -6.33129e-04  1.01213e+00  1.00483e+00
 1.18000e+01  1.00721e+00 -6.60641e-04  1.51807e+00 -6.55910e-04  1.01205e+00  1.00480e+00
 1.19000e+01  1.00716e+00 -6.83975e-04  1.51795e+00 -6.79111e-04  1.01196e+00  1.00477e+00
 1.20000e+01  1.00711e+00 -7.07729e-04  1.51782e+00 -7.02731e-04  1.01188e+00  1.00473e+00
 1.21000e+01  1.00706e+00 -7.31904e-04  1.51769e+00 -7.26772e-04  1.01180e+00  1.00470e+00
 1.22000e+01  1.00701e+00 -7.56501e-04  1.51756e+00 -7.51234e-04  1.01171e+00  1.00467e+00
 1.23000e+01  1.00696e+00 -7.81521e-04  1.51743e+00 -7.76120e-04  1.01162e+00  1.00463e+00
 1.24000e+01  1.00691e+00 -8.06965e-04  1.51730e+00 -8.01430e-04  1.01154e+00  1.00460e+00
 1.25000e+01  1.00685e+00 -8.32833e-04  1.51717e+00 -8.27163e-04  1.01145e+00  1.00456e+00
 1.26000e+01  1.00680e+00 -8.59125e-04  1.51704e+00 -8.53321e-04  1.01136e+00  1.00453e+00
 1.27000e+01  1.00675e+00 -8.85841e-04  1.51690e+00 -8.79904e-04  1.01127e+00  1.00449e+00
 1.28000e+01  1.00669e+00 -9.12983e-04  1.51677e+00 -9.06912e-04  1.01118e+00  1.00446e+00
 1.29000e+01  1.00664e+00 -9.40549e-04  1.51663e+00 -9.34345e-04  1.01109e+00  1.00442e+00
 1.30000e+01  1.00658e+00 -9.68538e-04  1.51649e+00 -9.62203e-04  1.01100e+00  1.00438e+00
 1.31000e+01  1.00653e+00 -9.96952e-04  1.51635e+00 -9.90485e-04  1.01090e+00  1.00435e+00
 1.32000e+01  1.00647e+00 -1.02579e-03  1.51621e+00 -1.01919e-03  1.01081e+00  1.00431e+00
 1.33000e+01  1.00642e+00 -1.05505e-03  1.51607e+00 -1.04832e-03  1.01071e+00  1.00427e+00
 1.34000e+01  1.00636e+00 -1.08472e-03  1.51593e+00 -1.07787e-03  1.01062e+00  1.00423e+00
 1.35000e+01  1.00630e+00 -1.11482e-03  1.51579e+00 -1.10784e-03  1.01052e+00  1.00420e+00
 1.36000e+01  1.00624e+00 -1.14534e-03  1.51564e+00 -1.13823e-03  1.01043e+00  1.00416e+00
 1.37000e+01  1.00619e+00 -1.17627e-03  1.51549e+00 -1.16904e-03  1.01033e+00  1.00412e+00
 1.38000e+01  1.00613e+00 -1.20762e-03  1.51535e+00 -1.20026e-03  1.01023e+00  1.00408e+00
 1.39000e+01  1.00607e+00 -1.23937e-03  1.51520e+00 -1.23190e-03  1.01013e+00  1.00404e+00
 1.40000e+01  1.00601e+00 -1.27154e-03  1.51505e+00 -1.26395e-03  1.01003e+00  1.00400e+00
 1.41000e+01  1.00595e+00 -1.30411e-03  1.51490e+00 -1.29640e-03  1.00993e+00  1.00396e+00
 1.42000e+01  1.00589e+00 -1.33709e-03  1.51475e+00 -1.32926e-03  1.00983e+00  1.00392e+00
 1.43000e+01  1.00583e+00 -1.37047e-03  1.51460e+00 -1.36253e-03  1.00973e+00  1.00388e+00
 1.44000e+01  1.00577e+00 -1.40425e-03  1.51444e+00 -1.39619e-03  1.00963e+00  1.00384e+00
 1.45000e+01  1.00570e+00 -1.43841e-03  1.51429e+00 -1.43026e-03  1.00952e+00  1.00380e+00
 1.46000e+01  1.00564e+00 -1.47297e-03  1.51413e+00 -1.46471e-03  1.00942e+00  1.00376e+00
 1.47000e+01  1.00558e+00 -1.50792e-03  1.51397e+00 -1.49955e-03  1.00932e+00  1.00372e+00
 1.48000e+01  1.00552e+00 -1.54324e-03  1.51382e+00 -1.53478e-03  1.00921e+00  1.00367e+00
 1.49000e+01  1.00545e+00 -1.57894e-03  1.51366e+00 -1.57038e-03  1.00910e+00  1.00363e+00
 1.50000e+01  1.00539e+00 -1.61502e-03  1.51350e+00 -1.60636e-03  1.00900e+00  1.00359e+00
 1.51000e+01  1.00533e+00 -1.65145e-03  1.51334e+00 -1.64271e-03  1.00889e+00  1.00355e+00
 1.52000e+01  1.00526e+00 -1.68825e-03  1.51317e+00 -1.67942e-03  1.00878e+00  1.00350e+00
 1.53000e+01  1.00520e+00 -1.72541e-03  1.51301e+00 -1.71649e-03  1.00867e+00  1.00346e+00
 1.54000e+01  1.00513e+00 -1.76291e-03  1.51285e+00 -1.75391e-03  1.00856e+00  1.00342e+00
 1.55000e+01  1.00506e+00 -1.80076e-03  1.51268e+00 -1.79168e-03  1.00845e+00  1.00337e+00
 1.56000e+01  1.00500e+00 -1.83894e-03  1.51252e+00 -1.82979e-03  1.00834e+00  1.00333e+00
 1.57000e+01  1.00493e+00 -1.87744e-03  1.51235e+00 -1.86823e-03  1.00823e+00  1.00328e+00
 1.58000e+01  1.00487e+00 -1.91628e-03  1.51218e+00 -1.90700e-03  1.00812e+00  1.00324e+00
 1.59000e+01  1.00480e+00 -1.95542e-03  1.51201e+00 -1.94608e-03  1.00801e+00  1.00320e+00
 1.60000e+01  1.00473e+00 -1.99487e-03  1.51184e+00 -1.98548e-03  1.00790e+00  1.00315e+00
 1.61000e+01  1.00466e+00 -2.03462e-03  1.51167e+00 -2.02518e-03  1.00778e+00  1.00311e+00
 1.62000e+01  1.00459e+00 -2.07466e-03  1.51150e+00 -2.06517e-03  1.00767e+00  1.00306e+00
 1.63000e+01  1.00453e+00 -2.11498e-03  1.51133e+00 -2.10545e-03  1.00755e+00  1.00301e+00
 1.64000e+01  1.00446e+00 -2.15558e-03  1.51116e+00 -2.14601e-03  1.00744e+00  1.00297e+00
 1.65000e+01  1.00439e+00 -2.19643e-03  1.51098e+00 -2.18684e-03  1.00732e+00  1.00292e+00
 1.66000e+01  1.00432e+00 -2.23754e-03  1.51081e+00 -2.22792e-03  1.00721e+00  1.00288e+00
 1.67000e+01  1.00425e+00 -2.27890e-03  1.51064e+00 -2.26926e-03  1.00709e+00  1.00283e+00
 1.68000e+01  1.00418e+00 -2.32049e-03  1.51046e+00 -2.31084e-03  1.00697e+00  1.00278e+00
 1.69000e+01  1.00411e+00 -2.36231e-03  1.51028e+00 -2.35264e-03  1.00686e+00  1.00274e+00
 1.70000e+01  1.00404e+00 -2.40434e-03  1.51011e+00 -2.39467e-03  1.00674e+00  1.00269e+00
 1.71000e+01  1.00397e+00 -2.44657e-03  1.50993e+00 -2.43690e-03  1.00662e+00  1.00264e+00
 1.72000e+01  1.00390e+00 -2.48899e-03  1.50975e+00 -2.47934e-03  1.00650e+00  1.00260e+00
 1.73000e+01  1.00382e+00 -2.53160e-03  1.50957e+00 -2.52196e-03  1.00638e+00  1.00255e+00
 1.74000e+01  1.00375e+00 -2.57438e-03  1.50939e+00 -2.56476e-03  1.00626e+00  1.00250e+00
 1.75000e+01  1.00368e+00 -2.61732e-03  1.50921e+00 -2.60772e-03  1.00614e+00  1.00245e+00
 1.76000e+01  1.00361e+00 -2.66040e-03  1.50903e+00 -2.65083e-03  1.00602e+00  1.00241e+00
 1.77000e+01  1.00354e+00 -2.70362e-03  1.50885e+00 -2.69409e-03  1.00590e+00  1.00236e+00
 1.78000e+01  1.00346e+00 -2.74696e-03  1.50867e+00 -2.73748e-03  1.00578e+00  1.00231e+00
 1.79000e+01  1.00339e+00 -2.79042e-03  1.50849e+00 -2.78099e-03  1.00566e+00  1.00226e+00
 1.80000e+01  1.00332e+00 -2.83397e-03  1.50831e+00 -2.82460e-03  1.00554e+00  1.00221e+00
 1.81000e+01  1.00325e+00 -2.87761e-03  1.50812e+00 -2.86830e-03  1.00542e+00  1.00216e+00
 1.82000e+01  1.00317e+00 -2.92132e-03  1.50794e+00 -2.91209e-03  1.00529e+00  1.00212e+00
 1.83000e+01  1.00310e+00 -2.96510e-03  1.50776e+00 -2.95594e-03  1.00517e+00  1.00207e+00
 1.84000e+01  1.00303e+00 -3.00892e-03  1.50757e+00 -2.99984e-03  1.00505e+00  1.00202e+00
 1.85000e+01  1.00295e+00 -3.05278e-03  1.50739e+00 -3.04379e-03  1.00493e+00  1.00197e+00
 1.86000e+01  1.00288e+00 -3.09666e-03  1.50721e+00 -3.08777e-03  1.00480e+00  1.00192e+00
 1.87000e+01  1.00281e+00 -3.14055e-03  1.50702e+00 -3.13176e-03  1.00468e+00  1.00187e+00
 1.88000e+01  1.00273e+00 -3.18444e-03  1.50684e+00 -3.17576e-03  1.00456e+00  1.00182e+00
 1.89000e+01  1.00266e+00 -3.22830e-03  1.50665e+00 -3.21974e-03  1.00444e+00  1.00177e+00
 1.90000e+01  1.00258e+00 -3.27214e-03  1.50647e+00 -3.26371e-03  1.00431e+00  1.00172e+00
 1.91000e+01  1.00251e+00 -3.31593e-03  1.50628e+00 -3.30763e-03  1.00419e+00  1.00167e+00
 1.92000e+01  1.00244e+00 -3.35967e-03  1.50610e+00 -3.35150e-03  1.00407e+00  1.00163e+00
 1.93000e+01  1.00236e+00 -3.40333e-03  1.50591e+00 -3.39531e-03  1.00394e+00  1.00158e+00
 1.94000e+01  1.00229e+00 -3.44692e-03  1.50573e+00 -3.43905e-03  1.00382e+00  1.00153e+00
 1.95000e+01  1.00221e+00 -3.49040e-03  1.50554e+00 -3.48269e-03  1.00370e+00  1.00148e+00
 1.96000e+01  1.00214e+00 -3.53377e-03  1.50536e+00 -3.52623e-03  1.00357e+00  1.00143e+00
 1.97000e+01  1.00207e+00 -3.57702e-03  1.50517e+00 -3.56965e-03  1.00345e+00  1.00138e+00
 1.98000e+01  1.00199e+00 -3.62014e-03  1.50499e+00 -3.61294e-03  1.00333e+00  1.00133e+00
 1.99000e+01  1.00192e+00 -3.66310e-03  1.50480e+00 -3.65609e-03  1.00320e+00  1.00128e+00
 2.00000e+01  1.00185e+00 -3.70590e-03  1.50462e+00 -3.69908e-03  1.00308e+00  1.00123e+00
 2.01000e+01  1.00177e+00 -3.74853e-03  1.50443e+00 -3.74190e-03  1.00296e+00  1.00118e+00
 2.02000e+01  1.00170e+00 -3.79097e-03  1.50425e+00 -3.78454e-03  1.00283e+00  1.00113e+00
 2.03000e+01  1.00162e+00 -3.83321e-03  1.50407e+00 -3.82699e-03  1.00271e+00  1.00108e+00
 2.04000e+01  1.00155e+00 -3.87523e-03  1.50388e+00 -3.86923e-03  1.00259e+00  1.00104e+00
 2.05000e+01  1.00148e+00 -3.91703e-03  1.50370e+00 -3.91125e-03  1.00247e+00  1.00099e+00
 2.06000e+01  1.00140e+00 -3.95859e-03  1.50352e+00 -3.95304e-03  1.00234e+00  1.00094e+00
 2.07000e+01  1.00133e+00 -3.99991e-03  1.50333e+00 -3.99459e-03  1.00222e+00  1.00089e+00
 2.08000e+01  1.00126e+00 -4.04096e-03  1.50315e+00 -4.03588e-03  1.00210e+00  1.00084e+00
 2.09000e+01  1.00118e+00 -4.08173e-03  1.50297e+00 -4.07690e-03  1.00198e+00  1.00079e+00
 2.10000e+01  1.00111e+00 -4.12223e-03  1.50279e+00 -4.11765e-03  1.00186e+00  1.00074e+00
 2.11000e+01  1.00104e+00 -4.16243e-03  1.50260e+00 -4.15811e-03  1.00174e+00  1.00070e+00
 2.12000e+01  1.00097e+00 -4.20232e-03  1.50242e+00 -4.19826e-03  1.00162e+00  1.00065e+00
 2.13000e+01  1.00089e+00 -4.24189e-03  1.50224e+00 -4.23810e-03  1.00149e+00  1.00060e+00
 2.14000e+01  1.00082e+00 -4.28114e-03  1.50206e+00 -4.27762e-03  1.00137e+00  1.00055e+00
 2.15000e+01  1.00075e+00 -4.32005e-03  1.50188e+00 -4.31681e-03  1.00126e+00  1.00050e+00
 2.16000e+01  1.00068e+00 -4.35861e-03  1.50170e+00 -4.35565e-03  1.00114e+00  1.00046e+00
 2.17000e+01  1.00061e+00 -4.39682e-03  1.50153e+00 -4.39414e-03  1.00102e+00  1.00041e+00
 2.18000e+01  1.00054e+00 -4.43465e-03  1.50135e+00 -4.43227e-03  1.00090e+00  1.00036e+00
 2.19000e+01  1.00047e+00 -4.47211e-03  1.50117e+00 -4.47003e-03  1.00078e+00  1.00031e+00
 2.20000e+01  1.00040e+00 -4.50918e-03  1.50099e+00 -4.50740e-03  1.00066e+00  1.00027e+00
 2.21000e+01  1.00032e+00 -4.54586e-03  1.50082e+00 -4.54439e-03  1.00054e+00  1.00022e+00
 2.22000e+01  1.00025e+00 -4.58214e-03  1.50064e+00 -4.58097e-03  1.00043e+00  1.00017e+00
 2.23000e+01  1.00018e+00 -4.61800e-03  1.50047e+00 -4.61715e-03  1.00031e+00  1.00013e+00
 2.24000e+01  1.00011e+00 -4.65345e-03  1.50029e+00 -4.65291e-03  1.00020e+00  1.00008e+00
 2.25000e+01  1.00005e+00 -4.68846e-03  1.50012e+00 -4.68825e-03  1.00008e+00  1.00003e+00
 2.26000e+01  9.99976e-01 -4.72305e-03  1.49995e+00 -4.72316e-03  9.99964e-01  9.99988e-01
 2.27000e+01  9.99908e-01 -4.75719e-03  1.49977e+00 -4.75763e-03  9.99850e-01  9.99942e-01
 2.28000e+01  9.99839e-01 -4.79088e-03  1.49960e+00 -4.79165e-03  9.99736e-01  9.99897e-01
 2.29000e+01  9.99771e-01 -4.82411e-03  1.49943e+00 -4.82522e-03  9.99622e-01  9.99851e-01
 2.30000e+01  9.99703e-01 -4.85689e-03  1.49926e+00 -4.85833e-03  9.99509e-01  9.99806e-01
 2.31000e+01  9.99635e-01 -4.88920e-03  1.49909e+00 -4.89098e-03  9.99396e-01  9.99761e-01
 2.32000e+01  9.99568e-01 -4.92103e-03  1.49893e+00 -4.92315e-03  9.99284e-01  9.99716e-01
 2.33000e+01  9.99501e-01 -4.95238e-03  1.49876e+00 -4.95485e-03  9.99173e-01  9.99671e-01
 2.34000e+01  9.99435e-01 -4.98325e-03  1.49859e+00 -4.98607e-03  9.99062e-01  9.99627e-01
 2.35000e+01  9.99368e-01 -5.01363e-03  1.49843e+00 -5.01680e-03  9.98951e-01  9.99583e-01
 2.36000e+01  9.99302e-01 -5.04351e-03  1.49826e+00 -5.04704e-03  9.98841e-01  9.99539e-01
 2.37000e+01  9.99237e-01 -5.07290e-03  1.49810e+00 -5.07678e-03  9.98732e-01  9.99495e-01
 2.38000e+01  9.99171e-01 -5.10178e-03  1.49794e+00 -5.10601e-03  9.98623e-01  9.99452e-01
 2.39000e+01  9.99107e-01 -5.13016e-03  1.49777e+00 -5.13475e-03  9.98515e-01  9.99408e-01
 2.40000e+01  9.99042e-01 -5.15802e-03  1.49761e+00 -5.16297e-03  9.98408e-01  9.99365e-01
 2.41000e+01  9.98978e-01 -5.18537e-03  1.49745e+00 -5.19068e-03  9.98301e-01  9.99322e-01
 2.42000e+01  9.98914e-01 -5.21220e-03  1.49729e+00 -5.21787e-03  9.98195e-01  9.99280e-01
 2.43000e+01  9.98850e-01 -5.23851e-03  1.49713e+00 -5.24454e-03  9.98089e-01  9.99238e-01
 2.44000e+01  9.98787e-01 -5.26430e-03  1.49698e+00 -5.27069e-03  9.97984e-01  9.99195e-01
 2.45000e+01  9.98725e-01 -5.28956e-03  1.49682e+00 -5.29631e-03  9.97879e-01  9.99154e-01
 2.46000e+01  9.98662e-01 -5.31429e-03  1.49666e+00 -5.32141e-03  9.97775e-01  9.99112e-01
 2.47000e+01  9.98600e-01 -5.33849e-03  1.49651e+00 -5.34598e-03  9.97672e-01  9.99071e-01
 2.48000e+01  9.98539e-01 -5.36216e-03  1.49635e+00 -5.37001e-03  9.97570e-01  9.99030e-01
 2.49000e+01  9.98477e-01 -5.38529e-03  1.49620e+00 -5.39351e-03  9.97468e-01  9.98989e-01
 2.50000e+01  9.98417e-01 -5.40789e-03  1.49605e+00 -5.41647e-03  9.97366e-01  9.98948e-01
 2.51000e+01  9.98356e-01 -5.42995e-03  1.49590e+00 -5.43889e-03  9.97266e-01  9.98908e-01
 2.52000e+01  9.98296e-01 -5.45147e-03  1.49575e+00 -5.46078e-03  9.97165e-01  9.98868e-01
 2.53000e+01  9.98236e-01 -5.47246e-03  1.49560e+00 -5.48213e-03  9.97066e-01  9.98828e-01
 2.54000e+01  9.98177e-01 -5.49290e-03  1.49545e+00 -5.50293e-03  9.96967e-01  9.98788e-01
 2.55000e+01  9.98118e-01 -5.51280e-03  1.49530e+00 -5.52320e-03  9.96869e-01  9.98749e-01
 2.56000e+01  9.98059e-01 -5.53216e-03  1.49516e+00 -5.54292e-03  9.96772e-01  9.98710e-01
 2.57000e+01  9.98001e-01 -5.55098e-03  1.49501e+00 -5.56210e-03  9.96675e-01  9.98671e-01
 2.58000e+01  9.97943e-01 -5.56926e-03  1.49487e+00 -5.58074e-03  9.96579e-01  9.98632e-01
 2.59000e+01  9.97886e-01 -5.58700e-03  1.49472e+00 -5.59883e-03  9.96483e-01  9.98594e-01
 2.60000e+01  9.97829e-01 -5.60419e-03  1.49458e+00 -5.61639e-03  9.96388e-01  9.98556e-01
 2.61000e+01  9.97772e-01 -5.62085e-03  1.49444e+00 -5.63340e-03  9.96294e-01  9.98518e-01
 2.62000e+01  9.97716e-01 -5.63696e-03  1.49430e+00 -5.64987e-03  9.96200e-01  9.98481e-01
 2.63000e+01  9.97660e-01 -5.65254e-03  1.49416e+00 -5.66580e-03  9.96108e-01  9.98443e-01
 2.64000e+01  9.97605e-01 -5.66758e-03  1.49402e+00 -5.68119e-03  9.96015e-01  9.98406e-01
 2.65000e+01  9.97550e-01 -5.68208e-03  1.49389e+00 -5.69603e-03  9.95924e-01  9.98370e-01
 2.66000e+01  9.97495e-01 -5.69604e-03  1.49375e+00 -5.71035e-03  9.95833e-01  9.98333e-01
 2.67000e+01  9.97441e-01 -5.70947e-03  1.49361e+00 -5.72412e-03  9.95742e-01  9.98297e-01
 2.68000e+01  9.97387e-01 -5.72237e-03  1.49348e+00 -5.73736e-03  9.95653e-01  9.98261e-01
 2.69000e+01  9.97334e-01 -5.73473e-03  1.49335e+00 -5.75006e-03  9.95564e-01  9.98225e-01
 2.70000e+01  9.97281e-01 -5.74656e-03  1.49321e+00 -5.76223e-03  9.95475e-01  9.98190e-01
 2.71000e+01  9.97228e-01 -5.75787e-03  1.49308e+00 -5.77387e-03  9.95388e-01  9.98155e-01
 2.72000e+01  9.97176e-01 -5.76864e-03  1.49295e+00 -5.78498e-03  9.95301e-01  9.98120e-01
 2.73000e+01  9.97124e-01 -5.77889e-03  1.49282e+00 -5.79556e-03  9.95214e-01  9.98085e-01
 2.74000e+01  9.97072e-01 -5.78862e-03  1.49269e+00 -5.80562e-03  9.95128e-01  9.98051e-01
 2.75000e+01  9.97021e-01 -5.79782e-03  1.49256e+00 -5.81515e-03  9.95043e-01  9.98016e-01
 2.76000e+01  9.96970e-01 -5.80651e-03  1.49244e+00 -5.82416e-03  9.94959e-01  9.97982e-01
 2.77000e+01  9.96920e-01 -5.81468e-03  1.49231e+00 -5.83264e-03  9.94875e-01  9.97949e-01
 2.78000e+01  9.96870e-01 -5.82233e-03  1.49219e+00 -5.84061e-03  9.94792e-01  9.97915e-01
 2.79000e+01  9.96820e-01 -5.82947e-03  1.49206e+00 -5.84807e-03  9.94709e-01  9.97882e-01
 2.80000e+01  9.96771e-01 -5.83610e-03  1.49194e+00 -5.85501e-03  9.94627e-01  9.97849e-01
 2.81000e+01  9.96722e-01 -5.84223e-03  1.49182e+00 -5.86144e-03  9.94546e-01  9.97817e-01
 2.82000e+01  9.96674e-01 -5.84785e-03  1.49170e+00 -5.86736e-03  9.94465e-01  9.97784e-01
 2.83000e+01  9.96626e-01 -5.85296e-03  1.49158e+00 -5.87278e-03  9.94385e-01  9.97752e-01
 2.84000e+01  9.96578e-01 -5.85758e-03  1.49146e+00 -5.87769e-03  9.94306e-01  9.97720e-01
 2.85000e+01  9.96530e-01 -5.86170e-03  1.49134e+00 -5.88211e-03  9.94227e-01  9.97689e-01
 2.86000e+01  9.96483e-01 -5.86532e-03  1.49122e+00 -5.88602e-03  9.94149e-01  9.97657e-01
 2.87000e+01  9.96437e-01 -5.86846e-03  1.49111e+00 -5.88944e-03  9.94071e-01  9.97626e-01
 2.88000e+01  9.96391e-01 -5.87110e-03  1.49099e+00 -5.89237e-03  9.93994e-01  9.97595e-01
 2.89000e+01  9.96345e-01 -5.87326e-03  1.49088e+00 -5.89481e-03  9.93918e-01  9.97564e-01
 2.90000e+01  9.96299e-01 -5.87494e-03  1.49076e+00 -5.89676e-03  9.93842e-01  9.97534e-01
 2.91000e+01  9.96254e-01 -5.87613e-03  1.49065e+00 -5.89823e-03  9.93767e-01  9.97504e-01
 2.92000e+01  9.96209e-01 -5.87685e-03  1.49054e+00 -5.89922e-03  9.93692e-01  9.97474e-01
 2.93000e+01  9.96165e-01 -5.87710e-03  1.49043e+00 -5.89973e-03  9.93619e-01  9.97444e-01
 2.94000e+01  9.96121e-01 -5.87687e-03  1.49032e+00 -5.89976e-03  9.93545e-01  9.97415e-01
 2.95000e+01  9.96077e-01 -5.87618e-03  1.49021e+00 -5.89932e-03  9.93472e-01  9.97385e-01
 2.96000e+01  9.96034e-01 -5.87502e-03  1.49010e+00 -5.89842e-03  9.93400e-01  9.97356e-01
 2.97000e+01  9.95991e-01 -5.87341e-03  1.48999e+00 -5.89705e-03  9.93329e-01  9.97327e-01
 2.98000e+01  9.95948e-01 -5.87133e-03  1.48989e+00 -5.89522e-03  9.93258e-01  9.97299e-01
 2.99000e+01  9.95906e-01 -5.86880e-03  1.48978e+00 -5.89293e-03  9.93187e-01  9.97271e-01
 3.00000e+01  9.95864e-01 -5.86582e-03  1.48968e+00 -5.89018e-03  9.93118e-01  9.97243e-01
 3.01000e+01  9.95822e-01 -5.86239e-03  1.48957e+00 -5.88698e-03  9.93048e-01  9.97215e-01
 3.02000e+01  9.95781e-01 -5.85851e-03  1.48947e+00 -5.88333e-03  9.92980e-01  9.97187e-01
 3.03000e+01  9.95740e-01 -5.85419e-03  1.48937e+00 -5.87924e-03  9.92911e-01  9.97160e-01
 3.04000e+01  9.95699e-01 -5.84944e-03  1.48927e+00 -5.87470e-03  9.92844e-01  9.97132e-01
 3.05000e+01  9.95659e-01 -5.84424e-03  1.48917e+00 -5.86973e-03  9.92777e-01  9.97106e-01
 3.06000e+01  9.95619e-01 -5.83862e-03  1.48907e+00 -5.86431e-03  9.92710e-01  9.97079e-01
 3.07000e+01  9.95579e-01 -5.83257e-03  1.48897e+00 -5.85847e-03  9.92645e-01  9.97052e-01
 3.08000e+01  9.95540e-01 -5.82609e-03  1.48887e+00 -5.85219e-03  9.92579e-01  9.97026e-01
 3.09000e+01  9.95501e-01 -5.81919e-03  1.48877e+00 -5.84549e-03  9.92515e-01  9.97000e-01
 3.10000e+01  9.95462e-01 -5.81187e-03  1.48868e+00 -5.83836e-03  9.92450e-01  9.96974e-01
 3.11000e+01  9.95424e-01 -5.80413e-03  1.48858e+00 -5.83081e-03  9.92387e-01  9.96948e-01
 3.12000e+01  9.95386e-01 -5.79599e-03  1.48849e+00 -5.82285e-03  9.92323e-01  9.96923e-01
 3.13000e+01  9.95349e-01 -5.78743e-03  1.48839e+00 -5.81448e-03  9.92261e-01  9.96898e-01
 3.14000e+01  9.95311e-01 -5.77847e-03  1.48830e+00 -5.80569e-03  9.92199e-01  9.96873e-01
 3.15000e+01  9.95274e-01 -5.76910e-03  1.48821e+00 -5.79650e-03  9.92137e-01  9.96848e-01
 3.16000e+01  9.95238e-01 -5.75934e-03  1.48811e+00 -5.78690e-03  9.92076e-01  9.96823e-01
 3.17000e+01  9.95201e-01 -5.74918e-03  1.48802e+00 -5.77690e-03  9.92016e-01  9.96799e-01
 3.18000e+01  9.95165e-01 -5.73863e-03  1.48793e+00 -5.76651e-03  9.91956e-01  9.96775e-01
 3.19000e+01  9.95129e-01 -5.72769e-03  1.48784e+00 -5.75572e-03  9.91896e-01  9.96751e-01
 3.20000e+01  9.95094e-01 -5.71636e-03  1.48776e+00 -5.74454e-03  9.91837e-01  9.96727e-01
 3.21000e+01  9.95059e-01 -5.70465e-03  1.48767e+00 -5.73298e-03  9.91779e-01  9.96704e-01
 3.22000e+01  9.95024e-01 -5.69256e-03  1.48758e+00 -5.72103e-03  9.91721e-01  9.96680e-01
 3.23000e+01  9.94989e-01 -5.68010e-03  1.48750e+00 -5.70870e-03  9.91663e-01  9.96657e-01
 3.24000e+01  9.94955e-01 -5.66726e-03  1.48741e+00 -5.69599e-03  9.91606e-01  9.96634e-01
 3.25000e+01  9.94921e-01 -5.65405e-03  1.48732e+00 -5.68291e-03  9.91550e-01  9.96612e-01
 3.26000e+01  9.94888e-01 -5.64048e-03  1.48724e+00 -5.66946e-03  9.91494e-01  9.96589e-01
 3.27000e+01  9.94854e-01 -5.62654e-03  1.48716e+00 -5.65564e-03  9.91439e-01  9.96567e-01
 3.28000e+01  9.94821e-01 -5.61224e-03  1.48708e+00 -5.64146e-03  9.91384e-01  9.96545e-01
 3.29000e+01  9.94788e-01 -5.59759e-03  1.48699e+00 -5.62691e-03  9.91329e-01  9.96523e-01
 3.30000e+01  9.94756e-01 -5.58258e-03  1.48691e+00 -5.61201e-03  9.91275e-01  9.96501e-01
 3.31000e+01  9.94724e-01 -5.56722e-03  1.48683e+00 -5.59675e-03  9.91221e-01  9.96479e-01
 3.32000e+01  9.94692e-01 -5.55152e-03  1.48675e+00 -5.58114e-03  9.91168e-01  9.96458e-01
 3.33000e+01  9.94660e-01 -5.53547e-03  1.48667e+00 -5.56518e-03  9.91116e-01  9.96437e-01
 3.34000e+01  9.94629e-01 -5.51907e-03  1.48660e+00 -5.54888e-03  9.91064e-01  9.96416e-01
 3.35000e+01  9.94598e-01 -5.50235e-03  1.48652e+00 -5.53223e-03  9.91012e-01  9.96395e-01
 3.36000e+01  9.94567e-01 -5.48528e-03  1.48644e+00 -5.51525e-03  9.90961e-01  9.96374e-01
 3.37000e+01  9.94536e-01 -5.46789e-03  1.48637e+00 -5.49792e-03  9.90910e-01  9.96354e-01
 3.38000e+01  9.94506e-01 -5.45016e-03  1.48629e+00 -5.48027e-03  9.90860e-01  9.96333e-01
 3.39000e+01  9.94476e-01 -5.43211e-03  1.48621e+00 -5.46228e-03  9.90810e-01  9.96313e-01
 3.40000e+01  9.94447e-01 -5.41374e-03  1.48614e+00 -5.44397e-03  9.90761e-01  9.96293e-01
 3.41000e+01  9.94417e-01 -5.39504e-03  1.48607e+00 -5.42533e-03  9.90712e-01  9.96274e-01
 3.42000e+01  9.94388e-01 -5.37603e-03  1.48599e+00 -5.40638e-03  9.90663e-01  9.96254e-01
 3.43000e+01  9.94359e-01 -5.35671e-03  1.48592e+00 -5.38710e-03  9.90615e-01  9.96235e-01
 3.44000e+01  9.94330e-01 -5.33708e-03  1.48585e+00 -5.36751e-03  9.90567e-01  9.96216e-01
 3.45000e+01  9.94302e-01 -5.31714e-03  1.48578e+00 -5.34761e-03  9.90520e-01  9.96197e-01
 3.46000e+01  9.94274e-01 -5.29689e-03  1.48571e+00 -5.32739e-03  9.90474e-01  9.96178e-01
 3.47000e+01  9.94246e-01 -5.27634e-03  1.48564e+00 -5.30688e-03  9.90427e-01  9.96159e-01
 3.48000e+01  9.94218e-01 -5.25549e-03  1.48557e+00 -5.28606e-03  9.90381e-01  9.96141e-01
 3.49000e+01  9.94191e-01 -5.23435e-03  1.48550e+00 -5.26493e-03  9.90336e-01  9.96122e-01
 3.50000e+01  9.94164e-01 -5.21291e-03  1.48544e+00 -5.24351e-03  9.90291e-01  9.96104e-01
 3.51000e+01  9.94137e-01 -5.19119e-03  1.48537e+00 -5.22180e-03  9.90246e-01  9.96086e-01
 3.52000e+01  9.94111e-01 -5.16917e-03  1.48530e+00 -5.19980e-03  9.90202e-01  9.96068e-01
 3.53000e+01  9.94084e-01 -5.14687e-03  1.48524e+00 -5.17750e-03  9.90158e-01  9.96051e-01
 3.54000e+01  9.94058e-01 -5.12429e-03  1.48517e+00 -5.15492e-03  9.90115e-01  9.96033e-01
 3.55000e+01  9.94032e-01 -5.10143e-03  1.48511e+00 -5.13206e-03  9.90072e-01  9.96016e-01
 3.56000e+01  9.94007e-01 -5.07829e-03  1.48504e+00 -5.10891e-03  9.90029e-01  9.95999e-01
 3.57000e+01  9.93981e-01 -5.05488e-03  1.48498e+00 -5.08549e-03  9.89987e-01  9.95982e-01
 3.58000e+01  9.93956e-01 -5.03120e-03  1.48492e+00 -5.06179e-03  9.89945e-01  9.95965e-01
 3.59000e+01  9.93931e-01 -5.00725e-03  1.48486e+00 -5.03782e-03  9.89904e-01  9.95948e-01
 3.60000e+01  9.93907e-01 -4.98303e-03  1.48479e+00 -5.01358e-03  9.89863e-01  9.95932e-01
 3.61000e+01  9.93882e-01 -4.95855e-03  1.48473e+00 -4.98908e-03  9.89822e-01  9.95915e-01
 3.62000e+01  9.93858e-01 -4.93382e-03  1.48467e+00 -4.96431e-03  9.89782e-01  9.95899e-01
 3.63000e+01  9.93834e-01 -4.90882e-03  1.48461e+00 -4.93928e-03  9.89743e-01  9.95883e-01
 3.64000e+01  9.93810e-01 -4.88357e-03  1.48455e+00 -4.91398e-03  9.89703e-01  9.95867e-01
 3.65000e+01  9.93787e-01 -4.85807e-03  1.48450e+00 -4.88844e-03  9.89664e-01  9.95851e-01
 3.66000e+01  9.93764e-01 -4.83231e-03  1.48444e+00 -4.86264e-03  9.89625e-01  9.95836e-01
 3.67000e+01  9.93741e-01 -4.80631e-03  1.48438e+00 -4.83659e-03  9.89587e-01  9.95820e-01
 3.68000e+01  9.93718e-01 -4.78007e-03  1.48432e+00 -4.81029e-03  9.89549e-01  9.95805e-01
 3.69000e+01  9.93695e-01 -4.75358e-03  1.48427e+00 -4.78374e-03  9.89512e-01  9.95790e-01
 3.70000e+01  9.93673e-01 -4.72685e-03  1.48421e+00 -4.75695e-03  9.89475e-01  9.95775e-01
 3.71000e+01  9.93651e-01 -4.69989e-03  1.48416e+00 -4.72992e-03  9.89438e-01  9.95760e-01
 3.72000e+01  9.93629e-01 -4.67269e-03  1.48410e+00 -4.70266e-03  9.89402e-01  9.95746e-01
 3.73000e+01  9.93607e-01 -4.64526e-03  1.48405e+00 -4.67515e-03  9.89365e-01  9.95731e-01
 3.74000e+01  9.93586e-01 -4.61760e-03  1.48399e+00 -4.64742e-03  9.89330e-01  9.95717e-01
 3.75000e+01  9.93564e-01 -4.58972e-03  1.48394e+00 -4.61945e-03  9.89295e-01  9.95703e-01
 3.76000e+01  9.93543e-01 -4.56161e-03  1.48389e+00 -4.59125e-03  9.89260e-01  9.95688e-01
 3.77000e+01  9.93522e-01 -4.53327e-03  1.48384e+00 -4.56283e-03  9.89225e-01  9.95674e-01
 3.78000e+01  9.93502e-01 -4.50472e-03  1.48379e+00 -4.53419e-03  9.89191e-01  9.95661e-01
 3.79000e+01  9.93481e-01 -4.47595e-03  1.48374e+00 -4.50532e-03  9.89157e-01  9.95647e-01
 3.80000e+01  9.93461e-01 -4.44697e-03  1.48369e+00 -4.47624e-03  9.89123e-01  9.95634e-01
 3.81000e+01  9.93441e-01 -4.41777e-03  1.48364e+00 -4.44693e-03  9.89090e-01  9.95620e-01
 3.82000e+01  9.93422e-01 -4.38836e-03  1.48359e+00 -4.41742e-03  9.89057e-01  9.95607e-01
 3.83000e+01  9.93402e-01 -4.35874e-03  1.48354e+00 -4.38769e-03  9.89025e-01  9.95594e-01
 3.84000e+01  9.93383e-01 -4.32892e-03  1.48349e+00 -4.35776e-03  9.88993e-01  9.95581e-01
 3.85000e+01  9.93363e-01 -4.29890e-03  1.48344e+00 -4.32762e-03  9.88961e-01  9.95568e-01
 3.86000e+01  9.93345e-01 -4.26867e-03  1.48339e+00 -4.29727e-03  9.88930e-01  9.95555e-01
 3.87000e+01  9.93326e-01 -4.23824e-03  1.48335e+00 -4.26672e-03  9.88898e-01  9.95543e-01
 3.88000e+01  9.93307e-01 -4.20762e-03  1.48330e+00 -4.23597e-03  9.88868e-01  9.95530e-01
 3.89000e+01  9.93289e-01 -4.17681e-03  1.48326e+00 -4.20503e-03  9.88837e-01  9.95518e-01
 3.90000e+01  9.93271e-01 -4.14580e-03  1.48321e+00 -4.17389e-03  9.88807e-01  9.95506e-01
 3.91000e+01  9.93253e-01 -4.11460e-03  1.48317e+00 -4.14255e-03  9.88777e-01  9.95494e-01
 3.92000e+01  9.93235e-01 -4.08321e-03  1.48312e+00 -4.11102e-03  9.88748e-01  9.95482e-01
 3.93000e+01  9.93217e-01 -4.05164e-03  1.48308e+00 -4.07931e-03  9.88719e-01  9.95471e-01
 3.94000e+01  9.93200e-01 -4.01989e-03  1.48303e+00 -4.04741e-03  9.88690e-01  9.95459e-01
 3.95000e+01  9.93183e-01 -3.98795e-03  1.48299e+00 -4.01532e-03  9.88661e-01  9.95447e-01
 3.96000e+01  9.93166e-01 -3.95584e-03  1.48295e+00 -3.98306e-03  9.88633e-01  9.95436e-01
 3.97000e+01  9.93149e-01 -3.92354e-03  1.48291e+00 -3.95061e-03  9.88605e-01  9.95425e-01
 3.98000e+01  9.93133e-01 -3.89108e-03  1.48287e+00 -3.91798e-03  9.88578e-01  9.95414e-01
 3.99000e+01  9.93116e-01 -3.85844e-03  1.48283e+00 -3.88518e-03  9.88551e-01  9.95403e-01
 4.00000e+01  9.93100e-01 -3.82563e-03  1.48279e+00 -3.85221e-03  9.88524e-01  9.95392e-01
 4.01000e+01  9.93084e-01 -3.79265e-03  1.48275e+00 -3.81906e-03  9.88497e-01  9.95381e-01
 4.02000e+01  9.93068e-01 -3.75950e-03  1.48271e+00 -3.78575e-03  9.88471e-01  9.95371e-01
 4.03000e+01  9.93053e-01 -3.72619e-03  1.48267e+00 -3.75226e-03  9.88445e-01  9.95360e-01
 4.04000e+01  9.93037e-01 -3.69272e-03  1.48263e+00 -3.71861e-03  9.88420e-01  9.95350e-01
 4.05000e+01  9.93022e-01 -3.65909e-03  1.48259e+00 -3.68480e-03  9.88394e-01  9.95340e-01
 4.06000e+01  9.93007e-01 -3.62530e-03  1.48255e+00 -3.65083e-03  9.88369e-01  9.95330e-01
 4.07000e+01  9.92992e-01 -3.59135e-03  1.48252e+00 -3.61670e-03  9.88345e-01  9.95320e-01
 4.08000e+01  9.92977e-01 -3.55725e-03  1.48248e+00 -3.58241e-03  9.88320e-01  9.95310e-01
 4.09000e+01  9.92963e-01 -3.52300e-03  1.48244e+00 -3.54797e-03  9.88296e-01  9.95300e-01
 4.10000e+01  9.92948e-01 -3.48860e-03  1.48241e+00 -3.51337e-03  9.88272e-01  9.95291e-01
 4.11000e+01  9.92934e-01 -3.45404e-03  1.48237e+00 -3.47862e-03  9.88249e-01  9.95281e-01
 4.12000e+01  9.92920e-01 -3.41935e-03  1.48234e+00 -3.44373e-03  9.88226e-01  9.95272e-01
 4.13000e+01  9.92906e-01 -3.38450e-03  1.48230e+00 -3.40868e-03  9.88203e-01  9.95263e-01
 4.14000e+01  9.92893e-01 -3.34952e-03  1.48227e+00 -3.37350e-03  9.88180e-01  9.95254e-01
 4.15000e+01  9.92879e-01 -3.31439e-03  1.48224e+00 -3.33816e-03  9.88158e-01  9.95245e-01
 4.16000e+01  9.92866e-01 -3.27913e-03  1.48220e+00 -3.30269e-03  9.88136e-01  9.95236e-01
 4.17000e+01  9.92853e-01 -3.24373e-03  1.48217e+00 -3.26708e-03  9.88114e-01  9.95227e-01
 4.18000e+01  9.92840e-01 -3.20819e-03  1.48214e+00 -3.23133e-03  9.88093e-01  9.95219e-01
 4.19000e+01  9.92827e-01 -3.17252e-03  1.48211e+00 -3.19544e-03  9.88072e-01  9.95210e-01
 4.20000e+01  9.92815e-01 -3.13672e-03  1.48208e+00 -3.15943e-03  9.88051e-01  9.95202e-01
 4.21000e+01  9.92802e-01 -3.10080e-03  1.48205e+00 -3.12328e-03  9.88030e-01  9.95194e-01
 4.22000e+01  9.92790e-01 -3.06474e-03  1.48201e+00 -3.08700e-03  9.88010e-01  9.95185e-01
 4.23000e+01  9.92778e-01 -3.02856e-03  1.48198e+00 -3.05059e-03  9.87990e-01  9.95177e-01
 4.24000e+01  9.92766e-01 -2.99225e-03  1.48196e+00 -3.01405e-03  9.87970e-01  9.95169e-01
 4.25000e+01  9.92754e-01 -2.95582e-03  1.48193e+00 -2.97740e-03  9.87951e-01  9.95162e-01
 4.26000e+01  9.92743e-01 -2.91928e-03  1.48190e+00 -2.94062e-03  9.87932e-01  9.95154e-01
 4.27000e+01  9.92731e-01 -2.88261e-03  1.48187e+00 -2.90372e-03  9.87913e-01  9.95146e-01
 4.28000e+01  9.92720e-01 -2.84583e-03  1.48184e+00 -2.86670e-03  9.87894e-01  9.95139e-01
 4.29000e+01  9.92709e-01 -2.80893e-03  1.48181e+00 -2.82956e-03  9.87876e-01  9.95132e-01
 4.30000e+01  9.92698e-01 -2.77192e-03  1.48179e+00 -2.79231e-03  9.87858e-01  9.95124e-01
 4.31000e+01  9.92687e-01 -2.73480e-03  1.48176e+00 -2.75494e-03  9.87840e-01  9.95117e-01
 4.32000e+01  9.92677e-01 -2.69757e-03  1.48173e+00 -2.71747e-03  9.87823e-01  9.95110e-01
 4.33000e+01  9.92666e-01 -2.66023e-03  1.48171e+00 -2.67988e-03  9.87806e-01  9.95103e-01
 4.34000e+01  9.92656e-01 -2.62279e-03  1.48168e+00 -2.64219e-03  9.87789e-01  9.95097e-01
 4.35000e+01  9.92646e-01 -2.58524e-03  1.48166e+00 -2.60439e-03  9.87772e-01  9.95090e-01
 4.36000e+01  9.92636e-01 -2.54759e-03  1.48163e+00 -2.56649e-03  9.87756e-01  9.95083e-01
 4.37000e+01  9.92627e-01 -2.50984e-03  1.48161e+00 -2.52848e-03  9.87740e-01  9.95077e-01
 4.38000e+01  9.92617e-01 -2.47199e-03  1.48159e+00 -2.49037e-03  9.87724e-01  9.95071e-01
 4.39000e+01  9.92608e-01 -2.43404e-03  1.48156e+00 -2.45217e-03  9.87708e-01  9.95064e-01
 4.40000e+01  9.92598e-01 -2.39600e-03  1.48154e+00 -2.41387e-03  9.87693e-01  9.95058e-01
 4.41000e+01  9.92589e-01 -2.35786e-03  1.48152e+00 -2.37547e-03  9.87678e-01  9.95052e-01
 4.42000e+01  9.92580e-01 -2.31963e-03  1.48150e+00 -2.33697e-03  9.87663e-01  9.95046e-01
 4.43000e+01  9.92572e-01 -2.28132e-03  1.48147e+00 -2.29839e-03  9.87649e-01  9.95040e-01
 4.44000e+01  9.92563e-01 -2.24291e-03  1.48145e+00 -2.25971e-03  9.87635e-01  9.95035e-01
 4.45000e+01  9.92555e-01 -2.20441e-03  1.48143e+00 -2.22095e-03  9.87621e-01  9.95029e-01
 4.46000e+01  9.92546e-01 -2.16583e-03  1.48141e+00 -2.18210e-03  9.87607e-01  9.95024e-01
 4.47000e+01  9.92538e-01 -2.12717e-03  1.48139e+00 -2.14316e-03  9.87594e-01  9.95018e-01
 4.48000e+01  9.92530e-01 -2.08843e-03  1.48137e+00 -2.10414e-03  9.87581e-01  9.95013e-01
 4.49000e+01  9.92522e-01 -2.04960e-03  1.48135e+00 -2.06504e-03  9.87568e-01  9.95008e-01
 4.50000e+01  9.92515e-01 -2.01070e-03  1.48133e+00 -2.02586e-03  9.87555e-01  9.95003e-01
 4.51000e+01  9.92507e-01 -1.97171e-03  1.48131e+00 -1.98660e-03  9.87543e-01  9.94998e-01
 4.52000e+01  9.92500e-01 -1.93266e-03  1.48130e+00 -1.94726e-03  9.87531e-01  9.94993e-01
 4.53000e+01  9.92493e-01 -1.89352e-03  1.48128e+00 -1.90785e-03  9.87519e-01  9.94988e-01
 4.54000e+01  9.92486e-01 -1.85432e-03  1.48126e+00 -1.86836e-03  9.87507e-01  9.94984e-01
 4.55000e+01  9.92479e-01 -1.81505e-03  1.48124e+00 -1.82880e-03  9.87496e-01  9.94979e-01
 4.56000e+01  9.92472e-01 -1.77570e-03  1.48123e+00 -1.78917e-03  9.87485e-01  9.94975e-01
 4.57000e+01  9.92466e-01 -1.73629e-03  1.48121e+00 -1.74947e-03  9.87474e-01  9.94970e-01
 4.58000e+01  9.92459e-01 -1.69682e-03  1.48120e+00 -1.70971e-03  9.87463e-01  9.94966e-01
 4.59000e+01  9.92453e-01 -1.65728e-03  1.48118e+00 -1.66988e-03  9.87453e-01  9.94962e-01
 4.60000e+01  9.92447e-01 -1.61767e-03  1.48116e+00 -1.62998e-03  9.87443e-01  9.94958e-01
 4.61000e+01  9.92441e-01 -1.57801e-03  1.48115e+00 -1.59003e-03  9.87433e-01  9.94954e-01
 4.62000e+01  9.92435e-01 -1.53829e-03  1.48114e+00 -1.55001e-03  9.87424e-01  9.94950e-01
 4.63000e+01  9.92430e-01 -1.49850e-03  1.48112e+00 -1.50993e-03  9.87415e-01  9.94947e-01
 4.64000e+01  9.92424e-01 -1.45867e-03  1.48111e+00 -1.46980e-03  9.87405e-01  9.94943e-01
 4.65000e+01  9.92419e-01 -1.41877e-03  1.48110e+00 -1.42961e-03  9.87397e-01  9.94940e-01
 4.66000e+01  9.92414e-01 -1.37883e-03  1.48108e+00 -1.38937e-03  9.87388e-01  9.94936e-01
 4.67000e+01  9.92409e-01 -1.33883e-03  1.48107e+00 -1.34907e-03  9.87380e-01  9.94933e-01
 4.68000e+01  9.92404e-01 -1.29878e-03  1.48106e+00 -1.30872e-03  9.87372e-01  9.94930e-01
 4.69000e+01  9.92399e-01 -1.25869e-03  1.48105e+00 -1.26833e-03  9.87364e-01  9.94926e-01
 4.70000e+01  9.92395e-01 -1.21854e-03  1.48103e+00 -1.22788e-03  9.87357e-01  9.94923e-01
 4.71000e+01  9.92390e-01 -1.17835e-03  1.48102e+00 -1.18739e-03  9.87349e-01  9.94921e-01
 4.72000e+01  9.92386e-01 -1.13812e-03  1.48101e+00 -1.14685e-03  9.87342e-01  9.94918e-01
 4.73000e+01  9.92382e-01 -1.09785e-03  1.48100e+00 -1.10628e-03  9.87336e-01  9.94915e-01
 4.74000e+01  9.92378e-01 -1.05753e-03  1.48099e+00 -1.06566e-03  9.87329e-01  9.94912e-01
 4.75000e+01  9.92374e-01 -1.01718e-03  1.48098e+00 -1.02499e-03  9.87323e-01  9.94910e-01
 4.76000e+01  9.92370e-01 -9.76785e-04  1.48098e+00 -9.84295e-04  9.87317e-01  9.94908e-01
 4.77000e+01  9.92367e-01 -9.36357e-04  1.48097e+00 -9.43559e-04  9.87311e-01  9.94905e-01
 4.78000e+01  9.92364e-01 -8.95894e-04  1.48096e+00 -9.02788e-04  9.87305e-01  9.94903e-01
 4.79000e+01  9.92360e-01 -8.55397e-04  1.48095e+00 -8.61983e-04  9.87300e-01  9.94901e-01
 4.80000e+01  9.92357e-01 -8.14869e-04  1.48094e+00 -8.21145e-04  9.87295e-01  9.94899e-01
 4.81000e+01  9.92354e-01 -7.74311e-04  1.48094e+00 -7.80277e-04  9.87290e-01  9.94897e-01
 4.82000e+01  9.92352e-01 -7.33725e-04  1.48093e+00 -7.39380e-04  9.87286e-01  9.94895e-01
 4.83000e+01  9.92349e-01 -6.93111e-04  1.48092e+00 -6.98455e-04  9.87282e-01  9.94893e-01
 4.84000e+01  9.92347e-01 -6.52472e-04  1.48092e+00 -6.57504e-04  9.87278e-01  9.94892e-01
 4.85000e+01  9.92344e-01 -6.11809e-04  1.48091e+00 -6.16529e-04  9.87274e-01  9.94890e-01
 4.86000e+01  9.92342e-01 -5.71123e-04  1.48091e+00 -5.75530e-04  9.87270e-01  9.94889e-01
 4.87000e+01  9.92340e-01 -5.30416e-04  1.48090e+00 -5.34510e-04  9.87267e-01  9.94888e-01
 4.88000e+01  9.92338e-01 -4.89690e-04  1.48090e+00 -4.93471e-04  9.87264e-01  9.94886e-01
 4.89000e+01  9.92337e-01 -4.48946e-04  1.48089e+00 -4.52413e-04  9.87261e-01  9.94885e-01
 4.90000e+01  9.92335e-01 -4.08185e-04  1.48089e+00 -4.11338e-04  9.87258e-01  9.94884e-01
 4.91000e+01  9.92334e-01 -3.67409e-04  1.48088e+00 -3.70247e-04  9.87256e-01  9.94883e-01
 4.92000e+01  9.92332e-01 -3.26620e-04  1.48088e+00 -3.29144e-04  9.87254e-01  9.94882e-01
 4.93000e+01  9.92331e-01 -2.85818e-04  1.48088e+00 -2.88027e-04  9.87252e-01  9.94882e-01
 4.94000e+01  9.92330e-01 -2.45007e-04  1.48088e+00 -2.46900e-04  9.87251e-01  9.94881e-01
 4.95000e+01  9.92329e-01 -2.04186e-04  1.48087e+00 -2.05764e-04  9.87249e-01  9.94881e-01
 4.96000e+01  9.92329e-01 -1.63358e-04  1.48087e+00 -1.64621e-04  9.87248e-01  9.94880e-01
 4.97000e+01  9.92328e-01 -1.22524e-04  1.48087e+00 -1.23471e-04  9.87247e-01  9.94880e-01
 4.98000e+01  9.92328e-01 -8.16849e-05  1.48087e+00 -8.23164e-05  9.87247e-01  9.94880e-01
 4.99000e+01  9.92328e-01 -4.08432e-05  1.48087e+00 -4.11590e-05  9.87246e-01  9.94879e-01
 5.00000e+01  9.92328e-01  5.13478e-15  1.48087e+00  5.17448e-15  9.87246e-01  9.94879e-01
 5.01000e+01  9.92328e-01  4.08432e-05  1.48087e+00  4.11590e-05  9.87246e-01  9.94879e-01
 5.02000e+01  9.92328e-01  8.16849e-05  1.48087e+00  8.23164e-05  9.87247e-01  9.94880e-01
 5.03000e+01  9.92328e-01  1.22524e-04  1.48087e+00  1.23471e-04  9.87247e-01  9.94880e-01
 5.04000e+01  9.92329e-01  1.63358e-04  1.48087e+00  1.64621e-04  9.87248e-01  9.94880e-01
 5.05000e+01  9.92329e-01  2.04186e-04  1.48087e+00  2.05764e-04  9.87249e-01  9.94881e-01
 5.06000e+01  9.92330e-01  2.45007e-04  1.48088e+00  2.46900e-04  9.87251e-01  9.94881e-01
 5.07000e+01  9.92331e-01  2.85818e-04  1.48088e+00  2.88027e-04  9.87252e-01  9.94882e-01
 5.08000e+01  9.92332e-01  3.26620e-04  1.48088e+00  3.29144e-04  9.87254e-01  9.94882e-01
 5.09000e+01  9.92334e-01  3.67409e-04  1.48088e+00  3.70247e-04  9.87256e-01  9.94883e-01
 5.10000e+01  9.92335e-01  4.08185e-04  1.48089e+00  4.11338e-04  9.87258e-01  9.94884e-01
 5.11000e+01  9.92337e-01  4.48946e-04  1.48089e+00  4.52413e-04  9.87261e-01  9.94885e-01
 5.12000e+01  9.92338e-01  4.89690e-04  1.48090e+00  4.93471e-04  9.87264e-01  9.94886e-01
 5.13000e+01  9.92340e-01  5.30416e-04  1.48090e+00  5.34510e-04  9.87267e-01  9.94888e-01
 5.14000e+01  9.92342e-01  5.71123e-04  1.48091e+00  5.75530e-04  9.87270e-01  9.94889e-01
 5.15000e+01  9.92344e-01  6.11809e-04  1.48091e+00  6.16529e-04  9.87274e-01  9.94890e-01
 5.16000e+01  9.92347e-01  6.52472e-04  1.48092e+00  6.57504e-04  9.87278e-01  9.94892e-01
 5.17000e+01  9.92349e-01  6.93111e-04  1.48092e+00  6.98455e-04  9.87282e-01  9.94893e-01
 5.18000e+01  9.92352e-01  7.33725e-04  1.48093e+00  7.39380e-04  9.87286e-01  9.94895e-01
 5.19000e+01  9.92354e-01  7.74311e-04  1.48094e+00  7.80277e-04  9.87290e-01  9.94897e-01
 5.20000e+01  9.92357e-01  8.14869e-04  1.48094e+00  8.21145e-04  9.87295e-01  9.94899e-01
 5.21000e+01  9.92360e-01  8.55397e-04  1.48095e+00  8.61983e-04  9.87300e-01  9.94901e-01
 5.22000e+01  9.92364e-01  8.95894e-04  1.48096e+00  9.02788e-04  9.87305e-01  9.94903e-01
 5.23000e+01  9.92367e-01  9.36357e-04  1.48097e+00  9.43559e-04  9.87311e-01  9.94905e-01
 5.24000e+01  9.92370e-01  9.76785e-04  1.48098e+00  9.84295e-04  9.87317e-01  9.94908e-01
 5.25000e+01  9.92374e-01  1.01718e-03  1.48098e+00  1.02499e-03  9.87323e-01  9.94910e-01
 5.26000e+01  9.92378e-01  1.05753e-03  1.48099e+00  1.06566e-03  9.87329e-01  9.94912e-01
 5.27000e+01  9.92382e-01  1.09785e-03  1.48100e+00  1.10628e-03  9.87336e-01  9.94915e-01
 5.28000e+01  9.92386e-01  1.13812e-03  1.48101e+00  1.14685e-03  9.87342e-01  9.94918e-01
 5.29000e+01  9.92390e-01  1.17835e-03  1.48102e+00  1.18739e-03  9.87349e-01  9.94921e-01
 5.30000e+01  9.92395e-01  1.21854e-03  1.48103e+00  1.22788e-03  9.87357e-01  9.94923e-01
 5.31000e+01  9.92399e-01  1.25869e-03  1.48105e+00  1.26833e-03  9.87364e-01  9.94926e-01
 5.32000e+01  9.92404e-01  1.29878e-03  1.48106e+00  1.30872e-03  9.87372e-01  9.94930e-01
 5.33000e+01  9.92409e-01  1.33883e-03  1.48107e+00  1.34907e-03  9.87380e-01  9.94933e-01
 5.34000e+01  9.92414e-01  1.37883e-03  1.48108e+00  1.38937e-03  9.87388e-01  9.94936e-01
 5.35000e+01  9.92419e-01  1.41877e-03  1.48110e+00  1.42961e-03  9.87397e-01  9.94940e-01
 5.36000e+01  9.92424e-01  1.45867e-03  1.48111e+00  1.46980e-03  9.87405e-01  9.94943e-01
 5.37000e+01  9.92430e-01  1.49850e-03  1.48112e+00  1.50993e-03  9.87415e-01  9.94947e-01
 5.38000e+01  9.92435e-01  1.53829e-03  1.48114e+00  1.55001e-03  9.87424e-01  9.94950e-01
 5.39000e+01  9.92441e-01  1.57801e-03  1.48115e+00  1.59003e-03  9.87433e-01  9.94954e-01
 5.40000e+01  9.92447e-01  1.61767e-03  1.48116e+00  1.62998e-03  9.87443e-01  9.94958e-01
 5.41000e+01  9.92453e-01  1.65728e-03  1.48118e+00  1.66988e-03  9.87453e-01  9.94962e-01
 5.42000e+01  9.92459e-01  1.69682e-03  1.48120e+00  1.70971e-03  9.87463e-01  9.94966e-01
 5.43000e+01  9.92466e-01  1.73629e-03  1.48121e+00  1.74947e-03  9.87474e-01  9.94970e-01
 5.44000e+01  9.92472e-01  1.77570e-03  1.48123e+00  1.78917e-03  9.87485e-01  9.94975e-01
 5.45000e+01  9.92479e-01  1.81505e-03  1.48124e+00  1.82880e-03  9.87496e-01  9.94979e-01
 5.46000e+01  9.92486e-01  1.85432e-03  1.48126e+00  1.86836e-03  9.87507e-01  9.94984e-01
 5.47000e+01  9.92493e-01  1.89352e-03  1.48128e+00  1.90785e-03  9.87519e-01  9.94988e-01
 5.48000e+01  9.92500e-01  1.93266e-03  1.48130e+00  1.94726e-03  9.87531e-01  9.94993e-01
 5.49000e+01  9.92507e-01  1.97171e-03  1.48131e+00  1.98660e-03  9.87543e-01  9.94998e-01
 5.50000e+01  9.92515e-01  2.01070e-03  1.48133e+00  2.02586e-03  9.87555e-01  9.95003e-01
 5.51000e+01  9.92522e-01  2.04960e-03  1.48135e+00  2.06504e-03  9.87568e-01  9.95008e-01
 5.52000e+01  9.92530e-01  2.08843e-03  1.48137e+00  2.10414e-03  9.87581e-01  9.95013e-01
 5.53000e+01  9.92538e-01  2.12717e-03  1.48139e+00  2.14316e-03  9.87594e-01  9.95018e-01
 5.54000e+01  9.92546e-01  2.16583e-03  1.48141e+00  2.18210e-03  9.87607e-01  9.95024e-01
 5.55000e+01  9.92555e-01  2.20441e-03  1.48143e+00  2.22095e-03  9.87621e-01  9.95029e-01
 5.56000e+01  9.92563e-01  2.24291e-03  1.48145e+00  2.25971e-03  9.87635e-01  9.95035e-01
 5.57000e+01  9.92572e-01  2.28132e-03  1.48147e+00  2.29839e-03  9.87649e-01  9.95040e-01
 5.58000e+01  9.92580e-01  2.31963e-03  1.48150e+00  2.33697e-03  9.87663e-01  9.95046e-01
 5.59000e+01  9.92589e-01  2.35786e-03  1.48152e+00  2.37547e-03  9.87678e-01  9.95052e-01
 5.60000e+01  9.92598e-01  2.39600e-03  1.48154e+00  2.41387e-03  9.87693e-01  9.95058e-01
 5.61000e+01  9.92608e-01  2.43404e-03  1.48156e+00  2.45217e-03  9.87708e-01  9.95064e-01
 5.62000e+01  9.92617e-01  2.47199e-03  1.48159e+00  2.49037e-03  9.87724e-01  9.95071e-01
 5.63000e+01  9.92627e-01  2.50984e-03  1.48161e+00  2.52848e-03  9.87740e-01  9.95077e-01
 5.64000e+01  9.92636e-01  2.54759e-03  1.48163e+00  2.56649e-03  9.87756e-01  9.95083e-01
 5.65000e+01  9.92646e-01  2.58524e-03  1.48166e+00  2.60439e-03  9.87772e-01  9.95090e-01
 5.66000e+01  9.92656e-01  2.62279e-03  1.48168e+00  2.64219e-03  9.87789e-01  9.95097e-01
 5.67000e+01  9.92666e-01  2.66023e-03  1.48171e+00  2.67988e-03  9.87806e-01  9.95103e-01
 5.68000e+01  9.92677e-01  2.69757e-03  1.48173e+00  2.71747e-03  9.87823e-01  9.95110e-01
 5.69000e+01  9.92687e-01  2.73480e-03  1.48176e+00  2.75494e-03  9.87840e-01  9.95117e-01
 5.70000e+01  9.92698e-01  2.77192e-03  1.48179e+00  2.79231e-03  9.87858e-01  9.95124e-01
 5.71000e+01  9.92709e-01  2.80893e-03  1.48181e+00  2.82956e-03  9.87876e-01  9.95132e-01
 5.72000e+01  9.92720e-01  2.84583e-03  1.48184e+00  2.86670e-03  9.87894e-01  9.95139e-01
 5.73000e+01  9.92731e-01  2.88261e-03  1.48187e+00  2.90372e-03  9.87913e-01  9.95146e-01
 5.74000e+01  9.92743e-01  2.91928e-03  1.48190e+00  2.94062e-03  9.87932e-01  9.95154e-01
 5.75000e+01  9.92754e-01  2.95582e-03  1.48193e+00  2.97740e-03  9.87951e-01  9.95162e-01
 5.76000e+01  9.92766e-01  2.99225e-03  1.48196e+00  3.01405e-03  9.87970e-01  9.95169e-01
 5.77000e+01  9.92778e-01  3.02856e-03  1.48198e+00  3.05059e-03  9.87990e-01  9.95177e-01
 5.78000e+01  9.92790e-01  3.06474e-03  1.48201e+00  3.08700e-03  9.88010e-01  9.95185e-01
 5.79000e+01  9.92802e-01  3.10080e-03  1.48205e+00  3.12328e-03  9.88030e-01  9.95194e-01
 5.80000e+01  9.92815e-01  3.13672e-03  1.48208e+00  3.15943e-03  9.88051e-01  9.95202e-01
 5.81000e+01  9.92827e-01  3.17252e-03  1.48211e+00  3.19544e-03  9.88072e-01  9.95210e-01
 5.82000e+01  9.92840e-01  3.20819e-03  1.48214e+00  3.23133e-03  9.88093e-01  9.95219e-01
 5.83000e+01  9.92853e-01  3.24373e-03  1.48217e+00  3.26708e-03  9.88114e-01  9.95227e-01
 5.84000e+01  9.92866e-01  3.27913e-03  1.48220e+00  3.30269e-03  9.88136e-01  9.95236e-01
 5.85000e+01  9.92879e-01  3.31439e-03  1.48224e+00  3.33816e-03  9.88158e-01  9.95245e-01
 5.86000e+01  9.92893e-01  3.34952e-03  1.48227e+00  3.37350e-03  9.88180e-01  9.95254e-01
 5.87000e+01  9.92906e-01  3.38450e-03  1.48230e+00  3.40868e-03  9.88203e-01  9.95263e-01
 5.88000e+01  9.92920e-01  3.41935e-03  1.48234e+00  3.44373e-03  9.88226e-01  9.95272e-01
 5.89000e+01  9.92934e-01  3.45404e-03  1.48237e+00  3.47862e-03  9.88249e-01  9.95281e-01
 5.90000e+01  9.92948e-01  3.48860e-03  1.48241e+00  3.51337e-03  9.88272e-01  9.95291e-01
 5.91000e+01  9.92963e-01  3.52300e-03  1.48244e+00  3.54797e-03  9.88296e-01  9.95300e-01
 5.92000e+01  9.92977e-01  3.55725e-03  1.48248e+00  3.58241e-03  9.88320e-01  9.95310e-01
 5.93000e+01  9.92992e-01  3.59135e-03  1.48252e+00  3.61670e-03  9.88345e-01  9.95320e-01
 5.94000e+01  9.93007e-01  3.62530e-03  1.48255e+00  3.65083e-03  9.88369e-01  9.95330e-01
 5.95000e+01  9.93022e-01  3.65909e-03  1.48259e+00  3.68480e-03  9.88394e-01  9.95340e-01
 5.96000e+01  9.93037e-01  3.69272e-03  1.48263e+00  3.71861e-03  9.88420e-01  9.95350e-01
 5.97000e+01  9.93053e-01  3.72619e-03  1.48267e+00  3.75226e-03  9.88445e-01  9.95360e-01
 5.98000e+01  9.93068e-01  3.75950e-03  1.48271e+00  3.78575e-03  9.88471e-01  9.95371e-01
 5.99000e+01  9.93084e-01  3.79265e-03  1.48275e+00  3.81906e-03  9.88497e-01  9.95381e-01
 6.00000e+01  9.93100e-01  3.82563e-03  1.48279e+00  3.85221e-03  9.88524e-01  9.95392e-01
 6.01000e+01  9.93116e-01  3.85844e-03  1.48283e+00  3.88518e-03  9.88551e-01  9.95403e-01
 6.02000e+01  9.93133e-01  3.89108e-03  1.48287e+00  3.91798e-03  9.88578e-01  9.95414e-01
 6.03000e+01  9.93149e-01  3.92354e-03  1.48291e+00  3.95061e-03  9.88605e-01  9.95425e-01
 6.04000e+01  9.93166e-01  3.95584e-03  1.48295e+00  3.98306e-03  9.88633e-01  9.95436e-01
 6.05000e+01  9.93183e-01  3.98795e-03  1.48299e+00  4.01532e-03  9.88661e-01  9.95447e-01
 6.06000e+01  9.93200e-01  4.01989e-03  1.48303e+00  4.04741e-03  9.88690e-01  9.95459e-01
 6.07000e+01  9.93217e-01  4.05164e-03  1.48308e+00  4.07931e-03  9.88719e-01  9.95471e-01
 6.08000e+01  9.93235e-01  4.08321e-03  1.48312e+00  4.11102e-03  9.88748e-01  9.95482e-01
 6.09000e+01  9.93253e-01  4.11460e-03  1.48317e+00  4.14255e-03  9.88777e-01  9.95494e-01
 6.10000e+01  9.93271e-01  4.14580e-03  1.48321e+00  4.17389e-03  9.88807e-01  9.95506e-01
 6.11000e+01  9.93289e-01  4.17681e-03  1.48326e+00  4.20503e-03  9.88837e-01  9.95518e-01
 6.12000e+01  9.93307e-01  4.20762e-03  1.48330e+00  4.23597e-03  9.88868e-01  9.95530e-01
 6.13000e+01  9.93326e-01  4.23824e-03  1.48335e+00  4.26672e-03  9.88898e-01  9.95543e-01
 6.14000e+01  9.93345e-01  4.26867e-03  1.48339e+00  4.29727e-03  9.88930e-01  9.95555e-01
 6.15000e+01  9.93363e-01  4.29890e-03  1.48344e+00  4.32762e-03  9.88961e-01  9.95568e-01
 6.16000e+01  9.93383e-01  4.32892e-03  1.48349e+00  4.35776e-03  9.88993e-01  9.95581e-01
 6.17000e+01  9.93402e-01  4.35874e-03  1.48354e+00  4.38769e-03  9.89025e-01  9.95594e-01
 6.18000e+01  9.93422e-01  4.38836e-03  1.48359e+00  4.41742e-03  9.89057e-01  9.95607e-01
 6.19000e+01  9.93441e-01  4.41777e-03  1.48364e+00  4.44693e-03  9.89090e-01  9.95620e-01
 6.20000e+01  9.93461e-01  4.44697e-03  1.48369e+00  4.47624e-03  9.89123e-01  9.95634e-01
 6.21000e+01  9.93481e-01  4.47595e-03  1.48374e+00  4.50532e-03  9.89157e-01  9.95647e-01
 6.22000e+01  9.93502e-01  4.50472e-03  1.48379e+00  4.53419e-03  9.89191e-01  9.95661e-01
 6.23000e+01  9.93522e-01  4.53327e-03  1.48384e+00  4.56283e-03  9.89225e-01  9.95674e-01
 6.24000e+01  9.93543e-01  4.56161e-03  1.48389e+00  4.59125e-03  9.89260e-01  9.95688e-01
 6.25000e+01  9.93564e-01  4.58972e-03  1.48394e+00  4.61945e-03  9.89295e-01  9.95703e-01
 6.26000e+01  9.93586e-01  4.61760e-03  1.48399e+00  4.64742e-03  9.89330e-01  9.95717e-01
 6.27000e+01  9.93607e-01  4.64526e-03  1.48405e+00  4.67515e-03  9.89365e-01  9.95731e-01
 6.28000e+01  9.93629e-01  4.67269e-03  1.48410e+00  4.70266e-03  9.89402e-01  9.95746e-01
 6.29000e+01  9.93651e-01  4.69989e-03  1.48416e+00  4.72992e-03  9.89438e-01  9.95760e-01
 6.30000e+01  9.93673e-01  4.72685e-03  1.48421e+00  4.75695e-03  9.89475e-01  9.95775e-01
 6.31000e+01  9.93695e-01  4.75358e-03  1.48427e+00  4.78374e-03  9.89512e-01  9.95790e-01
 6.32000e+01  9.93718e-01  4.78007e-03  1.48432e+00  4.81029e-03  9.89549e-01  9.95805e-01
 6.33000e+01  9.93741e-01  4.80631e-03  1.48438e+00  4.83659e-03  9.89587e-01  9.95820e-01
 6.34000e+01  9.93764e-01  4.83231e-03  1.48444e+00  4.86264e-03  9.89625e-01  9.95836e-01
 6.35000e+01  9.93787e-01  4.85807e-03  1.48450e+00  4.88844e-03  9.89664e-01  9.95851e-01
 6.36000e+01  9.93810e-01  4.88357e-03  1.48455e+00  4.91398e-03  9.89703e-01  9.95867e-01
 6.37000e+01  9.93834e-01  4.90882e-03  1.48461e+00  4.93928e-03  9.89743e-01  9.95883e-01
 6.38000e+01  9.93858e-01  4.93382e-03  1.48467e+00  4.96431e-03  9.89782e-01  9.95899e-01
 6.39000e+01  9.93882e-01  4.95855e-03  1.48473e+00  4.98908e-03  9.89822e-01  9.95915e-01
 6.40000e+01  9.93907e-01  4.98303e-03  1.48479e+00  5.01358e-03  9.89863e-01  9.95932e-01
 6.41000e+01  9.93931e-01  5.00725e-03  1.48486e+00  5.03782e-03  9.89904e-01  9.95948e-01
 6.42000e+01  9.93956e-01  5.03120e-03  1.48492e+00  5.06179e-03  9.89945e-01  9.95965e-01
 6.43000e+01  9.93981e-01  5.05488e-03  1.48498e+00  5.08549e-03  9.89987e-01  9.95982e-01
 6.44000e+01  9.94007e-01  5.07829e-03  1.48504e+00  5.10891e-03  9.90029e-01  9.95999e-01
 6.45000e+01  9.94032e-01  5.10143e-03  1.48511e+00  5.13206e-03  9.90072e-01  9.96016e-01
 6.46000e+01  9.94058e-01  5.12429e-03  1.48517e+00  5.15492e-03  9.90115e-01  9.96033e-01
 6.47000e+01  9.94084e-01  5.14687e-03  1.48524e+00  5.17750e-03  9.90158e-01  9.96051e-01
 6.48000e+01  9.94111e-01  5.16917e-03  1.48530e+00  5.19980e-03  9.90202e-01  9.96068e-01
 6.49000e+01  9.94137e-01  5.19119e-03  1.48537e+00  5.22180e-03  9.90246e-01  9.96086e-01
 6.50000e+01  9.94164e-01  5.21291e-03  1.48544e+00  5.24351e-03  9.90291e-01  9.96104e-01
 6.51000e+01  9.94191e-01  5.23435e-03  1.48550e+00  5.26493e-03  9.90336e-01  9.96122e-01
 6.52000e+01  9.94218e-01  5.25549e-03  1.48557e+00  5.28606e-03  9.90381e-01  9.96141e-01
 6.53000e+01  9.94246e-01  5.27634e-03  1.48564e+00  5.30688e-03  9.90427e-01  9.96159e-01
 6.54000e+01  9.94274e-01  5.29689e-03  1.48571e+00  5.32739e-03  9.90474e-01  9.96178e-01
 6.55000e+01  9.94302e-01  5.31714e-03  1.48578e+00  5.34761e-03  9.90520e-01  9.96197e-01
 6.56000e+01  9.94330e-01  5.33708e-03  1.48585e+00  5.36751e-03  9.90567e-01  9.96216e-01
 6.57000e+01  9.94359e-01  5.35671e-03  1.48592e+00  5.38710e-03  9.90615e-01  9.96235e-01
 6.58000e+01  9.94388e-01  5.37603e-03  1.48599e+00  5.40638e-03  9.90663e-01  9.96254e-01
 6.59000e+01  9.94417e-01  5.39504e-03  1.48607e+00  5.42533e-03  9.90712e-01  9.96274e-01
 6.60000e+01  9.94447e-01  5.41374e-03  1.48614e+00  5.44397e-03  9.90761e-01  9.96293e-01
 6.61000e+01  9.94476e-01  5.43211e-03  1.48621e+00  5.46228e-03  9.90810e-01  9.96313e-01
 6.62000e+01  9.94506e-01  5.45016e-03  1.48629e+00  5.48027e-03  9.90860e-01  9.96333e-01
 6.63000e+01  9.94536e-01  5.46789e-03  1.48637e+00  5.49792e-03  9.90910e-01  9.96354e-01
 6.64000e+01  9.94567e-01  5.48528e-03  1.48644e+00  5.51525e-03  9.90961e-01  9.96374e-01
 6.65000e+01  9.94598e-01  5.50235e-03  1.48652e+00  5.53223e-03  9.91012e-01  9.96395e-01
 6.66000e+01  9.94629e-01  5.51907e-03  1.48660e+00  5.54888e-03  9.91064e-01  9.96416e-01
 6.67000e+01  9.94660e-01  5.53547e-03  1.48667e+00  5.56518e-03  9.91116e-01  9.96437e-01
 6.68000e+01  9.94692e-01  5.55152e-03  1.48675e+00  5.58114e-03  9.91168e-01  9.96458e-01
 6.69000e+01  9.94724e-01  5.56722e-03  1.48683e+00  5.59675e-03  9.91221e-01  9.96479e-01
 6.70000e+01  9.94756e-01  5.58258e-03  1.48691e+00  5.61201e-03  9.91275e-01  9.96501e-01
 6.71000e+01  9.94788e-01  5.59759e-03  1.48699e+00  5.62691e-03  9.91329e-01  9.96523e-01
 6.72000e+01  9.94821e-01  5.61224e-03  1.48708e+00  5.64146e-03  9.91384e-01  9.96545e-01
 6.73000e+01  9.94854e-01  5.62654e-03  1.48716e+00  5.65564e-03  9.91439e-01  9.96567e-01
 6.74000e+01  9.94888e-01  5.64048e-03  1.48724e+00  5.66946e-03  9.91494e-01  9.96589e-01
 6.75000e+01  9.94921e-01  5.65405e-03  1.48732e+00  5.68291e-03  9.91550e-01  9.96612e-01
 6.76000e+01  9.94955e-01  5.66726e-03  1.48741e+00  5.69599e-03  9.91606e-01  9.96634e-01
 6.77000e+01  9.94989e-01  5.68010e-03  1.48750e+00  5.70870e-03  9.91663e-01  9.96657e-01
 6.78000e+01  9.95024e-01  5.69256e-03  1.48758e+00  5.72103e-03  9.91721e-01  9.96680e-01
 6.79000e+01  9.95059e-01  5.70465e-03  1.48767e+00  5.73298e-03  9.91779e-01  9.96704e-01
 6.80000e+01  9.95094e-01  5.71636e-03  1.48776e+00  5.74454e-03  9.91837e-01  9.96727e-01
 6.81000e+01  9.95129e-01  5.72769e-03  1.48784e+00  5.75572e-03  9.91896e-01  9.96751e-01
 6.82000e+01  9.95165e-01  5.73863e-03  1.48793e+00  5.76651e-03  9.91956e-01  9.96775e-01
 6.83000e+01  9.95201e-01  5.74918e-03  1.48802e+00  5.77690e-03  9.92016e-01  9.96799e-01
 6.84000e+01  9.95238e-01  5.75934e-03  1.48811e+00  5.78690e-03  9.92076e-01  9.96823e-01
 6.85000e+01  9.95274e-01  5.76910e-03  1.48821e+00  5.79650e-03  9.92137e-01  9.96848e-01
 6.86000e+01  9.95311e-01  5.77847e-03  1.48830e+00  5.80569e-03  9.92199e-01  9.96873e-01
 6.87000e+01  9.95349e-01  5.78743e-03  1.48839e+00  5.81448e-03  9.92261e-01  9.96898e-01
 6.88000e+01  9.95386e-01  5.79599e-03  1.48849e+00  5.82285e-03  9.92323e-01  9.96923e-01
 6.89000e+01  9.95424e-01  5.80413e-03  1.48858e+00  5.83081e-03  9.92387e-01  9.96948e-01
 6.90000e+01  9.95462e-01  5.81187e-03  1.48868e+00  5.83836e-03  9.92450e-01  9.96974e-01
 6.91000e+01  9.95501e-01  5.81919e-03  1.48877e+00  5.84549e-03  9.92515e-01  9.97000e-01
 6.92000e+01  9.95540e-01  5.82609e-03  1.48887e+00  5.85219e-03  9.92579e-01  9.97026e-01
 6.93000e+01  9.95579e-01  5.83257e-03  1.48897e+00  5.85847e-03  9.92645e-01  9.97052e-01
 6.94000e+01  9.95619e-01  5.83862e-03  1.48907e+00  5.86431e-03  9.92710e-01  9.97079e-01
 6.95000e+01  9.95659e-01  5.84424e-03  1.48917e+00  5.86973e-03  9.92777e-01  9.97106e-01
 6.96000e+01  9.95699e-01  5.84944e-03  1.48927e+00  5.87470e-03  9.92844e-01  9.97132e-01
 6.97000e+01  9.95740e-01  5.85419e-03  1.48937e+00  5.87924e-03  9.92911e-01  9.97160e-01
 6.98000e+01  9.95781e-01  5.85851e-03  1.48947e+00  5.88333e-03  9.92980e-01  9.97187e-01
 6.99000e+01  9.95822e-01  5.86239e-03  1.48957e+00  5.88698e-03  9.93048e-01  9.97215e-01
 7.00000e+01  9.95864e-01  5.86582e-03  1.48968e+00  5.89018e-03  9.93118e-01  9.97243e-01
 7.01000e+01  9.95906e-01  5.86880e-03  1.48978e+00  5.89293e-03  9.93187e-01  9.97271e-01
 7.02000e+01  9.95948e-01  5.87133e-03  1.48989e+00  5.89522e-03  9.93258e-01  9.97299e-01
 7.03000e+01  9.95991e-01  5.87341e-03  1.48999e+00  5.89705e-03  9.93329e-01  9.97327e-01
 7.04000e+01  9.96034e-01  5.87502e-03  1.49010e+00  5.89842e-03  9.93400e-01  9.97356e-01
 7.05000e+01  9.96077e-01  5.87618e-03  1.49021e+00  5.89932e-03  9.93472e-01  9.97385e-01
 7.06000e+01  9.96121e-01  5.87687e-03  1.49032e+00  5.89976e-03  9.93545e-01  9.97415e-01
 7.07000e+01  9.96165e-01  5.87710e-03  1.49043e+00  5.89973e-03  9.93619e-01  9.97444e-01
 7.08000e+01  9.96209e-01  5.87685e-03  1.49054e+00  5.89922e-03  9.93692e-01  9.97474e-01
 7.09000e+01  9.96254e-01  5.87613e-03  1.49065e+00  5.89823e-03  9.93767e-01  9.97504e-01
 7.10000e+01  9.96299e-01  5.87494e-03  1.49076e+00  5.89676e-03  9.93842e-01  9.97534e-01
 7.11000e+01  9.96345e-01  5.87326e-03  1.49088e+00  5.89481e-03  9.93918e-01  9.97564e-01
 7.12000e+01  9.96391e-01  5.87110e-03  1.49099e+00  5.89237e-03  9.93994e-01  9.97595e-01
 7.13000e+01  9.96437e-01  5.86846e-03  1.49111e+00  5.88944e-03  9.94071e-01  9.97626e-01
 7.14000e+01  9.96483e-01  5.86532e-03  1.49122e+00  5.88602e-03  9.94149e-01  9.97657e-01
 7.15000e+01  9.96530e-01  5.86170e-03  1.49134e+00  5.88211e-03  9.94227e-01  9.97689e-01
 7.16000e+01  9.96578e-01  5.85758e-03  1.49146e+00  5.87769e-03  9.94306e-01  9.97720e-01
 7.17000e+01  9.96626e-01  5.85296e-03  1.49158e+00  5.87278e-03  9.94385e-01  9.97752e-01
 7.18000e+01  9.96674e-01  5.84785e-03  1.49170e+00  5.86736e-03  9.94465e-01  9.97784e-01
 7.19000e+01  9.96722e-01  5.84223e-03  1.49182e+00  5.86144e-03  9.94546e-01  9.97817e-01
 7.20000e+01  9.96771e-01  5.83610e-03  1.49194e+00  5.85501e-03  9.94627e-01  9.97849e-01
 7.21000e+01  9.96820e-01  5.82947e-03  1.49206e+00  5.84807e-03  9.94709e-01  9.97882e-01
 7.22000e+01  9.96870e-01  5.82233e-03  1.49219e+00  5.84061e-03  9.94792e-01  9.97915e-01
 7.23000e+01  9.96920e-01  5.81468e-03  1.49231e+00  5.83264e-03  9.94875e-01  9.97949e-01
 7.24000e+01  9.96970e-01  5.80651e-03  1.49244e+00  5.82416e-03  9.94959e-01  9.97982e-01
 7.25000e+01  9.97021e-01  5.79782e-03  1.49256e+00  5.81515e-03  9.95043e-01  9.98016e-01
 7.26000e+01  9.97072e-01  5.78862e-03  1.49269e+00  5.80562e-03  9.95128e-01  9.98051e-01
 7.27000e+01  9.97124e-01  5.77889e-03  1.49282e+00  5.79556e-03  9.95214e-01  9.98085e-01
 7.28000e+01  9.97176e-01  5.76864e-03  1.49295e+00  5.78498e-03  9.95301e-01  9.98120e-01
 7.29000e+01  9.97228e-01  5.75787e-03  1.49308e+00  5.77387e-03  9.95388e-01  9.98155e-01
 7.30000e+01  9.97281e-01  5.74656e-03  1.49321e+00  5.76223e-03  9.95475e-01  9.98190e-01
 7.31000e+01  9.97334e-01  5.73473e-03  1.49335e+00  5.75006e-03  9.95564e-01  9.98225e-01
 7.32000e+01  9.97387e-01  5.72237e-03  1.49348e+00  5.73736e-03  9.95653e-01  9.98261e-01
 7.33000e+01  9.97441e-01  5.70947e-03  1.49361e+00  5.72412e-03  9.95742e-01  9.98297e-01
 7.34000e+01  9.97495e-01  5.69604e-03  1.49375e+00  5.71035e-03  9.95833e-01  9.98333e-01
 7.35000e+01  9.97550e-01  5.68208e-03  1.49389e+00  5.69603e-03  9.95924e-01  9.98370e-01
 7.36000e+01  9.97605e-01  5.66758e-03  1.49402e+00  5.68119e-03  9.96015e-01  9.98406e-01
 7.37000e+01  9.97660e-01  5.65254e-03  1.49416e+00  5.66580e-03  9.96108e-01  9.98443e-01
 7.38000e+01  9.97716e-01  5.63696e-03  1.49430e+00  5.64987e-03  9.96200e-01  9.98481e-01
 7.39000e+01  9.97772e-01  5.62085e-03  1.49444e+00  5.63340e-03  9.96294e-01  9.98518e-01
 7.40000e+01  9.97829e-01  5.60419e-03  1.49458e+00  5.61639e-03  9.96388e-01  9.98556e-01
 7.41000e+01  9.97886e-01  5.58700e-03  1.49472e+00  5.59883e-03  9.96483e-01  9.98594e-01
 7.42000e+01  9.97943e-01  5.56926e-03  1.49487e+00  5.58074e-03  9.96579e-01  9.98632e-01
 7.43000e+01  9.98001e-01  5.55098e-03  1.49501e+00  5.56210e-03  9.96675e-01  9.98671e-01
 7.44000e+01  9.98059e-01  5.53216e-03  1.49516e+00  5.54292e-03  9.96772e-01  9.98710e-01
 7.45000e+01  9.98118e-01  5.51280e-03  1.49530e+00  5.52320e-03  9.96869e-01  9.98749e-01
 7.46000e+01  9.98177e-01  5.49290e-03  1.49545e+00  5.50293e-03  9.96967e-01  9.98788e-01
 7.47000e+01  9.98236e-01  5.47246e-03  1.49560e+00  5.48213e-03  9.97066e-01  9.98828e-01
 7.48000e+01  9.98296e-01  5.45147e-03  1.49575e+00  5.46078e-03  9.97165e-01  9.98868e-01
 7.49000e+01  9.98356e-01  5.42995e-03  1.49590e+00  5.43889e-03  9.97266e-01  9.98908e-01
 7.50000e+01  9.98417e-01  5.40789e-03  1.49605e+00  5.41647e-03  9.97366e-01  9.98948e-01
 7.51000e+01  9.98477e-01  5.38529e-03  1.49620e+00  5.39351e-03  9.97468e-01  9.98989e-01
 7.52000e+01  9.98539e-01  5.36216e-03  1.49635e+00  5.37001e-03  9.97570e-01  9.99030e-01
 7.53000e+01  9.98600e-01  5.33849e-03  1.49651e+00  5.34598e-03  9.97672e-01  9.99071e-01
 7.54000e+01  9.98662e-01  5.31429e-03  1.49666e+00  5.32141e-03  9.97775e-01  9.99112e-01
 7.55000e+01  9.98725e-01  5.28956e-03  1.49682e+00  5.29631e-03  9.97879e-01  9.99154e-01
 7.56000e+01  9.98787e-01  5.26430e-03  1.49698e+00  5.27069e-03  9.97984e-01  9.99195e-01
 7.57000e+01  9.98850e-01  5.23851e-03  1.49713e+00  5.24454e-03  9.98089e-01  9.99238e-01
 7.58000e+01  9.98914e-01  5.21220e-03  1.49729e+00  5.21787e-03  9.98195e-01  9.99280e-01
 7.59000e+01  9.98978e-01  5.18537e-03  1.49745e+00  5.19068e-03  9.98301e-01  9.99322e-01
 7.60000e+01  9.99042e-01  5.15802e-03  1.49761e+00  5.16297e-03  9.98408e-01  9.99365e-01
 7.61000e+01  9.99107e-01  5.13016e-03  1.49777e+00  5.13475e-03  9.98515e-01  9.99408e-01
 7.62000e+01  9.99171e-01  5.10178e-03  1.49794e+00  5.10601e-03  9.98623e-01  9.99452e-01
 7.63000e+01  9.99237e-01  5.07290e-03  1.49810e+00  5.07678e-03  9.98732e-01  9.99495e-01
 7.64000e+01  9.99302e-01  5.04351e-03  1.49826e+00  5.04704e-03  9.98841e-01  9.99539e-01
 7.65000e+01  9.99368e-01  5.01363e-03  1.49843e+00  5.01680e-03  9.98951e-01  9.99583e-01
 7.66000e+01  9.99435e-01  4.98325e-03  1.49859e+00  4.98607e-03  9.99062e-01  9.99627e-01
 7.67000e+01  9.99501e-01  4.95238e-03  1.49876e+00  4.95485e-03  9.99173e-01  9.99671e-01
 7.68000e+01  9.99568e-01  4.92103e-03  1.49893e+00  4.92315e-03  9.99284e-01  9.99716e-01
 7.69000e+01  9.99635e-01  4.88920e-03  1.49909e+00  4.89098e-03  9.99396e-01  9.99761e-01
 7.70000e+01  9.99703e-01  4.85689e-03  1.49926e+00  4.85833e-03  9.99509e-01  9.99806e-01
 7.71000e+01  9.99771e-01  4.82411e-03  1.49943e+00  4.82522e-03  9.99622e-01  9.99851e-01
 7.72000e+01  9.99839e-01  4.79088e-03  1.49960e+00  4.79165e-03  9.99736e-01  9.99897e-01
 7.73000e+01  9.99908e-01  4.75719e-03  1.49977e+00  4.75763e-03  9.99850e-01  9.99942e-01
 7.74000e+01  9.99976e-01  4.72305e-03  1.49995e+00  4.72316e-03  9.99964e-01  9.99988e-01
 7.75000e+01  1.00005e+00  4.68846e-03  1.50012e+00  4.68825e-03  1.00008e+00  1.00003e+00
 7.76000e+01  1.00011e+00  4.65345e-03  1.50029e+00  4.65291e-03  1.00020e+00  1.00008e+00
 7.77000e+01  1.00018e+00  4.61800e-03  1.50047e+00  4.61715e-03  1.00031e+00  1.00013e+00
 7.78000e+01  1.00025e+00  4.58214e-03  1.50064e+00  4.58097e-03  1.00043e+00  1.00017e+00
 7.79000e+01  1.00032e+00  4.54586e-03  1.50082e+00  4.54439e-03  1.00054e+00  1.00022e+00
 7.80000e+01  1.00040e+00  4.50918e-03  1.50099e+00  4.50740e-03  1.00066e+00  1.00027e+00
 7.81000e+01  1.00047e+00  4.47211e-03  1.50117e+00  4.47003e-03  1.00078e+00  1.00031e+00
 7.82000e+01  1.00054e+00  4.43465e-03  1.50135e+00  4.43227e-03  1.00090e+00  1.00036e+00
 7.83000e+01  1.00061e+00  4.39682e-03  1.50153e+00  4.39414e-03  1.00102e+00  1.00041e+00
 7.84000e+01  1.00068e+00  4.35861e-03  1.50170e+00  4.35565e-03  1.00114e+00  1.00046e+00
 7.85000e+01  1.00075e+00  4.32005e-03  1.50188e+00  4.31681e-03  1.00126e+00  1.00050e+00
 7.86000e+01  1.00082e+00  4.28114e-03  1.50206e+00  4.27762e-03  1.00137e+00  1.00055e+00
 7.87000e+01  1.00089e+00  4.24189e-03  1.50224e+00  4.23810e-03  1.00149e+00  1.00060e+00
 7.88000e+01  1.00097e+00  4.20232e-03  1.50242e+00  4.19826e-03  1.00162e+00  1.00065e+00
 7.89000e+01  1.00104e+00  4.16243e-03  1.50260e+00  4.15811e-03  1.00174e+00  1.00070e+00
 7.90000e+01  1.00111e+00  4.12223e-03  1.50279e+00  4.11765e-03  1.00186e+00  1.00074e+00
 7.91000e+01  1.00118e+00  4.08173e-03  1.50297e+00  4.07690e-03  1.00198e+00  1.00079e+00
 7.92000e+01  1.00126e+00  4.04096e-03  1.50315e+00  4.03588e-03  1.00210e+00  1.00084e+00
 7.93000e+01  1.00133e+00  3.99991e-03  1.50333e+00  3.99459e-03  1.00222e+00  1.00089e+00
 7.94000e+01  1.00140e+00  3.95859e-03  1.50352e+00  3.95304e-03  1.00234e+00  1.00094e+00
 7.95000e+01  1.00148e+00  3.91703e-03  1.50370e+00  3.91125e-03  1.00247e+00  1.00099e+00
 7.96000e+01  1.00155e+00  3.87523e-03  1.50388e+00  3.86923e-03  1.00259e+00  1.00104e+00
 7.97000e+01  1.00162e+00  3.83321e-03  1.50407e+00  3.82699e-03  1.00271e+00  1.00108e+00
 7.98000e+01  1.00170e+00  3.79097e-03  1.50425e+00  3.78454e-03  1.00283e+00  1.00113e+00
 7.99000e+01  1.00177e+00  3.74853e-03  1.50443e+00  3.74190e-03  1.00296e+00  1.00118e+00
 8.00000e+01  1.00185e+00  3.70590e-03  1.50462e+00  3.69908e-03  1.00308e+00  1.00123e+00
 8.01000e+01  1.00192e+00  3.66310e-03  1.50480e+00  3.65609e-03  1.00320e+00  1.00128e+00
 8.02000e+01  1.00199e+00  3.62014e-03  1.50499e+00  3.61294e-03  1.00333e+00  1.00133e+00
 8.03000e+01  1.00207e+00  3.57702e-03  1.50517e+00  3.56965e-03  1.00345e+00  1.00138e+00
 8.04000e+01  1.00214e+00  3.53377e-03  1.50536e+00  3.52623e-03  1.00357e+00  1.00143e+00
 8.05000e+01  1.00221e+00  3.49040e-03  1.50554e+00  3.48269e-03  1.00370e+00  1.00148e+00
 8.06000e+01  1.00229e+00  3.44692e-03  1.50573e+00  3.43905e-03  1.00382e+00  1.00153e+00
 8.07000e+01  1.00236e+00  3.40333e-03  1.50591e+00  3.39531e-03  1.00394e+00  1.00158e+00
 8.08000e+01  1.00244e+00  3.35967e-03  1.50610e+00  3.35150e-03  1.00407e+00  1.00163e+00
 8.09000e+01  1.00251e+00  3.31593e-03  1.50628e+00  3.30763e-03  1.00419e+00  1.00167e+00
 8.10000e+01  1.00258e+00  3.27214e-03  1.50647e+00  3.26371e-03  1.00431e+00  1.00172e+00
 8.11000e+01  1.00266e+00  3.22830e-03  1.50665e+00  3.21974e-03  1.00444e+00  1.00177e+00
 8.12000e+01  1.00273e+00  3.18444e-03  1.50684e+00  3.17576e-03  1.00456e+00  1.00182e+00
 8.13000e+01  1.00281e+00  3.14055e-03  1.50702e+00  3.13176e-03  1.00468e+00  1.00187e+00
 8.14000e+01  1.00288e+00  3.09666e-03  1.50721e+00  3.08777e-03  1.00480e+00  1.00192e+00
 8.15000e+01  1.00295e+00  3.05278e-03  1.50739e+00  3.04379e-03  1.00493e+00  1.00197e+00
 8.16000e+01  1.00303e+00  3.00892e-03  1.50757e+00  2.99984e-03  1.00505e+00  1.00202e+00
 8.17000e+01  1.00310e+00  2.96510e-03  1.50776e+00  2.95594e-03  1.00517e+00  1.00207e+00
 8.18000e+01  1.00317e+00  2.92132e-03  1.50794e+00  2.91209e-03  1.00529e+00  1.00212e+00
 8.19000e+01  1.00325e+00  2.87761e-03  1.50812e+00  2.86830e-03  1.00542e+00  1.00216e+00
 8.20000e+01  1.00332e+00  2.83397e-03  1.50831e+00  2.82460e-03  1.00554e+00  1.00221e+00
 8.21000e+01  1.00339e+00  2.79042e-03  1.50849e+00  2.78099e-03  1.00566e+00  1.00226e+00
 8.22000e+01  1.00346e+00  2.74696e-03  1.50867e+00  2.73748e-03  1.00578e+00  1.00231e+00
 8.23000e+01  1.00354e+00  2.70362e-03  1.50885e+00  2.69409e-03  1.00590e+00  1.00236e+00
 8.24000e+01  1.00361e+00  2.66040e-03  1.50903e+00  2.65083e-03  1.00602e+00  1.00241e+00
 8.25000e+01  1.00368e+00  2.61732e-03  1.50921e+00  2.60772e-03  1.00614e+00  1.00245e+00
 8.26000e+01  1.00375e+00  2.57438e-03  1.50939e+00  2.56476e-03  1.00626e+00  1.00250e+00
 8.27000e+01  1.00382e+00  2.53160e-03  1.50957e+00  2.52196e-03  1.00638e+00  1.00255e+00
 8.28000e+01  1.00390e+00  2.48899e-03  1.50975e+00  2.47934e-03  1.00650e+00  1.00260e+00
 8.29000e+01  1.00397e+00  2.44657e-03  1.50993e+00  2.43690e-03  1.00662e+00  1.00264e+00
 8.30000e+01  1.00404e+00  2.40434e-03  1.51011e+00  2.39467e-03  1.00674e+00  1.00269e+00
 8.31000e+01  1.00411e+00  2.36231e-03  1.51028e+00  2.35264e-03  1.00686e+00  1.00274e+00
 8.32000e+01  1.00418e+00  2.32049e-03  1.51046e+00  2.31084e-03  1.00697e+00  1.00278e+00
 8.33000e+01  1.00425e+00  2.27890e-03  1.51064e+00  2.26926e-03  1.00709e+00  1.00283e+00
 8.34000e+01  1.00432e+00  2.23754e-03  1.51081e+00  2.22792e-03  1.00721e+00  1.00288e+00
 8.35000e+01  1.00439e+00  2.19643e-03  1.51098e+00  2.18684e-03  1.00732e+00  1.00292e+00
 8.36000e+01  1.00446e+00  2.15558e-03  1.51116e+00  2.14601e-03  1.00744e+00  1.00297e+00
 8.37000e+01  1.00453e+00  2.11498e-03  1.51133e+00  2.10545e-03  1.00755e+00  1.00301e+00
 8.38000e+01  1.00459e+00  2.07466e-03  1.51150e+00  2.06517e-03  1.00767e+00  1.00306e+00
 8.39000e+01  1.00466e+00  2.03462e-03  1.51167e+00  2.02518e-03  1.00778e+00  1.00311e+00
 8.40000e+01  1.00473e+00  1.99487e-03  1.51184e+00  1.98548e-03  1.00790e+00  1.00315e+00
 8.41000e+01  1.00480e+00  1.95542e-03  1.51201e+00  1.94608e-03  1.00801e+00  1.00320e+00
 8.42000e+01  1.00487e+00  1.91628e-03  1.51218e+00  1.90700e-03  1.00812e+00  1.00324e+00
 8.43000e+01  1.00493e+00  1.87744e-03  1.51235e+00  1.86823e-03  1.00823e+00  1.00328e+00
 8.44000e+01  1.00500e+00  1.83894e-03  1.51252e+00  1.82979e-03  1.00834e+00  1.00333e+00
 8.45000e+01  1.00506e+00  1.80076e-03  1.51268e+00  1.79168e-03  1.00845e+00  1.00337e+00
 8.46000e+01  1.00513e+00  1.76291e-03  1.51285e+00  1.75391e-03  1.00856e+00  1.00342e+00
 8.47000e+01  1.00520e+00  1.72541e-03  1.51301e+00  1.71649e-03  1.00867e+00  1.00346e+00
 8.48000e+01  1.00526e+00  1.68825e-03  1.51317e+00  1.67942e-03  1.00878e+00  1.00350e+00
 8.49000e+01  1.00533e+00  1.65145e-03  1.51334e+00  1.64271e-03  1.00889e+00  1.00355e+00
 8.50000e+01  1.00539e+00  1.61502e-03  1.51350e+00  1.60636e-03  1.00900e+00  1.00359e+00
 8.51000e+01  1.00545e+00  1.57894e-03  1.51366e+00  1.57038e-03  1.00910e+00  1.00363e+00
 8.52000e+01  1.00552e+00  1.54324e-03  1.51382e+00  1.53478e-03  1.00921e+00  1.00367e+00
 8.53000e+01  1.00558e+00  1.50792e-03  1.51397e+00  1.49955e-03  1.00932e+00  1.00372e+00
 8.54000e+01  1.00564e+00  1.47297e-03  1.51413e+00  1.46471e-03  1.00942e+00  1.00376e+00
 8.55000e+01  1.00570e+00  1.43841e-03  1.51429e+00  1.43026e-03  1.00952e+00  1.00380e+00
 8.56000e+01  1.00577e+00  1.40425e-03  1.51444e+00  1.39619e-03  1.00963e+00  1.00384e+00
 8.57000e+01  1.00583e+00  1.37047e-03  1.51460e+00  1.36253e-03  1.00973e+00  1.00388e+00
 8.58000e+01  1.00589e+00  1.33709e-03  1.51475e+00  1.32926e-03  1.00983e+00  1.00392e+00
 8.59000e+01  1.00595e+00  1.30411e-03  1.51490e+00  1.29640e-03  1.00993e+00  1.00396e+00
 8.60000e+01  1.00601e+00  1.27154e-03  1.51505e+00  1.26395e-03  1.01003e+00  1.00400e+00
 8.61000e+01  1.00607e+00  1.23937e-03  1.51520e+00  1.23190e-03  1.01013e+00  1.00404e+00
 8.62000e+01  1.00613e+00  1.20762e-03  1.51535e+00  1.20026e-03  1.01023e+00  1.00408e+00
 8.63000e+01  1.00619e+00  1.17627e-03  1.51549e+00  1.16904e-03  1.01033e+00  1.00412e+00
 8.64000e+01  1.00624e+00  1.14534e-03  1.51564e+00  1.13823e-03  1.01043e+00  1.00416e+00
 8.65000e+01  1.00630e+00  1.11482e-03  1.51579e+00  1.10784e-03  1.01052e+00  1.00420e+00
 8.66000e+01  1.00636e+00  1.08472e-03  1.51593e+00  1.07787e-03  1.01062e+00  1.00423e+00
 8.67000e+01  1.00642e+00  1.05505e-03  1.51607e+00  1.04832e-03  1.01071e+00  1.00427e+00
 8.68000e+01  1.00647e+00  1.02579e-03  1.51621e+00  1.01919e-03  1.01081e+00  1.00431e+00
 8.69000e+01  1.00653e+00  9.96952e-04  1.51635e+00  9.90485e-04  1.01090e+00  1.00435e+00
 8.70000e+01  1.00658e+00  9.68538e-04  1.51649e+00  9.62203e-04  1.01100e+00  1.00438e+00
 8.71000e+01  1.00664e+00  9.40549e-04  1.51663e+00  9.34345e-04  1.01109e+00  1.00442e+00
 8.72000e+01  1.00669e+00  9.12983e-04  1.51677e+00  9.06912e-04  1.01118e+00  1.00446e+00
 8.73000e+01  1.00675e+00  8.85841e-04  1.51690e+00  8.79904e-04  1.01127e+00  1.00449e+00
 8.74000e+01  1.00680e+00  8.59125e-04  1.51704e+00  8.53321e-04  1.01136e+00  1.00453e+00
 8.75000e+01  1.00685e+00  8.32833e-04  1.51717e+00  8.27163e-04  1.01145e+00  1.00456e+00
 8.76000e+01  1.00691e+00  8.06965e-04  1.51730e+00  8.01430e-04  1.01154e+00  1.00460e+00
 8.77000e+01  1.00696e+00  7.81521e-04  1.51743e+00  7.76120e-04  1.01162e+00  1.00463e+00
 8.78000e+01  1.00701e+00  7.56501e-04  1.51756e+00  7.51234e-04  1.01171e+00  1.00467e+00
 8.79000e+01  1.00706e+00  7.31904e-04  1.51769e+00  7.26772e-04  1.01180e+00  1.00470e+00
 8.80000e+01  1.00711e+00  7.07729e-04  1.51782e+00  7.02731e-04  1.01188e+00  1.00473e+00
 8.81000e+01  1.00716e+00  6.83975e-04  1.51795e+00  6.79111e-04  1.01196e+00  1.00477e+00
 8.82000e+01  1.00721e+00  6.60641e-04  1.51807e+00  6.55910e-04  1.01205e+00  1.00480e+00
 8.83000e+01  1.00726e+00  6.37726e-04  1.51819e+00  6.33129e-04  1.01213e+00  1.00483e+00
 8.84000e+01  1.00731e+00  6.15229e-04  1.51832e+00  6.10764e-04  1.01221e+00  1.00487e+00
 8.85000e+01  1.00736e+00  5.93147e-04  1.51844e+00  5.88814e-04  1.01229e+00  1.00490e+00
 8.86000e+01  1.00741e+00  5.71480e-04  1.51856e+00  5.67278e-04  1.01237e+00  1.00493e+00
 8.87000e+01  1.00745e+00  5.50226e-04  1.51868e+00  5.46155e-04  1.01245e+00  1.00496e+00
 8.88000e+01  1.00750e+00  5.29382e-04  1.51880e+00  5.25441e-04  1.01253e+00  1.00499e+00
 8.89000e+01  1.00755e+00  5.08947e-04  1.51891e+00  5.05135e-04  1.01261e+00  1.00502e+00
 8.90000e+01  1.00759e+00  4.88919e-04  1.51903e+00  4.85235e-04  1.01269e+00  1.00505e+00
 8.91000e+01  1.00764e+00  4.69296e-04  1.51914e+00  4.65738e-04  1.01276e+00  1.00508e+00
 8.92000e+01  1.00768e+00  4.50075e-04  1.51926e+00  4.46643e-04  1.01284e+00  1.00511e+00
 8.93000e+01  1.00773e+00  4.31254e-04  1.51937e+00  4.27946e-04  1.01291e+00  1.00514e+00
 8.94000e+01  1.00777e+00  4.12830e-04  1.51948e+00  4.09646e-04  1.01299e+00  1.00517e+00
 8.95000e+01  1.00782e+00  3.94802e-04  1.51959e+00  3.91740e-04  1.01306e+00  1.00520e+00
 8.96000e+01  1.00786e+00  3.77166e-04  1.51970e+00  3.74225e-04  1.01313e+00  1.00523e+00
 8.97000e+01  1.00790e+00  3.59920e-04  1.51980e+00  3.57098e-04  1.01320e+00  1.00526e+00
 8.98000e+01  1.00794e+00  3.43061e-04  1.51991e+00  3.40357e-04  1.01327e+00  1.00529e+00
 8.99000e+01  1.00799e+00  3.26585e-04  1.52001e+00  3.23998e-04  1.01334e+00  1.00531e+00
 9.00000e+01  1.00803e+00  3.10492e-04  1.52012e+00  3.08019e-04  1.01341e+00  1.00534e+00
 9.01000e+01  1.00807e+00  2.94776e-04  1.52022e+00  2.92417e-04  1.01348e+00  1.00537e+00
 9.02000e+01  1.00811e+00  2.79435e-04  1.52032e+00  2.77188e-04  1.01355e+00  1.00540e+00
 9.03000e+01  1.00815e+00  2.64467e-04  1.52042e+00  2.62330e-04  1.01361e+00  1.00542e+00
 9.04000e+01  1.00819e+00  2.49868e-04  1.52052e+00  2.47839e-04  1.01368e+00  1.00545e+00
 9.05000e+01  1.00823e+00  2.35634e-04  1.52062e+00  2.33712e-04  1.01375e+00  1.00547e+00
 9.06000e+01  1.00826e+00  2.21763e-04  1.52072e+00  2.19945e-04  1.01381e+00  1.00550e+00
 9.07000e+01  1.00830e+00  2.08251e-04  1.52081e+00  2.06537e-04  1.01387e+00  1.00553e+00
 9.08000e+01  1.00834e+00  1.95095e-04  1.52091e+00  1.93482e-04  1.01394e+00  1.00555e+00
 9.09000e+01  1.00838e+00  1.82292e-04  1.52100e+00  1.80777e-04  1.01400e+00  1.00557e+00
 9.10000e+01  1.00841e+00  1.69837e-04  1.52109e+00  1.68420e-04  1.01406e+00  1.00560e+00
 9.11000e+01  1.00845e+00  1.57728e-04  1.52118e+00  1.56407e-04  1.01412e+00  1.00562e+00
 9.12000e+01  1.00849e+00  1.45961e-04  1.52127e+00  1.44733e-04  1.01418e+00  1.00565e+00
 9.13000e+01  1.00852e+00  1.34533e-04  1.52136e+00  1.33396e-04  1.01424e+00  1.00567e+00
 9.14000e+01  1.00856e+00  1.23439e-04  1.52145e+00  1.22392e-04  1.01430e+00  1.00569e+00
 9.15000e+01  1.00859e+00  1.12677e-04  1.52153e+00  1.11717e-04  1.01436e+00  1.00572e+00
 9.16000e+01  1.00862e+00  1.02242e-04  1.52162e+00  1.01368e-04  1.01441e+00  1.00574e+00
 9.17000e+01  1.00866e+00  9.21315e-05  1.52170e+00  9.13407e-05  1.01447e+00  1.00576e+00
 9.18000e+01  1.00869e+00  8.23410e-05  1.52179e+00  8.16316e-05  1.01452e+00  1.00578e+00
 9.19000e+01  1.00872e+00  7.28670e-05  1.52187e+00  7.22369e-05  1.01458e+00  1.00580e+00
 9.20000e+01  1.00876e+00  6.37059e-05  1.52195e+00  6.31530e-05  1.01463e+00  1.00583e+00
 9.21000e+01  1.00879e+00  5.48538e-05  1.52203e+00  5.43760e-05  1.01469e+00  1.00585e+00
 9.22000e+01  1.00882e+00  4.63070e-05  1.52211e+00  4.59022e-05  1.01474e+00  1.00587e+00
 9.23000e+01  1.00885e+00  3.80616e-05  1.52218e+00  3.77277e-05  1.01479e+00  1.00589e+00
 9.24000e+01  1.00888e+00  3.01138e-05  1.52226e+00  2.98488e-05  1.01484e+00  1.00591e+00
 9.25000e+01  1.00891e+00  2.24599e-05  1.52234e+00  2.22616e-05  1.01489e+00  1.00593e+00
 9.26000e+01  1.00894e+00  1.50959e-05  1.52241e+00  1.49622e-05  1.01494e+00  1.00595e+00
 9.27000e+01  1.00897e+00  8.01804e-06  1.52248e+00  7.94677e-06  1.01499e+00  1.00597e+00
 9.28000e+01  1.00900e+00  1.22238e-06  1.52256e+00  1.21148e-06  1.01504e+00  1.00599e+00
 9.29000e+01  1.00902e+00 -5.29493e-06  1.52263e+00 -5.24757e-06  1.01508e+00  1.00601e+00
 9.30000e+01  1.00905e+00 -1.15378e-05  1.52270e+00 -1.14343e-05  1.01513e+00  1.00602e+00
 9.31000e+01  1.00908e+00 -1.75101e-05  1.52276e+00 -1.73525e-05  1.01518e+00  1.00604e+00
 9.32000e+01  1.00911e+00 -2.32157e-05  1.52283e+00 -2.30062e-05  1.01522e+00  1.00606e+00
 9.33000e+01  1.00913e+00 -2.86587e-05  1.52290e+00 -2.83993e-05  1.01527e+00  1.00608e+00
 9.34000e+01  1.00916e+00 -3.38428e-05  1.52296e+00 -3.35357e-05  1.01531e+00  1.00610e+00
 9.35000e+01  1.00918e+00 -3.87720e-05  1.52303e+00 -3.84192e-05  1.01535e+00  1.00611e+00
 9.36000e+01  1.00921e+00 -4.34503e-05  1.52309e+00 -4.30538e-05  1.01540e+00  1.00613e+00
 9.37000e+01  1.00923e+00 -4.78816e-05  1.52316e+00 -4.74435e-05  1.01544e+00  1.00615e+00
 9.38000e+01  1.00926e+00 -5.20698e-05  1.52322e+00 -5.15921e-05  1.01548e+00  1.00616e+00
 9.39000e+01  1.00928e+00 -5.60189e-05  1.52328e+00 -5.55037e-05  1.01552e+00  1.00618e+00
 9.40000e+01  1.00931e+00 -5.97328e-05  1.52334e+00 -5.91820e-05  1.01556e+00  1.00619e+00
 9.41000e+01  1.00933e+00 -6.32154e-05  1.52339e+00 -6.26311e-05  1.01560e+00  1.00621e+00
 9.42000e+01  1.00935e+00 -6.64707e-05  1.52345e+00 -6.58548e-05  1.01563e+00  1.00622e+00
 9.43000e+01  1.00937e+00 -6.95027e-05  1.52351e+00 -6.88572e-05  1.01567e+00  1.00624e+00
 9.44000e+01  1.00940e+00 -7.23152e-05  1.52356e+00 -7.16420e-05  1.01571e+00  1.00625e+00
 9.45000e+01  1.00942e+00 -7.49123e-05  1.52362e+00 -7.42134e-05  1.01574e+00  1.00627e+00
 9.46000e+01  1.00944e+00 -7.72978e-05  1.52367e+00 -7.65751e-05  1.01578e+00  1.00628e+00
 9.47000e+01  1.00946e+00 -7.94758e-05  1.52372e+00 -7.87311e-05  1.01581e+00  1.00630e+00
 9.48000e+01  1.00948e+00 -8.14501e-05  1.52377e+00 -8.06853e-05  1.01585e+00  1.00631e+00
 9.49000e+01  1.00950e+00 -8.32248e-05  1.52382e+00 -8.24416e-05  1.01588e+00  1.00632e+00
 9.50000e+01  1.00952e+00 -8.48036e-05  1.52387e+00 -8.40040e-05  1.01591e+00  1.00634e+00
 9.51000e+01  1.00954e+00 -8.61906e-05  1.52392e+00 -8.53763e-05  1.01595e+00  1.00635e+00
 9.52000e+01  1.00956e+00 -8.73897e-05  1.52397e+00 -8.65625e-05  1.01598e+00  1.00636e+00
 9.53000e+01  1.00957e+00 -8.84048e-05  1.52401e+00 -8.75664e-05  1.01601e+00  1.00637e+00
 9.54000e+01  1.00959e+00 -8.92399e-05  1.52406e+00 -8.83920e-05  1.01604e+00  1.00638e+00
 9.55000e+01  1.00961e+00 -8.98988e-05  1.52410e+00 -8.90431e-05  1.01607e+00  1.00640e+00
 9.56000e+01  1.00963e+00 -9.03856e-05  1.52414e+00 -8.95237e-05  1.01610e+00  1.00641e+00
 9.57000e+01  1.00964e+00 -9.07040e-05  1.52419e+00 -8.98376e-05  1.01612e+00  1.00642e+00
 9.58000e+01  1.00966e+00 -9.08580e-05  1.52423e+00 -8.99887e-05  1.01615e+00  1.00643e+00
 9.59000e+01  1.00968e+00 -9.08515e-05  1.52427e+00 -8.99809e-05  1.01618e+00  1.00644e+00
 9.60000e+01  1.00969e+00 -9.06884e-05  1.52431e+00 -8.98180e-05  1.01620e+00  1.00645e+00
 9.61000e+01  1.00971e+00 -9.03726e-05  1.52434e+00 -8.95039e-05  1.01623e+00  1.00646e+00
 9.62000e+01  1.00972e+00 -8.99080e-05  1.52438e+00 -8.90424e-05  1.01625e+00  1.00647e+00
 9.63000e+01  1.00973e+00 -8.92985e-05  1.52442e+00 -8.84376e-05  1.01628e+00  1.00648e+00
 9.64000e+01  1.00975e+00 -8.85479e-05  1.52445e+00 -8.76930e-05  1.01630e+00  1.00649e+00
 9.65000e+01  1.00976e+00 -8.76602e-05  1.52448e+00 -8.68127e-05  1.01632e+00  1.00650e+00
 9.66000e+01  1.00978e+00 -8.66392e-05  1.52452e+00 -8.58005e-05  1.01635e+00  1.00651e+00
 9.67000e+01  1.00979e+00 -8.54888e-05  1.52455e+00 -8.46601e-05  1.01637e+00  1.00651e+00
 9.68000e+01  1.00980e+00 -8.42128e-05  1.52458e+00 -8.33955e-05  1.01639e+00  1.00652e+00
 9.69000e+01  1.00981e+00 -8.28151e-05  1.52461e+00 -8.20104e-05  1.01641e+00  1.00653e+00
 9.70000e+01  1.00982e+00 -8.12996e-05  1.52464e+00 -8.05087e-05  1.01643e+00  1.00654e+00
 9.71000e+01  1.00983e+00 -7.96701e-05  1.52467e+00 -7.88942e-05  1.01645e+00  1.00655e+00
 9.72000e+01  1.00985e+00 -7.79305e-05  1.52470e+00 -7.71707e-05  1.01646e+00  1.00655e+00
 9.73000e+01  1.00986e+00 -7.60845e-05  1.52472e+00 -7.53419e-05  1.01648e+00  1.00656e+00
 9.74000e+01  1.00987e+00 -7.41361e-05  1.52475e+00 -7.34118e-05  1.01650e+00  1.00657e+00
 9.75000e+01  1.00988e+00 -7.20891e-05  1.52477e+00 -7.13841e-05  1.01651e+00  1.00657e+00
 9.76000e+01  1.00988e+00 -6.99472e-05  1.52479e+00 -6.92626e-05  1.01653e+00  1.00658e+00
 9.77000e+01  1.00989e+00 -6.77144e-05  1.52482e+00 -6.70510e-05  1.01654e+00  1.00659e+00
 9.78000e+01  1.00990e+00 -6.53944e-05  1.52484e+00 -6.47532e-05  1.01656e+00  1.00659e+00
 9.79000e+01  1.00991e+00 -6.29911e-05  1.52486e+00 -6.23730e-05  1.01657e+00  1.00660e+00
 9.80000e+01  1.00992e+00 -6.05083e-05  1.52488e+00 -5.99141e-05  1.01659e+00  1.00660e+00
 9.81000e+01  1.00993e+00 -5.79498e-05  1.52490e+00 -5.73802e-05  1.01660e+00  1.00661e+00
 9.82000e+01  1.00993e+00 -5.53193e-05  1.52491e+00 -5.47753e-05  1.01661e+00  1.00661e+00
 9.83000e+01  1.00994e+00 -5.26208e-05  1.52493e+00 -5.21029e-05  1.01662e+00  1.00662e+00
 9.84000e+01  1.00995e+00 -4.98579e-05  1.52495e+00 -4.93670e-05  1.01663e+00  1.00662e+00
 9.85000e+01  1.00995e+00 -4.70346e-05  1.52496e+00 -4.65712e-05  1.01664e+00  1.00662e+00
 9.86000e+01  1.00996e+00 -4.41545e-05  1.52497e+00 -4.37193e-05  1.01665e+00  1.00663e+00
 9.87000e+01  1.00996e+00 -4.12216e-05  1.52499e+00 -4.08150e-05  1.01666e+00  1.00663e+00
 9.88000e+01  1.00997e+00 -3.82395e-05  1.52500e+00 -3.78622e-05  1.01667e+00  1.00663e+00
 9.89000e+01  1.00997e+00 -3.52121e-05  1.52501e+00 -3.48645e-05  1.01667e+00  1.00664e+00
 9.90000e+01  1.00997e+00 -3.21431e-05  1.52502e+00 -3.18257e-05  1.01668e+00  1.00664e+00
 9.91000e+01  1.00998e+00 -2.90364e-05  1.52503e+00 -2.87496e-05  1.01669e+00  1.00664e+00
 9.92000e+01  1.00998e+00 -2.58957e-05  1.52504e+00 -2.56398e-05  1.01669e+00  1.00664e+00
 9.93000e+01  1.00998e+00 -2.27248e-05  1.52504e+00 -2.25002e-05  1.01670e+00  1.00665e+00
 9.94000e+01  1.00999e+00 -1.95275e-05  1.52505e+00 -1.93344e-05  1.01670e+00  1.00665e+00
 9.95000e+01  1.00999e+00 -1.63075e-05  1.52506e+00 -1.61462e-05  1.01670e+00  1.00665e+00
 9.96000e+01  1.00999e+00 -1.30686e-05  1.52506e+00 -1.29394e-05  1.01671e+00  1.00665e+00
 9.97000e+01  1.00999e+00 -9.81468e-06  1.52506e+00 -9.71759e-06  1.01671e+00  1.00665e+00
 9.98000e+01  1.00999e+00 -6.54941e-06  1.52507e+00 -6.48461e-06  1.01671e+00  1.00665e+00
 9.99000e+01  1.00999e+00 -3.27659e-06  1.52507e+00 -3.24417e-06  1.01671e+00  1.00665e+00
