 0.00000e+00  2.14384e-01 -5.17507e-15  1.00380e-01 -2.41393e-14  7.82228e-02  4.55073e-01
 5.00000e-01  2.14375e-01 -6.33423e-05  1.00379e-01 -2.95475e-04  7.82208e-02  4.55076e-01
 1.00000e+00  2.14348e-01 -1.26768e-04  1.00375e-01 -5.91412e-04  7.82148e-02  4.55084e-01
 1.50000e+00  2.14304e-01 -1.90359e-04  1.00368e-01 -8.88266e-04  7.82049e-02  4.55098e-01
 2.00000e+00  2.14242e-01 -2.54191e-04  1.00358e-01 -1.18647e-03  7.81910e-02  4.55117e-01
 2.50000e+00  2.14162e-01 -3.18334e-04  1.00346e-01 -1.48642e-03  7.81732e-02  4.55142e-01
 3.00000e+00  2.14065e-01 -3.82849e-04  1.00331e-01 -1.78847e-03  7.81516e-02  4.55173e-01
 3.50000e+00  2.13950e-01 -4.47787e-04  1.00314e-01 -2.09295e-03  7.81262e-02  4.55210e-01
 4.00000e+00  2.13819e-01 -5.13183e-04  1.00294e-01 -2.40008e-03  7.80971e-02  4.55252e-01
 4.50000e+00  2.13671e-01 -5.79058e-04  1.00271e-01 -2.71005e-03  7.80644e-02  4.55300e-01
 5.00000e+00  2.13506e-01 -6.45417e-04  1.00247e-01 -3.02295e-03  7.80282e-02  4.55355e-01
 5.50000e+00  2.13325e-01 -7.12242e-04  1.00220e-01 -3.33877e-03  7.79887e-02  4.55415e-01
 6.00000e+00  2.13127e-01 -7.79499e-04  1.00190e-01 -3.65743e-03  7.79459e-02  4.55483e-01
 6.50000e+00  2.12915e-01 -8.47127e-04  1.00159e-01 -3.97872e-03  7.79001e-02  4.55557e-01
 7.00000e+00  2.12687e-01 -9.15044e-04  1.00126e-01 -4.30231e-03  7.78514e-02  4.55638e-01
 7.50000e+00  2.12444e-01 -9.83142e-04  1.00092e-01 -4.62777e-03  7.78001e-02  4.55726e-01
 8.00000e+00  2.12187e-01 -1.05129e-03  1.00056e-01 -4.95452e-03  7.77463e-02  4.55822e-01
 8.50000e+00  2.11917e-01 -1.11932e-03  1.00019e-01 -5.28189e-03  7.76903e-02  4.55926e-01
 9.00000e+00  2.11633e-01 -1.18706e-03  9.99804e-02 -5.60904e-03  7.76324e-02  4.56038e-01
 9.50000e+00  2.11336e-01 -1.25429e-03  9.99414e-02 -5.93504e-03  7.75728e-02  4.56159e-01
 1.00000e+01  2.11028e-01 -1.32078e-03  9.99019e-02 -6.25881e-03  7.75118e-02  4.56289e-01
 1.05000e+01  2.10708e-01 -1.38628e-03  9.98621e-02 -6.57916e-03  7.74497e-02  4.56429e-01
 1.10000e+01  2.10378e-01 -1.45051e-03  9.98225e-02 -6.89480e-03  7.73870e-02  4.56580e-01
 1.15000e+01  2.10037e-01 -1.51319e-03  9.97832e-02 -7.20436e-03  7.73238e-02  4.56741e-01
 1.20000e+01  2.09688e-01 -1.57399e-03  9.97447e-02 -7.50636e-03  7.72605e-02  4.56913e-01
 1.25000e+01  2.09330e-01 -1.63263e-03  9.97072e-02 -7.79929e-03  7.71975e-02  4.57097e-01
 1.30000e+01  2.08964e-01 -1.68876e-03  9.96711e-02 -8.08160e-03  7.71352e-02  4.57294e-01
 1.35000e+01  2.08591e-01 -1.74209e-03  9.96366e-02 -8.35170e-03  7.70738e-02  4.57504e-01
 1.40000e+01  2.08212e-01 -1.79230e-03  9.96042e-02 -8.60804e-03  7.70137e-02  4.57727e-01
 1.45000e+01  2.07828e-01 -1.83909e-03  9.95740e-02 -8.84911e-03  7.69552e-02  4.57964e-01
 1.50000e+01  2.07438e-01 -1.88218e-03  9.95465e-02 -9.07344e-03  7.68987e-02  4.58215e-01
 1.55000e+01  2.07045e-01 -1.92131e-03  9.95217e-02 -9.27970e-03  7.68444e-02  4.58481e-01
 1.60000e+01  2.06648e-01 -1.95626e-03  9.95001e-02 -9.46664e-03  7.67925e-02  4.58763e-01
 1.65000e+01  2.06248e-01 -1.98682e-03  9.94817e-02 -9.63318e-03  7.67433e-02  4.59059e-01
 1.70000e+01  2.05846e-01 -2.01285e-03  9.94669e-02 -9.77841e-03  7.66971e-02  4.59371e-01
 1.75000e+01  2.05442e-01 -2.03421e-03  9.94556e-02 -9.90163e-03  7.66538e-02  4.59698e-01
 1.80000e+01  2.05038e-01 -2.05085e-03  9.94480e-02 -1.00023e-02  7.66138e-02  4.60041e-01
 1.85000e+01  2.04632e-01 -2.06273e-03  9.94442e-02 -1.00802e-02  7.65770e-02  4.60399e-01
 1.90000e+01  2.04226e-01 -2.06987e-03  9.94441e-02 -1.01352e-02  7.65434e-02  4.60772e-01
 1.95000e+01  2.03820e-01 -2.07234e-03  9.94478e-02 -1.01675e-02  7.65131e-02  4.61160e-01
 2.00000e+01  2.03414e-01 -2.07025e-03  9.94551e-02 -1.01775e-02  7.64861e-02  4.61562e-01
 2.05000e+01  2.03009e-01 -2.06376e-03  9.94660e-02 -1.01658e-02  7.64622e-02  4.61978e-01
 2.10000e+01  2.02605e-01 -2.05306e-03  9.94803e-02 -1.01333e-02  7.64413e-02  4.62407e-01
 2.15000e+01  2.02202e-01 -2.03837e-03  9.94977e-02 -1.00809e-02  7.64234e-02  4.62849e-01
 2.20000e+01  2.01799e-01 -2.01997e-03  9.95181e-02 -1.00098e-02  7.64081e-02  4.63302e-01
 2.25000e+01  2.01398e-01 -1.99813e-03  9.95413e-02 -9.92128e-03  7.63953e-02  4.63766e-01
 2.30000e+01  2.00998e-01 -1.97316e-03  9.95669e-02 -9.81679e-03  7.63848e-02  4.64240e-01
 2.35000e+01  2.00599e-01 -1.94538e-03  9.95947e-02 -9.69781e-03  7.63763e-02  4.64723e-01
 2.40000e+01  2.00202e-01 -1.91511e-03  9.96244e-02 -9.56588e-03  7.63696e-02  4.65214e-01
 2.45000e+01  1.99806e-01 -1.88269e-03  9.96556e-02 -9.42255e-03  7.63645e-02  4.65712e-01
 2.50000e+01  1.99412e-01 -1.84843e-03  9.96882e-02 -9.26941e-03  7.63606e-02  4.66215e-01
 2.55000e+01  1.99019e-01 -1.81266e-03  9.97217e-02 -9.10796e-03  7.63578e-02  4.66723e-01
 2.60000e+01  1.98628e-01 -1.77567e-03  9.97559e-02 -8.93968e-03  7.63558e-02  4.67235e-01
 2.65000e+01  1.98238e-01 -1.73775e-03  9.97905e-02 -8.76596e-03  7.63543e-02  4.67750e-01
 2.70000e+01  1.97851e-01 -1.69916e-03  9.98253e-02 -8.58810e-03  7.63533e-02  4.68266e-01
 2.75000e+01  1.97465e-01 -1.66015e-03  9.98600e-02 -8.40729e-03  7.63524e-02  4.68783e-01
 2.80000e+01  1.97081e-01 -1.62092e-03  9.98944e-02 -8.22460e-03  7.63515e-02  4.69300e-01
 2.85000e+01  1.96700e-01 -1.58166e-03  9.99282e-02 -8.04096e-03  7.63505e-02  4.69816e-01
 2.90000e+01  1.96321e-01 -1.54253e-03  9.99615e-02 -7.85718e-03  7.63492e-02  4.70329e-01
 2.95000e+01  1.95946e-01 -1.50367e-03  9.99939e-02 -7.67392e-03  7.63476e-02  4.70840e-01
 3.00000e+01  1.95573e-01 -1.46518e-03  1.00025e-01 -7.49173e-03  7.63455e-02  4.71347e-01
 3.05000e+01  1.95203e-01 -1.42713e-03  1.00056e-01 -7.31100e-03  7.63429e-02  4.71851e-01
 3.10000e+01  1.94838e-01 -1.38958e-03  1.00085e-01 -7.13201e-03  7.63398e-02  4.72349e-01
 3.15000e+01  1.94476e-01 -1.35257e-03  1.00113e-01 -6.95494e-03  7.63362e-02  4.72841e-01
 3.20000e+01  1.94119e-01 -1.31609e-03  1.00141e-01 -6.77985e-03  7.63320e-02  4.73328e-01
 3.25000e+01  1.93766e-01 -1.28015e-03  1.00167e-01 -6.60669e-03  7.63272e-02  4.73808e-01
 3.30000e+01  1.93419e-01 -1.24471e-03  1.00191e-01 -6.43534e-03  7.63220e-02  4.74281e-01
 3.35000e+01  1.93077e-01 -1.20974e-03  1.00215e-01 -6.26561e-03  7.63163e-02  4.74746e-01
 3.40000e+01  1.92741e-01 -1.17519e-03  1.00238e-01 -6.09726e-03  7.63103e-02  4.75203e-01
 3.45000e+01  1.92411e-01 -1.14100e-03  1.00259e-01 -5.92998e-03  7.63040e-02  4.75652e-01
 3.50000e+01  1.92089e-01 -1.10709e-03  1.00280e-01 -5.76344e-03  7.62974e-02  4.76092e-01
 3.55000e+01  1.91773e-01 -1.07341e-03  1.00299e-01 -5.59727e-03  7.62906e-02  4.76523e-01
 3.60000e+01  1.91465e-01 -1.03987e-03  1.00318e-01 -5.43111e-03  7.62838e-02  4.76944e-01
 3.65000e+01  1.91164e-01 -1.00640e-03  1.00336e-01 -5.26459e-03  7.62769e-02  4.77356e-01
 3.70000e+01  1.90872e-01 -9.72941e-04  1.00354e-01 -5.09733e-03  7.62701e-02  4.77757e-01
 3.75000e+01  1.90589e-01 -9.39411e-04  1.00370e-01 -4.92899e-03  7.62634e-02  4.78147e-01
 3.80000e+01  1.90315e-01 -9.05751e-04  1.00386e-01 -4.75923e-03  7.62570e-02  4.78527e-01
 3.85000e+01  1.90050e-01 -8.71899e-04  1.00402e-01 -4.58774e-03  7.62507e-02  4.78895e-01
 3.90000e+01  1.89794e-01 -8.37802e-04  1.00417e-01 -4.41427e-03  7.62448e-02  4.79252e-01
 3.95000e+01  1.89548e-01 -8.03414e-04  1.00431e-01 -4.23857e-03  7.62393e-02  4.79596e-01
 4.00000e+01  1.89313e-01 -7.68694e-04  1.00445e-01 -4.06045e-03  7.62341e-02  4.79928e-01
 4.05000e+01  1.89087e-01 -7.33612e-04  1.00459e-01 -3.87975e-03  7.62293e-02  4.80247e-01
 4.10000e+01  1.88873e-01 -6.98142e-04  1.00472e-01 -3.69636e-03  7.62250e-02  4.80553e-01
 4.15000e+01  1.88669e-01 -6.62267e-04  1.00485e-01 -3.51021e-03  7.62211e-02  4.80846e-01
 4.20000e+01  1.88476e-01 -6.25976e-04  1.00497e-01 -3.32125e-03  7.62176e-02  4.81124e-01
 4.25000e+01  1.88294e-01 -5.89266e-04  1.00509e-01 -3.12950e-03  7.62146e-02  4.81388e-01
 4.30000e+01  1.88123e-01 -5.52139e-04  1.00521e-01 -2.93498e-03  7.62119e-02  4.81638e-01
 4.35000e+01  1.87964e-01 -5.14605e-04  1.00531e-01 -2.73778e-03  7.62097e-02  4.81872e-01
 4.40000e+01  1.87816e-01 -4.76675e-04  1.00542e-01 -2.53798e-03  7.62078e-02  4.82090e-01
 4.45000e+01  1.87680e-01 -4.38369e-04  1.00551e-01 -2.33572e-03  7.62062e-02  4.82293e-01
 4.50000e+01  1.87556e-01 -3.99707e-04  1.00560e-01 -2.13114e-03  7.62050e-02  4.82479e-01
 4.55000e+01  1.87443e-01 -3.60714e-04  1.00569e-01 -1.92440e-03  7.62040e-02  4.82649e-01
 4.60000e+01  1.87342e-01 -3.21419e-04  1.00577e-01 -1.71568e-03  7.62032e-02  4.82802e-01
 4.65000e+01  1.87252e-01 -2.81851e-04  1.00583e-01 -1.50519e-03  7.62026e-02  4.82938e-01
 4.70000e+01  1.87175e-01 -2.42042e-04  1.00589e-01 -1.29313e-03  7.62022e-02  4.83056e-01
 4.75000e+01  1.87109e-01 -2.02023e-04  1.00595e-01 -1.07971e-03  7.62019e-02  4.83156e-01
 4.80000e+01  1.87056e-01 -1.61830e-04  1.00599e-01 -8.65143e-04  7.62017e-02  4.83238e-01
 4.85000e+01  1.87014e-01 -1.21496e-04  1.00602e-01 -6.49663e-04  7.62016e-02  4.83303e-01
 4.90000e+01  1.86984e-01 -8.10563e-05  1.00605e-01 -4.33493e-04  7.62015e-02  4.83349e-01
 4.95000e+01  1.86966e-01 -4.05459e-05  1.00606e-01 -2.16862e-04  7.62014e-02  4.83376e-01
 5.00000e+01  1.86960e-01  2.86314e-15  1.00607e-01  1.53142e-14  7.62014e-02  4.83385e-01
 5.05000e+01  1.86966e-01  4.05459e-05  1.00606e-01  2.16862e-04  7.62014e-02  4.83376e-01
 5.10000e+01  1.86984e-01  8.10563e-05  1.00605e-01  4.33493e-04  7.62015e-02  4.83349e-01
 5.15000e+01  1.87014e-01  1.21496e-04  1.00602e-01  6.49663e-04  7.62016e-02  4.83303e-01
 5.20000e+01  1.87056e-01  1.61830e-04  1.00599e-01  8.65143e-04  7.62017e-02  4.83238e-01
 5.25000e+01  1.87109e-01  2.02023e-04  1.00595e-01  1.07971e-03  7.62019e-02  4.83156e-01
 5.30000e+01  1.87175e-01  2.42042e-04  1.00589e-01  1.29313e-03  7.62022e-02  4.83056e-01
 5.35000e+01  1.87252e-01  2.81851e-04  1.00583e-01  1.50519e-03  7.62026e-02  4.82938e-01
 5.40000e+01  1.87342e-01  3.21419e-04  1.00577e-01  1.71568e-03  7.62032e-02  4.82802e-01
 5.45000e+01  1.87443e-01  3.60714e-04  1.00569e-01  1.92440e-03  7.62040e-02  4.82649e-01
 5.50000e+01  1.87556e-01  3.99707e-04  1.00560e-01  2.13114e-03  7.62050e-02  4.82479e-01
 5.55000e+01  1.87680e-01  4.38369e-04  1.00551e-01  2.33572e-03  7.62062e-02  4.82293e-01
 5.60000e+01  1.87816e-01  4.76675e-04  1.00542e-01  2.53798e-03  7.62078e-02  4.82090e-01
 5.65000e+01  1.87964e-01  5.14605e-04  1.00531e-01  2.73778e-03  7.62097e-02  4.81872e-01
 5.70000e+01  1.88123e-01  5.52139e-04  1.00521e-01  2.93498e-03  7.62119e-02  4.81638e-01
 5.75000e+01  1.88294e-01  5.89266e-04  1.00509e-01  3.12950e-03  7.62146e-02  4.81388e-01
 5.80000e+01  1.88476e-01  6.25976e-04  1.00497e-01  3.32125e-03  7.62176e-02  4.81124e-01
 5.85000e+01  1.88669e-01  6.62267e-04  1.00485e-01  3.51021e-03  7.62211e-02  4.80846e-01
 5.90000e+01  1.88873e-01  6.98142e-04  1.00472e-01  3.69636e-03  7.62250e-02  4.80553e-01
 5.95000e+01  1.89087e-01  7.33612e-04  1.00459e-01  3.87975e-03  7.62293e-02  4.80247e-01
 6.00000e+01  1.89313e-01  7.68694e-04  1.00445e-01  4.06045e-03  7.62341e-02  4.79928e-01
 6.05000e+01  1.89548e-01  8.03414e-04  1.00431e-01  4.23857e-03  7.62393e-02  4.79596e-01
 6.10000e+01  1.89794e-01  8.37802e-04  1.00417e-01  4.41427e-03  7.62448e-02  4.79252e-01
 6.15000e+01  1.90050e-01  8.71899e-04  1.00402e-01  4.58774e-03  7.62507e-02  4.78895e-01
 6.20000e+01  1.90315e-01  9.05751e-04  1.00386e-01  4.75923e-03  7.62570e-02  4.78527e-01
 6.25000e+01  1.90589e-01  9.39411e-04  1.00370e-01  4.92899e-03  7.62634e-02  4.78147e-01
 6.30000e+01  1.90872e-01  9.72941e-04  1.00354e-01  5.09733e-03  7.62701e-02  4.77757e-01
 6.35000e+01  1.91164e-01  1.00640e-03  1.00336e-01  5.26459e-03  7.62769e-02  4.77356e-01
 6.40000e+01  1.91465e-01  1.03987e-03  1.00318e-01  5.43111e-03  7.62838e-02  4.76944e-01
 6.45000e+01  1.91773e-01  1.07341e-03  1.00299e-01  5.59727e-03  7.62906e-02  4.76523e-01
 6.50000e+01  1.92089e-01  1.10709e-03  1.00280e-01  5.76344e-03  7.62974e-02  4.76092e-01
 6.55000e+01  1.92411e-01  1.14100e-03  1.00259e-01  5.92998e-03  7.63040e-02  4.75652e-01
 6.60000e+01  1.92741e-01  1.17519e-03  1.00238e-01  6.09726e-03  7.63103e-02  4.75203e-01
 6.65000e+01  1.93077e-01  1.20974e-03  1.00215e-01  6.26561e-03  7.63163e-02  4.74746e-01
 6.70000e+01  1.93419e-01  1.24471e-03  1.00191e-01  6.43534e-03  7.63220e-02  4.74281e-01
 6.75000e+01  1.93766e-01  1.28015e-03  1.00167e-01  6.60669e-03  7.63272e-02  4.73808e-01
 6.80000e+01  1.94119e-01  1.31609e-03  1.00141e-01  6.77985e-03  7.63320e-02  4.73328e-01
 6.85000e+01  1.94476e-01  1.35257e-03  1.00113e-01  6.95494e-03  7.63362e-02  4.72841e-01
 6.90000e+01  1.94838e-01  1.38958e-03  1.00085e-01  7.13201e-03  7.63398e-02  4.72349e-01
 6.95000e+01  1.95203e-01  1.42713e-03  1.00056e-01  7.31100e-03  7.63429e-02  4.71851e-01
 7.00000e+01  1.95573e-01  1.46518e-03  1.00025e-01  7.49173e-03  7.63455e-02  4.71347e-01
 7.05000e+01  1.95946e-01  1.50367e-03  9.99939e-02  7.67392e-03  7.63476e-02  4.70840e-01
 7.10000e+01  1.96321e-01  1.54253e-03  9.99615e-02  7.85718e-03  7.63492e-02  4.70329e-01
 7.15000e+01  1.96700e-01  1.58166e-03  9.99282e-02  8.04096e-03  7.63505e-02  4.69816e-01
 7.20000e+01  1.97081e-01  1.62092e-03  9.98944e-02  8.22460e-03  7.63515e-02  4.69300e-01
 7.25000e+01  1.97465e-01  1.66015e-03  9.98600e-02  8.40729e-03  7.63524e-02  4.68783e-01
 7.30000e+01  1.97851e-01  1.69916e-03  9.98253e-02  8.58810e-03  7.63533e-02  4.68266e-01
 7.35000e+01  1.98238e-01  1.73775e-03  9.97905e-02  8.76596e-03  7.63543e-02  4.67750e-01
 7.40000e+01  1.98628e-01  1.77567e-03  9.97559e-02  8.93968e-03  7.63558e-02  4.67235e-01
 7.45000e+01  1.99019e-01  1.81266e-03  9.97217e-02  9.10796e-03  7.63578e-02  4.66723e-01
 7.50000e+01  1.99412e-01  1.84843e-03  9.96882e-02  9.26941e-03  7.63606e-02  4.66215e-01
 7.55000e+01  1.99806e-01  1.88269e-03  9.96556e-02  9.42255e-03  7.63645e-02  4.65712e-01
 7.60000e+01  2.00202e-01  1.91511e-03  9.96244e-02  9.56588e-03  7.63696e-02  4.65214e-01
 7.65000e+01  2.00599e-01  1.94538e-03  9.95947e-02  9.69781e-03  7.63763e-02  4.64723e-01
 7.70000e+01  2.00998e-01  1.97316e-03  9.95669e-02  9.81679e-03  7.63848e-02  4.64240e-01
 7.75000e+01  2.01398e-01  1.99813e-03  9.95413e-02  9.92128e-03  7.63953e-02  4.63766e-01
 7.80000e+01  2.01799e-01  2.01997e-03  9.95181e-02  1.00098e-02  7.64081e-02  4.63302e-01
 7.85000e+01  2.02202e-01  2.03837e-03  9.94977e-02  1.00809e-02  7.64234e-02  4.62849e-01
 7.90000e+01  2.02605e-01  2.05306e-03  9.94803e-02  1.01333e-02  7.64413e-02  4.62407e-01
 7.95000e+01  2.03009e-01  2.06376e-03  9.94660e-02  1.01658e-02  7.64622e-02  4.61978e-01
 8.00000e+01  2.03414e-01  2.07025e-03  9.94551e-02  1.01775e-02  7.64861e-02  4.61562e-01
 8.05000e+01  2.03820e-01  2.07234e-03  9.94478e-02  1.01675e-02  7.65131e-02  4.61160e-01
 8.10000e+01  2.04226e-01  2.06987e-03  9.94441e-02  1.01352e-02  7.65434e-02  4.60772e-01
 8.15000e+01  2.04632e-01  2.06273e-03  9.94442e-02  1.00802e-02  7.65770e-02  4.60399e-01
 8.20000e+01  2.05038e-01  2.05085e-03  9.94480e-02  1.00023e-02  7.66138e-02  4.60041e-01
 8.25000e+01  2.05442e-01  2.03421e-03  9.94556e-02  9.90163e-03  7.66538e-02  4.59698e-01
 8.30000e+01  2.05846e-01  2.01285e-03  9.94669e-02  9.77841e-03  7.66971e-02  4.59371e-01
 8.35000e+01  2.06248e-01  1.98682e-03  9.94817e-02  9.63318e-03  7.67433e-02  4.59059e-01
 8.40000e+01  2.06648e-01  1.95626e-03  9.95001e-02  9.46664e-03  7.67925e-02  4.58763e-01
 8.45000e+01  2.07045e-01  1.92131e-03  9.95217e-02  9.27970e-03  7.68444e-02  4.58481e-01
 8.50000e+01  2.07438e-01  1.88218e-03  9.95465e-02  9.07344e-03  7.68987e-02  4.58215e-01
 8.55000e+01  2.07828e-01  1.83909e-03  9.95740e-02  8.84911e-03  7.69552e-02  4.57964e-01
 8.60000e+01  2.08212e-01  1.79230e-03  9.96042e-02  8.60804e-03  7.70137e-02  4.57727e-01
 8.65000e+01  2.08591e-01  1.74209e-03  9.96366e-02  8.35170e-03  7.70738e-02  4.57504e-01
 8.70000e+01  2.08964e-01  1.68876e-03  9.96711e-02  8.08160e-03  7.71352e-02  4.57294e-01
 8.75000e+01  2.09330e-01  1.63263e-03  9.97072e-02  7.79929e-03  7.71975e-02  4.57097e-01
 8.80000e+01  2.09688e-01  1.57399e-03  9.97447e-02  7.50636e-03  7.72605e-02  4.56913e-01
 8.85000e+01  2.10037e-01  1.51319e-03  9.97832e-02  7.20436e-03  7.73238e-02  4.56741e-01
 8.90000e+01  2.10378e-01  1.45051e-03  9.98225e-02  6.89480e-03  7.73870e-02  4.56580e-01
 8.95000e+01  2.10708e-01  1.38628e-03  9.98621e-02  6.57916e-03  7.74497e-02  4.56429e-01
 9.00000e+01  2.11028e-01  1.32078e-03  9.99019e-02  6.25881e-03  7.75118e-02  4.56289e-01
 9.05000e+01  2.11336e-01  1.25429e-03  9.99414e-02  5.93504e-03  7.75728e-02  4.56159e-01
 9.10000e+01  2.11633e-01  1.18706e-03  9.99804e-02  5.60904e-03  7.76324e-02  4.56038e-01
 9.15000e+01  2.11917e-01  1.11932e-03  1.00019e-01  5.28189e-03  7.76903e-02  4.55926e-01
 9.20000e+01  2.12187e-01  1.05129e-03  1.00056e-01  4.95452e-03  7.77463e-02  4.55822e-01
 9.25000e+01  2.12444e-01  9.83142e-04  1.00092e-01  4.62777e-03  7.78001e-02  4.55726e-01
 9.30000e+01  2.12687e-01  9.15044e-04  1.00126e-01  4.30231e-03  7.78514e-02  4.55638e-01
 9.35000e+01  2.12915e-01  8.47127e-04  1.00159e-01  3.97872e-03  7.79001e-02  4.55557e-01
 9.40000e+01  2.13127e-01  7.79499e-04  1.00190e-01  3.65743e-03  7.79459e-02  4.55483e-01
 9.45000e+01  2.13325e-01  7.12242e-04  1.00220e-01  3.33877e-03  7.79887e-02  4.55415e-01
 9.50000e+01  2.13506e-01  6.45417e-04  1.00247e-01  3.02295e-03  7.80282e-02  4.55355e-01
 9.55000e+01  2.13671e-01  5.79058e-04  1.00271e-01  2.71005e-03  7.80644e-02  4.55300e-01
 9.60000e+01  2.13819e-01  5.13183e-04  1.00294e-01  2.40008e-03  7.80971e-02  4.55252e-01
 9.65000e+01  2.13950e-01  4.47787e-04  1.00314e-01  2.09295e-03  7.81262e-02  4.55210e-01
 9.70000e+01  2.14065e-01  3.82849e-04  1.00331e-01  1.78847e-03  7.81516e-02  4.55173e-01
 9.75000e+01  2.14162e-01  3.18334e-04  1.00346e-01  1.48642e-03  7.81732e-02  4.55142e-01
 9.80000e+01  2.14242e-01  2.54191e-04  1.00358e-01  1.18647e-03  7.81910e-02  4.55117e-01
 9.85000e+01  2.14304e-01  1.90359e-04  1.00368e-01  8.88266e-04  7.82049e-02  4.55098e-01
 9.90000e+01  2.14348e-01  1.26768e-04  1.00375e-01  5.91412e-04  7.82148e-02  4.55084e-01
 9.95000e+01  2.14375e-01  6.33423e-05  1.00379e-01  2.95475e-04  7.82208e-02  4.55076e-01
