 0.00000e+00  9.99142e-01  0.00000e+00  1.49785e+00  0.00000e+00  9.98576e-01  9.99434e-01
 1.00000e-01  9.99142e-01 -4.48707e-06  1.49785e+00 -4.49093e-06  9.98576e-01  9.99434e-01
 2.00000e-01  9.99142e-01 -8.97396e-06  1.49785e+00 -8.98166e-06  9.98576e-01  9.99434e-01
 3.00000e-01  9.99142e-01 -1.34605e-05  1.49785e+00 -1.34720e-05  9.98576e-01  9.99434e-01
 4.00000e-01  9.99142e-01 -1.79464e-05  1.49786e+00 -1.79618e-05  9.98576e-01  9.99434e-01
 5.00000e-01  9.99142e-01 -2.24316e-05  1.49786e+00 -2.24509e-05  9.98576e-01  9.99434e-01
 6.00000e-01  9.99142e-01 -2.69158e-05  1.49786e+00 -2.69390e-05  9.98577e-01  9.99434e-01
 7.00000e-01  9.99142e-01 -3.13990e-05  1.49786e+00 -3.14259e-05  9.98577e-01  9.99434e-01
 8.00000e-01  9.99143e-01 -3.58808e-05  1.49786e+00 -3.59116e-05  9.98578e-01  9.99434e-01
 9.00000e-01  9.99143e-01 -4.03611e-05  1.49786e+00 -4.03957e-05  9.98578e-01  9.99435e-01
 1.00000e+00  9.99143e-01 -4.48397e-05  1.49786e+00 -4.48781e-05  9.98579e-01  9.99435e-01
 1.10000e+00  9.99144e-01 -4.93164e-05  1.49786e+00 -4.93587e-05  9.98579e-01  9.99435e-01
 1.20000e+00  9.99144e-01 -5.37911e-05  1.49786e+00 -5.38372e-05  9.98580e-01  9.99435e-01
 1.30000e+00  9.99145e-01 -5.82635e-05  1.49786e+00 -5.83134e-05  9.98581e-01  9.99436e-01
 1.40000e+00  9.99145e-01 -6.27335e-05  1.49786e+00 -6.27872e-05  9.98582e-01  9.99436e-01
 1.50000e+00  9.99146e-01 -6.72008e-05  1.49786e+00 -6.72583e-05  9.98582e-01  9.99436e-01
 1.60000e+00  9.99146e-01 -7.16653e-05  1.49787e+00 -7.17266e-05  9.98583e-01  9.99437e-01
 1.70000e+00  9.99147e-01 -7.61269e-05  1.49787e+00 -7.61919e-05  9.98584e-01  9.99437e-01
 1.80000e+00  9.99147e-01 -8.05852e-05  1.49787e+00 -8.06540e-05  9.98585e-01  9.99437e-01
 1.90000e+00  9.99148e-01 -8.50402e-05  1.49787e+00 -8.51127e-05  9.98586e-01  9.99438e-01
 2.00000e+00  9.99149e-01 -8.94916e-05  1.49787e+00 -8.95678e-05  9.98588e-01  9.99438e-01
 2.10000e+00  9.99150e-01 -9.39392e-05  1.49787e+00 -9.40192e-05  9.98589e-01  9.99439e-01
 2.20000e+00  9.99150e-01 -9.83829e-05  1.49788e+00 -9.84666e-05  9.98590e-01  9.99439e-01
 2.30000e+00  9.99151e-01 -1.02823e-04  1.49788e+00 -1.02910e-04  9.98591e-01  9.99440e-01
 2.40000e+00  9.99152e-01 -1.07258e-04  1.49788e+00 -1.07349e-04  9.98593e-01  9.99440e-01
 2.50000e+00  9.99153e-01 -1.11689e-04  1.49788e+00 -1.11783e-04  9.98594e-01  9.99441e-01
 2.60000e+00  9.99154e-01 -1.16115e-04  1.49788e+00 -1.16213e-04  9.98596e-01  9.99442e-01
 2.70000e+00  9.99155e-01 -1.20536e-04  1.49789e+00 -1.20638e-04  9.98597e-01  9.99442e-01
 2.80000e+00  9.99156e-01 -1.24952e-04  1.49789e+00 -1.25058e-04  9.98599e-01  9.99443e-01
 2.90000e+00  9.99157e-01 -1.29363e-04  1.49789e+00 -1.29472e-04  9.98601e-01  9.99444e-01
 3.00000e+00  9.99158e-01 -1.33769e-04  1.49789e+00 -1.33881e-04  9.98602e-01  9.99444e-01
 3.10000e+00  9.99159e-01 -1.38169e-04  1.49790e+00 -1.38285e-04  9.98604e-01  9.99445e-01
 3.20000e+00  9.99160e-01 -1.42563e-04  1.49790e+00 -1.42683e-04  9.98606e-01  9.99446e-01
 3.30000e+00  9.99161e-01 -1.46951e-04  1.49790e+00 -1.47074e-04  9.98608e-01  9.99446e-01
 3.40000e+00  9.99162e-01 -1.51333e-04  1.49791e+00 -1.51460e-04  9.98610e-01  9.99447e-01
 3.50000e+00  9.99164e-01 -1.55709e-04  1.49791e+00 -1.55839e-04  9.98612e-01  9.99448e-01
 3.60000e+00  9.99165e-01 -1.60078e-04  1.49791e+00 -1.60212e-04  9.98614e-01  9.99449e-01
 3.70000e+00  9.99166e-01 -1.64441e-04  1.49792e+00 -1.64578e-04  9.98616e-01  9.99450e-01
 3.80000e+00  9.99167e-01 -1.68796e-04  1.49792e+00 -1.68937e-04  9.98619e-01  9.99451e-01
 3.90000e+00  9.99169e-01 -1.73145e-04  1.49792e+00 -1.73289e-04  9.98621e-01  9.99452e-01
 4.00000e+00  9.99170e-01 -1.77486e-04  1.49793e+00 -1.77634e-04  9.98623e-01  9.99452e-01
 4.10000e+00  9.99172e-01 -1.81820e-04  1.49793e+00 -1.81971e-04  9.98625e-01  9.99453e-01
 4.20000e+00  9.99173e-01 -1.86146e-04  1.49793e+00 -1.86300e-04  9.98628e-01  9.99454e-01
 4.30000e+00  9.99175e-01 -1.90465e-04  1.49794e+00 -1.90622e-04  9.98630e-01  9.99455e-01
 4.40000e+00  9.99176e-01 -1.94775e-04  1.49794e+00 -1.94936e-04  9.98633e-01  9.99456e-01
 4.50000e+00  9.99178e-01 -1.99078e-04  1.49794e+00 -1.99242e-04  9.98636e-01  9.99457e-01
 4.60000e+00  9.99179e-01 -2.03372e-04  1.49795e+00 -2.03539e-04  9.98638e-01  9.99458e-01
 4.70000e+00  9.99181e-01 -2.07658e-04  1.49795e+00 -2.07828e-04  9.98641e-01  9.99460e-01
 4.80000e+00  9.99183e-01 -2.11934e-04  1.49796e+00 -2.12108e-04  9.98644e-01  9.99461e-01
 4.90000e+00  9.99184e-01 -2.16203e-04  1.49796e+00 -2.16379e-04  9.98647e-01  9.99462e-01
 5.00000e+00  9.99186e-01 -2.20462e-04  1.49797e+00 -2.20641e-04  9.98650e-01  9.99463e-01
 5.10000e+00  9.99188e-01 -2.24711e-04  1.49797e+00 -2.24894e-04  9.98652e-01  9.99464e-01
 5.20000e+00  9.99190e-01 -2.28952e-04  1.49797e+00 -2.29137e-04  9.98655e-01  9.99465e-01
 5.30000e+00  9.99192e-01 -2.33183e-04  1.49798e+00 -2.33371e-04  9.98659e-01  9.99467e-01
 5.40000e+00  9.99193e-01 -2.37404e-04  1.49798e+00 -2.37595e-04  9.98662e-01  9.99468e-01
 5.50000e+00  9.99195e-01 -2.41615e-04  1.49799e+00 -2.41810e-04  9.98665e-01  9.99469e-01
 5.60000e+00  9.99197e-01 -2.45816e-04  1.49799e+00 -2.46014e-04  9.98668e-01  9.99470e-01
 5.70000e+00  9.99199e-01 -2.50007e-04  1.49800e+00 -2.50207e-04  9.98671e-01  9.99472e-01
 5.80000e+00  9.99201e-01 -2.54188e-04  1.49800e+00 -2.54391e-04  9.98675e-01  9.99473e-01
 5.90000e+00  9.99203e-01 -2.58357e-04  1.49801e+00 -2.58563e-04  9.98678e-01  9.99474e-01
 6.00000e+00  9.99205e-01 -2.62517e-04  1.49801e+00 -2.62725e-04  9.98682e-01  9.99476e-01
 6.10000e+00  9.99208e-01 -2.66665e-04  1.49802e+00 -2.66876e-04  9.98685e-01  9.99477e-01
 6.20000e+00  9.99210e-01 -2.70802e-04  1.49802e+00 -2.71016e-04  9.98689e-01  9.99478e-01
 6.30000e+00  9.99212e-01 -2.74927e-04  1.49803e+00 -2.75144e-04  9.98692e-01  9.99480e-01
 6.40000e+00  9.99214e-01 -2.79042e-04  1.49804e+00 -2.79261e-04  9.98696e-01  9.99481e-01
 6.50000e+00  9.99216e-01 -2.83144e-04  1.49804e+00 -2.83366e-04  9.98700e-01  9.99483e-01
 6.60000e+00  9.99219e-01 -2.87235e-04  1.49805e+00 -2.87460e-04  9.98703e-01  9.99484e-01
 6.70000e+00  9.99221e-01 -2.91314e-04  1.49805e+00 -2.91541e-04  9.98707e-01  9.99486e-01
 6.80000e+00  9.99223e-01 -2.95381e-04  1.49806e+00 -2.95610e-04  9.98711e-01  9.99487e-01
 6.90000e+00  9.99226e-01 -2.99435e-04  1.49806e+00 -2.99667e-04  9.98715e-01  9.99489e-01
 7.00000e+00  9.99228e-01 -3.03477e-04  1.49807e+00 -3.03711e-04  9.98719e-01  9.99491e-01
 7.10000e+00  9.99230e-01 -3.07506e-04  1.49808e+00 -3.07743e-04  9.98723e-01  9.99492e-01
 7.20000e+00  9.99233e-01 -3.11523e-04  1.49808e+00 -3.11762e-04  9.98727e-01  9.99494e-01
 7.30000e+00  9.99235e-01 -3.15526e-04  1.49809e+00 -3.15768e-04  9.98731e-01  9.99495e-01
 7.40000e+00  9.99238e-01 -3.19517e-04  1.49810e+00 -3.19760e-04  9.98735e-01  9.99497e-01
 7.50000e+00  9.99240e-01 -3.23494e-04  1.49810e+00 -3.23740e-04  9.98740e-01  9.99499e-01
 7.60000e+00  9.99243e-01 -3.27458e-04  1.49811e+00 -3.27706e-04  9.98744e-01  9.99500e-01
 7.70000e+00  9.99246e-01 -3.31408e-04  1.49811e+00 -3.31658e-04  9.98748e-01  9.99502e-01
 7.80000e+00  9.99248e-01 -3.35344e-04  1.49812e+00 -3.35596e-04  9.98753e-01  9.99504e-01
 7.90000e+00  9.99251e-01 -3.39266e-04  1.49813e+00 -3.39521e-04  9.98757e-01  9.99506e-01
 8.00000e+00  9.99254e-01 -3.43174e-04  1.49813e+00 -3.43431e-04  9.98762e-01  9.99508e-01
 8.10000e+00  9.99257e-01 -3.47068e-04  1.49814e+00 -3.47327e-04  9.98766e-01  9.99509e-01
 8.20000e+00  9.99259e-01 -3.50948e-04  1.49815e+00 -3.51208e-04  9.98771e-01  9.99511e-01
 8.30000e+00  9.99262e-01 -3.54813e-04  1.49816e+00 -3.55075e-04  9.98775e-01  9.99513e-01
 8.40000e+00  9.99265e-01 -3.58663e-04  1.49816e+00 -3.58927e-04  9.98780e-01  9.99515e-01
 8.50000e+00  9.99268e-01 -3.62499e-04  1.49817e+00 -3.62764e-04  9.98785e-01  9.99517e-01
 8.60000e+00  9.99271e-01 -3.66319e-04  1.49818e+00 -3.66586e-04  9.98790e-01  9.99519e-01
 8.70000e+00  9.99274e-01 -3.70124e-04  1.49818e+00 -3.70393e-04  9.98795e-01  9.99521e-01
 8.80000e+00  9.99277e-01 -3.73914e-04  1.49819e+00 -3.74184e-04  9.98799e-01  9.99523e-01
 8.90000e+00  9.99280e-01 -3.77688e-04  1.49820e+00 -3.77960e-04  9.98804e-01  9.99525e-01
 9.00000e+00  9.99283e-01 -3.81446e-04  1.49821e+00 -3.81720e-04  9.98809e-01  9.99527e-01
 9.10000e+00  9.99286e-01 -3.85189e-04  1.49821e+00 -3.85465e-04  9.98814e-01  9.99529e-01
 9.20000e+00  9.99289e-01 -3.88916e-04  1.49822e+00 -3.89193e-04  9.98820e-01  9.99531e-01
 9.30000e+00  9.99292e-01 -3.92627e-04  1.49823e+00 -3.92905e-04  9.98825e-01  9.99533e-01
 9.40000e+00  9.99295e-01 -3.96321e-04  1.49824e+00 -3.96601e-04  9.98830e-01  9.99535e-01
 9.50000e+00  9.99298e-01 -3.99999e-04  1.49825e+00 -4.00280e-04  9.98835e-01  9.99537e-01
 9.60000e+00  9.99301e-01 -4.03660e-04  1.49825e+00 -4.03943e-04  9.98840e-01  9.99539e-01
 9.70000e+00  9.99304e-01 -4.07305e-04  1.49826e+00 -4.07589e-04  9.98846e-01  9.99541e-01
 9.80000e+00  9.99308e-01 -4.10933e-04  1.49827e+00 -4.11218e-04  9.98851e-01  9.99543e-01
 9.90000e+00  9.99311e-01 -4.14544e-04  1.49828e+00 -4.14830e-04  9.98857e-01  9.99545e-01
 1.00000e+01  9.99314e-01 -4.18137e-04  1.49829e+00 -4.18424e-04  9.98862e-01  9.99547e-01
 1.01000e+01  9.99318e-01 -4.21714e-04  1.49829e+00 -4.22002e-04  9.98868e-01  9.99550e-01
 1.02000e+01  9.99321e-01 -4.25273e-04  1.49830e+00 -4.25562e-04  9.98873e-01  9.99552e-01
 1.03000e+01  9.99324e-01 -4.28814e-04  1.49831e+00 -4.29104e-04  9.98879e-01  9.99554e-01
 1.04000e+01  9.99328e-01 -4.32338e-04  1.49832e+00 -4.32628e-04  9.98884e-01  9.99556e-01
 1.05000e+01  9.99331e-01 -4.35843e-04  1.49833e+00 -4.36135e-04  9.98890e-01  9.99559e-01
 1.06000e+01  9.99335e-01 -4.39331e-04  1.49834e+00 -4.39624e-04  9.98896e-01  9.99561e-01
 1.07000e+01  9.99338e-01 -4.42801e-04  1.49835e+00 -4.43094e-04  9.98902e-01  9.99563e-01
 1.08000e+01  9.99342e-01 -4.46252e-04  1.49835e+00 -4.46546e-04  9.98907e-01  9.99565e-01
 1.09000e+01  9.99345e-01 -4.49685e-04  1.49836e+00 -4.49980e-04  9.98913e-01  9.99568e-01
 1.10000e+01  9.99349e-01 -4.53099e-04  1.49837e+00 -4.53395e-04  9.98919e-01  9.99570e-01
 1.11000e+01  9.99352e-01 -4.56495e-04  1.49838e+00 -4.56791e-04  9.98925e-01  9.99573e-01
 1.12000e+01  9.99356e-01 -4.59872e-04  1.49839e+00 -4.60168e-04  9.98931e-01  9.99575e-01
 1.13000e+01  9.99360e-01 -4.63230e-04  1.49840e+00 -4.63526e-04  9.98937e-01  9.99577e-01
 1.14000e+01  9.99363e-01 -4.66568e-04  1.49841e+00 -4.66866e-04  9.98943e-01  9.99580e-01
 1.15000e+01  9.99367e-01 -4.69888e-04  1.49842e+00 -4.70186e-04  9.98950e-01  9.99582e-01
 1.16000e+01  9.99371e-01 -4.73188e-04  1.49843e+00 -4.73486e-04  9.98956e-01  9.99585e-01
 1.17000e+01  9.99375e-01 -4.76469e-04  1.49844e+00 -4.76767e-04  9.98962e-01  9.99587e-01
 1.18000e+01  9.99378e-01 -4.79730e-04  1.49845e+00 -4.80028e-04  9.98968e-01  9.99590e-01
 1.19000e+01  9.99382e-01 -4.82971e-04  1.49846e+00 -4.83270e-04  9.98974e-01  9.99592e-01
 1.20000e+01  9.99386e-01 -4.86193e-04  1.49847e+00 -4.86491e-04  9.98981e-01  9.99595e-01
 1.21000e+01  9.99390e-01 -4.89394e-04  1.49847e+00 -4.89693e-04  9.98987e-01  9.99597e-01
 1.22000e+01  9.99394e-01 -4.92575e-04  1.49848e+00 -4.92874e-04  9.98994e-01  9.99600e-01
 1.23000e+01  9.99398e-01 -4.95736e-04  1.49849e+00 -4.96035e-04  9.99000e-01  9.99602e-01
 1.24000e+01  9.99401e-01 -4.98877e-04  1.49850e+00 -4.99176e-04  9.99007e-01  9.99605e-01
 1.25000e+01  9.99405e-01 -5.01997e-04  1.49851e+00 -5.02296e-04  9.99013e-01  9.99607e-01
 1.26000e+01  9.99409e-01 -5.05097e-04  1.49852e+00 -5.05395e-04  9.99020e-01  9.99610e-01
 1.27000e+01  9.99413e-01 -5.08176e-04  1.49853e+00 -5.08474e-04  9.99026e-01  9.99613e-01
 1.28000e+01  9.99417e-01 -5.11233e-04  1.49854e+00 -5.11531e-04  9.99033e-01  9.99615e-01
 1.29000e+01  9.99421e-01 -5.14270e-04  1.49855e+00 -5.14568e-04  9.99040e-01  9.99618e-01
 1.30000e+01  9.99425e-01 -5.17286e-04  1.49856e+00 -5.17584e-04  9.99046e-01  9.99621e-01
 1.31000e+01  9.99430e-01 -5.20281e-04  1.49857e+00 -5.20578e-04  9.99053e-01  9.99623e-01
 1.32000e+01  9.99434e-01 -5.23254e-04  1.49858e+00 -5.23551e-04  9.99060e-01  9.99626e-01
 1.33000e+01  9.99438e-01 -5.26206e-04  1.49859e+00 -5.26502e-04  9.99067e-01  9.99629e-01
 1.34000e+01  9.99442e-01 -5.29136e-04  1.49861e+00 -5.29432e-04  9.99074e-01  9.99632e-01
 1.35000e+01  9.99446e-01 -5.32045e-04  1.49862e+00 -5.32340e-04  9.99081e-01  9.99634e-01
 1.36000e+01  9.99450e-01 -5.34932e-04  1.49863e+00 -5.35226e-04  9.99088e-01  9.99637e-01
 1.37000e+01  9.99455e-01 -5.37796e-04  1.49864e+00 -5.38090e-04  9.99095e-01  9.99640e-01
 1.38000e+01  9.99459e-01 -5.40639e-04  1.49865e+00 -5.40932e-04  9.99102e-01  9.99643e-01
 1.39000e+01  9.99463e-01 -5.43460e-04  1.49866e+00 -5.43752e-04  9.99109e-01  9.99645e-01
 1.40000e+01  9.99467e-01 -5.46258e-04  1.49867e+00 -5.46550e-04  9.99116e-01  9.99648e-01
 1.41000e+01  9.99472e-01 -5.49035e-04  1.49868e+00 -5.49325e-04  9.99123e-01  9.99651e-01
 1.42000e+01  9.99476e-01 -5.51788e-04  1.49869e+00 -5.52078e-04  9.99130e-01  9.99654e-01
 1.43000e+01  9.99480e-01 -5.54519e-04  1.49870e+00 -5.54808e-04  9.99137e-01  9.99657e-01
 1.44000e+01  9.99485e-01 -5.57228e-04  1.49871e+00 -5.57515e-04  9.99144e-01  9.99660e-01
 1.45000e+01  9.99489e-01 -5.59914e-04  1.49872e+00 -5.60200e-04  9.99152e-01  9.99663e-01
 1.46000e+01  9.99493e-01 -5.62577e-04  1.49873e+00 -5.62862e-04  9.99159e-01  9.99665e-01
 1.47000e+01  9.99498e-01 -5.65216e-04  1.49874e+00 -5.65500e-04  9.99166e-01  9.99668e-01
 1.48000e+01  9.99502e-01 -5.67833e-04  1.49876e+00 -5.68116e-04  9.99174e-01  9.99671e-01
 1.49000e+01  9.99507e-01 -5.70427e-04  1.49877e+00 -5.70709e-04  9.99181e-01  9.99674e-01
 1.50000e+01  9.99511e-01 -5.72997e-04  1.49878e+00 -5.73278e-04  9.99188e-01  9.99677e-01
 1.51000e+01  9.99516e-01 -5.75544e-04  1.49879e+00 -5.75823e-04  9.99196e-01  9.99680e-01
 1.52000e+01  9.99520e-01 -5.78068e-04  1.49880e+00 -5.78346e-04  9.99203e-01  9.99683e-01
 1.53000e+01  9.99525e-01 -5.80568e-04  1.49881e+00 -5.80844e-04  9.99211e-01  9.99686e-01
 1.54000e+01  9.99529e-01 -5.83044e-04  1.49882e+00 -5.83319e-04  9.99218e-01  9.99689e-01
 1.55000e+01  9.99534e-01 -5.85497e-04  1.49883e+00 -5.85770e-04  9.99226e-01  9.99692e-01
 1.56000e+01  9.99538e-01 -5.87926e-04  1.49885e+00 -5.88198e-04  9.99234e-01  9.99695e-01
 1.57000e+01  9.99543e-01 -5.90331e-04  1.49886e+00 -5.90601e-04  9.99241e-01  9.99698e-01
 1.58000e+01  9.99548e-01 -5.92712e-04  1.49887e+00 -5.92980e-04  9.99249e-01  9.99701e-01
 1.59000e+01  9.99552e-01 -5.95069e-04  1.49888e+00 -5.95335e-04  9.99257e-01  9.99704e-01
 1.60000e+01  9.99557e-01 -5.97401e-04  1.49889e+00 -5.97666e-04  9.99264e-01  9.99707e-01
 1.61000e+01  9.99561e-01 -5.99710e-04  1.49890e+00 -5.99973e-04  9.99272e-01  9.99710e-01
 1.62000e+01  9.99566e-01 -6.01993e-04  1.49892e+00 -6.02255e-04  9.99280e-01  9.99713e-01
 1.63000e+01  9.99571e-01 -6.04253e-04  1.49893e+00 -6.04512e-04  9.99288e-01  9.99717e-01
 1.64000e+01  9.99576e-01 -6.06488e-04  1.49894e+00 -6.06746e-04  9.99295e-01  9.99720e-01
 1.65000e+01  9.99580e-01 -6.08698e-04  1.49895e+00 -6.08954e-04  9.99303e-01  9.99723e-01
 1.66000e+01  9.99585e-01 -6.10884e-04  1.49896e+00 -6.11138e-04  9.99311e-01  9.99726e-01
 1.67000e+01  9.99590e-01 -6.13045e-04  1.49897e+00 -6.13297e-04  9.99319e-01  9.99729e-01
 1.68000e+01  9.99595e-01 -6.15181e-04  1.49899e+00 -6.15431e-04  9.99327e-01  9.99732e-01
 1.69000e+01  9.99599e-01 -6.17292e-04  1.49900e+00 -6.17540e-04  9.99335e-01  9.99735e-01
 1.70000e+01  9.99604e-01 -6.19378e-04  1.49901e+00 -6.19624e-04  9.99343e-01  9.99739e-01
 1.71000e+01  9.99609e-01 -6.21439e-04  1.49902e+00 -6.21682e-04  9.99351e-01  9.99742e-01
 1.72000e+01  9.99614e-01 -6.23475e-04  1.49903e+00 -6.23716e-04  9.99359e-01  9.99745e-01
 1.73000e+01  9.99619e-01 -6.25486e-04  1.49905e+00 -6.25725e-04  9.99367e-01  9.99748e-01
 1.74000e+01  9.99624e-01 -6.27471e-04  1.49906e+00 -6.27708e-04  9.99375e-01  9.99751e-01
 1.75000e+01  9.99628e-01 -6.29431e-04  1.49907e+00 -6.29665e-04  9.99383e-01  9.99755e-01
 1.76000e+01  9.99633e-01 -6.31366e-04  1.49908e+00 -6.31597e-04  9.99391e-01  9.99758e-01
 1.77000e+01  9.99638e-01 -6.33275e-04  1.49910e+00 -6.33504e-04  9.99399e-01  9.99761e-01
 1.78000e+01  9.99643e-01 -6.35158e-04  1.49911e+00 -6.35385e-04  9.99407e-01  9.99764e-01
 1.79000e+01  9.99648e-01 -6.37016e-04  1.49912e+00 -6.37240e-04  9.99416e-01  9.99767e-01
 1.80000e+01  9.99653e-01 -6.38848e-04  1.49913e+00 -6.39070e-04  9.99424e-01  9.99771e-01
 1.81000e+01  9.99658e-01 -6.40654e-04  1.49914e+00 -6.40874e-04  9.99432e-01  9.99774e-01
 1.82000e+01  9.99663e-01 -6.42435e-04  1.49916e+00 -6.42652e-04  9.99440e-01  9.99777e-01
 1.83000e+01  9.99668e-01 -6.44189e-04  1.49917e+00 -6.44403e-04  9.99449e-01  9.99781e-01
 1.84000e+01  9.99673e-01 -6.45918e-04  1.49918e+00 -6.46129e-04  9.99457e-01  9.99784e-01
 1.85000e+01  9.99678e-01 -6.47621e-04  1.49919e+00 -6.47829e-04  9.99465e-01  9.99787e-01
 1.86000e+01  9.99683e-01 -6.49297e-04  1.49921e+00 -6.49503e-04  9.99473e-01  9.99790e-01
 1.87000e+01  9.99688e-01 -6.50947e-04  1.49922e+00 -6.51150e-04  9.99482e-01  9.99794e-01
 1.88000e+01  9.99693e-01 -6.52571e-04  1.49923e+00 -6.52772e-04  9.99490e-01  9.99797e-01
 1.89000e+01  9.99698e-01 -6.54169e-04  1.49925e+00 -6.54367e-04  9.99498e-01  9.99800e-01
 1.90000e+01  9.99703e-01 -6.55741e-04  1.49926e+00 -6.55935e-04  9.99507e-01  9.99804e-01
 1.91000e+01  9.99708e-01 -6.57286e-04  1.49927e+00 -6.57478e-04  9.99515e-01  9.99807e-01
 1.92000e+01  9.99713e-01 -6.58805e-04  1.49928e+00 -6.58994e-04  9.99524e-01  9.99810e-01
 1.93000e+01  9.99718e-01 -6.60297e-04  1.49930e+00 -6.60483e-04  9.99532e-01  9.99814e-01
 1.94000e+01  9.99723e-01 -6.61763e-04  1.49931e+00 -6.61946e-04  9.99541e-01  9.99817e-01
 1.95000e+01  9.99728e-01 -6.63202e-04  1.49932e+00 -6.63382e-04  9.99549e-01  9.99820e-01
 1.96000e+01  9.99734e-01 -6.64614e-04  1.49933e+00 -6.64791e-04  9.99557e-01  9.99824e-01
 1.97000e+01  9.99739e-01 -6.66000e-04  1.49935e+00 -6.66174e-04  9.99566e-01  9.99827e-01
 1.98000e+01  9.99744e-01 -6.67359e-04  1.49936e+00 -6.67530e-04  9.99575e-01  9.99831e-01
 1.99000e+01  9.99749e-01 -6.68692e-04  1.49937e+00 -6.68859e-04  9.99583e-01  9.99834e-01
 2.00000e+01  9.99754e-01 -6.69997e-04  1.49939e+00 -6.70162e-04  9.99592e-01  9.99837e-01
 2.01000e+01  9.99759e-01 -6.71276e-04  1.49940e+00 -6.71438e-04  9.99600e-01  9.99841e-01
 2.02000e+01  9.99764e-01 -6.72528e-04  1.49941e+00 -6.72686e-04  9.99609e-01  9.99844e-01
 2.03000e+01  9.99770e-01 -6.73753e-04  1.49942e+00 -6.73908e-04  9.99617e-01  9.99848e-01
 2.04000e+01  9.99775e-01 -6.74951e-04  1.49944e+00 -6.75103e-04  9.99626e-01  9.99851e-01
 2.05000e+01  9.99780e-01 -6.76121e-04  1.49945e+00 -6.76270e-04  9.99634e-01  9.99854e-01
 2.06000e+01  9.99785e-01 -6.77265e-04  1.49946e+00 -6.77411e-04  9.99643e-01  9.99858e-01
 2.07000e+01  9.99790e-01 -6.78382e-04  1.49948e+00 -6.78524e-04  9.99652e-01  9.99861e-01
 2.08000e+01  9.99796e-01 -6.79472e-04  1.49949e+00 -6.79611e-04  9.99660e-01  9.99865e-01
 2.09000e+01  9.99801e-01 -6.80534e-04  1.49950e+00 -6.80670e-04  9.99669e-01  9.99868e-01
 2.10000e+01  9.99806e-01 -6.81570e-04  1.49952e+00 -6.81702e-04  9.99678e-01  9.99872e-01
 2.11000e+01  9.99811e-01 -6.82578e-04  1.49953e+00 -6.82707e-04  9.99686e-01  9.99875e-01
 2.12000e+01  9.99816e-01 -6.83559e-04  1.49954e+00 -6.83684e-04  9.99695e-01  9.99879e-01
 2.13000e+01  9.99822e-01 -6.84512e-04  1.49955e+00 -6.84634e-04  9.99704e-01  9.99882e-01
 2.14000e+01  9.99827e-01 -6.85439e-04  1.49957e+00 -6.85557e-04  9.99712e-01  9.99885e-01
 2.15000e+01  9.99832e-01 -6.86338e-04  1.49958e+00 -6.86453e-04  9.99721e-01  9.99889e-01
 2.16000e+01  9.99837e-01 -6.87209e-04  1.49959e+00 -6.87321e-04  9.99730e-01  9.99892e-01
 2.17000e+01  9.99843e-01 -6.88053e-04  1.49961e+00 -6.88162e-04  9.99739e-01  9.99896e-01
 2.18000e+01  9.99848e-01 -6.88870e-04  1.49962e+00 -6.88975e-04  9.99747e-01  9.99899e-01
 2.19000e+01  9.99853e-01 -6.89660e-04  1.49963e+00 -6.89761e-04  9.99756e-01  9.99903e-01
 2.20000e+01  9.99858e-01 -6.90422e-04  1.49965e+00 -6.90519e-04  9.99765e-01  9.99906e-01
 2.21000e+01  9.99864e-01 -6.91156e-04  1.49966e+00 -6.91250e-04  9.99773e-01  9.99910e-01
 2.22000e+01  9.99869e-01 -6.91863e-04  1.49967e+00 -6.91954e-04  9.99782e-01  9.99913e-01
 2.23000e+01  9.99874e-01 -6.92543e-04  1.49969e+00 -6.92630e-04  9.99791e-01  9.99917e-01
 2.24000e+01  9.99880e-01 -6.93195e-04  1.49970e+00 -6.93278e-04  9.99800e-01  9.99920e-01
 2.25000e+01  9.99885e-01 -6.93819e-04  1.49971e+00 -6.93899e-04  9.99808e-01  9.99924e-01
 2.26000e+01  9.99890e-01 -6.94416e-04  1.49973e+00 -6.94492e-04  9.99817e-01  9.99927e-01
 2.27000e+01  9.99895e-01 -6.94985e-04  1.49974e+00 -6.95058e-04  9.99826e-01  9.99931e-01
 2.28000e+01  9.99901e-01 -6.95527e-04  1.49975e+00 -6.95596e-04  9.99835e-01  9.99934e-01
 2.29000e+01  9.99906e-01 -6.96041e-04  1.49976e+00 -6.96106e-04  9.99844e-01  9.99938e-01
 2.30000e+01  9.99911e-01 -6.96527e-04  1.49978e+00 -6.96589e-04  9.99852e-01  9.99941e-01
 2.31000e+01  9.99917e-01 -6.96986e-04  1.49979e+00 -6.97045e-04  9.99861e-01  9.99945e-01
 2.32000e+01  9.99922e-01 -6.97418e-04  1.49980e+00 -6.97472e-04  9.99870e-01  9.99948e-01
 2.33000e+01  9.99927e-01 -6.97821e-04  1.49982e+00 -6.97872e-04  9.99879e-01  9.99952e-01
 2.34000e+01  9.99932e-01 -6.98197e-04  1.49983e+00 -6.98244e-04  9.99888e-01  9.99955e-01
 2.35000e+01  9.99938e-01 -6.98546e-04  1.49984e+00 -6.98589e-04  9.99896e-01  9.99959e-01
 2.36000e+01  9.99943e-01 -6.98866e-04  1.49986e+00 -6.98906e-04  9.99905e-01  9.99962e-01
 2.37000e+01  9.99948e-01 -6.99159e-04  1.49987e+00 -6.99196e-04  9.99914e-01  9.99966e-01
 2.38000e+01  9.99954e-01 -6.99425e-04  1.49988e+00 -6.99457e-04  9.99923e-01  9.99969e-01
 2.39000e+01  9.99959e-01 -6.99663e-04  1.49990e+00 -6.99691e-04  9.99931e-01  9.99973e-01
 2.40000e+01  9.99964e-01 -6.99873e-04  1.49991e+00 -6.99898e-04  9.99940e-01  9.99976e-01
 2.41000e+01  9.99970e-01 -7.00055e-04  1.49992e+00 -7.00077e-04  9.99949e-01  9.99980e-01
 2.42000e+01  9.99975e-01 -7.00210e-04  1.49994e+00 -7.00228e-04  9.99958e-01  9.99983e-01
 2.43000e+01  9.99980e-01 -7.00337e-04  1.49995e+00 -7.00351e-04  9.99967e-01  9.99987e-01
 2.44000e+01  9.99985e-01 -7.00437e-04  1.49996e+00 -7.00447e-04  9.99975e-01  9.99990e-01
 2.45000e+01  9.99991e-01 -7.00509e-04  1.49998e+00 -7.00515e-04  9.99984e-01  9.99994e-01
 2.46000e+01  9.99996e-01 -7.00553e-04  1.49999e+00 -7.00556e-04  9.99993e-01  9.99997e-01
 2.47000e+01  1.00000e+00 -7.00569e-04  1.50000e+00 -7.00569e-04  1.00000e+00  1.00000e+00
 2.48000e+01  1.00001e+00 -7.00559e-04  1.50002e+00 -7.00554e-04  1.00001e+00  1.00000e+00
 2.49000e+01  1.00001e+00 -7.00520e-04  1.50003e+00 -7.00512e-04  1.00002e+00  1.00001e+00
 2.50000e+01  1.00002e+00 -7.00454e-04  1.50004e+00 -7.00442e-04  1.00003e+00  1.00001e+00
 2.51000e+01  1.00002e+00 -7.00360e-04  1.50006e+00 -7.00344e-04  1.00004e+00  1.00001e+00
 2.52000e+01  1.00003e+00 -7.00239e-04  1.50007e+00 -7.00219e-04  1.00005e+00  1.00002e+00
 2.53000e+01  1.00003e+00 -7.00090e-04  1.50008e+00 -7.00067e-04  1.00005e+00  1.00002e+00
 2.54000e+01  1.00004e+00 -6.99913e-04  1.50010e+00 -6.99887e-04  1.00006e+00  1.00002e+00
 2.55000e+01  1.00004e+00 -6.99710e-04  1.50011e+00 -6.99679e-04  1.00007e+00  1.00003e+00
 2.56000e+01  1.00005e+00 -6.99478e-04  1.50012e+00 -6.99444e-04  1.00008e+00  1.00003e+00
 2.57000e+01  1.00005e+00 -6.99219e-04  1.50014e+00 -6.99181e-04  1.00009e+00  1.00004e+00
 2.58000e+01  1.00006e+00 -6.98933e-04  1.50015e+00 -6.98891e-04  1.00010e+00  1.00004e+00
 2.59000e+01  1.00006e+00 -6.98619e-04  1.50016e+00 -6.98574e-04  1.00011e+00  1.00004e+00
 2.60000e+01  1.00007e+00 -6.98278e-04  1.50017e+00 -6.98229e-04  1.00012e+00  1.00005e+00
 2.61000e+01  1.00008e+00 -6.97909e-04  1.50019e+00 -6.97857e-04  1.00012e+00  1.00005e+00
 2.62000e+01  1.00008e+00 -6.97513e-04  1.50020e+00 -6.97457e-04  1.00013e+00  1.00005e+00
 2.63000e+01  1.00009e+00 -6.97090e-04  1.50021e+00 -6.97030e-04  1.00014e+00  1.00006e+00
 2.64000e+01  1.00009e+00 -6.96639e-04  1.50023e+00 -6.96576e-04  1.00015e+00  1.00006e+00
 2.65000e+01  1.00010e+00 -6.96161e-04  1.50024e+00 -6.96094e-04  1.00016e+00  1.00006e+00
 2.66000e+01  1.00010e+00 -6.95656e-04  1.50025e+00 -6.95586e-04  1.00017e+00  1.00007e+00
 2.67000e+01  1.00011e+00 -6.95124e-04  1.50027e+00 -6.95050e-04  1.00018e+00  1.00007e+00
 2.68000e+01  1.00011e+00 -6.94564e-04  1.50028e+00 -6.94486e-04  1.00018e+00  1.00007e+00
 2.69000e+01  1.00012e+00 -6.93977e-04  1.50029e+00 -6.93896e-04  1.00019e+00  1.00008e+00
 2.70000e+01  1.00012e+00 -6.93363e-04  1.50030e+00 -6.93278e-04  1.00020e+00  1.00008e+00
 2.71000e+01  1.00013e+00 -6.92722e-04  1.50032e+00 -6.92634e-04  1.00021e+00  1.00008e+00
 2.72000e+01  1.00013e+00 -6.92054e-04  1.50033e+00 -6.91962e-04  1.00022e+00  1.00009e+00
 2.73000e+01  1.00014e+00 -6.91358e-04  1.50034e+00 -6.91263e-04  1.00023e+00  1.00009e+00
 2.74000e+01  1.00014e+00 -6.90636e-04  1.50036e+00 -6.90537e-04  1.00024e+00  1.00009e+00
 2.75000e+01  1.00015e+00 -6.89887e-04  1.50037e+00 -6.89785e-04  1.00025e+00  1.00010e+00
 2.76000e+01  1.00015e+00 -6.89110e-04  1.50038e+00 -6.89005e-04  1.00025e+00  1.00010e+00
 2.77000e+01  1.00016e+00 -6.88307e-04  1.50040e+00 -6.88199e-04  1.00026e+00  1.00010e+00
 2.78000e+01  1.00016e+00 -6.87477e-04  1.50041e+00 -6.87365e-04  1.00027e+00  1.00011e+00
 2.79000e+01  1.00017e+00 -6.86621e-04  1.50042e+00 -6.86505e-04  1.00028e+00  1.00011e+00
 2.80000e+01  1.00017e+00 -6.85737e-04  1.50043e+00 -6.85618e-04  1.00029e+00  1.00011e+00
 2.81000e+01  1.00018e+00 -6.84827e-04  1.50045e+00 -6.84705e-04  1.00030e+00  1.00012e+00
 2.82000e+01  1.00018e+00 -6.83890e-04  1.50046e+00 -6.83764e-04  1.00030e+00  1.00012e+00
 2.83000e+01  1.00019e+00 -6.82926e-04  1.50047e+00 -6.82797e-04  1.00031e+00  1.00012e+00
 2.84000e+01  1.00019e+00 -6.81936e-04  1.50048e+00 -6.81804e-04  1.00032e+00  1.00013e+00
 2.85000e+01  1.00020e+00 -6.80919e-04  1.50050e+00 -6.80784e-04  1.00033e+00  1.00013e+00
 2.86000e+01  1.00020e+00 -6.79876e-04  1.50051e+00 -6.79737e-04  1.00034e+00  1.00013e+00
 2.87000e+01  1.00021e+00 -6.78806e-04  1.50052e+00 -6.78664e-04  1.00035e+00  1.00014e+00
 2.88000e+01  1.00021e+00 -6.77710e-04  1.50054e+00 -6.77565e-04  1.00036e+00  1.00014e+00
 2.89000e+01  1.00022e+00 -6.76588e-04  1.50055e+00 -6.76439e-04  1.00036e+00  1.00014e+00
 2.90000e+01  1.00022e+00 -6.75439e-04  1.50056e+00 -6.75288e-04  1.00037e+00  1.00015e+00
 2.91000e+01  1.00023e+00 -6.74264e-04  1.50057e+00 -6.74109e-04  1.00038e+00  1.00015e+00
 2.92000e+01  1.00023e+00 -6.73063e-04  1.50059e+00 -6.72905e-04  1.00039e+00  1.00015e+00
 2.93000e+01  1.00024e+00 -6.71835e-04  1.50060e+00 -6.71675e-04  1.00040e+00  1.00016e+00
 2.94000e+01  1.00024e+00 -6.70582e-04  1.50061e+00 -6.70418e-04  1.00040e+00  1.00016e+00
 2.95000e+01  1.00025e+00 -6.69302e-04  1.50062e+00 -6.69136e-04  1.00041e+00  1.00016e+00
 2.96000e+01  1.00025e+00 -6.67997e-04  1.50063e+00 -6.67827e-04  1.00042e+00  1.00017e+00
 2.97000e+01  1.00026e+00 -6.66665e-04  1.50065e+00 -6.66493e-04  1.00043e+00  1.00017e+00
 2.98000e+01  1.00026e+00 -6.65308e-04  1.50066e+00 -6.65133e-04  1.00044e+00  1.00017e+00
 2.99000e+01  1.00027e+00 -6.63925e-04  1.50067e+00 -6.63747e-04  1.00045e+00  1.00018e+00
 3.00000e+01  1.00027e+00 -6.62517e-04  1.50068e+00 -6.62335e-04  1.00045e+00  1.00018e+00
 3.01000e+01  1.00028e+00 -6.61082e-04  1.50070e+00 -6.60898e-04  1.00046e+00  1.00018e+00
 3.02000e+01  1.00028e+00 -6.59622e-04  1.50071e+00 -6.59435e-04  1.00047e+00  1.00019e+00
 3.03000e+01  1.00029e+00 -6.58137e-04  1.50072e+00 -6.57947e-04  1.00048e+00  1.00019e+00
 3.04000e+01  1.00029e+00 -6.56625e-04  1.50073e+00 -6.56433e-04  1.00049e+00  1.00019e+00
 3.05000e+01  1.00030e+00 -6.55089e-04  1.50074e+00 -6.54894e-04  1.00049e+00  1.00020e+00
 3.06000e+01  1.00030e+00 -6.53527e-04  1.50076e+00 -6.53329e-04  1.00050e+00  1.00020e+00
 3.07000e+01  1.00031e+00 -6.51940e-04  1.50077e+00 -6.51740e-04  1.00051e+00  1.00020e+00
 3.08000e+01  1.00031e+00 -6.50328e-04  1.50078e+00 -6.50125e-04  1.00052e+00  1.00021e+00
 3.09000e+01  1.00032e+00 -6.48690e-04  1.50079e+00 -6.48485e-04  1.00053e+00  1.00021e+00
 3.10000e+01  1.00032e+00 -6.47028e-04  1.50080e+00 -6.46820e-04  1.00053e+00  1.00021e+00
 3.11000e+01  1.00033e+00 -6.45341e-04  1.50082e+00 -6.45130e-04  1.00054e+00  1.00022e+00
 3.12000e+01  1.00033e+00 -6.43628e-04  1.50083e+00 -6.43415e-04  1.00055e+00  1.00022e+00
 3.13000e+01  1.00034e+00 -6.41891e-04  1.50084e+00 -6.41675e-04  1.00056e+00  1.00022e+00
 3.14000e+01  1.00034e+00 -6.40129e-04  1.50085e+00 -6.39911e-04  1.00057e+00  1.00022e+00
 3.15000e+01  1.00035e+00 -6.38342e-04  1.50086e+00 -6.38122e-04  1.00057e+00  1.00023e+00
 3.16000e+01  1.00035e+00 -6.36531e-04  1.50088e+00 -6.36308e-04  1.00058e+00  1.00023e+00
 3.17000e+01  1.00035e+00 -6.34695e-04  1.50089e+00 -6.34470e-04  1.00059e+00  1.00023e+00
 3.18000e+01  1.00036e+00 -6.32834e-04  1.50090e+00 -6.32607e-04  1.00060e+00  1.00024e+00
 3.19000e+01  1.00036e+00 -6.30950e-04  1.50091e+00 -6.30720e-04  1.00060e+00  1.00024e+00
 3.20000e+01  1.00037e+00 -6.29041e-04  1.50092e+00 -6.28809e-04  1.00061e+00  1.00024e+00
 3.21000e+01  1.00037e+00 -6.27107e-04  1.50093e+00 -6.26873e-04  1.00062e+00  1.00025e+00
 3.22000e+01  1.00038e+00 -6.25150e-04  1.50095e+00 -6.24913e-04  1.00063e+00  1.00025e+00
 3.23000e+01  1.00038e+00 -6.23168e-04  1.50096e+00 -6.22930e-04  1.00064e+00  1.00025e+00
 3.24000e+01  1.00039e+00 -6.21163e-04  1.50097e+00 -6.20922e-04  1.00064e+00  1.00026e+00
 3.25000e+01  1.00039e+00 -6.19133e-04  1.50098e+00 -6.18891e-04  1.00065e+00  1.00026e+00
 3.26000e+01  1.00040e+00 -6.17080e-04  1.50099e+00 -6.16835e-04  1.00066e+00  1.00026e+00
 3.27000e+01  1.00040e+00 -6.15003e-04  1.50100e+00 -6.14756e-04  1.00067e+00  1.00026e+00
 3.28000e+01  1.00041e+00 -6.12902e-04  1.50101e+00 -6.12654e-04  1.00067e+00  1.00027e+00
 3.29000e+01  1.00041e+00 -6.10778e-04  1.50102e+00 -6.10528e-04  1.00068e+00  1.00027e+00
 3.30000e+01  1.00041e+00 -6.08630e-04  1.50104e+00 -6.08378e-04  1.00069e+00  1.00027e+00
 3.31000e+01  1.00042e+00 -6.06459e-04  1.50105e+00 -6.06205e-04  1.00069e+00  1.00028e+00
 3.32000e+01  1.00042e+00 -6.04265e-04  1.50106e+00 -6.04009e-04  1.00070e+00  1.00028e+00
 3.33000e+01  1.00043e+00 -6.02047e-04  1.50107e+00 -6.01790e-04  1.00071e+00  1.00028e+00
 3.34000e+01  1.00043e+00 -5.99806e-04  1.50108e+00 -5.99547e-04  1.00072e+00  1.00028e+00
 3.35000e+01  1.00044e+00 -5.97543e-04  1.50109e+00 -5.97282e-04  1.00072e+00  1.00029e+00
 3.36000e+01  1.00044e+00 -5.95256e-04  1.50110e+00 -5.94994e-04  1.00073e+00  1.00029e+00
 3.37000e+01  1.00044e+00 -5.92946e-04  1.50111e+00 -5.92683e-04  1.00074e+00  1.00029e+00
 3.38000e+01  1.00045e+00 -5.90614e-04  1.50112e+00 -5.90349e-04  1.00075e+00  1.00030e+00
 3.39000e+01  1.00045e+00 -5.88259e-04  1.50113e+00 -5.87993e-04  1.00075e+00  1.00030e+00
 3.40000e+01  1.00046e+00 -5.85882e-04  1.50114e+00 -5.85614e-04  1.00076e+00  1.00030e+00
 3.41000e+01  1.00046e+00 -5.83482e-04  1.50116e+00 -5.83212e-04  1.00077e+00  1.00030e+00
 3.42000e+01  1.00047e+00 -5.81060e-04  1.50117e+00 -5.80789e-04  1.00077e+00  1.00031e+00
 3.43000e+01  1.00047e+00 -5.78615e-04  1.50118e+00 -5.78343e-04  1.00078e+00  1.00031e+00
 3.44000e+01  1.00047e+00 -5.76148e-04  1.50119e+00 -5.75875e-04  1.00079e+00  1.00031e+00
 3.45000e+01  1.00048e+00 -5.73660e-04  1.50120e+00 -5.73385e-04  1.00079e+00  1.00032e+00
 3.46000e+01  1.00048e+00 -5.71149e-04  1.50121e+00 -5.70873e-04  1.00080e+00  1.00032e+00
 3.47000e+01  1.00049e+00 -5.68616e-04  1.50122e+00 -5.68339e-04  1.00081e+00  1.00032e+00
 3.48000e+01  1.00049e+00 -5.66062e-04  1.50123e+00 -5.65784e-04  1.00082e+00  1.00032e+00
 3.49000e+01  1.00050e+00 -5.63486e-04  1.50124e+00 -5.63207e-04  1.00082e+00  1.00033e+00
 3.50000e+01  1.00050e+00 -5.60888e-04  1.50125e+00 -5.60608e-04  1.00083e+00  1.00033e+00
 3.51000e+01  1.00050e+00 -5.58269e-04  1.50126e+00 -5.57988e-04  1.00084e+00  1.00033e+00
 3.52000e+01  1.00051e+00 -5.55629e-04  1.50127e+00 -5.55347e-04  1.00084e+00  1.00033e+00
 3.53000e+01  1.00051e+00 -5.52967e-04  1.50128e+00 -5.52685e-04  1.00085e+00  1.00034e+00
 3.54000e+01  1.00052e+00 -5.50285e-04  1.50129e+00 -5.50001e-04  1.00086e+00  1.00034e+00
 3.55000e+01  1.00052e+00 -5.47581e-04  1.50130e+00 -5.47296e-04  1.00086e+00  1.00034e+00
 3.56000e+01  1.00052e+00 -5.44856e-04  1.50131e+00 -5.44571e-04  1.00087e+00  1.00035e+00
 3.57000e+01  1.00053e+00 -5.42111e-04  1.50132e+00 -5.41825e-04  1.00088e+00  1.00035e+00
 3.58000e+01  1.00053e+00 -5.39344e-04  1.50133e+00 -5.39058e-04  1.00088e+00  1.00035e+00
 3.59000e+01  1.00054e+00 -5.36558e-04  1.50134e+00 -5.36271e-04  1.00089e+00  1.00035e+00
 3.60000e+01  1.00054e+00 -5.33750e-04  1.50135e+00 -5.33463e-04  1.00090e+00  1.00036e+00
 3.61000e+01  1.00054e+00 -5.30923e-04  1.50136e+00 -5.30635e-04  1.00090e+00  1.00036e+00
 3.62000e+01  1.00055e+00 -5.28075e-04  1.50137e+00 -5.27786e-04  1.00091e+00  1.00036e+00
 3.63000e+01  1.00055e+00 -5.25207e-04  1.50138e+00 -5.24918e-04  1.00091e+00  1.00036e+00
 3.64000e+01  1.00055e+00 -5.22319e-04  1.50139e+00 -5.22029e-04  1.00092e+00  1.00037e+00
 3.65000e+01  1.00056e+00 -5.19411e-04  1.50140e+00 -5.19121e-04  1.00093e+00  1.00037e+00
 3.66000e+01  1.00056e+00 -5.16483e-04  1.50141e+00 -5.16193e-04  1.00093e+00  1.00037e+00
 3.67000e+01  1.00057e+00 -5.13536e-04  1.50141e+00 -5.13245e-04  1.00094e+00  1.00037e+00
 3.68000e+01  1.00057e+00 -5.10569e-04  1.50142e+00 -5.10278e-04  1.00095e+00  1.00038e+00
 3.69000e+01  1.00057e+00 -5.07582e-04  1.50143e+00 -5.07291e-04  1.00095e+00  1.00038e+00
 3.70000e+01  1.00058e+00 -5.04576e-04  1.50144e+00 -5.04286e-04  1.00096e+00  1.00038e+00
 3.71000e+01  1.00058e+00 -5.01551e-04  1.50145e+00 -5.01260e-04  1.00096e+00  1.00038e+00
 3.72000e+01  1.00058e+00 -4.98507e-04  1.50146e+00 -4.98216e-04  1.00097e+00  1.00039e+00
 3.73000e+01  1.00059e+00 -4.95444e-04  1.50147e+00 -4.95153e-04  1.00098e+00  1.00039e+00
 3.74000e+01  1.00059e+00 -4.92362e-04  1.50148e+00 -4.92071e-04  1.00098e+00  1.00039e+00
 3.75000e+01  1.00059e+00 -4.89262e-04  1.50149e+00 -4.88971e-04  1.00099e+00  1.00039e+00
 3.76000e+01  1.00060e+00 -4.86142e-04  1.50150e+00 -4.85852e-04  1.00099e+00  1.00039e+00
 3.77000e+01  1.00060e+00 -4.83004e-04  1.50150e+00 -4.82714e-04  1.00100e+00  1.00040e+00
 3.78000e+01  1.00061e+00 -4.79848e-04  1.50151e+00 -4.79558e-04  1.00100e+00  1.00040e+00
 3.79000e+01  1.00061e+00 -4.76674e-04  1.50152e+00 -4.76384e-04  1.00101e+00  1.00040e+00
 3.80000e+01  1.00061e+00 -4.73481e-04  1.50153e+00 -4.73192e-04  1.00102e+00  1.00040e+00
 3.81000e+01  1.00062e+00 -4.70271e-04  1.50154e+00 -4.69982e-04  1.00102e+00  1.00041e+00
 3.82000e+01  1.00062e+00 -4.67042e-04  1.50155e+00 -4.66754e-04  1.00103e+00  1.00041e+00
 3.83000e+01  1.00062e+00 -4.63796e-04  1.50156e+00 -4.63508e-04  1.00103e+00  1.00041e+00
 3.84000e+01  1.00063e+00 -4.60533e-04  1.50156e+00 -4.60245e-04  1.00104e+00  1.00041e+00
 3.85000e+01  1.00063e+00 -4.57251e-04  1.50157e+00 -4.56964e-04  1.00104e+00  1.00041e+00
 3.86000e+01  1.00063e+00 -4.53953e-04  1.50158e+00 -4.53666e-04  1.00105e+00  1.00042e+00
 3.87000e+01  1.00064e+00 -4.50637e-04  1.50159e+00 -4.50351e-04  1.00105e+00  1.00042e+00
 3.88000e+01  1.00064e+00 -4.47304e-04  1.50160e+00 -4.47019e-04  1.00106e+00  1.00042e+00
 3.89000e+01  1.00064e+00 -4.43954e-04  1.50160e+00 -4.43669e-04  1.00107e+00  1.00042e+00
 3.90000e+01  1.00064e+00 -4.40587e-04  1.50161e+00 -4.40303e-04  1.00107e+00  1.00043e+00
 3.91000e+01  1.00065e+00 -4.37204e-04  1.50162e+00 -4.36921e-04  1.00108e+00  1.00043e+00
 3.92000e+01  1.00065e+00 -4.33804e-04  1.50163e+00 -4.33521e-04  1.00108e+00  1.00043e+00
 3.93000e+01  1.00065e+00 -4.30387e-04  1.50164e+00 -4.30106e-04  1.00109e+00  1.00043e+00
 3.94000e+01  1.00066e+00 -4.26954e-04  1.50164e+00 -4.26674e-04  1.00109e+00  1.00043e+00
 3.95000e+01  1.00066e+00 -4.23505e-04  1.50165e+00 -4.23226e-04  1.00110e+00  1.00044e+00
 3.96000e+01  1.00066e+00 -4.20040e-04  1.50166e+00 -4.19762e-04  1.00110e+00  1.00044e+00
 3.97000e+01  1.00067e+00 -4.16559e-04  1.50167e+00 -4.16282e-04  1.00111e+00  1.00044e+00
 3.98000e+01  1.00067e+00 -4.13062e-04  1.50167e+00 -4.12786e-04  1.00111e+00  1.00044e+00
 3.99000e+01  1.00067e+00 -4.09550e-04  1.50168e+00 -4.09275e-04  1.00112e+00  1.00044e+00
 4.00000e+01  1.00068e+00 -4.06022e-04  1.50169e+00 -4.05748e-04  1.00112e+00  1.00045e+00
 4.01000e+01  1.00068e+00 -4.02478e-04  1.50170e+00 -4.02206e-04  1.00113e+00  1.00045e+00
 4.02000e+01  1.00068e+00 -3.98920e-04  1.50170e+00 -3.98648e-04  1.00113e+00  1.00045e+00
 4.03000e+01  1.00068e+00 -3.95346e-04  1.50171e+00 -3.95076e-04  1.00114e+00  1.00045e+00
 4.04000e+01  1.00069e+00 -3.91757e-04  1.50172e+00 -3.91489e-04  1.00114e+00  1.00045e+00
 4.05000e+01  1.00069e+00 -3.88154e-04  1.50172e+00 -3.87886e-04  1.00114e+00  1.00046e+00
 4.06000e+01  1.00069e+00 -3.84536e-04  1.50173e+00 -3.84270e-04  1.00115e+00  1.00046e+00
 4.07000e+01  1.00069e+00 -3.80903e-04  1.50174e+00 -3.80638e-04  1.00115e+00  1.00046e+00
 4.08000e+01  1.00070e+00 -3.77256e-04  1.50174e+00 -3.76993e-04  1.00116e+00  1.00046e+00
 4.09000e+01  1.00070e+00 -3.73594e-04  1.50175e+00 -3.73333e-04  1.00116e+00  1.00046e+00
 4.10000e+01  1.00070e+00 -3.69919e-04  1.50176e+00 -3.69659e-04  1.00117e+00  1.00046e+00
 4.11000e+01  1.00071e+00 -3.66229e-04  1.50176e+00 -3.65971e-04  1.00117e+00  1.00047e+00
 4.12000e+01  1.00071e+00 -3.62526e-04  1.50177e+00 -3.62269e-04  1.00118e+00  1.00047e+00
 4.13000e+01  1.00071e+00 -3.58808e-04  1.50178e+00 -3.58554e-04  1.00118e+00  1.00047e+00
 4.14000e+01  1.00071e+00 -3.55078e-04  1.50178e+00 -3.54825e-04  1.00118e+00  1.00047e+00
 4.15000e+01  1.00072e+00 -3.51334e-04  1.50179e+00 -3.51082e-04  1.00119e+00  1.00047e+00
 4.16000e+01  1.00072e+00 -3.47576e-04  1.50180e+00 -3.47327e-04  1.00119e+00  1.00047e+00
 4.17000e+01  1.00072e+00 -3.43806e-04  1.50180e+00 -3.43558e-04  1.00120e+00  1.00048e+00
 4.18000e+01  1.00072e+00 -3.40022e-04  1.50181e+00 -3.39776e-04  1.00120e+00  1.00048e+00
 4.19000e+01  1.00073e+00 -3.36226e-04  1.50181e+00 -3.35982e-04  1.00120e+00  1.00048e+00
 4.20000e+01  1.00073e+00 -3.32416e-04  1.50182e+00 -3.32175e-04  1.00121e+00  1.00048e+00
 4.21000e+01  1.00073e+00 -3.28595e-04  1.50183e+00 -3.28355e-04  1.00121e+00  1.00048e+00
 4.22000e+01  1.00073e+00 -3.24761e-04  1.50183e+00 -3.24523e-04  1.00122e+00  1.00048e+00
 4.23000e+01  1.00073e+00 -3.20914e-04  1.50184e+00 -3.20679e-04  1.00122e+00  1.00049e+00
 4.24000e+01  1.00074e+00 -3.17056e-04  1.50184e+00 -3.16822e-04  1.00122e+00  1.00049e+00
 4.25000e+01  1.00074e+00 -3.13185e-04  1.50185e+00 -3.12954e-04  1.00123e+00  1.00049e+00
 4.26000e+01  1.00074e+00 -3.09303e-04  1.50185e+00 -3.09074e-04  1.00123e+00  1.00049e+00
 4.27000e+01  1.00074e+00 -3.05409e-04  1.50186e+00 -3.05182e-04  1.00124e+00  1.00049e+00
 4.28000e+01  1.00075e+00 -3.01504e-04  1.50187e+00 -3.01279e-04  1.00124e+00  1.00049e+00
 4.29000e+01  1.00075e+00 -2.97587e-04  1.50187e+00 -2.97364e-04  1.00124e+00  1.00049e+00
 4.30000e+01  1.00075e+00 -2.93659e-04  1.50188e+00 -2.93438e-04  1.00125e+00  1.00050e+00
 4.31000e+01  1.00075e+00 -2.89719e-04  1.50188e+00 -2.89502e-04  1.00125e+00  1.00050e+00
 4.32000e+01  1.00075e+00 -2.85769e-04  1.50189e+00 -2.85554e-04  1.00125e+00  1.00050e+00
 4.33000e+01  1.00076e+00 -2.81808e-04  1.50189e+00 -2.81595e-04  1.00126e+00  1.00050e+00
 4.34000e+01  1.00076e+00 -2.77837e-04  1.50190e+00 -2.77626e-04  1.00126e+00  1.00050e+00
 4.35000e+01  1.00076e+00 -2.73855e-04  1.50190e+00 -2.73647e-04  1.00126e+00  1.00050e+00
 4.36000e+01  1.00076e+00 -2.69863e-04  1.50191e+00 -2.69657e-04  1.00127e+00  1.00050e+00
 4.37000e+01  1.00076e+00 -2.65860e-04  1.50191e+00 -2.65657e-04  1.00127e+00  1.00050e+00
 4.38000e+01  1.00077e+00 -2.61847e-04  1.50192e+00 -2.61647e-04  1.00127e+00  1.00051e+00
 4.39000e+01  1.00077e+00 -2.57825e-04  1.50192e+00 -2.57627e-04  1.00128e+00  1.00051e+00
 4.40000e+01  1.00077e+00 -2.53793e-04  1.50192e+00 -2.53598e-04  1.00128e+00  1.00051e+00
 4.41000e+01  1.00077e+00 -2.49751e-04  1.50193e+00 -2.49559e-04  1.00128e+00  1.00051e+00
 4.42000e+01  1.00077e+00 -2.45700e-04  1.50193e+00 -2.45510e-04  1.00128e+00  1.00051e+00
 4.43000e+01  1.00077e+00 -2.41640e-04  1.50194e+00 -2.41453e-04  1.00129e+00  1.00051e+00
 4.44000e+01  1.00078e+00 -2.37570e-04  1.50194e+00 -2.37386e-04  1.00129e+00  1.00051e+00
 4.45000e+01  1.00078e+00 -2.33492e-04  1.50195e+00 -2.33310e-04  1.00129e+00  1.00051e+00
 4.46000e+01  1.00078e+00 -2.29404e-04  1.50195e+00 -2.29226e-04  1.00130e+00  1.00051e+00
 4.47000e+01  1.00078e+00 -2.25309e-04  1.50195e+00 -2.25133e-04  1.00130e+00  1.00052e+00
 4.48000e+01  1.00078e+00 -2.21204e-04  1.50196e+00 -2.21031e-04  1.00130e+00  1.00052e+00
 4.49000e+01  1.00078e+00 -2.17091e-04  1.50196e+00 -2.16921e-04  1.00130e+00  1.00052e+00
 4.50000e+01  1.00079e+00 -2.12970e-04  1.50197e+00 -2.12803e-04  1.00131e+00  1.00052e+00
 4.51000e+01  1.00079e+00 -2.08842e-04  1.50197e+00 -2.08677e-04  1.00131e+00  1.00052e+00
 4.52000e+01  1.00079e+00 -2.04705e-04  1.50197e+00 -2.04543e-04  1.00131e+00  1.00052e+00
 4.53000e+01  1.00079e+00 -2.00560e-04  1.50198e+00 -2.00402e-04  1.00131e+00  1.00052e+00
 4.54000e+01  1.00079e+00 -1.96408e-04  1.50198e+00 -1.96253e-04  1.00132e+00  1.00052e+00
 4.55000e+01  1.00079e+00 -1.92249e-04  1.50198e+00 -1.92096e-04  1.00132e+00  1.00052e+00
 4.56000e+01  1.00079e+00 -1.88082e-04  1.50199e+00 -1.87933e-04  1.00132e+00  1.00052e+00
 4.57000e+01  1.00080e+00 -1.83908e-04  1.50199e+00 -1.83762e-04  1.00132e+00  1.00053e+00
 4.58000e+01  1.00080e+00 -1.79728e-04  1.50199e+00 -1.79584e-04  1.00132e+00  1.00053e+00
 4.59000e+01  1.00080e+00 -1.75540e-04  1.50200e+00 -1.75400e-04  1.00133e+00  1.00053e+00
 4.60000e+01  1.00080e+00 -1.71346e-04  1.50200e+00 -1.71209e-04  1.00133e+00  1.00053e+00
 4.61000e+01  1.00080e+00 -1.67145e-04  1.50200e+00 -1.67012e-04  1.00133e+00  1.00053e+00
 4.62000e+01  1.00080e+00 -1.62939e-04  1.50201e+00 -1.62808e-04  1.00133e+00  1.00053e+00
 4.63000e+01  1.00080e+00 -1.58726e-04  1.50201e+00 -1.58598e-04  1.00133e+00  1.00053e+00
 4.64000e+01  1.00080e+00 -1.54507e-04  1.50201e+00 -1.54383e-04  1.00134e+00  1.00053e+00
 4.65000e+01  1.00081e+00 -1.50282e-04  1.50201e+00 -1.50161e-04  1.00134e+00  1.00053e+00
 4.66000e+01  1.00081e+00 -1.46052e-04  1.50202e+00 -1.45934e-04  1.00134e+00  1.00053e+00
 4.67000e+01  1.00081e+00 -1.41816e-04  1.50202e+00 -1.41701e-04  1.00134e+00  1.00053e+00
 4.68000e+01  1.00081e+00 -1.37574e-04  1.50202e+00 -1.37463e-04  1.00134e+00  1.00053e+00
 4.69000e+01  1.00081e+00 -1.33328e-04  1.50202e+00 -1.33220e-04  1.00134e+00  1.00053e+00
 4.70000e+01  1.00081e+00 -1.29077e-04  1.50203e+00 -1.28972e-04  1.00135e+00  1.00054e+00
 4.71000e+01  1.00081e+00 -1.24820e-04  1.50203e+00 -1.24719e-04  1.00135e+00  1.00054e+00
 4.72000e+01  1.00081e+00 -1.20559e-04  1.50203e+00 -1.20462e-04  1.00135e+00  1.00054e+00
 4.73000e+01  1.00081e+00 -1.16294e-04  1.50203e+00 -1.16199e-04  1.00135e+00  1.00054e+00
 4.74000e+01  1.00081e+00 -1.12024e-04  1.50204e+00 -1.11933e-04  1.00135e+00  1.00054e+00
 4.75000e+01  1.00081e+00 -1.07750e-04  1.50204e+00 -1.07662e-04  1.00135e+00  1.00054e+00
 4.76000e+01  1.00082e+00 -1.03472e-04  1.50204e+00 -1.03387e-04  1.00135e+00  1.00054e+00
 4.77000e+01  1.00082e+00 -9.91896e-05  1.50204e+00 -9.91087e-05  1.00136e+00  1.00054e+00
 4.78000e+01  1.00082e+00 -9.49038e-05  1.50204e+00 -9.48264e-05  1.00136e+00  1.00054e+00
 4.79000e+01  1.00082e+00 -9.06144e-05  1.50204e+00 -9.05404e-05  1.00136e+00  1.00054e+00
 4.80000e+01  1.00082e+00 -8.63217e-05  1.50205e+00 -8.62511e-05  1.00136e+00  1.00054e+00
 4.81000e+01  1.00082e+00 -8.20257e-05  1.50205e+00 -8.19586e-05  1.00136e+00  1.00054e+00
 4.82000e+01  1.00082e+00 -7.77266e-05  1.50205e+00 -7.76629e-05  1.00136e+00  1.00054e+00
 4.83000e+01  1.00082e+00 -7.34245e-05  1.50205e+00 -7.33644e-05  1.00136e+00  1.00054e+00
 4.84000e+01  1.00082e+00 -6.91198e-05  1.50205e+00 -6.90631e-05  1.00136e+00  1.00054e+00
 4.85000e+01  1.00082e+00 -6.48124e-05  1.50205e+00 -6.47592e-05  1.00136e+00  1.00054e+00
 4.86000e+01  1.00082e+00 -6.05025e-05  1.50205e+00 -6.04529e-05  1.00136e+00  1.00054e+00
 4.87000e+01  1.00082e+00 -5.61904e-05  1.50205e+00 -5.61443e-05  1.00136e+00  1.00054e+00
 4.88000e+01  1.00082e+00 -5.18762e-05  1.50206e+00 -5.18336e-05  1.00137e+00  1.00054e+00
 4.89000e+01  1.00082e+00 -4.75601e-05  1.50206e+00 -4.75210e-05  1.00137e+00  1.00054e+00
 4.90000e+01  1.00082e+00 -4.32421e-05  1.50206e+00 -4.32066e-05  1.00137e+00  1.00054e+00
 4.91000e+01  1.00082e+00 -3.89225e-05  1.50206e+00 -3.88905e-05  1.00137e+00  1.00054e+00
 4.92000e+01  1.00082e+00 -3.46015e-05  1.50206e+00 -3.45730e-05  1.00137e+00  1.00054e+00
 4.93000e+01  1.00082e+00 -3.02792e-05  1.50206e+00 -3.02543e-05  1.00137e+00  1.00054e+00
 4.94000e+01  1.00082e+00 -2.59557e-05  1.50206e+00 -2.59343e-05  1.00137e+00  1.00054e+00
 4.95000e+01  1.00082e+00 -2.16312e-05  1.50206e+00 -2.16134e-05  1.00137e+00  1.00054e+00
 4.96000e+01  1.00082e+00 -1.73060e-05  1.50206e+00 -1.72917e-05  1.00137e+00  1.00054e+00
 4.97000e+01  1.00082e+00 -1.29800e-05  1.50206e+00 -1.29694e-05  1.00137e+00  1.00054e+00
 4.98000e+01  1.00082e+00 -8.65363e-06  1.50206e+00 -8.64651e-06  1.00137e+00  1.00054e+00
 4.99000e+01  1.00082e+00 -4.32690e-06  1.50206e+00 -4.32333e-06  1.00137e+00  1.00054e+00
 5.00000e+01  1.00082e+00 -0.00000e+00  1.50206e+00 -0.00000e+00  1.00137e+00  1.00054e+00
 5.01000e+01  1.00082e+00  4.32690e-06  1.50206e+00  4.32333e-06  1.00137e+00  1.00054e+00
 5.02000e+01  1.00082e+00  8.65363e-06  1.50206e+00  8.64651e-06  1.00137e+00  1.00054e+00
 5.03000e+01  1.00082e+00  1.29800e-05  1.50206e+00  1.29694e-05  1.00137e+00  1.00054e+00
 5.04000e+01  1.00082e+00  1.73060e-05  1.50206e+00  1.72917e-05  1.00137e+00  1.00054e+00
 5.05000e+01  1.00082e+00  2.16312e-05  1.50206e+00  2.16134e-05  1.00137e+00  1.00054e+00
 5.06000e+01  1.00082e+00  2.59557e-05  1.50206e+00  2.59343e-05  1.00137e+00  1.00054e+00
 5.07000e+01  1.00082e+00  3.02792e-05  1.50206e+00  3.02543e-05  1.00137e+00  1.00054e+00
 5.08000e+01  1.00082e+00  3.46015e-05  1.50206e+00  3.45730e-05  1.00137e+00  1.00054e+00
 5.09000e+01  1.00082e+00  3.89225e-05  1.50206e+00  3.88905e-05  1.00137e+00  1.00054e+00
 5.10000e+01  1.00082e+00  4.32421e-05  1.50206e+00  4.32066e-05  1.00137e+00  1.00054e+00
 5.11000e+01  1.00082e+00  4.75601e-05  1.50206e+00  4.75210e-05  1.00137e+00  1.00054e+00
 5.12000e+01  1.00082e+00  5.18762e-05  1.50206e+00  5.18336e-05  1.00137e+00  1.00054e+00
 5.13000e+01  1.00082e+00  5.61904e-05  1.50205e+00  5.61443e-05  1.00136e+00  1.00054e+00
 5.14000e+01  1.00082e+00  6.05025e-05  1.50205e+00  6.04529e-05  1.00136e+00  1.00054e+00
 5.15000e+01  1.00082e+00  6.48124e-05  1.50205e+00  6.47592e-05  1.00136e+00  1.00054e+00
 5.16000e+01  1.00082e+00  6.91198e-05  1.50205e+00  6.90631e-05  1.00136e+00  1.00054e+00
 5.17000e+01  1.00082e+00  7.34245e-05  1.50205e+00  7.33644e-05  1.00136e+00  1.00054e+00
 5.18000e+01  1.00082e+00  7.77266e-05  1.50205e+00  7.76629e-05  1.00136e+00  1.00054e+00
 5.19000e+01  1.00082e+00  8.20257e-05  1.50205e+00  8.19586e-05  1.00136e+00  1.00054e+00
 5.20000e+01  1.00082e+00  8.63217e-05  1.50205e+00  8.62511e-05  1.00136e+00  1.00054e+00
 5.21000e+01  1.00082e+00  9.06144e-05  1.50204e+00  9.05404e-05  1.00136e+00  1.00054e+00
 5.22000e+01  1.00082e+00  9.49038e-05  1.50204e+00  9.48264e-05  1.00136e+00  1.00054e+00
 5.23000e+01  1.00082e+00  9.91896e-05  1.50204e+00  9.91087e-05  1.00136e+00  1.00054e+00
 5.24000e+01  1.00082e+00  1.03472e-04  1.50204e+00  1.03387e-04  1.00135e+00  1.00054e+00
 5.25000e+01  1.00081e+00  1.07750e-04  1.50204e+00  1.07662e-04  1.00135e+00  1.00054e+00
 5.26000e+01  1.00081e+00  1.12024e-04  1.50204e+00  1.11933e-04  1.00135e+00  1.00054e+00
 5.27000e+01  1.00081e+00  1.16294e-04  1.50203e+00  1.16199e-04  1.00135e+00  1.00054e+00
 5.28000e+01  1.00081e+00  1.20559e-04  1.50203e+00  1.20462e-04  1.00135e+00  1.00054e+00
 5.29000e+01  1.00081e+00  1.24820e-04  1.50203e+00  1.24719e-04  1.00135e+00  1.00054e+00
 5.30000e+01  1.00081e+00  1.29077e-04  1.50203e+00  1.28972e-04  1.00135e+00  1.00054e+00
 5.31000e+01  1.00081e+00  1.33328e-04  1.50202e+00  1.33220e-04  1.00134e+00  1.00053e+00
 5.32000e+01  1.00081e+00  1.37574e-04  1.50202e+00  1.37463e-04  1.00134e+00  1.00053e+00
 5.33000e+01  1.00081e+00  1.41816e-04  1.50202e+00  1.41701e-04  1.00134e+00  1.00053e+00
 5.34000e+01  1.00081e+00  1.46052e-04  1.50202e+00  1.45934e-04  1.00134e+00  1.00053e+00
 5.35000e+01  1.00081e+00  1.50282e-04  1.50201e+00  1.50161e-04  1.00134e+00  1.00053e+00
 5.36000e+01  1.00080e+00  1.54507e-04  1.50201e+00  1.54383e-04  1.00134e+00  1.00053e+00
 5.37000e+01  1.00080e+00  1.58726e-04  1.50201e+00  1.58598e-04  1.00133e+00  1.00053e+00
 5.38000e+01  1.00080e+00  1.62939e-04  1.50201e+00  1.62808e-04  1.00133e+00  1.00053e+00
 5.39000e+01  1.00080e+00  1.67145e-04  1.50200e+00  1.67012e-04  1.00133e+00  1.00053e+00
 5.40000e+01  1.00080e+00  1.71346e-04  1.50200e+00  1.71209e-04  1.00133e+00  1.00053e+00
 5.41000e+01  1.00080e+00  1.75540e-04  1.50200e+00  1.75400e-04  1.00133e+00  1.00053e+00
 5.42000e+01  1.00080e+00  1.79728e-04  1.50199e+00  1.79584e-04  1.00132e+00  1.00053e+00
 5.43000e+01  1.00080e+00  1.83908e-04  1.50199e+00  1.83762e-04  1.00132e+00  1.00053e+00
 5.44000e+01  1.00079e+00  1.88082e-04  1.50199e+00  1.87933e-04  1.00132e+00  1.00052e+00
 5.45000e+01  1.00079e+00  1.92249e-04  1.50198e+00  1.92096e-04  1.00132e+00  1.00052e+00
 5.46000e+01  1.00079e+00  1.96408e-04  1.50198e+00  1.96253e-04  1.00132e+00  1.00052e+00
 5.47000e+01  1.00079e+00  2.00560e-04  1.50198e+00  2.00402e-04  1.00131e+00  1.00052e+00
 5.48000e+01  1.00079e+00  2.04705e-04  1.50197e+00  2.04543e-04  1.00131e+00  1.00052e+00
 5.49000e+01  1.00079e+00  2.08842e-04  1.50197e+00  2.08677e-04  1.00131e+00  1.00052e+00
 5.50000e+01  1.00079e+00  2.12970e-04  1.50197e+00  2.12803e-04  1.00131e+00  1.00052e+00
 5.51000e+01  1.00078e+00  2.17091e-04  1.50196e+00  2.16921e-04  1.00130e+00  1.00052e+00
 5.52000e+01  1.00078e+00  2.21204e-04  1.50196e+00  2.21031e-04  1.00130e+00  1.00052e+00
 5.53000e+01  1.00078e+00  2.25309e-04  1.50195e+00  2.25133e-04  1.00130e+00  1.00052e+00
 5.54000e+01  1.00078e+00  2.29404e-04  1.50195e+00  2.29226e-04  1.00130e+00  1.00051e+00
 5.55000e+01  1.00078e+00  2.33492e-04  1.50195e+00  2.33310e-04  1.00129e+00  1.00051e+00
 5.56000e+01  1.00078e+00  2.37570e-04  1.50194e+00  2.37386e-04  1.00129e+00  1.00051e+00
 5.57000e+01  1.00077e+00  2.41640e-04  1.50194e+00  2.41453e-04  1.00129e+00  1.00051e+00
 5.58000e+01  1.00077e+00  2.45700e-04  1.50193e+00  2.45510e-04  1.00128e+00  1.00051e+00
 5.59000e+01  1.00077e+00  2.49751e-04  1.50193e+00  2.49559e-04  1.00128e+00  1.00051e+00
 5.60000e+01  1.00077e+00  2.53793e-04  1.50192e+00  2.53598e-04  1.00128e+00  1.00051e+00
 5.61000e+01  1.00077e+00  2.57825e-04  1.50192e+00  2.57627e-04  1.00128e+00  1.00051e+00
 5.62000e+01  1.00077e+00  2.61847e-04  1.50192e+00  2.61647e-04  1.00127e+00  1.00051e+00
 5.63000e+01  1.00076e+00  2.65860e-04  1.50191e+00  2.65657e-04  1.00127e+00  1.00050e+00
 5.64000e+01  1.00076e+00  2.69863e-04  1.50191e+00  2.69657e-04  1.00127e+00  1.00050e+00
 5.65000e+01  1.00076e+00  2.73855e-04  1.50190e+00  2.73647e-04  1.00126e+00  1.00050e+00
 5.66000e+01  1.00076e+00  2.77837e-04  1.50190e+00  2.77626e-04  1.00126e+00  1.00050e+00
 5.67000e+01  1.00076e+00  2.81808e-04  1.50189e+00  2.81595e-04  1.00126e+00  1.00050e+00
 5.68000e+01  1.00075e+00  2.85769e-04  1.50189e+00  2.85554e-04  1.00125e+00  1.00050e+00
 5.69000e+01  1.00075e+00  2.89719e-04  1.50188e+00  2.89502e-04  1.00125e+00  1.00050e+00
 5.70000e+01  1.00075e+00  2.93659e-04  1.50188e+00  2.93438e-04  1.00125e+00  1.00050e+00
 5.71000e+01  1.00075e+00  2.97587e-04  1.50187e+00  2.97364e-04  1.00124e+00  1.00049e+00
 5.72000e+01  1.00075e+00  3.01504e-04  1.50187e+00  3.01279e-04  1.00124e+00  1.00049e+00
 5.73000e+01  1.00074e+00  3.05409e-04  1.50186e+00  3.05182e-04  1.00124e+00  1.00049e+00
 5.74000e+01  1.00074e+00  3.09303e-04  1.50185e+00  3.09074e-04  1.00123e+00  1.00049e+00
 5.75000e+01  1.00074e+00  3.13185e-04  1.50185e+00  3.12954e-04  1.00123e+00  1.00049e+00
 5.76000e+01  1.00074e+00  3.17056e-04  1.50184e+00  3.16822e-04  1.00122e+00  1.00049e+00
 5.77000e+01  1.00073e+00  3.20914e-04  1.50184e+00  3.20679e-04  1.00122e+00  1.00049e+00
 5.78000e+01  1.00073e+00  3.24761e-04  1.50183e+00  3.24523e-04  1.00122e+00  1.00048e+00
 5.79000e+01  1.00073e+00  3.28595e-04  1.50183e+00  3.28355e-04  1.00121e+00  1.00048e+00
 5.80000e+01  1.00073e+00  3.32416e-04  1.50182e+00  3.32175e-04  1.00121e+00  1.00048e+00
 5.81000e+01  1.00073e+00  3.36226e-04  1.50181e+00  3.35982e-04  1.00120e+00  1.00048e+00
 5.82000e+01  1.00072e+00  3.40022e-04  1.50181e+00  3.39776e-04  1.00120e+00  1.00048e+00
 5.83000e+01  1.00072e+00  3.43806e-04  1.50180e+00  3.43558e-04  1.00120e+00  1.00048e+00
 5.84000e+01  1.00072e+00  3.47576e-04  1.50180e+00  3.47327e-04  1.00119e+00  1.00047e+00
 5.85000e+01  1.00072e+00  3.51334e-04  1.50179e+00  3.51082e-04  1.00119e+00  1.00047e+00
 5.86000e+01  1.00071e+00  3.55078e-04  1.50178e+00  3.54825e-04  1.00118e+00  1.00047e+00
 5.87000e+01  1.00071e+00  3.58808e-04  1.50178e+00  3.58554e-04  1.00118e+00  1.00047e+00
 5.88000e+01  1.00071e+00  3.62526e-04  1.50177e+00  3.62269e-04  1.00118e+00  1.00047e+00
 5.89000e+01  1.00071e+00  3.66229e-04  1.50176e+00  3.65971e-04  1.00117e+00  1.00047e+00
 5.90000e+01  1.00070e+00  3.69919e-04  1.50176e+00  3.69659e-04  1.00117e+00  1.00046e+00
 5.91000e+01  1.00070e+00  3.73594e-04  1.50175e+00  3.73333e-04  1.00116e+00  1.00046e+00
 5.92000e+01  1.00070e+00  3.77256e-04  1.50174e+00  3.76993e-04  1.00116e+00  1.00046e+00
 5.93000e+01  1.00069e+00  3.80903e-04  1.50174e+00  3.80638e-04  1.00115e+00  1.00046e+00
 5.94000e+01  1.00069e+00  3.84536e-04  1.50173e+00  3.84270e-04  1.00115e+00  1.00046e+00
 5.95000e+01  1.00069e+00  3.88154e-04  1.50172e+00  3.87886e-04  1.00114e+00  1.00046e+00
 5.96000e+01  1.00069e+00  3.91757e-04  1.50172e+00  3.91489e-04  1.00114e+00  1.00045e+00
 5.97000e+01  1.00068e+00  3.95346e-04  1.50171e+00  3.95076e-04  1.00114e+00  1.00045e+00
 5.98000e+01  1.00068e+00  3.98920e-04  1.50170e+00  3.98648e-04  1.00113e+00  1.00045e+00
 5.99000e+01  1.00068e+00  4.02478e-04  1.50170e+00  4.02206e-04  1.00113e+00  1.00045e+00
 6.00000e+01  1.00068e+00  4.06022e-04  1.50169e+00  4.05748e-04  1.00112e+00  1.00045e+00
 6.01000e+01  1.00067e+00  4.09550e-04  1.50168e+00  4.09275e-04  1.00112e+00  1.00044e+00
 6.02000e+01  1.00067e+00  4.13062e-04  1.50167e+00  4.12786e-04  1.00111e+00  1.00044e+00
 6.03000e+01  1.00067e+00  4.16559e-04  1.50167e+00  4.16282e-04  1.00111e+00  1.00044e+00
 6.04000e+01  1.00066e+00  4.20040e-04  1.50166e+00  4.19762e-04  1.00110e+00  1.00044e+00
 6.05000e+01  1.00066e+00  4.23505e-04  1.50165e+00  4.23226e-04  1.00110e+00  1.00044e+00
 6.06000e+01  1.00066e+00  4.26954e-04  1.50164e+00  4.26674e-04  1.00109e+00  1.00043e+00
 6.07000e+01  1.00065e+00  4.30387e-04  1.50164e+00  4.30106e-04  1.00109e+00  1.00043e+00
 6.08000e+01  1.00065e+00  4.33804e-04  1.50163e+00  4.33521e-04  1.00108e+00  1.00043e+00
 6.09000e+01  1.00065e+00  4.37204e-04  1.50162e+00  4.36921e-04  1.00108e+00  1.00043e+00
 6.10000e+01  1.00064e+00  4.40587e-04  1.50161e+00  4.40303e-04  1.00107e+00  1.00043e+00
 6.11000e+01  1.00064e+00  4.43954e-04  1.50160e+00  4.43669e-04  1.00107e+00  1.00042e+00
 6.12000e+01  1.00064e+00  4.47304e-04  1.50160e+00  4.47019e-04  1.00106e+00  1.00042e+00
 6.13000e+01  1.00064e+00  4.50637e-04  1.50159e+00  4.50351e-04  1.00105e+00  1.00042e+00
 6.14000e+01  1.00063e+00  4.53953e-04  1.50158e+00  4.53666e-04  1.00105e+00  1.00042e+00
 6.15000e+01  1.00063e+00  4.57251e-04  1.50157e+00  4.56964e-04  1.00104e+00  1.00041e+00
 6.16000e+01  1.00063e+00  4.60533e-04  1.50156e+00  4.60245e-04  1.00104e+00  1.00041e+00
 6.17000e+01  1.00062e+00  4.63796e-04  1.50156e+00  4.63508e-04  1.00103e+00  1.00041e+00
 6.18000e+01  1.00062e+00  4.67042e-04  1.50155e+00  4.66754e-04  1.00103e+00  1.00041e+00
 6.19000e+01  1.00062e+00  4.70271e-04  1.50154e+00  4.69982e-04  1.00102e+00  1.00041e+00
 6.20000e+01  1.00061e+00  4.73481e-04  1.50153e+00  4.73192e-04  1.00102e+00  1.00040e+00
 6.21000e+01  1.00061e+00  4.76674e-04  1.50152e+00  4.76384e-04  1.00101e+00  1.00040e+00
 6.22000e+01  1.00061e+00  4.79848e-04  1.50151e+00  4.79558e-04  1.00100e+00  1.00040e+00
 6.23000e+01  1.00060e+00  4.83004e-04  1.50150e+00  4.82714e-04  1.00100e+00  1.00040e+00
 6.24000e+01  1.00060e+00  4.86142e-04  1.50150e+00  4.85852e-04  1.00099e+00  1.00039e+00
 6.25000e+01  1.00059e+00  4.89262e-04  1.50149e+00  4.88971e-04  1.00099e+00  1.00039e+00
 6.26000e+01  1.00059e+00  4.92362e-04  1.50148e+00  4.92071e-04  1.00098e+00  1.00039e+00
 6.27000e+01  1.00059e+00  4.95444e-04  1.50147e+00  4.95153e-04  1.00098e+00  1.00039e+00
 6.28000e+01  1.00058e+00  4.98507e-04  1.50146e+00  4.98216e-04  1.00097e+00  1.00039e+00
 6.29000e+01  1.00058e+00  5.01551e-04  1.50145e+00  5.01260e-04  1.00096e+00  1.00038e+00
 6.30000e+01  1.00058e+00  5.04576e-04  1.50144e+00  5.04286e-04  1.00096e+00  1.00038e+00
 6.31000e+01  1.00057e+00  5.07582e-04  1.50143e+00  5.07291e-04  1.00095e+00  1.00038e+00
 6.32000e+01  1.00057e+00  5.10569e-04  1.50142e+00  5.10278e-04  1.00095e+00  1.00038e+00
 6.33000e+01  1.00057e+00  5.13536e-04  1.50141e+00  5.13245e-04  1.00094e+00  1.00037e+00
 6.34000e+01  1.00056e+00  5.16483e-04  1.50141e+00  5.16193e-04  1.00093e+00  1.00037e+00
 6.35000e+01  1.00056e+00  5.19411e-04  1.50140e+00  5.19121e-04  1.00093e+00  1.00037e+00
 6.36000e+01  1.00055e+00  5.22319e-04  1.50139e+00  5.22029e-04  1.00092e+00  1.00037e+00
 6.37000e+01  1.00055e+00  5.25207e-04  1.50138e+00  5.24918e-04  1.00091e+00  1.00036e+00
 6.38000e+01  1.00055e+00  5.28075e-04  1.50137e+00  5.27786e-04  1.00091e+00  1.00036e+00
 6.39000e+01  1.00054e+00  5.30923e-04  1.50136e+00  5.30635e-04  1.00090e+00  1.00036e+00
 6.40000e+01  1.00054e+00  5.33750e-04  1.50135e+00  5.33463e-04  1.00090e+00  1.00036e+00
 6.41000e+01  1.00054e+00  5.36558e-04  1.50134e+00  5.36271e-04  1.00089e+00  1.00035e+00
 6.42000e+01  1.00053e+00  5.39344e-04  1.50133e+00  5.39058e-04  1.00088e+00  1.00035e+00
 6.43000e+01  1.00053e+00  5.42111e-04  1.50132e+00  5.41825e-04  1.00088e+00  1.00035e+00
 6.44000e+01  1.00052e+00  5.44856e-04  1.50131e+00  5.44571e-04  1.00087e+00  1.00035e+00
 6.45000e+01  1.00052e+00  5.47581e-04  1.50130e+00  5.47296e-04  1.00086e+00  1.00034e+00
 6.46000e+01  1.00052e+00  5.50285e-04  1.50129e+00  5.50001e-04  1.00086e+00  1.00034e+00
 6.47000e+01  1.00051e+00  5.52967e-04  1.50128e+00  5.52685e-04  1.00085e+00  1.00034e+00
 6.48000e+01  1.00051e+00  5.55629e-04  1.50127e+00  5.55347e-04  1.00084e+00  1.00033e+00
 6.49000e+01  1.00050e+00  5.58269e-04  1.50126e+00  5.57988e-04  1.00084e+00  1.00033e+00
 6.50000e+01  1.00050e+00  5.60888e-04  1.50125e+00  5.60608e-04  1.00083e+00  1.00033e+00
 6.51000e+01  1.00050e+00  5.63486e-04  1.50124e+00  5.63207e-04  1.00082e+00  1.00033e+00
 6.52000e+01  1.00049e+00  5.66062e-04  1.50123e+00  5.65784e-04  1.00082e+00  1.00032e+00
 6.53000e+01  1.00049e+00  5.68616e-04  1.50122e+00  5.68339e-04  1.00081e+00  1.00032e+00
 6.54000e+01  1.00048e+00  5.71149e-04  1.50121e+00  5.70873e-04  1.00080e+00  1.00032e+00
 6.55000e+01  1.00048e+00  5.73660e-04  1.50120e+00  5.73385e-04  1.00079e+00  1.00032e+00
 6.56000e+01  1.00047e+00  5.76148e-04  1.50119e+00  5.75875e-04  1.00079e+00  1.00031e+00
 6.57000e+01  1.00047e+00  5.78615e-04  1.50118e+00  5.78343e-04  1.00078e+00  1.00031e+00
 6.58000e+01  1.00047e+00  5.81060e-04  1.50117e+00  5.80789e-04  1.00077e+00  1.00031e+00
 6.59000e+01  1.00046e+00  5.83482e-04  1.50116e+00  5.83212e-04  1.00077e+00  1.00030e+00
 6.60000e+01  1.00046e+00  5.85882e-04  1.50114e+00  5.85614e-04  1.00076e+00  1.00030e+00
 6.61000e+01  1.00045e+00  5.88259e-04  1.50113e+00  5.87993e-04  1.00075e+00  1.00030e+00
 6.62000e+01  1.00045e+00  5.90614e-04  1.50112e+00  5.90349e-04  1.00075e+00  1.00030e+00
 6.63000e+01  1.00044e+00  5.92946e-04  1.50111e+00  5.92683e-04  1.00074e+00  1.00029e+00
 6.64000e+01  1.00044e+00  5.95256e-04  1.50110e+00  5.94994e-04  1.00073e+00  1.00029e+00
 6.65000e+01  1.00044e+00  5.97543e-04  1.50109e+00  5.97282e-04  1.00072e+00  1.00029e+00
 6.66000e+01  1.00043e+00  5.99806e-04  1.50108e+00  5.99547e-04  1.00072e+00  1.00028e+00
 6.67000e+01  1.00043e+00  6.02047e-04  1.50107e+00  6.01790e-04  1.00071e+00  1.00028e+00
 6.68000e+01  1.00042e+00  6.04265e-04  1.50106e+00  6.04009e-04  1.00070e+00  1.00028e+00
 6.69000e+01  1.00042e+00  6.06459e-04  1.50105e+00  6.06205e-04  1.00069e+00  1.00028e+00
 6.70000e+01  1.00041e+00  6.08630e-04  1.50104e+00  6.08378e-04  1.00069e+00  1.00027e+00
 6.71000e+01  1.00041e+00  6.10778e-04  1.50102e+00  6.10528e-04  1.00068e+00  1.00027e+00
 6.72000e+01  1.00041e+00  6.12902e-04  1.50101e+00  6.12654e-04  1.00067e+00  1.00027e+00
 6.73000e+01  1.00040e+00  6.15003e-04  1.50100e+00  6.14756e-04  1.00067e+00  1.00026e+00
 6.74000e+01  1.00040e+00  6.17080e-04  1.50099e+00  6.16835e-04  1.00066e+00  1.00026e+00
 6.75000e+01  1.00039e+00  6.19133e-04  1.50098e+00  6.18891e-04  1.00065e+00  1.00026e+00
 6.76000e+01  1.00039e+00  6.21163e-04  1.50097e+00  6.20922e-04  1.00064e+00  1.00026e+00
 6.77000e+01  1.00038e+00  6.23168e-04  1.50096e+00  6.22930e-04  1.00064e+00  1.00025e+00
 6.78000e+01  1.00038e+00  6.25150e-04  1.50095e+00  6.24913e-04  1.00063e+00  1.00025e+00
 6.79000e+01  1.00037e+00  6.27107e-04  1.50093e+00  6.26873e-04  1.00062e+00  1.00025e+00
 6.80000e+01  1.00037e+00  6.29041e-04  1.50092e+00  6.28809e-04  1.00061e+00  1.00024e+00
 6.81000e+01  1.00036e+00  6.30950e-04  1.50091e+00  6.30720e-04  1.00060e+00  1.00024e+00
 6.82000e+01  1.00036e+00  6.32834e-04  1.50090e+00  6.32607e-04  1.00060e+00  1.00024e+00
 6.83000e+01  1.00035e+00  6.34695e-04  1.50089e+00  6.34470e-04  1.00059e+00  1.00023e+00
 6.84000e+01  1.00035e+00  6.36531e-04  1.50088e+00  6.36308e-04  1.00058e+00  1.00023e+00
 6.85000e+01  1.00035e+00  6.38342e-04  1.50086e+00  6.38122e-04  1.00057e+00  1.00023e+00
 6.86000e+01  1.00034e+00  6.40129e-04  1.50085e+00  6.39911e-04  1.00057e+00  1.00022e+00
 6.87000e+01  1.00034e+00  6.41891e-04  1.50084e+00  6.41675e-04  1.00056e+00  1.00022e+00
 6.88000e+01  1.00033e+00  6.43628e-04  1.50083e+00  6.43415e-04  1.00055e+00  1.00022e+00
 6.89000e+01  1.00033e+00  6.45341e-04  1.50082e+00  6.45130e-04  1.00054e+00  1.00022e+00
 6.90000e+01  1.00032e+00  6.47028e-04  1.50080e+00  6.46820e-04  1.00053e+00  1.00021e+00
 6.91000e+01  1.00032e+00  6.48690e-04  1.50079e+00  6.48485e-04  1.00053e+00  1.00021e+00
 6.92000e+01  1.00031e+00  6.50328e-04  1.50078e+00  6.50125e-04  1.00052e+00  1.00021e+00
 6.93000e+01  1.00031e+00  6.51940e-04  1.50077e+00  6.51740e-04  1.00051e+00  1.00020e+00
 6.94000e+01  1.00030e+00  6.53527e-04  1.50076e+00  6.53329e-04  1.00050e+00  1.00020e+00
 6.95000e+01  1.00030e+00  6.55089e-04  1.50074e+00  6.54894e-04  1.00049e+00  1.00020e+00
 6.96000e+01  1.00029e+00  6.56625e-04  1.50073e+00  6.56433e-04  1.00049e+00  1.00019e+00
 6.97000e+01  1.00029e+00  6.58137e-04  1.50072e+00  6.57947e-04  1.00048e+00  1.00019e+00
 6.98000e+01  1.00028e+00  6.59622e-04  1.50071e+00  6.59435e-04  1.00047e+00  1.00019e+00
 6.99000e+01  1.00028e+00  6.61082e-04  1.50070e+00  6.60898e-04  1.00046e+00  1.00018e+00
 7.00000e+01  1.00027e+00  6.62517e-04  1.50068e+00  6.62335e-04  1.00045e+00  1.00018e+00
 7.01000e+01  1.00027e+00  6.63925e-04  1.50067e+00  6.63747e-04  1.00045e+00  1.00018e+00
 7.02000e+01  1.00026e+00  6.65308e-04  1.50066e+00  6.65133e-04  1.00044e+00  1.00017e+00
 7.03000e+01  1.00026e+00  6.66665e-04  1.50065e+00  6.66493e-04  1.00043e+00  1.00017e+00
 7.04000e+01  1.00025e+00  6.67997e-04  1.50063e+00  6.67827e-04  1.00042e+00  1.00017e+00
 7.05000e+01  1.00025e+00  6.69302e-04  1.50062e+00  6.69136e-04  1.00041e+00  1.00016e+00
 7.06000e+01  1.00024e+00  6.70582e-04  1.50061e+00  6.70418e-04  1.00040e+00  1.00016e+00
 7.07000e+01  1.00024e+00  6.71835e-04  1.50060e+00  6.71675e-04  1.00040e+00  1.00016e+00
 7.08000e+01  1.00023e+00  6.73063e-04  1.50059e+00  6.72905e-04  1.00039e+00  1.00015e+00
 7.09000e+01  1.00023e+00  6.74264e-04  1.50057e+00  6.74109e-04  1.00038e+00  1.00015e+00
 7.10000e+01  1.00022e+00  6.75439e-04  1.50056e+00  6.75288e-04  1.00037e+00  1.00015e+00
 7.11000e+01  1.00022e+00  6.76588e-04  1.50055e+00  6.76439e-04  1.00036e+00  1.00014e+00
 7.12000e+01  1.00021e+00  6.77710e-04  1.50054e+00  6.77565e-04  1.00036e+00  1.00014e+00
 7.13000e+01  1.00021e+00  6.78806e-04  1.50052e+00  6.78664e-04  1.00035e+00  1.00014e+00
 7.14000e+01  1.00020e+00  6.79876e-04  1.50051e+00  6.79737e-04  1.00034e+00  1.00013e+00
 7.15000e+01  1.00020e+00  6.80919e-04  1.50050e+00  6.80784e-04  1.00033e+00  1.00013e+00
 7.16000e+01  1.00019e+00  6.81936e-04  1.50048e+00  6.81804e-04  1.00032e+00  1.00013e+00
 7.17000e+01  1.00019e+00  6.82926e-04  1.50047e+00  6.82797e-04  1.00031e+00  1.00012e+00
 7.18000e+01  1.00018e+00  6.83890e-04  1.50046e+00  6.83764e-04  1.00030e+00  1.00012e+00
 7.19000e+01  1.00018e+00  6.84827e-04  1.50045e+00  6.84705e-04  1.00030e+00  1.00012e+00
 7.20000e+01  1.00017e+00  6.85737e-04  1.50043e+00  6.85618e-04  1.00029e+00  1.00011e+00
 7.21000e+01  1.00017e+00  6.86621e-04  1.50042e+00  6.86505e-04  1.00028e+00  1.00011e+00
 7.22000e+01  1.00016e+00  6.87477e-04  1.50041e+00  6.87365e-04  1.00027e+00  1.00011e+00
 7.23000e+01  1.00016e+00  6.88307e-04  1.50040e+00  6.88199e-04  1.00026e+00  1.00010e+00
 7.24000e+01  1.00015e+00  6.89110e-04  1.50038e+00  6.89005e-04  1.00025e+00  1.00010e+00
 7.25000e+01  1.00015e+00  6.89887e-04  1.50037e+00  6.89785e-04  1.00025e+00  1.00010e+00
 7.26000e+01  1.00014e+00  6.90636e-04  1.50036e+00  6.90537e-04  1.00024e+00  1.00009e+00
 7.27000e+01  1.00014e+00  6.91358e-04  1.50034e+00  6.91263e-04  1.00023e+00  1.00009e+00
 7.28000e+01  1.00013e+00  6.92054e-04  1.50033e+00  6.91962e-04  1.00022e+00  1.00009e+00
 7.29000e+01  1.00013e+00  6.92722e-04  1.50032e+00  6.92634e-04  1.00021e+00  1.00008e+00
 7.30000e+01  1.00012e+00  6.93363e-04  1.50030e+00  6.93278e-04  1.00020e+00  1.00008e+00
 7.31000e+01  1.00012e+00  6.93977e-04  1.50029e+00  6.93896e-04  1.00019e+00  1.00008e+00
 7.32000e+01  1.00011e+00  6.94564e-04  1.50028e+00  6.94486e-04  1.00018e+00  1.00007e+00
 7.33000e+01  1.00011e+00  6.95124e-04  1.50027e+00  6.95050e-04  1.00018e+00  1.00007e+00
 7.34000e+01  1.00010e+00  6.95656e-04  1.50025e+00  6.95586e-04  1.00017e+00  1.00007e+00
 7.35000e+01  1.00010e+00  6.96161e-04  1.50024e+00  6.96094e-04  1.00016e+00  1.00006e+00
 7.36000e+01  1.00009e+00  6.96639e-04  1.50023e+00  6.96576e-04  1.00015e+00  1.00006e+00
 7.37000e+01  1.00009e+00  6.97090e-04  1.50021e+00  6.97030e-04  1.00014e+00  1.00006e+00
 7.38000e+01  1.00008e+00  6.97513e-04  1.50020e+00  6.97457e-04  1.00013e+00  1.00005e+00
 7.39000e+01  1.00008e+00  6.97909e-04  1.50019e+00  6.97857e-04  1.00012e+00  1.00005e+00
 7.40000e+01  1.00007e+00  6.98278e-04  1.50017e+00  6.98229e-04  1.00012e+00  1.00005e+00
 7.41000e+01  1.00006e+00  6.98619e-04  1.50016e+00  6.98574e-04  1.00011e+00  1.00004e+00
 7.42000e+01  1.00006e+00  6.98933e-04  1.50015e+00  6.98891e-04  1.00010e+00  1.00004e+00
 7.43000e+01  1.00005e+00  6.99219e-04  1.50014e+00  6.99181e-04  1.00009e+00  1.00004e+00
 7.44000e+01  1.00005e+00  6.99478e-04  1.50012e+00  6.99444e-04  1.00008e+00  1.00003e+00
 7.45000e+01  1.00004e+00  6.99710e-04  1.50011e+00  6.99679e-04  1.00007e+00  1.00003e+00
 7.46000e+01  1.00004e+00  6.99913e-04  1.50010e+00  6.99887e-04  1.00006e+00  1.00002e+00
 7.47000e+01  1.00003e+00  7.00090e-04  1.50008e+00  7.00067e-04  1.00005e+00  1.00002e+00
 7.48000e+01  1.00003e+00  7.00239e-04  1.50007e+00  7.00219e-04  1.00005e+00  1.00002e+00
 7.49000e+01  1.00002e+00  7.00360e-04  1.50006e+00  7.00344e-04  1.00004e+00  1.00001e+00
 7.50000e+01  1.00002e+00  7.00454e-04  1.50004e+00  7.00442e-04  1.00003e+00  1.00001e+00
 7.51000e+01  1.00001e+00  7.00520e-04  1.50003e+00  7.00512e-04  1.00002e+00  1.00001e+00
 7.52000e+01  1.00001e+00  7.00559e-04  1.50002e+00  7.00554e-04  1.00001e+00  1.00000e+00
 7.53000e+01  1.00000e+00  7.00569e-04  1.50000e+00  7.00569e-04  1.00000e+00  1.00000e+00
 7.54000e+01  9.99996e-01  7.00553e-04  1.49999e+00  7.00556e-04  9.99993e-01  9.99997e-01
 7.55000e+01  9.99991e-01  7.00509e-04  1.49998e+00  7.00515e-04  9.99984e-01  9.99994e-01
 7.56000e+01  9.99985e-01  7.00437e-04  1.49996e+00  7.00447e-04  9.99975e-01  9.99990e-01
 7.57000e+01  9.99980e-01  7.00337e-04  1.49995e+00  7.00351e-04  9.99967e-01  9.99987e-01
 7.58000e+01  9.99975e-01  7.00210e-04  1.49994e+00  7.00228e-04  9.99958e-01  9.99983e-01
 7.59000e+01  9.99970e-01  7.00055e-04  1.49992e+00  7.00077e-04  9.99949e-01  9.99980e-01
 7.60000e+01  9.99964e-01  6.99873e-04  1.49991e+00  6.99898e-04  9.99940e-01  9.99976e-01
 7.61000e+01  9.99959e-01  6.99663e-04  1.49990e+00  6.99691e-04  9.99931e-01  9.99973e-01
 7.62000e+01  9.99954e-01  6.99425e-04  1.49988e+00  6.99457e-04  9.99923e-01  9.99969e-01
 7.63000e+01  9.99948e-01  6.99159e-04  1.49987e+00  6.99196e-04  9.99914e-01  9.99966e-01
 7.64000e+01  9.99943e-01  6.98866e-04  1.49986e+00  6.98906e-04  9.99905e-01  9.99962e-01
 7.65000e+01  9.99938e-01  6.98546e-04  1.49984e+00  6.98589e-04  9.99896e-01  9.99959e-01
 7.66000e+01  9.99932e-01  6.98197e-04  1.49983e+00  6.98244e-04  9.99888e-01  9.99955e-01
 7.67000e+01  9.99927e-01  6.97821e-04  1.49982e+00  6.97872e-04  9.99879e-01  9.99952e-01
 7.68000e+01  9.99922e-01  6.97418e-04  1.49980e+00  6.97472e-04  9.99870e-01  9.99948e-01
 7.69000e+01  9.99917e-01  6.96986e-04  1.49979e+00  6.97045e-04  9.99861e-01  9.99945e-01
 7.70000e+01  9.99911e-01  6.96527e-04  1.49978e+00  6.96589e-04  9.99852e-01  9.99941e-01
 7.71000e+01  9.99906e-01  6.96041e-04  1.49976e+00  6.96106e-04  9.99844e-01  9.99938e-01
 7.72000e+01  9.99901e-01  6.95527e-04  1.49975e+00  6.95596e-04  9.99835e-01  9.99934e-01
 7.73000e+01  9.99895e-01  6.94985e-04  1.49974e+00  6.95058e-04  9.99826e-01  9.99931e-01
 7.74000e+01  9.99890e-01  6.94416e-04  1.49973e+00  6.94492e-04  9.99817e-01  9.99927e-01
 7.75000e+01  9.99885e-01  6.93819e-04  1.49971e+00  6.93899e-04  9.99808e-01  9.99924e-01
 7.76000e+01  9.99880e-01  6.93195e-04  1.49970e+00  6.93278e-04  9.99800e-01  9.99920e-01
 7.77000e+01  9.99874e-01  6.92543e-04  1.49969e+00  6.92630e-04  9.99791e-01  9.99917e-01
 7.78000e+01  9.99869e-01  6.91863e-04  1.49967e+00  6.91954e-04  9.99782e-01  9.99913e-01
 7.79000e+01  9.99864e-01  6.91156e-04  1.49966e+00  6.91250e-04  9.99773e-01  9.99910e-01
 7.80000e+01  9.99858e-01  6.90422e-04  1.49965e+00  6.90519e-04  9.99765e-01  9.99906e-01
 7.81000e+01  9.99853e-01  6.89660e-04  1.49963e+00  6.89761e-04  9.99756e-01  9.99903e-01
 7.82000e+01  9.99848e-01  6.88870e-04  1.49962e+00  6.88975e-04  9.99747e-01  9.99899e-01
 7.83000e+01  9.99843e-01  6.88053e-04  1.49961e+00  6.88162e-04  9.99739e-01  9.99896e-01
 7.84000e+01  9.99837e-01  6.87209e-04  1.49959e+00  6.87321e-04  9.99730e-01  9.99892e-01
 7.85000e+01  9.99832e-01  6.86338e-04  1.49958e+00  6.86453e-04  9.99721e-01  9.99889e-01
 7.86000e+01  9.99827e-01  6.85439e-04  1.49957e+00  6.85557e-04  9.99712e-01  9.99885e-01
 7.87000e+01  9.99822e-01  6.84512e-04  1.49955e+00  6.84634e-04  9.99704e-01  9.99882e-01
 7.88000e+01  9.99816e-01  6.83559e-04  1.49954e+00  6.83684e-04  9.99695e-01  9.99879e-01
 7.89000e+01  9.99811e-01  6.82578e-04  1.49953e+00  6.82707e-04  9.99686e-01  9.99875e-01
 7.90000e+01  9.99806e-01  6.81570e-04  1.49952e+00  6.81702e-04  9.99678e-01  9.99872e-01
 7.91000e+01  9.99801e-01  6.80534e-04  1.49950e+00  6.80670e-04  9.99669e-01  9.99868e-01
 7.92000e+01  9.99796e-01  6.79472e-04  1.49949e+00  6.79611e-04  9.99660e-01  9.99865e-01
 7.93000e+01  9.99790e-01  6.78382e-04  1.49948e+00  6.78524e-04  9.99652e-01  9.99861e-01
 7.94000e+01  9.99785e-01  6.77265e-04  1.49946e+00  6.77411e-04  9.99643e-01  9.99858e-01
 7.95000e+01  9.99780e-01  6.76121e-04  1.49945e+00  6.76270e-04  9.99634e-01  9.99854e-01
 7.96000e+01  9.99775e-01  6.74951e-04  1.49944e+00  6.75103e-04  9.99626e-01  9.99851e-01
 7.97000e+01  9.99770e-01  6.73753e-04  1.49942e+00  6.73908e-04  9.99617e-01  9.99848e-01
 7.98000e+01  9.99764e-01  6.72528e-04  1.49941e+00  6.72686e-04  9.99609e-01  9.99844e-01
 7.99000e+01  9.99759e-01  6.71276e-04  1.49940e+00  6.71438e-04  9.99600e-01  9.99841e-01
 8.00000e+01  9.99754e-01  6.69997e-04  1.49939e+00  6.70162e-04  9.99592e-01  9.99837e-01
 8.01000e+01  9.99749e-01  6.68692e-04  1.49937e+00  6.68859e-04  9.99583e-01  9.99834e-01
 8.02000e+01  9.99744e-01  6.67359e-04  1.49936e+00  6.67530e-04  9.99575e-01  9.99831e-01
 8.03000e+01  9.99739e-01  6.66000e-04  1.49935e+00  6.66174e-04  9.99566e-01  9.99827e-01
 8.04000e+01  9.99734e-01  6.64614e-04  1.49933e+00  6.64791e-04  9.99557e-01  9.99824e-01
 8.05000e+01  9.99728e-01  6.63202e-04  1.49932e+00  6.63382e-04  9.99549e-01  9.99820e-01
 8.06000e+01  9.99723e-01  6.61763e-04  1.49931e+00  6.61946e-04  9.99541e-01  9.99817e-01
 8.07000e+01  9.99718e-01  6.60297e-04  1.49930e+00  6.60483e-04  9.99532e-01  9.99814e-01
 8.08000e+01  9.99713e-01  6.58805e-04  1.49928e+00  6.58994e-04  9.99524e-01  9.99810e-01
 8.09000e+01  9.99708e-01  6.57286e-04  1.49927e+00  6.57478e-04  9.99515e-01  9.99807e-01
 8.10000e+01  9.99703e-01  6.55741e-04  1.49926e+00  6.55935e-04  9.99507e-01  9.99804e-01
 8.11000e+01  9.99698e-01  6.54169e-04  1.49925e+00  6.54367e-04  9.99498e-01  9.99800e-01
 8.12000e+01  9.99693e-01  6.52571e-04  1.49923e+00  6.52772e-04  9.99490e-01  9.99797e-01
 8.13000e+01  9.99688e-01  6.50947e-04  1.49922e+00  6.51150e-04  9.99482e-01  9.99794e-01
 8.14000e+01  9.99683e-01  6.49297e-04  1.49921e+00  6.49503e-04  9.99473e-01  9.99790e-01
 8.15000e+01  9.99678e-01  6.47621e-04  1.49919e+00  6.47829e-04  9.99465e-01  9.99787e-01
 8.16000e+01  9.99673e-01  6.45918e-04  1.49918e+00  6.46129e-04  9.99457e-01  9.99784e-01
 8.17000e+01  9.99668e-01  6.44189e-04  1.49917e+00  6.44403e-04  9.99449e-01  9.99781e-01
 8.18000e+01  9.99663e-01  6.42435e-04  1.49916e+00  6.42652e-04  9.99440e-01  9.99777e-01
 8.19000e+01  9.99658e-01  6.40654e-04  1.49914e+00  6.40874e-04  9.99432e-01  9.99774e-01
 8.20000e+01  9.99653e-01  6.38848e-04  1.49913e+00  6.39070e-04  9.99424e-01  9.99771e-01
 8.21000e+01  9.99648e-01  6.37016e-04  1.49912e+00  6.37240e-04  9.99416e-01  9.99767e-01
 8.22000e+01  9.99643e-01  6.35158e-04  1.49911e+00  6.35385e-04  9.99407e-01  9.99764e-01
 8.23000e+01  9.99638e-01  6.33275e-04  1.49910e+00  6.33504e-04  9.99399e-01  9.99761e-01
 8.24000e+01  9.99633e-01  6.31366e-04  1.49908e+00  6.31597e-04  9.99391e-01  9.99758e-01
 8.25000e+01  9.99628e-01  6.29431e-04  1.49907e+00  6.29665e-04  9.99383e-01  9.99755e-01
 8.26000e+01  9.99624e-01  6.27471e-04  1.49906e+00  6.27708e-04  9.99375e-01  9.99751e-01
 8.27000e+01  9.99619e-01  6.25486e-04  1.49905e+00  6.25725e-04  9.99367e-01  9.99748e-01
 8.28000e+01  9.99614e-01  6.23475e-04  1.49903e+00  6.23716e-04  9.99359e-01  9.99745e-01
 8.29000e+01  9.99609e-01  6.21439e-04  1.49902e+00  6.21682e-04  9.99351e-01  9.99742e-01
 8.30000e+01  9.99604e-01  6.19378e-04  1.49901e+00  6.19624e-04  9.99343e-01  9.99739e-01
 8.31000e+01  9.99599e-01  6.17292e-04  1.49900e+00  6.17540e-04  9.99335e-01  9.99735e-01
 8.32000e+01  9.99595e-01  6.15181e-04  1.49899e+00  6.15431e-04  9.99327e-01  9.99732e-01
 8.33000e+01  9.99590e-01  6.13045e-04  1.49897e+00  6.13297e-04  9.99319e-01  9.99729e-01
 8.34000e+01  9.99585e-01  6.10884e-04  1.49896e+00  6.11138e-04  9.99311e-01  9.99726e-01
 8.35000e+01  9.99580e-01  6.08698e-04  1.49895e+00  6.08954e-04  9.99303e-01  9.99723e-01
 8.36000e+01  9.99576e-01  6.06488e-04  1.49894e+00  6.06746e-04  9.99295e-01  9.99720e-01
 8.37000e+01  9.99571e-01  6.04253e-04  1.49893e+00  6.04512e-04  9.99288e-01  9.99717e-01
 8.38000e+01  9.99566e-01  6.01993e-04  1.49892e+00  6.02255e-04  9.99280e-01  9.99713e-01
 8.39000e+01  9.99561e-01  5.99710e-04  1.49890e+00  5.99973e-04  9.99272e-01  9.99710e-01
 8.40000e+01  9.99557e-01  5.97401e-04  1.49889e+00  5.97666e-04  9.99264e-01  9.99707e-01
 8.41000e+01  9.99552e-01  5.95069e-04  1.49888e+00  5.95335e-04  9.99257e-01  9.99704e-01
 8.42000e+01  9.99548e-01  5.92712e-04  1.49887e+00  5.92980e-04  9.99249e-01  9.99701e-01
 8.43000e+01  9.99543e-01  5.90331e-04  1.49886e+00  5.90601e-04  9.99241e-01  9.99698e-01
 8.44000e+01  9.99538e-01  5.87926e-04  1.49885e+00  5.88198e-04  9.99234e-01  9.99695e-01
 8.45000e+01  9.99534e-01  5.85497e-04  1.49883e+00  5.85770e-04  9.99226e-01  9.99692e-01
 8.46000e+01  9.99529e-01  5.83044e-04  1.49882e+00  5.83319e-04  9.99218e-01  9.99689e-01
 8.47000e+01  9.99525e-01  5.80568e-04  1.49881e+00  5.80844e-04  9.99211e-01  9.99686e-01
 8.48000e+01  9.99520e-01  5.78068e-04  1.49880e+00  5.78346e-04  9.99203e-01  9.99683e-01
 8.49000e+01  9.99516e-01  5.75544e-04  1.49879e+00  5.75823e-04  9.99196e-01  9.99680e-01
 8.50000e+01  9.99511e-01  5.72997e-04  1.49878e+00  5.73278e-04  9.99188e-01  9.99677e-01
 8.51000e+01  9.99507e-01  5.70427e-04  1.49877e+00  5.70709e-04  9.99181e-01  9.99674e-01
 8.52000e+01  9.99502e-01  5.67833e-04  1.49876e+00  5.68116e-04  9.99174e-01  9.99671e-01
 8.53000e+01  9.99498e-01  5.65216e-04  1.49874e+00  5.65500e-04  9.99166e-01  9.99668e-01
 8.54000e+01  9.99493e-01  5.62577e-04  1.49873e+00  5.62862e-04  9.99159e-01  9.99665e-01
 8.55000e+01  9.99489e-01  5.59914e-04  1.49872e+00  5.60200e-04  9.99152e-01  9.99663e-01
 8.56000e+01  9.99485e-01  5.57228e-04  1.49871e+00  5.57515e-04  9.99144e-01  9.99660e-01
 8.57000e+01  9.99480e-01  5.54519e-04  1.49870e+00  5.54808e-04  9.99137e-01  9.99657e-01
 8.58000e+01  9.99476e-01  5.51788e-04  1.49869e+00  5.52078e-04  9.99130e-01  9.99654e-01
 8.59000e+01  9.99472e-01  5.49035e-04  1.49868e+00  5.49325e-04  9.99123e-01  9.99651e-01
 8.60000e+01  9.99467e-01  5.46258e-04  1.49867e+00  5.46550e-04  9.99116e-01  9.99648e-01
 8.61000e+01  9.99463e-01  5.43460e-04  1.49866e+00  5.43752e-04  9.99109e-01  9.99645e-01
 8.62000e+01  9.99459e-01  5.40639e-04  1.49865e+00  5.40932e-04  9.99102e-01  9.99643e-01
 8.63000e+01  9.99455e-01  5.37796e-04  1.49864e+00  5.38090e-04  9.99095e-01  9.99640e-01
 8.64000e+01  9.99450e-01  5.34932e-04  1.49863e+00  5.35226e-04  9.99088e-01  9.99637e-01
 8.65000e+01  9.99446e-01  5.32045e-04  1.49862e+00  5.32340e-04  9.99081e-01  9.99634e-01
 8.66000e+01  9.99442e-01  5.29136e-04  1.49861e+00  5.29432e-04  9.99074e-01  9.99632e-01
 8.67000e+01  9.99438e-01  5.26206e-04  1.49859e+00  5.26502e-04  9.99067e-01  9.99629e-01
 8.68000e+01  9.99434e-01  5.23254e-04  1.49858e+00  5.23551e-04  9.99060e-01  9.99626e-01
 8.69000e+01  9.99430e-01  5.20281e-04  1.49857e+00  5.20578e-04  9.99053e-01  9.99623e-01
 8.70000e+01  9.99425e-01  5.17286e-04  1.49856e+00  5.17584e-04  9.99046e-01  9.99621e-01
 8.71000e+01  9.99421e-01  5.14270e-04  1.49855e+00  5.14568e-04  9.99040e-01  9.99618e-01
 8.72000e+01  9.99417e-01  5.11233e-04  1.49854e+00  5.11531e-04  9.99033e-01  9.99615e-01
 8.73000e+01  9.99413e-01  5.08176e-04  1.49853e+00  5.08474e-04  9.99026e-01  9.99613e-01
 8.74000e+01  9.99409e-01  5.05097e-04  1.49852e+00  5.05395e-04  9.99020e-01  9.99610e-01
 8.75000e+01  9.99405e-01  5.01997e-04  1.49851e+00  5.02296e-04  9.99013e-01  9.99607e-01
 8.76000e+01  9.99401e-01  4.98877e-04  1.49850e+00  4.99176e-04  9.99007e-01  9.99605e-01
 8.77000e+01  9.99398e-01  4.95736e-04  1.49849e+00  4.96035e-04  9.99000e-01  9.99602e-01
 8.78000e+01  9.99394e-01  4.92575e-04  1.49848e+00  4.92874e-04  9.98994e-01  9.99600e-01
 8.79000e+01  9.99390e-01  4.89394e-04  1.49847e+00  4.89693e-04  9.98987e-01  9.99597e-01
 8.80000e+01  9.99386e-01  4.86193e-04  1.49847e+00  4.86491e-04  9.98981e-01  9.99595e-01
 8.81000e+01  9.99382e-01  4.82971e-04  1.49846e+00  4.83270e-04  9.98974e-01  9.99592e-01
 8.82000e+01  9.99378e-01  4.79730e-04  1.49845e+00  4.80028e-04  9.98968e-01  9.99590e-01
 8.83000e+01  9.99375e-01  4.76469e-04  1.49844e+00  4.76767e-04  9.98962e-01  9.99587e-01
 8.84000e+01  9.99371e-01  4.73188e-04  1.49843e+00  4.73486e-04  9.98956e-01  9.99585e-01
 8.85000e+01  9.99367e-01  4.69888e-04  1.49842e+00  4.70186e-04  9.98950e-01  9.99582e-01
 8.86000e+01  9.99363e-01  4.66568e-04  1.49841e+00  4.66866e-04  9.98943e-01  9.99580e-01
 8.87000e+01  9.99360e-01  4.63230e-04  1.49840e+00  4.63526e-04  9.98937e-01  9.99577e-01
 8.88000e+01  9.99356e-01  4.59872e-04  1.49839e+00  4.60168e-04  9.98931e-01  9.99575e-01
 8.89000e+01  9.99352e-01  4.56495e-04  1.49838e+00  4.56791e-04  9.98925e-01  9.99573e-01
 8.90000e+01  9.99349e-01  4.53099e-04  1.49837e+00  4.53395e-04  9.98919e-01  9.99570e-01
 8.91000e+01  9.99345e-01  4.49685e-04  1.49836e+00  4.49980e-04  9.98913e-01  9.99568e-01
 8.92000e+01  9.99342e-01  4.46252e-04  1.49835e+00  4.46546e-04  9.98907e-01  9.99565e-01
 8.93000e+01  9.99338e-01  4.42801e-04  1.49835e+00  4.43094e-04  9.98902e-01  9.99563e-01
 8.94000e+01  9.99335e-01  4.39331e-04  1.49834e+00  4.39624e-04  9.98896e-01  9.99561e-01
 8.95000e+01  9.99331e-01  4.35843e-04  1.49833e+00  4.36135e-04  9.98890e-01  9.99559e-01
 8.96000e+01  9.99328e-01  4.32338e-04  1.49832e+00  4.32628e-04  9.98884e-01  9.99556e-01
 8.97000e+01  9.99324e-01  4.28814e-04  1.49831e+00  4.29104e-04  9.98879e-01  9.99554e-01
 8.98000e+01  9.99321e-01  4.25273e-04  1.49830e+00  4.25562e-04  9.98873e-01  9.99552e-01
 8.99000e+01  9.99318e-01  4.21714e-04  1.49829e+00  4.22002e-04  9.98868e-01  9.99550e-01
 9.00000e+01  9.99314e-01  4.18137e-04  1.49829e+00  4.18424e-04  9.98862e-01  9.99547e-01
 9.01000e+01  9.99311e-01  4.14544e-04  1.49828e+00  4.14830e-04  9.98857e-01  9.99545e-01
 9.02000e+01  9.99308e-01  4.10933e-04  1.49827e+00  4.11218e-04  9.98851e-01  9.99543e-01
 9.03000e+01  9.99304e-01  4.07305e-04  1.49826e+00  4.07589e-04  9.98846e-01  9.99541e-01
 9.04000e+01  9.99301e-01  4.03660e-04  1.49825e+00  4.03943e-04  9.98840e-01  9.99539e-01
 9.05000e+01  9.99298e-01  3.99999e-04  1.49825e+00  4.00280e-04  9.98835e-01  9.99537e-01
 9.06000e+01  9.99295e-01  3.96321e-04  1.49824e+00  3.96601e-04  9.98830e-01  9.99535e-01
 9.07000e+01  9.99292e-01  3.92627e-04  1.49823e+00  3.92905e-04  9.98825e-01  9.99533e-01
 9.08000e+01  9.99289e-01  3.88916e-04  1.49822e+00  3.89193e-04  9.98820e-01  9.99531e-01
 9.09000e+01  9.99286e-01  3.85189e-04  1.49821e+00  3.85465e-04  9.98814e-01  9.99529e-01
 9.10000e+01  9.99283e-01  3.81446e-04  1.49821e+00  3.81720e-04  9.98809e-01  9.99527e-01
 9.11000e+01  9.99280e-01  3.77688e-04  1.49820e+00  3.77960e-04  9.98804e-01  9.99525e-01
 9.12000e+01  9.99277e-01  3.73914e-04  1.49819e+00  3.74184e-04  9.98799e-01  9.99523e-01
 9.13000e+01  9.99274e-01  3.70124e-04  1.49818e+00  3.70393e-04  9.98795e-01  9.99521e-01
 9.14000e+01  9.99271e-01  3.66319e-04  1.49818e+00  3.66586e-04  9.98790e-01  9.99519e-01
 9.15000e+01  9.99268e-01  3.62499e-04  1.49817e+00  3.62764e-04  9.98785e-01  9.99517e-01
 9.16000e+01  9.99265e-01  3.58663e-04  1.49816e+00  3.58927e-04  9.98780e-01  9.99515e-01
 9.17000e+01  9.99262e-01  3.54813e-04  1.49816e+00  3.55075e-04  9.98775e-01  9.99513e-01
 9.18000e+01  9.99259e-01  3.50948e-04  1.49815e+00  3.51208e-04  9.98771e-01  9.99511e-01
 9.19000e+01  9.99257e-01  3.47068e-04  1.49814e+00  3.47327e-04  9.98766e-01  9.99509e-01
 9.20000e+01  9.99254e-01  3.43174e-04  1.49813e+00  3.43431e-04  9.98762e-01  9.99508e-01
 9.21000e+01  9.99251e-01  3.39266e-04  1.49813e+00  3.39521e-04  9.98757e-01  9.99506e-01
 9.22000e+01  9.99248e-01  3.35344e-04  1.49812e+00  3.35596e-04  9.98753e-01  9.99504e-01
 9.23000e+01  9.99246e-01  3.31408e-04  1.49811e+00  3.31658e-04  9.98748e-01  9.99502e-01
 9.24000e+01  9.99243e-01  3.27458e-04  1.49811e+00  3.27706e-04  9.98744e-01  9.99500e-01
 9.25000e+01  9.99240e-01  3.23494e-04  1.49810e+00  3.23740e-04  9.98740e-01  9.99499e-01
 9.26000e+01  9.99238e-01  3.19517e-04  1.49810e+00  3.19760e-04  9.98735e-01  9.99497e-01
 9.27000e+01  9.99235e-01  3.15526e-04  1.49809e+00  3.15768e-04  9.98731e-01  9.99495e-01
 9.28000e+01  9.99233e-01  3.11523e-04  1.49808e+00  3.11762e-04  9.98727e-01  9.99494e-01
 9.29000e+01  9.99230e-01  3.07506e-04  1.49808e+00  3.07743e-04  9.98723e-01  9.99492e-01
 9.30000e+01  9.99228e-01  3.03477e-04  1.49807e+00  3.03711e-04  9.98719e-01  9.99491e-01
 9.31000e+01  9.99226e-01  2.99435e-04  1.49806e+00  2.99667e-04  9.98715e-01  9.99489e-01
 9.32000e+01  9.99223e-01  2.95381e-04  1.49806e+00  2.95610e-04  9.98711e-01  9.99487e-01
 9.33000e+01  9.99221e-01  2.91314e-04  1.49805e+00  2.91541e-04  9.98707e-01  9.99486e-01
 9.34000e+01  9.99219e-01  2.87235e-04  1.49805e+00  2.87460e-04  9.98703e-01  9.99484e-01
 9.35000e+01  9.99216e-01  2.83144e-04  1.49804e+00  2.83366e-04  9.98700e-01  9.99483e-01
 9.36000e+01  9.99214e-01  2.79042e-04  1.49804e+00  2.79261e-04  9.98696e-01  9.99481e-01
 9.37000e+01  9.99212e-01  2.74927e-04  1.49803e+00  2.75144e-04  9.98692e-01  9.99480e-01
 9.38000e+01  9.99210e-01  2.70802e-04  1.49802e+00  2.71016e-04  9.98689e-01  9.99478e-01
 9.39000e+01  9.99208e-01  2.66665e-04  1.49802e+00  2.66876e-04  9.98685e-01  9.99477e-01
 9.40000e+01  9.99205e-01  2.62517e-04  1.49801e+00  2.62725e-04  9.98682e-01  9.99476e-01
 9.41000e+01  9.99203e-01  2.58357e-04  1.49801e+00  2.58563e-04  9.98678e-01  9.99474e-01
 9.42000e+01  9.99201e-01  2.54188e-04  1.49800e+00  2.54391e-04  9.98675e-01  9.99473e-01
 9.43000e+01  9.99199e-01  2.50007e-04  1.49800e+00  2.50207e-04  9.98671e-01  9.99472e-01
 9.44000e+01  9.99197e-01  2.45816e-04  1.49799e+00  2.46014e-04  9.98668e-01  9.99470e-01
 9.45000e+01  9.99195e-01  2.41615e-04  1.49799e+00  2.41810e-04  9.98665e-01  9.99469e-01
 9.46000e+01  9.99193e-01  2.37404e-04  1.49798e+00  2.37595e-04  9.98662e-01  9.99468e-01
 9.47000e+01  9.99192e-01  2.33183e-04  1.49798e+00  2.33371e-04  9.98659e-01  9.99467e-01
 9.48000e+01  9.99190e-01  2.28952e-04  1.49797e+00  2.29137e-04  9.98655e-01  9.99465e-01
 9.49000e+01  9.99188e-01  2.24711e-04  1.49797e+00  2.24894e-04  9.98652e-01  9.99464e-01
 9.50000e+01  9.99186e-01  2.20462e-04  1.49797e+00  2.20641e-04  9.98650e-01  9.99463e-01
 9.51000e+01  9.99184e-01  2.16203e-04  1.49796e+00  2.16379e-04  9.98647e-01  9.99462e-01
 9.52000e+01  9.99183e-01  2.11934e-04  1.49796e+00  2.12108e-04  9.98644e-01  9.99461e-01
 9.53000e+01  9.99181e-01  2.07658e-04  1.49795e+00  2.07828e-04  9.98641e-01  9.99460e-01
 9.54000e+01  9.99179e-01  2.03372e-04  1.49795e+00  2.03539e-04  9.98638e-01  9.99458e-01
 9.55000e+01  9.99178e-01  1.99078e-04  1.49794e+00  1.99242e-04  9.98636e-01  9.99457e-01
 9.56000e+01  9.99176e-01  1.94775e-04  1.49794e+00  1.94936e-04  9.98633e-01  9.99456e-01
 9.57000e+01  9.99175e-01  1.90465e-04  1.49794e+00  1.90622e-04  9.98630e-01  9.99455e-01
 9.58000e+01  9.99173e-01  1.86146e-04  1.49793e+00  1.86300e-04  9.98628e-01  9.99454e-01
 9.59000e+01  9.99172e-01  1.81820e-04  1.49793e+00  1.81971e-04  9.98625e-01  9.99453e-01
 9.60000e+01  9.99170e-01  1.77486e-04  1.49793e+00  1.77634e-04  9.98623e-01  9.99452e-01
 9.61000e+01  9.99169e-01  1.73145e-04  1.49792e+00  1.73289e-04  9.98621e-01  9.99452e-01
 9.62000e+01  9.99167e-01  1.68796e-04  1.49792e+00  1.68937e-04  9.98619e-01  9.99451e-01
 9.63000e+01  9.99166e-01  1.64441e-04  1.49792e+00  1.64578e-04  9.98616e-01  9.99450e-01
 9.64000e+01  9.99165e-01  1.60078e-04  1.49791e+00  1.60212e-04  9.98614e-01  9.99449e-01
 9.65000e+01  9.99164e-01  1.55709e-04  1.49791e+00  1.55839e-04  9.98612e-01  9.99448e-01
 9.66000e+01  9.99162e-01  1.51333e-04  1.49791e+00  1.51460e-04  9.98610e-01  9.99447e-01
 9.67000e+01  9.99161e-01  1.46951e-04  1.49790e+00  1.47074e-04  9.98608e-01  9.99446e-01
 9.68000e+01  9.99160e-01  1.42563e-04  1.49790e+00  1.42683e-04  9.98606e-01  9.99446e-01
 9.69000e+01  9.99159e-01  1.38169e-04  1.49790e+00  1.38285e-04  9.98604e-01  9.99445e-01
 9.70000e+01  9.99158e-01  1.33769e-04  1.49789e+00  1.33881e-04  9.98602e-01  9.99444e-01
 9.71000e+01  9.99157e-01  1.29363e-04  1.49789e+00  1.29472e-04  9.98601e-01  9.99444e-01
 9.72000e+01  9.99156e-01  1.24952e-04  1.49789e+00  1.25058e-04  9.98599e-01  9.99443e-01
 9.73000e+01  9.99155e-01  1.20536e-04  1.49789e+00  1.20638e-04  9.98597e-01  9.99442e-01
 9.74000e+01  9.99154e-01  1.16115e-04  1.49788e+00  1.16213e-04  9.98596e-01  9.99442e-01
 9.75000e+01  9.99153e-01  1.11689e-04  1.49788e+00  1.11783e-04  9.98594e-01  9.99441e-01
 9.76000e+01  9.99152e-01  1.07258e-04  1.49788e+00  1.07349e-04  9.98593e-01  9.99440e-01
 9.77000e+01  9.99151e-01  1.02823e-04  1.49788e+00  1.02910e-04  9.98591e-01  9.99440e-01
 9.78000e+01  9.99150e-01  9.83829e-05  1.49788e+00  9.84666e-05  9.98590e-01  9.99439e-01
 9.79000e+01  9.99150e-01  9.39392e-05  1.49787e+00  9.40192e-05  9.98589e-01  9.99439e-01
 9.80000e+01  9.99149e-01  8.94916e-05  1.49787e+00  8.95678e-05  9.98588e-01  9.99438e-01
 9.81000e+01  9.99148e-01  8.50402e-05  1.49787e+00  8.51127e-05  9.98586e-01  9.99438e-01
 9.82000e+01  9.99147e-01  8.05852e-05  1.49787e+00  8.06540e-05  9.98585e-01  9.99437e-01
 9.83000e+01  9.99147e-01  7.61269e-05  1.49787e+00  7.61919e-05  9.98584e-01  9.99437e-01
 9.84000e+01  9.99146e-01  7.16653e-05  1.49787e+00  7.17266e-05  9.98583e-01  9.99437e-01
 9.85000e+01  9.99146e-01  6.72008e-05  1.49786e+00  6.72583e-05  9.98582e-01  9.99436e-01
 9.86000e+01  9.99145e-01  6.27335e-05  1.49786e+00  6.27872e-05  9.98582e-01  9.99436e-01
 9.87000e+01  9.99145e-01  5.82635e-05  1.49786e+00  5.83134e-05  9.98581e-01  9.99436e-01
 9.88000e+01  9.99144e-01  5.37911e-05  1.49786e+00  5.38372e-05  9.98580e-01  9.99435e-01
 9.89000e+01  9.99144e-01  4.93164e-05  1.49786e+00  4.93587e-05  9.98579e-01  9.99435e-01
 9.90000e+01  9.99143e-01  4.48397e-05  1.49786e+00  4.48781e-05  9.98579e-01  9.99435e-01
 9.91000e+01  9.99143e-01  4.03611e-05  1.49786e+00  4.03957e-05  9.98578e-01  9.99435e-01
 9.92000e+01  9.99143e-01  3.58808e-05  1.49786e+00  3.59116e-05  9.98578e-01  9.99434e-01
 9.93000e+01  9.99142e-01  3.13990e-05  1.49786e+00  3.14259e-05  9.98577e-01  9.99434e-01
 9.94000e+01  9.99142e-01  2.69158e-05  1.49786e+00  2.69390e-05  9.98577e-01  9.99434e-01
 9.95000e+01  9.99142e-01  2.24316e-05  1.49786e+00  2.24509e-05  9.98576e-01  9.99434e-01
 9.96000e+01  9.99142e-01  1.79464e-05  1.49786e+00  1.79618e-05  9.98576e-01  9.99434e-01
 9.97000e+01  9.99142e-01  1.34605e-05  1.49785e+00  1.34720e-05  9.98576e-01  9.99434e-01
 9.98000e+01  9.99142e-01  8.97396e-06  1.49785e+00  8.98166e-06  9.98576e-01  9.99434e-01
 9.99000e+01  9.99142e-01  4.48707e-06  1.49785e+00  4.49093e-06  9.98576e-01  9.99434e-01
