 0.00000e+00  1.21448e-01 -1.75466e-15  6.94454e-03 -1.44478e-14  1.71245e-03  3.13944e-04  1.19086e-01
 5.00000e-01  1.21520e-01 -2.10042e-04  6.92535e-03 -1.72846e-03  1.69501e-03  3.12214e-04  1.19006e-01
 1.00000e+00  1.21734e-01 -4.17862e-04  6.86893e-03 -3.43258e-03  1.64365e-03  3.07023e-04  1.18773e-01
 1.50000e+00  1.22086e-01 -6.21271e-04  6.77865e-03 -5.08879e-03  1.56104e-03  2.98379e-04  1.18406e-01
 2.00000e+00  1.22569e-01 -8.18144e-04  6.65976e-03 -6.67499e-03  1.45141e-03  2.86289e-04  1.17936e-01
 2.50000e+00  1.23171e-01 -1.00645e-03  6.51891e-03 -8.17115e-03  1.32013e-03  2.70769e-04  1.17398e-01
 3.00000e+00  1.23884e-01 -1.18429e-03  6.36357e-03 -9.55973e-03  1.17328e-03  2.51837e-04  1.16834e-01
 3.50000e+00  1.24692e-01 -1.34991e-03  6.20140e-03 -1.08260e-02  1.01712e-03  2.29518e-04  1.16284e-01
 4.00000e+00  1.25584e-01 -1.50173e-03  6.03960e-03 -1.19580e-02  8.57624e-04  2.03845e-04  1.15784e-01
 4.50000e+00  1.26546e-01 -1.63837e-03  5.88446e-03 -1.29468e-02  7.00102e-04  1.74857e-04  1.15364e-01
 5.00000e+00  1.27566e-01 -1.75865e-03  5.74099e-03 -1.37862e-02  5.48881e-04  1.42606e-04  1.15047e-01
 5.50000e+00  1.28632e-01 -1.86163e-03  5.61276e-03 -1.44725e-02  4.07178e-04  1.07153e-04  1.14844e-01
 6.00000e+00  1.29735e-01 -1.94659e-03  5.50190e-03 -1.50043e-02  2.77081e-04  6.85691e-05  1.14762e-01
 6.50000e+00  1.30865e-01 -2.01306e-03  5.40925e-03 -1.53826e-02  1.59643e-04  2.69429e-05  1.14800e-01
 7.00000e+00  1.32016e-01 -2.06081e-03  5.33461e-03 -1.56102e-02  5.50543e-05 -1.76243e-05  1.14950e-01
 7.50000e+00  1.33183e-01 -2.08985e-03  5.27698e-03 -1.56916e-02 -3.71546e-05 -6.50148e-05  1.15203e-01
 8.00000e+00  1.34359e-01 -2.10044e-03  5.23486e-03 -1.56330e-02 -1.17904e-04 -1.15094e-04  1.15547e-01
 8.50000e+00  1.35544e-01 -2.09307e-03  5.20648e-03 -1.54420e-02 -1.88381e-04 -1.67712e-04  1.15971e-01
 9.00000e+00  1.36736e-01 -2.06844e-03  5.18999e-03 -1.51273e-02 -2.49887e-04 -2.22700e-04  1.16461e-01
 9.50000e+00  1.37932e-01 -2.02747e-03  5.18359e-03 -1.46990e-02 -3.03733e-04 -2.79876e-04  1.17009e-01
 1.00000e+01  1.39135e-01 -1.97127e-03  5.18564e-03 -1.41680e-02 -3.51159e-04 -3.39042e-04  1.17604e-01
 1.05000e+01  1.40344e-01 -1.90111e-03  5.19465e-03 -1.35461e-02 -3.93299e-04 -3.99991e-04  1.18238e-01
 1.10000e+01  1.41561e-01 -1.81845e-03  5.20937e-03 -1.28457e-02 -4.31156e-04 -4.62506e-04  1.18907e-01
 1.15000e+01  1.42789e-01 -1.72483e-03  5.22873e-03 -1.20796e-02 -4.65607e-04 -5.26364e-04  1.19605e-01
 1.20000e+01  1.44029e-01 -1.62191e-03  5.25183e-03 -1.12611e-02 -4.97402e-04 -5.91343e-04  1.20328e-01
 1.25000e+01  1.45284e-01 -1.51144e-03  5.27795e-03 -1.04034e-02 -5.27185e-04 -6.57220e-04  1.21075e-01
 1.30000e+01  1.46557e-01 -1.39520e-03  5.30649e-03 -9.51983e-03 -5.55506e-04 -7.23782e-04  1.21843e-01
 1.35000e+01  1.47851e-01 -1.27496e-03  5.33695e-03 -8.62330e-03 -5.82831e-04 -7.90823e-04  1.22632e-01
 1.40000e+01  1.49169e-01 -1.15252e-03  5.36893e-03 -7.72628e-03 -6.09567e-04 -8.58151e-04  1.23441e-01
 1.45000e+01  1.50515e-01 -1.02962e-03  5.40209e-03 -6.84061e-03 -6.36061e-04 -9.25587e-04  1.24271e-01
 1.50000e+01  1.51892e-01 -9.07908e-04  5.43614e-03 -5.97732e-03 -6.62621e-04 -9.92970e-04  1.25121e-01
 1.55000e+01  1.53303e-01 -7.88964e-04  5.47083e-03 -5.14644e-03 -6.89518e-04 -1.06015e-03  1.25993e-01
 1.60000e+01  1.54751e-01 -6.74236e-04  5.50594e-03 -4.35692e-03 -7.16992e-04 -1.12700e-03  1.26887e-01
 1.65000e+01  1.56239e-01 -5.65031e-04  5.54125e-03 -3.61645e-03 -7.45263e-04 -1.19339e-03  1.27804e-01
 1.70000e+01  1.57771e-01 -4.62497e-04  5.57656e-03 -2.93145e-03 -7.74529e-04 -1.25921e-03  1.28745e-01
 1.75000e+01  1.59349e-01 -3.67611e-04  5.61167e-03 -2.30696e-03 -8.04973e-04 -1.32435e-03  1.29710e-01
 1.80000e+01  1.60975e-01 -2.81166e-04  5.64639e-03 -1.74664e-03 -8.36762e-04 -1.38869e-03  1.30701e-01
 1.85000e+01  1.62653e-01 -2.03767e-04  5.68049e-03 -1.25277e-03 -8.70055e-04 -1.45212e-03  1.31718e-01
 1.90000e+01  1.64385e-01 -1.35827e-04  5.71375e-03 -8.26272e-04 -9.04997e-04 -1.51449e-03  1.32762e-01
 1.95000e+01  1.66173e-01 -7.75717e-05  5.74595e-03 -4.66814e-04 -9.41723e-04 -1.57565e-03  1.33834e-01
 2.00000e+01  1.68018e-01 -2.90445e-05  5.77682e-03 -1.72866e-04 -9.80360e-04 -1.63541e-03  1.34933e-01
 2.05000e+01  1.69922e-01  9.88388e-06  5.80609e-03  5.81671e-05 -1.02102e-03 -1.69358e-03  1.36061e-01
 2.10000e+01  1.71887e-01  3.95017e-05  5.83349e-03  2.29812e-04 -1.06381e-03 -1.74989e-03  1.37217e-01
 2.15000e+01  1.73913e-01  6.02401e-05  5.85871e-03  3.46380e-04 -1.10882e-03 -1.80409e-03  1.38400e-01
 2.20000e+01  1.76002e-01  7.26548e-05  5.88143e-03  4.12808e-04 -1.15612e-03 -1.85586e-03  1.39612e-01
 2.25000e+01  1.78152e-01  7.74056e-05  5.90133e-03  4.34491e-04 -1.20577e-03 -1.90487e-03  1.40852e-01
 2.30000e+01  1.80366e-01  7.52350e-05  5.91807e-03  4.17125e-04 -1.25780e-03 -1.95075e-03  1.42118e-01
 2.35000e+01  1.82641e-01  6.69465e-05  5.93133e-03  3.66547e-04 -1.31220e-03 -1.99313e-03  1.43411e-01
 2.40000e+01  1.84978e-01  5.33821e-05  5.94077e-03  2.88587e-04 -1.36896e-03 -2.03163e-03  1.44729e-01
 2.45000e+01  1.87374e-01  3.54013e-05  5.94607e-03  1.88934e-04 -1.42802e-03 -2.06585e-03  1.46072e-01
 2.50000e+01  1.89829e-01  1.38608e-05  5.94693e-03  7.30176e-05 -1.48926e-03 -2.09541e-03  1.47438e-01
 2.55000e+01  1.92339e-01 -1.04038e-05  5.94309e-03 -5.40908e-05 -1.55255e-03 -2.11996e-03  1.48826e-01
 2.60000e+01  1.94904e-01 -3.65950e-05  5.93428e-03 -1.87759e-04 -1.61770e-03 -2.13916e-03  1.50234e-01
 2.65000e+01  1.97519e-01 -6.39671e-05  5.92031e-03 -3.23853e-04 -1.68446e-03 -2.15273e-03  1.51661e-01
 2.70000e+01  2.00181e-01 -9.18383e-05  5.90101e-03 -4.58776e-04 -1.75257e-03 -2.16044e-03  1.53106e-01
 2.75000e+01  2.02887e-01 -1.19599e-04  5.87625e-03 -5.89486e-04 -1.82167e-03 -2.16212e-03  1.54567e-01
 2.80000e+01  2.05632e-01 -1.46719e-04  5.84597e-03 -7.13501e-04 -1.89141e-03 -2.15765e-03  1.56041e-01
 2.85000e+01  2.08412e-01 -1.72749e-04  5.81015e-03 -8.28881e-04 -1.96136e-03 -2.14700e-03  1.57527e-01
 2.90000e+01  2.11221e-01 -1.97324e-04  5.76881e-03 -9.34203e-04 -2.03110e-03 -2.13023e-03  1.59022e-01
 2.95000e+01  2.14056e-01 -2.20161e-04  5.72203e-03 -1.02852e-03 -2.10015e-03 -2.10744e-03  1.60525e-01
 3.00000e+01  2.16910e-01 -2.41054e-04  5.66991e-03 -1.11131e-03 -2.16804e-03 -2.07883e-03  1.62033e-01
 3.05000e+01  2.19777e-01 -2.59873e-04  5.61261e-03 -1.18244e-03 -2.23429e-03 -2.04468e-03  1.63543e-01
 3.10000e+01  2.22652e-01 -2.76550e-04  5.55031e-03 -1.24207e-03 -2.29846e-03 -2.00533e-03  1.65054e-01
 3.15000e+01  2.25530e-01 -2.91080e-04  5.48320e-03 -1.29065e-03 -2.36009e-03 -1.96116e-03  1.66562e-01
 3.20000e+01  2.28404e-01 -3.03504e-04  5.41148e-03 -1.32880e-03 -2.41880e-03 -1.91264e-03  1.68064e-01
 3.25000e+01  2.31268e-01 -3.13906e-04  5.33538e-03 -1.35733e-03 -2.47424e-03 -1.86025e-03  1.69559e-01
 3.30000e+01  2.34117e-01 -3.22402e-04  5.25510e-03 -1.37710e-03 -2.52613e-03 -1.80454e-03  1.71042e-01
 3.35000e+01  2.36944e-01 -3.29127e-04  5.17084e-03 -1.38905e-03 -2.57426e-03 -1.74603e-03  1.72512e-01
 3.40000e+01  2.39745e-01 -3.34235e-04  5.08279e-03 -1.39413e-03 -2.61849e-03 -1.68531e-03  1.73964e-01
 3.45000e+01  2.42513e-01 -3.37883e-04  4.99109e-03 -1.39326e-03 -2.65877e-03 -1.62293e-03  1.75396e-01
 3.50000e+01  2.45243e-01 -3.40225e-04  4.89590e-03 -1.38730e-03 -2.69515e-03 -1.55946e-03  1.76804e-01
 3.55000e+01  2.47930e-01 -3.41410e-04  4.79734e-03 -1.37704e-03 -2.72774e-03 -1.49541e-03  1.78186e-01
 3.60000e+01  2.50569e-01 -3.41574e-04  4.69551e-03 -1.36319e-03 -2.75675e-03 -1.43132e-03  1.79539e-01
 3.65000e+01  2.53156e-01 -3.40835e-04  4.59051e-03 -1.34634e-03 -2.78244e-03 -1.36764e-03  1.80860e-01
 3.70000e+01  2.55687e-01 -3.39290e-04  4.48243e-03 -1.32698e-03 -2.80516e-03 -1.30484e-03  1.82145e-01
 3.75000e+01  2.58156e-01 -3.37015e-04  4.37135e-03 -1.30547e-03 -2.82530e-03 -1.24329e-03  1.83392e-01
 3.80000e+01  2.60559e-01 -3.34061e-04  4.25740e-03 -1.28209e-03 -2.84329e-03 -1.18337e-03  1.84599e-01
 3.85000e+01  2.62894e-01 -3.30458e-04  4.14071e-03 -1.25700e-03 -2.85956e-03 -1.12536e-03  1.85763e-01
 3.90000e+01  2.65157e-01 -3.26213e-04  4.02146e-03 -1.23026e-03 -2.87460e-03 -1.06953e-03  1.86882e-01
 3.95000e+01  2.67344e-01 -3.21311e-04  3.89988e-03 -1.20186e-03 -2.88883e-03 -1.01609e-03  1.87954e-01
 4.00000e+01  2.69452e-01 -3.15720e-04  3.77626e-03 -1.17171e-03 -2.90269e-03 -9.65209e-04  1.88978e-01
 4.05000e+01  2.71478e-01 -3.09393e-04  3.65097e-03 -1.13966e-03 -2.91655e-03 -9.17012e-04  1.89951e-01
 4.10000e+01  2.73419e-01 -3.02271e-04  3.52445e-03 -1.10552e-03 -2.93075e-03 -8.71586e-04  1.90873e-01
 4.15000e+01  2.75273e-01 -2.94290e-04  3.39722e-03 -1.06908e-03 -2.94554e-03 -8.28984e-04  1.91743e-01
 4.20000e+01  2.77037e-01 -2.85378e-04  3.26993e-03 -1.03011e-03 -2.96112e-03 -7.89228e-04  1.92560e-01
 4.25000e+01  2.78708e-01 -2.75467e-04  3.14326e-03 -9.88372e-04 -2.97758e-03 -7.52315e-04  1.93324e-01
 4.30000e+01  2.80283e-01 -2.64493e-04  3.01804e-03 -9.43663e-04 -2.99495e-03 -7.18220e-04  1.94034e-01
 4.35000e+01  2.81762e-01 -2.52402e-04  2.89512e-03 -8.95797e-04 -3.01316e-03 -6.86899e-04  1.94691e-01
 4.40000e+01  2.83141e-01 -2.39149e-04  2.77546e-03 -8.44630e-04 -3.03206e-03 -6.58297e-04  1.95295e-01
 4.45000e+01  2.84418e-01 -2.24709e-04  2.66007e-03 -7.90067e-04 -3.05144e-03 -6.32347e-04  1.95847e-01
 4.50000e+01  2.85592e-01 -2.09072e-04  2.54997e-03 -7.32068e-04 -3.07101e-03 -6.08979e-04  1.96347e-01
 4.55000e+01  2.86660e-01 -1.92250e-04  2.44625e-03 -6.70657e-04 -3.09042e-03 -5.88117e-04  1.96796e-01
 4.60000e+01  2.87620e-01 -1.74276e-04  2.34994e-03 -6.05924e-04 -3.10929e-03 -5.69687e-04  1.97194e-01
 4.65000e+01  2.88472e-01 -1.55205e-04  2.26210e-03 -5.38025e-04 -3.12723e-03 -5.53618e-04  1.97543e-01
 4.70000e+01  2.89213e-01 -1.35116e-04  2.18370e-03 -4.67183e-04 -3.14381e-03 -5.39841e-04  1.97843e-01
 4.75000e+01  2.89843e-01 -1.14106e-04  2.11566e-03 -3.93683e-04 -3.15865e-03 -5.28295e-04  1.98095e-01
 4.80000e+01  2.90360e-01 -9.22966e-05  2.05878e-03 -3.17870e-04 -3.17136e-03 -5.18925e-04  1.98300e-01
 4.85000e+01  2.90763e-01 -6.98237e-05  2.01379e-03 -2.40140e-04 -3.18161e-03 -5.11687e-04  1.98459e-01
 4.90000e+01  2.91051e-01 -4.68394e-05  1.98123e-03 -1.60932e-04 -3.18914e-03 -5.06543e-04  1.98572e-01
 4.95000e+01  2.91224e-01 -2.35076e-05  1.96152e-03 -8.07200e-05 -3.19375e-03 -5.03467e-04  1.98640e-01
 5.00000e+01  2.91282e-01 -6.81998e-16  1.95493e-03 -2.34137e-15 -3.19529e-03 -5.02443e-04  1.98662e-01
 5.05000e+01  2.91224e-01  2.35076e-05  1.96152e-03  8.07200e-05 -3.19375e-03 -5.03467e-04  1.98640e-01
 5.10000e+01  2.91051e-01  4.68394e-05  1.98123e-03  1.60932e-04 -3.18914e-03 -5.06543e-04  1.98572e-01
 5.15000e+01  2.90763e-01  6.98237e-05  2.01379e-03  2.40140e-04 -3.18161e-03 -5.11687e-04  1.98459e-01
 5.20000e+01  2.90360e-01  9.22966e-05  2.05878e-03  3.17870e-04 -3.17136e-03 -5.18925e-04  1.98300e-01
 5.25000e+01  2.89843e-01  1.14106e-04  2.11566e-03  3.93683e-04 -3.15865e-03 -5.28295e-04  1.98095e-01
 5.30000e+01  2.89213e-01  1.35116e-04  2.18370e-03  4.67183e-04 -3.14381e-03 -5.39841e-04  1.97843e-01
 5.35000e+01  2.88472e-01  1.55205e-04  2.26210e-03  5.38025e-04 -3.12723e-03 -5.53618e-04  1.97543e-01
 5.40000e+01  2.87620e-01  1.74276e-04  2.34994e-03  6.05924e-04 -3.10929e-03 -5.69687e-04  1.97194e-01
 5.45000e+01  2.86660e-01  1.92250e-04  2.44625e-03  6.70657e-04 -3.09042e-03 -5.88117e-04  1.96796e-01
 5.50000e+01  2.85592e-01  2.09072e-04  2.54997e-03  7.32068e-04 -3.07101e-03 -6.08979e-04  1.96347e-01
 5.55000e+01  2.84418e-01  2.24709e-04  2.66007e-03  7.90067e-04 -3.05144e-03 -6.32347e-04  1.95847e-01
 5.60000e+01  2.83141e-01  2.39149e-04  2.77546e-03  8.44630e-04 -3.03206e-03 -6.58297e-04  1.95295e-01
 5.65000e+01  2.81762e-01  2.52402e-04  2.89512e-03  8.95797e-04 -3.01316e-03 -6.86899e-04  1.94691e-01
 5.70000e+01  2.80283e-01  2.64493e-04  3.01804e-03  9.43663e-04 -2.99495e-03 -7.18220e-04  1.94034e-01
 5.75000e+01  2.78708e-01  2.75467e-04  3.14326e-03  9.88372e-04 -2.97758e-03 -7.52315e-04  1.93324e-01
 5.80000e+01  2.77037e-01  2.85378e-04  3.26993e-03  1.03011e-03 -2.96112e-03 -7.89228e-04  1.92560e-01
 5.85000e+01  2.75273e-01  2.94290e-04  3.39722e-03  1.06908e-03 -2.94554e-03 -8.28984e-04  1.91743e-01
 5.90000e+01  2.73419e-01  3.02271e-04  3.52445e-03  1.10552e-03 -2.93075e-03 -8.71586e-04  1.90873e-01
 5.95000e+01  2.71478e-01  3.09393e-04  3.65097e-03  1.13966e-03 -2.91655e-03 -9.17012e-04  1.89951e-01
 6.00000e+01  2.69452e-01  3.15720e-04  3.77626e-03  1.17171e-03 -2.90269e-03 -9.65209e-04  1.88978e-01
 6.05000e+01  2.67344e-01  3.21311e-04  3.89988e-03  1.20186e-03 -2.88883e-03 -1.01609e-03  1.87954e-01
 6.10000e+01  2.65157e-01  3.26213e-04  4.02146e-03  1.23026e-03 -2.87460e-03 -1.06953e-03  1.86882e-01
 6.15000e+01  2.62894e-01  3.30458e-04  4.14071e-03  1.25700e-03 -2.85956e-03 -1.12536e-03  1.85763e-01
 6.20000e+01  2.60559e-01  3.34061e-04  4.25740e-03  1.28209e-03 -2.84329e-03 -1.18337e-03  1.84599e-01
 6.25000e+01  2.58156e-01  3.37015e-04  4.37135e-03  1.30547e-03 -2.82530e-03 -1.24329e-03  1.83392e-01
 6.30000e+01  2.55687e-01  3.39290e-04  4.48243e-03  1.32698e-03 -2.80516e-03 -1.30484e-03  1.82145e-01
 6.35000e+01  2.53156e-01  3.40835e-04  4.59051e-03  1.34634e-03 -2.78244e-03 -1.36764e-03  1.80860e-01
 6.40000e+01  2.50569e-01  3.41574e-04  4.69551e-03  1.36319e-03 -2.75675e-03 -1.43132e-03  1.79539e-01
 6.45000e+01  2.47930e-01  3.41410e-04  4.79734e-03  1.37704e-03 -2.72774e-03 -1.49541e-03  1.78186e-01
 6.50000e+01  2.45243e-01  3.40225e-04  4.89590e-03  1.38730e-03 -2.69515e-03 -1.55946e-03  1.76804e-01
 6.55000e+01  2.42513e-01  3.37883e-04  4.99109e-03  1.39326e-03 -2.65877e-03 -1.62293e-03  1.75396e-01
 6.60000e+01  2.39745e-01  3.34235e-04  5.08279e-03  1.39413e-03 -2.61849e-03 -1.68531e-03  1.73964e-01
 6.65000e+01  2.36944e-01  3.29127e-04  5.17084e-03  1.38905e-03 -2.57426e-03 -1.74603e-03  1.72512e-01
 6.70000e+01  2.34117e-01  3.22402e-04  5.25510e-03  1.37710e-03 -2.52613e-03 -1.80454e-03  1.71042e-01
 6.75000e+01  2.31268e-01  3.13906e-04  5.33538e-03  1.35733e-03 -2.47424e-03 -1.86025e-03  1.69559e-01
 6.80000e+01  2.28404e-01  3.03504e-04  5.41148e-03  1.32880e-03 -2.41880e-03 -1.91264e-03  1.68064e-01
 6.85000e+01  2.25530e-01  2.91080e-04  5.48320e-03  1.29065e-03 -2.36009e-03 -1.96116e-03  1.66562e-01
 6.90000e+01  2.22652e-01  2.76550e-04  5.55031e-03  1.24207e-03 -2.29846e-03 -2.00533e-03  1.65054e-01
 6.95000e+01  2.19777e-01  2.59873e-04  5.61261e-03  1.18244e-03 -2.23429e-03 -2.04468e-03  1.63543e-01
 7.00000e+01  2.16910e-01  2.41054e-04  5.66991e-03  1.11131e-03 -2.16804e-03 -2.07883e-03  1.62033e-01
 7.05000e+01  2.14056e-01  2.20161e-04  5.72203e-03  1.02852e-03 -2.10015e-03 -2.10744e-03  1.60525e-01
 7.10000e+01  2.11221e-01  1.97324e-04  5.76881e-03  9.34203e-04 -2.03110e-03 -2.13023e-03  1.59022e-01
 7.15000e+01  2.08412e-01  1.72749e-04  5.81015e-03  8.28881e-04 -1.96136e-03 -2.14700e-03  1.57527e-01
 7.20000e+01  2.05632e-01  1.46719e-04  5.84597e-03  7.13501e-04 -1.89141e-03 -2.15765e-03  1.56041e-01
 7.25000e+01  2.02887e-01  1.19599e-04  5.87625e-03  5.89486e-04 -1.82167e-03 -2.16212e-03  1.54567e-01
 7.30000e+01  2.00181e-01  9.18383e-05  5.90101e-03  4.58776e-04 -1.75257e-03 -2.16044e-03  1.53106e-01
 7.35000e+01  1.97519e-01  6.39671e-05  5.92031e-03  3.23853e-04 -1.68446e-03 -2.15273e-03  1.51661e-01
 7.40000e+01  1.94904e-01  3.65950e-05  5.93428e-03  1.87759e-04 -1.61770e-03 -2.13916e-03  1.50234e-01
 7.45000e+01  1.92339e-01  1.04038e-05  5.94309e-03  5.40908e-05 -1.55255e-03 -2.11996e-03  1.48826e-01
 7.50000e+01  1.89829e-01 -1.38608e-05  5.94693e-03 -7.30176e-05 -1.48926e-03 -2.09541e-03  1.47438e-01
 7.55000e+01  1.87374e-01 -3.54013e-05  5.94607e-03 -1.88934e-04 -1.42802e-03 -2.06585e-03  1.46072e-01
 7.60000e+01  1.84978e-01 -5.33821e-05  5.94077e-03 -2.88587e-04 -1.36896e-03 -2.03163e-03  1.44729e-01
 7.65000e+01  1.82641e-01 -6.69465e-05  5.93133e-03 -3.66547e-04 -1.31220e-03 -1.99313e-03  1.43411e-01
 7.70000e+01  1.80366e-01 -7.52350e-05  5.91807e-03 -4.17125e-04 -1.25780e-03 -1.95075e-03  1.42118e-01
 7.75000e+01  1.78152e-01 -7.74056e-05  5.90133e-03 -4.34491e-04 -1.20577e-03 -1.90487e-03  1.40852e-01
 7.80000e+01  1.76002e-01 -7.26548e-05  5.88143e-03 -4.12808e-04 -1.15612e-03 -1.85586e-03  1.39612e-01
 7.85000e+01  1.73913e-01 -6.02401e-05  5.85871e-03 -3.46380e-04 -1.10882e-03 -1.80409e-03  1.38400e-01
 7.90000e+01  1.71887e-01 -3.95017e-05  5.83349e-03 -2.29812e-04 -1.06381e-03 -1.74989e-03  1.37217e-01
 7.95000e+01  1.69922e-01 -9.88388e-06  5.80609e-03 -5.81671e-05 -1.02102e-03 -1.69358e-03  1.36061e-01
 8.00000e+01  1.68018e-01  2.90445e-05  5.77682e-03  1.72866e-04 -9.80360e-04 -1.63541e-03  1.34933e-01
 8.05000e+01  1.66173e-01  7.75717e-05  5.74595e-03  4.66814e-04 -9.41723e-04 -1.57565e-03  1.33834e-01
 8.10000e+01  1.64385e-01  1.35827e-04  5.71375e-03  8.26272e-04 -9.04997e-04 -1.51449e-03  1.32762e-01
 8.15000e+01  1.62653e-01  2.03767e-04  5.68049e-03  1.25277e-03 -8.70055e-04 -1.45212e-03  1.31718e-01
 8.20000e+01  1.60975e-01  2.81166e-04  5.64639e-03  1.74664e-03 -8.36762e-04 -1.38869e-03  1.30701e-01
 8.25000e+01  1.59349e-01  3.67611e-04  5.61167e-03  2.30696e-03 -8.04973e-04 -1.32435e-03  1.29710e-01
 8.30000e+01  1.57771e-01  4.62497e-04  5.57656e-03  2.93145e-03 -7.74529e-04 -1.25921e-03  1.28745e-01
 8.35000e+01  1.56239e-01  5.65031e-04  5.54125e-03  3.61645e-03 -7.45263e-04 -1.19339e-03  1.27804e-01
 8.40000e+01  1.54751e-01  6.74236e-04  5.50594e-03  4.35692e-03 -7.16992e-04 -1.12700e-03  1.26887e-01
 8.45000e+01  1.53303e-01  7.88964e-04  5.47083e-03  5.14644e-03 -6.89518e-04 -1.06015e-03  1.25993e-01
 8.50000e+01  1.51892e-01  9.07908e-04  5.43614e-03  5.97732e-03 -6.62621e-04 -9.92970e-04  1.25121e-01
 8.55000e+01  1.50515e-01  1.02962e-03  5.40209e-03  6.84061e-03 -6.36061e-04 -9.25587e-04  1.24271e-01
 8.60000e+01  1.49169e-01  1.15252e-03  5.36893e-03  7.72628e-03 -6.09567e-04 -8.58151e-04  1.23441e-01
 8.65000e+01  1.47851e-01  1.27496e-03  5.33695e-03  8.62330e-03 -5.82831e-04 -7.90823e-04  1.22632e-01
 8.70000e+01  1.46557e-01  1.39520e-03  5.30649e-03  9.51983e-03 -5.55506e-04 -7.23782e-04  1.21843e-01
 8.75000e+01  1.45284e-01  1.51144e-03  5.27795e-03  1.04034e-02 -5.27185e-04 -6.57220e-04  1.21075e-01
 8.80000e+01  1.44029e-01  1.62191e-03  5.25183e-03  1.12611e-02 -4.97402e-04 -5.91343e-04  1.20328e-01
 8.85000e+01  1.42789e-01  1.72483e-03  5.22873e-03  1.20796e-02 -4.65607e-04 -5.26364e-04  1.19605e-01
 8.90000e+01  1.41561e-01  1.81845e-03  5.20937e-03  1.28457e-02 -4.31156e-04 -4.62506e-04  1.18907e-01
 8.95000e+01  1.40344e-01  1.90111e-03  5.19465e-03  1.35461e-02 -3.93299e-04 -3.99991e-04  1.18238e-01
 9.00000e+01  1.39135e-01  1.97127e-03  5.18564e-03  1.41680e-02 -3.51159e-04 -3.39042e-04  1.17604e-01
 9.05000e+01  1.37932e-01  2.02747e-03  5.18359e-03  1.46990e-02 -3.03733e-04 -2.79876e-04  1.17009e-01
 9.10000e+01  1.36736e-01  2.06844e-03  5.18999e-03  1.51273e-02 -2.49887e-04 -2.22700e-04  1.16461e-01
 9.15000e+01  1.35544e-01  2.09307e-03  5.20648e-03  1.54420e-02 -1.88381e-04 -1.67712e-04  1.15971e-01
 9.20000e+01  1.34359e-01  2.10044e-03  5.23486e-03  1.56330e-02 -1.17904e-04 -1.15094e-04  1.15547e-01
 9.25000e+01  1.33183e-01  2.08985e-03  5.27698e-03  1.56916e-02 -3.71546e-05 -6.50148e-05  1.15203e-01
 9.30000e+01  1.32016e-01  2.06081e-03  5.33461e-03  1.56102e-02  5.50543e-05 -1.76243e-05  1.14950e-01
 9.35000e+01  1.30865e-01  2.01306e-03  5.40925e-03  1.53826e-02  1.59643e-04  2.69429e-05  1.14800e-01
 9.40000e+01  1.29735e-01  1.94659e-03  5.50190e-03  1.50043e-02  2.77081e-04  6.85691e-05  1.14762e-01
 9.45000e+01  1.28632e-01  1.86163e-03  5.61276e-03  1.44725e-02  4.07178e-04  1.07153e-04  1.14844e-01
 9.50000e+01  1.27566e-01  1.75865e-03  5.74099e-03  1.37862e-02  5.48881e-04  1.42606e-04  1.15047e-01
 9.55000e+01  1.26546e-01  1.63837e-03  5.88446e-03  1.29468e-02  7.00102e-04  1.74857e-04  1.15364e-01
 9.60000e+01  1.25584e-01  1.50173e-03  6.03960e-03  1.19580e-02  8.57624e-04  2.03845e-04  1.15784e-01
 9.65000e+01  1.24692e-01  1.34991e-03  6.20140e-03  1.08260e-02  1.01712e-03  2.29518e-04  1.16284e-01
 9.70000e+01  1.23884e-01  1.18429e-03  6.36357e-03  9.55973e-03  1.17328e-03  2.51837e-04  1.16834e-01
 9.75000e+01  1.23171e-01  1.00645e-03  6.51891e-03  8.17115e-03  1.32013e-03  2.70769e-04  1.17398e-01
 9.80000e+01  1.22569e-01  8.18144e-04  6.65976e-03  6.67499e-03  1.45141e-03  2.86289e-04  1.17936e-01
 9.85000e+01  1.22086e-01  6.21271e-04  6.77865e-03  5.08879e-03  1.56104e-03  2.98379e-04  1.18406e-01
 9.90000e+01  1.21734e-01  4.17862e-04  6.86893e-03  3.43258e-03  1.64365e-03  3.07023e-04  1.18773e-01
 9.95000e+01  1.21520e-01  2.10042e-04  6.92535e-03  1.72846e-03  1.69501e-03  3.12214e-04  1.19006e-01
