 0.00000e+00  1.00076e+00  0.00000e+00  1.50191e+00  0.00000e+00  1.00127e+00  1.00050e+00
 1.00000e-01  1.00076e+00  5.20814e-06  1.50191e+00  5.20417e-06  1.00127e+00  1.00050e+00
 2.00000e-01  1.00076e+00  1.04161e-05  1.50191e+00  1.04081e-05  1.00127e+00  1.00050e+00
 3.00000e-01  1.00076e+00  1.56236e-05  1.50191e+00  1.56117e-05  1.00127e+00  1.00050e+00
 4.00000e-01  1.00076e+00  2.08305e-05  1.50191e+00  2.08147e-05  1.00127e+00  1.00050e+00
 5.00000e-01  1.00076e+00  2.60366e-05  1.50190e+00  2.60168e-05  1.00127e+00  1.00050e+00
 6.00000e-01  1.00076e+00  3.12417e-05  1.50190e+00  3.12179e-05  1.00126e+00  1.00050e+00
 7.00000e-01  1.00076e+00  3.64455e-05  1.50190e+00  3.64178e-05  1.00126e+00  1.00050e+00
 8.00000e-01  1.00076e+00  4.16479e-05  1.50190e+00  4.16162e-05  1.00126e+00  1.00050e+00
 9.00000e-01  1.00076e+00  4.68487e-05  1.50190e+00  4.68130e-05  1.00126e+00  1.00050e+00
 1.00000e+00  1.00076e+00  5.20476e-05  1.50190e+00  5.20080e-05  1.00126e+00  1.00050e+00
 1.10000e+00  1.00076e+00  5.72445e-05  1.50190e+00  5.72010e-05  1.00126e+00  1.00050e+00
 1.20000e+00  1.00076e+00  6.24391e-05  1.50190e+00  6.23917e-05  1.00126e+00  1.00050e+00
 1.30000e+00  1.00076e+00  6.76312e-05  1.50190e+00  6.75799e-05  1.00126e+00  1.00050e+00
 1.40000e+00  1.00076e+00  7.28207e-05  1.50190e+00  7.27655e-05  1.00126e+00  1.00050e+00
 1.50000e+00  1.00076e+00  7.80074e-05  1.50190e+00  7.79482e-05  1.00126e+00  1.00050e+00
 1.60000e+00  1.00076e+00  8.31909e-05  1.50190e+00  8.31279e-05  1.00126e+00  1.00050e+00
 1.70000e+00  1.00076e+00  8.83712e-05  1.50190e+00  8.83043e-05  1.00126e+00  1.00050e+00
 1.80000e+00  1.00076e+00  9.35481e-05  1.50189e+00  9.34773e-05  1.00126e+00  1.00050e+00
 1.90000e+00  1.00076e+00  9.87212e-05  1.50189e+00  9.86465e-05  1.00126e+00  1.00050e+00
 2.00000e+00  1.00076e+00  1.03890e-04  1.50189e+00  1.03812e-04  1.00126e+00  1.00050e+00
 2.10000e+00  1.00076e+00  1.09056e-04  1.50189e+00  1.08973e-04  1.00125e+00  1.00050e+00
 2.20000e+00  1.00076e+00  1.14216e-04  1.50189e+00  1.14130e-04  1.00125e+00  1.00050e+00
 2.30000e+00  1.00075e+00  1.19373e-04  1.50189e+00  1.19283e-04  1.00125e+00  1.00050e+00
 2.40000e+00  1.00075e+00  1.24525e-04  1.50188e+00  1.24431e-04  1.00125e+00  1.00050e+00
 2.50000e+00  1.00075e+00  1.29671e-04  1.50188e+00  1.29574e-04  1.00125e+00  1.00050e+00
 2.60000e+00  1.00075e+00  1.34813e-04  1.50188e+00  1.34712e-04  1.00125e+00  1.00050e+00
 2.70000e+00  1.00075e+00  1.39949e-04  1.50188e+00  1.39844e-04  1.00125e+00  1.00050e+00
 2.80000e+00  1.00075e+00  1.45080e-04  1.50188e+00  1.44971e-04  1.00125e+00  1.00050e+00
 2.90000e+00  1.00075e+00  1.50205e-04  1.50187e+00  1.50093e-04  1.00125e+00  1.00049e+00
 3.00000e+00  1.00075e+00  1.55325e-04  1.50187e+00  1.55208e-04  1.00124e+00  1.00049e+00
 3.10000e+00  1.00075e+00  1.60438e-04  1.50187e+00  1.60318e-04  1.00124e+00  1.00049e+00
 3.20000e+00  1.00075e+00  1.65545e-04  1.50187e+00  1.65421e-04  1.00124e+00  1.00049e+00
 3.30000e+00  1.00075e+00  1.70645e-04  1.50187e+00  1.70518e-04  1.00124e+00  1.00049e+00
 3.40000e+00  1.00075e+00  1.75738e-04  1.50186e+00  1.75608e-04  1.00124e+00  1.00049e+00
 3.50000e+00  1.00074e+00  1.80825e-04  1.50186e+00  1.80691e-04  1.00124e+00  1.00049e+00
 3.60000e+00  1.00074e+00  1.85905e-04  1.50186e+00  1.85767e-04  1.00123e+00  1.00049e+00
 3.70000e+00  1.00074e+00  1.90977e-04  1.50186e+00  1.90835e-04  1.00123e+00  1.00049e+00
 3.80000e+00  1.00074e+00  1.96042e-04  1.50185e+00  1.95897e-04  1.00123e+00  1.00049e+00
 3.90000e+00  1.00074e+00  2.01099e-04  1.50185e+00  2.00950e-04  1.00123e+00  1.00049e+00
 4.00000e+00  1.00074e+00  2.06148e-04  1.50185e+00  2.05996e-04  1.00123e+00  1.00049e+00
 4.10000e+00  1.00074e+00  2.11189e-04  1.50184e+00  2.11033e-04  1.00122e+00  1.00049e+00
 4.20000e+00  1.00074e+00  2.16221e-04  1.50184e+00  2.16062e-04  1.00122e+00  1.00049e+00
 4.30000e+00  1.00074e+00  2.21246e-04  1.50184e+00  2.21083e-04  1.00122e+00  1.00049e+00
 4.40000e+00  1.00073e+00  2.26261e-04  1.50184e+00  2.26095e-04  1.00122e+00  1.00048e+00
 4.50000e+00  1.00073e+00  2.31268e-04  1.50183e+00  2.31098e-04  1.00122e+00  1.00048e+00
 4.60000e+00  1.00073e+00  2.36265e-04  1.50183e+00  2.36092e-04  1.00121e+00  1.00048e+00
 4.70000e+00  1.00073e+00  2.41253e-04  1.50183e+00  2.41077e-04  1.00121e+00  1.00048e+00
 4.80000e+00  1.00073e+00  2.46232e-04  1.50182e+00  2.46053e-04  1.00121e+00  1.00048e+00
 4.90000e+00  1.00073e+00  2.51201e-04  1.50182e+00  2.51018e-04  1.00121e+00  1.00048e+00
 5.00000e+00  1.00073e+00  2.56160e-04  1.50181e+00  2.55974e-04  1.00121e+00  1.00048e+00
 5.10000e+00  1.00072e+00  2.61109e-04  1.50181e+00  2.60920e-04  1.00120e+00  1.00048e+00
 5.20000e+00  1.00072e+00  2.66048e-04  1.50181e+00  2.65856e-04  1.00120e+00  1.00048e+00
 5.30000e+00  1.00072e+00  2.70976e-04  1.50180e+00  2.70781e-04  1.00120e+00  1.00048e+00
 5.40000e+00  1.00072e+00  2.75894e-04  1.50180e+00  2.75695e-04  1.00120e+00  1.00048e+00
 5.50000e+00  1.00072e+00  2.80800e-04  1.50180e+00  2.80599e-04  1.00119e+00  1.00047e+00
 5.60000e+00  1.00072e+00  2.85696e-04  1.50179e+00  2.85491e-04  1.00119e+00  1.00047e+00
 5.70000e+00  1.00071e+00  2.90580e-04  1.50179e+00  2.90373e-04  1.00119e+00  1.00047e+00
 5.80000e+00  1.00071e+00  2.95453e-04  1.50178e+00  2.95243e-04  1.00118e+00  1.00047e+00
 5.90000e+00  1.00071e+00  3.00315e-04  1.50178e+00  3.00101e-04  1.00118e+00  1.00047e+00
 6.00000e+00  1.00071e+00  3.05164e-04  1.50177e+00  3.04948e-04  1.00118e+00  1.00047e+00
 6.10000e+00  1.00071e+00  3.10002e-04  1.50177e+00  3.09783e-04  1.00118e+00  1.00047e+00
 6.20000e+00  1.00071e+00  3.14827e-04  1.50177e+00  3.14605e-04  1.00117e+00  1.00047e+00
 6.30000e+00  1.00070e+00  3.19640e-04  1.50176e+00  3.19415e-04  1.00117e+00  1.00047e+00
 6.40000e+00  1.00070e+00  3.24441e-04  1.50176e+00  3.24213e-04  1.00117e+00  1.00046e+00
 6.50000e+00  1.00070e+00  3.29228e-04  1.50175e+00  3.28998e-04  1.00116e+00  1.00046e+00
 6.60000e+00  1.00070e+00  3.34003e-04  1.50175e+00  3.33770e-04  1.00116e+00  1.00046e+00
 6.70000e+00  1.00070e+00  3.38764e-04  1.50174e+00  3.38528e-04  1.00116e+00  1.00046e+00
 6.80000e+00  1.00070e+00  3.43512e-04  1.50174e+00  3.43274e-04  1.00115e+00  1.00046e+00
 6.90000e+00  1.00069e+00  3.48247e-04  1.50173e+00  3.48006e-04  1.00115e+00  1.00046e+00
 7.00000e+00  1.00069e+00  3.52968e-04  1.50173e+00  3.52724e-04  1.00115e+00  1.00046e+00
 7.10000e+00  1.00069e+00  3.57675e-04  1.50172e+00  3.57429e-04  1.00114e+00  1.00045e+00
 7.20000e+00  1.00069e+00  3.62368e-04  1.50172e+00  3.62119e-04  1.00114e+00  1.00045e+00
 7.30000e+00  1.00069e+00  3.67047e-04  1.50171e+00  3.66795e-04  1.00114e+00  1.00045e+00
 7.40000e+00  1.00068e+00  3.71711e-04  1.50171e+00  3.71457e-04  1.00113e+00  1.00045e+00
 7.50000e+00  1.00068e+00  3.76361e-04  1.50170e+00  3.76104e-04  1.00113e+00  1.00045e+00
 7.60000e+00  1.00068e+00  3.80995e-04  1.50170e+00  3.80737e-04  1.00113e+00  1.00045e+00
 7.70000e+00  1.00068e+00  3.85615e-04  1.50169e+00  3.85354e-04  1.00112e+00  1.00045e+00
 7.80000e+00  1.00067e+00  3.90220e-04  1.50169e+00  3.89957e-04  1.00112e+00  1.00045e+00
 7.90000e+00  1.00067e+00  3.94809e-04  1.50168e+00  3.94544e-04  1.00112e+00  1.00044e+00
 8.00000e+00  1.00067e+00  3.99383e-04  1.50168e+00  3.99115e-04  1.00111e+00  1.00044e+00
 8.10000e+00  1.00067e+00  4.03941e-04  1.50167e+00  4.03671e-04  1.00111e+00  1.00044e+00
 8.20000e+00  1.00067e+00  4.08483e-04  1.50166e+00  4.08211e-04  1.00110e+00  1.00044e+00
 8.30000e+00  1.00066e+00  4.13009e-04  1.50166e+00  4.12735e-04  1.00110e+00  1.00044e+00
 8.40000e+00  1.00066e+00  4.17519e-04  1.50165e+00  4.17243e-04  1.00110e+00  1.00044e+00
 8.50000e+00  1.00066e+00  4.22012e-04  1.50165e+00  4.21734e-04  1.00109e+00  1.00043e+00
 8.60000e+00  1.00066e+00  4.26489e-04  1.50164e+00  4.26209e-04  1.00109e+00  1.00043e+00
 8.70000e+00  1.00065e+00  4.30948e-04  1.50163e+00  4.30667e-04  1.00109e+00  1.00043e+00
 8.80000e+00  1.00065e+00  4.35391e-04  1.50163e+00  4.35108e-04  1.00108e+00  1.00043e+00
 8.90000e+00  1.00065e+00  4.39817e-04  1.50162e+00  4.39532e-04  1.00108e+00  1.00043e+00
 9.00000e+00  1.00065e+00  4.44226e-04  1.50162e+00  4.43939e-04  1.00107e+00  1.00043e+00
 9.10000e+00  1.00064e+00  4.48617e-04  1.50161e+00  4.48328e-04  1.00107e+00  1.00042e+00
 9.20000e+00  1.00064e+00  4.52990e-04  1.50160e+00  4.52700e-04  1.00106e+00  1.00042e+00
 9.30000e+00  1.00064e+00  4.57345e-04  1.50160e+00  4.57054e-04  1.00106e+00  1.00042e+00
 9.40000e+00  1.00064e+00  4.61683e-04  1.50159e+00  4.61390e-04  1.00106e+00  1.00042e+00
 9.50000e+00  1.00063e+00  4.66002e-04  1.50158e+00  4.65707e-04  1.00105e+00  1.00042e+00
 9.60000e+00  1.00063e+00  4.70303e-04  1.50158e+00  4.70007e-04  1.00105e+00  1.00042e+00
 9.70000e+00  1.00063e+00  4.74586e-04  1.50157e+00  4.74288e-04  1.00104e+00  1.00041e+00
 9.80000e+00  1.00063e+00  4.78849e-04  1.50156e+00  4.78550e-04  1.00104e+00  1.00041e+00
 9.90000e+00  1.00062e+00  4.83094e-04  1.50156e+00  4.82794e-04  1.00103e+00  1.00041e+00
 1.00000e+01  1.00062e+00  4.87320e-04  1.50155e+00  4.87018e-04  1.00103e+00  1.00041e+00
 1.01000e+01  1.00062e+00  4.91527e-04  1.50154e+00  4.91224e-04  1.00102e+00  1.00041e+00
 1.02000e+01  1.00061e+00  4.95714e-04  1.50154e+00  4.95410e-04  1.00102e+00  1.00041e+00
 1.03000e+01  1.00061e+00  4.99882e-04  1.50153e+00  4.99577e-04  1.00101e+00  1.00040e+00
 1.04000e+01  1.00061e+00  5.04030e-04  1.50152e+00  5.03724e-04  1.00101e+00  1.00040e+00
 1.05000e+01  1.00061e+00  5.08158e-04  1.50151e+00  5.07851e-04  1.00101e+00  1.00040e+00
 1.06000e+01  1.00060e+00  5.12267e-04  1.50151e+00  5.11958e-04  1.00100e+00  1.00040e+00
 1.07000e+01  1.00060e+00  5.16355e-04  1.50150e+00  5.16045e-04  1.00100e+00  1.00040e+00
 1.08000e+01  1.00060e+00  5.20422e-04  1.50149e+00  5.20112e-04  1.00099e+00  1.00039e+00
 1.09000e+01  1.00059e+00  5.24470e-04  1.50148e+00  5.24158e-04  1.00099e+00  1.00039e+00
 1.10000e+01  1.00059e+00  5.28496e-04  1.50148e+00  5.28184e-04  1.00098e+00  1.00039e+00
 1.11000e+01  1.00059e+00  5.32502e-04  1.50147e+00  5.32189e-04  1.00098e+00  1.00039e+00
 1.12000e+01  1.00058e+00  5.36487e-04  1.50146e+00  5.36173e-04  1.00097e+00  1.00039e+00
 1.13000e+01  1.00058e+00  5.40450e-04  1.50145e+00  5.40136e-04  1.00097e+00  1.00038e+00
 1.14000e+01  1.00058e+00  5.44393e-04  1.50145e+00  5.44078e-04  1.00096e+00  1.00038e+00
 1.15000e+01  1.00058e+00  5.48314e-04  1.50144e+00  5.47998e-04  1.00096e+00  1.00038e+00
 1.16000e+01  1.00057e+00  5.52213e-04  1.50143e+00  5.51897e-04  1.00095e+00  1.00038e+00
 1.17000e+01  1.00057e+00  5.56091e-04  1.50142e+00  5.55774e-04  1.00095e+00  1.00038e+00
 1.18000e+01  1.00057e+00  5.59946e-04  1.50142e+00  5.59630e-04  1.00094e+00  1.00037e+00
 1.19000e+01  1.00056e+00  5.63780e-04  1.50141e+00  5.63463e-04  1.00093e+00  1.00037e+00
 1.20000e+01  1.00056e+00  5.67592e-04  1.50140e+00  5.67274e-04  1.00093e+00  1.00037e+00
 1.21000e+01  1.00056e+00  5.71381e-04  1.50139e+00  5.71063e-04  1.00092e+00  1.00037e+00
 1.22000e+01  1.00055e+00  5.75147e-04  1.50138e+00  5.74829e-04  1.00092e+00  1.00037e+00
 1.23000e+01  1.00055e+00  5.78891e-04  1.50137e+00  5.78573e-04  1.00091e+00  1.00036e+00
 1.24000e+01  1.00055e+00  5.82612e-04  1.50137e+00  5.82294e-04  1.00091e+00  1.00036e+00
 1.25000e+01  1.00054e+00  5.86310e-04  1.50136e+00  5.85992e-04  1.00090e+00  1.00036e+00
 1.26000e+01  1.00054e+00  5.89985e-04  1.50135e+00  5.89667e-04  1.00090e+00  1.00036e+00
 1.27000e+01  1.00054e+00  5.93637e-04  1.50134e+00  5.93319e-04  1.00089e+00  1.00035e+00
 1.28000e+01  1.00053e+00  5.97266e-04  1.50133e+00  5.96948e-04  1.00089e+00  1.00035e+00
 1.29000e+01  1.00053e+00  6.00871e-04  1.50132e+00  6.00553e-04  1.00088e+00  1.00035e+00
 1.30000e+01  1.00053e+00  6.04452e-04  1.50132e+00  6.04134e-04  1.00087e+00  1.00035e+00
 1.31000e+01  1.00052e+00  6.08009e-04  1.50131e+00  6.07692e-04  1.00087e+00  1.00035e+00
 1.32000e+01  1.00052e+00  6.11543e-04  1.50130e+00  6.11225e-04  1.00086e+00  1.00034e+00
 1.33000e+01  1.00052e+00  6.15052e-04  1.50129e+00  6.14735e-04  1.00086e+00  1.00034e+00
 1.34000e+01  1.00051e+00  6.18537e-04  1.50128e+00  6.18221e-04  1.00085e+00  1.00034e+00
 1.35000e+01  1.00051e+00  6.21998e-04  1.50127e+00  6.21682e-04  1.00084e+00  1.00034e+00
 1.36000e+01  1.00051e+00  6.25434e-04  1.50126e+00  6.25118e-04  1.00084e+00  1.00033e+00
 1.37000e+01  1.00050e+00  6.28846e-04  1.50125e+00  6.28531e-04  1.00083e+00  1.00033e+00
 1.38000e+01  1.00050e+00  6.32233e-04  1.50125e+00  6.31918e-04  1.00083e+00  1.00033e+00
 1.39000e+01  1.00049e+00  6.35595e-04  1.50124e+00  6.35281e-04  1.00082e+00  1.00033e+00
 1.40000e+01  1.00049e+00  6.38932e-04  1.50123e+00  6.38618e-04  1.00081e+00  1.00032e+00
 1.41000e+01  1.00049e+00  6.42243e-04  1.50122e+00  6.41931e-04  1.00081e+00  1.00032e+00
 1.42000e+01  1.00048e+00  6.45530e-04  1.50121e+00  6.45218e-04  1.00080e+00  1.00032e+00
 1.43000e+01  1.00048e+00  6.48791e-04  1.50120e+00  6.48480e-04  1.00080e+00  1.00032e+00
 1.44000e+01  1.00048e+00  6.52026e-04  1.50119e+00  6.51716e-04  1.00079e+00  1.00031e+00
 1.45000e+01  1.00047e+00  6.55236e-04  1.50118e+00  6.54926e-04  1.00078e+00  1.00031e+00
 1.46000e+01  1.00047e+00  6.58420e-04  1.50117e+00  6.58111e-04  1.00078e+00  1.00031e+00
 1.47000e+01  1.00046e+00  6.61578e-04  1.50116e+00  6.61270e-04  1.00077e+00  1.00031e+00
 1.48000e+01  1.00046e+00  6.64709e-04  1.50115e+00  6.64403e-04  1.00077e+00  1.00030e+00
 1.49000e+01  1.00046e+00  6.67815e-04  1.50114e+00  6.67510e-04  1.00076e+00  1.00030e+00
 1.50000e+01  1.00045e+00  6.70894e-04  1.50113e+00  6.70590e-04  1.00075e+00  1.00030e+00
 1.51000e+01  1.00045e+00  6.73947e-04  1.50112e+00  6.73644e-04  1.00075e+00  1.00030e+00
 1.52000e+01  1.00045e+00  6.76974e-04  1.50111e+00  6.76672e-04  1.00074e+00  1.00029e+00
 1.53000e+01  1.00044e+00  6.79973e-04  1.50110e+00  6.79673e-04  1.00073e+00  1.00029e+00
 1.54000e+01  1.00044e+00  6.82946e-04  1.50109e+00  6.82647e-04  1.00073e+00  1.00029e+00
 1.55000e+01  1.00043e+00  6.85892e-04  1.50109e+00  6.85595e-04  1.00072e+00  1.00029e+00
 1.56000e+01  1.00043e+00  6.88811e-04  1.50108e+00  6.88515e-04  1.00071e+00  1.00028e+00
 1.57000e+01  1.00043e+00  6.91703e-04  1.50107e+00  6.91408e-04  1.00071e+00  1.00028e+00
 1.58000e+01  1.00042e+00  6.94567e-04  1.50106e+00  6.94274e-04  1.00070e+00  1.00028e+00
 1.59000e+01  1.00042e+00  6.97404e-04  1.50105e+00  6.97113e-04  1.00069e+00  1.00028e+00
 1.60000e+01  1.00041e+00  7.00214e-04  1.50104e+00  6.99924e-04  1.00069e+00  1.00027e+00
 1.61000e+01  1.00041e+00  7.02996e-04  1.50103e+00  7.02708e-04  1.00068e+00  1.00027e+00
 1.62000e+01  1.00041e+00  7.05750e-04  1.50102e+00  7.05464e-04  1.00067e+00  1.00027e+00
 1.63000e+01  1.00040e+00  7.08477e-04  1.50101e+00  7.08192e-04  1.00067e+00  1.00027e+00
 1.64000e+01  1.00040e+00  7.11175e-04  1.50100e+00  7.10893e-04  1.00066e+00  1.00026e+00
 1.65000e+01  1.00039e+00  7.13846e-04  1.50098e+00  7.13565e-04  1.00065e+00  1.00026e+00
 1.66000e+01  1.00039e+00  7.16488e-04  1.50097e+00  7.16209e-04  1.00065e+00  1.00026e+00
 1.67000e+01  1.00039e+00  7.19103e-04  1.50096e+00  7.18825e-04  1.00064e+00  1.00025e+00
 1.68000e+01  1.00038e+00  7.21688e-04  1.50095e+00  7.21413e-04  1.00063e+00  1.00025e+00
 1.69000e+01  1.00038e+00  7.24246e-04  1.50094e+00  7.23972e-04  1.00063e+00  1.00025e+00
 1.70000e+01  1.00037e+00  7.26774e-04  1.50093e+00  7.26503e-04  1.00062e+00  1.00025e+00
 1.71000e+01  1.00037e+00  7.29275e-04  1.50092e+00  7.29005e-04  1.00061e+00  1.00024e+00
 1.72000e+01  1.00036e+00  7.31746e-04  1.50091e+00  7.31479e-04  1.00061e+00  1.00024e+00
 1.73000e+01  1.00036e+00  7.34189e-04  1.50090e+00  7.33924e-04  1.00060e+00  1.00024e+00
 1.74000e+01  1.00036e+00  7.36602e-04  1.50089e+00  7.36340e-04  1.00059e+00  1.00024e+00
 1.75000e+01  1.00035e+00  7.38987e-04  1.50088e+00  7.38726e-04  1.00058e+00  1.00023e+00
 1.76000e+01  1.00035e+00  7.41342e-04  1.50087e+00  7.41084e-04  1.00058e+00  1.00023e+00
 1.77000e+01  1.00034e+00  7.43668e-04  1.50086e+00  7.43413e-04  1.00057e+00  1.00023e+00
 1.78000e+01  1.00034e+00  7.45965e-04  1.50085e+00  7.45712e-04  1.00056e+00  1.00022e+00
 1.79000e+01  1.00034e+00  7.48232e-04  1.50084e+00  7.47982e-04  1.00056e+00  1.00022e+00
 1.80000e+01  1.00033e+00  7.50470e-04  1.50083e+00  7.50222e-04  1.00055e+00  1.00022e+00
 1.81000e+01  1.00033e+00  7.52679e-04  1.50082e+00  7.52433e-04  1.00054e+00  1.00022e+00
 1.82000e+01  1.00032e+00  7.54857e-04  1.50081e+00  7.54614e-04  1.00054e+00  1.00021e+00
 1.83000e+01  1.00032e+00  7.57006e-04  1.50079e+00  7.56766e-04  1.00053e+00  1.00021e+00
 1.84000e+01  1.00031e+00  7.59125e-04  1.50078e+00  7.58887e-04  1.00052e+00  1.00021e+00
 1.85000e+01  1.00031e+00  7.61214e-04  1.50077e+00  7.60979e-04  1.00051e+00  1.00020e+00
 1.86000e+01  1.00030e+00  7.63273e-04  1.50076e+00  7.63041e-04  1.00051e+00  1.00020e+00
 1.87000e+01  1.00030e+00  7.65302e-04  1.50075e+00  7.65073e-04  1.00050e+00  1.00020e+00
 1.88000e+01  1.00030e+00  7.67301e-04  1.50074e+00  7.67074e-04  1.00049e+00  1.00020e+00
 1.89000e+01  1.00029e+00  7.69270e-04  1.50073e+00  7.69045e-04  1.00048e+00  1.00019e+00
 1.90000e+01  1.00029e+00  7.71208e-04  1.50072e+00  7.70987e-04  1.00048e+00  1.00019e+00
 1.91000e+01  1.00028e+00  7.73116e-04  1.50071e+00  7.72897e-04  1.00047e+00  1.00019e+00
 1.92000e+01  1.00028e+00  7.74993e-04  1.50070e+00  7.74777e-04  1.00046e+00  1.00018e+00
 1.93000e+01  1.00027e+00  7.76840e-04  1.50068e+00  7.76627e-04  1.00045e+00  1.00018e+00
 1.94000e+01  1.00027e+00  7.78656e-04  1.50067e+00  7.78446e-04  1.00045e+00  1.00018e+00
 1.95000e+01  1.00026e+00  7.80441e-04  1.50066e+00  7.80234e-04  1.00044e+00  1.00017e+00
 1.96000e+01  1.00026e+00  7.82196e-04  1.50065e+00  7.81992e-04  1.00043e+00  1.00017e+00
 1.97000e+01  1.00026e+00  7.83919e-04  1.50064e+00  7.83719e-04  1.00042e+00  1.00017e+00
 1.98000e+01  1.00025e+00  7.85612e-04  1.50063e+00  7.85415e-04  1.00042e+00  1.00017e+00
 1.99000e+01  1.00025e+00  7.87274e-04  1.50062e+00  7.87080e-04  1.00041e+00  1.00016e+00
 2.00000e+01  1.00024e+00  7.88905e-04  1.50061e+00  7.88714e-04  1.00040e+00  1.00016e+00
 2.01000e+01  1.00024e+00  7.90504e-04  1.50059e+00  7.90316e-04  1.00039e+00  1.00016e+00
 2.02000e+01  1.00023e+00  7.92073e-04  1.50058e+00  7.91888e-04  1.00039e+00  1.00015e+00
 2.03000e+01  1.00023e+00  7.93610e-04  1.50057e+00  7.93429e-04  1.00038e+00  1.00015e+00
 2.04000e+01  1.00022e+00  7.95116e-04  1.50056e+00  7.94938e-04  1.00037e+00  1.00015e+00
 2.05000e+01  1.00022e+00  7.96590e-04  1.50055e+00  7.96416e-04  1.00036e+00  1.00014e+00
 2.06000e+01  1.00021e+00  7.98033e-04  1.50054e+00  7.97862e-04  1.00036e+00  1.00014e+00
 2.07000e+01  1.00021e+00  7.99445e-04  1.50053e+00  7.99277e-04  1.00035e+00  1.00014e+00
 2.08000e+01  1.00021e+00  8.00825e-04  1.50051e+00  8.00661e-04  1.00034e+00  1.00014e+00
 2.09000e+01  1.00020e+00  8.02174e-04  1.50050e+00  8.02012e-04  1.00033e+00  1.00013e+00
 2.10000e+01  1.00020e+00  8.03490e-04  1.50049e+00  8.03333e-04  1.00033e+00  1.00013e+00
 2.11000e+01  1.00019e+00  8.04776e-04  1.50048e+00  8.04621e-04  1.00032e+00  1.00013e+00
 2.12000e+01  1.00019e+00  8.06029e-04  1.50047e+00  8.05878e-04  1.00031e+00  1.00012e+00
 2.13000e+01  1.00018e+00  8.07250e-04  1.50046e+00  8.07103e-04  1.00030e+00  1.00012e+00
 2.14000e+01  1.00018e+00  8.08440e-04  1.50044e+00  8.08296e-04  1.00030e+00  1.00012e+00
 2.15000e+01  1.00017e+00  8.09598e-04  1.50043e+00  8.09458e-04  1.00029e+00  1.00011e+00
 2.16000e+01  1.00017e+00  8.10724e-04  1.50042e+00  8.10587e-04  1.00028e+00  1.00011e+00
 2.17000e+01  1.00016e+00  8.11818e-04  1.50041e+00  8.11685e-04  1.00027e+00  1.00011e+00
 2.18000e+01  1.00016e+00  8.12879e-04  1.50040e+00  8.12750e-04  1.00026e+00  1.00010e+00
 2.19000e+01  1.00015e+00  8.13909e-04  1.50039e+00  8.13784e-04  1.00026e+00  1.00010e+00
 2.20000e+01  1.00015e+00  8.14907e-04  1.50037e+00  8.14785e-04  1.00025e+00  1.00010e+00
 2.21000e+01  1.00014e+00  8.15872e-04  1.50036e+00  8.15754e-04  1.00024e+00  1.00010e+00
 2.22000e+01  1.00014e+00  8.16806e-04  1.50035e+00  8.16691e-04  1.00023e+00  1.00009e+00
 2.23000e+01  1.00014e+00  8.17707e-04  1.50034e+00  8.17596e-04  1.00022e+00  1.00009e+00
 2.24000e+01  1.00013e+00  8.18575e-04  1.50033e+00  8.18468e-04  1.00022e+00  1.00009e+00
 2.25000e+01  1.00013e+00  8.19412e-04  1.50031e+00  8.19309e-04  1.00021e+00  1.00008e+00
 2.26000e+01  1.00012e+00  8.20216e-04  1.50030e+00  8.20117e-04  1.00020e+00  1.00008e+00
 2.27000e+01  1.00012e+00  8.20988e-04  1.50029e+00  8.20892e-04  1.00019e+00  1.00008e+00
 2.28000e+01  1.00011e+00  8.21727e-04  1.50028e+00  8.21635e-04  1.00019e+00  1.00007e+00
 2.29000e+01  1.00011e+00  8.22434e-04  1.50027e+00  8.22346e-04  1.00018e+00  1.00007e+00
 2.30000e+01  1.00010e+00  8.23108e-04  1.50026e+00  8.23024e-04  1.00017e+00  1.00007e+00
 2.31000e+01  1.00010e+00  8.23750e-04  1.50024e+00  8.23670e-04  1.00016e+00  1.00006e+00
 2.32000e+01  1.00009e+00  8.24360e-04  1.50023e+00  8.24283e-04  1.00015e+00  1.00006e+00
 2.33000e+01  1.00009e+00  8.24937e-04  1.50022e+00  8.24864e-04  1.00015e+00  1.00006e+00
 2.34000e+01  1.00008e+00  8.25481e-04  1.50021e+00  8.25412e-04  1.00014e+00  1.00005e+00
 2.35000e+01  1.00008e+00  8.25993e-04  1.50020e+00  8.25928e-04  1.00013e+00  1.00005e+00
 2.36000e+01  1.00007e+00  8.26472e-04  1.50018e+00  8.26411e-04  1.00012e+00  1.00005e+00
 2.37000e+01  1.00007e+00  8.26918e-04  1.50017e+00  8.26862e-04  1.00011e+00  1.00005e+00
 2.38000e+01  1.00006e+00  8.27332e-04  1.50016e+00  8.27279e-04  1.00011e+00  1.00004e+00
 2.39000e+01  1.00006e+00  8.27714e-04  1.50015e+00  8.27665e-04  1.00010e+00  1.00004e+00
 2.40000e+01  1.00005e+00  8.28062e-04  1.50014e+00  8.28017e-04  1.00009e+00  1.00004e+00
 2.41000e+01  1.00005e+00  8.28378e-04  1.50012e+00  8.28337e-04  1.00008e+00  1.00003e+00
 2.42000e+01  1.00004e+00  8.28661e-04  1.50011e+00  8.28624e-04  1.00007e+00  1.00003e+00
 2.43000e+01  1.00004e+00  8.28911e-04  1.50010e+00  8.28878e-04  1.00007e+00  1.00003e+00
 2.44000e+01  1.00004e+00  8.29129e-04  1.50009e+00  8.29100e-04  1.00006e+00  1.00002e+00
 2.45000e+01  1.00003e+00  8.29314e-04  1.50008e+00  8.29289e-04  1.00005e+00  1.00002e+00
 2.46000e+01  1.00003e+00  8.29466e-04  1.50006e+00  8.29445e-04  1.00004e+00  1.00002e+00
 2.47000e+01  1.00002e+00  8.29586e-04  1.50005e+00  8.29569e-04  1.00003e+00  1.00001e+00
 2.48000e+01  1.00002e+00  8.29673e-04  1.50004e+00  8.29659e-04  1.00003e+00  1.00001e+00
 2.49000e+01  1.00001e+00  8.29727e-04  1.50003e+00  8.29717e-04  1.00002e+00  1.00001e+00
 2.50000e+01  1.00001e+00  8.29748e-04  1.50002e+00  8.29743e-04  1.00001e+00  1.00000e+00
 2.51000e+01  1.00000e+00  8.29736e-04  1.50000e+00  8.29735e-04  1.00000e+00  1.00000e+00
 2.52000e+01  9.99996e-01  8.29692e-04  1.49999e+00  8.29695e-04  9.99994e-01  9.99998e-01
 2.53000e+01  9.99992e-01  8.29615e-04  1.49998e+00  8.29622e-04  9.99986e-01  9.99994e-01
 2.54000e+01  9.99987e-01  8.29505e-04  1.49997e+00  8.29516e-04  9.99978e-01  9.99991e-01
 2.55000e+01  9.99982e-01  8.29362e-04  1.49995e+00  8.29377e-04  9.99970e-01  9.99988e-01
 2.56000e+01  9.99977e-01  8.29187e-04  1.49994e+00  8.29206e-04  9.99962e-01  9.99985e-01
 2.57000e+01  9.99972e-01  8.28979e-04  1.49993e+00  8.29002e-04  9.99954e-01  9.99982e-01
 2.58000e+01  9.99968e-01  8.28738e-04  1.49992e+00  8.28765e-04  9.99946e-01  9.99978e-01
 2.59000e+01  9.99963e-01  8.28464e-04  1.49991e+00  8.28495e-04  9.99938e-01  9.99975e-01
 2.60000e+01  9.99958e-01  8.28158e-04  1.49989e+00  8.28193e-04  9.99930e-01  9.99972e-01
 2.61000e+01  9.99953e-01  8.27819e-04  1.49988e+00  8.27858e-04  9.99922e-01  9.99969e-01
 2.62000e+01  9.99948e-01  8.27447e-04  1.49987e+00  8.27490e-04  9.99914e-01  9.99966e-01
 2.63000e+01  9.99943e-01  8.27043e-04  1.49986e+00  8.27090e-04  9.99906e-01  9.99962e-01
 2.64000e+01  9.99939e-01  8.26606e-04  1.49985e+00  8.26657e-04  9.99898e-01  9.99959e-01
 2.65000e+01  9.99934e-01  8.26136e-04  1.49983e+00  8.26191e-04  9.99890e-01  9.99956e-01
 2.66000e+01  9.99929e-01  8.25634e-04  1.49982e+00  8.25693e-04  9.99882e-01  9.99953e-01
 2.67000e+01  9.99924e-01  8.25099e-04  1.49981e+00  8.25162e-04  9.99874e-01  9.99950e-01
 2.68000e+01  9.99919e-01  8.24532e-04  1.49980e+00  8.24598e-04  9.99866e-01  9.99947e-01
 2.69000e+01  9.99914e-01  8.23932e-04  1.49979e+00  8.24002e-04  9.99858e-01  9.99943e-01
 2.70000e+01  9.99910e-01  8.23299e-04  1.49977e+00  8.23373e-04  9.99850e-01  9.99940e-01
 2.71000e+01  9.99905e-01  8.22634e-04  1.49976e+00  8.22712e-04  9.99842e-01  9.99937e-01
 2.72000e+01  9.99900e-01  8.21936e-04  1.49975e+00  8.22018e-04  9.99834e-01  9.99934e-01
 2.73000e+01  9.99895e-01  8.21206e-04  1.49974e+00  8.21292e-04  9.99826e-01  9.99931e-01
 2.74000e+01  9.99890e-01  8.20444e-04  1.49973e+00  8.20534e-04  9.99818e-01  9.99928e-01
 2.75000e+01  9.99886e-01  8.19649e-04  1.49971e+00  8.19743e-04  9.99810e-01  9.99924e-01
 2.76000e+01  9.99881e-01  8.18822e-04  1.49970e+00  8.18919e-04  9.99802e-01  9.99921e-01
 2.77000e+01  9.99876e-01  8.17962e-04  1.49969e+00  8.18063e-04  9.99794e-01  9.99918e-01
 2.78000e+01  9.99871e-01  8.17070e-04  1.49968e+00  8.17175e-04  9.99786e-01  9.99915e-01
 2.79000e+01  9.99867e-01  8.16146e-04  1.49967e+00  8.16255e-04  9.99778e-01  9.99912e-01
 2.80000e+01  9.99862e-01  8.15189e-04  1.49965e+00  8.15302e-04  9.99770e-01  9.99909e-01
 2.81000e+01  9.99857e-01  8.14200e-04  1.49964e+00  8.14317e-04  9.99763e-01  9.99905e-01
 2.82000e+01  9.99852e-01  8.13180e-04  1.49963e+00  8.13300e-04  9.99755e-01  9.99902e-01
 2.83000e+01  9.99847e-01  8.12127e-04  1.49962e+00  8.12251e-04  9.99747e-01  9.99899e-01
 2.84000e+01  9.99843e-01  8.11042e-04  1.49961e+00  8.11169e-04  9.99739e-01  9.99896e-01
 2.85000e+01  9.99838e-01  8.09924e-04  1.49960e+00  8.10056e-04  9.99731e-01  9.99893e-01
 2.86000e+01  9.99833e-01  8.08775e-04  1.49958e+00  8.08910e-04  9.99723e-01  9.99890e-01
 2.87000e+01  9.99829e-01  8.07594e-04  1.49957e+00  8.07733e-04  9.99715e-01  9.99887e-01
 2.88000e+01  9.99824e-01  8.06381e-04  1.49956e+00  8.06523e-04  9.99707e-01  9.99884e-01
 2.89000e+01  9.99819e-01  8.05136e-04  1.49955e+00  8.05282e-04  9.99700e-01  9.99880e-01
 2.90000e+01  9.99814e-01  8.03860e-04  1.49954e+00  8.04009e-04  9.99692e-01  9.99877e-01
 2.91000e+01  9.99810e-01  8.02551e-04  1.49952e+00  8.02704e-04  9.99684e-01  9.99874e-01
 2.92000e+01  9.99805e-01  8.01211e-04  1.49951e+00  8.01368e-04  9.99676e-01  9.99871e-01
 2.93000e+01  9.99800e-01  7.99840e-04  1.49950e+00  7.99999e-04  9.99668e-01  9.99868e-01
 2.94000e+01  9.99796e-01  7.98436e-04  1.49949e+00  7.98599e-04  9.99661e-01  9.99865e-01
 2.95000e+01  9.99791e-01  7.97001e-04  1.49948e+00  7.97168e-04  9.99653e-01  9.99862e-01
 2.96000e+01  9.99786e-01  7.95535e-04  1.49947e+00  7.95705e-04  9.99645e-01  9.99859e-01
 2.97000e+01  9.99782e-01  7.94037e-04  1.49945e+00  7.94211e-04  9.99637e-01  9.99856e-01
 2.98000e+01  9.99777e-01  7.92508e-04  1.49944e+00  7.92685e-04  9.99630e-01  9.99853e-01
 2.99000e+01  9.99772e-01  7.90947e-04  1.49943e+00  7.91127e-04  9.99622e-01  9.99850e-01
 3.00000e+01  9.99768e-01  7.89355e-04  1.49942e+00  7.89539e-04  9.99614e-01  9.99846e-01
 3.01000e+01  9.99763e-01  7.87732e-04  1.49941e+00  7.87919e-04  9.99606e-01  9.99843e-01
 3.02000e+01  9.99758e-01  7.86078e-04  1.49940e+00  7.86268e-04  9.99599e-01  9.99840e-01
 3.03000e+01  9.99754e-01  7.84393e-04  1.49938e+00  7.84586e-04  9.99591e-01  9.99837e-01
 3.04000e+01  9.99749e-01  7.82677e-04  1.49937e+00  7.82873e-04  9.99583e-01  9.99834e-01
 3.05000e+01  9.99745e-01  7.80930e-04  1.49936e+00  7.81129e-04  9.99576e-01  9.99831e-01
 3.06000e+01  9.99740e-01  7.79152e-04  1.49935e+00  7.79355e-04  9.99568e-01  9.99828e-01
 3.07000e+01  9.99735e-01  7.77343e-04  1.49934e+00  7.77549e-04  9.99561e-01  9.99825e-01
 3.08000e+01  9.99731e-01  7.75504e-04  1.49933e+00  7.75712e-04  9.99553e-01  9.99822e-01
 3.09000e+01  9.99726e-01  7.73634e-04  1.49932e+00  7.73845e-04  9.99546e-01  9.99819e-01
 3.10000e+01  9.99722e-01  7.71733e-04  1.49930e+00  7.71948e-04  9.99538e-01  9.99816e-01
 3.11000e+01  9.99717e-01  7.69802e-04  1.49929e+00  7.70019e-04  9.99530e-01  9.99813e-01
 3.12000e+01  9.99713e-01  7.67840e-04  1.49928e+00  7.68061e-04  9.99523e-01  9.99810e-01
 3.13000e+01  9.99708e-01  7.65848e-04  1.49927e+00  7.66072e-04  9.99515e-01  9.99807e-01
 3.14000e+01  9.99704e-01  7.63826e-04  1.49926e+00  7.64052e-04  9.99508e-01  9.99804e-01
 3.15000e+01  9.99699e-01  7.61773e-04  1.49925e+00  7.62003e-04  9.99501e-01  9.99801e-01
 3.16000e+01  9.99695e-01  7.59691e-04  1.49924e+00  7.59923e-04  9.99493e-01  9.99798e-01
 3.17000e+01  9.99690e-01  7.57578e-04  1.49923e+00  7.57813e-04  9.99486e-01  9.99795e-01
 3.18000e+01  9.99686e-01  7.55436e-04  1.49921e+00  7.55673e-04  9.99478e-01  9.99792e-01
 3.19000e+01  9.99681e-01  7.53263e-04  1.49920e+00  7.53503e-04  9.99471e-01  9.99790e-01
 3.20000e+01  9.99677e-01  7.51061e-04  1.49919e+00  7.51304e-04  9.99464e-01  9.99787e-01
 3.21000e+01  9.99672e-01  7.48829e-04  1.49918e+00  7.49075e-04  9.99456e-01  9.99784e-01
 3.22000e+01  9.99668e-01  7.46568e-04  1.49917e+00  7.46816e-04  9.99449e-01  9.99781e-01
 3.23000e+01  9.99664e-01  7.44277e-04  1.49916e+00  7.44527e-04  9.99442e-01  9.99778e-01
 3.24000e+01  9.99659e-01  7.41957e-04  1.49915e+00  7.42209e-04  9.99434e-01  9.99775e-01
 3.25000e+01  9.99655e-01  7.39607e-04  1.49914e+00  7.39862e-04  9.99427e-01  9.99772e-01
 3.26000e+01  9.99651e-01  7.37228e-04  1.49913e+00  7.37486e-04  9.99420e-01  9.99769e-01
 3.27000e+01  9.99646e-01  7.34820e-04  1.49912e+00  7.35080e-04  9.99413e-01  9.99766e-01
 3.28000e+01  9.99642e-01  7.32383e-04  1.49910e+00  7.32645e-04  9.99405e-01  9.99764e-01
 3.29000e+01  9.99638e-01  7.29917e-04  1.49909e+00  7.30181e-04  9.99398e-01  9.99761e-01
 3.30000e+01  9.99633e-01  7.27422e-04  1.49908e+00  7.27689e-04  9.99391e-01  9.99758e-01
 3.31000e+01  9.99629e-01  7.24898e-04  1.49907e+00  7.25167e-04  9.99384e-01  9.99755e-01
 3.32000e+01  9.99625e-01  7.22346e-04  1.49906e+00  7.22617e-04  9.99377e-01  9.99752e-01
 3.33000e+01  9.99620e-01  7.19765e-04  1.49905e+00  7.20038e-04  9.99370e-01  9.99749e-01
 3.34000e+01  9.99616e-01  7.17155e-04  1.49904e+00  7.17431e-04  9.99363e-01  9.99747e-01
 3.35000e+01  9.99612e-01  7.14518e-04  1.49903e+00  7.14795e-04  9.99356e-01  9.99744e-01
 3.36000e+01  9.99608e-01  7.11852e-04  1.49902e+00  7.12131e-04  9.99349e-01  9.99741e-01
 3.37000e+01  9.99604e-01  7.09158e-04  1.49901e+00  7.09439e-04  9.99342e-01  9.99738e-01
 3.38000e+01  9.99599e-01  7.06436e-04  1.49900e+00  7.06719e-04  9.99335e-01  9.99735e-01
 3.39000e+01  9.99595e-01  7.03686e-04  1.49899e+00  7.03971e-04  9.99328e-01  9.99733e-01
 3.40000e+01  9.99591e-01  7.00908e-04  1.49898e+00  7.01194e-04  9.99321e-01  9.99730e-01
 3.41000e+01  9.99587e-01  6.98102e-04  1.49897e+00  6.98391e-04  9.99314e-01  9.99727e-01
 3.42000e+01  9.99583e-01  6.95269e-04  1.49896e+00  6.95559e-04  9.99307e-01  9.99725e-01
 3.43000e+01  9.99579e-01  6.92408e-04  1.49895e+00  6.92700e-04  9.99301e-01  9.99722e-01
 3.44000e+01  9.99575e-01  6.89520e-04  1.49894e+00  6.89814e-04  9.99294e-01  9.99719e-01
 3.45000e+01  9.99571e-01  6.86605e-04  1.49893e+00  6.86900e-04  9.99287e-01  9.99716e-01
 3.46000e+01  9.99566e-01  6.83662e-04  1.49892e+00  6.83959e-04  9.99280e-01  9.99714e-01
 3.47000e+01  9.99562e-01  6.80693e-04  1.49891e+00  6.80991e-04  9.99274e-01  9.99711e-01
 3.48000e+01  9.99558e-01  6.77696e-04  1.49890e+00  6.77996e-04  9.99267e-01  9.99708e-01
 3.49000e+01  9.99554e-01  6.74673e-04  1.49889e+00  6.74974e-04  9.99260e-01  9.99706e-01
 3.50000e+01  9.99550e-01  6.71623e-04  1.49888e+00  6.71925e-04  9.99254e-01  9.99703e-01
 3.51000e+01  9.99546e-01  6.68547e-04  1.49887e+00  6.68850e-04  9.99247e-01  9.99701e-01
 3.52000e+01  9.99542e-01  6.65444e-04  1.49886e+00  6.65749e-04  9.99241e-01  9.99698e-01
 3.53000e+01  9.99539e-01  6.62315e-04  1.49885e+00  6.62621e-04  9.99234e-01  9.99695e-01
 3.54000e+01  9.99535e-01  6.59160e-04  1.49884e+00  6.59466e-04  9.99228e-01  9.99693e-01
 3.55000e+01  9.99531e-01  6.55978e-04  1.49883e+00  6.56286e-04  9.99221e-01  9.99690e-01
 3.56000e+01  9.99527e-01  6.52771e-04  1.49882e+00  6.53080e-04  9.99215e-01  9.99688e-01
 3.57000e+01  9.99523e-01  6.49538e-04  1.49881e+00  6.49847e-04  9.99208e-01  9.99685e-01
 3.58000e+01  9.99519e-01  6.46279e-04  1.49880e+00  6.46590e-04  9.99202e-01  9.99683e-01
 3.59000e+01  9.99515e-01  6.42994e-04  1.49879e+00  6.43306e-04  9.99196e-01  9.99680e-01
 3.60000e+01  9.99512e-01  6.39684e-04  1.49878e+00  6.39997e-04  9.99189e-01  9.99678e-01
 3.61000e+01  9.99508e-01  6.36349e-04  1.49877e+00  6.36663e-04  9.99183e-01  9.99675e-01
 3.62000e+01  9.99504e-01  6.32989e-04  1.49876e+00  6.33303e-04  9.99177e-01  9.99673e-01
 3.63000e+01  9.99500e-01  6.29604e-04  1.49875e+00  6.29918e-04  9.99170e-01  9.99670e-01
 3.64000e+01  9.99497e-01  6.26193e-04  1.49874e+00  6.26509e-04  9.99164e-01  9.99668e-01
 3.65000e+01  9.99493e-01  6.22758e-04  1.49873e+00  6.23074e-04  9.99158e-01  9.99665e-01
 3.66000e+01  9.99489e-01  6.19299e-04  1.49872e+00  6.19615e-04  9.99152e-01  9.99663e-01
 3.67000e+01  9.99485e-01  6.15815e-04  1.49871e+00  6.16132e-04  9.99146e-01  9.99660e-01
 3.68000e+01  9.99482e-01  6.12306e-04  1.49870e+00  6.12624e-04  9.99140e-01  9.99658e-01
 3.69000e+01  9.99478e-01  6.08773e-04  1.49870e+00  6.09091e-04  9.99134e-01  9.99655e-01
 3.70000e+01  9.99475e-01  6.05217e-04  1.49869e+00  6.05535e-04  9.99128e-01  9.99653e-01
 3.71000e+01  9.99471e-01  6.01636e-04  1.49868e+00  6.01954e-04  9.99122e-01  9.99651e-01
 3.72000e+01  9.99467e-01  5.98031e-04  1.49867e+00  5.98350e-04  9.99116e-01  9.99648e-01
 3.73000e+01  9.99464e-01  5.94403e-04  1.49866e+00  5.94722e-04  9.99110e-01  9.99646e-01
 3.74000e+01  9.99460e-01  5.90752e-04  1.49865e+00  5.91071e-04  9.99104e-01  9.99644e-01
 3.75000e+01  9.99457e-01  5.87077e-04  1.49864e+00  5.87396e-04  9.99098e-01  9.99641e-01
 3.76000e+01  9.99453e-01  5.83378e-04  1.49863e+00  5.83698e-04  9.99093e-01  9.99639e-01
 3.77000e+01  9.99450e-01  5.79657e-04  1.49862e+00  5.79976e-04  9.99087e-01  9.99637e-01
 3.78000e+01  9.99446e-01  5.75913e-04  1.49862e+00  5.76232e-04  9.99081e-01  9.99635e-01
 3.79000e+01  9.99443e-01  5.72146e-04  1.49861e+00  5.72465e-04  9.99076e-01  9.99632e-01
 3.80000e+01  9.99440e-01  5.68356e-04  1.49860e+00  5.68675e-04  9.99070e-01  9.99630e-01
 3.81000e+01  9.99436e-01  5.64544e-04  1.49859e+00  5.64863e-04  9.99064e-01  9.99628e-01
 3.82000e+01  9.99433e-01  5.60710e-04  1.49858e+00  5.61028e-04  9.99059e-01  9.99626e-01
 3.83000e+01  9.99430e-01  5.56853e-04  1.49857e+00  5.57171e-04  9.99053e-01  9.99623e-01
 3.84000e+01  9.99426e-01  5.52974e-04  1.49857e+00  5.53292e-04  9.99048e-01  9.99621e-01
 3.85000e+01  9.99423e-01  5.49074e-04  1.49856e+00  5.49391e-04  9.99042e-01  9.99619e-01
 3.86000e+01  9.99420e-01  5.45152e-04  1.49855e+00  5.45468e-04  9.99037e-01  9.99617e-01
 3.87000e+01  9.99417e-01  5.41208e-04  1.49854e+00  5.41524e-04  9.99032e-01  9.99615e-01
 3.88000e+01  9.99413e-01  5.37243e-04  1.49853e+00  5.37558e-04  9.99026e-01  9.99613e-01
 3.89000e+01  9.99410e-01  5.33256e-04  1.49853e+00  5.33571e-04  9.99021e-01  9.99611e-01
 3.90000e+01  9.99407e-01  5.29249e-04  1.49852e+00  5.29563e-04  9.99016e-01  9.99609e-01
 3.91000e+01  9.99404e-01  5.25220e-04  1.49851e+00  5.25534e-04  9.99011e-01  9.99606e-01
 3.92000e+01  9.99401e-01  5.21171e-04  1.49850e+00  5.21484e-04  9.99005e-01  9.99604e-01
 3.93000e+01  9.99398e-01  5.17101e-04  1.49849e+00  5.17413e-04  9.99000e-01  9.99602e-01
 3.94000e+01  9.99395e-01  5.13011e-04  1.49849e+00  5.13322e-04  9.98995e-01  9.99600e-01
 3.95000e+01  9.99392e-01  5.08900e-04  1.49848e+00  5.09210e-04  9.98990e-01  9.99598e-01
 3.96000e+01  9.99388e-01  5.04770e-04  1.49847e+00  5.05078e-04  9.98985e-01  9.99596e-01
 3.97000e+01  9.99385e-01  5.00619e-04  1.49846e+00  5.00927e-04  9.98980e-01  9.99594e-01
 3.98000e+01  9.99383e-01  4.96448e-04  1.49846e+00  4.96755e-04  9.98975e-01  9.99592e-01
 3.99000e+01  9.99380e-01  4.92258e-04  1.49845e+00  4.92564e-04  9.98970e-01  9.99590e-01
 4.00000e+01  9.99377e-01  4.88049e-04  1.49844e+00  4.88353e-04  9.98965e-01  9.99589e-01
 4.01000e+01  9.99374e-01  4.83820e-04  1.49843e+00  4.84123e-04  9.98961e-01  9.99587e-01
 4.02000e+01  9.99371e-01  4.79572e-04  1.49843e+00  4.79874e-04  9.98956e-01  9.99585e-01
 4.03000e+01  9.99368e-01  4.75305e-04  1.49842e+00  4.75605e-04  9.98951e-01  9.99583e-01
 4.04000e+01  9.99365e-01  4.71019e-04  1.49841e+00  4.71318e-04  9.98946e-01  9.99581e-01
 4.05000e+01  9.99362e-01  4.66714e-04  1.49841e+00  4.67012e-04  9.98942e-01  9.99579e-01
 4.06000e+01  9.99360e-01  4.62392e-04  1.49840e+00  4.62688e-04  9.98937e-01  9.99577e-01
 4.07000e+01  9.99357e-01  4.58050e-04  1.49839e+00  4.58345e-04  9.98933e-01  9.99575e-01
 4.08000e+01  9.99354e-01  4.53691e-04  1.49839e+00  4.53984e-04  9.98928e-01  9.99574e-01
 4.09000e+01  9.99351e-01  4.49314e-04  1.49838e+00  4.49605e-04  9.98924e-01  9.99572e-01
 4.10000e+01  9.99349e-01  4.44919e-04  1.49837e+00  4.45209e-04  9.98919e-01  9.99570e-01
 4.11000e+01  9.99346e-01  4.40506e-04  1.49837e+00  4.40794e-04  9.98915e-01  9.99568e-01
 4.12000e+01  9.99344e-01  4.36076e-04  1.49836e+00  4.36363e-04  9.98910e-01  9.99567e-01
 4.13000e+01  9.99341e-01  4.31629e-04  1.49835e+00  4.31913e-04  9.98906e-01  9.99565e-01
 4.14000e+01  9.99338e-01  4.27164e-04  1.49835e+00  4.27447e-04  9.98902e-01  9.99563e-01
 4.15000e+01  9.99336e-01  4.22683e-04  1.49834e+00  4.22964e-04  9.98898e-01  9.99562e-01
 4.16000e+01  9.99333e-01  4.18185e-04  1.49833e+00  4.18464e-04  9.98894e-01  9.99560e-01
 4.17000e+01  9.99331e-01  4.13671e-04  1.49833e+00  4.13948e-04  9.98889e-01  9.99558e-01
 4.18000e+01  9.99328e-01  4.09140e-04  1.49832e+00  4.09415e-04  9.98885e-01  9.99557e-01
 4.19000e+01  9.99326e-01  4.04593e-04  1.49832e+00  4.04865e-04  9.98881e-01  9.99555e-01
 4.20000e+01  9.99324e-01  4.00029e-04  1.49831e+00  4.00300e-04  9.98877e-01  9.99553e-01
 4.21000e+01  9.99321e-01  3.95450e-04  1.49830e+00  3.95719e-04  9.98873e-01  9.99552e-01
 4.22000e+01  9.99319e-01  3.90856e-04  1.49830e+00  3.91122e-04  9.98869e-01  9.99550e-01
 4.23000e+01  9.99316e-01  3.86246e-04  1.49829e+00  3.86510e-04  9.98866e-01  9.99549e-01
 4.24000e+01  9.99314e-01  3.81621e-04  1.49829e+00  3.81882e-04  9.98862e-01  9.99547e-01
 4.25000e+01  9.99312e-01  3.76980e-04  1.49828e+00  3.77240e-04  9.98858e-01  9.99546e-01
 4.26000e+01  9.99310e-01  3.72325e-04  1.49827e+00  3.72582e-04  9.98854e-01  9.99544e-01
 4.27000e+01  9.99307e-01  3.67655e-04  1.49827e+00  3.67910e-04  9.98851e-01  9.99543e-01
 4.28000e+01  9.99305e-01  3.62970e-04  1.49826e+00  3.63223e-04  9.98847e-01  9.99541e-01
 4.29000e+01  9.99303e-01  3.58271e-04  1.49826e+00  3.58521e-04  9.98843e-01  9.99540e-01
 4.30000e+01  9.99301e-01  3.53558e-04  1.49825e+00  3.53805e-04  9.98840e-01  9.99539e-01
 4.31000e+01  9.99299e-01  3.48831e-04  1.49825e+00  3.49076e-04  9.98836e-01  9.99537e-01
 4.32000e+01  9.99297e-01  3.44090e-04  1.49824e+00  3.44332e-04  9.98833e-01  9.99536e-01
 4.33000e+01  9.99295e-01  3.39336e-04  1.49824e+00  3.39575e-04  9.98830e-01  9.99535e-01
 4.34000e+01  9.99293e-01  3.34568e-04  1.49823e+00  3.34804e-04  9.98826e-01  9.99533e-01
 4.35000e+01  9.99291e-01  3.29786e-04  1.49823e+00  3.30020e-04  9.98823e-01  9.99532e-01
 4.36000e+01  9.99289e-01  3.24992e-04  1.49822e+00  3.25223e-04  9.98820e-01  9.99531e-01
 4.37000e+01  9.99287e-01  3.20185e-04  1.49822e+00  3.20414e-04  9.98817e-01  9.99529e-01
 4.38000e+01  9.99285e-01  3.15365e-04  1.49821e+00  3.15591e-04  9.98813e-01  9.99528e-01
 4.39000e+01  9.99283e-01  3.10533e-04  1.49821e+00  3.10756e-04  9.98810e-01  9.99527e-01
 4.40000e+01  9.99281e-01  3.05689e-04  1.49820e+00  3.05908e-04  9.98807e-01  9.99526e-01
 4.41000e+01  9.99279e-01  3.00832e-04  1.49820e+00  3.01049e-04  9.98804e-01  9.99524e-01
 4.42000e+01  9.99278e-01  2.95963e-04  1.49819e+00  2.96177e-04  9.98801e-01  9.99523e-01
 4.43000e+01  9.99276e-01  2.91083e-04  1.49819e+00  2.91294e-04  9.98798e-01  9.99522e-01
 4.44000e+01  9.99274e-01  2.86191e-04  1.49819e+00  2.86399e-04  9.98795e-01  9.99521e-01
 4.45000e+01  9.99272e-01  2.81288e-04  1.49818e+00  2.81493e-04  9.98793e-01  9.99520e-01
 4.46000e+01  9.99271e-01  2.76374e-04  1.49818e+00  2.76576e-04  9.98790e-01  9.99519e-01
 4.47000e+01  9.99269e-01  2.71449e-04  1.49817e+00  2.71648e-04  9.98787e-01  9.99518e-01
 4.48000e+01  9.99268e-01  2.66513e-04  1.49817e+00  2.66709e-04  9.98784e-01  9.99517e-01
 4.49000e+01  9.99266e-01  2.61567e-04  1.49817e+00  2.61759e-04  9.98782e-01  9.99516e-01
 4.50000e+01  9.99264e-01  2.56610e-04  1.49816e+00  2.56799e-04  9.98779e-01  9.99514e-01
 4.51000e+01  9.99263e-01  2.51643e-04  1.49816e+00  2.51829e-04  9.98777e-01  9.99513e-01
 4.52000e+01  9.99261e-01  2.46666e-04  1.49815e+00  2.46849e-04  9.98774e-01  9.99512e-01
 4.53000e+01  9.99260e-01  2.41680e-04  1.49815e+00  2.41859e-04  9.98772e-01  9.99512e-01
 4.54000e+01  9.99259e-01  2.36683e-04  1.49815e+00  2.36859e-04  9.98769e-01  9.99511e-01
 4.55000e+01  9.99257e-01  2.31678e-04  1.49814e+00  2.31850e-04  9.98767e-01  9.99510e-01
 4.56000e+01  9.99256e-01  2.26663e-04  1.49814e+00  2.26832e-04  9.98765e-01  9.99509e-01
 4.57000e+01  9.99254e-01  2.21640e-04  1.49814e+00  2.21805e-04  9.98763e-01  9.99508e-01
 4.58000e+01  9.99253e-01  2.16607e-04  1.49813e+00  2.16769e-04  9.98760e-01  9.99507e-01
 4.59000e+01  9.99252e-01  2.11566e-04  1.49813e+00  2.11724e-04  9.98758e-01  9.99506e-01
 4.60000e+01  9.99251e-01  2.06517e-04  1.49813e+00  2.06672e-04  9.98756e-01  9.99505e-01
 4.61000e+01  9.99249e-01  2.01459e-04  1.49812e+00  2.01610e-04  9.98754e-01  9.99505e-01
 4.62000e+01  9.99248e-01  1.96394e-04  1.49812e+00  1.96541e-04  9.98752e-01  9.99504e-01
 4.63000e+01  9.99247e-01  1.91320e-04  1.49812e+00  1.91464e-04  9.98750e-01  9.99503e-01
 4.64000e+01  9.99246e-01  1.86239e-04  1.49812e+00  1.86380e-04  9.98748e-01  9.99502e-01
 4.65000e+01  9.99245e-01  1.81151e-04  1.49811e+00  1.81288e-04  9.98747e-01  9.99501e-01
 4.66000e+01  9.99244e-01  1.76056e-04  1.49811e+00  1.76189e-04  9.98745e-01  9.99501e-01
 4.67000e+01  9.99243e-01  1.70953e-04  1.49811e+00  1.71083e-04  9.98743e-01  9.99500e-01
 4.68000e+01  9.99242e-01  1.65844e-04  1.49810e+00  1.65970e-04  9.98741e-01  9.99499e-01
 4.69000e+01  9.99241e-01  1.60729e-04  1.49810e+00  1.60851e-04  9.98740e-01  9.99499e-01
 4.70000e+01  9.99240e-01  1.55606e-04  1.49810e+00  1.55725e-04  9.98738e-01  9.99498e-01
 4.71000e+01  9.99239e-01  1.50478e-04  1.49810e+00  1.50593e-04  9.98737e-01  9.99498e-01
 4.72000e+01  9.99238e-01  1.45344e-04  1.49810e+00  1.45455e-04  9.98735e-01  9.99497e-01
 4.73000e+01  9.99237e-01  1.40204e-04  1.49809e+00  1.40311e-04  9.98734e-01  9.99496e-01
 4.74000e+01  9.99236e-01  1.35059e-04  1.49809e+00  1.35162e-04  9.98732e-01  9.99496e-01
 4.75000e+01  9.99235e-01  1.29908e-04  1.49809e+00  1.30007e-04  9.98731e-01  9.99495e-01
 4.76000e+01  9.99235e-01  1.24752e-04  1.49809e+00  1.24848e-04  9.98730e-01  9.99495e-01
 4.77000e+01  9.99234e-01  1.19591e-04  1.49809e+00  1.19683e-04  9.98729e-01  9.99494e-01
 4.78000e+01  9.99233e-01  1.14425e-04  1.49808e+00  1.14513e-04  9.98727e-01  9.99494e-01
 4.79000e+01  9.99233e-01  1.09255e-04  1.49808e+00  1.09339e-04  9.98726e-01  9.99493e-01
 4.80000e+01  9.99232e-01  1.04081e-04  1.49808e+00  1.04161e-04  9.98725e-01  9.99493e-01
 4.81000e+01  9.99231e-01  9.89023e-05  1.49808e+00  9.89783e-05  9.98724e-01  9.99493e-01
 4.82000e+01  9.99231e-01  9.37198e-05  1.49808e+00  9.37919e-05  9.98723e-01  9.99492e-01
 4.83000e+01  9.99230e-01  8.85336e-05  1.49808e+00  8.86018e-05  9.98722e-01  9.99492e-01
 4.84000e+01  9.99230e-01  8.33438e-05  1.49807e+00  8.34081e-05  9.98722e-01  9.99492e-01
 4.85000e+01  9.99229e-01  7.81508e-05  1.49807e+00  7.82111e-05  9.98721e-01  9.99491e-01
 4.86000e+01  9.99229e-01  7.29547e-05  1.49807e+00  7.30111e-05  9.98720e-01  9.99491e-01
 4.87000e+01  9.99228e-01  6.77558e-05  1.49807e+00  6.78081e-05  9.98719e-01  9.99491e-01
 4.88000e+01  9.99228e-01  6.25541e-05  1.49807e+00  6.26024e-05  9.98719e-01  9.99490e-01
 4.89000e+01  9.99228e-01  5.73500e-05  1.49807e+00  5.73943e-05  9.98718e-01  9.99490e-01
 4.90000e+01  9.99227e-01  5.21435e-05  1.49807e+00  5.21839e-05  9.98718e-01  9.99490e-01
 4.91000e+01  9.99227e-01  4.69351e-05  1.49807e+00  4.69714e-05  9.98717e-01  9.99490e-01
 4.92000e+01  9.99227e-01  4.17247e-05  1.49807e+00  4.17570e-05  9.98717e-01  9.99490e-01
 4.93000e+01  9.99226e-01  3.65128e-05  1.49807e+00  3.65410e-05  9.98716e-01  9.99489e-01
 4.94000e+01  9.99226e-01  3.12993e-05  1.49807e+00  3.13236e-05  9.98716e-01  9.99489e-01
 4.95000e+01  9.99226e-01  2.60847e-05  1.49807e+00  2.61049e-05  9.98716e-01  9.99489e-01
 4.96000e+01  9.99226e-01  2.08690e-05  1.49807e+00  2.08851e-05  9.98715e-01  9.99489e-01
 4.97000e+01  9.99226e-01  1.56525e-05  1.49806e+00  1.56646e-05  9.98715e-01  9.99489e-01
 4.98000e+01  9.99226e-01  1.04353e-05  1.49806e+00  1.04434e-05  9.98715e-01  9.99489e-01
 4.99000e+01  9.99226e-01  5.21776e-06  1.49806e+00  5.22180e-06  9.98715e-01  9.99489e-01
 5.00000e+01  9.99226e-01 -0.00000e+00  1.49806e+00 -0.00000e+00  9.98715e-01  9.99489e-01
 5.01000e+01  9.99226e-01 -5.21776e-06  1.49806e+00 -5.22180e-06  9.98715e-01  9.99489e-01
 5.02000e+01  9.99226e-01 -1.04353e-05  1.49806e+00 -1.04434e-05  9.98715e-01  9.99489e-01
 5.03000e+01  9.99226e-01 -1.56525e-05  1.49806e+00 -1.56646e-05  9.98715e-01  9.99489e-01
 5.04000e+01  9.99226e-01 -2.08690e-05  1.49807e+00 -2.08851e-05  9.98715e-01  9.99489e-01
 5.05000e+01  9.99226e-01 -2.60847e-05  1.49807e+00 -2.61049e-05  9.98716e-01  9.99489e-01
 5.06000e+01  9.99226e-01 -3.12993e-05  1.49807e+00 -3.13236e-05  9.98716e-01  9.99489e-01
 5.07000e+01  9.99226e-01 -3.65128e-05  1.49807e+00 -3.65410e-05  9.98716e-01  9.99489e-01
 5.08000e+01  9.99227e-01 -4.17247e-05  1.49807e+00 -4.17570e-05  9.98717e-01  9.99490e-01
 5.09000e+01  9.99227e-01 -4.69351e-05  1.49807e+00 -4.69714e-05  9.98717e-01  9.99490e-01
 5.10000e+01  9.99227e-01 -5.21435e-05  1.49807e+00 -5.21839e-05  9.98718e-01  9.99490e-01
 5.11000e+01  9.99228e-01 -5.73500e-05  1.49807e+00 -5.73943e-05  9.98718e-01  9.99490e-01
 5.12000e+01  9.99228e-01 -6.25541e-05  1.49807e+00 -6.26024e-05  9.98719e-01  9.99490e-01
 5.13000e+01  9.99228e-01 -6.77558e-05  1.49807e+00 -6.78081e-05  9.98719e-01  9.99491e-01
 5.14000e+01  9.99229e-01 -7.29547e-05  1.49807e+00 -7.30111e-05  9.98720e-01  9.99491e-01
 5.15000e+01  9.99229e-01 -7.81508e-05  1.49807e+00 -7.82111e-05  9.98721e-01  9.99491e-01
 5.16000e+01  9.99230e-01 -8.33438e-05  1.49807e+00 -8.34081e-05  9.98722e-01  9.99492e-01
 5.17000e+01  9.99230e-01 -8.85336e-05  1.49808e+00 -8.86018e-05  9.98722e-01  9.99492e-01
 5.18000e+01  9.99231e-01 -9.37198e-05  1.49808e+00 -9.37919e-05  9.98723e-01  9.99492e-01
 5.19000e+01  9.99231e-01 -9.89023e-05  1.49808e+00 -9.89783e-05  9.98724e-01  9.99493e-01
 5.20000e+01  9.99232e-01 -1.04081e-04  1.49808e+00 -1.04161e-04  9.98725e-01  9.99493e-01
 5.21000e+01  9.99233e-01 -1.09255e-04  1.49808e+00 -1.09339e-04  9.98726e-01  9.99493e-01
 5.22000e+01  9.99233e-01 -1.14425e-04  1.49808e+00 -1.14513e-04  9.98727e-01  9.99494e-01
 5.23000e+01  9.99234e-01 -1.19591e-04  1.49809e+00 -1.19683e-04  9.98729e-01  9.99494e-01
 5.24000e+01  9.99235e-01 -1.24752e-04  1.49809e+00 -1.24848e-04  9.98730e-01  9.99495e-01
 5.25000e+01  9.99235e-01 -1.29908e-04  1.49809e+00 -1.30007e-04  9.98731e-01  9.99495e-01
 5.26000e+01  9.99236e-01 -1.35059e-04  1.49809e+00 -1.35162e-04  9.98732e-01  9.99496e-01
 5.27000e+01  9.99237e-01 -1.40204e-04  1.49809e+00 -1.40311e-04  9.98734e-01  9.99496e-01
 5.28000e+01  9.99238e-01 -1.45344e-04  1.49810e+00 -1.45455e-04  9.98735e-01  9.99497e-01
 5.29000e+01  9.99239e-01 -1.50478e-04  1.49810e+00 -1.50593e-04  9.98737e-01  9.99498e-01
 5.30000e+01  9.99240e-01 -1.55606e-04  1.49810e+00 -1.55725e-04  9.98738e-01  9.99498e-01
 5.31000e+01  9.99241e-01 -1.60729e-04  1.49810e+00 -1.60851e-04  9.98740e-01  9.99499e-01
 5.32000e+01  9.99242e-01 -1.65844e-04  1.49810e+00 -1.65970e-04  9.98741e-01  9.99499e-01
 5.33000e+01  9.99243e-01 -1.70953e-04  1.49811e+00 -1.71083e-04  9.98743e-01  9.99500e-01
 5.34000e+01  9.99244e-01 -1.76056e-04  1.49811e+00 -1.76189e-04  9.98745e-01  9.99501e-01
 5.35000e+01  9.99245e-01 -1.81151e-04  1.49811e+00 -1.81288e-04  9.98747e-01  9.99501e-01
 5.36000e+01  9.99246e-01 -1.86239e-04  1.49812e+00 -1.86380e-04  9.98748e-01  9.99502e-01
 5.37000e+01  9.99247e-01 -1.91320e-04  1.49812e+00 -1.91464e-04  9.98750e-01  9.99503e-01
 5.38000e+01  9.99248e-01 -1.96394e-04  1.49812e+00 -1.96541e-04  9.98752e-01  9.99504e-01
 5.39000e+01  9.99249e-01 -2.01459e-04  1.49812e+00 -2.01610e-04  9.98754e-01  9.99505e-01
 5.40000e+01  9.99251e-01 -2.06517e-04  1.49813e+00 -2.06672e-04  9.98756e-01  9.99505e-01
 5.41000e+01  9.99252e-01 -2.11566e-04  1.49813e+00 -2.11724e-04  9.98758e-01  9.99506e-01
 5.42000e+01  9.99253e-01 -2.16607e-04  1.49813e+00 -2.16769e-04  9.98760e-01  9.99507e-01
 5.43000e+01  9.99254e-01 -2.21640e-04  1.49814e+00 -2.21805e-04  9.98763e-01  9.99508e-01
 5.44000e+01  9.99256e-01 -2.26663e-04  1.49814e+00 -2.26832e-04  9.98765e-01  9.99509e-01
 5.45000e+01  9.99257e-01 -2.31678e-04  1.49814e+00 -2.31850e-04  9.98767e-01  9.99510e-01
 5.46000e+01  9.99259e-01 -2.36683e-04  1.49815e+00 -2.36859e-04  9.98769e-01  9.99511e-01
 5.47000e+01  9.99260e-01 -2.41680e-04  1.49815e+00 -2.41859e-04  9.98772e-01  9.99512e-01
 5.48000e+01  9.99261e-01 -2.46666e-04  1.49815e+00 -2.46849e-04  9.98774e-01  9.99512e-01
 5.49000e+01  9.99263e-01 -2.51643e-04  1.49816e+00 -2.51829e-04  9.98777e-01  9.99513e-01
 5.50000e+01  9.99264e-01 -2.56610e-04  1.49816e+00 -2.56799e-04  9.98779e-01  9.99514e-01
 5.51000e+01  9.99266e-01 -2.61567e-04  1.49817e+00 -2.61759e-04  9.98782e-01  9.99516e-01
 5.52000e+01  9.99268e-01 -2.66513e-04  1.49817e+00 -2.66709e-04  9.98784e-01  9.99517e-01
 5.53000e+01  9.99269e-01 -2.71449e-04  1.49817e+00 -2.71648e-04  9.98787e-01  9.99518e-01
 5.54000e+01  9.99271e-01 -2.76374e-04  1.49818e+00 -2.76576e-04  9.98790e-01  9.99519e-01
 5.55000e+01  9.99272e-01 -2.81288e-04  1.49818e+00 -2.81493e-04  9.98793e-01  9.99520e-01
 5.56000e+01  9.99274e-01 -2.86191e-04  1.49819e+00 -2.86399e-04  9.98795e-01  9.99521e-01
 5.57000e+01  9.99276e-01 -2.91083e-04  1.49819e+00 -2.91294e-04  9.98798e-01  9.99522e-01
 5.58000e+01  9.99278e-01 -2.95963e-04  1.49819e+00 -2.96177e-04  9.98801e-01  9.99523e-01
 5.59000e+01  9.99279e-01 -3.00832e-04  1.49820e+00 -3.01049e-04  9.98804e-01  9.99524e-01
 5.60000e+01  9.99281e-01 -3.05689e-04  1.49820e+00 -3.05908e-04  9.98807e-01  9.99526e-01
 5.61000e+01  9.99283e-01 -3.10533e-04  1.49821e+00 -3.10756e-04  9.98810e-01  9.99527e-01
 5.62000e+01  9.99285e-01 -3.15365e-04  1.49821e+00 -3.15591e-04  9.98813e-01  9.99528e-01
 5.63000e+01  9.99287e-01 -3.20185e-04  1.49822e+00 -3.20414e-04  9.98817e-01  9.99529e-01
 5.64000e+01  9.99289e-01 -3.24992e-04  1.49822e+00 -3.25223e-04  9.98820e-01  9.99531e-01
 5.65000e+01  9.99291e-01 -3.29786e-04  1.49823e+00 -3.30020e-04  9.98823e-01  9.99532e-01
 5.66000e+01  9.99293e-01 -3.34568e-04  1.49823e+00 -3.34804e-04  9.98826e-01  9.99533e-01
 5.67000e+01  9.99295e-01 -3.39336e-04  1.49824e+00 -3.39575e-04  9.98830e-01  9.99535e-01
 5.68000e+01  9.99297e-01 -3.44090e-04  1.49824e+00 -3.44332e-04  9.98833e-01  9.99536e-01
 5.69000e+01  9.99299e-01 -3.48831e-04  1.49825e+00 -3.49076e-04  9.98836e-01  9.99537e-01
 5.70000e+01  9.99301e-01 -3.53558e-04  1.49825e+00 -3.53805e-04  9.98840e-01  9.99539e-01
 5.71000e+01  9.99303e-01 -3.58271e-04  1.49826e+00 -3.58521e-04  9.98843e-01  9.99540e-01
 5.72000e+01  9.99305e-01 -3.62970e-04  1.49826e+00 -3.63223e-04  9.98847e-01  9.99541e-01
 5.73000e+01  9.99307e-01 -3.67655e-04  1.49827e+00 -3.67910e-04  9.98851e-01  9.99543e-01
 5.74000e+01  9.99310e-01 -3.72325e-04  1.49827e+00 -3.72582e-04  9.98854e-01  9.99544e-01
 5.75000e+01  9.99312e-01 -3.76980e-04  1.49828e+00 -3.77240e-04  9.98858e-01  9.99546e-01
 5.76000e+01  9.99314e-01 -3.81621e-04  1.49829e+00 -3.81882e-04  9.98862e-01  9.99547e-01
 5.77000e+01  9.99316e-01 -3.86246e-04  1.49829e+00 -3.86510e-04  9.98866e-01  9.99549e-01
 5.78000e+01  9.99319e-01 -3.90856e-04  1.49830e+00 -3.91122e-04  9.98869e-01  9.99550e-01
 5.79000e+01  9.99321e-01 -3.95450e-04  1.49830e+00 -3.95719e-04  9.98873e-01  9.99552e-01
 5.80000e+01  9.99324e-01 -4.00029e-04  1.49831e+00 -4.00300e-04  9.98877e-01  9.99553e-01
 5.81000e+01  9.99326e-01 -4.04593e-04  1.49832e+00 -4.04865e-04  9.98881e-01  9.99555e-01
 5.82000e+01  9.99328e-01 -4.09140e-04  1.49832e+00 -4.09415e-04  9.98885e-01  9.99557e-01
 5.83000e+01  9.99331e-01 -4.13671e-04  1.49833e+00 -4.13948e-04  9.98889e-01  9.99558e-01
 5.84000e+01  9.99333e-01 -4.18185e-04  1.49833e+00 -4.18464e-04  9.98894e-01  9.99560e-01
 5.85000e+01  9.99336e-01 -4.22683e-04  1.49834e+00 -4.22964e-04  9.98898e-01  9.99562e-01
 5.86000e+01  9.99338e-01 -4.27164e-04  1.49835e+00 -4.27447e-04  9.98902e-01  9.99563e-01
 5.87000e+01  9.99341e-01 -4.31629e-04  1.49835e+00 -4.31913e-04  9.98906e-01  9.99565e-01
 5.88000e+01  9.99344e-01 -4.36076e-04  1.49836e+00 -4.36363e-04  9.98910e-01  9.99567e-01
 5.89000e+01  9.99346e-01 -4.40506e-04  1.49837e+00 -4.40794e-04  9.98915e-01  9.99568e-01
 5.90000e+01  9.99349e-01 -4.44919e-04  1.49837e+00 -4.45209e-04  9.98919e-01  9.99570e-01
 5.91000e+01  9.99351e-01 -4.49314e-04  1.49838e+00 -4.49605e-04  9.98924e-01  9.99572e-01
 5.92000e+01  9.99354e-01 -4.53691e-04  1.49839e+00 -4.53984e-04  9.98928e-01  9.99574e-01
 5.93000e+01  9.99357e-01 -4.58050e-04  1.49839e+00 -4.58345e-04  9.98933e-01  9.99575e-01
 5.94000e+01  9.99360e-01 -4.62392e-04  1.49840e+00 -4.62688e-04  9.98937e-01  9.99577e-01
 5.95000e+01  9.99362e-01 -4.66714e-04  1.49841e+00 -4.67012e-04  9.98942e-01  9.99579e-01
 5.96000e+01  9.99365e-01 -4.71019e-04  1.49841e+00 -4.71318e-04  9.98946e-01  9.99581e-01
 5.97000e+01  9.99368e-01 -4.75305e-04  1.49842e+00 -4.75605e-04  9.98951e-01  9.99583e-01
 5.98000e+01  9.99371e-01 -4.79572e-04  1.49843e+00 -4.79874e-04  9.98956e-01  9.99585e-01
 5.99000e+01  9.99374e-01 -4.83820e-04  1.49843e+00 -4.84123e-04  9.98961e-01  9.99587e-01
 6.00000e+01  9.99377e-01 -4.88049e-04  1.49844e+00 -4.88353e-04  9.98965e-01  9.99589e-01
 6.01000e+01  9.99380e-01 -4.92258e-04  1.49845e+00 -4.92564e-04  9.98970e-01  9.99590e-01
 6.02000e+01  9.99383e-01 -4.96448e-04  1.49846e+00 -4.96755e-04  9.98975e-01  9.99592e-01
 6.03000e+01  9.99385e-01 -5.00619e-04  1.49846e+00 -5.00927e-04  9.98980e-01  9.99594e-01
 6.04000e+01  9.99388e-01 -5.04770e-04  1.49847e+00 -5.05078e-04  9.98985e-01  9.99596e-01
 6.05000e+01  9.99392e-01 -5.08900e-04  1.49848e+00 -5.09210e-04  9.98990e-01  9.99598e-01
 6.06000e+01  9.99395e-01 -5.13011e-04  1.49849e+00 -5.13322e-04  9.98995e-01  9.99600e-01
 6.07000e+01  9.99398e-01 -5.17101e-04  1.49849e+00 -5.17413e-04  9.99000e-01  9.99602e-01
 6.08000e+01  9.99401e-01 -5.21171e-04  1.49850e+00 -5.21484e-04  9.99005e-01  9.99604e-01
 6.09000e+01  9.99404e-01 -5.25220e-04  1.49851e+00 -5.25534e-04  9.99011e-01  9.99606e-01
 6.10000e+01  9.99407e-01 -5.29249e-04  1.49852e+00 -5.29563e-04  9.99016e-01  9.99609e-01
 6.11000e+01  9.99410e-01 -5.33256e-04  1.49853e+00 -5.33571e-04  9.99021e-01  9.99611e-01
 6.12000e+01  9.99413e-01 -5.37243e-04  1.49853e+00 -5.37558e-04  9.99026e-01  9.99613e-01
 6.13000e+01  9.99417e-01 -5.41208e-04  1.49854e+00 -5.41524e-04  9.99032e-01  9.99615e-01
 6.14000e+01  9.99420e-01 -5.45152e-04  1.49855e+00 -5.45468e-04  9.99037e-01  9.99617e-01
 6.15000e+01  9.99423e-01 -5.49074e-04  1.49856e+00 -5.49391e-04  9.99042e-01  9.99619e-01
 6.16000e+01  9.99426e-01 -5.52974e-04  1.49857e+00 -5.53292e-04  9.99048e-01  9.99621e-01
 6.17000e+01  9.99430e-01 -5.56853e-04  1.49857e+00 -5.57171e-04  9.99053e-01  9.99623e-01
 6.18000e+01  9.99433e-01 -5.60710e-04  1.49858e+00 -5.61028e-04  9.99059e-01  9.99626e-01
 6.19000e+01  9.99436e-01 -5.64544e-04  1.49859e+00 -5.64863e-04  9.99064e-01  9.99628e-01
 6.20000e+01  9.99440e-01 -5.68356e-04  1.49860e+00 -5.68675e-04  9.99070e-01  9.99630e-01
 6.21000e+01  9.99443e-01 -5.72146e-04  1.49861e+00 -5.72465e-04  9.99076e-01  9.99632e-01
 6.22000e+01  9.99446e-01 -5.75913e-04  1.49862e+00 -5.76232e-04  9.99081e-01  9.99635e-01
 6.23000e+01  9.99450e-01 -5.79657e-04  1.49862e+00 -5.79976e-04  9.99087e-01  9.99637e-01
 6.24000e+01  9.99453e-01 -5.83378e-04  1.49863e+00 -5.83698e-04  9.99093e-01  9.99639e-01
 6.25000e+01  9.99457e-01 -5.87077e-04  1.49864e+00 -5.87396e-04  9.99098e-01  9.99641e-01
 6.26000e+01  9.99460e-01 -5.90752e-04  1.49865e+00 -5.91071e-04  9.99104e-01  9.99644e-01
 6.27000e+01  9.99464e-01 -5.94403e-04  1.49866e+00 -5.94722e-04  9.99110e-01  9.99646e-01
 6.28000e+01  9.99467e-01 -5.98031e-04  1.49867e+00 -5.98350e-04  9.99116e-01  9.99648e-01
 6.29000e+01  9.99471e-01 -6.01636e-04  1.49868e+00 -6.01954e-04  9.99122e-01  9.99651e-01
 6.30000e+01  9.99475e-01 -6.05217e-04  1.49869e+00 -6.05535e-04  9.99128e-01  9.99653e-01
 6.31000e+01  9.99478e-01 -6.08773e-04  1.49870e+00 -6.09091e-04  9.99134e-01  9.99655e-01
 6.32000e+01  9.99482e-01 -6.12306e-04  1.49870e+00 -6.12624e-04  9.99140e-01  9.99658e-01
 6.33000e+01  9.99485e-01 -6.15815e-04  1.49871e+00 -6.16132e-04  9.99146e-01  9.99660e-01
 6.34000e+01  9.99489e-01 -6.19299e-04  1.49872e+00 -6.19615e-04  9.99152e-01  9.99663e-01
 6.35000e+01  9.99493e-01 -6.22758e-04  1.49873e+00 -6.23074e-04  9.99158e-01  9.99665e-01
 6.36000e+01  9.99497e-01 -6.26193e-04  1.49874e+00 -6.26509e-04  9.99164e-01  9.99668e-01
 6.37000e+01  9.99500e-01 -6.29604e-04  1.49875e+00 -6.29918e-04  9.99170e-01  9.99670e-01
 6.38000e+01  9.99504e-01 -6.32989e-04  1.49876e+00 -6.33303e-04  9.99177e-01  9.99673e-01
 6.39000e+01  9.99508e-01 -6.36349e-04  1.49877e+00 -6.36663e-04  9.99183e-01  9.99675e-01
 6.40000e+01  9.99512e-01 -6.39684e-04  1.49878e+00 -6.39997e-04  9.99189e-01  9.99678e-01
 6.41000e+01  9.99515e-01 -6.42994e-04  1.49879e+00 -6.43306e-04  9.99196e-01  9.99680e-01
 6.42000e+01  9.99519e-01 -6.46279e-04  1.49880e+00 -6.46590e-04  9.99202e-01  9.99683e-01
 6.43000e+01  9.99523e-01 -6.49538e-04  1.49881e+00 -6.49847e-04  9.99208e-01  9.99685e-01
 6.44000e+01  9.99527e-01 -6.52771e-04  1.49882e+00 -6.53080e-04  9.99215e-01  9.99688e-01
 6.45000e+01  9.99531e-01 -6.55978e-04  1.49883e+00 -6.56286e-04  9.99221e-01  9.99690e-01
 6.46000e+01  9.99535e-01 -6.59160e-04  1.49884e+00 -6.59466e-04  9.99228e-01  9.99693e-01
 6.47000e+01  9.99539e-01 -6.62315e-04  1.49885e+00 -6.62621e-04  9.99234e-01  9.99695e-01
 6.48000e+01  9.99542e-01 -6.65444e-04  1.49886e+00 -6.65749e-04  9.99241e-01  9.99698e-01
 6.49000e+01  9.99546e-01 -6.68547e-04  1.49887e+00 -6.68850e-04  9.99247e-01  9.99701e-01
 6.50000e+01  9.99550e-01 -6.71623e-04  1.49888e+00 -6.71925e-04  9.99254e-01  9.99703e-01
 6.51000e+01  9.99554e-01 -6.74673e-04  1.49889e+00 -6.74974e-04  9.99260e-01  9.99706e-01
 6.52000e+01  9.99558e-01 -6.77696e-04  1.49890e+00 -6.77996e-04  9.99267e-01  9.99708e-01
 6.53000e+01  9.99562e-01 -6.80693e-04  1.49891e+00 -6.80991e-04  9.99274e-01  9.99711e-01
 6.54000e+01  9.99566e-01 -6.83662e-04  1.49892e+00 -6.83959e-04  9.99280e-01  9.99714e-01
 6.55000e+01  9.99571e-01 -6.86605e-04  1.49893e+00 -6.86900e-04  9.99287e-01  9.99716e-01
 6.56000e+01  9.99575e-01 -6.89520e-04  1.49894e+00 -6.89814e-04  9.99294e-01  9.99719e-01
 6.57000e+01  9.99579e-01 -6.92408e-04  1.49895e+00 -6.92700e-04  9.99301e-01  9.99722e-01
 6.58000e+01  9.99583e-01 -6.95269e-04  1.49896e+00 -6.95559e-04  9.99307e-01  9.99725e-01
 6.59000e+01  9.99587e-01 -6.98102e-04  1.49897e+00 -6.98391e-04  9.99314e-01  9.99727e-01
 6.60000e+01  9.99591e-01 -7.00908e-04  1.49898e+00 -7.01194e-04  9.99321e-01  9.99730e-01
 6.61000e+01  9.99595e-01 -7.03686e-04  1.49899e+00 -7.03971e-04  9.99328e-01  9.99733e-01
 6.62000e+01  9.99599e-01 -7.06436e-04  1.49900e+00 -7.06719e-04  9.99335e-01  9.99735e-01
 6.63000e+01  9.99604e-01 -7.09158e-04  1.49901e+00 -7.09439e-04  9.99342e-01  9.99738e-01
 6.64000e+01  9.99608e-01 -7.11852e-04  1.49902e+00 -7.12131e-04  9.99349e-01  9.99741e-01
 6.65000e+01  9.99612e-01 -7.14518e-04  1.49903e+00 -7.14795e-04  9.99356e-01  9.99744e-01
 6.66000e+01  9.99616e-01 -7.17155e-04  1.49904e+00 -7.17431e-04  9.99363e-01  9.99747e-01
 6.67000e+01  9.99620e-01 -7.19765e-04  1.49905e+00 -7.20038e-04  9.99370e-01  9.99749e-01
 6.68000e+01  9.99625e-01 -7.22346e-04  1.49906e+00 -7.22617e-04  9.99377e-01  9.99752e-01
 6.69000e+01  9.99629e-01 -7.24898e-04  1.49907e+00 -7.25167e-04  9.99384e-01  9.99755e-01
 6.70000e+01  9.99633e-01 -7.27422e-04  1.49908e+00 -7.27689e-04  9.99391e-01  9.99758e-01
 6.71000e+01  9.99638e-01 -7.29917e-04  1.49909e+00 -7.30181e-04  9.99398e-01  9.99761e-01
 6.72000e+01  9.99642e-01 -7.32383e-04  1.49910e+00 -7.32645e-04  9.99405e-01  9.99764e-01
 6.73000e+01  9.99646e-01 -7.34820e-04  1.49912e+00 -7.35080e-04  9.99413e-01  9.99766e-01
 6.74000e+01  9.99651e-01 -7.37228e-04  1.49913e+00 -7.37486e-04  9.99420e-01  9.99769e-01
 6.75000e+01  9.99655e-01 -7.39607e-04  1.49914e+00 -7.39862e-04  9.99427e-01  9.99772e-01
 6.76000e+01  9.99659e-01 -7.41957e-04  1.49915e+00 -7.42209e-04  9.99434e-01  9.99775e-01
 6.77000e+01  9.99664e-01 -7.44277e-04  1.49916e+00 -7.44527e-04  9.99442e-01  9.99778e-01
 6.78000e+01  9.99668e-01 -7.46568e-04  1.49917e+00 -7.46816e-04  9.99449e-01  9.99781e-01
 6.79000e+01  9.99672e-01 -7.48829e-04  1.49918e+00 -7.49075e-04  9.99456e-01  9.99784e-01
 6.80000e+01  9.99677e-01 -7.51061e-04  1.49919e+00 -7.51304e-04  9.99464e-01  9.99787e-01
 6.81000e+01  9.99681e-01 -7.53263e-04  1.49920e+00 -7.53503e-04  9.99471e-01  9.99790e-01
 6.82000e+01  9.99686e-01 -7.55436e-04  1.49921e+00 -7.55673e-04  9.99478e-01  9.99792e-01
 6.83000e+01  9.99690e-01 -7.57578e-04  1.49923e+00 -7.57813e-04  9.99486e-01  9.99795e-01
 6.84000e+01  9.99695e-01 -7.59691e-04  1.49924e+00 -7.59923e-04  9.99493e-01  9.99798e-01
 6.85000e+01  9.99699e-01 -7.61773e-04  1.49925e+00 -7.62003e-04  9.99501e-01  9.99801e-01
 6.86000e+01  9.99704e-01 -7.63826e-04  1.49926e+00 -7.64052e-04  9.99508e-01  9.99804e-01
 6.87000e+01  9.99708e-01 -7.65848e-04  1.49927e+00 -7.66072e-04  9.99515e-01  9.99807e-01
 6.88000e+01  9.99713e-01 -7.67840e-04  1.49928e+00 -7.68061e-04  9.99523e-01  9.99810e-01
 6.89000e+01  9.99717e-01 -7.69802e-04  1.49929e+00 -7.70019e-04  9.99530e-01  9.99813e-01
 6.90000e+01  9.99722e-01 -7.71733e-04  1.49930e+00 -7.71948e-04  9.99538e-01  9.99816e-01
 6.91000e+01  9.99726e-01 -7.73634e-04  1.49932e+00 -7.73845e-04  9.99546e-01  9.99819e-01
 6.92000e+01  9.99731e-01 -7.75504e-04  1.49933e+00 -7.75712e-04  9.99553e-01  9.99822e-01
 6.93000e+01  9.99735e-01 -7.77343e-04  1.49934e+00 -7.77549e-04  9.99561e-01  9.99825e-01
 6.94000e+01  9.99740e-01 -7.79152e-04  1.49935e+00 -7.79355e-04  9.99568e-01  9.99828e-01
 6.95000e+01  9.99745e-01 -7.80930e-04  1.49936e+00 -7.81129e-04  9.99576e-01  9.99831e-01
 6.96000e+01  9.99749e-01 -7.82677e-04  1.49937e+00 -7.82873e-04  9.99583e-01  9.99834e-01
 6.97000e+01  9.99754e-01 -7.84393e-04  1.49938e+00 -7.84586e-04  9.99591e-01  9.99837e-01
 6.98000e+01  9.99758e-01 -7.86078e-04  1.49940e+00 -7.86268e-04  9.99599e-01  9.99840e-01
 6.99000e+01  9.99763e-01 -7.87732e-04  1.49941e+00 -7.87919e-04  9.99606e-01  9.99843e-01
 7.00000e+01  9.99768e-01 -7.89355e-04  1.49942e+00 -7.89539e-04  9.99614e-01  9.99846e-01
 7.01000e+01  9.99772e-01 -7.90947e-04  1.49943e+00 -7.91127e-04  9.99622e-01  9.99850e-01
 7.02000e+01  9.99777e-01 -7.92508e-04  1.49944e+00 -7.92685e-04  9.99630e-01  9.99853e-01
 7.03000e+01  9.99782e-01 -7.94037e-04  1.49945e+00 -7.94211e-04  9.99637e-01  9.99856e-01
 7.04000e+01  9.99786e-01 -7.95535e-04  1.49947e+00 -7.95705e-04  9.99645e-01  9.99859e-01
 7.05000e+01  9.99791e-01 -7.97001e-04  1.49948e+00 -7.97168e-04  9.99653e-01  9.99862e-01
 7.06000e+01  9.99796e-01 -7.98436e-04  1.49949e+00 -7.98599e-04  9.99661e-01  9.99865e-01
 7.07000e+01  9.99800e-01 -7.99840e-04  1.49950e+00 -7.99999e-04  9.99668e-01  9.99868e-01
 7.08000e+01  9.99805e-01 -8.01211e-04  1.49951e+00 -8.01368e-04  9.99676e-01  9.99871e-01
 7.09000e+01  9.99810e-01 -8.02551e-04  1.49952e+00 -8.02704e-04  9.99684e-01  9.99874e-01
 7.10000e+01  9.99814e-01 -8.03860e-04  1.49954e+00 -8.04009e-04  9.99692e-01  9.99877e-01
 7.11000e+01  9.99819e-01 -8.05136e-04  1.49955e+00 -8.05282e-04  9.99700e-01  9.99880e-01
 7.12000e+01  9.99824e-01 -8.06381e-04  1.49956e+00 -8.06523e-04  9.99707e-01  9.99884e-01
 7.13000e+01  9.99829e-01 -8.07594e-04  1.49957e+00 -8.07733e-04  9.99715e-01  9.99887e-01
 7.14000e+01  9.99833e-01 -8.08775e-04  1.49958e+00 -8.08910e-04  9.99723e-01  9.99890e-01
 7.15000e+01  9.99838e-01 -8.09924e-04  1.49960e+00 -8.10056e-04  9.99731e-01  9.99893e-01
 7.16000e+01  9.99843e-01 -8.11042e-04  1.49961e+00 -8.11169e-04  9.99739e-01  9.99896e-01
 7.17000e+01  9.99847e-01 -8.12127e-04  1.49962e+00 -8.12251e-04  9.99747e-01  9.99899e-01
 7.18000e+01  9.99852e-01 -8.13180e-04  1.49963e+00 -8.13300e-04  9.99755e-01  9.99902e-01
 7.19000e+01  9.99857e-01 -8.14200e-04  1.49964e+00 -8.14317e-04  9.99763e-01  9.99905e-01
 7.20000e+01  9.99862e-01 -8.15189e-04  1.49965e+00 -8.15302e-04  9.99770e-01  9.99909e-01
 7.21000e+01  9.99867e-01 -8.16146e-04  1.49967e+00 -8.16255e-04  9.99778e-01  9.99912e-01
 7.22000e+01  9.99871e-01 -8.17070e-04  1.49968e+00 -8.17175e-04  9.99786e-01  9.99915e-01
 7.23000e+01  9.99876e-01 -8.17962e-04  1.49969e+00 -8.18063e-04  9.99794e-01  9.99918e-01
 7.24000e+01  9.99881e-01 -8.18822e-04  1.49970e+00 -8.18919e-04  9.99802e-01  9.99921e-01
 7.25000e+01  9.99886e-01 -8.19649e-04  1.49971e+00 -8.19743e-04  9.99810e-01  9.99924e-01
 7.26000e+01  9.99890e-01 -8.20444e-04  1.49973e+00 -8.20534e-04  9.99818e-01  9.99928e-01
 7.27000e+01  9.99895e-01 -8.21206e-04  1.49974e+00 -8.21292e-04  9.99826e-01  9.99931e-01
 7.28000e+01  9.99900e-01 -8.21936e-04  1.49975e+00 -8.22018e-04  9.99834e-01  9.99934e-01
 7.29000e+01  9.99905e-01 -8.22634e-04  1.49976e+00 -8.22712e-04  9.99842e-01  9.99937e-01
 7.30000e+01  9.99910e-01 -8.23299e-04  1.49977e+00 -8.23373e-04  9.99850e-01  9.99940e-01
 7.31000e+01  9.99914e-01 -8.23932e-04  1.49979e+00 -8.24002e-04  9.99858e-01  9.99943e-01
 7.32000e+01  9.99919e-01 -8.24532e-04  1.49980e+00 -8.24598e-04  9.99866e-01  9.99947e-01
 7.33000e+01  9.99924e-01 -8.25099e-04  1.49981e+00 -8.25162e-04  9.99874e-01  9.99950e-01
 7.34000e+01  9.99929e-01 -8.25634e-04  1.49982e+00 -8.25693e-04  9.99882e-01  9.99953e-01
 7.35000e+01  9.99934e-01 -8.26136e-04  1.49983e+00 -8.26191e-04  9.99890e-01  9.99956e-01
 7.36000e+01  9.99939e-01 -8.26606e-04  1.49985e+00 -8.26657e-04  9.99898e-01  9.99959e-01
 7.37000e+01  9.99943e-01 -8.27043e-04  1.49986e+00 -8.27090e-04  9.99906e-01  9.99962e-01
 7.38000e+01  9.99948e-01 -8.27447e-04  1.49987e+00 -8.27490e-04  9.99914e-01  9.99966e-01
 7.39000e+01  9.99953e-01 -8.27819e-04  1.49988e+00 -8.27858e-04  9.99922e-01  9.99969e-01
 7.40000e+01  9.99958e-01 -8.28158e-04  1.49989e+00 -8.28193e-04  9.99930e-01  9.99972e-01
 7.41000e+01  9.99963e-01 -8.28464e-04  1.49991e+00 -8.28495e-04  9.99938e-01  9.99975e-01
 7.42000e+01  9.99968e-01 -8.28738e-04  1.49992e+00 -8.28765e-04  9.99946e-01  9.99978e-01
 7.43000e+01  9.99972e-01 -8.28979e-04  1.49993e+00 -8.29002e-04  9.99954e-01  9.99982e-01
 7.44000e+01  9.99977e-01 -8.29187e-04  1.49994e+00 -8.29206e-04  9.99962e-01  9.99985e-01
 7.45000e+01  9.99982e-01 -8.29362e-04  1.49995e+00 -8.29377e-04  9.99970e-01  9.99988e-01
 7.46000e+01  9.99987e-01 -8.29505e-04  1.49997e+00 -8.29516e-04  9.99978e-01  9.99991e-01
 7.47000e+01  9.99992e-01 -8.29615e-04  1.49998e+00 -8.29622e-04  9.99986e-01  9.99994e-01
 7.48000e+01  9.99996e-01 -8.29692e-04  1.49999e+00 -8.29695e-04  9.99994e-01  9.99998e-01
 7.49000e+01  1.00000e+00 -8.29736e-04  1.50000e+00 -8.29735e-04  1.00000e+00  1.00000e+00
 7.50000e+01  1.00001e+00 -8.29748e-04  1.50002e+00 -8.29743e-04  1.00001e+00  1.00000e+00
 7.51000e+01  1.00001e+00 -8.29727e-04  1.50003e+00 -8.29717e-04  1.00002e+00  1.00001e+00
 7.52000e+01  1.00002e+00 -8.29673e-04  1.50004e+00 -8.29659e-04  1.00003e+00  1.00001e+00
 7.53000e+01  1.00002e+00 -8.29586e-04  1.50005e+00 -8.29569e-04  1.00003e+00  1.00001e+00
 7.54000e+01  1.00003e+00 -8.29466e-04  1.50006e+00 -8.29445e-04  1.00004e+00  1.00002e+00
 7.55000e+01  1.00003e+00 -8.29314e-04  1.50008e+00 -8.29289e-04  1.00005e+00  1.00002e+00
 7.56000e+01  1.00004e+00 -8.29129e-04  1.50009e+00 -8.29100e-04  1.00006e+00  1.00002e+00
 7.57000e+01  1.00004e+00 -8.28911e-04  1.50010e+00 -8.28878e-04  1.00007e+00  1.00003e+00
 7.58000e+01  1.00004e+00 -8.28661e-04  1.50011e+00 -8.28624e-04  1.00007e+00  1.00003e+00
 7.59000e+01  1.00005e+00 -8.28378e-04  1.50012e+00 -8.28337e-04  1.00008e+00  1.00003e+00
 7.60000e+01  1.00005e+00 -8.28062e-04  1.50014e+00 -8.28017e-04  1.00009e+00  1.00004e+00
 7.61000e+01  1.00006e+00 -8.27714e-04  1.50015e+00 -8.27665e-04  1.00010e+00  1.00004e+00
 7.62000e+01  1.00006e+00 -8.27332e-04  1.50016e+00 -8.27279e-04  1.00011e+00  1.00004e+00
 7.63000e+01  1.00007e+00 -8.26918e-04  1.50017e+00 -8.26862e-04  1.00011e+00  1.00005e+00
 7.64000e+01  1.00007e+00 -8.26472e-04  1.50018e+00 -8.26411e-04  1.00012e+00  1.00005e+00
 7.65000e+01  1.00008e+00 -8.25993e-04  1.50020e+00 -8.25928e-04  1.00013e+00  1.00005e+00
 7.66000e+01  1.00008e+00 -8.25481e-04  1.50021e+00 -8.25412e-04  1.00014e+00  1.00005e+00
 7.67000e+01  1.00009e+00 -8.24937e-04  1.50022e+00 -8.24864e-04  1.00015e+00  1.00006e+00
 7.68000e+01  1.00009e+00 -8.24360e-04  1.50023e+00 -8.24283e-04  1.00015e+00  1.00006e+00
 7.69000e+01  1.00010e+00 -8.23750e-04  1.50024e+00 -8.23670e-04  1.00016e+00  1.00006e+00
 7.70000e+01  1.00010e+00 -8.23108e-04  1.50026e+00 -8.23024e-04  1.00017e+00  1.00007e+00
 7.71000e+01  1.00011e+00 -8.22434e-04  1.50027e+00 -8.22346e-04  1.00018e+00  1.00007e+00
 7.72000e+01  1.00011e+00 -8.21727e-04  1.50028e+00 -8.21635e-04  1.00019e+00  1.00007e+00
 7.73000e+01  1.00012e+00 -8.20988e-04  1.50029e+00 -8.20892e-04  1.00019e+00  1.00008e+00
 7.74000e+01  1.00012e+00 -8.20216e-04  1.50030e+00 -8.20117e-04  1.00020e+00  1.00008e+00
 7.75000e+01  1.00013e+00 -8.19412e-04  1.50031e+00 -8.19309e-04  1.00021e+00  1.00008e+00
 7.76000e+01  1.00013e+00 -8.18575e-04  1.50033e+00 -8.18468e-04  1.00022e+00  1.00009e+00
 7.77000e+01  1.00014e+00 -8.17707e-04  1.50034e+00 -8.17596e-04  1.00022e+00  1.00009e+00
 7.78000e+01  1.00014e+00 -8.16806e-04  1.50035e+00 -8.16691e-04  1.00023e+00  1.00009e+00
 7.79000e+01  1.00014e+00 -8.15872e-04  1.50036e+00 -8.15754e-04  1.00024e+00  1.00010e+00
 7.80000e+01  1.00015e+00 -8.14907e-04  1.50037e+00 -8.14785e-04  1.00025e+00  1.00010e+00
 7.81000e+01  1.00015e+00 -8.13909e-04  1.50039e+00 -8.13784e-04  1.00026e+00  1.00010e+00
 7.82000e+01  1.00016e+00 -8.12879e-04  1.50040e+00 -8.12750e-04  1.00026e+00  1.00010e+00
 7.83000e+01  1.00016e+00 -8.11818e-04  1.50041e+00 -8.11685e-04  1.00027e+00  1.00011e+00
 7.84000e+01  1.00017e+00 -8.10724e-04  1.50042e+00 -8.10587e-04  1.00028e+00  1.00011e+00
 7.85000e+01  1.00017e+00 -8.09598e-04  1.50043e+00 -8.09458e-04  1.00029e+00  1.00011e+00
 7.86000e+01  1.00018e+00 -8.08440e-04  1.50044e+00 -8.08296e-04  1.00030e+00  1.00012e+00
 7.87000e+01  1.00018e+00 -8.07250e-04  1.50046e+00 -8.07103e-04  1.00030e+00  1.00012e+00
 7.88000e+01  1.00019e+00 -8.06029e-04  1.50047e+00 -8.05878e-04  1.00031e+00  1.00012e+00
 7.89000e+01  1.00019e+00 -8.04776e-04  1.50048e+00 -8.04621e-04  1.00032e+00  1.00013e+00
 7.90000e+01  1.00020e+00 -8.03490e-04  1.50049e+00 -8.03333e-04  1.00033e+00  1.00013e+00
 7.91000e+01  1.00020e+00 -8.02174e-04  1.50050e+00 -8.02012e-04  1.00033e+00  1.00013e+00
 7.92000e+01  1.00021e+00 -8.00825e-04  1.50051e+00 -8.00661e-04  1.00034e+00  1.00014e+00
 7.93000e+01  1.00021e+00 -7.99445e-04  1.50053e+00 -7.99277e-04  1.00035e+00  1.00014e+00
 7.94000e+01  1.00021e+00 -7.98033e-04  1.50054e+00 -7.97862e-04  1.00036e+00  1.00014e+00
 7.95000e+01  1.00022e+00 -7.96590e-04  1.50055e+00 -7.96416e-04  1.00036e+00  1.00014e+00
 7.96000e+01  1.00022e+00 -7.95116e-04  1.50056e+00 -7.94938e-04  1.00037e+00  1.00015e+00
 7.97000e+01  1.00023e+00 -7.93610e-04  1.50057e+00 -7.93429e-04  1.00038e+00  1.00015e+00
 7.98000e+01  1.00023e+00 -7.92073e-04  1.50058e+00 -7.91888e-04  1.00039e+00  1.00015e+00
 7.99000e+01  1.00024e+00 -7.90504e-04  1.50059e+00 -7.90316e-04  1.00039e+00  1.00016e+00
 8.00000e+01  1.00024e+00 -7.88905e-04  1.50061e+00 -7.88714e-04  1.00040e+00  1.00016e+00
 8.01000e+01  1.00025e+00 -7.87274e-04  1.50062e+00 -7.87080e-04  1.00041e+00  1.00016e+00
 8.02000e+01  1.00025e+00 -7.85612e-04  1.50063e+00 -7.85415e-04  1.00042e+00  1.00017e+00
 8.03000e+01  1.00026e+00 -7.83919e-04  1.50064e+00 -7.83719e-04  1.00042e+00  1.00017e+00
 8.04000e+01  1.00026e+00 -7.82196e-04  1.50065e+00 -7.81992e-04  1.00043e+00  1.00017e+00
 8.05000e+01  1.00026e+00 -7.80441e-04  1.50066e+00 -7.80234e-04  1.00044e+00  1.00017e+00
 8.06000e+01  1.00027e+00 -7.78656e-04  1.50067e+00 -7.78446e-04  1.00045e+00  1.00018e+00
 8.07000e+01  1.00027e+00 -7.76840e-04  1.50068e+00 -7.76627e-04  1.00045e+00  1.00018e+00
 8.08000e+01  1.00028e+00 -7.74993e-04  1.50070e+00 -7.74777e-04  1.00046e+00  1.00018e+00
 8.09000e+01  1.00028e+00 -7.73116e-04  1.50071e+00 -7.72897e-04  1.00047e+00  1.00019e+00
 8.10000e+01  1.00029e+00 -7.71208e-04  1.50072e+00 -7.70987e-04  1.00048e+00  1.00019e+00
 8.11000e+01  1.00029e+00 -7.69270e-04  1.50073e+00 -7.69045e-04  1.00048e+00  1.00019e+00
 8.12000e+01  1.00030e+00 -7.67301e-04  1.50074e+00 -7.67074e-04  1.00049e+00  1.00020e+00
 8.13000e+01  1.00030e+00 -7.65302e-04  1.50075e+00 -7.65073e-04  1.00050e+00  1.00020e+00
 8.14000e+01  1.00030e+00 -7.63273e-04  1.50076e+00 -7.63041e-04  1.00051e+00  1.00020e+00
 8.15000e+01  1.00031e+00 -7.61214e-04  1.50077e+00 -7.60979e-04  1.00051e+00  1.00020e+00
 8.16000e+01  1.00031e+00 -7.59125e-04  1.50078e+00 -7.58887e-04  1.00052e+00  1.00021e+00
 8.17000e+01  1.00032e+00 -7.57006e-04  1.50079e+00 -7.56766e-04  1.00053e+00  1.00021e+00
 8.18000e+01  1.00032e+00 -7.54857e-04  1.50081e+00 -7.54614e-04  1.00054e+00  1.00021e+00
 8.19000e+01  1.00033e+00 -7.52679e-04  1.50082e+00 -7.52433e-04  1.00054e+00  1.00022e+00
 8.20000e+01  1.00033e+00 -7.50470e-04  1.50083e+00 -7.50222e-04  1.00055e+00  1.00022e+00
 8.21000e+01  1.00034e+00 -7.48232e-04  1.50084e+00 -7.47982e-04  1.00056e+00  1.00022e+00
 8.22000e+01  1.00034e+00 -7.45965e-04  1.50085e+00 -7.45712e-04  1.00056e+00  1.00022e+00
 8.23000e+01  1.00034e+00 -7.43668e-04  1.50086e+00 -7.43413e-04  1.00057e+00  1.00023e+00
 8.24000e+01  1.00035e+00 -7.41342e-04  1.50087e+00 -7.41084e-04  1.00058e+00  1.00023e+00
 8.25000e+01  1.00035e+00 -7.38987e-04  1.50088e+00 -7.38726e-04  1.00058e+00  1.00023e+00
 8.26000e+01  1.00036e+00 -7.36602e-04  1.50089e+00 -7.36340e-04  1.00059e+00  1.00024e+00
 8.27000e+01  1.00036e+00 -7.34189e-04  1.50090e+00 -7.33924e-04  1.00060e+00  1.00024e+00
 8.28000e+01  1.00036e+00 -7.31746e-04  1.50091e+00 -7.31479e-04  1.00061e+00  1.00024e+00
 8.29000e+01  1.00037e+00 -7.29275e-04  1.50092e+00 -7.29005e-04  1.00061e+00  1.00024e+00
 8.30000e+01  1.00037e+00 -7.26774e-04  1.50093e+00 -7.26503e-04  1.00062e+00  1.00025e+00
 8.31000e+01  1.00038e+00 -7.24246e-04  1.50094e+00 -7.23972e-04  1.00063e+00  1.00025e+00
 8.32000e+01  1.00038e+00 -7.21688e-04  1.50095e+00 -7.21413e-04  1.00063e+00  1.00025e+00
 8.33000e+01  1.00039e+00 -7.19103e-04  1.50096e+00 -7.18825e-04  1.00064e+00  1.00025e+00
 8.34000e+01  1.00039e+00 -7.16488e-04  1.50097e+00 -7.16209e-04  1.00065e+00  1.00026e+00
 8.35000e+01  1.00039e+00 -7.13846e-04  1.50098e+00 -7.13565e-04  1.00065e+00  1.00026e+00
 8.36000e+01  1.00040e+00 -7.11175e-04  1.50100e+00 -7.10893e-04  1.00066e+00  1.00026e+00
 8.37000e+01  1.00040e+00 -7.08477e-04  1.50101e+00 -7.08192e-04  1.00067e+00  1.00027e+00
 8.38000e+01  1.00041e+00 -7.05750e-04  1.50102e+00 -7.05464e-04  1.00067e+00  1.00027e+00
 8.39000e+01  1.00041e+00 -7.02996e-04  1.50103e+00 -7.02708e-04  1.00068e+00  1.00027e+00
 8.40000e+01  1.00041e+00 -7.00214e-04  1.50104e+00 -6.99924e-04  1.00069e+00  1.00027e+00
 8.41000e+01  1.00042e+00 -6.97404e-04  1.50105e+00 -6.97113e-04  1.00069e+00  1.00028e+00
 8.42000e+01  1.00042e+00 -6.94567e-04  1.50106e+00 -6.94274e-04  1.00070e+00  1.00028e+00
 8.43000e+01  1.00043e+00 -6.91703e-04  1.50107e+00 -6.91408e-04  1.00071e+00  1.00028e+00
 8.44000e+01  1.00043e+00 -6.88811e-04  1.50108e+00 -6.88515e-04  1.00071e+00  1.00028e+00
 8.45000e+01  1.00043e+00 -6.85892e-04  1.50109e+00 -6.85595e-04  1.00072e+00  1.00029e+00
 8.46000e+01  1.00044e+00 -6.82946e-04  1.50109e+00 -6.82647e-04  1.00073e+00  1.00029e+00
 8.47000e+01  1.00044e+00 -6.79973e-04  1.50110e+00 -6.79673e-04  1.00073e+00  1.00029e+00
 8.48000e+01  1.00045e+00 -6.76974e-04  1.50111e+00 -6.76672e-04  1.00074e+00  1.00029e+00
 8.49000e+01  1.00045e+00 -6.73947e-04  1.50112e+00 -6.73644e-04  1.00075e+00  1.00030e+00
 8.50000e+01  1.00045e+00 -6.70894e-04  1.50113e+00 -6.70590e-04  1.00075e+00  1.00030e+00
 8.51000e+01  1.00046e+00 -6.67815e-04  1.50114e+00 -6.67510e-04  1.00076e+00  1.00030e+00
 8.52000e+01  1.00046e+00 -6.64709e-04  1.50115e+00 -6.64403e-04  1.00077e+00  1.00030e+00
 8.53000e+01  1.00046e+00 -6.61578e-04  1.50116e+00 -6.61270e-04  1.00077e+00  1.00031e+00
 8.54000e+01  1.00047e+00 -6.58420e-04  1.50117e+00 -6.58111e-04  1.00078e+00  1.00031e+00
 8.55000e+01  1.00047e+00 -6.55236e-04  1.50118e+00 -6.54926e-04  1.00078e+00  1.00031e+00
 8.56000e+01  1.00048e+00 -6.52026e-04  1.50119e+00 -6.51716e-04  1.00079e+00  1.00031e+00
 8.57000e+01  1.00048e+00 -6.48791e-04  1.50120e+00 -6.48480e-04  1.00080e+00  1.00032e+00
 8.58000e+01  1.00048e+00 -6.45530e-04  1.50121e+00 -6.45218e-04  1.00080e+00  1.00032e+00
 8.59000e+01  1.00049e+00 -6.42243e-04  1.50122e+00 -6.41931e-04  1.00081e+00  1.00032e+00
 8.60000e+01  1.00049e+00 -6.38932e-04  1.50123e+00 -6.38618e-04  1.00081e+00  1.00032e+00
 8.61000e+01  1.00049e+00 -6.35595e-04  1.50124e+00 -6.35281e-04  1.00082e+00  1.00033e+00
 8.62000e+01  1.00050e+00 -6.32233e-04  1.50125e+00 -6.31918e-04  1.00083e+00  1.00033e+00
 8.63000e+01  1.00050e+00 -6.28846e-04  1.50125e+00 -6.28531e-04  1.00083e+00  1.00033e+00
 8.64000e+01  1.00051e+00 -6.25434e-04  1.50126e+00 -6.25118e-04  1.00084e+00  1.00033e+00
 8.65000e+01  1.00051e+00 -6.21998e-04  1.50127e+00 -6.21682e-04  1.00084e+00  1.00034e+00
 8.66000e+01  1.00051e+00 -6.18537e-04  1.50128e+00 -6.18221e-04  1.00085e+00  1.00034e+00
 8.67000e+01  1.00052e+00 -6.15052e-04  1.50129e+00 -6.14735e-04  1.00086e+00  1.00034e+00
 8.68000e+01  1.00052e+00 -6.11543e-04  1.50130e+00 -6.11225e-04  1.00086e+00  1.00034e+00
 8.69000e+01  1.00052e+00 -6.08009e-04  1.50131e+00 -6.07692e-04  1.00087e+00  1.00035e+00
 8.70000e+01  1.00053e+00 -6.04452e-04  1.50132e+00 -6.04134e-04  1.00087e+00  1.00035e+00
 8.71000e+01  1.00053e+00 -6.00871e-04  1.50132e+00 -6.00553e-04  1.00088e+00  1.00035e+00
 8.72000e+01  1.00053e+00 -5.97266e-04  1.50133e+00 -5.96948e-04  1.00089e+00  1.00035e+00
 8.73000e+01  1.00054e+00 -5.93637e-04  1.50134e+00 -5.93319e-04  1.00089e+00  1.00035e+00
 8.74000e+01  1.00054e+00 -5.89985e-04  1.50135e+00 -5.89667e-04  1.00090e+00  1.00036e+00
 8.75000e+01  1.00054e+00 -5.86310e-04  1.50136e+00 -5.85992e-04  1.00090e+00  1.00036e+00
 8.76000e+01  1.00055e+00 -5.82612e-04  1.50137e+00 -5.82294e-04  1.00091e+00  1.00036e+00
 8.77000e+01  1.00055e+00 -5.78891e-04  1.50137e+00 -5.78573e-04  1.00091e+00  1.00036e+00
 8.78000e+01  1.00055e+00 -5.75147e-04  1.50138e+00 -5.74829e-04  1.00092e+00  1.00037e+00
 8.79000e+01  1.00056e+00 -5.71381e-04  1.50139e+00 -5.71063e-04  1.00092e+00  1.00037e+00
 8.80000e+01  1.00056e+00 -5.67592e-04  1.50140e+00 -5.67274e-04  1.00093e+00  1.00037e+00
 8.81000e+01  1.00056e+00 -5.63780e-04  1.50141e+00 -5.63463e-04  1.00093e+00  1.00037e+00
 8.82000e+01  1.00057e+00 -5.59946e-04  1.50142e+00 -5.59630e-04  1.00094e+00  1.00037e+00
 8.83000e+01  1.00057e+00 -5.56091e-04  1.50142e+00 -5.55774e-04  1.00095e+00  1.00038e+00
 8.84000e+01  1.00057e+00 -5.52213e-04  1.50143e+00 -5.51897e-04  1.00095e+00  1.00038e+00
 8.85000e+01  1.00058e+00 -5.48314e-04  1.50144e+00 -5.47998e-04  1.00096e+00  1.00038e+00
 8.86000e+01  1.00058e+00 -5.44393e-04  1.50145e+00 -5.44078e-04  1.00096e+00  1.00038e+00
 8.87000e+01  1.00058e+00 -5.40450e-04  1.50145e+00 -5.40136e-04  1.00097e+00  1.00038e+00
 8.88000e+01  1.00058e+00 -5.36487e-04  1.50146e+00 -5.36173e-04  1.00097e+00  1.00039e+00
 8.89000e+01  1.00059e+00 -5.32502e-04  1.50147e+00 -5.32189e-04  1.00098e+00  1.00039e+00
 8.90000e+01  1.00059e+00 -5.28496e-04  1.50148e+00 -5.28184e-04  1.00098e+00  1.00039e+00
 8.91000e+01  1.00059e+00 -5.24470e-04  1.50148e+00 -5.24158e-04  1.00099e+00  1.00039e+00
 8.92000e+01  1.00060e+00 -5.20422e-04  1.50149e+00 -5.20112e-04  1.00099e+00  1.00039e+00
 8.93000e+01  1.00060e+00 -5.16355e-04  1.50150e+00 -5.16045e-04  1.00100e+00  1.00040e+00
 8.94000e+01  1.00060e+00 -5.12267e-04  1.50151e+00 -5.11958e-04  1.00100e+00  1.00040e+00
 8.95000e+01  1.00061e+00 -5.08158e-04  1.50151e+00 -5.07851e-04  1.00101e+00  1.00040e+00
 8.96000e+01  1.00061e+00 -5.04030e-04  1.50152e+00 -5.03724e-04  1.00101e+00  1.00040e+00
 8.97000e+01  1.00061e+00 -4.99882e-04  1.50153e+00 -4.99577e-04  1.00101e+00  1.00040e+00
 8.98000e+01  1.00061e+00 -4.95714e-04  1.50154e+00 -4.95410e-04  1.00102e+00  1.00041e+00
 8.99000e+01  1.00062e+00 -4.91527e-04  1.50154e+00 -4.91224e-04  1.00102e+00  1.00041e+00
 9.00000e+01  1.00062e+00 -4.87320e-04  1.50155e+00 -4.87018e-04  1.00103e+00  1.00041e+00
 9.01000e+01  1.00062e+00 -4.83094e-04  1.50156e+00 -4.82794e-04  1.00103e+00  1.00041e+00
 9.02000e+01  1.00063e+00 -4.78849e-04  1.50156e+00 -4.78550e-04  1.00104e+00  1.00041e+00
 9.03000e+01  1.00063e+00 -4.74586e-04  1.50157e+00 -4.74288e-04  1.00104e+00  1.00041e+00
 9.04000e+01  1.00063e+00 -4.70303e-04  1.50158e+00 -4.70007e-04  1.00105e+00  1.00042e+00
 9.05000e+01  1.00063e+00 -4.66002e-04  1.50158e+00 -4.65707e-04  1.00105e+00  1.00042e+00
 9.06000e+01  1.00064e+00 -4.61683e-04  1.50159e+00 -4.61390e-04  1.00106e+00  1.00042e+00
 9.07000e+01  1.00064e+00 -4.57345e-04  1.50160e+00 -4.57054e-04  1.00106e+00  1.00042e+00
 9.08000e+01  1.00064e+00 -4.52990e-04  1.50160e+00 -4.52700e-04  1.00106e+00  1.00042e+00
 9.09000e+01  1.00064e+00 -4.48617e-04  1.50161e+00 -4.48328e-04  1.00107e+00  1.00042e+00
 9.10000e+01  1.00065e+00 -4.44226e-04  1.50162e+00 -4.43939e-04  1.00107e+00  1.00043e+00
 9.11000e+01  1.00065e+00 -4.39817e-04  1.50162e+00 -4.39532e-04  1.00108e+00  1.00043e+00
 9.12000e+01  1.00065e+00 -4.35391e-04  1.50163e+00 -4.35108e-04  1.00108e+00  1.00043e+00
 9.13000e+01  1.00065e+00 -4.30948e-04  1.50163e+00 -4.30667e-04  1.00109e+00  1.00043e+00
 9.14000e+01  1.00066e+00 -4.26489e-04  1.50164e+00 -4.26209e-04  1.00109e+00  1.00043e+00
 9.15000e+01  1.00066e+00 -4.22012e-04  1.50165e+00 -4.21734e-04  1.00109e+00  1.00043e+00
 9.16000e+01  1.00066e+00 -4.17519e-04  1.50165e+00 -4.17243e-04  1.00110e+00  1.00044e+00
 9.17000e+01  1.00066e+00 -4.13009e-04  1.50166e+00 -4.12735e-04  1.00110e+00  1.00044e+00
 9.18000e+01  1.00067e+00 -4.08483e-04  1.50166e+00 -4.08211e-04  1.00110e+00  1.00044e+00
 9.19000e+01  1.00067e+00 -4.03941e-04  1.50167e+00 -4.03671e-04  1.00111e+00  1.00044e+00
 9.20000e+01  1.00067e+00 -3.99383e-04  1.50168e+00 -3.99115e-04  1.00111e+00  1.00044e+00
 9.21000e+01  1.00067e+00 -3.94809e-04  1.50168e+00 -3.94544e-04  1.00112e+00  1.00044e+00
 9.22000e+01  1.00067e+00 -3.90220e-04  1.50169e+00 -3.89957e-04  1.00112e+00  1.00045e+00
 9.23000e+01  1.00068e+00 -3.85615e-04  1.50169e+00 -3.85354e-04  1.00112e+00  1.00045e+00
 9.24000e+01  1.00068e+00 -3.80995e-04  1.50170e+00 -3.80737e-04  1.00113e+00  1.00045e+00
 9.25000e+01  1.00068e+00 -3.76361e-04  1.50170e+00 -3.76104e-04  1.00113e+00  1.00045e+00
 9.26000e+01  1.00068e+00 -3.71711e-04  1.50171e+00 -3.71457e-04  1.00113e+00  1.00045e+00
 9.27000e+01  1.00069e+00 -3.67047e-04  1.50171e+00 -3.66795e-04  1.00114e+00  1.00045e+00
 9.28000e+01  1.00069e+00 -3.62368e-04  1.50172e+00 -3.62119e-04  1.00114e+00  1.00045e+00
 9.29000e+01  1.00069e+00 -3.57675e-04  1.50172e+00 -3.57429e-04  1.00114e+00  1.00045e+00
 9.30000e+01  1.00069e+00 -3.52968e-04  1.50173e+00 -3.52724e-04  1.00115e+00  1.00046e+00
 9.31000e+01  1.00069e+00 -3.48247e-04  1.50173e+00 -3.48006e-04  1.00115e+00  1.00046e+00
 9.32000e+01  1.00070e+00 -3.43512e-04  1.50174e+00 -3.43274e-04  1.00115e+00  1.00046e+00
 9.33000e+01  1.00070e+00 -3.38764e-04  1.50174e+00 -3.38528e-04  1.00116e+00  1.00046e+00
 9.34000e+01  1.00070e+00 -3.34003e-04  1.50175e+00 -3.33770e-04  1.00116e+00  1.00046e+00
 9.35000e+01  1.00070e+00 -3.29228e-04  1.50175e+00 -3.28998e-04  1.00116e+00  1.00046e+00
 9.36000e+01  1.00070e+00 -3.24441e-04  1.50176e+00 -3.24213e-04  1.00117e+00  1.00046e+00
 9.37000e+01  1.00070e+00 -3.19640e-04  1.50176e+00 -3.19415e-04  1.00117e+00  1.00047e+00
 9.38000e+01  1.00071e+00 -3.14827e-04  1.50177e+00 -3.14605e-04  1.00117e+00  1.00047e+00
 9.39000e+01  1.00071e+00 -3.10002e-04  1.50177e+00 -3.09783e-04  1.00118e+00  1.00047e+00
 9.40000e+01  1.00071e+00 -3.05164e-04  1.50177e+00 -3.04948e-04  1.00118e+00  1.00047e+00
 9.41000e+01  1.00071e+00 -3.00315e-04  1.50178e+00 -3.00101e-04  1.00118e+00  1.00047e+00
 9.42000e+01  1.00071e+00 -2.95453e-04  1.50178e+00 -2.95243e-04  1.00118e+00  1.00047e+00
 9.43000e+01  1.00071e+00 -2.90580e-04  1.50179e+00 -2.90373e-04  1.00119e+00  1.00047e+00
 9.44000e+01  1.00072e+00 -2.85696e-04  1.50179e+00 -2.85491e-04  1.00119e+00  1.00047e+00
 9.45000e+01  1.00072e+00 -2.80800e-04  1.50180e+00 -2.80599e-04  1.00119e+00  1.00047e+00
 9.46000e+01  1.00072e+00 -2.75894e-04  1.50180e+00 -2.75695e-04  1.00120e+00  1.00048e+00
 9.47000e+01  1.00072e+00 -2.70976e-04  1.50180e+00 -2.70781e-04  1.00120e+00  1.00048e+00
 9.48000e+01  1.00072e+00 -2.66048e-04  1.50181e+00 -2.65856e-04  1.00120e+00  1.00048e+00
 9.49000e+01  1.00072e+00 -2.61109e-04  1.50181e+00 -2.60920e-04  1.00120e+00  1.00048e+00
 9.50000e+01  1.00073e+00 -2.56160e-04  1.50181e+00 -2.55974e-04  1.00121e+00  1.00048e+00
 9.51000e+01  1.00073e+00 -2.51201e-04  1.50182e+00 -2.51018e-04  1.00121e+00  1.00048e+00
 9.52000e+01  1.00073e+00 -2.46232e-04  1.50182e+00 -2.46053e-04  1.00121e+00  1.00048e+00
 9.53000e+01  1.00073e+00 -2.41253e-04  1.50183e+00 -2.41077e-04  1.00121e+00  1.00048e+00
 9.54000e+01  1.00073e+00 -2.36265e-04  1.50183e+00 -2.36092e-04  1.00121e+00  1.00048e+00
 9.55000e+01  1.00073e+00 -2.31268e-04  1.50183e+00 -2.31098e-04  1.00122e+00  1.00048e+00
 9.56000e+01  1.00073e+00 -2.26261e-04  1.50184e+00 -2.26095e-04  1.00122e+00  1.00048e+00
 9.57000e+01  1.00074e+00 -2.21246e-04  1.50184e+00 -2.21083e-04  1.00122e+00  1.00049e+00
 9.58000e+01  1.00074e+00 -2.16221e-04  1.50184e+00 -2.16062e-04  1.00122e+00  1.00049e+00
 9.59000e+01  1.00074e+00 -2.11189e-04  1.50184e+00 -2.11033e-04  1.00122e+00  1.00049e+00
 9.60000e+01  1.00074e+00 -2.06148e-04  1.50185e+00 -2.05996e-04  1.00123e+00  1.00049e+00
 9.61000e+01  1.00074e+00 -2.01099e-04  1.50185e+00 -2.00950e-04  1.00123e+00  1.00049e+00
 9.62000e+01  1.00074e+00 -1.96042e-04  1.50185e+00 -1.95897e-04  1.00123e+00  1.00049e+00
 9.63000e+01  1.00074e+00 -1.90977e-04  1.50186e+00 -1.90835e-04  1.00123e+00  1.00049e+00
 9.64000e+01  1.00074e+00 -1.85905e-04  1.50186e+00 -1.85767e-04  1.00123e+00  1.00049e+00
 9.65000e+01  1.00074e+00 -1.80825e-04  1.50186e+00 -1.80691e-04  1.00124e+00  1.00049e+00
 9.66000e+01  1.00075e+00 -1.75738e-04  1.50186e+00 -1.75608e-04  1.00124e+00  1.00049e+00
 9.67000e+01  1.00075e+00 -1.70645e-04  1.50187e+00 -1.70518e-04  1.00124e+00  1.00049e+00
 9.68000e+01  1.00075e+00 -1.65545e-04  1.50187e+00 -1.65421e-04  1.00124e+00  1.00049e+00
 9.69000e+01  1.00075e+00 -1.60438e-04  1.50187e+00 -1.60318e-04  1.00124e+00  1.00049e+00
 9.70000e+01  1.00075e+00 -1.55325e-04  1.50187e+00 -1.55208e-04  1.00124e+00  1.00049e+00
 9.71000e+01  1.00075e+00 -1.50205e-04  1.50187e+00 -1.50093e-04  1.00125e+00  1.00049e+00
 9.72000e+01  1.00075e+00 -1.45080e-04  1.50188e+00 -1.44971e-04  1.00125e+00  1.00050e+00
 9.73000e+01  1.00075e+00 -1.39949e-04  1.50188e+00 -1.39844e-04  1.00125e+00  1.00050e+00
 9.74000e+01  1.00075e+00 -1.34813e-04  1.50188e+00 -1.34712e-04  1.00125e+00  1.00050e+00
 9.75000e+01  1.00075e+00 -1.29671e-04  1.50188e+00 -1.29574e-04  1.00125e+00  1.00050e+00
 9.76000e+01  1.00075e+00 -1.24525e-04  1.50188e+00 -1.24431e-04  1.00125e+00  1.00050e+00
 9.77000e+01  1.00075e+00 -1.19373e-04  1.50189e+00 -1.19283e-04  1.00125e+00  1.00050e+00
 9.78000e+01  1.00076e+00 -1.14216e-04  1.50189e+00 -1.14130e-04  1.00125e+00  1.00050e+00
 9.79000e+01  1.00076e+00 -1.09056e-04  1.50189e+00 -1.08973e-04  1.00125e+00  1.00050e+00
 9.80000e+01  1.00076e+00 -1.03890e-04  1.50189e+00 -1.03812e-04  1.00126e+00  1.00050e+00
 9.81000e+01  1.00076e+00 -9.87212e-05  1.50189e+00 -9.86465e-05  1.00126e+00  1.00050e+00
 9.82000e+01  1.00076e+00 -9.35481e-05  1.50189e+00 -9.34773e-05  1.00126e+00  1.00050e+00
 9.83000e+01  1.00076e+00 -8.83712e-05  1.50190e+00 -8.83043e-05  1.00126e+00  1.00050e+00
 9.84000e+01  1.00076e+00 -8.31909e-05  1.50190e+00 -8.31279e-05  1.00126e+00  1.00050e+00
 9.85000e+01  1.00076e+00 -7.80074e-05  1.50190e+00 -7.79482e-05  1.00126e+00  1.00050e+00
 9.86000e+01  1.00076e+00 -7.28207e-05  1.50190e+00 -7.27655e-05  1.00126e+00  1.00050e+00
 9.87000e+01  1.00076e+00 -6.76312e-05  1.50190e+00 -6.75799e-05  1.00126e+00  1.00050e+00
 9.88000e+01  1.00076e+00 -6.24391e-05  1.50190e+00 -6.23917e-05  1.00126e+00  1.00050e+00
 9.89000e+01  1.00076e+00 -5.72445e-05  1.50190e+00 -5.72010e-05  1.00126e+00  1.00050e+00
 9.90000e+01  1.00076e+00 -5.20476e-05  1.50190e+00 -5.20080e-05  1.00126e+00  1.00050e+00
 9.91000e+01  1.00076e+00 -4.68487e-05  1.50190e+00 -4.68130e-05  1.00126e+00  1.00050e+00
 9.92000e+01  1.00076e+00 -4.16479e-05  1.50190e+00 -4.16162e-05  1.00126e+00  1.00050e+00
 9.93000e+01  1.00076e+00 -3.64455e-05  1.50190e+00 -3.64178e-05  1.00126e+00  1.00050e+00
 9.94000e+01  1.00076e+00 -3.12417e-05  1.50190e+00 -3.12179e-05  1.00126e+00  1.00050e+00
 9.95000e+01  1.00076e+00 -2.60366e-05  1.50190e+00 -2.60168e-05  1.00127e+00  1.00050e+00
 9.96000e+01  1.00076e+00 -2.08305e-05  1.50191e+00 -2.08147e-05  1.00127e+00  1.00050e+00
 9.97000e+01  1.00076e+00 -1.56236e-05  1.50191e+00 -1.56117e-05  1.00127e+00  1.00050e+00
 9.98000e+01  1.00076e+00 -1.04161e-05  1.50191e+00 -1.04081e-05  1.00127e+00  1.00050e+00
 9.99000e+01  1.00076e+00 -5.20814e-06  1.50191e+00 -5.20417e-06  1.00127e+00  1.00050e+00
