 0.00000e+00  4.35875e-02  7.60600e-16  2.48568e-03  1.74500e-14  1.15707e-03  5.40719e-04  6.70765e-02
 5.00000e-01  4.36759e-02  4.46744e-05  2.49038e-03  1.02286e-03  1.15830e-03  5.42143e-04  6.71303e-02
 1.00000e+00  4.39409e-02  9.01830e-05  2.50446e-03  2.05237e-03  1.16193e-03  5.46393e-04  6.72913e-02
 1.50000e+00  4.43826e-02  1.37364e-04  2.52782e-03  3.09499e-03  1.16787e-03  5.53401e-04  6.75586e-02
 2.00000e+00  4.50006e-02  1.87060e-04  2.56035e-03  4.15684e-03  1.17593e-03  5.63050e-04  6.79310e-02
 2.50000e+00  4.57946e-02  2.40127e-04  2.60183e-03  5.24357e-03  1.18585e-03  5.75180e-04  6.84065e-02
 3.00000e+00  4.67642e-02  2.97431e-04  2.65202e-03  6.36023e-03  1.19731e-03  5.89582e-04  6.89831e-02
 3.50000e+00  4.79086e-02  3.59850e-04  2.71060e-03  7.51119e-03  1.20992e-03  6.05998e-04  6.96581e-02
 4.00000e+00  4.92271e-02  4.28281e-04  2.77723e-03  8.70010e-03  1.22322e-03  6.24128e-04  7.04291e-02
 4.50000e+00  5.07188e-02  5.03630e-04  2.85147e-03  9.92986e-03  1.23671e-03  6.43627e-04  7.12934e-02
 5.00000e+00  5.23823e-02  5.86816e-04  2.93288e-03  1.12026e-02  1.24982e-03  6.64111e-04  7.22482e-02
 5.50000e+00  5.42165e-02  6.78762e-04  3.02096e-03  1.25195e-02  1.26195e-03  6.85166e-04  7.32912e-02
 6.00000e+00  5.62195e-02  7.80389e-04  3.11516e-03  1.38811e-02  1.27245e-03  7.06350e-04  7.44201e-02
 6.50000e+00  5.83895e-02  8.92602e-04  3.21492e-03  1.52870e-02  1.28068e-03  7.27210e-04  7.56329e-02
 7.00000e+00  6.07243e-02  1.01628e-03  3.31966e-03  1.67360e-02  1.28597e-03  7.47286e-04  7.69280e-02
 7.50000e+00  6.32216e-02  1.15226e-03  3.42879e-03  1.82257e-02  1.28763e-03  7.66126e-04  7.83040e-02
 8.00000e+00  6.58787e-02  1.30131e-03  3.54170e-03  1.97531e-02  1.28503e-03  7.83299e-04  7.97597e-02
 8.50000e+00  6.86927e-02  1.46412e-03  3.65779e-03  2.13140e-02  1.27753e-03  7.98405e-04  8.12942e-02
 9.00000e+00  7.16604e-02  1.64127e-03  3.77648e-03  2.29034e-02  1.26452e-03  8.11087e-04  8.29067e-02
 9.50000e+00  7.47783e-02  1.83322e-03  3.89717e-03  2.45154e-02  1.24546e-03  8.21045e-04  8.45964e-02
 1.00000e+01  7.80427e-02  2.04027e-03  4.01927e-03  2.61430e-02  1.21982e-03  8.28037e-04  8.63624e-02
 1.05000e+01  8.14498e-02  2.26257e-03  4.14222e-03  2.77788e-02  1.18716e-03  8.31895e-04  8.82040e-02
 1.10000e+01  8.49952e-02  2.50008e-03  4.26545e-03  2.94143e-02  1.14709e-03  8.32523e-04  9.01198e-02
 1.15000e+01  8.86744e-02  2.75253e-03  4.38839e-03  3.10408e-02  1.09928e-03  8.29904e-04  9.21088e-02
 1.20000e+01  9.24827e-02  3.01947e-03  4.51049e-03  3.26491e-02  1.04349e-03  8.24097e-04  9.41692e-02
 1.25000e+01  9.64150e-02  3.30023e-03  4.63119e-03  3.42295e-02  9.79546e-04  8.15240e-04  9.62993e-02
 1.30000e+01  1.00466e-01  3.59391e-03  4.74996e-03  3.57725e-02  9.07378e-04  8.03539e-04  9.84967e-02
 1.35000e+01  1.04629e-01  3.89940e-03  4.86624e-03  3.72686e-02  8.26992e-04  7.89269e-04  1.00759e-01
 1.40000e+01  1.08900e-01  4.21537e-03  4.97952e-03  3.87086e-02  7.38497e-04  7.72764e-04  1.03084e-01
 1.45000e+01  1.13271e-01  4.54031e-03  5.08927e-03  4.00836e-02  6.42102e-04  7.54408e-04  1.05467e-01
 1.50000e+01  1.17736e-01  4.87252e-03  5.19498e-03  4.13851e-02  5.38119e-04  7.34626e-04  1.07907e-01
 1.55000e+01  1.22288e-01  5.21016e-03  5.29619e-03  4.26057e-02  4.26968e-04  7.13879e-04  1.10398e-01
 1.60000e+01  1.26919e-01  5.55124e-03  5.39242e-03  4.37384e-02  3.09173e-04  6.92647e-04  1.12937e-01
 1.65000e+01  1.31622e-01  5.89369e-03  5.48325e-03  4.47772e-02  1.85369e-04  6.71427e-04  1.15521e-01
 1.70000e+01  1.36390e-01  6.23534e-03  5.56829e-03  4.57171e-02  5.62904e-05  6.50718e-04  1.18144e-01
 1.75000e+01  1.41213e-01  6.57401e-03  5.64716e-03  4.65538e-02 -7.72253e-05  6.31019e-04  1.20802e-01
 1.80000e+01  1.46084e-01  6.90749e-03  5.71958e-03  4.72844e-02 -2.14246e-04  6.12816e-04  1.23491e-01
 1.85000e+01  1.50994e-01  7.23361e-03  5.78527e-03  4.79066e-02 -3.53752e-04  5.96579e-04  1.26206e-01
 1.90000e+01  1.55934e-01  7.55024e-03  5.84405e-03  4.84194e-02 -4.94642e-04  5.82756e-04  1.28941e-01
 1.95000e+01  1.60896e-01  7.85534e-03  5.89579e-03  4.88224e-02 -6.35743e-04  5.71768e-04  1.31693e-01
 2.00000e+01  1.65871e-01  8.14698e-03  5.94042e-03  4.91165e-02 -7.75820e-04  5.64008e-04  1.34456e-01
 2.05000e+01  1.70849e-01  8.42336e-03  5.97797e-03  4.93030e-02 -9.13589e-04  5.59831e-04  1.37226e-01
 2.10000e+01  1.75822e-01  8.68286e-03  6.00855e-03  4.93843e-02 -1.04773e-03  5.59563e-04  1.39998e-01
 2.15000e+01  1.80782e-01  8.92401e-03  6.03235e-03  4.93633e-02 -1.17690e-03  5.63491e-04  1.42767e-01
 2.20000e+01  1.85720e-01  9.14553e-03  6.04966e-03  4.92437e-02 -1.29974e-03  5.71866e-04  1.45529e-01
 2.25000e+01  1.90627e-01  9.34637e-03  6.06083e-03  4.90296e-02 -1.41493e-03  5.84903e-04  1.48281e-01
 2.30000e+01  1.95496e-01  9.52564e-03  6.06630e-03  4.87256e-02 -1.52113e-03  6.02781e-04  1.51017e-01
 2.35000e+01  2.00318e-01  9.68270e-03  6.06657e-03  4.83366e-02 -1.61711e-03  6.25644e-04  1.53735e-01
 2.40000e+01  2.05088e-01  9.81710e-03  6.06221e-03  4.78678e-02 -1.70165e-03  6.53602e-04  1.56431e-01
 2.45000e+01  2.09797e-01  9.92860e-03  6.05379e-03  4.73248e-02 -1.77367e-03  6.86732e-04  1.59102e-01
 2.50000e+01  2.14440e-01  1.00172e-02  6.04195e-03  4.67132e-02 -1.83218e-03  7.25082e-04  1.61743e-01
 2.55000e+01  2.19010e-01  1.00829e-02  6.02727e-03  4.60386e-02 -1.87631e-03  7.68669e-04  1.64354e-01
 2.60000e+01  2.23503e-01  1.01262e-02  6.01036e-03  4.53068e-02 -1.90537e-03  8.17484e-04  1.66930e-01
 2.65000e+01  2.27913e-01  1.01475e-02  5.99176e-03  4.45234e-02 -1.91880e-03  8.71491e-04  1.69469e-01
 2.70000e+01  2.32238e-01  1.01474e-02  5.97196e-03  4.36940e-02 -1.91624e-03  9.30633e-04  1.71968e-01
 2.75000e+01  2.36472e-01  1.01267e-02  5.95138e-03  4.28241e-02 -1.89751e-03  9.94829e-04  1.74426e-01
 2.80000e+01  2.40613e-01  1.00862e-02  5.93034e-03  4.19187e-02 -1.86261e-03  1.06398e-03  1.76840e-01
 2.85000e+01  2.44659e-01  1.00269e-02  5.90908e-03  4.09830e-02 -1.81174e-03  1.13797e-03  1.79208e-01
 2.90000e+01  2.48608e-01  9.94971e-03  5.88772e-03  4.00217e-02 -1.74526e-03  1.21666e-03  1.81527e-01
 2.95000e+01  2.52459e-01  9.85578e-03  5.86629e-03  3.90392e-02 -1.66374e-03  1.29991e-03  1.83797e-01
 3.00000e+01  2.56210e-01  9.74615e-03  5.84468e-03  3.80396e-02 -1.56789e-03  1.38755e-03  1.86015e-01
 3.05000e+01  2.59863e-01  9.62191e-03  5.82272e-03  3.70269e-02 -1.45859e-03  1.47940e-03  1.88180e-01
 3.10000e+01  2.63416e-01  9.48414e-03  5.80009e-03  3.60045e-02 -1.33685e-03  1.57529e-03  1.90290e-01
 3.15000e+01  2.66870e-01  9.33391e-03  5.77641e-03  3.49755e-02 -1.20381e-03  1.67500e-03  1.92343e-01
 3.20000e+01  2.70227e-01  9.17224e-03  5.75121e-03  3.39428e-02 -1.06070e-03  1.77833e-03  1.94340e-01
 3.25000e+01  2.73486e-01  9.00011e-03  5.72392e-03  3.29088e-02 -9.08845e-04  1.88505e-03  1.96277e-01
 3.30000e+01  2.76651e-01  8.81845e-03  5.69395e-03  3.18757e-02 -7.49649e-04  1.99493e-03  1.98155e-01
 3.35000e+01  2.79722e-01  8.62812e-03  5.66062e-03  3.08454e-02 -5.84557e-04  2.10773e-03  1.99972e-01
 3.40000e+01  2.82701e-01  8.42992e-03  5.62325e-03  2.98193e-02 -4.15048e-04  2.22317e-03  2.01728e-01
 3.45000e+01  2.85589e-01  8.22457e-03  5.58112e-03  2.87986e-02 -2.42616e-04  2.34100e-03  2.03421e-01
 3.50000e+01  2.88389e-01  8.01273e-03  5.53353e-03  2.77844e-02 -6.87547e-05  2.46091e-03  2.05051e-01
 3.55000e+01  2.91102e-01  7.79497e-03  5.47977e-03  2.67775e-02  1.05064e-04  2.58262e-03  2.06617e-01
 3.60000e+01  2.93730e-01  7.57181e-03  5.41920e-03  2.57781e-02  2.77404e-04  2.70579e-03  2.08120e-01
 3.65000e+01  2.96274e-01  7.34368e-03  5.35122e-03  2.47868e-02  4.46884e-04  2.83010e-03  2.09557e-01
 3.70000e+01  2.98736e-01  7.11098e-03  5.27532e-03  2.38036e-02  6.12195e-04  2.95519e-03  2.10930e-01
 3.75000e+01  3.01117e-01  6.87401e-03  5.19109e-03  2.28284e-02  7.72112e-04  3.08070e-03  2.12238e-01
 3.80000e+01  3.03417e-01  6.63306e-03  5.09823e-03  2.18612e-02  9.25516e-04  3.20625e-03  2.13480e-01
 3.85000e+01  3.05638e-01  6.38833e-03  4.99658e-03  2.09016e-02  1.07140e-03  3.33145e-03  2.14658e-01
 3.90000e+01  3.07780e-01  6.14002e-03  4.88615e-03  1.99494e-02  1.20890e-03  3.45587e-03  2.15770e-01
 3.95000e+01  3.09843e-01  5.88827e-03  4.76710e-03  1.90040e-02  1.33728e-03  3.57910e-03  2.16819e-01
 4.00000e+01  3.11826e-01  5.63321e-03  4.63979e-03  1.80652e-02  1.45596e-03  3.70069e-03  2.17804e-01
 4.05000e+01  3.13730e-01  5.37494e-03  4.50477e-03  1.71324e-02  1.56452e-03  3.82021e-03  2.18726e-01
 4.10000e+01  3.15553e-01  5.11356e-03  4.36277e-03  1.62051e-02  1.66272e-03  3.93720e-03  2.19586e-01
 4.15000e+01  3.17294e-01  4.84913e-03  4.21473e-03  1.52828e-02  1.75045e-03  4.05121e-03  2.20385e-01
 4.20000e+01  3.18952e-01  4.58176e-03  4.06179e-03  1.43650e-02  1.82781e-03  4.16177e-03  2.21124e-01
 4.25000e+01  3.20525e-01  4.31150e-03  3.90525e-03  1.34514e-02  1.89502e-03  4.26843e-03  2.21806e-01
 4.30000e+01  3.22011e-01  4.03845e-03  3.74660e-03  1.25413e-02  1.95247e-03  4.37073e-03  2.22431e-01
 4.35000e+01  3.23409e-01  3.76271e-03  3.58746e-03  1.16345e-02  2.00069e-03  4.46823e-03  2.23001e-01
 4.40000e+01  3.24716e-01  3.48437e-03  3.42959e-03  1.07305e-02  2.04032e-03  4.56050e-03  2.23519e-01
 4.45000e+01  3.25930e-01  3.20355e-03  3.27482e-03  9.82896e-03  2.07212e-03  4.64711e-03  2.23985e-01
 4.50000e+01  3.27048e-01  2.92040e-03  3.12505e-03  8.92957e-03  2.09692e-03  4.72767e-03  2.24402e-01
 4.55000e+01  3.28069e-01  2.63505e-03  2.98223e-03  8.03201e-03  2.11561e-03  4.80179e-03  2.24773e-01
 4.60000e+01  3.28989e-01  2.34768e-03  2.84824e-03  7.13603e-03  2.12912e-03  4.86913e-03  2.25098e-01
 4.65000e+01  3.29808e-01  2.05845e-03  2.72494e-03  6.24138e-03  2.13836e-03  4.92935e-03  2.25380e-01
 4.70000e+01  3.30521e-01  1.76758e-03  2.61409e-03  5.34785e-03  2.14423e-03  4.98217e-03  2.25620e-01
 4.75000e+01  3.31129e-01  1.47525e-03  2.51730e-03  4.45522e-03  2.14759e-03  5.02732e-03  2.25821e-01
 4.80000e+01  3.31628e-01  1.18170e-03  2.43600e-03  3.56334e-03  2.14919e-03  5.06457e-03  2.25982e-01
 4.85000e+01  3.32018e-01  8.87158e-04  2.37144e-03  2.67202e-03  2.14971e-03  5.09374e-03  2.26107e-01
 4.90000e+01  3.32297e-01  5.91861e-04  2.32460e-03  1.78112e-03  2.14968e-03  5.11468e-03  2.26195e-01
 4.95000e+01  3.32465e-01  2.96058e-04  2.29619e-03  8.90491e-04  2.14949e-03  5.12729e-03  2.26248e-01
 5.00000e+01  3.32521e-01 -4.68742e-16  2.28668e-03 -1.40966e-15  2.14941e-03  5.13150e-03  2.26265e-01
 5.05000e+01  3.32465e-01 -2.96058e-04  2.29619e-03 -8.90491e-04  2.14949e-03  5.12729e-03  2.26248e-01
 5.10000e+01  3.32297e-01 -5.91861e-04  2.32460e-03 -1.78112e-03  2.14968e-03  5.11468e-03  2.26195e-01
 5.15000e+01  3.32018e-01 -8.87158e-04  2.37144e-03 -2.67202e-03  2.14971e-03  5.09374e-03  2.26107e-01
 5.20000e+01  3.31628e-01 -1.18170e-03  2.43600e-03 -3.56334e-03  2.14919e-03  5.06457e-03  2.25982e-01
 5.25000e+01  3.31129e-01 -1.47525e-03  2.51730e-03 -4.45522e-03  2.14759e-03  5.02732e-03  2.25821e-01
 5.30000e+01  3.30521e-01 -1.76758e-03  2.61409e-03 -5.34785e-03  2.14423e-03  4.98217e-03  2.25620e-01
 5.35000e+01  3.29808e-01 -2.05845e-03  2.72494e-03 -6.24138e-03  2.13836e-03  4.92935e-03  2.25380e-01
 5.40000e+01  3.28989e-01 -2.34768e-03  2.84824e-03 -7.13603e-03  2.12912e-03  4.86913e-03  2.25098e-01
 5.45000e+01  3.28069e-01 -2.63505e-03  2.98223e-03 -8.03201e-03  2.11561e-03  4.80179e-03  2.24773e-01
 5.50000e+01  3.27048e-01 -2.92040e-03  3.12505e-03 -8.92957e-03  2.09692e-03  4.72767e-03  2.24402e-01
 5.55000e+01  3.25930e-01 -3.20355e-03  3.27482e-03 -9.82896e-03  2.07212e-03  4.64711e-03  2.23985e-01
 5.60000e+01  3.24716e-01 -3.48437e-03  3.42959e-03 -1.07305e-02  2.04032e-03  4.56050e-03  2.23519e-01
 5.65000e+01  3.23409e-01 -3.76271e-03  3.58746e-03 -1.16345e-02  2.00069e-03  4.46823e-03  2.23001e-01
 5.70000e+01  3.22011e-01 -4.03845e-03  3.74660e-03 -1.25413e-02  1.95247e-03  4.37073e-03  2.22431e-01
 5.75000e+01  3.20525e-01 -4.31150e-03  3.90525e-03 -1.34514e-02  1.89502e-03  4.26843e-03  2.21806e-01
 5.80000e+01  3.18952e-01 -4.58176e-03  4.06179e-03 -1.43650e-02  1.82781e-03  4.16177e-03  2.21124e-01
 5.85000e+01  3.17294e-01 -4.84913e-03  4.21473e-03 -1.52828e-02  1.75045e-03  4.05121e-03  2.20385e-01
 5.90000e+01  3.15553e-01 -5.11356e-03  4.36277e-03 -1.62051e-02  1.66272e-03  3.93720e-03  2.19586e-01
 5.95000e+01  3.13730e-01 -5.37494e-03  4.50477e-03 -1.71324e-02  1.56452e-03  3.82021e-03  2.18726e-01
 6.00000e+01  3.11826e-01 -5.63321e-03  4.63979e-03 -1.80652e-02  1.45596e-03  3.70069e-03  2.17804e-01
 6.05000e+01  3.09843e-01 -5.88827e-03  4.76710e-03 -1.90040e-02  1.33728e-03  3.57910e-03  2.16819e-01
 6.10000e+01  3.07780e-01 -6.14002e-03  4.88615e-03 -1.99494e-02  1.20890e-03  3.45587e-03  2.15770e-01
 6.15000e+01  3.05638e-01 -6.38833e-03  4.99658e-03 -2.09016e-02  1.07140e-03  3.33145e-03  2.14658e-01
 6.20000e+01  3.03417e-01 -6.63306e-03  5.09823e-03 -2.18612e-02  9.25516e-04  3.20625e-03  2.13480e-01
 6.25000e+01  3.01117e-01 -6.87401e-03  5.19109e-03 -2.28284e-02  7.72112e-04  3.08070e-03  2.12238e-01
 6.30000e+01  2.98736e-01 -7.11098e-03  5.27532e-03 -2.38036e-02  6.12195e-04  2.95519e-03  2.10930e-01
 6.35000e+01  2.96274e-01 -7.34368e-03  5.35122e-03 -2.47868e-02  4.46884e-04  2.83010e-03  2.09557e-01
 6.40000e+01  2.93730e-01 -7.57181e-03  5.41920e-03 -2.57781e-02  2.77404e-04  2.70579e-03  2.08120e-01
 6.45000e+01  2.91102e-01 -7.79497e-03  5.47977e-03 -2.67775e-02  1.05064e-04  2.58262e-03  2.06617e-01
 6.50000e+01  2.88389e-01 -8.01273e-03  5.53353e-03 -2.77844e-02 -6.87547e-05  2.46091e-03  2.05051e-01
 6.55000e+01  2.85589e-01 -8.22457e-03  5.58112e-03 -2.87986e-02 -2.42616e-04  2.34100e-03  2.03421e-01
 6.60000e+01  2.82701e-01 -8.42992e-03  5.62325e-03 -2.98193e-02 -4.15048e-04  2.22317e-03  2.01728e-01
 6.65000e+01  2.79722e-01 -8.62812e-03  5.66062e-03 -3.08454e-02 -5.84557e-04  2.10773e-03  1.99972e-01
 6.70000e+01  2.76651e-01 -8.81845e-03  5.69395e-03 -3.18757e-02 -7.49649e-04  1.99493e-03  1.98155e-01
 6.75000e+01  2.73486e-01 -9.00011e-03  5.72392e-03 -3.29088e-02 -9.08845e-04  1.88505e-03  1.96277e-01
 6.80000e+01  2.70227e-01 -9.17224e-03  5.75121e-03 -3.39428e-02 -1.06070e-03  1.77833e-03  1.94340e-01
 6.85000e+01  2.66870e-01 -9.33391e-03  5.77641e-03 -3.49755e-02 -1.20381e-03  1.67500e-03  1.92343e-01
 6.90000e+01  2.63416e-01 -9.48414e-03  5.80009e-03 -3.60045e-02 -1.33685e-03  1.57529e-03  1.90290e-01
 6.95000e+01  2.59863e-01 -9.62191e-03  5.82272e-03 -3.70269e-02 -1.45859e-03  1.47940e-03  1.88180e-01
 7.00000e+01  2.56210e-01 -9.74615e-03  5.84468e-03 -3.80396e-02 -1.56789e-03  1.38755e-03  1.86015e-01
 7.05000e+01  2.52459e-01 -9.85578e-03  5.86629e-03 -3.90392e-02 -1.66374e-03  1.29991e-03  1.83797e-01
 7.10000e+01  2.48608e-01 -9.94971e-03  5.88772e-03 -4.00217e-02 -1.74526e-03  1.21666e-03  1.81527e-01
 7.15000e+01  2.44659e-01 -1.00269e-02  5.90908e-03 -4.09830e-02 -1.81174e-03  1.13797e-03  1.79208e-01
 7.20000e+01  2.40613e-01 -1.00862e-02  5.93034e-03 -4.19187e-02 -1.86261e-03  1.06398e-03  1.76840e-01
 7.25000e+01  2.36472e-01 -1.01267e-02  5.95138e-03 -4.28241e-02 -1.89751e-03  9.94829e-04  1.74426e-01
 7.30000e+01  2.32238e-01 -1.01474e-02  5.97196e-03 -4.36940e-02 -1.91624e-03  9.30633e-04  1.71968e-01
 7.35000e+01  2.27913e-01 -1.01475e-02  5.99176e-03 -4.45234e-02 -1.91880e-03  8.71491e-04  1.69469e-01
 7.40000e+01  2.23503e-01 -1.01262e-02  6.01036e-03 -4.53068e-02 -1.90537e-03  8.17484e-04  1.66930e-01
 7.45000e+01  2.19010e-01 -1.00829e-02  6.02727e-03 -4.60386e-02 -1.87631e-03  7.68669e-04  1.64354e-01
 7.50000e+01  2.14440e-01 -1.00172e-02  6.04195e-03 -4.67132e-02 -1.83218e-03  7.25082e-04  1.61743e-01
 7.55000e+01  2.09797e-01 -9.92860e-03  6.05379e-03 -4.73248e-02 -1.77367e-03  6.86732e-04  1.59102e-01
 7.60000e+01  2.05088e-01 -9.81710e-03  6.06221e-03 -4.78678e-02 -1.70165e-03  6.53602e-04  1.56431e-01
 7.65000e+01  2.00318e-01 -9.68270e-03  6.06657e-03 -4.83366e-02 -1.61711e-03  6.25644e-04  1.53735e-01
 7.70000e+01  1.95496e-01 -9.52564e-03  6.06630e-03 -4.87256e-02 -1.52113e-03  6.02781e-04  1.51017e-01
 7.75000e+01  1.90627e-01 -9.34637e-03  6.06083e-03 -4.90296e-02 -1.41493e-03  5.84903e-04  1.48281e-01
 7.80000e+01  1.85720e-01 -9.14553e-03  6.04966e-03 -4.92437e-02 -1.29974e-03  5.71866e-04  1.45529e-01
 7.85000e+01  1.80782e-01 -8.92401e-03  6.03235e-03 -4.93633e-02 -1.17690e-03  5.63491e-04  1.42767e-01
 7.90000e+01  1.75822e-01 -8.68286e-03  6.00855e-03 -4.93843e-02 -1.04773e-03  5.59563e-04  1.39998e-01
 7.95000e+01  1.70849e-01 -8.42336e-03  5.97797e-03 -4.93030e-02 -9.13589e-04  5.59831e-04  1.37226e-01
 8.00000e+01  1.65871e-01 -8.14698e-03  5.94042e-03 -4.91165e-02 -7.75820e-04  5.64008e-04  1.34456e-01
 8.05000e+01  1.60896e-01 -7.85534e-03  5.89579e-03 -4.88224e-02 -6.35743e-04  5.71768e-04  1.31693e-01
 8.10000e+01  1.55934e-01 -7.55024e-03  5.84405e-03 -4.84194e-02 -4.94642e-04  5.82756e-04  1.28941e-01
 8.15000e+01  1.50994e-01 -7.23361e-03  5.78527e-03 -4.79066e-02 -3.53752e-04  5.96579e-04  1.26206e-01
 8.20000e+01  1.46084e-01 -6.90749e-03  5.71958e-03 -4.72844e-02 -2.14246e-04  6.12816e-04  1.23491e-01
 8.25000e+01  1.41213e-01 -6.57401e-03  5.64716e-03 -4.65538e-02 -7.72253e-05  6.31019e-04  1.20802e-01
 8.30000e+01  1.36390e-01 -6.23534e-03  5.56829e-03 -4.57171e-02  5.62904e-05  6.50718e-04  1.18144e-01
 8.35000e+01  1.31622e-01 -5.89369e-03  5.48325e-03 -4.47772e-02  1.85369e-04  6.71427e-04  1.15521e-01
 8.40000e+01  1.26919e-01 -5.55124e-03  5.39242e-03 -4.37384e-02  3.09173e-04  6.92647e-04  1.12937e-01
 8.45000e+01  1.22288e-01 -5.21016e-03  5.29619e-03 -4.26057e-02  4.26968e-04  7.13879e-04  1.10398e-01
 8.50000e+01  1.17736e-01 -4.87252e-03  5.19498e-03 -4.13851e-02  5.38119e-04  7.34626e-04  1.07907e-01
 8.55000e+01  1.13271e-01 -4.54031e-03  5.08927e-03 -4.00836e-02  6.42102e-04  7.54408e-04  1.05467e-01
 8.60000e+01  1.08900e-01 -4.21537e-03  4.97952e-03 -3.87086e-02  7.38497e-04  7.72764e-04  1.03084e-01
 8.65000e+01  1.04629e-01 -3.89940e-03  4.86624e-03 -3.72686e-02  8.26992e-04  7.89269e-04  1.00759e-01
 8.70000e+01  1.00466e-01 -3.59391e-03  4.74996e-03 -3.57725e-02  9.07378e-04  8.03539e-04  9.84967e-02
 8.75000e+01  9.64150e-02 -3.30023e-03  4.63119e-03 -3.42295e-02  9.79546e-04  8.15240e-04  9.62993e-02
 8.80000e+01  9.24827e-02 -3.01947e-03  4.51049e-03 -3.26491e-02  1.04349e-03  8.24097e-04  9.41692e-02
 8.85000e+01  8.86744e-02 -2.75253e-03  4.38839e-03 -3.10408e-02  1.09928e-03  8.29904e-04  9.21088e-02
 8.90000e+01  8.49952e-02 -2.50008e-03  4.26545e-03 -2.94143e-02  1.14709e-03  8.32523e-04  9.01198e-02
 8.95000e+01  8.14498e-02 -2.26257e-03  4.14222e-03 -2.77788e-02  1.18716e-03  8.31895e-04  8.82040e-02
 9.00000e+01  7.80427e-02 -2.04027e-03  4.01927e-03 -2.61430e-02  1.21982e-03  8.28037e-04  8.63624e-02
 9.05000e+01  7.47783e-02 -1.83322e-03  3.89717e-03 -2.45154e-02  1.24546e-03  8.21045e-04  8.45964e-02
 9.10000e+01  7.16604e-02 -1.64127e-03  3.77648e-03 -2.29034e-02  1.26452e-03  8.11087e-04  8.29067e-02
 9.15000e+01  6.86927e-02 -1.46412e-03  3.65779e-03 -2.13140e-02  1.27753e-03  7.98405e-04  8.12942e-02
 9.20000e+01  6.58787e-02 -1.30131e-03  3.54170e-03 -1.97531e-02  1.28503e-03  7.83299e-04  7.97597e-02
 9.25000e+01  6.32216e-02 -1.15226e-03  3.42879e-03 -1.82257e-02  1.28763e-03  7.66126e-04  7.83040e-02
 9.30000e+01  6.07243e-02 -1.01628e-03  3.31966e-03 -1.67360e-02  1.28597e-03  7.47286e-04  7.69280e-02
 9.35000e+01  5.83895e-02 -8.92602e-04  3.21492e-03 -1.52870e-02  1.28068e-03  7.27210e-04  7.56329e-02
 9.40000e+01  5.62195e-02 -7.80389e-04  3.11516e-03 -1.38811e-02  1.27245e-03  7.06350e-04  7.44201e-02
 9.45000e+01  5.42165e-02 -6.78762e-04  3.02096e-03 -1.25195e-02  1.26195e-03  6.85166e-04  7.32912e-02
 9.50000e+01  5.23823e-02 -5.86816e-04  2.93288e-03 -1.12026e-02  1.24982e-03  6.64111e-04  7.22482e-02
 9.55000e+01  5.07188e-02 -5.03630e-04  2.85147e-03 -9.92986e-03  1.23671e-03  6.43627e-04  7.12934e-02
 9.60000e+01  4.92271e-02 -4.28281e-04  2.77723e-03 -8.70010e-03  1.22322e-03  6.24128e-04  7.04291e-02
 9.65000e+01  4.79086e-02 -3.59850e-04  2.71060e-03 -7.51119e-03  1.20992e-03  6.05998e-04  6.96581e-02
 9.70000e+01  4.67642e-02 -2.97431e-04  2.65202e-03 -6.36023e-03  1.19731e-03  5.89582e-04  6.89831e-02
 9.75000e+01  4.57946e-02 -2.40127e-04  2.60183e-03 -5.24357e-03  1.18585e-03  5.75180e-04  6.84065e-02
 9.80000e+01  4.50006e-02 -1.87060e-04  2.56035e-03 -4.15684e-03  1.17593e-03  5.63050e-04  6.79310e-02
 9.85000e+01  4.43826e-02 -1.37364e-04  2.52782e-03 -3.09499e-03  1.16787e-03  5.53401e-04  6.75586e-02
 9.90000e+01  4.39409e-02 -9.01830e-05  2.50446e-03 -2.05237e-03  1.16193e-03  5.46393e-04  6.72913e-02
 9.95000e+01  4.36759e-02 -4.46744e-05  2.49038e-03 -1.02286e-03  1.15830e-03  5.42143e-04  6.71303e-02
