 0.00000e+00  2.14683e-01  1.14395e-15  1.00637e-01  5.32855e-15  7.84690e-02  4.55637e-01
 5.00000e-01  2.14676e-01  2.90147e-05  1.00637e-01  1.35156e-04  7.84685e-02  4.55643e-01
 1.00000e+00  2.14654e-01  5.79723e-05  1.00638e-01  2.70073e-04  7.84670e-02  4.55661e-01
 1.50000e+00  2.14619e-01  8.68159e-05  1.00639e-01  4.04511e-04  7.84645e-02  4.55692e-01
 2.00000e+00  2.14570e-01  1.15488e-04  1.00640e-01  5.38231e-04  7.84610e-02  4.55735e-01
 2.50000e+00  2.14507e-01  1.43932e-04  1.00642e-01  6.70992e-04  7.84566e-02  4.55790e-01
 3.00000e+00  2.14430e-01  1.72091e-04  1.00644e-01  8.02551e-04  7.84511e-02  4.55857e-01
 3.50000e+00  2.14339e-01  1.99907e-04  1.00646e-01  9.32667e-04  7.84445e-02  4.55936e-01
 4.00000e+00  2.14235e-01  2.27323e-04  1.00649e-01  1.06109e-03  7.84370e-02  4.56028e-01
 4.50000e+00  2.14116e-01  2.54282e-04  1.00652e-01  1.18759e-03  7.84284e-02  4.56131e-01
 5.00000e+00  2.13985e-01  2.80726e-04  1.00655e-01  1.31190e-03  7.84187e-02  4.56245e-01
 5.50000e+00  2.13839e-01  3.06596e-04  1.00658e-01  1.43377e-03  7.84079e-02  4.56372e-01
 6.00000e+00  2.13680e-01  3.31836e-04  1.00661e-01  1.55296e-03  7.83961e-02  4.56510e-01
 6.50000e+00  2.13509e-01  3.56387e-04  1.00665e-01  1.66919e-03  7.83831e-02  4.56659e-01
 7.00000e+00  2.13324e-01  3.80190e-04  1.00668e-01  1.78222e-03  7.83690e-02  4.56819e-01
 7.50000e+00  2.13126e-01  4.03187e-04  1.00672e-01  1.89178e-03  7.83537e-02  4.56990e-01
 8.00000e+00  2.12915e-01  4.25318e-04  1.00675e-01  1.99760e-03  7.83372e-02  4.57172e-01
 8.50000e+00  2.12692e-01  4.46524e-04  1.00679e-01  2.09939e-03  7.83195e-02  4.57365e-01
 9.00000e+00  2.12456e-01  4.66744e-04  1.00682e-01  2.19690e-03  7.83006e-02  4.57568e-01
 9.50000e+00  2.12208e-01  4.85918e-04  1.00685e-01  2.28982e-03  7.82803e-02  4.57780e-01
 1.00000e+01  2.11948e-01  5.03985e-04  1.00687e-01  2.37787e-03  7.82588e-02  4.58003e-01
 1.05000e+01  2.11676e-01  5.20883e-04  1.00689e-01  2.46075e-03  7.82359e-02  4.58235e-01
 1.10000e+01  2.11393e-01  5.36552e-04  1.00691e-01  2.53817e-03  7.82117e-02  4.58477e-01
 1.15000e+01  2.11098e-01  5.50927e-04  1.00692e-01  2.60982e-03  7.81860e-02  4.58727e-01
 1.20000e+01  2.10792e-01  5.63948e-04  1.00693e-01  2.67537e-03  7.81590e-02  4.58986e-01
 1.25000e+01  2.10476e-01  5.75552e-04  1.00693e-01  2.73453e-03  7.81304e-02  4.59254e-01
 1.30000e+01  2.10149e-01  5.85675e-04  1.00692e-01  2.78696e-03  7.81003e-02  4.59529e-01
 1.35000e+01  2.09811e-01  5.94256e-04  1.00690e-01  2.83234e-03  7.80687e-02  4.59812e-01
 1.40000e+01  2.09463e-01  6.01234e-04  1.00687e-01  2.87036e-03  7.80355e-02  4.60103e-01
 1.45000e+01  2.09106e-01  6.06547e-04  1.00683e-01  2.90067e-03  7.80007e-02  4.60400e-01
 1.50000e+01  2.08739e-01  6.10136e-04  1.00678e-01  2.92297e-03  7.79642e-02  4.60704e-01
 1.55000e+01  2.08363e-01  6.11945e-04  1.00672e-01  2.93692e-03  7.79261e-02  4.61014e-01
 1.60000e+01  2.07978e-01  6.11916e-04  1.00665e-01  2.94222e-03  7.78862e-02  4.61330e-01
 1.65000e+01  2.07584e-01  6.10000e-04  1.00656e-01  2.93857e-03  7.78447e-02  4.61651e-01
 1.70000e+01  2.07182e-01  6.06146e-04  1.00646e-01  2.92566e-03  7.78014e-02  4.61977e-01
 1.75000e+01  2.06773e-01  6.00310e-04  1.00634e-01  2.90323e-03  7.77563e-02  4.62308e-01
 1.80000e+01  2.06356e-01  5.92454e-04  1.00621e-01  2.87103e-03  7.77094e-02  4.62643e-01
 1.85000e+01  2.05932e-01  5.82544e-04  1.00606e-01  2.82882e-03  7.76607e-02  4.62982e-01
 1.90000e+01  2.05501e-01  5.70556e-04  1.00590e-01  2.77642e-03  7.76102e-02  4.63324e-01
 1.95000e+01  2.05063e-01  5.56470e-04  1.00571e-01  2.71365e-03  7.75579e-02  4.63669e-01
 2.00000e+01  2.04620e-01  5.40279e-04  1.00551e-01  2.64040e-03  7.75038e-02  4.64016e-01
 2.05000e+01  2.04171e-01  5.21983e-04  1.00529e-01  2.55659e-03  7.74479e-02  4.64366e-01
 2.10000e+01  2.03717e-01  5.01595e-04  1.00506e-01  2.46221e-03  7.73903e-02  4.64717e-01
 2.15000e+01  2.03259e-01  4.79142e-04  1.00480e-01  2.35730e-03  7.73309e-02  4.65069e-01
 2.20000e+01  2.02796e-01  4.54660e-04  1.00453e-01  2.24196e-03  7.72699e-02  4.65423e-01
 2.25000e+01  2.02329e-01  4.28204e-04  1.00423e-01  2.11637e-03  7.72072e-02  4.65777e-01
 2.30000e+01  2.01859e-01  3.99841e-04  1.00392e-01  1.98079e-03  7.71430e-02  4.66131e-01
 2.35000e+01  2.01387e-01  3.69656e-04  1.00359e-01  1.83555e-03  7.70772e-02  4.66485e-01
 2.40000e+01  2.00912e-01  3.37751e-04  1.00325e-01  1.68109e-03  7.70101e-02  4.66839e-01
 2.45000e+01  2.00435e-01  3.04245e-04  1.00288e-01  1.51792e-03  7.69417e-02  4.67192e-01
 2.50000e+01  1.99957e-01  2.69276e-04  1.00251e-01  1.34667e-03  7.68721e-02  4.67545e-01
 2.55000e+01  1.99479e-01  2.32998e-04  1.00211e-01  1.16803e-03  7.68015e-02  4.67896e-01
 2.60000e+01  1.99000e-01  1.95584e-04  1.00171e-01  9.82832e-04  7.67299e-02  4.68246e-01
 2.65000e+01  1.98522e-01  1.57225e-04  1.00129e-01  7.91977e-04  7.66577e-02  4.68595e-01
 2.70000e+01  1.98045e-01  1.18128e-04  1.00086e-01  5.96470e-04  7.65849e-02  4.68942e-01
 2.75000e+01  1.97570e-01  7.85159e-05  1.00042e-01  3.97407e-04  7.65118e-02  4.69288e-01
 2.80000e+01  1.97098e-01  3.86248e-05  9.99975e-02  1.95968e-04  7.64384e-02  4.69632e-01
 2.85000e+01  1.96628e-01 -1.29624e-06  9.99526e-02 -6.59236e-06  7.63652e-02  4.69974e-01
 2.90000e+01  1.96162e-01 -4.09887e-05  9.99073e-02 -2.08953e-04  7.62922e-02  4.70315e-01
 2.95000e+01  1.95700e-01 -8.01868e-05  9.98621e-02 -4.09743e-04  7.62198e-02  4.70654e-01
 3.00000e+01  1.95244e-01 -1.18620e-04  9.98170e-02 -6.07551e-04  7.61481e-02  4.70991e-01
 3.05000e+01  1.94793e-01 -1.56019e-04  9.97724e-02 -8.00949e-04  7.60775e-02  4.71327e-01
 3.10000e+01  1.94348e-01 -1.92114e-04  9.97285e-02 -9.88504e-04  7.60081e-02  4.71662e-01
 3.15000e+01  1.93910e-01 -2.26643e-04  9.96856e-02 -1.16881e-03  7.59401e-02  4.71995e-01
 3.20000e+01  1.93479e-01 -2.59355e-04  9.96439e-02 -1.34048e-03  7.58740e-02  4.72326e-01
 3.25000e+01  1.93057e-01 -2.90012e-04  9.96035e-02 -1.50221e-03  7.58097e-02  4.72656e-01
 3.30000e+01  1.92644e-01 -3.18396e-04  9.95649e-02 -1.65277e-03  7.57477e-02  4.72985e-01
 3.35000e+01  1.92240e-01 -3.44307e-04  9.95282e-02 -1.79103e-03  7.56881e-02  4.73313e-01
 3.40000e+01  1.91845e-01 -3.67573e-04  9.94935e-02 -1.91599e-03  7.56311e-02  4.73639e-01
 3.45000e+01  1.91461e-01 -3.88049e-04  9.94611e-02 -2.02677e-03  7.55768e-02  4.73964e-01
 3.50000e+01  1.91088e-01 -4.05619e-04  9.94312e-02 -2.12268e-03  7.55254e-02  4.74287e-01
 3.55000e+01  1.90726e-01 -4.20202e-04  9.94038e-02 -2.20317e-03  7.54770e-02  4.74608e-01
 3.60000e+01  1.90375e-01 -4.31749e-04  9.93790e-02 -2.26788e-03  7.54318e-02  4.74928e-01
 3.65000e+01  1.90037e-01 -4.40244e-04  9.93569e-02 -2.31662e-03  7.53898e-02  4.75245e-01
 3.70000e+01  1.89710e-01 -4.45706e-04  9.93377e-02 -2.34940e-03  7.53510e-02  4.75559e-01
 3.75000e+01  1.89396e-01 -4.48188e-04  9.93212e-02 -2.36641e-03  7.53154e-02  4.75870e-01
 3.80000e+01  1.89095e-01 -4.47774e-04  9.93074e-02 -2.36798e-03  7.52830e-02  4.76178e-01
 3.85000e+01  1.88806e-01 -4.44575e-04  9.92963e-02 -2.35466e-03  7.52539e-02  4.76481e-01
 3.90000e+01  1.88531e-01 -4.38731e-04  9.92878e-02 -2.32710e-03  7.52278e-02  4.76780e-01
 3.95000e+01  1.88268e-01 -4.30402e-04  9.92818e-02 -2.28611e-03  7.52047e-02  4.77073e-01
 4.00000e+01  1.88019e-01 -4.19770e-04  9.92781e-02 -2.23259e-03  7.51845e-02  4.77361e-01
 4.05000e+01  1.87782e-01 -4.07028e-04  9.92766e-02 -2.16755e-03  7.51670e-02  4.77641e-01
 4.10000e+01  1.87559e-01 -3.92383e-04  9.92770e-02 -2.09205e-03  7.51520e-02  4.77913e-01
 4.15000e+01  1.87349e-01 -3.76044e-04  9.92793e-02 -2.00719e-03  7.51395e-02  4.78177e-01
 4.20000e+01  1.87151e-01 -3.58224e-04  9.92831e-02 -1.91409e-03  7.51291e-02  4.78432e-01
 4.25000e+01  1.86966e-01 -3.39131e-04  9.92882e-02 -1.81386e-03  7.51208e-02  4.78677e-01
 4.30000e+01  1.86794e-01 -3.18968e-04  9.92945e-02 -1.70759e-03  7.51142e-02  4.78910e-01
 4.35000e+01  1.86635e-01 -2.97926e-04  9.93016e-02 -1.59630e-03  7.51092e-02  4.79132e-01
 4.40000e+01  1.86488e-01 -2.76182e-04  9.93093e-02 -1.48096e-03  7.51055e-02  4.79341e-01
 4.45000e+01  1.86354e-01 -2.53897e-04  9.93174e-02 -1.36245e-03  7.51030e-02  4.79536e-01
 4.50000e+01  1.86231e-01 -2.31215e-04  9.93256e-02 -1.24155e-03  7.51015e-02  4.79718e-01
 4.55000e+01  1.86121e-01 -2.08259e-04  9.93338e-02 -1.11894e-03  7.51008e-02  4.79884e-01
 4.60000e+01  1.86023e-01 -1.85132e-04  9.93417e-02 -9.95210e-04  7.51006e-02  4.80035e-01
 4.65000e+01  1.85937e-01 -1.61916e-04  9.93491e-02 -8.70811e-04  7.51009e-02  4.80169e-01
 4.70000e+01  1.85862e-01 -1.38673e-04  9.93560e-02 -7.46106e-04  7.51015e-02  4.80287e-01
 4.75000e+01  1.85799e-01 -1.15446e-04  9.93620e-02 -6.21351e-04  7.51022e-02  4.80388e-01
 4.80000e+01  1.85748e-01 -9.22629e-05  9.93672e-02 -4.96711e-04  7.51029e-02  4.80470e-01
 4.85000e+01  1.85708e-01 -6.91329e-05  9.93713e-02 -3.72267e-04  7.51036e-02  4.80535e-01
 4.90000e+01  1.85679e-01 -4.60546e-05  9.93743e-02 -2.48033e-04  7.51041e-02  4.80582e-01
 4.95000e+01  1.85662e-01 -2.30164e-05  9.93761e-02 -1.23970e-04  7.51045e-02  4.80610e-01
 5.00000e+01  1.85656e-01 -6.27683e-15  9.93767e-02 -3.38088e-14  7.51046e-02  4.80619e-01
 5.05000e+01  1.85662e-01  2.30164e-05  9.93761e-02  1.23970e-04  7.51045e-02  4.80610e-01
 5.10000e+01  1.85679e-01  4.60546e-05  9.93743e-02  2.48033e-04  7.51041e-02  4.80582e-01
 5.15000e+01  1.85708e-01  6.91329e-05  9.93713e-02  3.72267e-04  7.51036e-02  4.80535e-01
 5.20000e+01  1.85748e-01  9.22629e-05  9.93672e-02  4.96711e-04  7.51029e-02  4.80470e-01
 5.25000e+01  1.85799e-01  1.15446e-04  9.93620e-02  6.21351e-04  7.51022e-02  4.80388e-01
 5.30000e+01  1.85862e-01  1.38673e-04  9.93560e-02  7.46106e-04  7.51015e-02  4.80287e-01
 5.35000e+01  1.85937e-01  1.61916e-04  9.93491e-02  8.70811e-04  7.51009e-02  4.80169e-01
 5.40000e+01  1.86023e-01  1.85132e-04  9.93417e-02  9.95210e-04  7.51006e-02  4.80035e-01
 5.45000e+01  1.86121e-01  2.08259e-04  9.93338e-02  1.11894e-03  7.51008e-02  4.79884e-01
 5.50000e+01  1.86231e-01  2.31215e-04  9.93256e-02  1.24155e-03  7.51015e-02  4.79718e-01
 5.55000e+01  1.86354e-01  2.53897e-04  9.93174e-02  1.36245e-03  7.51030e-02  4.79536e-01
 5.60000e+01  1.86488e-01  2.76182e-04  9.93093e-02  1.48096e-03  7.51055e-02  4.79341e-01
 5.65000e+01  1.86635e-01  2.97926e-04  9.93016e-02  1.59630e-03  7.51092e-02  4.79132e-01
 5.70000e+01  1.86794e-01  3.18968e-04  9.92945e-02  1.70759e-03  7.51142e-02  4.78910e-01
 5.75000e+01  1.86966e-01  3.39131e-04  9.92882e-02  1.81386e-03  7.51208e-02  4.78677e-01
 5.80000e+01  1.87151e-01  3.58224e-04  9.92831e-02  1.91409e-03  7.51291e-02  4.78432e-01
 5.85000e+01  1.87349e-01  3.76044e-04  9.92793e-02  2.00719e-03  7.51395e-02  4.78177e-01
 5.90000e+01  1.87559e-01  3.92383e-04  9.92770e-02  2.09205e-03  7.51520e-02  4.77913e-01
 5.95000e+01  1.87782e-01  4.07028e-04  9.92766e-02  2.16755e-03  7.51670e-02  4.77641e-01
 6.00000e+01  1.88019e-01  4.19770e-04  9.92781e-02  2.23259e-03  7.51845e-02  4.77361e-01
 6.05000e+01  1.88268e-01  4.30402e-04  9.92818e-02  2.28611e-03  7.52047e-02  4.77073e-01
 6.10000e+01  1.88531e-01  4.38731e-04  9.92878e-02  2.32710e-03  7.52278e-02  4.76780e-01
 6.15000e+01  1.88806e-01  4.44575e-04  9.92963e-02  2.35466e-03  7.52539e-02  4.76481e-01
 6.20000e+01  1.89095e-01  4.47774e-04  9.93074e-02  2.36798e-03  7.52830e-02  4.76178e-01
 6.25000e+01  1.89396e-01  4.48188e-04  9.93212e-02  2.36641e-03  7.53154e-02  4.75870e-01
 6.30000e+01  1.89710e-01  4.45706e-04  9.93377e-02  2.34940e-03  7.53510e-02  4.75559e-01
 6.35000e+01  1.90037e-01  4.40244e-04  9.93569e-02  2.31662e-03  7.53898e-02  4.75245e-01
 6.40000e+01  1.90375e-01  4.31749e-04  9.93790e-02  2.26788e-03  7.54318e-02  4.74928e-01
 6.45000e+01  1.90726e-01  4.20202e-04  9.94038e-02  2.20317e-03  7.54770e-02  4.74608e-01
 6.50000e+01  1.91088e-01  4.05619e-04  9.94312e-02  2.12268e-03  7.55254e-02  4.74287e-01
 6.55000e+01  1.91461e-01  3.88049e-04  9.94611e-02  2.02677e-03  7.55768e-02  4.73964e-01
 6.60000e+01  1.91845e-01  3.67573e-04  9.94935e-02  1.91599e-03  7.56311e-02  4.73639e-01
 6.65000e+01  1.92240e-01  3.44307e-04  9.95282e-02  1.79103e-03  7.56881e-02  4.73313e-01
 6.70000e+01  1.92644e-01  3.18396e-04  9.95649e-02  1.65277e-03  7.57477e-02  4.72985e-01
 6.75000e+01  1.93057e-01  2.90012e-04  9.96035e-02  1.50221e-03  7.58097e-02  4.72656e-01
 6.80000e+01  1.93479e-01  2.59355e-04  9.96439e-02  1.34048e-03  7.58740e-02  4.72326e-01
 6.85000e+01  1.93910e-01  2.26643e-04  9.96856e-02  1.16881e-03  7.59401e-02  4.71995e-01
 6.90000e+01  1.94348e-01  1.92114e-04  9.97285e-02  9.88504e-04  7.60081e-02  4.71662e-01
 6.95000e+01  1.94793e-01  1.56019e-04  9.97724e-02  8.00949e-04  7.60775e-02  4.71327e-01
 7.00000e+01  1.95244e-01  1.18620e-04  9.98170e-02  6.07551e-04  7.61481e-02  4.70991e-01
 7.05000e+01  1.95700e-01  8.01868e-05  9.98621e-02  4.09743e-04  7.62198e-02  4.70654e-01
 7.10000e+01  1.96162e-01  4.09887e-05  9.99073e-02  2.08953e-04  7.62922e-02  4.70315e-01
 7.15000e+01  1.96628e-01  1.29624e-06  9.99526e-02  6.59236e-06  7.63652e-02  4.69974e-01
 7.20000e+01  1.97098e-01 -3.86248e-05  9.99975e-02 -1.95968e-04  7.64384e-02  4.69632e-01
 7.25000e+01  1.97570e-01 -7.85159e-05  1.00042e-01 -3.97407e-04  7.65118e-02  4.69288e-01
 7.30000e+01  1.98045e-01 -1.18128e-04  1.00086e-01 -5.96470e-04  7.65849e-02  4.68942e-01
 7.35000e+01  1.98522e-01 -1.57225e-04  1.00129e-01 -7.91977e-04  7.66577e-02  4.68595e-01
 7.40000e+01  1.99000e-01 -1.95584e-04  1.00171e-01 -9.82832e-04  7.67299e-02  4.68246e-01
 7.45000e+01  1.99479e-01 -2.32998e-04  1.00211e-01 -1.16803e-03  7.68015e-02  4.67896e-01
 7.50000e+01  1.99957e-01 -2.69276e-04  1.00251e-01 -1.34667e-03  7.68721e-02  4.67545e-01
 7.55000e+01  2.00435e-01 -3.04245e-04  1.00288e-01 -1.51792e-03  7.69417e-02  4.67192e-01
 7.60000e+01  2.00912e-01 -3.37751e-04  1.00325e-01 -1.68109e-03  7.70101e-02  4.66839e-01
 7.65000e+01  2.01387e-01 -3.69656e-04  1.00359e-01 -1.83555e-03  7.70772e-02  4.66485e-01
 7.70000e+01  2.01859e-01 -3.99841e-04  1.00392e-01 -1.98079e-03  7.71430e-02  4.66131e-01
 7.75000e+01  2.02329e-01 -4.28204e-04  1.00423e-01 -2.11637e-03  7.72072e-02  4.65777e-01
 7.80000e+01  2.02796e-01 -4.54660e-04  1.00453e-01 -2.24196e-03  7.72699e-02  4.65423e-01
 7.85000e+01  2.03259e-01 -4.79142e-04  1.00480e-01 -2.35730e-03  7.73309e-02  4.65069e-01
 7.90000e+01  2.03717e-01 -5.01595e-04  1.00506e-01 -2.46221e-03  7.73903e-02  4.64717e-01
 7.95000e+01  2.04171e-01 -5.21983e-04  1.00529e-01 -2.55659e-03  7.74479e-02  4.64366e-01
 8.00000e+01  2.04620e-01 -5.40279e-04  1.00551e-01 -2.64040e-03  7.75038e-02  4.64016e-01
 8.05000e+01  2.05063e-01 -5.56470e-04  1.00571e-01 -2.71365e-03  7.75579e-02  4.63669e-01
 8.10000e+01  2.05501e-01 -5.70556e-04  1.00590e-01 -2.77642e-03  7.76102e-02  4.63324e-01
 8.15000e+01  2.05932e-01 -5.82544e-04  1.00606e-01 -2.82882e-03  7.76607e-02  4.62982e-01
 8.20000e+01  2.06356e-01 -5.92454e-04  1.00621e-01 -2.87103e-03  7.77094e-02  4.62643e-01
 8.25000e+01  2.06773e-01 -6.00310e-04  1.00634e-01 -2.90323e-03  7.77563e-02  4.62308e-01
 8.30000e+01  2.07182e-01 -6.06146e-04  1.00646e-01 -2.92566e-03  7.78014e-02  4.61977e-01
 8.35000e+01  2.07584e-01 -6.10000e-04  1.00656e-01 -2.93857e-03  7.78447e-02  4.61651e-01
 8.40000e+01  2.07978e-01 -6.11916e-04  1.00665e-01 -2.94222e-03  7.78862e-02  4.61330e-01
 8.45000e+01  2.08363e-01 -6.11945e-04  1.00672e-01 -2.93692e-03  7.79261e-02  4.61014e-01
 8.50000e+01  2.08739e-01 -6.10136e-04  1.00678e-01 -2.92297e-03  7.79642e-02  4.60704e-01
 8.55000e+01  2.09106e-01 -6.06547e-04  1.00683e-01 -2.90067e-03  7.80007e-02  4.60400e-01
 8.60000e+01  2.09463e-01 -6.01234e-04  1.00687e-01 -2.87036e-03  7.80355e-02  4.60103e-01
 8.65000e+01  2.09811e-01 -5.94256e-04  1.00690e-01 -2.83234e-03  7.80687e-02  4.59812e-01
 8.70000e+01  2.10149e-01 -5.85675e-04  1.00692e-01 -2.78696e-03  7.81003e-02  4.59529e-01
 8.75000e+01  2.10476e-01 -5.75552e-04  1.00693e-01 -2.73453e-03  7.81304e-02  4.59254e-01
 8.80000e+01  2.10792e-01 -5.63948e-04  1.00693e-01 -2.67537e-03  7.81590e-02  4.58986e-01
 8.85000e+01  2.11098e-01 -5.50927e-04  1.00692e-01 -2.60982e-03  7.81860e-02  4.58727e-01
 8.90000e+01  2.11393e-01 -5.36552e-04  1.00691e-01 -2.53817e-03  7.82117e-02  4.58477e-01
 8.95000e+01  2.11676e-01 -5.20883e-04  1.00689e-01 -2.46075e-03  7.82359e-02  4.58235e-01
 9.00000e+01  2.11948e-01 -5.03985e-04  1.00687e-01 -2.37787e-03  7.82588e-02  4.58003e-01
 9.05000e+01  2.12208e-01 -4.85918e-04  1.00685e-01 -2.28982e-03  7.82803e-02  4.57780e-01
 9.10000e+01  2.12456e-01 -4.66744e-04  1.00682e-01 -2.19690e-03  7.83006e-02  4.57568e-01
 9.15000e+01  2.12692e-01 -4.46524e-04  1.00679e-01 -2.09939e-03  7.83195e-02  4.57365e-01
 9.20000e+01  2.12915e-01 -4.25318e-04  1.00675e-01 -1.99760e-03  7.83372e-02  4.57172e-01
 9.25000e+01  2.13126e-01 -4.03187e-04  1.00672e-01 -1.89178e-03  7.83537e-02  4.56990e-01
 9.30000e+01  2.13324e-01 -3.80190e-04  1.00668e-01 -1.78222e-03  7.83690e-02  4.56819e-01
 9.35000e+01  2.13509e-01 -3.56387e-04  1.00665e-01 -1.66919e-03  7.83831e-02  4.56659e-01
 9.40000e+01  2.13680e-01 -3.31836e-04  1.00661e-01 -1.55296e-03  7.83961e-02  4.56510e-01
 9.45000e+01  2.13839e-01 -3.06596e-04  1.00658e-01 -1.43377e-03  7.84079e-02  4.56372e-01
 9.50000e+01  2.13985e-01 -2.80726e-04  1.00655e-01 -1.31190e-03  7.84187e-02  4.56245e-01
 9.55000e+01  2.14116e-01 -2.54282e-04  1.00652e-01 -1.18759e-03  7.84284e-02  4.56131e-01
 9.60000e+01  2.14235e-01 -2.27323e-04  1.00649e-01 -1.06109e-03  7.84370e-02  4.56028e-01
 9.65000e+01  2.14339e-01 -1.99907e-04  1.00646e-01 -9.32667e-04  7.84445e-02  4.55936e-01
 9.70000e+01  2.14430e-01 -1.72091e-04  1.00644e-01 -8.02551e-04  7.84511e-02  4.55857e-01
 9.75000e+01  2.14507e-01 -1.43932e-04  1.00642e-01 -6.70992e-04  7.84566e-02  4.55790e-01
 9.80000e+01  2.14570e-01 -1.15488e-04  1.00640e-01 -5.38231e-04  7.84610e-02  4.55735e-01
 9.85000e+01  2.14619e-01 -8.68159e-05  1.00639e-01 -4.04511e-04  7.84645e-02  4.55692e-01
 9.90000e+01  2.14654e-01 -5.79723e-05  1.00638e-01 -2.70073e-04  7.84670e-02  4.55661e-01
 9.95000e+01  2.14676e-01 -2.90147e-05  1.00637e-01 -1.35156e-04  7.84685e-02  4.55643e-01
